30
0 0 U -1
1 0 U -1
2 0 U -1
3 0 U -1
4 0 U -1
5 0 U -1
6 0 U -1
7 0 U -1
8 0 U -1
9 0 U -1
10 0 U -1
11 0 U -1
12 0 U -1
13 0 U -1
14 0 U -1
15 0 U -1
16 0 U -1
17 0 U -1
18 0 U -1
19 0 U -1
20 0 U -1
21 0 U -1
22 0 U -1
23 0 U -1
24 0 U -1
25 0 U -1
26 0 U -1
27 0 U -1
28 0 U -1
29 0 U -1
30
0 1 L -1
1 1 U -1
2 0 L -1
3 1 U 1
4 0 L -1
5 0 U 0
6 1 L 4
7 0 U 5
8 1 U 4
9 1 L -1
10 1 U -1
11 0 L 5
12 0 U -1
13 1 U 6
14 1 U 0
15 0 L 8
16 0 U 4
17 1 U 7
18 0 U -1
19 0 U 16
20 0 U 4
21 1 U 5
22 1 L 9
23 1 L 9
24 0 U 12
25 0 U 12
26 0 L 22
27 1 L -1
28 1 U 2
29 1 U 18
30
0 1 U -1
1 0 U -1
2 0 L -1
3 1 U 1
4 0 L -1
5 0 U 0
6 0 L 4
7 0 U 3
8 1 U 5
9 1 L -1
10 1 U -1
11 1 L 7
12 0 U -1
13 0 U 0
14 1 U -1
15 1 L 8
16 0 U 4
17 1 U 16
18 0 U -1
19 0 U 16
20 0 U 5
21 1 U 7
22 1 L 0
23 1 L 4
24 1 U 12
25 1 U 0
26 0 L 23
27 0 L -1
28 0 U 5
29 0 U 18
30
0 1 L -1
1 0 U -1
2 0 L -1
3 1 U 1
4 0 L -1
5 0 U 0
6 0 L 4
7 0 U 3
8 1 U 3
9 1 L -1
10 1 U -1
11 1 L 7
12 0 U -1
13 0 U 0
14 1 U -1
15 1 L 8
16 0 U 4
17 1 U 16
18 1 U -1
19 0 U 9
20 0 U 3
21 1 U 11
22 1 L 4
23 1 L 4
24 0 U 12
25 0 U 15
26 0 L 22
27 0 L -1
28 0 U 25
29 0 U 1
30
0 1 U -1
1 0 U -1
2 0 L -1
3 1 U 1
4 0 L -1
5 0 U 0
6 0 L 4
7 0 U 3
8 1 U 3
9 1 L -1
10 1 U -1
11 1 L 7
12 0 U -1
13 0 U 12
14 1 U -1
15 1 L 8
16 0 U 3
17 1 U 16
18 1 U -1
19 0 U 9
20 0 U 3
21 1 U 20
22 0 L 4
23 1 L 4
24 1 U 12
25 1 U 0
26 0 L 23
27 0 L -1
28 0 U 24
29 1 U 1
30
0 1 U -1
1 0 U -1
2 0 L -1
3 1 U 1
4 0 L -1
5 0 U 1
6 0 L 4
7 0 U 4
8 1 U 5
9 1 L -1
10 1 U -1
11 1 L 7
12 0 U -1
13 1 U 12
14 1 U -1
15 1 L 8
16 0 U 5
17 1 U 16
18 1 U -1
19 0 U 7
20 0 U 3
21 1 U 16
22 1 L 0
23 1 L 9
24 1 U 12
25 1 U 12
26 1 L 23
27 1 L -1
28 0 U 25
29 1 U 0
30
0 1 U -1
1 0 U -1
2 0 L -1
3 1 U 1
4 0 L -1
5 0 U 0
6 0 L 4
7 0 U 3
8 1 U 4
9 1 L -1
10 1 U -1
11 1 L 7
12 0 U -1
13 0 U 2
14 1 U -1
15 1 L 8
16 0 U 4
17 1 U 16
18 0 U -1
19 0 U 9
20 0 U 5
21 1 U 7
22 1 L 4
23 1 L 9
24 1 U 0
25 0 U 0
26 1 L 23
27 1 L -1
28 0 U 4
29 1 U 15
30
0 1 L -1
1 0 U -1
2 0 L -1
3 1 U 1
4 0 L -1
5 0 U 0
6 0 L 4
7 0 U 5
8 1 U 4
9 1 L -1
10 1 U -1
11 1 L 7
12 0 U -1
13 0 U 0
14 1 U -1
15 1 L 8
16 0 U 5
17 1 U 16
18 1 U -1
19 0 U 16
20 1 U 3
21 1 U 20
22 0 L 9
23 0 L 9
24 0 U 0
25 0 U 15
26 0 L 23
27 1 L -1
28 1 U 13
29 1 U 18
30
0 1 U -1
1 0 U -1
2 0 L -1
3 1 U 1
4 0 L -1
5 0 U 0
6 0 L 4
7 0 U 5
8 1 U 3
9 1 L -1
10 1 U -1
11 1 L 7
12 0 U -1
13 1 U 0
14 1 U 11
15 1 L 8
16 0 U 3
17 1 U 16
18 0 U -1
19 0 U 9
20 0 U 3
21 1 U 5
22 1 L 4
23 1 L 9
24 0 U 12
25 0 U 0
26 0 L 23
27 1 L -1
28 1 U 2
29 0 U 1
30
0 1 U -1
1 0 U -1
2 0 L -1
3 1 U 1
4 0 L -1
5 1 U 1
6 0 L 4
7 0 U 4
8 1 U 4
9 1 L -1
10 0 U -1
11 1 L 7
12 0 U -1
13 0 U 5
14 1 U 11
15 1 L 8
16 0 U 4
17 1 U 7
18 1 U -1
19 0 U 9
20 0 U 4
21 1 U 13
22 1 L 4
23 1 L 4
24 1 U 12
25 0 U 15
26 0 L 23
27 0 L -1
28 1 U 2
29 1 U 1
30
0 1 U -1
1 0 U -1
2 0 L -1
3 1 U 1
4 0 L -1
5 0 U 0
6 0 L 4
7 0 U 3
8 1 U 5
9 1 L -1
10 1 U -1
11 0 L 7
12 0 U -1
13 1 U 12
14 1 U -1
15 1 L 8
16 0 U 5
17 1 U 7
18 0 U -1
19 0 U 16
20 0 U 4
21 1 U 5
22 0 L 4
23 1 L 9
24 0 U 12
25 0 U 12
26 1 L 23
27 1 L -1
28 1 U 13
29 1 U 1
30
0 1 U -1
1 0 U -1
2 0 L -1
3 1 U 1
4 0 L -1
5 0 U 0
6 0 L 4
7 0 U 5
8 1 U 3
9 1 L -1
10 1 U -1
11 0 L 7
12 0 U -1
13 1 U 8
14 1 U -1
15 1 L 8
16 0 U 3
17 1 U 16
18 1 U -1
19 0 U 9
20 0 U 3
21 1 U 12
22 1 L 4
23 1 L 4
24 0 U 0
25 1 U 0
26 0 L 23
27 0 L -1
28 0 U 21
29 0 U 1
30
0 1 U -1
1 0 U -1
2 0 L -1
3 1 U 1
4 0 L -1
5 0 U 1
6 0 L 4
7 0 U 3
8 1 U 3
9 1 L -1
10 1 U -1
11 0 L 7
12 0 U -1
13 0 U 8
14 1 U -1
15 1 L 8
16 0 U 3
17 1 U 9
18 1 U -1
19 0 U 9
20 0 U 3
21 1 U 12
22 1 L 4
23 1 L 4
24 0 U 0
25 0 U 12
26 0 L 22
27 0 L -1
28 0 U 4
29 0 U 15
30
0 1 L -1
1 0 U -1
2 1 L 0
3 1 U 1
4 0 L -1
5 0 U 0
6 0 L 4
7 0 U 3
8 1 U 3
9 1 L -1
10 1 U -1
11 0 L 7
12 0 U -1
13 1 U 8
14 1 U -1
15 1 L 8
16 0 U 3
17 1 U 16
18 1 U -1
19 0 U 7
20 0 U 5
21 1 U 12
22 0 L 9
23 1 L 9
24 0 U 12
25 0 U 15
26 1 L 23
27 1 L -1
28 0 U 24
29 0 U 1
30
0 1 L -1
1 0 U -1
2 1 L 0
3 1 U 1
4 0 L -1
5 0 U 0
6 0 L 4
7 0 U 3
8 1 U 3
9 1 L -1
10 1 U -1
11 0 L 7
12 0 U -1
13 0 U 8
14 1 U -1
15 1 L 8
16 0 U 5
17 1 U 16
18 1 U -1
19 0 U 16
20 0 U 3
21 1 U 12
22 0 L 4
23 1 L 9
24 0 U 15
25 0 U 15
26 1 L 23
27 1 L -1
28 0 U 25
29 0 U 1
30
0 1 U -1
1 0 U -1
2 1 L 0
3 1 U 1
4 0 L -1
5 0 U 0
6 0 L 4
7 0 U 3
8 1 U 3
9 1 L -1
10 1 U -1
11 0 L 7
12 0 U -1
13 1 U 8
14 1 U -1
15 1 L 8
16 0 U 3
17 1 U 16
18 1 U -1
19 0 U 16
20 0 U 3
21 1 U 12
22 0 L 9
23 0 L 9
24 0 U 12
25 0 U 0
26 1 L 23
27 1 L -1
28 0 U 5
29 0 U 12
30
0 1 U -1
1 0 U -1
2 1 L 0
3 1 U 1
4 0 L -1
5 0 U 0
6 0 L 4
7 0 U 3
8 1 U 3
9 1 L -1
10 1 U -1
11 0 L 7
12 0 U -1
13 1 U 8
14 1 U -1
15 1 L 8
16 0 U 3
17 1 U 16
18 0 U -1
19 0 U 7
20 0 U 5
21 1 U 12
22 0 L 9
23 1 L 9
24 0 U 12
25 0 U 0
26 1 L 23
27 1 L -1
28 0 U 3
29 0 U 15
30
0 1 L -1
1 0 U -1
2 1 L 0
3 1 U 1
4 0 L -1
5 0 U 0
6 0 L 4
7 0 U 3
8 1 U 5
9 1 L -1
10 1 U -1
11 0 L 7
12 0 U -1
13 1 U 8
14 1 U -1
15 1 L 8
16 0 U 3
17 1 U 16
18 0 U -1
19 0 U 16
20 0 U 3
21 1 U 12
22 0 L 9
23 0 L 9
24 0 U 15
25 0 U 0
26 1 L 23
27 1 L -1
28 0 U 24
29 0 U 0
30
0 1 L -1
1 0 U -1
2 1 L 0
3 1 U 1
4 0 L -1
5 0 U 0
6 0 L 4
7 0 U 3
8 1 U 5
9 1 L -1
10 1 U -1
11 0 L 7
12 0 U -1
13 1 U 8
14 1 U -1
15 1 L 8
16 0 U 5
17 1 U 16
18 1 U -1
19 0 U 16
20 0 U 5
21 1 U 0
22 0 L 4
23 0 L 9
24 0 U 0
25 0 U 12
26 1 L 23
27 1 L -1
28 0 U 5
29 0 U 18
30
0 1 U -1
1 0 U -1
2 1 L 0
3 1 U 1
4 0 L -1
5 0 U 0
6 0 L 4
7 0 U 3
8 1 U 5
9 1 L -1
10 1 U -1
11 0 L 7
12 0 U -1
13 1 U 8
14 1 U -1
15 1 L 8
16 0 U 3
17 1 U 16
18 1 U -1
19 0 U 16
20 0 U 5
21 1 U 12
22 0 L 4
23 1 L 9
24 0 U 15
25 0 U 15
26 1 L 23
27 1 L -1
28 0 U 5
29 1 U 2
30
0 1 L -1
1 0 U -1
2 1 L 0
3 1 U 1
4 0 L -1
5 0 U 0
6 0 L 4
7 0 U 3
8 1 U 3
9 1 L -1
10 1 U -1
11 0 L 7
12 0 U -1
13 0 U 8
14 1 U -1
15 1 L 8
16 0 U 5
17 1 U 16
18 0 U -1
19 0 U 7
20 0 U 5
21 1 U 12
22 0 L 9
23 1 L 9
24 0 U 12
25 0 U 0
26 1 L 23
27 1 L -1
28 0 U 21
29 0 U 0
30
0 1 U -1
1 0 U -1
2 1 L 0
3 1 U 1
4 0 L -1
5 0 U 0
6 0 L 4
7 0 U 3
8 1 U 5
9 1 L -1
10 1 U -1
11 0 L 7
12 0 U -1
13 1 U 8
14 1 U -1
15 1 L 8
16 0 U 5
17 1 U 16
18 0 U -1
19 0 U 16
20 0 U 5
21 1 U 12
22 0 L 9
23 0 L 9
24 0 U 0
25 0 U 15
26 1 L 23
27 1 L -1
28 0 U 5
29 1 U 2
30
0 1 L -1
1 0 U -1
2 1 L 0
3 1 U 1
4 0 L -1
5 0 U 0
6 0 L 4
7 0 U 3
8 1 U 3
9 1 L -1
10 1 U -1
11 0 L 7
12 0 U -1
13 1 U 8
14 1 U -1
15 1 L 8
16 0 U 3
17 1 U 16
18 0 U -1
19 0 U 16
20 0 U 5
21 1 U 12
22 0 L 4
23 0 L 9
24 0 U 15
25 0 U 12
26 1 L 23
27 1 L -1
28 0 U 25
29 0 U 12
30
0 1 U -1
1 0 U -1
2 1 L 0
3 1 U 1
4 0 L -1
5 0 U 0
6 0 L 4
7 0 U 3
8 1 U 3
9 1 L -1
10 1 U -1
11 0 L 7
12 0 U -1
13 1 U 8
14 1 U -1
15 1 L 8
16 0 U 3
17 1 U 16
18 1 U -1
19 0 U 16
20 0 U 5
21 1 U 12
22 0 L 9
23 1 L 9
24 0 U 12
25 0 U 0
26 1 L 23
27 1 L -1
28 0 U 25
29 0 U 12
30
0 1 U -1
1 0 U -1
2 1 L 0
3 1 U 1
4 0 L -1
5 0 U 0
6 0 L 4
7 0 U 3
8 1 U 3
9 1 L -1
10 1 U -1
11 0 L 7
12 0 U -1
13 0 U 8
14 1 U -1
15 1 L 8
16 0 U 3
17 1 U 16
18 0 U -1
19 0 U 16
20 0 U 5
21 1 U 12
22 0 L 9
23 1 L 9
24 0 U 0
25 0 U 0
26 1 L 23
27 1 L -1
28 0 U 21
29 1 U 1
30
0 1 L -1
1 0 U -1
2 1 L 0
3 1 U 1
4 0 L -1
5 0 U 0
6 0 L 4
7 0 U 3
8 1 U 3
9 1 L -1
10 1 U -1
11 0 L 7
12 0 U -1
13 0 U 8
14 1 U -1
15 1 L 8
16 0 U 3
17 1 U 16
18 1 U -1
19 0 U 7
20 0 U 5
21 1 U 12
22 0 L 9
23 1 L 9
24 0 U 0
25 0 U 0
26 1 L 23
27 1 L -1
28 0 U 3
29 0 U 12
30
0 1 L -1
1 0 U -1
2 1 L 0
3 1 U 1
4 0 L -1
5 0 U 0
6 0 L 4
7 0 U 3
8 1 U 5
9 1 L -1
10 1 U -1
11 0 L 7
12 0 U -1
13 1 U 8
14 1 U -1
15 1 L 8
16 0 U 5
17 1 U 16
18 1 U -1
19 0 U 16
20 0 U 5
21 1 U 0
22 0 L 9
23 0 L 9
24 0 U 0
25 0 U 12
26 1 L 23
27 1 L -1
28 0 U 24
29 0 U 12
30
0 1 U -1
1 0 U -1
2 1 L 0
3 1 U 1
4 0 L -1
5 0 U 0
6 0 L 4
7 0 U 3
8 1 U 3
9 1 L -1
10 1 U -1
11 0 L 7
12 0 U -1
13 0 U 8
14 1 U -1
15 1 L 8
16 0 U 3
17 1 U 16
18 0 U -1
19 0 U 7
20 0 U 5
21 1 U 12
22 0 L 9
23 0 L 9
24 0 U 15
25 0 U 12
26 1 L 23
27 1 L -1
28 0 U 5
29 0 U 18
30
0 1 L -1
1 0 U -1
2 1 L 0
3 1 U 1
4 0 L -1
5 0 U 0
6 0 L 4
7 0 U 3
8 1 U 3
9 1 L -1
10 1 U -1
11 0 L 7
12 0 U -1
13 0 U 8
14 1 U -1
15 1 L 8
16 0 U 3
17 1 U 16
18 0 U -1
19 0 U 16
20 0 U 3
21 1 U 12
22 1 L 9
23 0 L 9
24 0 U 0
25 0 U 15
26 1 L 23
27 1 L -1
28 0 U 5
29 1 U 0
30
0 1 L -1
1 0 U -1
2 1 L 0
3 1 U 1
4 0 L -1
5 0 U 0
6 0 L 4
7 0 U 3
8 1 U 5
9 1 L -1
10 1 U -1
11 0 L 7
12 0 U -1
13 1 U 8
14 1 U -1
15 1 L 8
16 0 U 3
17 1 U 16
18 0 U -1
19 0 U 7
20 0 U 5
21 1 U 0
22 0 L 4
23 0 L 9
24 0 U 12
25 0 U 12
26 1 L 23
27 1 L -1
28 0 U 3
29 0 U 15
30
0 1 U -1
1 0 U -1
2 1 L 0
3 1 U 1
4 0 L -1
5 0 U 0
6 0 L 4
7 0 U 3
8 1 U 3
9 1 L -1
10 1 U -1
11 0 L 7
12 0 U -1
13 1 U 8
14 1 U -1
15 1 L 8
16 0 U 5
17 1 U 16
18 0 U -1
19 0 U 7
20 0 U 3
21 1 U 0
22 1 L 9
23 0 L 9
24 0 U 12
25 0 U 0
26 1 L 23
27 1 L -1
28 0 U 3
29 0 U 1
30
0 1 U -1
1 0 U -1
2 1 L 0
3 1 U 1
4 0 L -1
5 0 U 0
6 0 L 4
7 0 U 3
8 1 U 5
9 1 L -1
10 1 U -1
11 0 L 7
12 0 U -1
13 1 U 8
14 1 U -1
15 1 L 8
16 0 U 5
17 1 U 16
18 1 U -1
19 0 U 16
20 0 U 3
21 1 U 12
22 0 L 9
23 1 L 9
24 0 U 0
25 0 U 0
26 1 L 23
27 1 L -1
28 0 U 21
29 0 U 18
30
0 1 U -1
1 0 U -1
2 1 L 0
3 1 U 1
4 0 L -1
5 0 U 0
6 0 L 4
7 0 U 3
8 1 U 3
9 1 L -1
10 1 U -1
11 0 L 7
12 0 U -1
13 1 U 8
14 1 U -1
15 1 L 8
16 0 U 5
17 1 U 16
18 0 U -1
19 0 U 16
20 0 U 5
21 1 U 12
22 0 L 4
23 0 L 9
24 0 U 12
25 0 U 15
26 1 L 23
27 1 L -1
28 0 U 4
29 0 U 1
30
0 1 U -1
1 0 U -1
2 1 L 0
3 1 U 1
4 0 L -1
5 0 U 0
6 0 L 4
7 0 U 3
8 1 U 3
9 1 L -1
10 1 U -1
11 0 L 7
12 0 U -1
13 0 U 8
14 1 U -1
15 1 L 8
16 0 U 5
17 1 U 16
18 1 U -1
19 0 U 16
20 0 U 5
21 1 U 12
22 0 L 9
23 1 L 9
24 0 U 12
25 0 U 0
26 1 L 23
27 1 L -1
28 0 U 4
29 0 U 15
30
0 1 U -1
1 0 U -1
2 1 L 0
3 1 U 1
4 0 L -1
5 0 U 0
6 0 L 4
7 0 U 3
8 1 U 3
9 1 L -1
10 1 U -1
11 0 L 7
12 0 U -1
13 0 U 8
14 1 U -1
15 1 L 8
16 0 U 3
17 1 U 16
18 0 U -1
19 0 U 16
20 0 U 5
21 1 U 12
22 0 L 9
23 1 L 9
24 0 U 12
25 0 U 15
26 1 L 23
27 1 L -1
28 0 U 24
29 0 U 12
30
0 1 L -1
1 0 U -1
2 1 L 0
3 1 U 1
4 0 L -1
5 0 U 0
6 0 L 4
7 0 U 3
8 1 U 5
9 1 L -1
10 1 U -1
11 0 L 7
12 0 U -1
13 1 U 8
14 1 U -1
15 1 L 8
16 0 U 5
17 1 U 16
18 0 U -1
19 0 U 16
20 0 U 3
21 1 U 12
22 1 L 9
23 0 L 9
24 0 U 12
25 0 U 15
26 1 L 23
27 1 L -1
28 0 U 25
29 0 U 0
30
0 1 L -1
1 0 U -1
2 1 L 0
3 1 U 1
4 0 L -1
5 0 U 0
6 0 L 4
7 0 U 3
8 1 U 3
9 1 L -1
10 1 U -1
11 0 L 7
12 0 U -1
13 0 U 8
14 1 U -1
15 1 L 8
16 0 U 5
17 1 U 16
18 1 U -1
19 0 U 16
20 0 U 3
21 1 U 0
22 0 L 9
23 0 L 9
24 0 U 15
25 0 U 15
26 1 L 23
27 1 L -1
28 0 U 25
29 0 U 12
30
0 1 U -1
1 0 U -1
2 1 L 0
3 1 U 1
4 0 L -1
5 0 U 0
6 0 L 4
7 0 U 3
8 1 U 3
9 1 L -1
10 1 U -1
11 0 L 7
12 0 U -1
13 0 U 8
14 1 U -1
15 1 L 8
16 0 U 5
17 1 U 16
18 1 U -1
19 0 U 16
20 0 U 5
21 1 U 0
22 0 L 9
23 1 L 9
24 0 U 0
25 0 U 15
26 1 L 23
27 1 L -1
28 0 U 24
29 0 U 1
30
0 1 L -1
1 0 U -1
2 1 L 0
3 1 U 1
4 0 L -1
5 0 U 0
6 0 L 4
7 0 U 3
8 1 U 3
9 1 L -1
10 1 U -1
11 0 L 7
12 0 U -1
13 0 U 8
14 1 U -1
15 1 L 8
16 0 U 5
17 1 U 16
18 0 U -1
19 0 U 16
20 0 U 3
21 1 U 0
22 0 L 9
23 0 L 9
24 0 U 15
25 0 U 15
26 1 L 23
27 1 L -1
28 0 U 3
29 0 U 1
30
0 1 L -1
1 0 U -1
2 1 L 0
3 1 U 1
4 0 L -1
5 0 U 0
6 0 L 4
7 0 U 3
8 1 U 3
9 1 L -1
10 1 U -1
11 0 L 7
12 0 U -1
13 0 U 8
14 1 U -1
15 1 L 8
16 0 U 3
17 1 U 16
18 0 U -1
19 0 U 16
20 0 U 3
21 1 U 12
22 0 L 4
23 1 L 9
24 0 U 15
25 0 U 0
26 1 L 23
27 1 L -1
28 0 U 5
29 0 U 0
30
0 1 U -1
1 0 U -1
2 1 L 0
3 1 U 1
4 0 L -1
5 0 U 0
6 0 L 4
7 0 U 3
8 1 U 3
9 1 L -1
10 1 U -1
11 0 L 7
12 0 U -1
13 0 U 8
14 1 U -1
15 1 L 8
16 0 U 5
17 1 U 16
18 1 U -1
19 0 U 16
20 0 U 5
21 1 U 0
22 0 L 9
23 1 L 9
24 0 U 15
25 0 U 15
26 1 L 23
27 1 L -1
28 0 U 5
29 0 U 15
30
0 1 L -1
1 0 U -1
2 1 L 0
3 1 U 1
4 0 L -1
5 0 U 0
6 0 L 4
7 0 U 3
8 1 U 3
9 1 L -1
10 1 U -1
11 0 L 7
12 0 U -1
13 1 U 8
14 1 U -1
15 1 L 8
16 0 U 5
17 1 U 16
18 0 U -1
19 0 U 7
20 0 U 3
21 1 U 12
22 0 L 9
23 1 L 9
24 0 U 12
25 0 U 0
26 1 L 23
27 1 L -1
28 0 U 3
29 0 U 12
30
0 1 L -1
1 0 U -1
2 1 L 0
3 1 U 1
4 0 L -1
5 0 U 0
6 0 L 4
7 0 U 3
8 1 U 5
9 1 L -1
10 1 U -1
11 0 L 7
12 0 U -1
13 1 U 8
14 1 U -1
15 1 L 8
16 0 U 5
17 1 U 16
18 1 U -1
19 0 U 16
20 0 U 5
21 1 U 12
22 0 L 9
23 0 L 9
24 0 U 0
25 0 U 12
26 1 L 23
27 1 L -1
28 0 U 25
29 0 U 15
30
0 1 U -1
1 0 U -1
2 1 L 0
3 1 U 1
4 0 L -1
5 0 U 0
6 0 L 4
7 0 U 3
8 1 U 3
9 1 L -1
10 1 U -1
11 0 L 7
12 0 U -1
13 0 U 8
14 1 U -1
15 1 L 8
16 0 U 5
17 1 U 16
18 0 U -1
19 0 U 7
20 0 U 3
21 1 U 12
22 1 L 9
23 0 L 9
24 0 U 12
25 0 U 15
26 1 L 23
27 1 L -1
28 0 U 21
29 0 U 1
30
0 1 U -1
1 0 U -1
2 1 L 0
3 1 U 1
4 0 L -1
5 0 U 0
6 0 L 4
7 0 U 3
8 1 U 3
9 1 L -1
10 1 U -1
11 0 L 7
12 0 U -1
13 1 U 8
14 1 U -1
15 1 L 8
16 0 U 3
17 1 U 16
18 0 U -1
19 0 U 16
20 0 U 3
21 1 U 12
22 0 L 9
23 1 L 9
24 0 U 15
25 0 U 15
26 1 L 23
27 1 L -1
28 0 U 21
29 0 U 15
30
0 1 L -1
1 0 U -1
2 1 L 0
3 1 U 1
4 0 L -1
5 0 U 0
6 0 L 4
7 0 U 3
8 1 U 5
9 1 L -1
10 1 U -1
11 0 L 7
12 0 U -1
13 1 U 8
14 1 U -1
15 1 L 8
16 0 U 5
17 1 U 16
18 1 U -1
19 0 U 7
20 0 U 3
21 1 U 12
22 0 L 9
23 0 L 9
24 0 U 15
25 0 U 0
26 1 L 23
27 1 L -1
28 0 U 25
29 0 U 15
30
0 1 L -1
1 0 U -1
2 1 L 0
3 1 U 1
4 0 L -1
5 0 U 0
6 0 L 4
7 0 U 3
8 1 U 3
9 1 L -1
10 1 U -1
11 0 L 7
12 0 U -1
13 1 U 8
14 1 U -1
15 1 L 8
16 0 U 3
17 1 U 16
18 0 U -1
19 0 U 16
20 0 U 5
21 1 U 0
22 0 L 4
23 1 L 9
24 0 U 15
25 0 U 0
26 1 L 23
27 1 L -1
28 0 U 21
29 0 U 12
30
0 1 U -1
1 0 U -1
2 1 L 0
3 1 U 1
4 0 L -1
5 0 U 0
6 0 L 4
7 0 U 3
8 1 U 5
9 1 L -1
10 1 U -1
11 0 L 7
12 0 U -1
13 1 U 8
14 1 U -1
15 1 L 8
16 0 U 5
17 1 U 16
18 1 U -1
19 0 U 7
20 0 U 3
21 1 U 12
22 0 L 9
23 0 L 9
24 0 U 12
25 0 U 12
26 1 L 23
27 1 L -1
28 0 U 3
29 0 U 0
30
0 1 U -1
1 0 U -1
2 1 L 0
3 1 U 1
4 0 L -1
5 0 U 0
6 0 L 4
7 0 U 3
8 1 U 3
9 1 L -1
10 1 U -1
11 0 L 7
12 0 U -1
13 0 U 8
14 1 U -1
15 1 L 8
16 0 U 3
17 1 U 16
18 1 U -1
19 0 U 7
20 0 U 5
21 1 U 12
22 0 L 9
23 1 L 9
24 0 U 0
25 0 U 0
26 1 L 23
27 1 L -1
28 0 U 25
29 0 U 0
30
0 1 U -1
1 0 U -1
2 1 L 0
3 1 U 1
4 0 L -1
5 0 U 0
6 0 L 4
7 0 U 3
8 1 U 3
9 1 L -1
10 1 U -1
11 0 L 7
12 0 U -1
13 1 U 8
14 1 U -1
15 1 L 8
16 0 U 5
17 1 U 16
18 1 U -1
19 0 U 16
20 0 U 3
21 1 U 12
22 0 L 4
23 0 L 9
24 0 U 12
25 0 U 0
26 1 L 23
27 1 L -1
28 0 U 5
29 0 U 18
30
0 1 U -1
1 0 U -1
2 1 L 0
3 1 U 1
4 0 L -1
5 0 U 0
6 0 L 4
7 0 U 3
8 1 U 3
9 1 L -1
10 1 U -1
11 0 L 7
12 0 U -1
13 1 U 8
14 1 U -1
15 1 L 8
16 0 U 5
17 1 U 16
18 0 U -1
19 0 U 16
20 0 U 3
21 1 U 12
22 0 L 9
23 0 L 9
24 0 U 15
25 0 U 15
26 1 L 23
27 1 L -1
28 0 U 21
29 0 U 18
30
0 1 L -1
1 0 U -1
2 1 L 0
3 1 U 1
4 0 L -1
5 0 U 0
6 0 L 4
7 0 U 3
8 1 U 3
9 1 L -1
10 1 U -1
11 0 L 7
12 0 U -1
13 0 U 8
14 1 U -1
15 1 L 8
16 0 U 3
17 1 U 16
18 0 U -1
19 0 U 7
20 0 U 3
21 1 U 12
22 1 L 9
23 0 L 9
24 0 U 15
25 0 U 15
26 1 L 23
27 1 L -1
28 0 U 5
29 0 U 12
30
0 1 L -1
1 0 U -1
2 1 L 0
3 1 U 1
4 0 L -1
5 0 U 0
6 0 L 4
7 0 U 3
8 1 U 3
9 1 L -1
10 1 U -1
11 0 L 7
12 0 U -1
13 0 U 8
14 1 U -1
15 1 L 8
16 0 U 5
17 1 U 16
18 1 U -1
19 0 U 7
20 0 U 3
21 1 U 12
22 0 L 4
23 0 L 9
24 0 U 12
25 0 U 15
26 1 L 23
27 1 L -1
28 0 U 5
29 0 U 15
30
0 1 U -1
1 0 U -1
2 1 L 0
3 1 U 1
4 0 L -1
5 0 U 0
6 0 L 4
7 0 U 3
8 1 U 5
9 1 L -1
10 1 U -1
11 0 L 7
12 0 U -1
13 0 U 8
14 1 U -1
15 1 L 8
16 0 U 5
17 1 U 16
18 1 U -1
19 0 U 7
20 0 U 3
21 1 U 0
22 0 L 9
23 1 L 9
24 0 U 15
25 0 U 12
26 1 L 23
27 1 L -1
28 0 U 21
29 0 U 18
30
0 1 L -1
1 0 U -1
2 1 L 0
3 1 U 1
4 0 L -1
5 0 U 0
6 0 L 4
7 0 U 3
8 1 U 5
9 1 L -1
10 1 U -1
11 0 L 7
12 0 U -1
13 1 U 8
14 1 U -1
15 1 L 8
16 0 U 5
17 1 U 16
18 1 U -1
19 0 U 7
20 0 U 3
21 1 U 0
22 1 L 9
23 0 L 9
24 0 U 12
25 0 U 0
26 1 L 23
27 1 L -1
28 0 U 25
29 0 U 12
30
0 1 L -1
1 0 U -1
2 1 L 0
3 1 U 1
4 0 L -1
5 0 U 0
6 0 L 4
7 0 U 3
8 1 U 5
9 1 L -1
10 1 U -1
11 0 L 7
12 0 U -1
13 0 U 8
14 1 U -1
15 1 L 8
16 0 U 3
17 1 U 16
18 1 U -1
19 0 U 7
20 0 U 3
21 1 U 0
22 0 L 4
23 1 L 9
24 0 U 12
25 0 U 0
26 1 L 23
27 1 L -1
28 0 U 5
29 0 U 12
30
0 1 L -1
1 0 U -1
2 1 L 0
3 1 U 1
4 0 L -1
5 0 U 0
6 0 L 4
7 0 U 3
8 1 U 5
9 1 L -1
10 1 U -1
11 0 L 7
12 0 U -1
13 1 U 8
14 1 U -1
15 1 L 8
16 0 U 5
17 1 U 16
18 1 U -1
19 0 U 7
20 0 U 5
21 1 U 0
22 0 L 4
23 0 L 9
24 0 U 15
25 0 U 0
26 1 L 23
27 1 L -1
28 0 U 5
29 0 U 18
30
0 1 U -1
1 0 U -1
2 1 L 0
3 1 U 1
4 0 L -1
5 0 U 0
6 0 L 4
7 0 U 3
8 1 U 5
9 1 L -1
10 1 U -1
11 0 L 7
12 0 U -1
13 0 U 8
14 1 U -1
15 1 L 8
16 0 U 5
17 1 U 16
18 0 U -1
19 0 U 7
20 0 U 3
21 1 U 0
22 0 L 9
23 0 L 9
24 0 U 15
25 0 U 15
26 1 L 23
27 1 L -1
28 0 U 3
29 0 U 1
30
0 1 U -1
1 0 U -1
2 1 L 0
3 1 U 1
4 0 L -1
5 0 U 0
6 0 L 4
7 0 U 3
8 1 U 5
9 1 L -1
10 1 U -1
11 0 L 7
12 0 U -1
13 1 U 8
14 1 U -1
15 1 L 8
16 0 U 5
17 1 U 16
18 0 U -1
19 0 U 16
20 0 U 3
21 1 U 12
22 0 L 9
23 0 L 9
24 0 U 12
25 0 U 15
26 1 L 23
27 1 L -1
28 0 U 24
29 0 U 12
30
0 1 U -1
1 0 U -1
2 1 L 0
3 1 U 1
4 0 L -1
5 0 U 0
6 0 L 4
7 0 U 3
8 1 U 5
9 1 L -1
10 1 U -1
11 0 L 7
12 0 U -1
13 0 U 8
14 1 U -1
15 1 L 8
16 0 U 5
17 1 U 16
18 0 U -1
19 0 U 16
20 0 U 5
21 1 U 12
22 0 L 9
23 1 L 9
24 0 U 0
25 0 U 15
26 1 L 23
27 1 L -1
28 0 U 25
29 0 U 0
