87
0 0 U -1
1 0 U -1
2 0 U -1
3 0 U -1
4 0 U -1
5 0 U -1
6 0 U -1
7 0 U -1
8 0 U -1
9 0 U -1
10 0 U -1
11 0 U -1
12 0 U -1
13 0 U -1
14 0 U -1
15 0 U -1
16 0 U -1
17 0 U -1
18 0 U -1
19 0 U -1
20 0 U -1
21 0 U -1
22 0 U -1
23 0 U -1
24 0 U -1
25 0 U -1
26 0 U -1
27 0 U -1
28 0 U -1
29 0 U -1
30 0 U -1
31 0 U -1
32 0 U -1
33 0 U -1
34 0 U -1
35 0 U -1
36 0 U -1
37 0 U -1
38 0 U -1
39 0 U -1
40 0 U -1
41 0 U -1
42 0 U -1
43 0 U -1
44 0 U -1
45 0 U -1
46 0 U -1
47 0 U -1
48 0 U -1
49 0 U -1
50 0 U -1
51 0 U -1
52 0 U -1
53 0 U -1
54 0 U -1
55 0 U -1
56 0 U -1
57 0 U -1
58 0 U -1
59 0 U -1
60 0 U -1
61 0 U -1
62 0 U -1
63 0 U -1
64 0 U -1
65 0 U -1
66 0 U -1
67 0 U -1
68 0 U -1
69 0 U -1
70 0 U -1
71 0 U -1
72 0 U -1
73 0 U -1
74 0 U -1
75 0 U -1
76 0 U -1
77 0 U -1
78 0 U -1
79 0 U -1
80 0 U -1
81 0 U -1
82 0 U -1
83 0 U -1
84 0 U -1
85 0 U -1
86 0 U -1
87
0 1 L -1
1 0 U -1
2 1 U -1
3 1 L -1
4 0 U 0
5 1 L 2
6 0 U -1
7 1 U -1
8 0 L 0
9 0 U 7
10 0 U -1
11 1 L 0
12 0 L 2
13 0 L 2
14 0 U -1
15 1 U 12
16 1 U -1
17 1 U -1
18 0 U 4
19 1 U 0
20 0 U -1
21 0 U 4
22 0 U 8
23 0 U 21
24 0 L -1
25 1 U 0
26 1 U 8
27 1 U 18
28 1 U 11
29 0 U 3
30 0 U 7
31 1 L -1
32 0 U 2
33 1 U 23
34 1 U 15
35 0 L -1
36 0 L 12
37 1 U -1
38 0 L 19
39 0 L 12
40 1 L 11
41 1 U 29
42 1 U 22
43 0 L 20
44 1 U 31
45 1 L 7
46 1 L -1
47 1 U 14
48 0 U 42
49 0 U 23
50 1 L 35
51 0 U 33
52 1 U 45
53 1 L 43
54 1 L 39
55 1 U -1
56 1 L 13
57 0 L 7
58 0 U -1
59 0 U 31
60 1 U 11
61 1 U 45
62 0 L 8
63 1 L 60
64 0 U 36
65 0 L 47
66 0 U 0
67 1 L 32
68 0 L 31
69 1 U 66
70 1 U 9
71 1 L 14
72 1 L 49
73 1 L 23
74 1 U 70
75 1 L 65
76 0 L 67
77 0 L 59
78 0 L 22
79 0 L 62
80 1 U 61
81 1 U 19
82 0 U 38
83 1 L 18
84 0 U -1
85 1 L 19
86 0 L 18
87
0 0 U -1
1 0 U -1
2 1 U -1
3 1 L -1
4 0 U 0
5 0 L 2
6 0 U -1
7 1 U -1
8 0 L 0
9 0 U 7
10 0 U -1
11 1 L 3
12 0 L 2
13 1 L 5
14 0 U -1
15 0 U 11
16 1 U -1
17 1 U -1
18 0 U 3
19 1 U 0
20 0 U -1
21 0 U 4
22 0 U 8
23 0 U 21
24 0 L -1
25 1 U 0
26 1 U 9
27 0 U 8
28 1 U 11
29 0 U 3
30 0 U 2
31 0 L -1
32 0 U 2
33 0 U 12
34 0 L 8
35 0 L -1
36 1 L 12
37 1 U -1
38 1 L 28
39 0 L 12
40 1 L 11
41 0 U 29
42 0 L 16
43 0 L 20
44 0 L 36
45 0 L 7
46 1 U -1
47 0 U 14
48 0 U 33
49 1 U 23
50 0 L 9
51 0 U 33
52 0 U 26
53 0 U 28
54 0 L 39
55 1 U -1
56 1 L 28
57 1 L -1
58 1 U -1
59 0 U 31
60 1 U 12
61 0 U 45
62 0 L 8
63 0 L 60
64 0 L 21
65 0 L 47
66 1 U 16
67 1 L 43
68 0 L 31
69 0 U 66
70 0 U 9
71 0 L 14
72 0 L 49
73 1 L 23
74 1 U 40
75 1 L 9
76 0 L 52
77 0 U 56
78 0 L 22
79 1 L 62
80 1 L 38
81 1 U 8
82 0 U -1
83 1 L 18
84 1 U -1
85 1 L 19
86 1 U 43
87
0 0 L -1
1 0 U -1
2 1 U -1
3 1 L -1
4 0 U 0
5 0 L 2
6 0 U -1
7 1 U -1
8 0 L 0
9 0 U 7
10 0 U -1
11 1 L 3
12 0 L 2
13 1 U 5
14 0 U -1
15 0 U 5
16 0 U 0
17 1 U -1
18 0 U 16
19 1 U 0
20 0 U -1
21 0 U 4
22 0 U 18
23 0 U 5
24 0 L -1
25 1 U 0
26 1 U 25
27 1 U 25
28 1 U 11
29 0 U 17
30 0 L 17
31 0 L -1
32 0 U 2
33 1 U 12
34 0 L 24
35 0 L 33
36 0 L 12
37 1 U -1
38 1 L 28
39 1 L 12
40 1 L 11
41 0 U 21
42 1 L 41
43 1 L 38
44 1 L 2
45 0 L 7
46 1 U 36
47 0 U 14
48 1 U 33
49 1 U 12
50 0 L 46
51 1 U 49
52 1 U 32
53 0 U 52
54 1 L 39
55 1 U -1
56 1 L 49
57 1 L -1
58 1 U -1
59 0 U 31
60 1 U 12
61 0 U 45
62 0 L 11
63 0 L 60
64 1 L 54
65 0 L 47
66 0 U 37
67 0 L 42
68 1 L 7
69 0 U 66
70 0 U 9
71 1 L 57
72 1 L 38
73 1 L 23
74 1 U 40
75 1 L 9
76 0 L 62
77 0 L 56
78 0 L 22
79 0 L 14
80 0 L 78
81 1 U 18
82 0 U -1
83 0 L 36
84 1 U -1
85 1 L 38
86 1 L 73
87
0 1 L -1
1 0 U -1
2 1 U -1
3 1 L -1
4 0 U 0
5 0 L 2
6 0 U -1
7 1 U -1
8 0 L 0
9 0 U 7
10 1 U -1
11 1 L 3
12 1 L 2
13 1 U 5
14 0 U -1
15 1 U 5
16 0 U 0
17 1 U -1
18 1 U 16
19 1 U 0
20 0 U -1
21 0 U 4
22 0 U 9
23 0 U 5
24 0 L -1
25 1 U 0
26 1 U 25
27 1 U 25
28 1 U 27
29 0 U 2
30 1 L 17
31 0 L 26
32 0 U 17
33 0 U 27
34 0 L 24
35 0 L -1
36 0 L 2
37 1 U -1
38 1 L 31
39 0 L 12
40 1 L 11
41 0 U 5
42 1 L 41
43 1 L 38
44 0 L 2
45 0 L 7
46 1 U 36
47 0 U 17
48 0 U 36
49 1 U 40
50 0 L 10
51 1 U 49
52 0 U 32
53 0 U 15
54 0 L 39
55 1 U -1
56 1 L 17
57 1 L 3
58 1 U -1
59 0 U 54
60 0 U 12
61 1 U 45
62 0 L 16
63 1 U 61
64 1 L 54
65 1 L 60
66 0 U 37
67 1 L 42
68 1 L 7
69 0 U 66
70 1 U 9
71 0 L 57
72 1 L 38
73 0 L 23
74 1 U 24
75 1 L 9
76 0 L 1
77 0 U 46
78 0 L 22
79 1 L 75
80 0 L 75
81 1 U 18
82 0 L -1
83 0 L 4
84 1 U -1
85 1 L 38
86 0 L 73
87
0 0 U -1
1 1 U -1
2 1 U -1
3 1 L -1
4 0 U 0
5 0 L 2
6 0 U -1
7 1 U -1
8 0 L 0
9 0 U 7
10 1 U -1
11 1 L 3
12 0 L 2
13 0 U 5
14 0 U -1
15 0 U 5
16 0 U 0
17 1 U -1
18 1 U 8
19 1 U 0
20 0 U -1
21 0 U 19
22 0 U 8
23 0 U 5
24 0 L -1
25 1 U 0
26 1 U 25
27 1 U 25
28 1 L 23
29 0 U 2
30 1 L 21
31 0 L 26
32 0 U 17
33 1 U 26
34 0 L 9
35 0 L 26
36 0 L 2
37 1 U -1
38 1 L 31
39 1 L 12
40 1 L 11
41 0 U 27
42 1 L 41
43 1 L 38
44 0 L 2
45 0 L 18
46 1 U 36
47 0 U 17
48 0 U 36
49 1 U 40
50 0 L 10
51 1 U 36
52 1 U 32
53 1 U 45
54 0 L 39
55 1 U -1
56 0 L 1
57 1 L 3
58 1 U -1
59 0 U 48
60 0 U 22
61 1 U 45
62 0 L 16
63 0 U 61
64 1 L 54
65 0 L 60
66 0 U 37
67 1 L 42
68 0 L 7
69 0 U 66
70 1 U 8
71 0 L 57
72 0 L 38
73 0 L 23
74 1 U 13
75 1 L 9
76 1 L 56
77 0 U 46
78 0 L 22
79 1 L 50
80 1 L 73
81 1 U 9
82 0 L -1
83 1 L 4
84 1 U -1
85 1 L 38
86 0 L 73
87
0 1 L -1
1 0 U -1
2 1 U -1
3 1 L 0
4 0 U 0
5 0 L 2
6 0 U -1
7 1 U -1
8 0 L 0
9 0 U 7
10 1 U -1
11 1 L 0
12 0 L 2
13 0 U 5
14 0 U -1
15 1 U 5
16 0 U 0
17 1 U -1
18 1 U 8
19 1 U 0
20 0 U 0
21 0 U 4
22 0 U 8
23 0 U 21
24 0 L -1
25 1 U 0
26 1 U 25
27 1 U 25
28 1 L 27
29 0 U 2
30 1 L 21
31 0 L 26
32 0 U 14
33 1 U 5
34 0 L 9
35 0 L 30
36 0 L 2
37 1 U -1
38 1 L 31
39 0 L 4
40 1 L 11
41 0 U 26
42 1 L 41
43 1 L 38
44 0 L 2
45 1 L 18
46 1 U 36
47 0 U 3
48 1 U 43
49 1 U 40
50 1 L 10
51 1 U 30
52 1 U 32
53 0 U 45
54 0 L 39
55 1 U -1
56 0 L 1
57 1 L 0
58 1 U -1
59 0 L 48
60 0 U 24
61 1 U 34
62 1 L 23
63 0 U 61
64 1 L 54
65 0 L 60
66 0 U 37
67 1 L 42
68 0 L 7
69 0 U 66
70 1 U 8
71 0 L 57
72 0 L 20
73 0 L 23
74 1 U 13
75 1 L 9
76 1 L 56
77 1 U 54
78 0 L 62
79 0 L 50
80 0 L 73
81 1 U 9
82 0 L -1
83 1 L 4
84 1 U -1
85 1 L 38
86 1 L 82
87
0 1 L -1
1 1 U -1
2 1 U -1
3 0 L 0
4 0 U 0
5 0 L 2
6 0 U -1
7 1 U -1
8 0 L 0
9 0 U 7
10 1 U 0
11 1 L 0
12 0 L 2
13 1 U 5
14 0 U -1
15 1 U 5
16 0 U 0
17 1 U -1
18 1 U 8
19 1 U -1
20 0 U 0
21 0 U 4
22 0 U 8
23 0 U 21
24 0 L -1
25 1 U 0
26 1 U 25
27 1 U 25
28 0 U 27
29 0 U 2
30 1 L 21
31 0 L 30
32 0 U 14
33 1 U 26
34 0 L 7
35 0 L 26
36 1 L 2
37 1 U -1
38 1 L 31
39 1 L 4
40 1 L 11
41 0 U 32
42 0 L 41
43 1 L 38
44 1 L 2
45 1 L 34
46 1 U 31
47 0 U 3
48 1 U 30
49 1 U 40
50 1 L 10
51 1 U 34
52 1 U 32
53 0 U 52
54 0 L 39
55 1 U -1
56 0 L 1
57 1 L 0
58 1 U -1
59 0 L 22
60 0 U 54
61 1 U 34
62 1 L 23
63 1 U 61
64 1 L 9
65 1 L 60
66 0 U 37
67 1 L 46
68 1 L 7
69 0 U 66
70 1 U 8
71 1 U 57
72 0 L 20
73 1 L 16
74 1 U 53
75 1 L 9
76 1 L 56
77 1 L 6
78 0 L 62
79 1 L 50
80 0 L 73
81 1 U 9
82 1 L -1
83 1 L 44
84 1 U -1
85 1 L 33
86 1 L 82
87
0 1 L -1
1 0 U -1
2 1 U -1
3 0 L 0
4 0 U 0
5 1 L 2
6 0 U -1
7 1 U -1
8 0 L 0
9 0 U 7
10 1 U -1
11 1 L 0
12 1 L 2
13 1 U 5
14 0 U -1
15 1 U 5
16 0 U 0
17 1 U -1
18 1 U 8
19 1 L 0
20 0 U 0
21 0 U 16
22 0 U 5
23 0 U 21
24 0 L 12
25 1 U 0
26 1 U 25
27 1 U 25
28 0 U 27
29 0 U 2
30 1 L 21
31 0 L 30
32 0 U 17
33 1 U 21
34 0 L 7
35 0 L 26
36 1 L 2
37 1 U -1
38 1 L 31
39 1 L 36
40 1 L 11
41 0 U 21
42 0 L 41
43 0 L 38
44 1 L 2
45 1 L 34
46 1 U 31
47 0 U 6
48 0 U 19
49 1 U 40
50 1 L 10
51 1 U 40
52 0 U 32
53 0 U 52
54 0 L 39
55 1 U -1
56 1 L 1
57 1 L 0
58 1 U -1
59 0 L 22
60 0 U 54
61 0 U 34
62 1 L 23
63 1 U 61
64 1 L 9
65 0 L 60
66 1 U 37
67 0 L 46
68 1 L 54
69 0 U 66
70 0 U 8
71 1 U 57
72 0 U 20
73 0 L 11
74 1 U 53
75 1 L 9
76 0 L 40
77 0 L 8
78 0 L 62
79 0 L 50
80 0 L 31
81 1 U 32
82 1 L -1
83 1 L 44
84 1 U -1
85 1 L 33
86 1 L 82
87
0 1 L -1
1 1 U -1
2 1 U -1
3 0 L -1
4 0 U 0
5 1 L 2
6 0 U -1
7 1 U -1
8 0 L 0
9 0 U 2
10 1 U 0
11 1 L 0
12 1 L 2
13 1 U 5
14 0 U -1
15 1 U 5
16 0 U 0
17 1 U -1
18 1 U 8
19 1 L -1
20 0 U 0
21 0 U 4
22 0 U 5
23 0 U 21
24 0 L 12
25 1 U 0
26 0 U 25
27 1 U 25
28 0 U 27
29 1 U 3
30 1 L 21
31 0 L 30
32 0 U 17
33 1 U 26
34 0 L 7
35 0 L 30
36 1 L 2
37 1 U -1
38 1 L 31
39 1 L 4
40 1 L 11
41 0 U 21
42 0 L 41
43 1 L 38
44 1 L 2
45 0 L 17
46 1 U 31
47 0 U 17
48 0 U 38
49 1 U 40
50 1 L 10
51 1 U 34
52 1 U 26
53 1 U 27
54 0 L 39
55 1 U -1
56 0 L 19
57 1 L 0
58 1 U -1
59 0 L 22
60 0 U 54
61 0 U 34
62 1 L 23
63 1 U 61
64 1 L 9
65 0 L 60
66 1 U 37
67 0 L 46
68 0 L 54
69 0 U 8
70 1 U 26
71 0 U 57
72 0 U -1
73 1 L 39
74 1 U 70
75 1 L 7
76 0 L 40
77 1 L 8
78 1 L 62
79 1 L 14
80 0 L 35
81 1 L 8
82 0 L -1
83 1 L 44
84 1 U -1
85 1 L 33
86 1 L 82
87
0 1 L -1
1 0 U -1
2 1 U -1
3 1 L 0
4 0 U 0
5 0 L 2
6 0 U -1
7 1 U -1
8 0 L 0
9 0 U 7
10 0 U -1
11 1 L 0
12 1 L 2
13 0 U 5
14 0 U -1
15 0 U 9
16 0 U 0
17 1 U -1
18 1 U 8
19 1 L -1
20 0 U -1
21 0 U 4
22 0 U 5
23 0 U 21
24 1 L 12
25 1 U 0
26 0 U 25
27 1 U 25
28 0 U 27
29 1 U 17
30 1 L 10
31 0 L 30
32 0 U 17
33 0 U 26
34 0 L 7
35 0 L 30
36 1 U 2
37 1 U -1
38 1 L 17
39 1 L 4
40 1 L 11
41 0 U 26
42 0 L 41
43 0 L 38
44 0 L 2
45 0 U 27
46 1 U 31
47 1 U 17
48 0 U 38
49 1 U 23
50 1 L 10
51 1 U 41
52 0 U 26
53 0 L 19
54 0 L 39
55 1 U -1
56 0 L 19
57 0 L 0
58 1 U -1
59 1 L 22
60 0 U 51
61 1 U 34
62 1 L 59
63 0 U 61
64 1 L 54
65 0 L 60
66 0 U 37
67 0 L 46
68 1 L 54
69 1 U 32
70 0 U 8
71 1 U 57
72 0 L 6
73 1 L 13
74 0 U 56
75 1 L 34
76 0 U 40
77 0 L 8
78 0 L 62
79 0 L 75
80 0 L 35
81 0 L 8
82 0 L -1
83 0 L 44
84 1 U -1
85 1 L 33
86 0 L 82
87
0 1 L -1
1 0 U -1
2 1 U -1
3 1 L 0
4 0 U 0
5 1 L 2
6 0 U -1
7 1 U -1
8 0 L 0
9 0 U 6
10 0 U -1
11 1 L 0
12 0 L 2
13 1 L 5
14 0 U -1
15 0 U 9
16 0 U -1
17 1 U -1
18 1 U 8
19 0 L -1
20 0 U -1
21 0 U 4
22 0 U 18
23 0 U 21
24 1 L 12
25 1 U 1
26 0 U 25
27 1 U 25
28 1 L 8
29 1 U 3
30 1 L 21
31 0 L 30
32 0 U 17
33 0 U 21
34 0 L 7
35 0 L 30
36 1 U 6
37 1 U -1
38 1 L 17
39 1 L 4
40 1 L 11
41 0 U 32
42 0 L 41
43 0 L 38
44 0 L 2
45 0 U 5
46 1 U 31
47 1 U 17
48 0 U 24
49 1 U 23
50 1 L 10
51 1 U 41
52 1 U 26
53 0 L 19
54 0 L 39
55 1 U -1
56 0 L 19
57 0 L 0
58 1 U -1
59 1 L 50
60 0 U 51
61 1 U 34
62 1 L 59
63 0 U 61
64 1 L 54
65 0 L 60
66 1 U 37
67 0 L 46
68 1 L 54
69 1 U 32
70 1 U 8
71 0 U 57
72 0 L 6
73 0 L 6
74 0 U 56
75 1 L 18
76 1 U 42
77 0 L 23
78 0 L 62
79 0 L 22
80 0 L 17
81 0 L 8
82 0 L -1
83 0 L 4
84 1 U -1
85 1 L 33
86 1 L 3
87
0 0 L -1
1 0 U -1
2 1 U -1
3 1 L 0
4 0 U 0
5 1 L 2
6 0 U -1
7 1 U -1
8 0 L 0
9 0 U 6
10 0 U -1
11 1 L 0
12 1 L 2
13 1 L 5
14 0 U -1
15 0 U 4
16 0 U 0
17 1 U -1
18 1 U 8
19 0 L -1
20 0 U 0
21 0 U 4
22 0 U 5
23 0 U 21
24 0 L 5
25 1 U 0
26 1 U 25
27 1 U 25
28 1 L 27
29 1 U 14
30 1 L 21
31 0 L 30
32 0 U 17
33 0 U 18
34 0 L 7
35 0 L 30
36 1 U 10
37 1 U -1
38 1 L 17
39 1 L 4
40 1 L 11
41 0 U 32
42 0 L 41
43 0 L 38
44 0 L 40
45 0 U 15
46 1 U 31
47 1 U 17
48 0 U 44
49 1 U 13
50 0 L 10
51 1 U 23
52 0 U 32
53 1 L 50
54 0 L 39
55 1 U -1
56 0 L -1
57 0 L 0
58 1 U -1
59 1 L 50
60 0 U 51
61 1 U 34
62 1 L 59
63 0 U 61
64 1 L 54
65 0 L 60
66 1 U 37
67 0 L 46
68 0 L 54
69 1 U 32
70 1 U 8
71 0 U 57
72 1 L 6
73 1 L 33
74 0 U 56
75 1 L 18
76 0 U 41
77 0 L 23
78 0 L 62
79 1 L 22
80 0 L 17
81 1 L 8
82 1 L -1
83 1 L 44
84 1 U -1
85 1 L 33
86 1 L 3
87
0 1 L -1
1 1 U -1
2 1 U -1
3 1 L 0
4 0 U 0
5 1 L 2
6 0 U -1
7 1 U -1
8 0 L 0
9 0 U 6
10 0 U -1
11 1 L 0
12 1 L 2
13 1 L 5
14 0 U -1
15 0 U 4
16 0 U 0
17 1 U -1
18 1 U 4
19 0 L -1
20 0 U 0
21 0 U 4
22 0 U 5
23 0 U 21
24 0 L 5
25 1 U 0
26 0 U 25
27 1 U 25
28 0 U 25
29 1 U 14
30 1 L 21
31 0 L 30
32 0 U 17
33 1 U 5
34 0 L 7
35 0 L 2
36 1 U 20
37 1 U -1
38 1 L 17
39 1 L 12
40 1 L 11
41 0 U 26
42 0 L 41
43 0 L 38
44 0 L 40
45 0 U 15
46 1 U 31
47 1 U 17
48 0 U 24
49 1 U 40
50 1 L 10
51 1 U 23
52 0 U 32
53 1 L 50
54 0 L 39
55 1 U -1
56 0 L -1
57 0 L 0
58 1 U -1
59 1 L 50
60 0 U 51
61 1 U 40
62 1 L 59
63 0 U 61
64 0 L 54
65 0 L 60
66 1 U 37
67 0 L 46
68 1 L 54
69 1 U 26
70 1 U 66
71 0 U 57
72 0 L 54
73 1 L 8
74 0 U 56
75 1 L 18
76 0 U 41
77 0 L 23
78 1 L 62
79 1 L 14
80 0 L 12
81 1 L 77
82 0 L -1
83 1 L 44
84 1 U -1
85 1 L 33
86 1 L 3
87
0 1 U -1
1 0 U -1
2 1 U -1
3 1 L 0
4 0 U 0
5 1 L 2
6 0 U -1
7 1 U -1
8 0 L 0
9 0 U 3
10 0 U -1
11 1 L 0
12 1 L 2
13 1 L 5
14 0 U -1
15 0 U 4
16 0 U -1
17 1 U -1
18 1 U 3
19 0 L -1
20 0 U 0
21 0 U 4
22 1 U 5
23 0 U 21
24 0 L 5
25 1 U 0
26 0 U 25
27 1 U 25
28 1 U 25
29 1 U 2
30 1 L 21
31 0 L 30
32 0 U 17
33 0 U 15
34 0 L 7
35 1 L 2
36 1 U 3
37 1 U -1
38 1 L 31
39 1 L 12
40 1 L 11
41 0 U 26
42 0 L 41
43 0 L 38
44 0 L 40
45 0 U 5
46 1 U 31
47 1 U 10
48 0 U 24
49 1 U 40
50 0 L 10
51 1 U 40
52 0 U 32
53 1 L 11
54 0 L 39
55 1 U -1
56 0 L -1
57 0 L 0
58 1 U -1
59 1 L 50
60 0 U 43
61 1 U 40
62 1 L 59
63 0 U 61
64 1 L 54
65 0 L 60
66 1 U 37
67 0 L 46
68 0 L 54
69 1 U 26
70 1 U 66
71 0 U 57
72 0 L 24
73 1 L 16
74 0 U 56
75 0 L 18
76 0 U 41
77 1 L 59
78 1 L 62
79 0 L 14
80 0 L 17
81 0 L 77
82 0 L -1
83 0 L 44
84 1 U -1
85 1 L 33
86 1 L 3
87
0 1 L -1
1 0 U -1
2 1 U -1
3 1 L 0
4 0 U 0
5 1 L 2
6 1 U -1
7 1 U -1
8 0 L 0
9 0 U 3
10 0 U -1
11 1 L 0
12 0 L 2
13 1 L 5
14 0 U -1
15 0 U 4
16 0 U -1
17 1 U -1
18 0 U 8
19 0 L -1
20 0 U 0
21 0 U 4
22 0 U 15
23 0 U 21
24 0 L 15
25 1 U 0
26 0 U 25
27 1 U 25
28 0 U 18
29 1 U 2
30 1 L 21
31 0 L 30
32 0 U 17
33 0 U 15
34 0 L 8
35 0 L 2
36 0 L 22
37 1 U -1
38 1 L 31
39 1 L 12
40 1 L 11
41 0 U 26
42 0 L 41
43 0 L 38
44 0 L 40
45 0 U 27
46 1 U 31
47 1 U 17
48 0 U 44
49 1 U 40
50 1 L 10
51 1 U 40
52 0 U 32
53 1 L 19
54 0 L 39
55 1 U -1
56 0 L -1
57 0 L -1
58 1 U -1
59 1 L 50
60 0 U 43
61 1 U 40
62 1 L 59
63 0 U 61
64 0 L 57
65 0 L 60
66 1 U 37
67 0 L 46
68 1 L 54
69 1 U 26
70 1 U 66
71 0 U 57
72 1 L 9
73 1 L 16
74 0 U 56
75 0 L 18
76 0 U 70
77 1 L 59
78 1 L 2
79 0 L 22
80 0 L 77
81 0 L 77
82 0 L -1
83 1 L 44
84 1 U -1
85 1 L 33
86 1 L 3
87
0 1 U -1
1 0 U -1
2 1 U -1
3 1 L 0
4 0 U 0
5 1 L 2
6 1 U -1
7 1 U -1
8 0 L 0
9 0 U 3
10 0 U -1
11 1 L 0
12 0 L 2
13 1 L 5
14 0 U -1
15 0 U 4
16 0 U -1
17 1 U -1
18 0 U 8
19 0 L -1
20 1 U 1
21 0 U 4
22 0 U 18
23 0 U 21
24 1 L 9
25 1 U 0
26 0 U 25
27 1 U 25
28 0 U 18
29 1 U 2
30 1 L 21
31 0 L 30
32 0 U 17
33 0 U 15
34 0 L 7
35 0 L 2
36 0 L 35
37 1 U -1
38 1 L 31
39 1 L 12
40 1 L 11
41 0 U 18
42 0 L 41
43 0 L 38
44 0 L 40
45 0 U 26
46 1 U 31
47 1 U 17
48 0 U 38
49 1 U 40
50 1 L 10
51 1 U 40
52 0 U 32
53 1 L 9
54 0 L 39
55 1 U -1
56 0 L -1
57 0 L -1
58 1 U -1
59 1 L 50
60 0 U 51
61 1 U 40
62 1 L 59
63 0 U 61
64 1 L 57
65 0 L 60
66 1 U 37
67 0 L 46
68 0 L 54
69 1 U 26
70 1 U 66
71 0 U 57
72 1 L 8
73 1 L 23
74 0 U 56
75 1 L 18
76 0 U 70
77 0 L 31
78 1 L 72
79 0 L 22
80 1 L 77
81 0 L 39
82 0 L -1
83 1 L 44
84 1 U -1
85 1 L 33
86 1 L 3
87
0 0 U -1
1 0 U -1
2 1 U -1
3 0 L 0
4 0 U 0
5 1 L 2
6 0 U -1
7 1 U -1
8 0 L 0
9 0 U 6
10 0 U -1
11 1 L 0
12 1 L 2
13 1 L 5
14 0 U -1
15 0 U 4
16 0 U -1
17 1 U -1
18 0 U 8
19 0 L -1
20 0 U 0
21 0 U 4
22 0 U 18
23 0 U 21
24 1 L 9
25 1 U 0
26 0 U 25
27 1 U 25
28 1 L 6
29 1 U 2
30 1 L 21
31 0 L 30
32 0 U 17
33 1 U 32
34 1 L 2
35 0 L 2
36 1 L 8
37 1 U -1
38 1 L 31
39 1 L 4
40 1 L 11
41 0 U 12
42 0 L 41
43 0 L 38
44 0 L 2
45 0 U 32
46 1 U 31
47 1 U 17
48 0 U 38
49 1 U 40
50 1 L 10
51 1 U 13
52 0 U 32
53 0 U 4
54 0 L 39
55 1 U -1
56 0 L -1
57 0 L -1
58 1 U -1
59 1 L 50
60 0 U 51
61 1 U 13
62 0 L 23
63 0 U 61
64 1 L 3
65 0 L 60
66 0 U 37
67 0 L 46
68 0 L 54
69 1 U 26
70 1 U 66
71 0 U 57
72 0 L 8
73 1 L 15
74 0 U 56
75 1 L 18
76 0 U 24
77 0 L 31
78 0 L 72
79 0 L 22
80 1 L 77
81 0 L 39
82 0 L -1
83 0 L 44
84 1 U -1
85 1 L 33
86 0 L 19
87
0 1 L -1
1 0 U -1
2 1 U -1
3 1 L -1
4 0 U 0
5 1 L 2
6 0 U -1
7 1 U -1
8 1 L 3
9 0 U 6
10 0 U -1
11 1 L 3
12 1 L 2
13 1 L 5
14 0 U -1
15 0 U 4
16 1 U 1
17 1 U -1
18 0 U 8
19 0 L -1
20 0 U 1
21 0 U 4
22 0 U 5
23 0 U 21
24 1 L 9
25 1 U 0
26 0 U 25
27 1 U 25
28 0 L 23
29 1 U 10
30 1 L 21
31 0 L 30
32 0 U 17
33 1 U 26
34 0 L 12
35 0 L 24
36 0 L 15
37 1 U -1
38 1 L 31
39 1 L 4
40 1 L 11
41 0 U 12
42 0 L 41
43 0 L 38
44 0 L 2
45 0 U 26
46 1 U 38
47 1 U 17
48 0 U 38
49 1 U 35
50 0 L 10
51 1 U 13
52 0 U 32
53 1 L 11
54 0 L 39
55 1 U -1
56 0 L -1
57 0 L -1
58 1 U -1
59 1 L 50
60 0 U 56
61 1 U 13
62 0 L 23
63 0 U 61
64 0 L 19
65 0 L 60
66 1 U 10
67 0 L 46
68 0 L 54
69 1 U 40
70 1 U 66
71 0 U 57
72 0 L 23
73 1 L 15
74 0 U 56
75 1 L 18
76 0 U 24
77 0 L 31
78 1 L 40
79 1 L 22
80 1 L 77
81 1 L 39
82 1 L -1
83 0 L 44
84 1 U -1
85 1 L 33
86 0 L 57
87
0 1 L -1
1 0 U -1
2 1 U -1
3 1 L -1
4 0 U 0
5 1 L 2
6 0 U -1
7 1 U -1
8 1 L 3
9 0 U 6
10 1 U -1
11 1 L 3
12 1 L 2
13 1 L 5
14 0 U -1
15 0 U 4
16 0 U 0
17 1 U -1
18 0 U 8
19 0 L -1
20 1 U -1
21 0 U 4
22 0 U 5
23 0 U 21
24 1 L 9
25 1 U 0
26 1 U 25
27 1 U 25
28 0 U 25
29 1 U 2
30 1 L 21
31 0 L 30
32 0 U 17
33 0 U 15
34 1 L 10
35 0 L 24
36 0 L 7
37 1 U -1
38 1 L 31
39 1 L 4
40 1 L 11
41 0 U 12
42 0 L 41
43 0 L 11
44 0 L 2
45 0 U 26
46 1 U 44
47 1 U 17
48 0 U 38
49 1 U 35
50 0 L 10
51 1 U 13
52 0 U 32
53 1 L 22
54 0 L 39
55 1 U -1
56 0 L -1
57 0 L -1
58 1 U -1
59 1 L 22
60 0 U 56
61 1 U 13
62 0 L 23
63 0 U 61
64 1 L 19
65 0 L 60
66 0 U 10
67 0 L 2
68 0 L 54
69 1 U 40
70 1 U 66
71 0 U 57
72 0 L 23
73 1 L 15
74 0 U 56
75 1 L 18
76 0 U 24
77 1 L 31
78 1 L 19
79 0 L 22
80 0 L 77
81 1 L 39
82 0 L -1
83 0 L 44
84 1 U -1
85 1 L 20
86 0 L 57
87
0 0 L -1
1 0 U -1
2 1 U -1
3 1 L -1
4 0 U 0
5 1 L 2
6 0 U -1
7 1 U -1
8 1 L 3
9 0 U 6
10 1 U -1
11 1 L 3
12 1 L 2
13 1 L 5
14 0 U -1
15 0 U 4
16 0 U 0
17 1 U -1
18 0 U 4
19 0 L -1
20 0 U 0
21 0 U 4
22 0 U 15
23 0 U 21
24 1 L 13
25 1 U 0
26 0 U 25
27 1 U 25
28 0 U 25
29 1 U 14
30 1 L 21
31 1 L 30
32 0 U 17
33 0 U 15
34 1 L 10
35 0 L 24
36 1 L 18
37 1 U -1
38 1 L 31
39 1 L 4
40 1 L 11
41 0 U 12
42 0 L 41
43 0 L 11
44 0 L 2
45 0 U 32
46 1 U 44
47 1 U 17
48 0 U 41
49 1 U 35
50 0 L 35
51 1 U 13
52 0 U 32
53 1 L 50
54 0 L 39
55 1 U -1
56 0 L -1
57 0 L -1
58 1 U -1
59 0 L 28
60 0 U 51
61 1 U 13
62 0 L 23
63 1 U 61
64 0 L 19
65 1 L 60
66 0 U 10
67 0 L 2
68 1 L 15
69 1 U 28
70 1 U 66
71 1 U 50
72 1 L 23
73 1 L 15
74 0 U 56
75 1 L 18
76 0 U 24
77 1 L 45
78 1 L 19
79 0 L 22
80 1 L 43
81 1 L 39
82 1 L -1
83 1 L 44
84 1 U -1
85 1 L 20
86 0 L 57
87
0 0 L -1
1 0 U -1
2 1 U 0
3 0 L -1
4 0 U 0
5 1 L 2
6 0 U -1
7 1 U -1
8 1 L -1
9 0 U 3
10 1 U 0
11 1 L 3
12 1 L 2
13 0 L 4
14 0 U -1
15 0 U 4
16 0 U -1
17 1 U -1
18 1 U 4
19 0 L -1
20 0 U 1
21 0 U 4
22 0 U 15
23 0 U 21
24 1 L 9
25 1 U 0
26 0 U 25
27 1 U 25
28 0 U 25
29 1 U 14
30 1 L 21
31 1 L 30
32 0 U 17
33 0 U 15
34 1 L 10
35 0 L 24
36 1 L 26
37 1 U -1
38 1 L 31
39 1 L 4
40 1 L 38
41 0 U 12
42 0 L 41
43 0 L 11
44 0 L 2
45 0 U 32
46 1 U 44
47 1 U 17
48 0 U 41
49 1 U 23
50 1 L 35
51 0 L 24
52 0 U 32
53 1 L 48
54 0 L 39
55 1 U -1
56 0 L -1
57 0 L -1
58 1 U -1
59 0 L 28
60 0 U 56
61 1 U 23
62 0 L 23
63 1 U 61
64 0 L 19
65 1 L 60
66 1 U 37
67 0 L 2
68 0 L 15
69 1 U 28
70 0 U 66
71 1 U 50
72 1 L 16
73 0 L 39
74 0 U 56
75 1 L 18
76 0 U 69
77 0 L 57
78 1 L 2
79 1 L 22
80 1 L 43
81 0 L 39
82 1 L -1
83 1 L 44
84 1 U -1
85 1 L 20
86 0 L 57
87
0 0 U -1
1 0 U -1
2 1 U 0
3 0 L -1
4 0 U 0
5 1 L 2
6 0 U -1
7 1 U -1
8 1 L -1
9 0 U 3
10 1 U -1
11 1 L 3
12 1 L 2
13 0 L 12
14 0 U -1
15 0 U 4
16 0 U -1
17 1 U -1
18 1 U 6
19 0 L -1
20 0 U 1
21 0 U 4
22 0 U 15
23 0 U 21
24 1 L 9
25 1 U 0
26 0 U 25
27 1 U 25
28 1 U 25
29 1 U 14
30 1 L 10
31 0 L 30
32 0 U 17
33 1 U 15
34 1 L 10
35 0 L 24
36 1 L 26
37 1 U -1
38 1 L 31
39 1 L 4
40 1 L 38
41 0 U 12
42 1 U 41
43 0 L 11
44 0 L 2
45 1 U 24
46 1 U 19
47 1 U 17
48 0 U 30
49 1 U 23
50 1 L 35
51 0 L 36
52 1 U 32
53 1 L 48
54 0 L 39
55 1 U -1
56 0 L -1
57 0 L -1
58 1 U -1
59 0 L 28
60 0 U 56
61 1 U 23
62 1 L 23
63 1 U 61
64 1 L 19
65 1 L 60
66 1 U 37
67 0 L 2
68 0 L 15
69 1 U 28
70 1 U 66
71 1 U 59
72 0 L 7
73 0 L 37
74 0 U 56
75 1 L 18
76 1 U 70
77 0 L 57
78 1 L 2
79 1 L 22
80 1 L 43
81 0 L 39
82 1 L -1
83 1 L 80
84 1 U -1
85 1 L 20
86 0 L 57
87
0 1 U -1
1 0 U -1
2 1 U -1
3 1 L -1
4 0 U 0
5 1 L 2
6 0 U -1
7 1 U -1
8 0 L 3
9 0 U 3
10 1 U -1
11 1 L 0
12 0 L 2
13 1 L 5
14 0 U -1
15 0 U 4
16 0 U -1
17 1 U -1
18 0 U 6
19 0 L -1
20 0 U 0
21 0 U 4
22 0 U 15
23 0 U 21
24 1 L 9
25 1 U 0
26 0 U 18
27 1 U 25
28 0 U 25
29 1 U 14
30 1 L 10
31 0 L 30
32 0 U 17
33 1 U 15
34 1 L 2
35 0 L 24
36 1 L 26
37 1 U -1
38 1 L 31
39 1 L 4
40 1 L 38
41 0 U 12
42 1 U 41
43 0 L 11
44 0 L 25
45 0 L 6
46 1 U 39
47 1 U 17
48 0 U 30
49 1 U 23
50 1 L 45
51 0 L 36
52 0 U 32
53 1 L 2
54 0 L 39
55 1 U -1
56 0 L -1
57 0 L -1
58 1 U -1
59 0 L 28
60 0 U 31
61 1 U 23
62 1 L 23
63 1 U 61
64 0 L 19
65 0 L 60
66 0 U 37
67 0 L 2
68 1 L 15
69 1 U 28
70 0 U 66
71 1 U 59
72 1 L 68
73 1 L 37
74 0 U 45
75 1 L 18
76 0 U 35
77 1 L 8
78 1 L 2
79 1 L 22
80 1 L 43
81 0 L 39
82 1 L -1
83 1 L 80
84 1 U -1
85 1 L 20
86 0 L 57
87
0 1 U -1
1 0 U -1
2 1 U -1
3 1 L -1
4 0 U 0
5 1 L 2
6 0 U -1
7 1 U -1
8 0 L 0
9 0 U 6
10 1 U -1
11 1 L 3
12 0 L 2
13 1 L 5
14 0 U -1
15 0 U 4
16 0 U -1
17 1 U -1
18 1 U 8
19 0 L -1
20 0 U 0
21 0 U 4
22 0 U 15
23 0 U 21
24 1 L 9
25 1 U 0
26 0 U 25
27 1 U 25
28 1 U 25
29 1 U 14
30 1 L 10
31 0 L 30
32 0 U 2
33 0 U 15
34 1 L 22
35 0 L 24
36 1 L 26
37 1 U -1
38 1 L 31
39 1 L 4
40 1 L 38
41 0 U 12
42 1 U 41
43 0 L 11
44 0 L 25
45 0 L 6
46 1 U 22
47 1 U 17
48 0 U 30
49 1 U 23
50 0 L 15
51 0 L 38
52 1 U 15
53 1 L 2
54 0 L 39
55 1 U -1
56 0 L -1
57 0 L -1
58 1 U -1
59 0 L 28
60 0 U 45
61 1 U 23
62 1 L 16
63 1 U 56
64 1 L 19
65 0 L 60
66 1 U 37
67 0 L 2
68 0 L 15
69 1 U 32
70 0 U 66
71 1 U 59
72 1 L 68
73 1 L 48
74 1 U 31
75 1 L 18
76 0 U 35
77 0 L 8
78 1 L 2
79 0 L 22
80 1 L 43
81 0 L 39
82 1 L -1
83 1 L 80
84 1 U -1
85 1 L 20
86 0 L 57
87
0 0 U -1
1 0 U -1
2 1 U -1
3 0 L -1
4 0 U 0
5 1 L 2
6 0 U -1
7 1 U -1
8 0 L 0
9 0 U 6
10 1 U -1
11 1 L 3
12 1 L 2
13 1 L 5
14 0 U -1
15 0 U 4
16 0 U -1
17 1 U -1
18 1 U 3
19 0 L -1
20 0 U 0
21 0 U 4
22 0 U 15
23 0 U 21
24 1 L 9
25 1 U 0
26 0 U 25
27 1 U 25
28 0 U 25
29 0 U 6
30 1 L 10
31 0 L 30
32 0 U 2
33 1 U 29
34 1 L 2
35 0 L 24
36 1 L 26
37 1 U -1
38 1 L 31
39 1 L 4
40 1 L 38
41 0 U 12
42 1 U 41
43 0 L 11
44 0 L 25
45 0 L 6
46 1 U 44
47 1 U 17
48 0 U 30
49 1 U 23
50 1 L 15
51 0 L 38
52 1 U 15
53 0 L 2
54 0 L 39
55 1 U -1
56 0 L -1
57 0 L -1
58 1 U -1
59 0 L 28
60 0 U 45
61 0 U 23
62 0 L 36
63 1 U 56
64 0 L 1
65 0 L 60
66 0 U 16
67 0 L 64
68 1 L 15
69 1 U 32
70 0 U 66
71 1 U 59
72 0 L 68
73 1 L 28
74 0 U 31
75 1 L 68
76 0 U 35
77 0 L 8
78 1 L 2
79 0 L 44
80 1 L 43
81 0 L 39
82 1 L -1
83 1 L 80
84 1 U -1
85 1 L 20
86 0 L 57
87
0 0 U -1
1 0 U -1
2 1 U -1
3 0 L -1
4 0 U 0
5 1 L 2
6 0 U -1
7 1 U -1
8 0 L 0
9 0 U 3
10 0 U -1
11 1 L 0
12 1 L 2
13 1 L 5
14 0 U -1
15 0 U 4
16 0 U -1
17 1 U -1
18 0 U 14
19 0 L -1
20 0 U 1
21 0 U 4
22 0 U 15
23 0 U 21
24 0 L 9
25 1 U 0
26 0 U 25
27 1 U 25
28 1 U 25
29 1 U 6
30 1 L 10
31 0 L 30
32 0 U 17
33 0 U 28
34 1 L 2
35 1 L 24
36 1 L 26
37 1 U -1
38 1 L 31
39 1 L 4
40 1 L 38
41 0 U 11
42 1 U 41
43 0 L 11
44 0 L 25
45 0 L 6
46 1 U 44
47 1 U 17
48 0 U 30
49 1 U 23
50 0 L 15
51 0 L 38
52 1 U 15
53 0 L 2
54 0 L 39
55 1 U -1
56 0 L -1
57 0 L -1
58 1 U -1
59 0 L 28
60 0 U 45
61 0 U 23
62 1 L 36
63 1 U 56
64 0 L 1
65 0 L 60
66 0 U 16
67 0 L 64
68 0 L 15
69 1 U 32
70 0 U 66
71 1 U 51
72 0 L 68
73 1 L 72
74 0 U 31
75 1 L 68
76 0 U 69
77 1 L 8
78 1 L 2
79 0 L 44
80 1 L 43
81 0 L 39
82 0 L -1
83 1 L 80
84 1 U -1
85 1 L 20
86 0 L 57
87
0 0 L -1
1 1 U -1
2 1 U -1
3 1 L 0
4 0 U 0
5 1 L 2
6 0 U -1
7 1 U -1
8 0 L 0
9 0 U 3
10 0 U -1
11 1 L 0
12 1 L 9
13 1 L 5
14 0 U -1
15 0 U 12
16 0 U -1
17 1 U -1
18 0 U 4
19 0 L -1
20 0 U 1
21 0 U 4
22 0 U 5
23 0 U 21
24 1 L 13
25 1 U 0
26 0 U 25
27 1 U 25
28 0 U 25
29 1 U 17
30 1 L 10
31 0 L 30
32 0 U 17
33 1 U 5
34 0 L 2
35 1 L 8
36 1 L 26
37 1 U -1
38 1 L 31
39 1 L 4
40 1 L 38
41 0 U 11
42 1 U 41
43 0 L 11
44 0 L 25
45 0 L 9
46 1 U 44
47 1 U 2
48 0 U 45
49 1 U 23
50 0 L 15
51 0 L 38
52 1 U 15
53 0 L 2
54 0 L 39
55 1 U -1
56 0 L -1
57 0 L -1
58 1 U -1
59 0 L 28
60 0 U 45
61 1 U 23
62 1 L 16
63 1 U 30
64 1 L 1
65 0 L 60
66 0 U 16
67 0 L 64
68 1 L 15
69 1 U 28
70 0 U 66
71 1 U 42
72 0 L 68
73 1 L 72
74 0 U 31
75 1 L 68
76 0 U 70
77 1 L 8
78 1 L 2
79 1 L 37
80 1 L 43
81 0 L 39
82 1 L -1
83 1 L 80
84 1 U -1
85 1 L 20
86 0 L 57
87
0 1 U -1
1 1 U -1
2 1 U -1
3 0 L 0
4 0 U 0
5 1 L 2
6 0 U -1
7 1 U -1
8 0 L 0
9 0 U 6
10 0 U -1
11 1 L 0
12 0 L 9
13 1 L 5
14 0 U -1
15 0 U 12
16 0 U -1
17 1 U -1
18 0 U 12
19 0 L -1
20 0 U 1
21 0 U 4
22 0 U 5
23 0 U 21
24 1 L 9
25 1 U 0
26 0 U 25
27 1 U 25
28 1 U 25
29 1 U 6
30 1 L 10
31 0 L 30
32 0 U 14
33 1 U 5
34 0 L 2
35 1 L 8
36 1 L 26
37 1 U -1
38 1 L 31
39 1 L 4
40 0 L 38
41 0 U 11
42 1 U 41
43 0 L 11
44 0 L 40
45 0 L 9
46 1 U 24
47 1 U 10
48 0 U 45
49 1 U 23
50 1 L 24
51 0 L 38
52 0 L 15
53 0 U 21
54 0 L 39
55 1 U -1
56 0 L -1
57 0 L -1
58 1 U -1
59 0 L 28
60 0 U 45
61 1 U 23
62 1 L 16
63 1 U 30
64 1 L 1
65 0 L 60
66 1 U 58
67 0 L 64
68 0 L 15
69 1 U 28
70 0 U 66
71 1 U 42
72 0 L 68
73 1 L 72
74 0 U 31
75 1 L 68
76 0 U 23
77 1 L 8
78 1 L 2
79 1 L 37
80 1 L 43
81 0 L 39
82 0 L -1
83 0 L 80
84 1 U -1
85 1 L 20
86 0 L 57
87
0 1 L -1
1 1 U -1
2 1 U -1
3 0 L -1
4 0 U 0
5 1 L 2
6 0 U -1
7 1 U -1
8 0 L 0
9 0 U 6
10 0 U -1
11 1 L 0
12 1 L 7
13 1 L 5
14 0 U -1
15 0 U 12
16 0 U -1
17 1 U -1
18 0 U 12
19 0 L -1
20 0 U 1
21 0 U 12
22 0 U 5
23 0 U 21
24 1 L 9
25 1 U 0
26 0 U 25
27 1 U 25
28 1 U 25
29 1 U 6
30 1 L 10
31 0 L 30
32 0 U 17
33 1 U 5
34 1 L 2
35 1 L 8
36 1 L 26
37 1 U -1
38 1 L 31
39 1 L 4
40 1 L 38
41 0 U 23
42 1 U 41
43 0 L 11
44 1 L 40
45 0 L 13
46 1 U 24
47 1 U 14
48 0 U 45
49 1 U 23
50 0 L 24
51 0 L 38
52 0 L 15
53 1 U 21
54 0 L 39
55 1 U -1
56 0 L -1
57 0 L -1
58 1 U -1
59 0 L 28
60 0 U 45
61 1 U 23
62 1 L 16
63 1 U 30
64 0 L 1
65 0 L 60
66 0 U 58
67 1 L 64
68 0 L 15
69 1 U 28
70 0 U 35
71 0 U 36
72 0 L 68
73 1 L 72
74 0 U 31
75 1 L 68
76 0 U 23
77 0 L 8
78 1 L 64
79 0 L 37
80 1 L 43
81 0 L 9
82 0 L -1
83 0 L 80
84 1 U -1
85 1 L 20
86 0 L 57
87
0 1 U -1
1 0 U -1
2 1 U -1
3 1 L -1
4 0 U 0
5 1 L 2
6 0 U -1
7 1 U -1
8 0 L 3
9 0 U 6
10 0 U -1
11 1 L 3
12 1 L 7
13 1 L 5
14 0 U -1
15 0 U 12
16 0 U -1
17 1 U -1
18 0 U 12
19 0 L -1
20 0 U 1
21 0 U 4
22 0 U 5
23 0 U 21
24 1 L 9
25 1 U 0
26 0 U 25
27 1 U 25
28 0 U 25
29 1 U 14
30 1 L 10
31 0 L 30
32 0 L 2
33 0 U 5
34 1 L 33
35 1 L 8
36 1 L 26
37 1 U -1
38 1 L 31
39 1 L 4
40 1 L 38
41 0 U 40
42 1 U 41
43 0 L 11
44 0 L 40
45 0 L 13
46 1 U 40
47 1 U 10
48 0 U 45
49 1 U 23
50 1 L 24
51 0 L 38
52 0 L 15
53 0 U 27
54 0 L 39
55 1 U -1
56 0 L -1
57 0 L -1
58 1 U -1
59 0 L 28
60 0 U 31
61 1 U 23
62 1 L 16
63 1 U 30
64 0 L 1
65 0 L 60
66 0 U 58
67 0 L 64
68 1 L 15
69 1 U 28
70 0 U 35
71 1 U 36
72 0 L 68
73 1 L 72
74 0 U 56
75 1 L 68
76 0 U 50
77 0 L 8
78 1 L 64
79 0 L 37
80 1 L 35
81 0 L 9
82 0 L -1
83 0 L 80
84 0 U -1
85 1 L 20
86 0 L 57
87
0 1 U -1
1 0 U -1
2 1 U -1
3 1 L -1
4 0 U 0
5 1 L 2
6 0 U -1
7 1 U -1
8 0 L 3
9 0 U 3
10 0 U -1
11 1 L 3
12 1 L 7
13 1 L 5
14 0 U -1
15 0 U 12
16 0 U -1
17 1 U -1
18 1 U 12
19 0 L -1
20 0 U 1
21 0 U 4
22 0 U 5
23 0 U 21
24 1 L 13
25 1 U 0
26 0 U 25
27 1 U 25
28 0 U 25
29 1 U 17
30 1 L 10
31 0 L 30
32 0 L 2
33 1 U 15
34 0 L 33
35 1 L 8
36 1 L 22
37 1 U -1
38 1 L 31
39 1 L 4
40 0 L 38
41 0 U 23
42 0 U 41
43 0 L 8
44 0 L 40
45 0 L 13
46 1 U 24
47 0 U 10
48 0 U 38
49 1 U 23
50 1 L 24
51 0 L 38
52 1 L 15
53 1 L 27
54 0 L 39
55 1 U -1
56 0 L -1
57 0 L -1
58 1 U -1
59 0 L 28
60 0 U 31
61 1 U 24
62 0 L 23
63 1 U 30
64 1 L 1
65 0 L 60
66 0 U 58
67 0 L 64
68 0 L 15
69 1 U 28
70 0 U 35
71 1 U 36
72 0 L 68
73 0 L 19
74 0 U 30
75 1 L 68
76 0 U 50
77 1 U 9
78 1 L 64
79 0 L 37
80 1 L 35
81 0 L 9
82 1 L -1
83 1 L 80
84 1 U -1
85 1 L 59
86 0 L 57
87
0 1 U -1
1 0 U -1
2 1 U -1
3 1 L -1
4 0 U 0
5 1 L 2
6 0 U -1
7 1 U -1
8 0 L 3
9 0 U 6
10 0 U -1
11 1 L 0
12 1 L 9
13 1 L 5
14 0 U -1
15 0 U 4
16 0 U -1
17 1 U -1
18 0 U 12
19 0 L -1
20 1 U -1
21 0 U 4
22 0 U 5
23 0 U 21
24 1 L 13
25 1 U 0
26 0 U 25
27 1 U 25
28 0 U 25
29 0 U 16
30 1 L 10
31 0 L 30
32 0 L 2
33 0 U 15
34 1 L 33
35 1 L 8
36 1 L 22
37 1 U -1
38 1 L 31
39 1 L 4
40 1 L 38
41 0 U 23
42 0 U 41
43 0 L 8
44 1 L 40
45 0 L 39
46 1 U 13
47 1 U 10
48 0 U 33
49 1 L 23
50 0 L 24
51 0 L 41
52 0 L 24
53 1 L 9
54 0 L 39
55 0 U -1
56 0 L -1
57 0 L -1
58 1 U -1
59 0 L 28
60 0 U 13
61 1 U 24
62 0 L 23
63 1 U 56
64 0 L 1
65 0 L 60
66 0 U 58
67 0 L 64
68 0 L 15
69 1 U 28
70 0 U 35
71 1 U 36
72 1 L 68
73 0 L 19
74 0 U 30
75 1 L 68
76 0 U 23
77 1 U 5
78 1 L 35
79 0 L 37
80 1 L 35
81 0 L 54
82 0 L -1
83 1 L 80
84 0 U -1
85 1 L 59
86 0 L 19
87
0 1 U -1
1 0 U -1
2 1 U -1
3 1 L -1
4 0 U 0
5 1 L 2
6 0 U -1
7 1 U -1
8 0 L 3
9 0 U 3
10 0 U -1
11 1 L -1
12 1 L 9
13 1 L 5
14 0 U -1
15 0 U 4
16 0 U -1
17 1 U -1
18 0 U 6
19 0 L -1
20 1 U 1
21 0 U 4
22 0 U 5
23 0 U 21
24 1 L 13
25 1 U 0
26 0 U 25
27 1 U 18
28 0 U 25
29 0 U 7
30 1 L 10
31 0 L 30
32 0 L 2
33 0 U 28
34 1 L 25
35 1 L 8
36 1 L 22
37 1 U -1
38 1 L 31
39 1 L 4
40 1 L 38
41 0 U 23
42 0 U 41
43 0 L 8
44 1 L 40
45 1 L 39
46 1 U 13
47 1 U 14
48 0 U 23
49 1 L 23
50 0 L 24
51 0 L 41
52 1 L 12
53 1 L 49
54 0 L 39
55 0 U -1
56 0 L -1
57 0 L -1
58 1 U -1
59 0 L 28
60 0 U 13
61 1 U 23
62 0 L 23
63 1 U 56
64 0 L 1
65 0 L 60
66 0 U 58
67 0 L 64
68 0 L 15
69 1 U 28
70 0 U 35
71 1 U 36
72 1 L 57
73 0 L 34
74 0 U 30
75 1 L 68
76 0 U 24
77 1 U 8
78 1 L 2
79 0 L 37
80 1 L 35
81 0 L 54
82 0 L -1
83 1 L 80
84 0 U -1
85 1 L 59
86 0 L 19
87
0 1 U -1
1 0 U -1
2 1 U -1
3 1 L -1
4 0 U 0
5 1 L 2
6 0 U -1
7 1 U -1
8 0 L 3
9 0 U 6
10 0 U -1
11 1 L -1
12 1 L 9
13 1 L 5
14 0 U -1
15 0 U 4
16 0 U -1
17 1 U -1
18 0 U 3
19 0 L -1
20 0 U 1
21 0 U 4
22 0 U 15
23 0 U 21
24 1 L 9
25 1 U 0
26 0 U 25
27 1 U 18
28 1 U 25
29 0 U 10
30 1 L 10
31 0 L 30
32 0 L 2
33 0 U 28
34 1 L 25
35 1 L 8
36 1 L 22
37 1 U -1
38 1 L 31
39 1 L 4
40 1 L 38
41 0 U 23
42 0 U 41
43 0 L 8
44 1 L 40
45 1 L 39
46 1 U 11
47 1 U 10
48 0 U 23
49 1 L 42
50 1 L 24
51 0 L 41
52 1 L 12
53 1 L 13
54 0 L 39
55 1 U 17
56 0 L -1
57 1 L -1
58 1 U -1
59 0 L 28
60 0 U 13
61 1 U 23
62 0 L 23
63 1 U 48
64 0 L 1
65 0 L 60
66 0 U 58
67 0 L 43
68 0 L 15
69 1 U 28
70 0 U 35
71 0 U 36
72 1 L 57
73 0 L 34
74 0 U 30
75 1 L 68
76 0 U 24
77 1 L 8
78 1 L 2
79 0 L 37
80 1 L 35
81 0 L 54
82 1 L -1
83 1 L 80
84 1 U -1
85 0 L 59
86 0 L 19
87
0 1 U -1
1 0 U -1
2 1 U -1
3 1 L -1
4 0 U 0
5 1 L 2
6 0 U -1
7 1 U -1
8 0 L 3
9 0 U 6
10 0 U -1
11 1 L -1
12 1 L 9
13 1 L 5
14 0 U -1
15 0 U 4
16 0 U -1
17 1 U -1
18 0 U 3
19 0 L -1
20 1 U -1
21 0 U 4
22 0 U 5
23 0 U 21
24 1 L 9
25 1 U 0
26 0 U 25
27 1 U 18
28 0 U 25
29 0 U 7
30 1 L 10
31 0 L 30
32 0 L 2
33 1 U 5
34 1 L 25
35 1 L 8
36 1 L 22
37 1 U -1
38 1 L 31
39 1 L 4
40 1 L 38
41 0 U 13
42 0 U 41
43 0 L 8
44 1 L 40
45 1 L 39
46 1 U 11
47 1 U 17
48 0 U 23
49 1 L 42
50 0 L 24
51 0 L 40
52 1 L 12
53 1 L 13
54 0 L 39
55 1 U 17
56 0 L -1
57 1 L -1
58 1 U -1
59 0 L 28
60 0 U 13
61 1 U 23
62 0 L 23
63 0 U 48
64 0 L 1
65 0 L 60
66 1 U 58
67 0 L 43
68 1 L 15
69 1 U 28
70 0 U 55
71 0 U 36
72 1 L 57
73 0 L 34
74 0 U 48
75 1 L 68
76 0 U 24
77 0 L 72
78 1 L 64
79 0 L 37
80 1 L 35
81 0 L 54
82 1 L -1
83 0 L 80
84 1 U -1
85 0 L 59
86 0 L 56
87
0 0 U -1
1 0 U -1
2 1 U -1
3 1 L -1
4 0 U 0
5 1 L 2
6 0 U -1
7 1 U -1
8 0 L 3
9 0 U 6
10 0 U -1
11 0 L -1
12 1 L 9
13 1 L 5
14 0 U -1
15 0 U 12
16 0 U -1
17 1 U -1
18 1 U 14
19 0 L -1
20 0 U -1
21 0 U 4
22 0 U 5
23 0 U 21
24 0 L 9
25 1 U 0
26 0 U 25
27 1 U 25
28 0 U 25
29 0 U 7
30 1 L 10
31 0 L 30
32 0 L 2
33 0 U 27
34 1 L 25
35 1 L 8
36 1 L 22
37 1 U -1
38 1 L 31
39 1 L 4
40 1 L 38
41 0 U 32
42 0 U 41
43 0 L 8
44 1 L 40
45 0 L 13
46 0 U 44
47 1 U 2
48 0 U 23
49 1 L 42
50 0 L 24
51 0 L 40
52 1 L 15
53 1 L 13
54 0 L 39
55 1 U 17
56 0 L -1
57 1 L -1
58 1 U -1
59 0 L 28
60 0 U 13
61 1 U 23
62 0 L 23
63 0 U 61
64 0 L 1
65 0 L 60
66 1 U 58
67 0 L 43
68 1 L 15
69 1 U 28
70 0 U 55
71 0 U 36
72 1 L 57
73 0 L 34
74 0 U 48
75 1 L 68
76 0 U 50
77 0 L 72
78 1 L 64
79 1 L 37
80 1 L 35
81 0 L 54
82 0 L -1
83 0 L 80
84 1 U -1
85 1 L 59
86 0 L 56
87
0 1 U -1
1 0 U -1
2 1 U -1
3 1 L -1
4 0 U 0
5 1 L 2
6 0 U -1
7 1 U -1
8 0 L 3
9 0 U 6
10 0 U -1
11 0 L -1
12 1 L 9
13 1 L 5
14 0 U -1
15 0 U 4
16 0 U 0
17 1 U -1
18 0 U 9
19 0 L -1
20 0 U -1
21 0 U 4
22 0 U 5
23 0 U 21
24 0 L 13
25 1 U 0
26 0 U 25
27 1 U 25
28 1 U 25
29 0 U 7
30 1 L 10
31 0 L 30
32 0 L 2
33 1 U 28
34 1 L 25
35 1 L 8
36 1 L 22
37 1 U -1
38 1 L 31
39 1 L 4
40 1 L 38
41 0 U 32
42 0 U 41
43 0 L 8
44 1 L 40
45 0 L 9
46 0 U 44
47 1 U 2
48 0 U 23
49 1 L 42
50 0 L 24
51 0 L 40
52 0 L 15
53 0 L 39
54 0 L 39
55 1 U 17
56 0 L -1
57 0 L -1
58 1 U -1
59 0 L 28
60 0 U 50
61 1 U 23
62 0 L 23
63 0 U 61
64 1 L 1
65 0 L 60
66 1 U 58
67 0 L 64
68 1 L 15
69 1 U 28
70 0 U 55
71 0 U 36
72 0 L 57
73 0 L 34
74 0 U 30
75 1 L 68
76 0 U 33
77 0 L 72
78 1 L 64
79 0 L 37
80 1 L 35
81 0 L 54
82 1 L -1
83 0 L 80
84 1 U -1
85 1 L 59
86 0 L 56
87
0 0 U -1
1 0 U -1
2 1 U -1
3 1 L 0
4 0 U 0
5 1 L 2
6 0 U -1
7 1 U -1
8 0 L 0
9 0 U 3
10 0 U -1
11 0 L -1
12 1 L 9
13 1 L 5
14 0 U -1
15 0 U 4
16 0 U 0
17 1 U -1
18 0 U 16
19 0 L -1
20 0 U -1
21 0 U 4
22 0 U 5
23 0 U 21
24 1 L 13
25 1 U 0
26 0 U 25
27 1 U 25
28 0 U 25
29 0 U 14
30 1 L 10
31 0 L 30
32 0 L 2
33 0 U 28
34 1 L 25
35 1 L 8
36 1 L 22
37 1 U -1
38 1 L 31
39 1 L 4
40 1 L 38
41 0 U 32
42 0 U 41
43 1 L 39
44 1 L 40
45 0 L 21
46 0 U 44
47 1 U 17
48 0 U 23
49 1 L 42
50 1 L 24
51 0 L 40
52 0 L 7
53 0 L 39
54 0 L 39
55 1 U 17
56 0 L -1
57 1 L -1
58 1 U -1
59 0 L 28
60 0 U 13
61 1 U 23
62 0 L 42
63 0 U 61
64 1 L 1
65 0 L 60
66 1 U 37
67 0 L 64
68 0 L 15
69 1 U 28
70 1 U 66
71 0 U 36
72 0 L 57
73 0 L 34
74 0 U 30
75 1 L 68
76 0 U 23
77 1 L 72
78 0 L 72
79 1 L 37
80 1 L 35
81 0 L 54
82 1 L -1
83 0 L 80
84 1 U -1
85 1 L 59
86 0 L 56
87
0 1 U -1
1 0 U -1
2 1 U -1
3 0 L 0
4 0 U 0
5 1 L 2
6 0 U -1
7 1 U -1
8 1 L 0
9 0 U 3
10 0 U -1
11 0 L -1
12 1 L 9
13 1 L 5
14 0 U -1
15 0 U 4
16 0 U 0
17 1 U -1
18 0 U 16
19 0 L -1
20 0 U -1
21 0 U 4
22 0 U 5
23 0 U 21
24 0 L 9
25 1 U 0
26 0 U 25
27 1 U 25
28 0 U 25
29 0 U 14
30 1 L 10
31 0 L 30
32 0 L 2
33 0 U 28
34 1 L 25
35 1 L 8
36 1 L 22
37 1 U -1
38 1 L 31
39 1 L 4
40 1 L 38
41 0 U 32
42 0 U 41
43 0 L 39
44 1 L 40
45 0 L 21
46 0 U 44
47 1 U 17
48 0 U 23
49 1 L 42
50 1 L 24
51 0 L 40
52 1 L 43
53 1 L 13
54 0 L 39
55 1 U 17
56 0 L -1
57 1 L -1
58 1 U -1
59 0 L 28
60 0 U 13
61 1 U 23
62 0 L 23
63 0 U 48
64 0 L 1
65 0 L 60
66 0 U 20
67 1 L 64
68 0 L 15
69 1 U 28
70 1 U 66
71 0 U 36
72 0 L 11
73 0 L 34
74 0 U 30
75 1 L 68
76 0 U 69
77 1 L 56
78 0 L 72
79 0 L 37
80 1 L 35
81 0 L 54
82 0 L -1
83 0 L 80
84 1 U -1
85 1 L 59
86 0 L 56
87
0 0 U -1
1 0 U -1
2 1 U -1
3 0 L -1
4 0 U 0
5 1 L 2
6 0 U -1
7 1 U -1
8 1 L 0
9 0 U 6
10 0 U -1
11 0 L -1
12 0 L 9
13 1 L 5
14 0 U -1
15 0 U 12
16 0 U 0
17 1 U -1
18 1 U 8
19 0 L -1
20 0 U -1
21 0 U 4
22 0 U 5
23 0 U 21
24 0 L 9
25 1 U 0
26 0 U 25
27 1 U 25
28 1 U 25
29 0 U 17
30 1 L 10
31 0 L 30
32 1 L 2
33 1 U 28
34 1 L 25
35 1 L 8
36 1 L 22
37 1 U -1
38 1 L 31
39 1 L 4
40 1 L 38
41 0 U 32
42 0 U 41
43 0 L 39
44 1 L 40
45 0 L 21
46 0 U 44
47 1 U 17
48 0 U 23
49 1 L 23
50 1 L 24
51 0 L 40
52 0 L 12
53 1 L 5
54 0 L 39
55 1 U 17
56 0 L -1
57 1 L -1
58 1 U -1
59 0 L 28
60 0 U 13
61 1 U 23
62 0 L 23
63 0 U 48
64 0 L 1
65 0 L 60
66 0 U 20
67 1 L 64
68 1 L 15
69 1 U 28
70 0 U 66
71 0 U 36
72 0 L 11
73 0 L 34
74 0 U 61
75 1 L 68
76 1 U 11
77 1 L 19
78 0 L 72
79 1 L 37
80 1 L 35
81 0 L 54
82 1 L -1
83 0 L 80
84 1 U -1
85 1 L 59
86 0 L 56
87
0 0 L -1
1 0 U -1
2 1 U -1
3 1 L -1
4 0 U 0
5 1 L 2
6 0 U -1
7 1 U -1
8 1 L 0
9 0 U 6
10 0 U -1
11 0 L -1
12 1 L 9
13 1 L 5
14 0 U -1
15 0 U 4
16 0 U 0
17 1 U -1
18 1 U 16
19 0 L -1
20 0 U -1
21 0 U 4
22 0 U 5
23 0 U 21
24 0 L 9
25 1 U 0
26 0 U 25
27 1 U 25
28 1 U 25
29 0 U 10
30 1 L 10
31 0 L 30
32 1 L 2
33 1 U 28
34 1 L 25
35 1 L 8
36 1 L 22
37 1 U -1
38 1 L 31
39 1 L 4
40 1 L 38
41 0 U 32
42 0 U 41
43 0 L 39
44 1 L 40
45 0 L 21
46 0 U 44
47 1 U 17
48 0 U 23
49 1 L 23
50 1 L 24
51 0 L 40
52 0 L 12
53 1 L 40
54 0 L 39
55 1 U 17
56 0 L -1
57 0 L -1
58 1 U -1
59 0 L 28
60 0 U 13
61 1 U 23
62 0 L 23
63 0 U 48
64 1 L 1
65 0 L 60
66 0 U 20
67 0 L 64
68 0 L 15
69 1 U 28
70 0 U 66
71 0 U 36
72 0 L 11
73 0 L 34
74 0 U 56
75 1 L 68
76 1 U 11
77 0 L 19
78 0 L 72
79 0 L 37
80 1 L 35
81 0 L 6
82 0 L -1
83 1 L 80
84 1 U -1
85 1 L 59
86 0 L 56
87
0 0 L -1
1 0 U -1
2 1 U -1
3 0 L 0
4 0 U 0
5 1 L 2
6 0 U -1
7 1 U -1
8 1 L 0
9 0 U 6
10 0 U -1
11 0 L -1
12 1 L 9
13 1 L 5
14 0 U -1
15 0 U 12
16 0 U -1
17 1 U -1
18 0 U 3
19 0 L -1
20 0 U -1
21 0 U 4
22 0 U 5
23 0 U 21
24 0 L 9
25 1 U 0
26 0 U 25
27 1 U 25
28 0 U 25
29 0 U 7
30 1 L 10
31 0 L 30
32 0 L 2
33 0 U 28
34 1 L 25
35 1 L 8
36 1 L 22
37 1 U -1
38 1 L 31
39 1 L 4
40 1 L 38
41 0 U 32
42 0 U 41
43 0 L 39
44 1 L 40
45 0 L 21
46 0 U 44
47 1 U 17
48 0 U 23
49 1 L 23
50 0 L 24
51 0 L 40
52 0 L 12
53 1 L 40
54 0 L 39
55 1 U 10
56 0 L -1
57 1 L -1
58 1 U -1
59 0 L 28
60 0 U 23
61 1 U 23
62 0 L 23
63 0 U 61
64 1 L 1
65 0 L 60
66 0 U 20
67 0 L 64
68 0 L 15
69 1 U 28
70 0 U 66
71 0 U 36
72 1 L 3
73 0 L 34
74 0 U 56
75 1 L 68
76 1 U 11
77 0 L 19
78 1 L 72
79 0 L 37
80 1 L 35
81 0 L 6
82 0 L -1
83 0 L 80
84 1 U -1
85 1 L 59
86 0 L 56
87
0 0 U -1
1 0 U -1
2 1 U -1
3 0 L 0
4 0 U 0
5 1 L 2
6 0 U -1
7 1 U -1
8 1 L 0
9 0 U 3
10 0 U -1
11 0 L -1
12 1 L 9
13 1 L 4
14 0 U -1
15 0 U 12
16 0 U -1
17 1 U -1
18 0 U 3
19 0 L -1
20 0 U -1
21 0 U 4
22 0 U 5
23 0 U 21
24 0 L 9
25 1 U 0
26 0 U 25
27 1 U 25
28 0 U 25
29 0 U 7
30 1 L 10
31 0 L 30
32 0 L 2
33 1 U 5
34 1 L 25
35 1 L 8
36 1 L 22
37 1 U -1
38 1 L 31
39 1 L 4
40 1 L 38
41 0 U 19
42 0 U 41
43 0 L 39
44 1 L 25
45 0 L 21
46 0 U 44
47 1 U 17
48 0 U 23
49 1 L 23
50 1 L 24
51 0 L 40
52 1 L 12
53 1 L 1
54 0 L 39
55 1 U 16
56 0 L -1
57 0 L -1
58 1 U -1
59 0 L 28
60 0 U 46
61 1 U 23
62 0 L 23
63 0 U 61
64 1 L 1
65 0 L 60
66 0 U 20
67 0 L 64
68 0 L 15
69 1 U 28
70 0 U 66
71 0 U 36
72 0 L 3
73 0 L 34
74 0 U 61
75 1 L 68
76 1 U 11
77 1 L 19
78 0 L 72
79 0 L 37
80 1 L 35
81 0 L 6
82 0 L -1
83 1 L 80
84 1 U -1
85 0 L 38
86 0 L 56
87
0 1 L -1
1 0 U -1
2 1 U -1
3 0 L 0
4 0 U 0
5 1 L 2
6 0 U -1
7 1 U -1
8 1 L 0
9 0 U 3
10 0 U -1
11 0 L -1
12 0 L 9
13 1 L 4
14 0 U -1
15 0 U 12
16 0 U -1
17 1 U -1
18 1 U 3
19 0 L -1
20 0 U -1
21 0 U 4
22 0 U 5
23 0 U 21
24 0 L 9
25 1 U 0
26 1 U 18
27 1 U 25
28 0 U 18
29 0 U 7
30 1 L 10
31 0 L 30
32 0 L 2
33 1 U 27
34 1 L 25
35 1 L 8
36 1 L 22
37 1 U -1
38 1 L 31
39 1 L 4
40 1 L 38
41 0 U 19
42 0 U 41
43 0 L 6
44 1 L 40
45 0 L 21
46 0 U 44
47 1 U 17
48 0 U 24
49 1 L 23
50 0 L 24
51 0 L 40
52 1 L 12
53 0 L 2
54 0 L 39
55 1 U 3
56 0 L -1
57 1 L -1
58 1 U -1
59 0 L 28
60 0 U 46
61 1 U 23
62 0 L 42
63 0 U 61
64 0 L 1
65 0 L 60
66 0 U 20
67 0 L 64
68 0 L 15
69 1 U 28
70 0 U 66
71 0 U 45
72 0 L 3
73 0 L 34
74 0 U 61
75 1 L 68
76 1 U 11
77 0 L 19
78 0 L 72
79 0 L 37
80 1 L 35
81 0 L 6
82 1 L -1
83 1 L 80
84 1 U -1
85 0 L 59
86 0 L 56
87
0 0 L -1
1 0 U -1
2 1 U -1
3 0 L 0
4 0 U 0
5 1 L 2
6 0 U -1
7 1 U -1
8 1 L 0
9 0 U 6
10 0 U -1
11 0 L -1
12 0 L 9
13 1 L 4
14 0 U -1
15 0 U 12
16 0 U -1
17 1 U -1
18 1 U 3
19 0 L -1
20 0 U -1
21 0 U 4
22 0 U 5
23 0 U 21
24 0 L 13
25 1 U 0
26 0 U 25
27 1 U 25
28 1 U 18
29 0 U 7
30 1 L 10
31 0 L 30
32 0 L 2
33 0 U 27
34 1 L 25
35 1 L 8
36 1 L 22
37 1 U -1
38 1 L 31
39 1 L 4
40 1 L 38
41 0 U 19
42 0 U 41
43 0 L 6
44 1 L 40
45 0 L 21
46 0 U 44
47 1 U 17
48 0 U 24
49 1 L 42
50 1 L 24
51 0 L 40
52 1 L 7
53 0 L 2
54 0 L 39
55 1 U 6
56 0 L -1
57 1 L -1
58 1 U -1
59 0 L 28
60 0 U 46
61 1 U 23
62 0 L 42
63 0 U 61
64 1 L 1
65 0 L 60
66 0 U 20
67 0 L 64
68 0 L 15
69 1 U 47
70 0 U 66
71 0 U 49
72 0 L 3
73 0 L 48
74 0 U 61
75 1 L 68
76 1 U 11
77 0 L 19
78 0 L 72
79 0 L 37
80 1 L 35
81 0 L 43
82 0 L -1
83 0 L 32
84 1 U -1
85 1 L 59
86 0 L 56
87
0 0 U -1
1 0 U -1
2 1 U -1
3 1 L 0
4 0 U 0
5 1 L 2
6 0 U -1
7 1 U -1
8 1 L 0
9 0 U 6
10 0 U -1
11 0 L -1
12 0 L 9
13 0 L 4
14 0 U -1
15 0 U 12
16 0 U -1
17 1 U -1
18 0 U 3
19 0 L -1
20 0 U -1
21 0 U 4
22 0 U 5
23 0 U 21
24 0 L 6
25 1 U 0
26 0 U 18
27 1 U 25
28 0 U 18
29 0 U 16
30 1 L 10
31 0 L 30
32 0 L 2
33 1 U 27
34 1 L 25
35 1 L 8
36 1 L 22
37 1 U -1
38 1 L 31
39 1 L 4
40 1 L 38
41 0 U 32
42 0 U 41
43 0 L 6
44 1 L 40
45 0 L 21
46 0 U 44
47 1 U 17
48 0 U 44
49 1 L 42
50 0 L 24
51 0 L 40
52 0 L 7
53 1 L 32
54 0 L 39
55 1 U 6
56 0 L -1
57 1 L -1
58 1 U -1
59 0 L 28
60 0 U 50
61 1 U 23
62 0 L 42
63 0 U 61
64 1 L 1
65 0 L 60
66 0 U 20
67 0 L 64
68 0 L 15
69 1 U 47
70 0 U 66
71 0 U 49
72 0 L 3
73 0 L 48
74 0 U 61
75 1 L 68
76 1 U 11
77 0 L 6
78 0 L 72
79 1 L 37
80 1 L 19
81 0 L 43
82 0 L -1
83 0 L 32
84 1 U -1
85 1 L 20
86 0 L 82
87
0 0 L -1
1 0 U -1
2 1 U -1
3 0 L 0
4 0 U 0
5 1 L 2
6 0 U -1
7 1 U -1
8 0 L 0
9 0 U 3
10 0 U -1
11 0 L -1
12 0 L 9
13 0 L 4
14 0 U -1
15 0 U 12
16 0 U -1
17 1 U -1
18 0 U 3
19 0 L -1
20 0 U -1
21 0 U 4
22 0 U 5
23 0 U 21
24 0 L 6
25 1 U 0
26 0 U 18
27 1 U 25
28 0 U 25
29 0 U 14
30 1 L 10
31 0 L 30
32 0 L 2
33 0 U 5
34 1 L 25
35 1 L 8
36 1 L 22
37 1 U -1
38 1 L 31
39 1 L 4
40 1 L 38
41 0 U 32
42 0 U 41
43 0 L 6
44 1 L 40
45 0 L 21
46 0 U 44
47 1 U 2
48 0 U 44
49 1 L 42
50 1 L 24
51 0 L 40
52 1 L 7
53 1 L 25
54 0 L 39
55 1 U 10
56 1 L -1
57 0 L -1
58 1 U -1
59 0 L 28
60 0 U 22
61 1 U 23
62 0 L 42
63 0 U 61
64 0 L 1
65 0 L 60
66 1 U 20
67 1 L 64
68 1 L 15
69 1 U 28
70 0 U 66
71 0 U 53
72 0 L 3
73 1 L 4
74 0 U 61
75 1 L 68
76 1 U 70
77 0 L 39
78 0 L 72
79 0 L 37
80 1 L 19
81 0 L 43
82 0 L -1
83 0 L 32
84 1 U -1
85 1 L 20
86 1 L 57
87
0 1 L -1
1 0 U -1
2 1 U -1
3 1 L 0
4 0 U 0
5 1 L 2
6 0 U -1
7 1 U -1
8 1 L 0
9 0 U 6
10 0 U -1
11 0 L -1
12 0 L 9
13 1 L 4
14 0 U -1
15 0 U 12
16 0 U -1
17 1 U -1
18 0 U 3
19 0 L -1
20 0 U -1
21 0 U 4
22 0 U 5
23 0 U 21
24 0 L 12
25 1 U 0
26 0 U 18
27 1 U 25
28 1 U 25
29 0 U 14
30 1 L 10
31 0 L 30
32 0 L 2
33 0 U 26
34 1 L 25
35 1 L 8
36 1 L 22
37 1 U -1
38 1 L 31
39 1 L 4
40 1 L 38
41 0 U 32
42 0 U 41
43 0 L 6
44 1 L 40
45 0 L 21
46 0 U 44
47 1 U 7
48 0 U 44
49 1 L 42
50 1 L 13
51 0 L 40
52 0 L 15
53 1 L 41
54 0 L 39
55 1 U 10
56 0 L -1
57 0 L -1
58 1 U -1
59 0 L 28
60 0 U 32
61 1 U 23
62 0 L 42
63 0 U 61
64 0 L 1
65 0 L 60
66 0 U 20
67 1 L 64
68 0 L 15
69 1 U 28
70 0 U 66
71 0 U 53
72 0 L 3
73 0 L 67
74 0 U 61
75 1 L 68
76 1 U 70
77 0 L 64
78 0 L 72
79 1 L 37
80 1 L 19
81 0 L 54
82 1 L -1
83 0 L 32
84 1 U -1
85 1 L 20
86 0 L 57
87
0 0 U -1
1 0 U -1
2 1 U -1
3 0 L 0
4 0 U 0
5 1 L 2
6 0 U -1
7 1 U -1
8 1 L 0
9 0 U 6
10 0 U -1
11 0 L -1
12 1 L 9
13 0 L 4
14 0 U -1
15 0 U 12
16 0 U -1
17 1 U -1
18 0 U 3
19 0 L -1
20 0 U -1
21 0 U 4
22 0 U 5
23 0 U 21
24 0 L 7
25 1 U 0
26 0 U 18
27 1 U 18
28 1 U 25
29 0 U 2
30 1 L 10
31 0 L 30
32 0 L 2
33 1 U 26
34 1 L 25
35 1 L 8
36 1 L 22
37 1 U -1
38 1 L 31
39 1 L 4
40 1 L 38
41 0 U 32
42 0 U 41
43 1 L 13
44 1 L 25
45 0 L 39
46 0 U 44
47 1 U 7
48 0 U 44
49 1 L 42
50 0 L 13
51 0 L 40
52 1 L 43
53 0 L 46
54 0 L 39
55 1 U 10
56 0 L -1
57 0 L -1
58 1 U -1
59 0 L 28
60 0 U 32
61 1 U 23
62 0 L 23
63 0 U 61
64 0 L 1
65 0 L 60
66 1 U 20
67 1 L 64
68 1 L 15
69 1 U 28
70 1 U 66
71 0 U 53
72 0 L 3
73 1 L 67
74 0 U 30
75 1 L 68
76 1 U 70
77 1 L 64
78 0 L 72
79 1 L 37
80 1 L 19
81 0 L 54
82 0 L -1
83 0 L 32
84 1 U -1
85 1 L 20
86 0 L 82
87
0 0 L -1
1 0 U -1
2 1 U -1
3 0 L 0
4 0 U 0
5 1 L 2
6 0 U -1
7 1 U -1
8 0 L 0
9 0 U 3
10 0 U -1
11 0 L -1
12 0 L 9
13 0 L 4
14 0 U -1
15 0 U 12
16 0 U -1
17 1 U -1
18 0 U 6
19 0 L -1
20 0 U -1
21 0 U 4
22 0 U 5
23 0 U 21
24 1 L 15
25 1 U 0
26 0 U 18
27 1 U 18
28 0 U 25
29 0 U 2
30 1 L 10
31 0 L 30
32 0 L 2
33 0 U 26
34 1 L 25
35 1 L 8
36 1 L 22
37 1 U -1
38 1 L 31
39 1 L 4
40 1 L 38
41 0 U 32
42 0 U 41
43 0 L 13
44 1 L 25
45 1 L 39
46 0 U 44
47 1 U 7
48 0 U 44
49 1 L 42
50 0 L 13
51 0 L 40
52 1 L 15
53 0 L 46
54 0 L 39
55 1 U 10
56 0 L 11
57 1 L -1
58 1 U -1
59 0 L 28
60 0 U 38
61 1 U 23
62 0 L 23
63 0 U 61
64 0 L 1
65 0 L 60
66 1 U 20
67 0 L 64
68 1 L 15
69 1 U 28
70 1 U 66
71 0 U 53
72 0 L 3
73 1 L 67
74 0 U 30
75 1 L 68
76 1 U 70
77 0 L 64
78 0 L 72
79 1 L 37
80 1 L 56
81 0 L 54
82 0 L -1
83 0 L 32
84 1 U -1
85 1 L 20
86 1 L 82
87
0 0 U -1
1 0 U -1
2 1 U -1
3 1 L -1
4 0 U 0
5 1 L 2
6 0 U -1
7 1 U -1
8 1 L 0
9 0 U 6
10 0 U -1
11 0 L -1
12 1 L 9
13 0 L 4
14 0 U -1
15 0 U 12
16 0 U -1
17 1 U -1
18 0 U 6
19 0 L -1
20 1 U -1
21 0 U 4
22 0 U 5
23 0 U 21
24 0 L 15
25 1 U -1
26 0 U 18
27 1 U 18
28 0 U 25
29 0 U 16
30 1 L 10
31 0 L 30
32 0 L 2
33 1 U 26
34 1 L 25
35 1 L 8
36 1 L 22
37 1 U -1
38 1 L 31
39 1 L 4
40 1 L 38
41 0 U 19
42 0 U 41
43 1 L 13
44 1 L 40
45 1 U 39
46 0 U 44
47 1 U 7
48 1 U 44
49 1 L 42
50 0 L 13
51 0 L 40
52 1 L 15
53 0 L 21
54 0 L 39
55 1 U 10
56 0 L 11
57 0 L -1
58 1 U -1
59 0 L 28
60 0 U 38
61 1 U 23
62 0 L 23
63 0 U 61
64 0 L 1
65 0 L 60
66 1 U 20
67 0 L 64
68 0 L 15
69 1 U 9
70 1 U 66
71 0 U 36
72 0 L 0
73 1 L 9
74 0 U 30
75 1 L 68
76 1 U 70
77 1 L 64
78 0 L 72
79 0 L 37
80 1 L 56
81 0 L 54
82 0 L -1
83 0 L 32
84 1 U -1
85 1 L 20
86 1 L 82
87
0 0 U -1
1 0 U -1
2 1 U -1
3 1 L -1
4 0 U 0
5 1 L 2
6 0 U -1
7 1 U -1
8 1 L 0
9 0 U 6
10 0 U -1
11 0 L -1
12 1 L 8
13 0 L 4
14 0 U -1
15 0 U 3
16 0 U -1
17 1 U -1
18 1 U 6
19 0 L -1
20 1 U -1
21 0 U 4
22 0 U 5
23 0 U 21
24 1 L 15
25 1 U -1
26 0 U 18
27 1 U 18
28 1 U 25
29 0 U 7
30 1 L 10
31 0 L 30
32 0 L 2
33 1 U 29
34 1 L 6
35 1 L 8
36 1 L 22
37 1 U -1
38 1 L 31
39 1 L 4
40 1 L 38
41 0 U 19
42 0 U 41
43 1 L 13
44 1 L 40
45 1 U 19
46 0 U 44
47 1 U 7
48 0 U 44
49 1 L 42
50 0 U 33
51 0 L 40
52 1 L 7
53 0 U 21
54 0 L 39
55 1 U 16
56 0 L 39
57 0 L -1
58 1 U -1
59 0 L 28
60 0 U 38
61 1 U 23
62 0 L 23
63 0 U 61
64 0 L 1
65 0 L 60
66 1 U 20
67 0 L 64
68 0 L 15
69 1 U 9
70 1 U 66
71 0 U 36
72 1 L 0
73 1 L 9
74 0 U 30
75 1 L 68
76 1 U 70
77 1 L 64
78 0 L 8
79 0 L 37
80 1 L 64
81 0 L 54
82 0 L -1
83 0 L 32
84 1 U -1
85 1 L 20
86 1 L 82
87
0 1 L -1
1 0 U -1
2 1 U -1
3 0 L -1
4 0 U 0
5 1 L 2
6 0 U -1
7 1 U -1
8 1 L 0
9 0 U 6
10 0 U -1
11 0 L -1
12 0 U 8
13 0 L 4
14 0 U -1
15 0 U 6
16 0 U -1
17 1 U -1
18 0 U 6
19 0 L -1
20 0 U -1
21 0 U 4
22 0 U 5
23 0 U 21
24 0 L 15
25 1 U -1
26 1 U 18
27 0 U 3
28 1 U 3
29 0 U 2
30 1 L 10
31 0 L 30
32 0 L 2
33 0 U 29
34 1 L 20
35 1 L 8
36 1 L 22
37 1 U -1
38 1 L 31
39 1 L 4
40 1 L 38
41 0 U 19
42 0 U 41
43 1 L 13
44 1 L 40
45 0 U 19
46 0 U 44
47 1 U 7
48 1 U 44
49 1 L 42
50 0 U 33
51 0 L 40
52 1 L 7
53 0 L 21
54 0 L 39
55 1 U 7
56 0 L 39
57 1 L -1
58 1 U -1
59 0 L 28
60 0 U 38
61 1 U 23
62 0 L 23
63 0 U 61
64 0 L 1
65 0 L 60
66 0 U 37
67 0 L 64
68 1 L 15
69 1 U 9
70 1 U 66
71 0 U 36
72 1 L 0
73 1 L 8
74 0 U 30
75 1 L 68
76 1 U 70
77 1 L 64
78 0 L 8
79 1 L 37
80 1 L 64
81 0 L 54
82 1 L -1
83 0 L 32
84 1 U -1
85 0 L 59
86 1 L 82
87
0 1 U -1
1 0 U -1
2 1 U -1
3 1 L 0
4 0 U 0
5 1 L 2
6 0 U -1
7 1 U -1
8 1 L 0
9 0 U 6
10 0 U -1
11 0 L -1
12 0 U 8
13 0 L 4
14 0 U -1
15 0 U 6
16 0 U -1
17 1 U -1
18 0 U 3
19 0 L -1
20 1 U -1
21 0 U 4
22 0 U 5
23 0 U 21
24 0 L 7
25 1 U -1
26 0 U 25
27 1 U 6
28 1 U 3
29 0 U 17
30 1 L 10
31 0 L 30
32 0 L 2
33 1 U 29
34 0 L 21
35 1 L 8
36 0 L 22
37 1 U -1
38 1 L 31
39 1 L 4
40 1 L 38
41 0 U 19
42 0 U 41
43 1 L 13
44 1 L 40
45 0 U 19
46 0 U 12
47 1 U 10
48 1 U 44
49 1 L 42
50 0 U 33
51 0 L 40
52 0 L 7
53 1 L 13
54 0 L 39
55 1 U 16
56 1 L 39
57 0 L -1
58 1 U -1
59 0 L 28
60 0 U 38
61 1 U 23
62 0 L 42
63 0 U 61
64 0 L 1
65 0 L 60
66 1 U 37
67 0 L 64
68 0 L 7
69 1 U 9
70 1 U 15
71 0 U 60
72 1 L 0
73 0 L 8
74 0 U 45
75 1 L 68
76 1 U 70
77 1 L 64
78 0 L 8
79 0 L 37
80 1 L 64
81 0 L 54
82 0 L -1
83 0 L 32
84 1 U -1
85 1 L 49
86 1 L 82
87
0 1 L -1
1 0 U -1
2 1 U -1
3 0 L 0
4 0 U 0
5 1 L 2
6 0 U -1
7 1 U -1
8 1 L 0
9 0 U 3
10 0 U -1
11 0 L -1
12 0 L 8
13 0 L 4
14 0 U -1
15 0 U 6
16 0 U -1
17 1 U -1
18 0 U 14
19 0 L -1
20 0 U -1
21 0 U 4
22 0 U 5
23 0 U 21
24 0 L 7
25 1 U -1
26 0 U 3
27 1 U 6
28 1 U 3
29 0 U 17
30 1 L 10
31 0 L 30
32 0 L 2
33 1 U 29
34 0 L 21
35 1 L 8
36 1 L 22
37 1 U -1
38 1 L 31
39 1 L 4
40 1 L 38
41 1 U 32
42 0 U 41
43 1 L 13
44 1 U 40
45 0 U 19
46 0 U 44
47 1 U 10
48 1 U 44
49 1 L 42
50 0 U 33
51 0 L 40
52 0 L 7
53 1 L 6
54 0 L 39
55 1 U 6
56 0 L 39
57 0 L -1
58 1 U -1
59 0 L 28
60 0 U 38
61 1 U 23
62 0 L 42
63 0 U 61
64 0 L 1
65 0 L 60
66 1 U 37
67 0 L 64
68 0 L 7
69 1 U 9
70 1 U 15
71 0 U 60
72 1 L 0
73 1 L 67
74 0 U 45
75 1 L 68
76 1 U 70
77 1 L 64
78 0 L 8
79 0 L 37
80 1 L 64
81 0 L 13
82 0 L -1
83 0 L 32
84 1 U -1
85 0 L 38
86 1 L 82
87
0 1 U -1
1 0 U -1
2 1 U -1
3 1 L 0
4 0 U 0
5 1 L 2
6 0 U -1
7 1 U -1
8 1 L 0
9 0 U 3
10 0 U -1
11 0 L -1
12 1 L 8
13 0 L 4
14 0 U -1
15 0 U 6
16 0 U -1
17 1 U -1
18 1 U 14
19 0 L -1
20 0 U -1
21 0 U 4
22 0 U 8
23 0 U 21
24 0 L 7
25 1 U -1
26 1 U 3
27 1 U 25
28 1 U 3
29 0 U 17
30 1 L 24
31 0 L 30
32 0 L 2
33 0 U 29
34 1 L 21
35 1 L 8
36 1 L 22
37 1 U -1
38 1 L 31
39 1 L 4
40 1 L 38
41 1 U 32
42 0 U 41
43 1 L 13
44 1 U 5
45 0 U 19
46 0 U 44
47 1 U 10
48 1 U 29
49 1 L 23
50 0 U 33
51 0 L 40
52 1 L 43
53 0 L 9
54 0 L 39
55 1 U 6
56 0 L 39
57 0 L -1
58 1 U -1
59 0 L 28
60 0 U 38
61 1 U 23
62 0 L 42
63 0 U 61
64 0 L 1
65 0 L 60
66 1 U 37
67 0 L 64
68 0 L 7
69 1 U 9
70 1 U 15
71 0 U 60
72 0 L 0
73 1 L 21
74 0 U 45
75 1 L 68
76 1 U 70
77 1 L 64
78 0 L 11
79 0 L 37
80 1 L 64
81 0 L 13
82 1 L -1
83 0 L 32
84 1 U -1
85 0 L 38
86 1 L 82
87
0 1 L -1
1 0 U -1
2 1 U -1
3 1 L 0
4 0 U 0
5 1 L 2
6 0 U -1
7 1 U -1
8 1 L 0
9 0 U 3
10 0 U -1
11 0 L -1
12 0 L 8
13 0 L 4
14 0 U -1
15 0 U 3
16 0 U -1
17 1 U -1
18 0 U 14
19 0 L -1
20 0 U -1
21 0 U 4
22 0 U 8
23 0 U 21
24 0 L 7
25 1 U -1
26 0 U 25
27 1 U 25
28 0 U 6
29 0 U 17
30 1 L 24
31 0 L 30
32 0 L 2
33 0 U 29
34 1 L 21
35 1 L 8
36 1 L 22
37 1 U -1
38 1 L 31
39 1 L 4
40 1 L 38
41 0 U 32
42 0 U 41
43 1 L 13
44 1 U 5
45 0 U 19
46 0 U 44
47 1 U 10
48 0 U 29
49 1 L 23
50 0 U 33
51 0 L 40
52 0 L 43
53 1 U 13
54 0 L 13
55 1 U 17
56 1 L 13
57 0 L -1
58 1 U -1
59 0 L 28
60 0 U 38
61 1 U 23
62 0 L 42
63 0 U 61
64 0 L 1
65 0 L 60
66 1 U 37
67 0 L 64
68 0 L 54
69 1 U 29
70 1 U 15
71 0 U 60
72 0 L 0
73 1 L 21
74 0 U 45
75 1 L 68
76 1 U 70
77 1 L 64
78 0 L 11
79 0 L 37
80 1 L 64
81 0 L 9
82 0 L -1
83 1 L 32
84 1 U -1
85 1 L 38
86 1 L 82
87
0 1 L -1
1 0 U -1
2 1 U -1
3 1 L -1
4 0 U 0
5 1 L 2
6 0 U -1
7 1 U -1
8 0 L 0
9 0 U 3
10 0 U -1
11 0 L -1
12 0 L 8
13 0 L 4
14 0 U -1
15 0 U 3
16 0 U -1
17 1 U -1
18 0 U 3
19 0 L -1
20 0 U -1
21 0 U 4
22 0 U 8
23 0 U 21
24 0 L 7
25 1 U -1
26 1 U 25
27 1 U 25
28 1 U 4
29 0 U 17
30 1 L 24
31 0 L 30
32 0 L 2
33 0 U 29
34 1 L 26
35 1 L 8
36 1 L 22
37 1 U -1
38 1 L 31
39 1 L 4
40 1 L 38
41 0 U 32
42 0 U 41
43 1 L 13
44 0 U 5
45 0 U 22
46 1 U 44
47 1 U 10
48 1 U 29
49 1 L 23
50 0 U 33
51 0 L 40
52 0 L 43
53 0 U 40
54 0 L 13
55 1 U 14
56 1 L 13
57 0 L -1
58 1 U -1
59 0 L 28
60 0 U 38
61 1 U 23
62 0 L 42
63 0 U 61
64 0 L 1
65 0 L 60
66 1 U 37
67 0 L 64
68 0 L 43
69 1 U 29
70 1 U 8
71 0 U 60
72 0 L 0
73 1 L -1
74 0 U 52
75 1 L 68
76 1 U 70
77 0 L 64
78 0 L 11
79 0 L 37
80 1 L 64
81 0 L 9
82 0 L -1
83 1 L 32
84 1 U -1
85 1 L 38
86 1 L 82
