32
0 0 U -1
1 0 U -1
2 0 U -1
3 0 U -1
4 0 U -1
5 0 U -1
6 0 U -1
7 0 U -1
8 0 U -1
9 0 U -1
10 0 U -1
11 0 U -1
12 0 U -1
13 0 U -1
14 0 U -1
15 0 U -1
16 0 U -1
17 0 U -1
18 0 U -1
19 0 U -1
20 0 U -1
21 0 U -1
22 0 U -1
23 0 U -1
24 0 U -1
25 0 U -1
26 0 U -1
27 0 U -1
28 0 U -1
29 0 U -1
30 0 U -1
31 0 U -1
32
0 1 U -1
1 1 U -1
2 1 U 0
3 1 L 0
4 0 U -1
5 1 U 4
6 0 U -1
7 1 U 6
8 0 L 2
9 1 L 3
10 0 L -1
11 1 L 10
12 0 U 6
13 1 L -1
14 0 U 2
15 0 L -1
16 1 L 9
17 0 U 14
18 0 U -1
19 0 L 7
20 1 U -1
21 0 U -1
22 0 L 19
23 0 U 2
24 0 U 0
25 1 U 20
26 1 L 15
27 0 U 11
28 0 U 21
29 0 L 3
30 1 U 24
31 0 L 23
32
0 1 U -1
1 1 U -1
2 0 U 0
3 1 L 0
4 0 U -1
5 1 U 4
6 0 U -1
7 1 U 6
8 0 L 1
9 1 L 3
10 0 L -1
11 1 L 10
12 1 U 6
13 1 L 2
14 1 U 2
15 0 L -1
16 1 L 9
17 0 U 5
18 0 U -1
19 0 L 15
20 1 U -1
21 1 U -1
22 0 L 8
23 1 U 4
24 0 U 0
25 1 U 0
26 1 L 10
27 0 U 11
28 0 U 21
29 0 L 3
30 1 U 24
31 0 L 17
32
0 1 L -1
1 1 U -1
2 1 U 0
3 1 L 0
4 0 U -1
5 1 U 4
6 0 U -1
7 1 U 6
8 0 L 2
9 1 L 3
10 0 L -1
11 1 L 10
12 1 U 6
13 0 L 10
14 0 U 2
15 0 L -1
16 1 L 9
17 0 U 14
18 0 U -1
19 0 L 7
20 1 U -1
21 0 U -1
22 0 L 19
23 1 U 18
24 0 U 0
25 1 U 4
26 0 L -1
27 0 U 24
28 0 U 20
29 1 L 11
30 1 U 28
31 0 L 18
32
0 1 L -1
1 1 U -1
2 0 U 0
3 1 L 0
4 0 U -1
5 1 U 4
6 0 U -1
7 0 U 3
8 1 L 2
9 1 L 3
10 0 L -1
11 1 L 10
12 1 U 6
13 1 L 2
14 0 U 8
15 0 L -1
16 1 L 9
17 0 U 7
18 0 U -1
19 0 L 10
20 1 U -1
21 0 U -1
22 0 L 4
23 0 U 18
24 0 U 0
25 1 U 0
26 1 L 10
27 0 U 10
28 0 U 6
29 0 L 3
30 1 U 13
31 0 L 18
32
0 1 L -1
1 1 U -1
2 0 U 0
3 1 L 0
4 0 U -1
5 1 U 4
6 0 U -1
7 1 U 6
8 0 L 2
9 1 L 3
10 1 L -1
11 1 L 10
12 1 U 6
13 1 U 3
14 1 U 8
15 1 L -1
16 1 L 7
17 0 U 12
18 0 U -1
19 0 L 0
20 0 U -1
21 0 U -1
22 0 L 5
23 1 U 0
24 0 U 21
25 1 U 4
26 1 L 8
27 0 U 11
28 0 U 8
29 1 L 11
30 1 U 28
31 0 L 16
32
0 1 U -1
1 1 U -1
2 0 U 0
3 1 L 0
4 0 U -1
5 1 U 4
6 0 U -1
7 0 U 3
8 0 L 2
9 1 L 3
10 1 L -1
11 1 L 10
12 0 U 6
13 0 U 8
14 0 U 8
15 1 L -1
16 1 L 9
17 0 U 13
18 0 U -1
19 0 L 13
20 1 U -1
21 0 U -1
22 0 L 7
23 0 L 15
24 0 U 20
25 1 U 4
26 0 L 15
27 0 U 11
28 0 U 21
29 1 L 3
30 1 U 10
31 0 L 19
32
0 1 U -1
1 1 U -1
2 1 U 0
3 1 L 0
4 0 U -1
5 1 U 4
6 0 U -1
7 0 U 6
8 0 L 2
9 1 L 3
10 0 L -1
11 1 L 10
12 1 U 6
13 1 U 8
14 0 U 8
15 1 L 2
16 1 L 9
17 0 U 13
18 0 U -1
19 0 L 9
20 1 U -1
21 0 U -1
22 0 L 12
23 1 L 10
24 0 U 4
25 1 U 20
26 0 L 15
27 0 U 11
28 0 U 0
29 1 L 26
30 1 U 28
31 0 L 22
32
0 1 U -1
1 1 U -1
2 1 U 0
3 1 L 0
4 0 U -1
5 1 U 4
6 0 U -1
7 1 U 6
8 0 L 5
9 1 L 3
10 0 L -1
11 1 L 10
12 1 U 6
13 1 U 2
14 1 U 2
15 0 L -1
16 1 L 9
17 1 U 5
18 0 U -1
19 0 L 10
20 1 U -1
21 0 U -1
22 0 L 1
23 0 L 15
24 0 U 0
25 1 U 4
26 0 L -1
27 0 U 11
28 0 U 0
29 1 U 9
30 1 U 28
31 0 L 26
32
0 1 L -1
1 1 U -1
2 0 U 0
3 0 L 0
4 0 U -1
5 1 U 4
6 0 U -1
7 1 U 6
8 0 L 2
9 1 L 3
10 1 L -1
11 1 L 10
12 1 U 6
13 0 U 8
14 0 U 8
15 1 L -1
16 1 L 9
17 0 U 12
18 0 U -1
19 0 L 13
20 1 U -1
21 0 U -1
22 0 L 7
23 0 L 10
24 0 U 20
25 1 U 0
26 0 L 8
27 1 U 25
28 0 U 21
29 1 L 26
30 1 U 10
31 0 L 18
32
0 1 L -1
1 1 U -1
2 0 U 0
3 0 L 0
4 0 U -1
5 1 U 4
6 0 U -1
7 1 U 2
8 0 L 2
9 1 L 3
10 1 L -1
11 1 L 10
12 1 U 8
13 0 U 8
14 1 U 8
15 1 L -1
16 0 L 9
17 0 L 16
18 0 U -1
19 0 L 13
20 1 U -1
21 0 U -1
22 0 L 7
23 0 L 10
24 0 U 20
25 1 U 0
26 0 L 15
27 0 U 25
28 0 U 4
29 0 L 26
30 1 U 10
31 0 L 19
32
0 1 U -1
1 1 U -1
2 0 U 0
3 0 L 0
4 0 U -1
5 1 U 4
6 0 U -1
7 1 U 6
8 0 L 2
9 1 L 3
10 1 L -1
11 1 L 10
12 0 U 6
13 1 U 8
14 0 U 8
15 1 L -1
16 1 L 9
17 0 L 16
18 0 U -1
19 1 L 13
20 1 U -1
21 0 U -1
22 0 L 9
23 0 L 15
24 0 U 20
25 1 U 6
26 0 L 8
27 1 U 25
28 0 U 4
29 1 L 26
30 1 U 11
31 0 L 24
32
0 1 L -1
1 1 U -1
2 0 U 0
3 0 L 0
4 0 U -1
5 1 U 4
6 0 U -1
7 1 U 2
8 0 L 2
9 1 L 3
10 1 L -1
11 1 L 10
12 1 U 6
13 1 U 2
14 0 U 2
15 1 L -1
16 0 L 9
17 0 L 16
18 0 U -1
19 0 L 13
20 1 U -1
21 0 U -1
22 0 L 7
23 0 L 8
24 0 U 20
25 1 U 0
26 0 L 10
27 0 U 25
28 0 U 21
29 0 L 26
30 1 U 28
31 0 L 14
32
0 1 L -1
1 1 U -1
2 0 U 0
3 0 L 0
4 0 U -1
5 1 U 4
6 0 U -1
7 0 U 2
8 0 L 2
9 0 L 3
10 1 L -1
11 1 L 10
12 0 U 6
13 1 U 2
14 0 U 8
15 1 L -1
16 1 L 9
17 0 L 16
18 0 U -1
19 0 L 13
20 1 U -1
21 0 U -1
22 0 L 9
23 0 L 8
24 0 U 20
25 1 U 0
26 0 L 10
27 0 U 25
28 0 U 21
29 0 L 5
30 1 U 25
31 0 L 19
32
0 1 U -1
1 1 U -1
2 0 U 0
3 0 L 0
4 0 U -1
5 1 U 4
6 0 U -1
7 0 U 2
8 0 L 2
9 1 L 3
10 1 L -1
11 1 L 10
12 1 U 6
13 1 U 8
14 0 U 8
15 1 L -1
16 1 L 9
17 0 L 6
18 0 U -1
19 0 L 13
20 1 U -1
21 0 U -1
22 0 L 7
23 0 L 8
24 0 U 20
25 1 U 4
26 0 L 10
27 0 U 25
28 0 U 20
29 1 L 26
30 1 U 11
31 0 L 14
32
0 1 U -1
1 1 U -1
2 0 U 0
3 0 L 0
4 0 U -1
5 1 U 4
6 0 U -1
7 1 U 6
8 0 L 2
9 1 L 3
10 1 L -1
11 1 L 10
12 0 U 6
13 1 U 2
14 0 U 8
15 1 L -1
16 1 L 9
17 0 L 16
18 0 U -1
19 1 L 13
20 1 U -1
21 0 U -1
22 0 L 7
23 0 L 10
24 0 U 20
25 1 U 0
26 0 L 8
27 1 U 25
28 0 U 6
29 1 L 5
30 1 U 11
31 0 U 30
32
0 1 L -1
1 1 U -1
2 0 U 0
3 0 L 0
4 0 U -1
5 1 U 4
6 0 U -1
7 0 U 2
8 0 L 2
9 1 L 3
10 1 L -1
11 1 L 10
12 0 U 6
13 0 U 2
14 0 U 2
15 1 L -1
16 1 L 9
17 1 L 16
18 0 U -1
19 1 L 13
20 1 U -1
21 0 U -1
22 0 L 7
23 0 L 15
24 0 U 20
25 1 U 0
26 0 L 0
27 0 U 25
28 0 U 0
29 1 L 26
30 1 U 11
31 0 U 30
32
0 1 U -1
1 1 U -1
2 0 U 0
3 0 L 0
4 0 U -1
5 1 U 4
6 0 U -1
7 1 U 6
8 0 L 2
9 1 L 3
10 1 L -1
11 1 L 10
12 0 U 6
13 0 U 2
14 0 U 2
15 1 L -1
16 0 L 9
17 0 L 16
18 0 U -1
19 0 L 13
20 1 U -1
21 0 U -1
22 0 L 7
23 0 L 10
24 0 U 20
25 1 U 0
26 0 L 10
27 0 U 25
28 0 U 0
29 0 L 26
30 1 U 11
31 0 U 30
32
0 1 L -1
1 1 U -1
2 0 U 0
3 0 L 0
4 0 U -1
5 1 U 4
6 0 U -1
7 1 U 6
8 0 L 2
9 1 L 3
10 1 L -1
11 1 L 10
12 0 U 6
13 0 U 8
14 1 U 8
15 1 L -1
16 1 L 9
17 0 L 16
18 0 U -1
19 0 L 13
20 1 U -1
21 0 U -1
22 0 L 9
23 0 L 10
24 0 U 20
25 1 U 4
26 0 L 15
27 1 U 25
28 0 U 21
29 0 L 26
30 1 U 10
31 0 U 30
32
0 1 L -1
1 1 U -1
2 0 U 0
3 0 L 0
4 0 U -1
5 1 U 4
6 0 U -1
7 0 U 6
8 0 L 2
9 1 L 3
10 1 L -1
11 1 L 10
12 1 U 6
13 1 U 8
14 0 U 8
15 1 L -1
16 1 L 9
17 0 L 16
18 0 U -1
19 0 L 13
20 1 U -1
21 0 U -1
22 0 L 7
23 0 L 15
24 0 U 4
25 1 U 6
26 0 L 8
27 1 U 25
28 0 U 4
29 0 L 26
30 1 U 28
31 0 L 17
32
0 1 U -1
1 1 U -1
2 0 U 0
3 0 L 0
4 0 U -1
5 1 U 4
6 0 U -1
7 0 U 2
8 0 L 2
9 1 L 3
10 1 L -1
11 1 L 10
12 0 U 6
13 0 U 2
14 0 U 8
15 1 L -1
16 1 L 9
17 0 L 16
18 0 U -1
19 0 L 13
20 1 U -1
21 0 U -1
22 0 L 7
23 0 L 8
24 0 U 20
25 1 U 0
26 0 L 10
27 1 U 25
28 0 U 0
29 1 L 26
30 1 U 28
31 0 L 24
32
0 1 U -1
1 1 U -1
2 0 U 0
3 0 L 0
4 0 U -1
5 1 U 4
6 0 U -1
7 1 U 2
8 1 U 6
9 1 L 3
10 1 L -1
11 1 L 10
12 1 U 6
13 1 U 2
14 0 U 2
15 1 L -1
16 0 L 9
17 1 L 16
18 0 U -1
19 1 L 13
20 1 U -1
21 0 U -1
22 0 L 9
23 0 L 15
24 0 U 20
25 1 U 4
26 0 L 15
27 0 U 25
28 0 U 21
29 1 L 26
30 1 U 10
31 0 L 18
32
0 1 U -1
1 1 U -1
2 0 U 0
3 0 L 0
4 0 U -1
5 1 U 4
6 0 U -1
7 1 U 6
8 0 L 2
9 1 L 3
10 1 L -1
11 1 L 10
12 1 U 6
13 1 U 2
14 0 U 2
15 1 L -1
16 1 L 9
17 0 U 7
18 0 U -1
19 0 L 13
20 1 U -1
21 0 U -1
22 0 L 9
23 0 L 10
24 0 U 20
25 1 U 4
26 0 L 10
27 0 U 25
28 0 U 18
29 0 L 26
30 0 U 28
31 0 L 19
32
0 1 L -1
1 1 U -1
2 0 U 0
3 0 L 0
4 0 U -1
5 1 U 4
6 0 U -1
7 1 U 6
8 0 L 2
9 1 L 3
10 1 L -1
11 1 L 10
12 0 U 6
13 1 U 8
14 0 U 2
15 1 L -1
16 1 L 7
17 1 U 14
18 0 U -1
19 0 L 13
20 1 U -1
21 0 U -1
22 0 L 7
23 0 L 15
24 0 U 20
25 1 U 4
26 0 L 10
27 0 U 25
28 0 U 0
29 1 L 5
30 1 U 11
31 0 L 22
32
0 1 U -1
1 1 U -1
2 0 U 0
3 0 L 0
4 0 U -1
5 1 U 4
6 0 U -1
7 1 U 6
8 0 L 2
9 1 L 3
10 1 L -1
11 1 L 10
12 0 U 6
13 0 U 8
14 0 U 2
15 1 L -1
16 1 L 9
17 0 U 12
18 0 U -1
19 0 L 13
20 1 U -1
21 0 U -1
22 0 L 7
23 0 L 15
24 0 U 4
25 1 U 6
26 0 L 8
27 1 U 25
28 0 U 0
29 0 L 26
30 1 U 28
31 0 L 24
32
0 1 L -1
1 1 U -1
2 0 U 0
3 0 L 0
4 0 U -1
5 1 U 4
6 0 U -1
7 0 U 2
8 0 L 2
9 0 L 3
10 1 L -1
11 1 L 10
12 0 U 6
13 0 U 2
14 1 U 8
15 1 L -1
16 1 L 9
17 0 U 14
18 0 U -1
19 0 L 13
20 1 U -1
21 0 U -1
22 0 L 7
23 0 L 15
24 0 U 20
25 1 U 0
26 0 L 8
27 0 U 25
28 0 U 0
29 0 L 5
30 1 U 10
31 0 L 24
32
0 1 L -1
1 1 U -1
2 0 U 0
3 0 L 0
4 0 U -1
5 1 U 4
6 0 U -1
7 1 U 6
8 0 L 2
9 1 L 3
10 1 L -1
11 1 L 10
12 0 U 2
13 1 U 2
14 1 U 2
15 1 L -1
16 0 L 9
17 0 U 14
18 0 U -1
19 0 L 13
20 1 U -1
21 0 U -1
22 0 L 7
23 0 L 15
24 0 U 20
25 1 U 4
26 0 L 15
27 0 U 25
28 0 U 18
29 0 L 26
30 1 U 28
31 0 L 19
32
0 1 L -1
1 1 U -1
2 0 U 0
3 0 L 0
4 0 U -1
5 1 U 4
6 0 U -1
7 0 U 6
8 1 L 5
9 1 L 3
10 1 L -1
11 1 L 10
12 1 U 6
13 0 U 2
14 0 U 2
15 1 L -1
16 1 L 9
17 0 U 12
18 0 U -1
19 0 L 13
20 1 U -1
21 0 U -1
22 0 L 7
23 0 L 10
24 0 U 20
25 1 U 6
26 0 L 15
27 1 U 25
28 0 U 21
29 0 L 26
30 1 U 25
31 0 L 14
32
0 1 L -1
1 1 U -1
2 0 U 0
3 0 L 0
4 0 U -1
5 1 U 4
6 0 U -1
7 1 U 2
8 0 L 2
9 1 L 3
10 1 L -1
11 1 L 10
12 0 U 6
13 0 U 2
14 0 U 8
15 1 L -1
16 1 L 7
17 0 U 12
18 0 U -1
19 0 L 13
20 1 U -1
21 0 U -1
22 0 L 9
23 0 L 15
24 0 U 20
25 1 U 4
26 0 L 8
27 0 U 25
28 0 U 21
29 0 L 26
30 1 U 28
31 0 L 18
32
0 1 U -1
1 1 U -1
2 0 U 0
3 0 L 0
4 0 U -1
5 1 U 4
6 0 U -1
7 1 U 6
8 1 U 6
9 1 L 3
10 1 L -1
11 1 L 10
12 1 U 6
13 1 U 2
14 0 U 2
15 1 L -1
16 1 L 7
17 1 L 12
18 0 U -1
19 1 L 13
20 1 U -1
21 0 U -1
22 0 L 7
23 0 L 15
24 0 U 20
25 1 U 0
26 0 L 15
27 0 U 25
28 0 U 21
29 1 L 27
30 1 U 29
31 0 L 19
32
0 1 L -1
1 1 U -1
2 0 U 0
3 0 L 0
4 0 U -1
5 1 U 4
6 0 U -1
7 1 U 2
8 1 U 6
9 1 L 3
10 1 L -1
11 1 L 10
12 1 U 6
13 1 U 2
14 1 U 2
15 1 L -1
16 1 L 7
17 0 L 12
18 0 U -1
19 0 L 16
20 1 U -1
21 0 U -1
22 0 L 5
23 0 L 10
24 0 U 20
25 1 U 4
26 0 L 15
27 0 U 25
28 0 U 4
29 1 L 27
30 1 U 29
31 0 L 19
32
0 1 L -1
1 1 U -1
2 0 U 0
3 0 L 0
4 0 U -1
5 1 U 4
6 0 U -1
7 1 U 6
8 0 L 2
9 1 L 3
10 1 L -1
11 1 L 10
12 0 U 6
13 1 U 8
14 0 U 8
15 1 L -1
16 1 L 7
17 1 L 16
18 0 U -1
19 1 L 13
20 1 U -1
21 0 U -1
22 0 L 1
23 0 L 10
24 0 U 20
25 1 U 4
26 0 L 0
27 0 U 25
28 0 U 20
29 1 L 27
30 1 U 29
31 0 L 19
32
0 1 L -1
1 1 U -1
2 0 U 0
3 0 L 0
4 0 U -1
5 1 U 4
6 0 U -1
7 0 U 2
8 0 L 2
9 1 L 3
10 1 L -1
11 1 L 10
12 0 U 6
13 1 U 8
14 1 U 2
15 1 L -1
16 0 L 9
17 0 L 16
18 0 U -1
19 0 L 6
20 1 U -1
21 0 U -1
22 0 L 1
23 0 L 10
24 0 U 0
25 1 U 4
26 0 L 0
27 0 U 24
28 0 U 0
29 0 L 27
30 1 U 29
31 0 L 19
32
0 1 L -1
1 1 U -1
2 0 U 0
3 0 L 0
4 0 U -1
5 1 U 4
6 0 U -1
7 0 U 6
8 0 L 2
9 1 L 3
10 1 L -1
11 1 L 10
12 0 U 6
13 1 U 8
14 0 U 2
15 1 L -1
16 1 L 9
17 1 L 16
18 0 U -1
19 0 L 13
20 1 U -1
21 0 U -1
22 0 L 1
23 0 L 10
24 0 U 2
25 1 U 8
26 0 L 10
27 0 U 24
28 0 U 0
29 1 L 27
30 1 U 29
31 0 L 16
32
0 1 U -1
1 1 U -1
2 0 U 0
3 0 L 0
4 0 U -1
5 1 U 4
6 0 U -1
7 0 U 6
8 1 L 5
9 1 L 3
10 1 L -1
11 1 L 10
12 1 U 6
13 1 U 2
14 0 U 2
15 1 L -1
16 1 L 9
17 1 L 16
18 0 U -1
19 0 L 6
20 1 U -1
21 0 U -1
22 0 L 1
23 0 L 10
24 0 U 0
25 1 U 4
26 0 L 10
27 0 U 24
28 0 U 20
29 0 L 27
30 1 U 29
31 0 L 6
32
0 1 L -1
1 1 U -1
2 0 U 0
3 0 L 0
4 0 U -1
5 1 U 4
6 0 U -1
7 1 U 2
8 0 L 2
9 1 L 3
10 1 L -1
11 1 L 10
12 1 U 6
13 1 U 8
14 0 U 2
15 1 L -1
16 1 L 7
17 1 L 16
18 0 U -1
19 0 L 6
20 1 U -1
21 0 U -1
22 0 L 5
23 0 L 10
24 0 U 8
25 1 U 20
26 0 L 15
27 0 U 10
28 0 U 21
29 1 L 27
30 1 U 29
31 0 L 22
32
0 1 L -1
1 1 U -1
2 0 U 0
3 0 L 0
4 0 U -1
5 1 U 4
6 0 U -1
7 0 U 2
8 0 L 2
9 1 L 3
10 1 L -1
11 1 L 10
12 0 U 8
13 0 U 2
14 0 U 2
15 1 L -1
16 0 L 9
17 0 L 16
18 0 U -1
19 0 L 4
20 1 U -1
21 0 U -1
22 0 L 5
23 0 L 15
24 0 U 0
25 1 U 20
26 0 L 15
27 0 U 24
28 0 U 20
29 1 L 27
30 1 U 29
31 0 L 19
32
0 1 L -1
1 1 U -1
2 0 U 0
3 0 L 0
4 0 U -1
5 1 U 4
6 0 U -1
7 1 U 2
8 0 L 2
9 1 L 3
10 1 L -1
11 1 L 10
12 0 U 6
13 1 U 2
14 1 U 8
15 1 L -1
16 0 L 9
17 0 L 16
18 0 U -1
19 0 L 13
20 1 U -1
21 0 U -1
22 0 L 7
23 1 L 8
24 0 U 0
25 1 U 0
26 0 L 23
27 0 U 24
28 0 U 21
29 0 L 27
30 1 U 29
31 0 L 19
32
0 1 L -1
1 1 U -1
2 0 U 0
3 0 L 0
4 0 U -1
5 1 U 4
6 0 U -1
7 1 U 2
8 0 L 2
9 0 L 3
10 1 L -1
11 1 L 10
12 1 U 6
13 0 U 2
14 0 U 8
15 1 L -1
16 1 L 9
17 0 L 16
18 0 U -1
19 0 L 7
20 1 U -1
21 0 U -1
22 0 L 12
23 0 L 15
24 0 U 4
25 1 U 20
26 0 L 11
27 0 U 24
28 0 U 0
29 1 L 27
30 1 U 29
31 0 L 14
32
0 1 L -1
1 1 U -1
2 0 U 0
3 0 L 0
4 0 U -1
5 1 U 4
6 0 U -1
7 1 U 6
8 1 L 2
9 0 L 3
10 1 L -1
11 1 L 10
12 0 U 6
13 1 U 2
14 0 U 2
15 0 L -1
16 1 L 9
17 0 L 16
18 0 U -1
19 0 L 7
20 1 U -1
21 0 U -1
22 0 L 12
23 1 L 15
24 0 U 4
25 1 U 4
26 0 L 23
27 0 U 24
28 0 U 21
29 0 L 27
30 1 U 29
31 0 L 22
32
0 1 L -1
1 1 U -1
2 0 U 0
3 0 L 0
4 0 U -1
5 1 U 4
6 0 U -1
7 1 U 6
8 1 L 2
9 0 L 3
10 1 L -1
11 1 L 10
12 0 U 6
13 1 U 2
14 0 U 8
15 0 L -1
16 1 L 9
17 0 L 16
18 0 U -1
19 0 L 9
20 1 U -1
21 0 U -1
22 0 L 12
23 1 L 15
24 0 U 20
25 1 U 20
26 0 L 23
27 0 U 24
28 0 U 21
29 1 L 27
30 1 U 29
31 0 L 22
32
0 1 U -1
1 1 U -1
2 0 U 0
3 0 L 0
4 0 U -1
5 0 U 4
6 0 U -1
7 1 U 5
8 0 L 1
9 0 L 3
10 1 L -1
11 1 L 10
12 0 U 6
13 0 U 2
14 0 U 5
15 0 L -1
16 1 L 9
17 0 L 16
18 0 U -1
19 0 L 9
20 1 U -1
21 0 U -1
22 0 L 19
23 1 L 15
24 0 U 4
25 1 U 20
26 0 L 23
27 0 U 24
28 0 U 20
29 0 L 27
30 1 U 29
31 0 L 22
32
0 1 U -1
1 1 U -1
2 0 U 0
3 0 L 0
4 0 U -1
5 0 U 4
6 0 U -1
7 0 U 5
8 1 L 2
9 0 L 3
10 1 L -1
11 1 L 10
12 0 U 6
13 1 U 2
14 0 U 8
15 0 L -1
16 1 L 9
17 0 L 16
18 0 U -1
19 0 L 9
20 1 U -1
21 0 U -1
22 0 U 16
23 1 L 15
24 0 U 20
25 1 U 20
26 0 L 23
27 0 U 24
28 0 U 20
29 1 L 27
30 1 U 29
31 0 L 22
32
0 1 L -1
1 1 U -1
2 0 U 0
3 0 L 0
4 0 U -1
5 0 U 4
6 0 U -1
7 1 U 5
8 1 L 1
9 0 L 3
10 1 L -1
11 1 L 10
12 0 U 6
13 0 U 2
14 0 U 2
15 0 L -1
16 1 L 9
17 0 L 16
18 0 U -1
19 0 L 5
20 1 U -1
21 0 U -1
22 0 U 16
23 1 L 15
24 0 U 0
25 1 U 20
26 0 L 23
27 0 U 24
28 0 U 21
29 1 L 27
30 1 U 29
31 0 L 22
32
0 1 U -1
1 1 U -1
2 1 U 0
3 0 L 0
4 0 U -1
5 0 U 4
6 0 U -1
7 0 U 5
8 1 L 2
9 0 L 3
10 1 L -1
11 1 L 10
12 0 U 6
13 1 U 8
14 0 U 8
15 0 L -1
16 1 L 9
17 0 L 16
18 0 U -1
19 0 L 9
20 1 U -1
21 0 U -1
22 0 U 16
23 1 L 15
24 0 U 18
25 1 U 18
26 0 L 23
27 0 U 24
28 0 U 21
29 1 L 27
30 1 U 29
31 0 L 15
32
0 1 U -1
1 1 U -1
2 0 U 0
3 0 L 0
4 0 U -1
5 0 U 4
6 0 U -1
7 0 U 5
8 0 L 2
9 0 L 3
10 1 L -1
11 1 L 10
12 0 U 6
13 1 U 8
14 0 U 2
15 0 L -1
16 1 L 9
17 0 L 16
18 0 U -1
19 0 L 5
20 1 U -1
21 0 U -1
22 0 U 16
23 1 L 15
24 0 U 4
25 1 U 4
26 0 L 23
27 0 U 24
28 0 U 21
29 1 L 27
30 1 U 29
31 0 L 15
32
0 1 U -1
1 1 U -1
2 0 U 0
3 0 L 0
4 0 U -1
5 0 U 4
6 0 U -1
7 0 U 5
8 0 L 2
9 0 L 3
10 1 L -1
11 1 L 10
12 0 U 6
13 1 U 8
14 0 U 8
15 0 L -1
16 1 L 9
17 0 L 16
18 0 U -1
19 0 L 5
20 1 U -1
21 0 U -1
22 0 U 16
23 1 L 15
24 0 U 6
25 1 U 6
26 0 L 23
27 0 U 24
28 0 U 21
29 0 L 27
30 1 U 29
31 0 L 15
32
0 1 L -1
1 1 U -1
2 0 U 0
3 0 L 0
4 0 U -1
5 0 U 4
6 0 U -1
7 0 U 5
8 0 L 7
9 0 L 3
10 1 L -1
11 1 L 10
12 0 U 6
13 1 U 2
14 0 U 5
15 0 L -1
16 1 L 9
17 0 L 16
18 0 U -1
19 0 L 8
20 1 U -1
21 0 U -1
22 0 U 16
23 1 L 15
24 0 U 6
25 1 U 4
26 0 L 23
27 0 U 24
28 0 U 21
29 0 L 27
30 1 U 29
31 0 L 23
32
0 1 U -1
1 1 U -1
2 1 U 0
3 0 L 0
4 0 U -1
5 0 U 4
6 0 U -1
7 0 U 2
8 0 U 5
9 0 L 3
10 1 L -1
11 1 L 10
12 0 U 6
13 1 U 5
14 0 U 5
15 0 L -1
16 1 L 9
17 0 L 16
18 0 U -1
19 0 L 5
20 1 U -1
21 0 U -1
22 0 U 16
23 1 L 15
24 0 U 20
25 1 U 20
26 0 L 23
27 0 U 24
28 0 U 20
29 1 L 27
30 1 U 29
31 0 L 22
32
0 1 U -1
1 1 U -1
2 0 U 0
3 0 L 0
4 0 U -1
5 1 U 4
6 0 U -1
7 0 U 6
8 1 L 1
9 0 L 3
10 1 L -1
11 1 L 10
12 0 U 6
13 0 U 2
14 0 U 2
15 0 L -1
16 1 L 9
17 0 L 16
18 0 U -1
19 0 L 7
20 1 U -1
21 0 U -1
22 0 U 16
23 1 L 15
24 0 U 20
25 1 U 20
26 0 L 23
27 0 U 24
28 0 U 20
29 1 L 27
30 1 U 29
31 0 L 22
32
0 1 U -1
1 1 U -1
2 1 U 0
3 0 L 0
4 0 U -1
5 0 U 4
6 0 U -1
7 1 U 2
8 0 L 2
9 0 L 3
10 1 L -1
11 1 L 10
12 0 U 6
13 0 U 8
14 0 U 8
15 0 L -1
16 1 L 9
17 0 L 16
18 0 U -1
19 0 L 9
20 1 U -1
21 0 U -1
22 0 U 16
23 1 L 15
24 0 U 20
25 1 U 20
26 0 L 23
27 0 U 24
28 0 U 20
29 1 L 27
30 1 U 29
31 0 L 22
32
0 1 L -1
1 1 U -1
2 0 U 0
3 0 L 0
4 0 U -1
5 0 U 4
6 0 U -1
7 1 U 5
8 1 L 7
9 0 L 3
10 1 L -1
11 1 L 10
12 0 U 6
13 1 U 2
14 0 U 2
15 0 L -1
16 1 L 9
17 0 L 16
18 0 U -1
19 0 L 9
20 1 U -1
21 0 U -1
22 0 U 16
23 1 L 15
24 0 U 20
25 1 U 20
26 0 L 23
27 0 U 24
28 0 U 21
29 0 L 27
30 1 U 29
31 0 L 22
32
0 1 L -1
1 1 U -1
2 0 U 0
3 0 L 0
4 0 U -1
5 0 U 4
6 0 U -1
7 0 U 5
8 0 L 7
9 0 L 3
10 1 L -1
11 1 L 10
12 0 U 6
13 0 U 2
14 0 U 5
15 0 L -1
16 1 L 9
17 0 L 16
18 0 U -1
19 0 L 5
20 1 U -1
21 0 U -1
22 0 U 16
23 1 L 15
24 0 U 20
25 1 U 20
26 0 L 23
27 0 U 24
28 0 U 21
29 1 L 27
30 1 U 29
31 0 L 22
32
0 1 U -1
1 1 U -1
2 1 U 0
3 0 L 0
4 0 U -1
5 0 U 4
6 0 U -1
7 0 U 2
8 1 L 2
9 0 L 3
10 1 L -1
11 1 L 10
12 0 U 6
13 1 U 8
14 0 U 8
15 0 L -1
16 1 L 9
17 0 L 16
18 0 U -1
19 0 L 9
20 1 U -1
21 0 U -1
22 0 U 16
23 1 L 15
24 0 U 20
25 1 U 20
26 0 L 23
27 0 U 24
28 0 U 21
29 0 L 27
30 1 U 9
31 0 L 22
32
0 1 U -1
1 1 U -1
2 0 U 0
3 0 L 0
4 0 U -1
5 1 U 4
6 0 U -1
7 0 U 6
8 1 L 1
9 0 L 3
10 1 L -1
11 1 L 10
12 0 U 6
13 0 U 2
14 0 U 2
15 0 L -1
16 1 L 9
17 0 L 16
18 0 U -1
19 0 L 8
20 1 U -1
21 0 U -1
22 0 U 16
23 1 L 15
24 0 U 20
25 1 U 20
26 0 L 23
27 0 U 24
28 0 U 21
29 0 L 27
30 1 U 29
31 0 L 22
32
0 1 U -1
1 1 U -1
2 0 U 0
3 0 L 0
4 0 U -1
5 0 U 4
6 0 U -1
7 0 U 5
8 1 L 2
9 0 L 3
10 1 L -1
11 1 L 10
12 0 U 6
13 1 U 5
14 0 U 2
15 0 L -1
16 1 L 9
17 0 L 16
18 0 U -1
19 0 L 9
20 1 U -1
21 0 U -1
22 0 U 16
23 1 L 15
24 0 U 0
25 1 U 4
26 0 L 23
27 0 U 24
28 0 U 21
29 0 L 27
30 1 U 29
31 0 L 22
32
0 1 L -1
1 1 U -1
2 0 U 0
3 0 L 0
4 0 U -1
5 0 U 4
6 0 U -1
7 1 U 5
8 0 U 3
9 0 L 3
10 1 L -1
11 1 L 10
12 0 U 6
13 1 U 2
14 0 U 5
15 0 L -1
16 1 L 9
17 0 L 16
18 0 U -1
19 0 L 9
20 1 U -1
21 0 U -1
22 0 U 16
23 1 L 15
24 0 U 0
25 1 U 20
26 0 L 23
27 0 U 24
28 0 U 21
29 0 L 27
30 1 U 29
31 0 L 22
32
0 1 L -1
1 1 U -1
2 0 U 0
3 0 L 0
4 0 U -1
5 0 U 4
6 0 U -1
7 1 U 5
8 0 U 3
9 0 L 3
10 1 L -1
11 1 L 10
12 0 U 6
13 1 U 2
14 0 U 5
15 0 L -1
16 1 L 9
17 0 L 16
18 0 U -1
19 0 L 9
20 1 U -1
21 0 U -1
22 0 U 16
23 1 L 15
24 0 U 0
25 1 U 0
26 0 L 23
27 0 U 24
28 0 U 20
29 1 L 27
30 1 U 29
31 0 L 22
32
0 1 L -1
1 1 U -1
2 0 U 0
3 0 L 0
4 0 U -1
5 0 U 4
6 0 U -1
7 0 U 5
8 0 L 2
9 0 L 3
10 1 L -1
11 1 L 10
12 0 U 6
13 0 U 8
14 0 U 2
15 0 L -1
16 1 L 9
17 0 L 16
18 0 U -1
19 0 L 5
20 1 U -1
21 0 U -1
22 0 U 16
23 1 L 15
24 0 U 20
25 1 U 20
26 0 L 23
27 0 U 24
28 0 U 21
29 1 L 27
30 1 U 9
31 0 L 22
