78
0 0 U -1
1 0 U -1
2 0 U -1
3 0 U -1
4 0 U -1
5 0 U -1
6 0 U -1
7 0 U -1
8 0 U -1
9 0 U -1
10 0 U -1
11 0 U -1
12 0 U -1
13 0 U -1
14 0 U -1
15 0 U -1
16 0 U -1
17 0 U -1
18 0 U -1
19 0 U -1
20 0 U -1
21 0 U -1
22 0 U -1
23 0 U -1
24 0 U -1
25 0 U -1
26 0 U -1
27 0 U -1
28 0 U -1
29 0 U -1
30 0 U -1
31 0 U -1
32 0 U -1
33 0 U -1
34 0 U -1
35 0 U -1
36 0 U -1
37 0 U -1
38 0 U -1
39 0 U -1
40 0 U -1
41 0 U -1
42 0 U -1
43 0 U -1
44 0 U -1
45 0 U -1
46 0 U -1
47 0 U -1
48 0 U -1
49 0 U -1
50 0 U -1
51 0 U -1
52 0 U -1
53 0 U -1
54 0 U -1
55 0 U -1
56 0 U -1
57 0 U -1
58 0 U -1
59 0 U -1
60 0 U -1
61 0 U -1
62 0 U -1
63 0 U -1
64 0 U -1
65 0 U -1
66 0 U -1
67 0 U -1
68 0 U -1
69 0 U -1
70 0 U -1
71 0 U -1
72 0 U -1
73 0 U -1
74 0 U -1
75 0 U -1
76 0 U -1
77 0 U -1
78
0 1 U -1
1 0 U -1
2 0 U -1
3 0 U 1
4 1 L -1
5 0 U 4
6 0 U 3
7 0 U -1
8 0 L 3
9 0 U 1
10 1 U -1
11 0 U 9
12 0 U 7
13 0 L -1
14 0 U 13
15 1 U 3
16 0 U -1
17 1 U -1
18 1 U -1
19 0 L -1
20 1 L 2
21 1 U -1
22 1 L 11
23 0 U 7
24 1 U 13
25 1 L 21
26 0 U 14
27 0 L 15
28 0 U 7
29 1 L 24
30 0 U 28
31 0 L -1
32 0 L 10
33 0 L -1
34 0 U 20
35 1 L 6
36 1 U -1
37 0 L 31
38 1 U 27
39 0 L 28
40 0 U 30
41 0 U 3
42 1 U 27
43 1 L 12
44 1 L 43
45 0 U 10
46 1 L 31
47 0 L 16
48 0 U 6
49 1 L 20
50 1 U 35
51 1 L 46
52 1 L 51
53 1 L 33
54 1 U 10
55 1 L 44
56 1 U 39
57 0 L 4
58 0 U 30
59 0 U 36
60 0 L 14
61 0 L 1
62 1 L 6
63 1 U 3
64 0 L 51
65 0 U 1
66 0 L 62
67 1 U 32
68 0 L 67
69 1 L 43
70 1 L 37
71 0 L 11
72 1 U 52
73 0 L 46
74 1 U -1
75 1 L 69
76 1 L 47
77 0 L 64
78
0 1 U -1
1 0 U -1
2 0 U -1
3 0 U 1
4 1 L -1
5 0 U 4
6 1 U 4
7 0 U -1
8 1 L 1
9 1 U 2
10 1 U -1
11 0 U 3
12 1 U 10
13 0 L -1
14 0 U 12
15 1 U 9
16 0 U -1
17 1 U -1
18 0 U -1
19 1 L -1
20 0 L 2
21 0 U 16
22 0 U 11
23 0 U 7
24 1 U 23
25 1 L 21
26 1 L 14
27 1 L 15
28 0 U 25
29 1 U 24
30 1 U 4
31 0 L -1
32 1 L 9
33 0 L -1
34 1 U 20
35 1 L 6
36 1 U -1
37 0 L 8
38 1 L 21
39 1 L 28
40 1 U 30
41 1 U 4
42 1 L 4
43 0 L 12
44 1 L 43
45 1 L 26
46 1 L 32
47 0 L 45
48 1 L 29
49 0 L -1
50 1 L 10
51 1 L 19
52 1 L 51
53 0 L 1
54 1 L 35
55 0 L 18
56 1 U 39
57 0 L 4
58 0 U 2
59 0 U 30
60 0 L 11
61 0 L 1
62 0 L 22
63 0 U 3
64 1 L 62
65 0 U 2
66 1 L 64
67 0 U 31
68 0 U 51
69 0 U 37
70 1 L 37
71 0 U 33
72 1 L 62
73 0 L 7
74 1 U -1
75 0 L 15
76 0 U 30
77 0 L 46
78
0 1 L -1
1 0 U -1
2 0 U -1
3 0 U 1
4 1 L -1
5 0 U 4
6 1 U 4
7 0 U -1
8 1 L 1
9 1 U 2
10 1 U -1
11 0 U 9
12 1 U 7
13 0 L -1
14 1 U 12
15 0 U 9
16 0 U -1
17 1 U -1
18 0 U -1
19 1 L -1
20 1 L 2
21 0 U 16
22 1 U 19
23 0 U 7
24 1 U 23
25 1 L 21
26 1 L 10
27 1 L 17
28 1 U 25
29 1 U 15
30 0 U 4
31 0 L 0
32 1 L 22
33 0 L -1
34 1 L 20
35 1 L 6
36 1 U -1
37 0 L 8
38 1 L 24
39 0 L 28
40 0 U 6
41 0 U 4
42 1 L 4
43 0 L 26
44 1 L 43
45 0 L 14
46 1 L 32
47 1 L 45
48 1 L 29
49 1 L -1
50 0 L 44
51 0 L 19
52 1 L 35
53 0 L 1
54 0 L 22
55 0 L 18
56 1 U 39
57 1 U 4
58 0 U 2
59 0 L 47
60 0 L 53
61 0 L 13
62 1 L 6
63 0 L 43
64 1 L 62
65 0 U 18
66 1 U 27
67 1 U 26
68 0 L 64
69 0 L 53
70 1 U 5
71 1 L 10
72 1 L 62
73 1 L 61
74 1 U -1
75 0 L -1
76 0 U 6
77 0 L 46
78
0 1 U -1
1 0 U -1
2 0 U -1
3 0 U 1
4 1 L -1
5 0 U 4
6 1 U 4
7 0 U -1
8 1 L 1
9 1 U 2
10 1 U -1
11 0 U 4
12 0 U 10
13 0 L -1
14 1 U 12
15 0 U 9
16 0 U -1
17 1 U -1
18 0 U -1
19 1 L -1
20 0 L 2
21 0 U 16
22 0 U 19
23 1 U 7
24 1 U 23
25 1 L 21
26 1 U 14
27 1 L 17
28 1 U 25
29 1 U 15
30 0 U 23
31 0 L 0
32 1 L 22
33 0 L -1
34 0 L 20
35 1 L 34
36 0 U -1
37 0 L 8
38 1 L 27
39 0 L 28
40 1 U 24
41 1 U 15
42 1 L 4
43 0 L 26
44 1 L 43
45 1 L 14
46 1 L 32
47 0 L 45
48 1 L 28
49 0 L -1
50 0 U 37
51 0 L 19
52 0 L 35
53 0 L 1
54 0 L 22
55 0 L 47
56 0 L 39
57 0 L 4
58 1 U 18
59 1 L 47
60 1 L 54
61 1 L 13
62 0 L 6
63 1 U 43
64 1 L 62
65 1 U 36
66 1 U 27
67 0 L 45
68 1 L 64
69 1 U 45
70 1 U 23
71 0 L 59
72 1 L 27
73 0 U 5
74 1 U -1
75 1 U 23
76 1 L 6
77 1 L 46
78
0 1 L -1
1 0 U -1
2 0 U -1
3 0 U 1
4 1 L -1
5 0 U 4
6 1 U 3
7 0 U -1
8 1 L 1
9 1 U 0
10 1 U -1
11 0 U 9
12 1 U 10
13 0 L -1
14 1 U 12
15 1 U 0
16 0 U -1
17 1 U -1
18 0 U -1
19 1 L -1
20 1 L 2
21 0 U 16
22 0 U 8
23 0 U 21
24 1 U 23
25 1 L 21
26 1 U 14
27 0 L 17
28 1 U 25
29 1 U 5
30 0 U 28
31 0 L 4
32 1 L 22
33 0 L -1
34 0 L 20
35 0 L 34
36 1 U -1
37 0 L 8
38 0 L 23
39 0 L 28
40 1 U 5
41 0 U 24
42 1 L 4
43 0 L 26
44 0 L 43
45 0 L 14
46 1 L 32
47 0 L 45
48 1 L 28
49 0 L -1
50 1 U 37
51 0 L 19
52 0 L 35
53 0 L 3
54 0 L 22
55 0 L 47
56 0 L 39
57 0 L 4
58 1 U 17
59 1 L 47
60 0 L 57
61 1 L 8
62 0 L 53
63 1 U 43
64 0 L 62
65 1 U 25
66 0 U 29
67 1 L 17
68 1 L 14
69 1 U 26
70 0 U 47
71 0 L 21
72 1 L 67
73 0 L 64
74 1 U -1
75 1 L 16
76 0 L 61
77 0 L 46
78
0 1 U -1
1 0 U -1
2 0 U -1
3 0 U 1
4 1 L -1
5 0 U 4
6 1 U 3
7 0 U -1
8 1 L 1
9 1 U 0
10 1 U -1
11 0 U 9
12 1 U 10
13 0 L -1
14 1 U 12
15 1 U 0
16 0 U -1
17 1 U -1
18 0 U -1
19 1 L -1
20 1 L 2
21 0 U 16
22 0 U 19
23 1 U 21
24 1 U 23
25 1 L 21
26 1 U 14
27 1 L 17
28 1 U 25
29 0 U 19
30 0 U -1
31 0 L 0
32 1 L 22
33 0 L -1
34 0 L 20
35 1 L 34
36 1 U 11
37 0 L 8
38 1 L 23
39 1 L 28
40 0 U 12
41 0 U 5
42 1 L 4
43 0 L 26
44 0 L 43
45 0 L 14
46 1 L 32
47 0 L 45
48 1 L 12
49 0 L -1
50 1 L 37
51 0 L 42
52 0 L 35
53 0 L 3
54 1 L 34
55 0 L 17
56 0 L 32
57 0 L 19
58 0 U 0
59 1 L 48
60 1 L 1
61 1 L 60
62 1 L 54
63 1 U 23
64 1 L 62
65 1 U 25
66 1 U 34
67 1 L 17
68 1 L 45
69 1 L 9
70 0 U 26
71 1 L 61
72 1 L 67
73 1 U 66
74 1 L -1
75 1 U -1
76 1 L 67
77 1 L 64
78
0 1 L -1
1 0 U -1
2 0 U -1
3 0 U 1
4 1 L -1
5 0 U 4
6 1 U 3
7 0 U -1
8 1 L 1
9 1 U 0
10 1 U -1
11 0 U 4
12 0 U 10
13 0 L -1
14 1 U 12
15 0 U 0
16 0 U -1
17 1 U -1
18 0 U -1
19 1 L -1
20 1 L 2
21 0 U 16
22 0 U 19
23 1 U 21
24 1 U 12
25 1 L 21
26 1 U 14
27 1 L 17
28 1 U 25
29 0 U 6
30 0 U 16
31 0 L 0
32 1 L 22
33 0 L -1
34 0 L 20
35 1 L 34
36 1 U 19
37 0 L 8
38 1 L 27
39 0 L 28
40 1 U 15
41 1 U 5
42 1 L 33
43 0 L 10
44 1 L 43
45 0 L 14
46 0 L 32
47 0 L 45
48 1 L 43
49 0 L -1
50 1 L 47
51 0 L 42
52 0 L 35
53 0 L 28
54 0 L 34
55 0 L 47
56 0 L 32
57 0 L 19
58 0 U 25
59 0 U 29
60 0 L 1
61 1 L 60
62 1 L 56
63 1 U 37
64 0 L 32
65 1 U 17
66 1 L 34
67 1 L 17
68 0 L 45
69 0 U 49
70 0 U 26
71 0 L 47
72 1 L 23
73 1 U -1
74 1 L -1
75 1 U -1
76 1 L 55
77 1 L 64
78
0 1 L -1
1 0 U -1
2 0 U -1
3 0 U 1
4 1 L -1
5 0 U 4
6 1 U 4
7 0 U -1
8 1 L 1
9 1 U 2
10 1 U -1
11 0 U 4
12 1 U 10
13 0 L -1
14 1 U 12
15 1 U 0
16 0 U -1
17 1 U -1
18 0 U -1
19 1 L -1
20 1 L 2
21 0 U 16
22 0 U 19
23 0 U 7
24 1 U 12
25 1 L 21
26 1 U 6
27 1 L 17
28 1 U 7
29 0 U 11
30 0 U 16
31 0 L 0
32 1 L 22
33 0 L -1
34 0 L 5
35 1 L 7
36 1 U 8
37 1 L 3
38 0 L 23
39 0 L 28
40 1 U 28
41 1 U 5
42 1 L 33
43 0 L 10
44 1 L 43
45 0 L 14
46 0 L 11
47 0 L 45
48 1 L 43
49 0 L -1
50 0 L 35
51 0 L 42
52 0 L 35
53 0 L 28
54 1 L 22
55 0 L 47
56 1 L 32
57 0 L 19
58 0 U 7
59 1 U 13
60 1 L 1
61 0 L 60
62 1 L 55
63 0 U 37
64 0 L 32
65 1 U 7
66 1 L 34
67 1 L 17
68 1 L 45
69 0 U 49
70 1 U 26
71 1 L 17
72 1 L 67
73 1 U 70
74 1 L -1
75 1 U -1
76 0 U 55
77 1 L 64
78
0 1 U -1
1 0 U -1
2 0 U -1
3 0 U 1
4 1 L -1
5 0 U 4
6 1 U 4
7 0 U -1
8 1 L 1
9 1 U 1
10 1 U -1
11 0 U 4
12 1 U 10
13 0 L -1
14 1 U 12
15 0 U 10
16 0 U -1
17 1 U -1
18 0 U -1
19 1 L -1
20 1 L 2
21 0 U -1
22 1 U 8
23 1 U 7
24 1 L 12
25 1 L 21
26 1 U 14
27 1 L 17
28 0 U 7
29 0 U 8
30 0 U -1
31 0 L 4
32 1 L 22
33 0 L -1
34 0 L 5
35 1 L 34
36 0 U 27
37 1 L 3
38 1 L 27
39 0 L 28
40 1 U 28
41 1 U 5
42 1 L 33
43 0 L 10
44 1 L 43
45 0 L 14
46 1 L 19
47 0 L 45
48 1 L 14
49 0 L -1
50 0 L 35
51 0 L 42
52 0 L 35
53 0 L 25
54 1 L 34
55 0 L 47
56 1 L 32
57 1 L 54
58 0 U 7
59 1 U 28
60 1 L 1
61 1 L 60
62 0 L 55
63 0 U 38
64 0 L 32
65 1 U 25
66 1 L 34
67 1 L 17
68 0 L 45
69 0 U 49
70 0 U 50
71 1 L 17
72 1 L 67
73 1 U 41
74 1 L -1
75 1 U -1
76 1 U 55
77 1 L 64
78
0 1 L -1
1 0 U -1
2 0 U -1
3 0 U 1
4 1 L -1
5 0 U 4
6 1 U 4
7 0 U -1
8 1 L 1
9 1 U 1
10 1 U -1
11 0 U 9
12 0 U 10
13 0 L -1
14 1 U 12
15 0 U 7
16 0 U -1
17 1 U -1
18 0 U -1
19 1 L -1
20 1 L 2
21 0 U -1
22 0 U 8
23 0 U 7
24 1 L 14
25 1 L 21
26 1 U 14
27 1 L 17
28 0 U 7
29 0 U 19
30 0 U -1
31 0 L 4
32 1 L 22
33 0 L -1
34 0 L 5
35 1 L 22
36 1 U 27
37 1 L 31
38 1 L 27
39 0 L 28
40 1 U 12
41 1 U 14
42 1 L 33
43 0 L 10
44 1 L 43
45 0 L 14
46 0 L 13
47 0 L 45
48 1 L 12
49 0 L -1
50 1 L 23
51 0 L 42
52 1 L 35
53 0 L 25
54 0 L 34
55 0 L 47
56 0 L 47
57 1 L 9
58 0 U 7
59 1 U 58
60 1 L 1
61 0 L 60
62 0 L 47
63 0 U 30
64 0 L 32
65 1 U 25
66 1 L 34
67 0 L 17
68 0 L 45
69 0 U 56
70 0 U 29
71 1 L 22
72 1 L 57
73 1 U 41
74 1 L -1
75 1 U -1
76 1 U 34
77 1 L 64
78
0 1 U -1
1 0 U -1
2 0 U -1
3 0 U 1
4 1 L -1
5 0 U 4
6 1 U 4
7 0 U -1
8 1 L 1
9 1 U 1
10 1 U -1
11 0 U 4
12 0 U 10
13 0 L -1
14 1 U 12
15 0 U 0
16 0 U -1
17 1 U -1
18 0 U -1
19 1 L -1
20 1 L 2
21 0 U -1
22 1 U 11
23 0 U 7
24 1 L 14
25 1 L 21
26 1 U 14
27 1 L 17
28 0 U 7
29 0 U 11
30 0 U -1
31 0 L 4
32 1 L 22
33 0 L -1
34 0 L 5
35 0 L 7
36 1 U 27
37 1 L 31
38 1 L 23
39 0 L 28
40 1 U 12
41 1 U 6
42 1 L 33
43 0 L 10
44 1 L 43
45 0 L 14
46 0 L 13
47 0 L 45
48 1 L 12
49 0 L -1
50 1 L 23
51 0 L 42
52 1 L 35
53 0 L 27
54 1 L 22
55 0 L 47
56 0 L 47
57 0 L 54
58 0 U 7
59 1 L 58
60 1 L 1
61 0 L 60
62 0 L 47
63 0 L 10
64 0 L 54
65 1 U 10
66 0 L 34
67 0 L 24
68 0 L 14
69 0 U 57
70 0 U 36
71 1 L 22
72 0 L 57
73 1 U 41
74 1 L -1
75 1 U 64
76 1 U 34
77 0 L 64
78
0 1 L -1
1 0 U -1
2 0 U -1
3 0 U 1
4 1 L -1
5 0 U 4
6 1 U 4
7 0 U -1
8 1 L 1
9 1 U 0
10 1 U -1
11 0 U 9
12 1 U 10
13 0 L -1
14 1 U 12
15 1 U 10
16 0 U -1
17 1 U -1
18 0 U -1
19 1 L -1
20 1 L 2
21 0 U -1
22 1 U 11
23 1 U 7
24 1 L 14
25 0 L 21
26 1 U 14
27 1 L 17
28 0 U 0
29 1 U 11
30 0 U -1
31 0 L 4
32 1 L 22
33 0 L -1
34 1 L 2
35 0 L 7
36 1 U 27
37 0 L 3
38 0 L 23
39 0 L 28
40 0 U 12
41 1 U 40
42 1 L 4
43 0 L 10
44 0 L 43
45 0 L 14
46 1 U 13
47 0 L 45
48 1 L 12
49 0 L -1
50 0 U 3
51 0 L 42
52 1 L 35
53 1 L 27
54 1 L 22
55 0 L 47
56 0 L 47
57 0 L 54
58 0 U 0
59 0 L 37
60 0 L 49
61 1 L 60
62 0 L 17
63 0 L 10
64 0 L 54
65 1 U 10
66 0 L 34
67 0 L 24
68 1 L 14
69 0 U 57
70 0 U 36
71 0 L 66
72 0 L 57
73 1 U 30
74 1 L -1
75 1 U 49
76 1 U 34
77 0 L 64
78
0 1 U -1
1 0 U -1
2 0 U -1
3 0 U 1
4 1 L -1
5 0 U 4
6 1 U 4
7 0 U -1
8 1 L 1
9 1 U 0
10 1 U -1
11 0 U 3
12 1 U 10
13 0 L -1
14 1 U 12
15 1 U 0
16 0 U -1
17 1 U -1
18 0 U -1
19 1 L -1
20 1 L 2
21 0 U -1
22 1 U 11
23 0 U 7
24 1 L 14
25 0 L 21
26 1 U 6
27 1 L 17
28 0 U 17
29 1 U 6
30 0 U -1
31 0 L 4
32 1 L 22
33 0 L -1
34 1 L 2
35 0 L 7
36 1 U 19
37 1 L 3
38 1 L 27
39 0 L 28
40 0 U 12
41 1 U 40
42 1 L 4
43 0 L 10
44 1 L 43
45 0 L 14
46 1 U 13
47 0 L 45
48 1 L 12
49 0 L -1
50 0 U 28
51 0 L 42
52 1 L 35
53 1 L 27
54 1 L 22
55 0 L 47
56 0 L 47
57 0 L 54
58 0 U 2
59 0 U 26
60 1 L 49
61 1 L 60
62 0 L 38
63 0 L 10
64 0 L 54
65 1 U 10
66 0 L 34
67 0 L 24
68 0 L 14
69 0 U 57
70 1 U 26
71 1 L 66
72 1 L 57
73 1 U 30
74 1 L -1
75 1 U 49
76 1 U 65
77 1 L 64
78
0 1 U -1
1 0 U -1
2 0 U -1
3 0 U 1
4 1 L -1
5 0 U 4
6 1 U 4
7 0 U -1
8 1 L 1
9 1 U 0
10 1 U -1
11 0 U 3
12 0 U 10
13 0 L -1
14 1 U 12
15 0 U 7
16 0 U -1
17 1 U -1
18 0 U -1
19 1 L -1
20 1 L 2
21 0 U -1
22 1 U 11
23 1 U 10
24 1 L 14
25 0 L 21
26 1 U 6
27 1 L 17
28 0 U 25
29 1 U 6
30 0 U -1
31 0 L 4
32 1 L 22
33 0 L -1
34 0 L 2
35 0 L 7
36 1 U 11
37 1 L 3
38 1 L 23
39 1 L 28
40 0 U 12
41 1 U 40
42 1 L 33
43 0 L 10
44 1 L 43
45 0 L 14
46 1 U 26
47 0 L 45
48 1 L 12
49 0 L -1
50 0 U 3
51 0 L 42
52 1 L 35
53 1 L 27
54 1 L 22
55 0 L 47
56 0 L 17
57 0 L 54
58 0 U 18
59 0 U 29
60 1 L 49
61 0 L 60
62 1 L 17
63 0 L 10
64 0 L 54
65 1 U 17
66 0 L 34
67 0 L 24
68 0 L 14
69 1 U 63
70 0 U 55
71 0 L 66
72 1 L 57
73 1 U 30
74 1 L -1
75 0 U 49
76 1 U 65
77 1 L 64
78
0 1 L -1
1 0 U -1
2 0 U -1
3 0 U 1
4 1 L -1
5 0 U 4
6 1 U 4
7 0 U -1
8 1 L 1
9 1 U 1
10 1 U -1
11 0 U 3
12 0 U 10
13 0 L -1
14 1 U 12
15 1 U 10
16 0 U -1
17 1 U -1
18 0 U -1
19 1 L -1
20 1 L 2
21 0 U -1
22 1 U 11
23 1 U 10
24 1 L 14
25 0 L 21
26 1 U 6
27 1 L 17
28 0 U 2
29 1 U 6
30 0 U -1
31 0 L 4
32 1 L 22
33 0 L -1
34 1 L 2
35 0 L 7
36 1 U 8
37 0 L 3
38 0 L 23
39 1 L 28
40 0 U 12
41 1 U 40
42 1 L 4
43 0 L 10
44 1 L 43
45 0 L 14
46 1 U 29
47 0 L 45
48 1 L 12
49 0 L -1
50 1 U 46
51 0 L 19
52 1 L 35
53 1 L 27
54 1 L 22
55 0 L 17
56 0 L 17
57 0 L 54
58 0 U 1
59 0 U 34
60 0 L 49
61 0 L 60
62 1 L 44
63 0 L 10
64 0 L 54
65 1 U 17
66 0 L 34
67 0 L 24
68 1 L 14
69 1 U 47
70 0 U 55
71 1 L 66
72 0 L 57
73 1 U 30
74 1 L -1
75 0 U 64
76 1 U 65
77 0 L 64
78
0 1 L -1
1 0 U -1
2 0 U -1
3 0 U 1
4 1 L -1
5 0 U 4
6 1 U 3
7 0 U -1
8 1 L 1
9 1 U 0
10 1 U -1
11 0 U 3
12 0 U 7
13 0 L -1
14 1 U 12
15 1 U 10
16 0 U -1
17 1 U -1
18 0 U -1
19 1 L -1
20 1 L 2
21 0 U -1
22 1 U 11
23 1 U 7
24 1 L 14
25 0 L 21
26 1 U 14
27 1 L 17
28 0 U 25
29 1 U 6
30 0 U -1
31 0 L 4
32 1 L 22
33 0 L -1
34 1 L 2
35 0 L 7
36 1 U 6
37 1 L 3
38 1 L 27
39 1 L 28
40 0 U 12
41 1 U 40
42 1 L 4
43 0 L 10
44 1 L 43
45 0 L 14
46 1 U 35
47 0 L 45
48 1 L 12
49 0 L -1
50 0 U 4
51 0 L 19
52 1 L 35
53 1 L 27
54 1 L 22
55 0 L 17
56 0 L 17
57 0 L 54
58 0 U 18
59 0 U 3
60 1 L 49
61 0 L 60
62 1 L 47
63 1 L 10
64 0 L 54
65 1 U 0
66 0 L 34
67 0 L 24
68 0 L 14
69 1 U 47
70 1 U 29
71 0 L 66
72 0 L 57
73 1 U 30
74 1 L -1
75 1 U 64
76 1 U 65
77 0 L 64
78
0 1 L -1
1 0 U -1
2 0 U -1
3 0 U 1
4 1 L -1
5 0 U 4
6 1 U 3
7 0 U -1
8 1 L 1
9 1 U 0
10 1 U -1
11 0 U 3
12 0 U 7
13 0 L -1
14 1 U 12
15 1 U 7
16 0 U -1
17 1 U -1
18 0 U -1
19 1 L -1
20 1 L 2
21 0 U -1
22 1 U 11
23 1 U 0
24 1 L 14
25 0 L 21
26 1 U 14
27 1 L 17
28 0 U 1
29 1 U 6
30 0 U -1
31 0 L 4
32 1 L 22
33 0 L -1
34 1 L 2
35 0 L 7
36 1 U 6
37 1 L 3
38 0 L 27
39 1 L 28
40 0 U 12
41 1 U 40
42 1 L 4
43 0 L 10
44 1 L 43
45 0 L 14
46 0 U 29
47 0 L 45
48 1 L 12
49 0 L -1
50 0 U 45
51 0 L 19
52 1 L 35
53 1 L 21
54 1 L 22
55 0 L 47
56 0 L 17
57 0 L 54
58 0 U 25
59 0 U 3
60 1 L 19
61 1 L 60
62 1 L 44
63 1 L 10
64 0 L 54
65 1 U 10
66 0 L 34
67 0 L 24
68 1 L 14
69 1 U 37
70 0 U 26
71 0 L 54
72 0 L 57
73 1 U 30
74 1 L -1
75 0 U 49
76 1 U 65
77 1 L 64
78
0 1 L -1
1 0 U -1
2 0 U -1
3 0 U 1
4 1 L -1
5 0 U 4
6 1 U 3
7 0 U -1
8 1 L 1
9 1 U 2
10 1 U -1
11 0 U 3
12 0 U 7
13 0 L -1
14 1 U 12
15 1 U 0
16 0 U -1
17 1 U -1
18 0 U -1
19 1 L -1
20 1 L 2
21 0 U -1
22 1 U 11
23 0 U 10
24 1 L 14
25 0 L 21
26 1 U 14
27 1 L 17
28 0 U 17
29 1 U 6
30 0 U -1
31 0 L 4
32 1 L 22
33 0 L -1
34 1 L 2
35 0 L 7
36 0 U 8
37 0 L 3
38 0 L 27
39 1 L 28
40 0 U 12
41 1 U 40
42 1 L 4
43 0 L 10
44 1 L 43
45 0 L 14
46 1 U 29
47 0 L 45
48 1 L 12
49 0 L -1
50 0 U 30
51 0 L 19
52 1 L 35
53 1 L 21
54 1 L 22
55 0 L 17
56 0 L 17
57 0 L 54
58 0 U 25
59 0 U 3
60 1 L 19
61 0 L 60
62 0 L 17
63 0 L 10
64 0 L 54
65 1 U 10
66 0 L 34
67 0 L 24
68 0 L 14
69 0 U 55
70 0 U 46
71 0 L 54
72 0 L 57
73 1 U 30
74 1 L -1
75 1 U 49
76 1 U 13
77 0 L 32
78
0 1 L -1
1 0 U -1
2 0 U -1
3 0 U 1
4 1 L -1
5 0 U 4
6 1 U 3
7 0 U -1
8 1 L 1
9 1 U 0
10 1 U -1
11 0 U 3
12 0 U 7
13 0 L -1
14 1 U 12
15 1 U 7
16 0 U -1
17 1 U -1
18 0 U -1
19 1 L -1
20 1 L 2
21 0 U -1
22 1 U 11
23 0 U 0
24 1 L 14
25 0 L 21
26 1 U 14
27 1 L 17
28 0 U 2
29 1 U 6
30 0 U -1
31 0 L 4
32 1 L 22
33 0 L -1
34 1 L 2
35 0 L 7
36 1 U 6
37 1 L 3
38 1 L 27
39 0 L 28
40 0 U 12
41 1 U 40
42 1 L 4
43 0 L 10
44 1 L 43
45 0 L 14
46 1 U 29
47 0 L 45
48 1 L 12
49 0 L -1
50 0 U 30
51 0 L 42
52 1 L 35
53 1 L 21
54 1 L 22
55 0 L 17
56 0 L 47
57 0 L 54
58 0 U 25
59 0 U 3
60 1 L 19
61 1 L 60
62 1 L 17
63 0 L 10
64 0 L 54
65 1 U 17
66 0 L 34
67 0 L 24
68 0 L 14
69 1 U 26
70 1 U 46
71 0 L 54
72 0 L 57
73 1 U 30
74 1 L -1
75 1 U 64
76 1 U 13
77 0 L 32
78
0 1 L -1
1 0 U -1
2 0 U -1
3 0 U 1
4 1 L -1
5 0 U 4
6 1 U 3
7 0 U -1
8 1 L 1
9 1 U 2
10 1 U -1
11 0 U 3
12 1 U 7
13 0 L -1
14 1 U 12
15 1 U 7
16 0 U -1
17 1 U -1
18 0 U -1
19 1 L -1
20 1 L 2
21 0 U -1
22 0 U 11
23 0 U 0
24 1 L 14
25 0 L 21
26 1 U 14
27 1 L 17
28 0 U 18
29 1 U 6
30 0 U -1
31 0 L 4
32 1 L 22
33 0 L -1
34 1 L 2
35 0 L 7
36 1 U 6
37 0 L 31
38 1 L 23
39 1 L 28
40 0 U 12
41 1 U 40
42 1 L 33
43 0 L 10
44 1 L 43
45 0 L 14
46 1 U 41
47 0 L 45
48 1 L 12
49 0 L -1
50 0 U 30
51 0 L 42
52 1 L 35
53 1 L 21
54 1 L 22
55 0 L 47
56 0 L 17
57 1 L 54
58 0 U 25
59 1 U 28
60 1 L 19
61 0 L 60
62 1 L 17
63 0 L 62
64 1 U 54
65 1 U 10
66 0 L 34
67 0 L 24
68 0 L 14
69 1 U 41
70 1 U 46
71 0 L 54
72 0 L 57
73 1 U 30
74 1 L -1
75 0 U 64
76 1 U 13
77 0 L 32
78
0 1 L -1
1 0 U -1
2 0 U -1
3 0 U 1
4 1 L -1
5 0 U 4
6 1 U 3
7 0 U -1
8 1 L 1
9 1 U 2
10 1 U -1
11 0 U 3
12 1 U 7
13 0 L -1
14 1 U 12
15 1 U 7
16 0 U -1
17 1 U -1
18 0 U -1
19 1 L -1
20 1 L 2
21 0 U -1
22 0 U 11
23 0 U 0
24 1 U 12
25 0 L 21
26 1 U 14
27 1 L 17
28 0 U 18
29 1 U 6
30 0 U -1
31 0 L 4
32 1 L 22
33 0 L -1
34 1 L 2
35 0 L 7
36 0 U 11
37 1 L 8
38 0 L 23
39 1 L 29
40 0 U 12
41 1 U 40
42 1 L 33
43 0 L 10
44 1 L 43
45 0 L 14
46 1 U 26
47 0 L 45
48 1 L 14
49 0 L -1
50 0 U 30
51 0 L 42
52 1 L 35
53 1 L 21
54 1 L 34
55 0 L 47
56 0 L 17
57 0 L 54
58 0 U 18
59 0 U 58
60 1 L 19
61 0 L 60
62 1 L 44
63 1 L 62
64 0 U 54
65 1 U 10
66 1 L 34
67 0 L 48
68 0 L 14
69 1 U 41
70 1 U 46
71 1 L 54
72 0 L 32
73 0 U 69
74 1 L -1
75 1 U 64
76 1 U 13
77 1 L 32
78
0 1 U -1
1 0 U -1
2 0 U -1
3 0 U 1
4 1 L -1
5 0 U 4
6 1 U 3
7 0 U -1
8 1 L 1
9 1 U 1
10 1 U -1
11 0 U 3
12 1 U 7
13 0 L -1
14 1 U 12
15 1 U 0
16 0 U -1
17 1 U -1
18 0 U -1
19 1 L -1
20 1 L 2
21 0 U -1
22 1 U 11
23 0 U 0
24 1 U 15
25 0 L 21
26 1 U 14
27 1 L 17
28 0 U 25
29 1 U 6
30 0 U -1
31 0 L 4
32 1 L 22
33 0 L -1
34 1 L 2
35 0 L 7
36 1 U 27
37 1 L 8
38 0 L 23
39 1 L 29
40 0 U 12
41 1 U 40
42 1 L 33
43 0 L 10
44 1 L 43
45 0 L 14
46 0 U 26
47 0 L 45
48 1 L 14
49 0 L -1
50 0 U 28
51 0 L 42
52 1 L 35
53 1 L 21
54 1 L 34
55 0 L 47
56 0 L 47
57 1 L 54
58 0 U 1
59 0 U 58
60 1 L 42
61 1 L 60
62 1 L 44
63 1 L 62
64 1 L 54
65 1 U 10
66 1 L 34
67 0 L 48
68 0 L 14
69 1 U 41
70 1 U 46
71 1 L 7
72 0 L 32
73 0 U 34
74 1 L -1
75 1 U 64
76 1 U 13
77 0 L 32
78
0 1 U -1
1 0 U -1
2 0 U -1
3 0 U 1
4 1 L -1
5 0 U 4
6 1 U 3
7 0 U -1
8 1 L 1
9 1 U 0
10 1 U -1
11 0 U 3
12 0 U 7
13 0 L -1
14 1 U 12
15 1 U 10
16 0 U -1
17 1 U -1
18 0 U -1
19 1 L -1
20 1 L 2
21 0 U -1
22 0 U 11
23 1 U 0
24 1 L 14
25 0 L 21
26 1 U 14
27 1 L 17
28 0 U 25
29 1 U 6
30 0 U -1
31 0 L 0
32 1 L 22
33 0 L -1
34 1 L 2
35 0 L 7
36 1 U 19
37 0 L 31
38 0 L 23
39 1 L 28
40 0 U 12
41 1 U 6
42 1 L 33
43 0 L 10
44 1 L 43
45 0 L 14
46 0 U 26
47 0 L 45
48 1 L 14
49 0 L -1
50 0 U 4
51 0 L 42
52 1 L 35
53 1 L 21
54 1 L 37
55 0 L 47
56 0 L 17
57 0 L 54
58 0 U 1
59 0 U 4
60 1 L 42
61 1 L 60
62 1 L 44
63 0 L 62
64 1 U 54
65 1 U 2
66 1 L 34
67 0 L 48
68 0 L 14
69 1 U 41
70 1 U 46
71 1 L 37
72 0 L 32
73 0 U 41
74 1 L -1
75 1 U 64
76 1 U 13
77 0 L 66
78
0 1 L -1
1 0 U -1
2 0 U -1
3 0 U 1
4 1 L -1
5 0 U 4
6 1 U 3
7 0 U -1
8 1 L 1
9 1 U 0
10 1 U -1
11 0 U 3
12 1 U 7
13 0 L -1
14 1 U 12
15 1 U 7
16 0 U -1
17 1 U -1
18 0 U -1
19 1 L -1
20 1 L 2
21 0 U -1
22 1 U 11
23 1 U 10
24 1 L 14
25 0 L 21
26 1 U 14
27 1 L 17
28 0 U 1
29 1 U 6
30 0 U -1
31 0 L 0
32 1 L 22
33 0 L -1
34 1 L 2
35 0 L 34
36 1 U 19
37 0 L 31
38 0 L 23
39 1 L 28
40 0 U 12
41 1 U 6
42 1 L 33
43 0 L 10
44 1 L 43
45 0 L 14
46 0 U 43
47 0 L 45
48 1 L 14
49 0 L -1
50 0 U 28
51 0 L 42
52 1 L 35
53 1 L 21
54 1 L 37
55 0 L 47
56 0 L 17
57 1 L 54
58 0 U 25
59 0 U 12
60 1 L 49
61 0 L 60
62 1 L 48
63 0 L 62
64 1 U 54
65 1 U 25
66 1 L 34
67 0 L 48
68 1 L 14
69 1 U 41
70 1 U 46
71 0 L 22
72 0 L 11
73 0 U 33
74 1 L -1
75 0 U 62
76 1 U 13
77 0 L 66
78
0 1 L -1
1 0 U -1
2 0 U -1
3 0 U 1
4 1 L -1
5 0 U 4
6 1 U 3
7 0 U -1
8 1 L 1
9 1 U 1
10 1 U -1
11 0 U 3
12 1 U 7
13 0 L -1
14 1 U 12
15 1 U 10
16 0 U -1
17 1 U -1
18 0 U -1
19 1 L -1
20 0 L 2
21 0 U -1
22 1 U 11
23 0 U 17
24 1 L 14
25 0 L 21
26 1 U 14
27 1 L 17
28 0 U 18
29 1 U 6
30 0 U -1
31 0 L 0
32 1 L 22
33 0 L -1
34 1 L 2
35 0 L 34
36 1 U 6
37 0 L 31
38 0 L 23
39 1 L 28
40 0 U 12
41 1 U 6
42 1 L 0
43 0 L 10
44 1 L 43
45 0 L 14
46 0 U 43
47 0 L 45
48 1 L 14
49 0 L -1
50 0 U 28
51 0 L 1
52 1 L 35
53 1 L 21
54 1 L 37
55 0 L 47
56 0 L 17
57 1 L 54
58 0 U 7
59 0 U 58
60 0 L 49
61 0 L 60
62 1 L 47
63 1 L 62
64 1 U 54
65 1 U 25
66 1 L 34
67 0 L 48
68 0 L 43
69 1 U 41
70 1 U 46
71 0 L 7
72 0 L 32
73 0 U 29
74 1 L -1
75 0 U 62
76 1 U 13
77 0 L 66
78
0 1 L -1
1 0 U -1
2 0 U -1
3 0 U 1
4 1 L -1
5 0 U 4
6 1 U 3
7 0 U -1
8 1 L 1
9 1 U 1
10 1 U -1
11 0 U 3
12 0 U 7
13 0 L -1
14 1 U 12
15 1 U 7
16 0 U -1
17 1 U -1
18 0 U -1
19 1 L -1
20 0 L 2
21 0 U -1
22 1 U 11
23 1 U 0
24 1 L 14
25 0 L 21
26 1 U 14
27 1 L 17
28 0 U 18
29 1 U 6
30 0 U 16
31 0 L 0
32 1 L 22
33 0 L -1
34 1 L 2
35 0 L 34
36 1 U 6
37 0 L 31
38 0 L 23
39 1 L 28
40 0 U 12
41 1 U 6
42 1 L 0
43 0 L 10
44 1 L 43
45 0 L 14
46 1 U 43
47 0 L 45
48 1 L 14
49 0 L -1
50 0 U 28
51 0 L 1
52 1 L 35
53 1 L 21
54 1 L 37
55 0 L 47
56 0 L 47
57 0 L 54
58 0 U 30
59 0 U 58
60 0 L 49
61 1 L 60
62 1 L 48
63 1 L 62
64 1 U 54
65 1 U 10
66 1 L 37
67 0 L 48
68 0 L 43
69 1 U 41
70 1 U 46
71 0 L 7
72 0 L 32
73 0 L 72
74 1 L -1
75 1 U 62
76 1 U 13
77 0 L 66
78
0 1 U -1
1 0 U -1
2 0 U -1
3 0 U 1
4 1 L -1
5 0 U 4
6 1 U 3
7 0 U -1
8 1 L 1
9 1 U -1
10 1 U -1
11 0 U 3
12 1 U 7
13 0 L -1
14 1 U 12
15 1 U 0
16 0 U -1
17 1 U -1
18 0 U -1
19 1 L -1
20 0 L 2
21 0 U -1
22 0 U 11
23 0 U 17
24 1 L 14
25 0 L 21
26 1 U 14
27 1 L 17
28 0 U 18
29 1 U 6
30 0 U 16
31 0 L 0
32 1 L 22
33 0 L -1
34 0 L 2
35 0 L 7
36 1 U 8
37 0 L 31
38 1 L 23
39 0 L 28
40 1 U 28
41 1 U 6
42 1 L 0
43 0 L 10
44 1 L 43
45 0 L 14
46 0 U 43
47 0 L 45
48 1 L 14
49 0 L -1
50 0 L 46
51 0 L 1
52 1 L 35
53 1 L 21
54 1 L 37
55 0 L 47
56 0 L 17
57 1 L 54
58 0 U 10
59 1 U 3
60 1 L 49
61 0 L 60
62 1 L 48
63 0 L 6
64 0 U 54
65 1 U 17
66 1 L 20
67 0 L 48
68 0 L 43
69 1 U 41
70 1 U 46
71 1 L 7
72 0 L 57
73 0 L 10
74 1 L -1
75 1 U 69
76 1 U 13
77 0 L 66
78
0 1 L -1
1 0 U -1
2 0 U -1
3 0 U 1
4 1 L -1
5 0 U 4
6 1 U 3
7 0 U -1
8 1 L 1
9 1 U 0
10 1 U -1
11 0 U 3
12 0 U 10
13 0 L -1
14 1 U 12
15 1 U 0
16 0 U -1
17 1 U -1
18 0 U -1
19 1 L -1
20 0 L 2
21 0 U -1
22 1 U 11
23 1 U 10
24 1 L 14
25 0 L 21
26 1 U 14
27 1 L 17
28 0 U 1
29 1 U 6
30 0 U 16
31 0 L 0
32 1 L 22
33 0 L -1
34 1 L -1
35 0 L 7
36 0 U 19
37 0 L 31
38 1 L 23
39 0 L 28
40 1 U 28
41 1 U 6
42 1 L 34
43 0 L 10
44 1 L 43
45 0 L 14
46 1 U 43
47 0 L 45
48 1 L 14
49 0 L -1
50 0 L 29
51 0 L 1
52 1 L 35
53 1 L 21
54 1 L 37
55 0 L 47
56 0 L 17
57 1 L 54
58 0 U 10
59 1 U 3
60 1 L 49
61 0 L 60
62 0 L 48
63 1 L 6
64 0 U 60
65 1 U 17
66 1 L 20
67 0 L 48
68 0 L 43
69 1 U 41
70 1 U 46
71 1 L 61
72 1 L 11
73 0 L 10
74 1 L -1
75 1 U 69
76 1 U 13
77 0 L 66
78
0 1 U -1
1 0 U -1
2 0 U -1
3 0 U 1
4 1 L -1
5 0 U 4
6 1 U 3
7 0 U -1
8 1 L 1
9 1 U 2
10 1 U -1
11 0 U 3
12 1 U 7
13 0 L -1
14 1 U 12
15 1 U 0
16 0 U -1
17 1 U -1
18 0 U -1
19 1 L -1
20 0 L 2
21 0 U -1
22 0 U 11
23 0 U 17
24 1 L 14
25 0 L 21
26 1 U 14
27 1 L 17
28 0 U 2
29 1 U 5
30 0 U -1
31 0 L 4
32 1 L 22
33 0 L -1
34 1 L -1
35 0 L 5
36 0 U 19
37 0 L 31
38 0 L 21
39 0 L 28
40 1 U 4
41 1 U 6
42 1 L 34
43 0 L 10
44 1 L 43
45 0 L 14
46 0 U 26
47 0 L 45
48 1 L 14
49 0 L -1
50 0 L 29
51 0 L 13
52 0 L 35
53 1 L 21
54 1 L 37
55 0 L 47
56 1 L 17
57 1 L 54
58 0 U 10
59 0 U 3
60 1 L 49
61 0 L 60
62 0 L 48
63 0 L 54
64 0 U 60
65 1 U 10
66 1 L 20
67 0 L 24
68 0 L 12
69 1 U 41
70 1 U 46
71 1 L 32
72 0 L 11
73 0 L 10
74 1 L -1
75 1 U 69
76 1 U 13
77 0 L 66
78
0 1 U -1
1 0 U -1
2 0 U -1
3 0 U 1
4 1 L -1
5 0 U 4
6 1 U 3
7 0 U -1
8 1 L 1
9 1 U 1
10 1 U -1
11 0 U 3
12 0 U 7
13 0 L -1
14 1 U 12
15 1 U 7
16 0 U -1
17 1 U -1
18 0 U -1
19 1 L -1
20 0 L 2
21 0 U -1
22 0 U 11
23 1 U 10
24 1 L 14
25 0 L 21
26 1 U 14
27 1 L 17
28 0 U 2
29 1 U 6
30 0 U -1
31 0 L 4
32 1 L 22
33 0 L -1
34 1 L -1
35 0 L 5
36 1 U 11
37 0 L 31
38 0 L 21
39 1 L 28
40 1 U 4
41 1 U 6
42 1 L 34
43 0 L 10
44 1 L 43
45 0 L 14
46 0 U 26
47 0 L 45
48 1 L 14
49 0 L -1
50 1 L 20
51 0 L 13
52 0 L 35
53 1 L 21
54 1 L 37
55 0 L 47
56 1 L 17
57 1 L 54
58 0 U 18
59 0 U 3
60 1 L 49
61 1 L 60
62 0 L 48
63 0 L 54
64 0 U 60
65 1 U 10
66 1 L 20
67 0 L 24
68 0 L 12
69 1 U 41
70 1 U 46
71 1 L 11
72 0 L 11
73 0 L 72
74 1 L -1
75 1 U 69
76 1 U 13
77 0 L 66
78
0 1 L -1
1 0 U -1
2 0 U -1
3 0 U 1
4 1 L -1
5 0 U 4
6 1 U 3
7 0 U -1
8 1 L 1
9 1 U 0
10 1 U -1
11 0 U 3
12 0 U 7
13 0 L -1
14 1 U 12
15 1 U 0
16 0 U -1
17 1 U -1
18 0 U -1
19 1 L -1
20 0 L 2
21 0 U -1
22 1 U 11
23 1 U 10
24 1 L 14
25 0 L 21
26 1 U 6
27 1 L 17
28 0 U 2
29 1 U 6
30 0 U -1
31 0 L 4
32 1 L 22
33 0 L -1
34 1 L -1
35 0 L 5
36 1 U 19
37 0 L 31
38 0 L 21
39 1 L 28
40 1 U 4
41 1 U 6
42 1 L 34
43 0 L 10
44 1 L 43
45 0 L 14
46 0 U 35
47 0 L 45
48 1 L 12
49 0 L -1
50 0 L 20
51 0 L 13
52 0 L 35
53 1 L 21
54 1 L 37
55 0 L 47
56 1 L 47
57 1 L 54
58 0 U 1
59 0 U 15
60 1 L 49
61 0 L 60
62 1 L 48
63 1 L 54
64 1 U 62
65 1 U 10
66 1 L 20
67 0 L 24
68 0 L 12
69 1 U 41
70 1 U 46
71 0 L 11
72 0 L 11
73 0 L 72
74 1 L -1
75 1 U 69
76 1 U 13
77 1 L 9
78
0 1 L -1
1 0 U -1
2 0 U -1
3 0 U 1
4 1 L -1
5 0 U 4
6 1 U 3
7 0 U -1
8 1 L 1
9 1 U 0
10 1 U -1
11 0 U 3
12 1 U 10
13 0 L -1
14 1 U 13
15 1 U 0
16 0 U -1
17 1 U -1
18 0 U -1
19 1 L -1
20 0 L 2
21 0 U -1
22 1 U 11
23 1 U 10
24 1 L 14
25 0 L 21
26 1 U 8
27 1 L 17
28 0 U 25
29 1 U 6
30 0 U -1
31 0 L 4
32 1 L 22
33 0 L -1
34 1 L -1
35 0 L 5
36 1 U 19
37 0 L 31
38 0 L 21
39 1 L 28
40 0 U 4
41 1 U 11
42 1 L 34
43 0 L 26
44 1 L 43
45 0 L 14
46 0 U 41
47 0 L 45
48 1 L 43
49 0 L -1
50 0 L 20
51 0 L 42
52 1 L 50
53 1 L 21
54 1 L 37
55 0 L 47
56 1 L 17
57 1 L 54
58 0 U 2
59 0 U 13
60 1 L 49
61 1 L 60
62 1 L 17
63 1 L 22
64 0 L 62
65 1 U 25
66 0 L 61
67 0 L 24
68 0 L 12
69 1 U 41
70 1 U 46
71 1 L 11
72 0 L 52
73 0 L 72
74 1 L -1
75 1 U 47
76 1 U 40
77 0 L 9
78
0 1 U -1
1 0 U -1
2 0 U -1
3 0 U 1
4 1 L -1
5 0 U 4
6 1 U 3
7 0 U -1
8 1 L 1
9 1 U -1
10 1 U -1
11 0 U 3
12 1 U 7
13 0 L -1
14 1 U 13
15 1 U 0
16 0 U -1
17 1 U -1
18 0 U -1
19 1 L -1
20 0 L 2
21 0 U -1
22 1 U 11
23 0 U 17
24 1 L 14
25 0 L 21
26 1 U 19
27 1 L 17
28 0 U 1
29 1 U 6
30 0 U -1
31 0 L 4
32 1 L 22
33 0 L -1
34 1 L -1
35 0 L 2
36 0 U 11
37 0 L 31
38 1 L 21
39 1 L 28
40 0 U 3
41 1 U 11
42 1 L 34
43 0 L 26
44 1 L 43
45 0 L 14
46 1 U 41
47 0 L 45
48 1 L 12
49 0 L -1
50 0 L 20
51 0 L 42
52 1 L 50
53 1 L 21
54 1 L 37
55 0 L 6
56 0 L 17
57 0 L 47
58 0 U 25
59 0 U 13
60 1 L 49
61 1 L 60
62 1 L 17
63 0 L 22
64 0 L 62
65 1 U 17
66 1 L 61
67 0 L 24
68 0 L 12
69 1 U 41
70 0 L 46
71 1 L 11
72 0 L 52
73 0 L 72
74 1 L -1
75 1 U 62
76 1 U 65
77 0 L 11
78
0 1 U -1
1 0 U -1
2 0 U -1
3 0 U 1
4 1 L -1
5 0 U 4
6 1 U 3
7 0 U -1
8 1 L 1
9 1 U 1
10 1 U -1
11 0 U 3
12 0 U 7
13 0 L -1
14 1 U 12
15 1 U 7
16 0 U -1
17 1 U -1
18 0 U -1
19 1 L -1
20 0 L 2
21 0 U -1
22 0 U 11
23 0 U 7
24 1 L 14
25 0 L 21
26 1 U 19
27 1 L 17
28 0 U 2
29 1 U 6
30 0 U -1
31 0 L 4
32 1 L 22
33 0 L -1
34 1 L -1
35 0 L 2
36 0 U 8
37 1 L 31
38 0 L 21
39 0 L 28
40 1 U 28
41 1 U 6
42 1 L 34
43 0 L 26
44 1 L 43
45 0 L 14
46 0 U 26
47 0 L 45
48 1 L 12
49 0 L -1
50 0 L 20
51 0 L 13
52 1 L 22
53 1 L 21
54 0 L 22
55 1 L 6
56 0 L 17
57 0 L 17
58 0 U 17
59 0 U 58
60 0 L 49
61 0 L 60
62 1 L 17
63 0 L 6
64 0 L 62
65 1 U 2
66 0 L 61
67 0 L 24
68 0 L 12
69 1 U 41
70 0 U 46
71 1 L 52
72 0 L 11
73 0 L 72
74 1 L -1
75 1 U 62
76 1 U 13
77 0 L 11
78
0 1 U -1
1 0 U -1
2 0 U -1
3 0 U 1
4 1 L -1
5 0 U 4
6 1 U 4
7 0 U -1
8 1 L 1
9 1 U 0
10 1 U -1
11 0 U 3
12 0 U 10
13 0 L -1
14 1 U 12
15 1 U 0
16 0 U -1
17 1 U -1
18 0 U -1
19 1 L -1
20 0 L 2
21 0 U -1
22 0 U 11
23 0 U 0
24 1 L 14
25 0 L 21
26 1 U 6
27 1 L 17
28 0 U 18
29 1 U 5
30 0 U -1
31 0 L 4
32 1 L 22
33 0 L -1
34 1 L -1
35 0 L 31
36 1 U 19
37 0 L 31
38 1 L 23
39 1 L 28
40 1 U 28
41 1 U 14
42 1 L 34
43 0 L 26
44 1 L 43
45 0 L 14
46 0 U 33
47 0 L 45
48 1 L 12
49 0 L -1
50 0 L 6
51 0 L 13
52 1 L 22
53 1 L 21
54 0 L 22
55 1 L 22
56 0 L 17
57 0 L 17
58 0 U 18
59 0 U 50
60 1 L 49
61 0 L 60
62 1 L 17
63 0 L 22
64 0 L 20
65 1 U 2
66 0 L 61
67 0 L 24
68 0 L 12
69 0 U 41
70 0 U 52
71 0 L 52
72 0 L 52
73 0 L 72
74 1 L -1
75 1 U 62
76 1 U 65
77 1 L 52
78
0 1 L -1
1 0 U -1
2 0 U -1
3 0 U 1
4 1 L -1
5 0 U 4
6 1 U 4
7 0 U -1
8 1 L 1
9 1 U 0
10 1 U -1
11 0 U 9
12 0 U 10
13 0 L -1
14 1 U 12
15 1 U 0
16 0 U -1
17 1 U -1
18 0 U -1
19 1 L -1
20 0 L 2
21 0 U -1
22 0 U 11
23 1 U 10
24 1 L 14
25 0 L 21
26 1 U 6
27 1 L 17
28 0 U 18
29 1 U 5
30 0 U -1
31 0 L 4
32 1 L 22
33 0 L -1
34 1 L -1
35 0 L 31
36 1 U 8
37 0 L 31
38 1 L 23
39 0 L 21
40 1 U 28
41 1 U 14
42 1 U 34
43 0 L 26
44 1 L 43
45 0 L 14
46 0 U 15
47 0 L 45
48 1 L 12
49 0 L -1
50 0 L 6
51 0 L 19
52 1 L 22
53 0 L 21
54 0 L 22
55 1 L 22
56 0 L 17
57 0 L 17
58 0 U 18
59 0 U 56
60 0 L 49
61 1 L 60
62 0 L 17
63 0 L 22
64 0 L 20
65 1 U 2
66 0 L 61
67 0 L 24
68 0 L 12
69 0 U 57
70 1 U 36
71 0 L 50
72 0 L 52
73 0 L 26
74 1 L -1
75 1 U 55
76 1 U 65
77 0 L 32
78
0 1 L -1
1 0 U -1
2 0 U -1
3 0 U 1
4 1 L -1
5 0 U 4
6 1 U 4
7 0 U -1
8 1 L 1
9 1 U 0
10 1 U -1
11 0 U 4
12 0 U 10
13 0 L -1
14 1 U 12
15 1 U 10
16 0 U -1
17 1 U -1
18 0 U -1
19 1 L -1
20 0 L 2
21 0 U -1
22 0 U 11
23 0 U 7
24 1 L 14
25 0 L 21
26 1 U 6
27 1 L 17
28 0 U 18
29 1 U 5
30 0 U -1
31 0 L 4
32 1 L 22
33 0 L -1
34 1 L -1
35 0 L 31
36 1 U 27
37 0 L 31
38 1 L 23
39 0 L 21
40 0 U 28
41 1 U 40
42 1 U 34
43 0 L 26
44 1 L 43
45 0 L 14
46 0 U 32
47 0 L 45
48 1 L 12
49 0 L -1
50 0 L 22
51 0 L 13
52 1 L 6
53 0 L 21
54 0 L 22
55 1 L 22
56 0 L 17
57 0 L 17
58 0 U 25
59 0 U 56
60 1 L 49
61 1 L 60
62 0 L 17
63 1 L 37
64 0 L 20
65 1 U 30
66 0 L 61
67 0 L 24
68 0 L 12
69 0 U 52
70 1 U 56
71 0 L 52
72 1 L 11
73 0 L 72
74 1 L -1
75 1 U 62
76 1 U 65
77 0 L 32
78
0 1 U -1
1 0 U -1
2 0 U -1
3 0 U 1
4 1 L -1
5 0 U 4
6 1 U 4
7 0 U -1
8 1 L 1
9 1 U 1
10 1 U -1
11 0 U 4
12 1 U 10
13 0 L -1
14 1 U 12
15 1 U 7
16 0 U -1
17 1 U -1
18 0 U -1
19 1 L -1
20 0 L 2
21 0 U -1
22 1 U 11
23 0 U 7
24 1 L 14
25 0 L 21
26 1 U 6
27 1 L 17
28 0 U 18
29 1 U 14
30 0 U -1
31 0 L 4
32 1 L 22
33 0 L -1
34 1 L -1
35 0 L 2
36 0 U 14
37 0 L 31
38 1 L 27
39 0 L 27
40 0 U 28
41 1 U 40
42 0 U 34
43 0 L 26
44 1 L 43
45 0 L 14
46 1 U 32
47 0 L 45
48 1 L 12
49 0 L -1
50 1 L 20
51 0 L 13
52 1 L 6
53 0 L 28
54 0 L 6
55 1 L 22
56 0 L 17
57 1 L 17
58 0 U 2
59 0 U 56
60 1 L 49
61 1 L 60
62 1 L 17
63 0 L 27
64 0 L 37
65 1 U 30
66 0 L 61
67 0 L 24
68 0 L 12
69 1 L 52
70 1 U 56
71 0 L 64
72 1 L 11
73 0 L 72
74 1 L -1
75 0 U 42
76 1 U 65
77 0 L 54
78
0 1 L -1
1 0 U -1
2 0 U -1
3 0 U 1
4 1 L -1
5 0 U 4
6 1 U 4
7 0 U -1
8 1 L 1
9 1 U 1
10 1 U -1
11 0 U 4
12 0 U 10
13 0 L -1
14 1 U 12
15 1 U 7
16 0 U -1
17 1 U -1
18 0 U -1
19 1 L -1
20 0 L 2
21 0 U -1
22 0 U 11
23 0 U 17
24 1 L 14
25 0 L 21
26 1 U 6
27 1 L 17
28 0 U 18
29 1 U 24
30 0 U -1
31 0 L 4
32 1 L 22
33 0 L -1
34 1 L -1
35 0 L 2
36 1 U 6
37 0 L 31
38 1 L 27
39 0 L 27
40 0 U 23
41 1 U 24
42 0 U 34
43 0 L 26
44 1 L 43
45 0 L 14
46 1 U 23
47 0 L 45
48 1 L 12
49 0 L -1
50 0 L 20
51 0 L 13
52 1 L 6
53 0 L 28
54 0 L 6
55 1 L 22
56 0 L 17
57 1 L 17
58 0 U 2
59 0 U 35
60 1 L 49
61 0 L 60
62 0 U 48
63 1 L 17
64 0 L 37
65 1 U 30
66 0 L 61
67 0 L 24
68 0 L 12
69 1 L 52
70 0 U 26
71 1 L 50
72 0 L 32
73 0 L 72
74 1 L -1
75 1 U 42
76 1 U 23
77 1 L 32
78
0 1 L -1
1 0 U -1
2 0 U -1
3 0 U 1
4 1 L -1
5 0 U 4
6 1 U 4
7 0 U -1
8 1 L 1
9 1 U -1
10 1 U -1
11 0 U 4
12 1 U 10
13 0 L -1
14 1 U 12
15 1 U 10
16 0 U -1
17 1 U -1
18 0 U -1
19 1 L -1
20 0 L 2
21 0 U -1
22 0 U 8
23 0 U 10
24 1 L 14
25 0 L 21
26 1 U 6
27 1 L 17
28 0 U 17
29 1 U 24
30 0 U -1
31 0 L 4
32 1 L 22
33 0 L -1
34 1 L -1
35 0 L 2
36 1 U 5
37 0 L 31
38 1 L 27
39 0 L 27
40 0 U 23
41 1 U 5
42 0 U 38
43 0 L 26
44 1 L 43
45 0 L 14
46 0 U 23
47 0 L 45
48 1 L 12
49 0 L -1
50 0 L 37
51 0 L 13
52 1 L 22
53 0 L 28
54 0 L 6
55 1 L 22
56 0 L 47
57 0 L 17
58 0 U 17
59 1 U 29
60 1 L 49
61 0 L 60
62 0 U 48
63 0 L 47
64 0 L 37
65 1 U 30
66 0 L 61
67 0 L 24
68 0 L 12
69 1 L 52
70 0 U 31
71 1 L 50
72 1 L 52
73 0 L 72
74 1 L -1
75 1 U 60
76 1 U 23
77 0 L 11
78
0 1 L -1
1 0 U -1
2 0 U -1
3 0 U 1
4 1 L -1
5 0 U 4
6 1 U 4
7 0 U -1
8 1 L 1
9 1 U 1
10 0 U -1
11 0 U 4
12 1 U 10
13 0 L -1
14 1 U 12
15 1 U 0
16 0 U -1
17 1 U -1
18 0 U -1
19 1 L -1
20 0 L 2
21 0 U -1
22 0 U 11
23 1 U 17
24 1 L 14
25 0 L 21
26 1 U 6
27 1 L 17
28 0 U 1
29 1 U 24
30 0 U -1
31 0 L 4
32 1 L 22
33 0 L -1
34 1 L -1
35 0 L 2
36 1 U 14
37 0 L 31
38 1 L 27
39 0 L 27
40 0 U 23
41 1 U 5
42 0 U 38
43 0 L 26
44 1 L 43
45 0 L 14
46 1 U 23
47 0 L 45
48 1 L 12
49 0 L -1
50 0 L 37
51 0 L 13
52 1 L 35
53 0 L 27
54 0 L 6
55 0 L 22
56 0 L 47
57 1 L 17
58 0 U 17
59 1 U 29
60 1 L 49
61 0 L 60
62 0 U 49
63 1 L 48
64 0 L 37
65 1 U 30
66 0 L 61
67 0 L 24
68 0 L 12
69 1 L 52
70 0 U 41
71 1 L 50
72 1 L 52
73 0 L 72
74 1 L -1
75 1 U 60
76 1 U 23
77 0 L 52
78
0 1 L -1
1 0 U -1
2 0 U -1
3 0 U 1
4 1 L -1
5 0 U 4
6 1 U 4
7 0 U -1
8 1 L 1
9 1 U -1
10 1 U -1
11 0 U 4
12 1 U 10
13 0 L -1
14 1 U 12
15 1 U 10
16 0 U -1
17 1 U -1
18 0 U -1
19 1 L -1
20 0 L 2
21 0 U -1
22 0 U 8
23 0 U 10
24 1 L 14
25 0 L 21
26 1 U 6
27 1 L 17
28 0 U 25
29 1 U 24
30 0 U -1
31 0 L 4
32 1 L 22
33 0 L -1
34 1 L -1
35 0 L 2
36 1 U 14
37 0 L 31
38 1 L 23
39 0 L 27
40 0 U 23
41 1 U 5
42 0 U 38
43 0 L 26
44 1 L 43
45 0 L 14
46 0 U 23
47 0 L 45
48 1 L 12
49 0 L -1
50 1 L 37
51 0 L 13
52 1 L 35
53 0 L 27
54 0 L 6
55 1 L 22
56 0 L 17
57 0 L 17
58 0 U 0
59 1 U 48
60 1 L 49
61 1 L 60
62 0 U 33
63 0 L 17
64 0 L 37
65 1 U 9
66 0 L 61
67 0 L 24
68 0 L 43
69 1 L 6
70 1 U 26
71 1 L 53
72 1 L 52
73 0 L 72
74 1 L -1
75 1 U 42
76 1 U 65
77 0 L 52
78
0 1 U -1
1 0 U -1
2 0 U -1
3 0 U 1
4 1 L -1
5 0 U 4
6 1 U 3
7 0 U -1
8 1 L 1
9 1 U 0
10 1 U -1
11 0 U 9
12 1 U 10
13 0 L -1
14 1 U 12
15 1 U 0
16 0 U -1
17 1 U -1
18 0 U -1
19 1 L -1
20 0 L 2
21 0 U -1
22 0 U 19
23 0 U 17
24 1 L 14
25 0 L 21
26 1 U 14
27 1 L 17
28 0 U 25
29 1 U 24
30 0 U -1
31 0 L 4
32 0 L 22
33 0 L -1
34 1 L -1
35 0 L 2
36 1 U 14
37 0 L 31
38 1 L 23
39 0 L 27
40 0 U 23
41 1 U 5
42 0 U 38
43 0 L 26
44 1 L 43
45 0 L 14
46 0 U 3
47 0 L 45
48 1 L 12
49 0 L -1
50 1 L 37
51 0 L 13
52 1 L 35
53 0 L 27
54 0 L 6
55 1 L 22
56 0 L 17
57 0 L 17
58 0 U 0
59 0 U 41
60 1 L 49
61 0 L 60
62 0 U 39
63 0 U 48
64 0 L 37
65 1 U 2
66 0 L 61
67 0 L 24
68 0 L 43
69 1 L 6
70 0 U 43
71 1 L 11
72 1 L 52
73 0 L 72
74 1 L -1
75 1 U 32
76 1 U 65
77 1 L 55
78
0 1 U -1
1 0 U -1
2 0 U -1
3 0 U 1
4 1 L -1
5 0 U 4
6 1 U 4
7 0 U -1
8 1 L 1
9 1 U 2
10 1 U -1
11 0 U 9
12 1 U 10
13 0 L -1
14 1 U 12
15 1 U 10
16 0 U -1
17 1 U -1
18 0 U -1
19 1 L -1
20 0 L 2
21 0 U -1
22 0 U 19
23 1 U 17
24 1 L 14
25 0 L 21
26 1 U 14
27 1 L 17
28 0 U 18
29 1 U 24
30 0 U -1
31 0 L 4
32 0 L 22
33 1 L -1
34 0 L 32
35 0 L 2
36 1 U 6
37 0 L 31
38 1 L 27
39 0 L 27
40 0 U 23
41 1 U 5
42 0 U 38
43 0 L 10
44 1 L 43
45 0 L 14
46 1 U 12
47 0 L 45
48 1 L 12
49 0 L -1
50 0 L 37
51 0 L 33
52 1 L 35
53 0 L 27
54 0 L 53
55 1 L 50
56 0 L 17
57 1 L 17
58 0 U 25
59 0 U 41
60 1 L 49
61 0 L 60
62 0 U 39
63 1 L 48
64 0 L 37
65 1 U 2
66 1 L 64
67 0 L 24
68 0 L 43
69 1 L 6
70 0 U 26
71 1 L 11
72 1 L 52
73 0 L 37
74 1 L -1
75 1 U 35
76 1 U 65
77 1 L 11
78
0 1 U -1
1 0 U -1
2 0 U -1
3 0 U 1
4 1 L -1
5 0 U 4
6 1 U 4
7 0 U -1
8 1 L 1
9 1 U 2
10 1 U -1
11 0 U 9
12 1 U 10
13 0 L -1
14 1 U 12
15 1 U 10
16 0 U -1
17 1 U -1
18 0 U -1
19 1 L -1
20 0 L 2
21 0 U -1
22 0 U 11
23 1 U 17
24 1 L 14
25 0 L 21
26 1 U 14
27 1 L 17
28 0 U 25
29 1 U 24
30 0 U -1
31 0 L 4
32 0 L 22
33 1 L -1
34 0 L 32
35 0 L 2
36 1 U 11
37 0 L 31
38 1 L 27
39 0 L 27
40 1 U 28
41 1 U 5
42 0 U 37
43 0 L 10
44 1 L 43
45 0 L 14
46 0 U 23
47 0 L 45
48 1 L 12
49 1 L -1
50 0 L 37
51 0 L 33
52 1 L 35
53 0 L 21
54 0 L 53
55 1 L 22
56 0 L 17
57 0 L 47
58 0 U 2
59 0 U 41
60 1 L 49
61 0 L 60
62 0 U 39
63 1 L 17
64 0 L 37
65 1 U 2
66 1 L 7
67 0 L 24
68 0 L 43
69 1 L 64
70 0 U 29
71 1 L 11
72 0 L 34
73 0 L 61
74 1 L -1
75 1 U 56
76 1 U 65
77 0 L 55
78
0 1 U -1
1 0 U -1
2 0 U -1
3 0 U 1
4 1 L -1
5 0 U 4
6 1 U 4
7 0 U -1
8 1 L 1
9 1 U 2
10 0 U -1
11 0 U 9
12 1 U 10
13 0 L -1
14 1 U 12
15 0 U 0
16 0 U -1
17 1 U -1
18 0 U -1
19 1 L -1
20 0 L 2
21 0 U -1
22 0 U 11
23 0 U 17
24 1 L 14
25 0 L 21
26 1 U 14
27 1 L 17
28 0 U 25
29 1 U 24
30 0 U -1
31 0 L 4
32 0 L 6
33 1 L -1
34 0 L 32
35 0 L 2
36 1 U 11
37 0 L 31
38 1 L 27
39 0 L 27
40 1 U 28
41 1 U 5
42 0 U 38
43 0 L 10
44 1 L 43
45 0 L 14
46 0 U 4
47 0 L 45
48 1 L 12
49 0 L -1
50 0 L 37
51 0 L 33
52 1 L 35
53 0 L 27
54 1 L 53
55 1 L 22
56 0 L 17
57 0 L 47
58 0 U 25
59 0 U 29
60 1 L 49
61 0 L 60
62 1 U 55
63 0 L 17
64 0 L 37
65 1 U 21
66 1 L 64
67 0 L 24
68 0 L 43
69 1 L 7
70 0 U 29
71 0 L 11
72 0 L 34
73 0 L 61
74 1 L -1
75 1 U 56
76 1 U 65
77 1 L 55
78
0 1 L -1
1 0 U -1
2 0 U -1
3 0 U 1
4 1 L -1
5 0 U 4
6 1 U 4
7 0 U -1
8 1 L 1
9 1 U 2
10 0 U -1
11 0 U 9
12 1 U 10
13 0 L -1
14 1 U 12
15 0 U 0
16 0 U -1
17 1 U -1
18 0 U -1
19 1 L -1
20 0 L 2
21 0 U -1
22 0 U 11
23 1 U 7
24 1 L 14
25 0 L 21
26 1 U 6
27 1 L 17
28 0 U 2
29 1 U 24
30 0 U -1
31 0 L 4
32 0 L 22
33 0 L -1
34 0 L 32
35 0 L 2
36 1 U 24
37 0 L 31
38 1 L 27
39 0 L 27
40 0 U 4
41 1 U 14
42 0 U 38
43 0 L 10
44 1 L 43
45 0 L 14
46 1 U 28
47 0 L 45
48 1 L 12
49 1 L -1
50 0 L 37
51 0 L 13
52 1 L 35
53 0 L 27
54 1 L 53
55 1 L 50
56 0 L 17
57 1 L 47
58 0 U 25
59 0 U 26
60 0 L 49
61 1 L 60
62 1 U 55
63 0 L 47
64 0 L 37
65 1 U 21
66 1 L 64
67 0 L 24
68 0 L 12
69 1 L 35
70 0 U 29
71 0 L 61
72 1 L 34
73 0 L 61
74 1 L -1
75 1 U 32
76 1 U 65
77 0 L 55
78
0 1 L -1
1 0 U -1
2 0 U -1
3 0 U 1
4 1 L -1
5 0 U 4
6 1 U 4
7 0 U -1
8 1 L 1
9 1 U 2
10 0 U -1
11 0 U 9
12 1 U 10
13 0 L -1
14 1 U 12
15 0 U 0
16 0 U -1
17 1 U -1
18 0 U -1
19 1 L -1
20 0 L 2
21 0 U -1
22 0 U 11
23 1 U 17
24 1 L 14
25 0 L 21
26 1 U 5
27 1 L 17
28 0 U 25
29 1 U 24
30 0 U -1
31 0 L 4
32 0 L 22
33 0 L -1
34 0 L 32
35 0 L 2
36 1 U 11
37 0 L 31
38 1 L 27
39 0 L 27
40 0 U 4
41 1 U 14
42 0 U 38
43 0 L 10
44 1 L 12
45 0 L 14
46 1 U 4
47 0 L 45
48 1 L 12
49 0 L -1
50 0 L 37
51 0 L 49
52 1 L 35
53 0 L 27
54 1 L 37
55 1 L 50
56 0 L 17
57 0 L 47
58 0 U 25
59 0 U 43
60 1 L 49
61 0 L 60
62 0 U 55
63 0 L 47
64 0 L 37
65 1 U 21
66 1 L 64
67 0 L 24
68 0 L 12
69 1 L 22
70 0 U 29
71 1 L 34
72 0 L 11
73 1 L 61
74 1 L -1
75 1 U 48
76 1 U 12
77 1 L 52
78
0 1 L -1
1 0 U -1
2 0 U -1
3 0 U 1
4 1 L -1
5 0 U 4
6 1 U 4
7 0 U -1
8 1 L 1
9 1 U 2
10 0 U -1
11 0 U 9
12 1 U 10
13 0 L -1
14 1 U 12
15 1 U 0
16 0 U -1
17 1 U -1
18 0 U -1
19 1 L -1
20 0 L 2
21 0 U -1
22 1 U 11
23 1 U 17
24 1 L 14
25 0 L 21
26 1 U 6
27 1 L 17
28 0 U 2
29 1 U 24
30 0 U -1
31 0 L 4
32 0 L 6
33 0 L -1
34 0 L 32
35 0 L 2
36 1 U 11
37 0 L 3
38 1 L 27
39 0 L 27
40 0 U 4
41 1 U 5
42 0 U 38
43 0 L 10
44 1 L 12
45 0 L 14
46 1 U 3
47 0 L 45
48 1 L 12
49 1 L -1
50 0 L 37
51 0 L 49
52 1 L 50
53 0 L 27
54 1 L 37
55 1 L 50
56 0 L 44
57 0 L 47
58 0 U 1
59 0 U 41
60 1 L 49
61 1 L 60
62 0 U 42
63 1 L 47
64 0 L 63
65 1 U 21
66 1 L 50
67 0 L 24
68 0 L 12
69 1 L 22
70 0 U 31
71 1 L 59
72 1 L 11
73 1 L 61
74 1 L -1
75 1 U 48
76 1 U 15
77 0 L 34
78
0 1 L -1
1 0 U -1
2 0 U -1
3 0 U 1
4 1 L -1
5 0 U 4
6 1 U 4
7 0 U -1
8 1 L 1
9 1 U 2
10 0 U -1
11 0 U 9
12 1 U 10
13 0 L -1
14 1 U 12
15 0 U 0
16 0 U -1
17 1 U -1
18 0 U -1
19 1 L -1
20 1 L 2
21 0 U -1
22 0 U 11
23 1 U 0
24 1 L 14
25 0 L 21
26 1 U 6
27 1 L 17
28 0 U 25
29 1 U 24
30 0 U -1
31 0 L 0
32 0 L 6
33 0 L -1
34 0 L 32
35 0 L 2
36 1 U 24
37 0 L 3
38 1 L 27
39 0 L 27
40 0 U 23
41 1 U 5
42 0 U 38
43 0 L 10
44 1 L 12
45 0 L 14
46 0 U 4
47 0 L 45
48 1 L 12
49 0 L -1
50 0 L 37
51 0 L 19
52 1 L 50
53 0 L 27
54 1 L 37
55 1 L 50
56 0 L 44
57 1 L 52
58 0 U 25
59 1 U 32
60 1 L 0
61 1 L 60
62 0 U 42
63 1 L 47
64 0 L 47
65 1 U 30
66 1 L 50
67 0 L 24
68 0 L 12
69 1 L 54
70 0 U 56
71 1 L 61
72 1 L 11
73 0 L 37
74 0 L -1
75 1 U 48
76 1 U 23
77 0 L 34
78
0 1 U -1
1 0 U -1
2 0 U -1
3 0 U 1
4 1 L -1
5 0 U 4
6 1 U 4
7 0 U -1
8 1 L 1
9 1 U 2
10 0 U -1
11 0 U 9
12 1 U 10
13 0 L -1
14 1 U 12
15 1 U 0
16 0 U -1
17 1 U -1
18 0 U -1
19 1 L -1
20 0 L 2
21 0 U -1
22 0 U 11
23 1 U 17
24 1 L 14
25 0 L 21
26 1 U 5
27 1 L 17
28 0 U 25
29 1 U 24
30 0 U -1
31 0 L 0
32 0 L 22
33 0 L -1
34 0 L 32
35 0 L 2
36 1 U 6
37 0 L 3
38 1 L 27
39 0 L 27
40 0 U 23
41 1 U 5
42 0 U 38
43 0 L 10
44 1 L 43
45 0 L 14
46 0 U 3
47 0 L 45
48 1 L 12
49 0 L -1
50 0 L 20
51 0 L 49
52 1 L 22
53 0 L 21
54 1 L 37
55 1 L 22
56 0 L 44
57 1 L 44
58 0 U 17
59 1 U 26
60 0 L 0
61 0 L 60
62 1 U 29
63 0 L -1
64 0 L 47
65 1 U 30
66 1 L 54
67 0 L 24
68 0 L 12
69 1 L 54
70 0 U 63
71 1 L 52
72 1 L 11
73 0 L 37
74 1 L -1
75 1 U 60
76 1 U 23
77 0 L 34
