37
0 0 U -1
1 0 U -1
2 0 U -1
3 0 U -1
4 0 U -1
5 0 U -1
6 0 U -1
7 0 U -1
8 0 U -1
9 0 U -1
10 0 U -1
11 0 U -1
12 0 U -1
13 0 U -1
14 0 U -1
15 0 U -1
16 0 U -1
17 0 U -1
18 0 U -1
19 0 U -1
20 0 U -1
21 0 U -1
22 0 U -1
23 0 U -1
24 0 U -1
25 0 U -1
26 0 U -1
27 0 U -1
28 0 U -1
29 0 U -1
30 0 U -1
31 0 U -1
32 0 U -1
33 0 U -1
34 0 U -1
35 0 U -1
36 0 U -1
37
0 0 U -1
1 0 U 0
2 1 U -1
3 0 U 0
4 0 U -1
5 1 L 4
6 0 U 5
7 1 U 5
8 0 L 0
9 1 L 8
10 1 L 4
11 1 U -1
12 1 U 11
13 1 L 7
14 0 L -1
15 0 U 3
16 1 U 13
17 1 U -1
18 1 L -1
19 0 L 8
20 0 U 3
21 0 L 2
22 0 U 17
23 1 L 19
24 0 U -1
25 0 L 7
26 0 L 18
27 1 L 25
28 0 L 27
29 1 L 12
30 0 L 21
31 1 L 3
32 0 U 17
33 1 U 11
34 1 L 14
35 1 L 32
36 0 U 27
37
0 0 U -1
1 0 U 0
2 0 L -1
3 0 U 0
4 0 U -1
5 1 L 4
6 0 U 5
7 1 U 5
8 0 L -1
9 1 L 3
10 0 L 9
11 1 U -1
12 1 U 11
13 1 L 7
14 0 L 6
15 0 U 3
16 1 U 13
17 1 U -1
18 1 L -1
19 1 L -1
20 0 U 2
21 0 L 1
22 0 U 17
23 1 L 6
24 0 U -1
25 0 L 7
26 0 U 9
27 1 L 25
28 0 L 27
29 1 L 18
30 0 L 21
31 1 L 3
32 0 U 11
33 1 U 5
34 1 L 1
35 0 U 23
36 0 U 27
37
0 0 L -1
1 0 U 0
2 1 U -1
3 0 U 0
4 0 U -1
5 1 L 4
6 0 U 5
7 0 U 6
8 0 L -1
9 0 L 3
10 0 U -1
11 1 U -1
12 1 U 11
13 1 L 5
14 0 L 6
15 1 L 4
16 1 U 13
17 1 L 8
18 1 L -1
19 0 U 18
20 0 U 3
21 0 U 3
22 0 U 11
23 1 L 6
24 0 U -1
25 0 L 7
26 1 U 22
27 1 L 25
28 0 L 27
29 0 L 18
30 0 L 8
31 0 L 25
32 0 U 24
33 1 U 4
34 0 L 31
35 0 L 30
36 0 U 27
37
0 0 L -1
1 0 U 0
2 1 U -1
3 0 U -1
4 0 U -1
5 1 L 4
6 0 U 5
7 0 U 6
8 1 L -1
9 0 L 3
10 0 L 3
11 1 U -1
12 1 U 11
13 1 L 5
14 0 L 6
15 0 L 12
16 1 U 13
17 1 L 10
18 0 L -1
19 1 U 5
20 0 U 12
21 0 U -1
22 1 U -1
23 1 L 9
24 0 L 2
25 0 L 7
26 1 L 6
27 1 L 25
28 0 L 27
29 1 L 18
30 0 L 29
31 0 L 12
32 0 U 11
33 1 U 2
34 0 L 31
35 1 U 28
36 0 U 24
37
0 0 L -1
1 0 U 0
2 1 U -1
3 0 U -1
4 0 U -1
5 1 L 4
6 0 U 5
7 0 U 6
8 1 L -1
9 1 L 8
10 1 L 9
11 1 U -1
12 0 U 11
13 1 L 7
14 0 L 6
15 0 U 1
16 1 U 13
17 1 L 4
18 0 L 0
19 0 L 4
20 0 L 7
21 0 U -1
22 0 U -1
23 1 L 16
24 0 L 8
25 0 L 7
26 1 L -1
27 1 L 25
28 0 L 9
29 0 U 1
30 1 L -1
31 0 L 18
32 0 U -1
33 1 U 13
34 1 L 5
35 0 U 24
36 0 U 33
37
0 0 L -1
1 0 U 0
2 1 U -1
3 0 U -1
4 0 U -1
5 1 L 4
6 0 U 5
7 0 U 6
8 0 L -1
9 0 L 3
10 0 L 3
11 1 U -1
12 0 U 11
13 1 L 7
14 0 L 9
15 0 U 12
16 0 U 13
17 0 L 10
18 1 L -1
19 1 L 1
20 1 L 19
21 0 U -1
22 0 U -1
23 1 L 11
24 0 L 19
25 0 L 24
26 1 L 18
27 1 L 11
28 0 L 3
29 0 U 12
30 1 L -1
31 0 L 2
32 0 U -1
33 1 U 23
34 1 L 7
35 0 U 24
36 0 U 33
37
0 0 U -1
1 0 U 0
2 1 U -1
3 0 U -1
4 0 U -1
5 1 L 4
6 0 U 5
7 0 U 6
8 1 L -1
9 0 L 8
10 0 L 8
11 1 U -1
12 0 U 11
13 1 L 7
14 0 L 9
15 0 U 12
16 0 U 13
17 1 L 4
18 0 L -1
19 1 L 18
20 1 L 8
21 0 U -1
22 0 U -1
23 1 L 16
24 0 L 20
25 1 L 14
26 1 L 25
27 1 L 16
28 0 L 1
29 0 L 2
30 1 L -1
31 0 U 18
32 0 U -1
33 1 U 23
34 1 L 19
35 1 U 1
36 1 U 20
37
0 0 U -1
1 0 U 0
2 1 U -1
3 0 U -1
4 0 U -1
5 1 L 4
6 0 U 5
7 0 U 6
8 1 L -1
9 0 L 8
10 0 L 4
11 1 U -1
12 0 U 11
13 1 L 7
14 0 L 9
15 0 U 1
16 0 U 13
17 1 L 8
18 0 L -1
19 0 L 4
20 1 L 8
21 0 U -1
22 0 U -1
23 1 L 16
24 0 L 20
25 1 L 24
26 1 L 25
27 1 L 16
28 0 L 1
29 0 L 1
30 1 L -1
31 0 U 20
32 0 U 21
33 1 U 23
34 1 L 30
35 0 L 25
36 1 U 33
37
0 0 L -1
1 0 U 0
2 1 U -1
3 0 U -1
4 0 U -1
5 1 L 4
6 0 U 5
7 0 U 6
8 0 L -1
9 0 L 8
10 1 U 7
11 1 U -1
12 0 U 11
13 1 L 10
14 0 L 9
15 0 U 1
16 0 U 13
17 0 L 3
18 1 L -1
19 1 L 3
20 1 L 2
21 0 U -1
22 0 U -1
23 1 L 11
24 0 L 20
25 1 L 7
26 1 L 25
27 1 L 16
28 0 L 2
29 0 L 1
30 1 L -1
31 0 L 9
32 0 U -1
33 1 U 23
34 1 L -1
35 0 L 25
36 0 U 24
37
0 0 L -1
1 0 U 0
2 1 U -1
3 0 U -1
4 0 U -1
5 1 L 4
6 0 U 5
7 0 U 6
8 0 L -1
9 0 L 8
10 0 U 7
11 1 U -1
12 0 U 11
13 1 L 5
14 0 L 9
15 0 U 1
16 0 U 13
17 0 L 8
18 1 L -1
19 0 L 4
20 1 L 2
21 0 U -1
22 0 U -1
23 1 L 13
24 1 L 8
25 1 L 7
26 1 L 24
27 1 L 16
28 0 L 20
29 0 L 1
30 1 L -1
31 0 L 28
32 0 U -1
33 1 U 13
34 1 L -1
35 0 L 25
36 0 U 33
37
0 0 U -1
1 0 U 0
2 1 U -1
3 0 U -1
4 0 U -1
5 1 L 4
6 0 U 5
7 0 U 6
8 0 L -1
9 0 L 8
10 0 U 7
11 1 U -1
12 0 U 11
13 1 L 10
14 0 L 6
15 0 U 12
16 0 U 13
17 0 L 8
18 1 L -1
19 1 L 4
20 1 L 2
21 0 U -1
22 0 U -1
23 1 L 13
24 1 L 8
25 1 L 10
26 1 L 4
27 1 L 16
28 0 L 1
29 0 L 8
30 1 L -1
31 0 L 9
32 0 U -1
33 1 U 23
34 1 L -1
35 0 L 25
36 0 U 26
37
0 0 U -1
1 0 U 0
2 1 U -1
3 0 U -1
4 0 U -1
5 1 L 4
6 0 U 5
7 0 U 6
8 0 L -1
9 0 L 8
10 1 U 7
11 1 U -1
12 0 U 11
13 1 L 10
14 0 L 6
15 0 U 12
16 0 U 13
17 0 L 3
18 1 L -1
19 0 L 4
20 1 L 2
21 0 U -1
22 0 U -1
23 1 L 11
24 1 L 8
25 1 L 5
26 1 L 24
27 1 L 16
28 0 L 8
29 0 L 3
30 1 L -1
31 0 L 29
32 0 U -1
33 1 U 13
34 1 L -1
35 0 L 25
36 0 U 33
37
0 0 U -1
1 0 U 0
2 1 U -1
3 0 U -1
4 0 U -1
5 1 L 4
6 0 U 5
7 0 U 6
8 0 L -1
9 0 L 8
10 0 U 7
11 1 U -1
12 0 U 11
13 1 L 5
14 0 L 6
15 0 U 12
16 0 U 13
17 0 L 8
18 1 L -1
19 1 L 18
20 1 L 17
21 0 U -1
22 0 U -1
23 1 L 11
24 1 L 8
25 1 L 5
26 1 L 4
27 1 L 16
28 0 L 2
29 0 L 19
30 1 L -1
31 0 L 9
32 0 U 21
33 1 U 13
34 1 L -1
35 0 L 25
36 0 U 33
37
0 0 L -1
1 0 U 0
2 1 U -1
3 0 U -1
4 0 U -1
5 1 L 4
6 0 U 5
7 0 U 6
8 0 L -1
9 0 L 8
10 0 U 7
11 1 U -1
12 0 U 11
13 1 L 10
14 0 L 6
15 0 U 12
16 0 U 13
17 0 L 8
18 1 L -1
19 1 L 18
20 1 L 4
21 0 U 18
22 0 U -1
23 1 L 11
24 1 L 8
25 1 L 5
26 0 L 4
27 1 L 16
28 0 L 2
29 0 L 1
30 1 L -1
31 0 L 29
32 0 U -1
33 1 U 23
34 1 L -1
35 0 U 26
36 0 U 33
37
0 0 U -1
1 0 U 0
2 1 U -1
3 0 U -1
4 0 U -1
5 1 L 4
6 0 U 5
7 0 U 6
8 0 L -1
9 0 L 8
10 0 U 7
11 1 U -1
12 0 U 11
13 1 L 10
14 0 L 6
15 0 U 1
16 0 U 13
17 0 L 8
18 1 L -1
19 1 L 18
20 1 L 17
21 0 U 18
22 0 U -1
23 1 L 13
24 1 L 8
25 1 L 21
26 0 L 4
27 1 L 16
28 0 L 2
29 0 L 1
30 1 L -1
31 0 L 29
32 0 U -1
33 1 U 13
34 1 L -1
35 0 U 14
36 0 U 33
37
0 0 L -1
1 0 U 0
2 1 U -1
3 0 U -1
4 0 U -1
5 1 L 4
6 0 U 5
7 0 U 6
8 0 L -1
9 0 L 8
10 0 U 7
11 1 U -1
12 0 U 11
13 1 L 10
14 0 L 6
15 0 U 1
16 0 U 13
17 0 L 3
18 1 L -1
19 1 L 4
20 1 L 2
21 0 U 16
22 0 U -1
23 1 L 13
24 1 L 8
25 1 L 21
26 1 L 4
27 1 L 16
28 0 L 1
29 0 L 20
30 1 L -1
31 0 L 25
32 0 U -1
33 1 U 13
34 1 L -1
35 0 L 9
36 0 U 26
37
0 0 U -1
1 0 U 0
2 1 U -1
3 0 U -1
4 0 U -1
5 1 L 4
6 0 U 5
7 0 U 6
8 0 L -1
9 0 L 3
10 0 U 7
11 1 U -1
12 0 U 11
13 1 L 10
14 0 L 6
15 0 U 12
16 0 U 13
17 0 L 3
18 1 L 0
19 0 L 4
20 1 L 2
21 0 U 16
22 0 U -1
23 1 L 13
24 1 L 8
25 1 L 10
26 0 L 24
27 1 L 16
28 0 L 20
29 0 L 3
30 1 L -1
31 0 L 25
32 0 U -1
33 1 U 23
34 1 L -1
35 0 L 14
36 1 U 33
37
0 0 L -1
1 0 U 0
2 1 U -1
3 0 U -1
4 0 U -1
5 1 L 4
6 0 U 5
7 0 U 6
8 0 L -1
9 0 L 8
10 0 U 7
11 1 U -1
12 0 U 11
13 1 L 10
14 0 L 6
15 0 U 12
16 0 U 13
17 0 L 8
18 1 L -1
19 0 L 18
20 1 L 17
21 0 U 16
22 0 U -1
23 1 L 13
24 1 L 8
25 1 L 21
26 1 L 4
27 1 L 16
28 0 L 2
29 0 L 1
30 1 L -1
31 0 L 25
32 0 U -1
33 1 U 23
34 1 L -1
35 1 L 29
36 0 U 33
37
0 0 L -1
1 0 U 0
2 1 U -1
3 0 U -1
4 0 U -1
5 1 L 4
6 0 U 5
7 0 U 6
8 0 L -1
9 0 L 3
10 0 U 7
11 1 U -1
12 0 U 11
13 1 L 10
14 0 L 6
15 0 U 7
16 0 U 13
17 0 L 3
18 1 L -1
19 0 L 18
20 1 L 17
21 0 U 18
22 0 U -1
23 1 L 13
24 1 L 8
25 1 L 10
26 1 L 4
27 1 L 16
28 0 L 2
29 0 L 1
30 1 L -1
31 0 L 25
32 0 U -1
33 1 U 23
34 1 L -1
35 0 L 29
36 0 U 33
37
0 0 U -1
1 0 U 0
2 1 U -1
3 0 U -1
4 0 U -1
5 1 L 4
6 0 U 5
7 0 U 6
8 0 L -1
9 0 L 3
10 0 U 7
11 1 U -1
12 0 U 11
13 1 L 10
14 0 L 6
15 0 U 12
16 0 U 13
17 0 L 8
18 1 L -1
19 1 L 18
20 1 L 2
21 0 U 16
22 0 U -1
23 1 L 13
24 1 L 8
25 1 L 5
26 1 L 24
27 1 L 16
28 0 L 19
29 0 L 1
30 1 L -1
31 0 L 25
32 0 U -1
33 1 U 23
34 1 L -1
35 1 L 29
36 0 U 33
37
0 0 L -1
1 0 U 0
2 1 U -1
3 0 U -1
4 0 U -1
5 1 L 4
6 0 U 5
7 0 U 6
8 0 L -1
9 0 L 3
10 0 U 7
11 1 U -1
12 0 U 11
13 1 L 10
14 0 L 6
15 0 U 12
16 0 U 13
17 0 L 3
18 1 L -1
19 1 L 4
20 1 L 2
21 0 U 16
22 0 U -1
23 1 L 13
24 1 L 8
25 1 L 10
26 1 L 4
27 1 L 16
28 0 L 20
29 0 L 20
30 1 L -1
31 0 L 25
32 0 U -1
33 1 U 10
34 1 L -1
35 0 L 28
36 0 U 33
37
0 0 U -1
1 0 U 0
2 1 U -1
3 0 U -1
4 0 U -1
5 1 L 4
6 0 U 5
7 0 U 6
8 0 L -1
9 0 L 8
10 0 U 7
11 1 U -1
12 0 U 11
13 1 L 5
14 0 L 6
15 0 U 1
16 0 U 13
17 0 L 3
18 1 L -1
19 0 L 4
20 1 L 2
21 0 U 16
22 0 U -1
23 1 L 13
24 1 L 8
25 1 L 21
26 0 L 4
27 1 L 16
28 0 L 20
29 0 L 3
30 1 L -1
31 0 U 20
32 0 U -1
33 1 U 13
34 1 L -1
35 0 L 29
36 0 U 33
37
0 0 L -1
1 0 U 0
2 1 U -1
3 0 U -1
4 0 U -1
5 1 L 4
6 0 U 5
7 0 U 6
8 0 L -1
9 0 L 3
10 0 U 7
11 1 U -1
12 0 U 11
13 1 L 10
14 0 L 6
15 0 U 12
16 0 U 13
17 0 L 3
18 1 L -1
19 1 L 4
20 1 L 2
21 0 U 16
22 0 U -1
23 1 L 13
24 1 L 8
25 1 L 21
26 1 L 4
27 1 L 16
28 0 L 2
29 0 L 8
30 1 L -1
31 0 U 16
32 0 U -1
33 1 U 13
34 1 L -1
35 0 L 29
36 0 U 26
37
0 0 L -1
1 0 U 0
2 1 U -1
3 0 U -1
4 0 U -1
5 1 L 4
6 0 U 5
7 0 U 6
8 0 L -1
9 0 L 3
10 0 U 7
11 1 U -1
12 0 U 11
13 1 L 10
14 0 L 6
15 0 U 1
16 0 U 13
17 0 L 8
18 1 L -1
19 1 L 4
20 1 L 2
21 0 U 16
22 0 U -1
23 1 L 13
24 1 L 8
25 1 L 21
26 1 L 24
27 1 L 16
28 0 L 20
29 0 L 8
30 1 L -1
31 0 U 16
32 0 U -1
33 1 U 13
34 1 L -1
35 0 L 28
36 0 U 33
37
0 0 L -1
1 0 U 0
2 1 U -1
3 0 U -1
4 0 U -1
5 1 L 4
6 0 U 5
7 0 U 6
8 0 L -1
9 0 L 3
10 0 U 7
11 1 U -1
12 0 U 11
13 1 L 10
14 0 L 6
15 0 U 12
16 0 U 13
17 0 L 8
18 1 L -1
19 1 L 4
20 1 L 2
21 0 U 16
22 0 U -1
23 1 L 13
24 1 L 8
25 1 L 5
26 0 L 4
27 1 L 16
28 0 L 8
29 0 L 1
30 1 L -1
31 0 U 16
32 0 U -1
33 1 U 13
34 1 L -1
35 0 L 14
36 0 U 33
37
0 0 U -1
1 0 U 0
2 1 U -1
3 0 U -1
4 0 U -1
5 1 L 4
6 0 U 5
7 0 U 6
8 0 L -1
9 0 L 8
10 0 U 7
11 1 U -1
12 0 U 11
13 1 L 10
14 0 L 6
15 0 U 12
16 0 U 13
17 0 L 3
18 1 L -1
19 1 L 4
20 1 L 2
21 0 U 16
22 0 U -1
23 1 L 13
24 1 L 8
25 1 L 5
26 1 L 24
27 1 L 16
28 0 L 2
29 0 L 8
30 1 L -1
31 0 U 24
32 0 U -1
33 1 U 13
34 1 L -1
35 0 L 29
36 0 U 33
37
0 0 U -1
1 0 U 0
2 1 U -1
3 0 U -1
4 0 U -1
5 1 L 4
6 0 U 5
7 0 U 6
8 0 L -1
9 0 L 8
10 0 U 7
11 1 U -1
12 0 U 11
13 1 L 10
14 0 L 6
15 0 U 1
16 0 U 13
17 0 L 8
18 1 L -1
19 0 L 4
20 1 L 2
21 0 U 16
22 0 U -1
23 1 L 13
24 1 L 8
25 1 L 21
26 1 L 24
27 1 L 16
28 0 L 2
29 0 L 20
30 1 L -1
31 0 U 20
32 0 U -1
33 1 U 23
34 1 L -1
35 0 L 9
36 0 U 33
37
0 0 U -1
1 0 U 0
2 1 U -1
3 0 U -1
4 0 U -1
5 1 L 4
6 0 U 5
7 0 U 6
8 0 L -1
9 0 L 3
10 0 U 7
11 1 U -1
12 0 U 11
13 1 L 10
14 0 L 6
15 0 U 12
16 0 U 13
17 0 L 3
18 1 L -1
19 0 L 18
20 1 L 2
21 0 U 16
22 0 U -1
23 1 L 13
24 1 L 8
25 1 L 10
26 0 L 24
27 1 L 16
28 0 L 19
29 0 L 3
30 1 L -1
31 0 U 14
32 0 U -1
33 1 U 13
34 1 L -1
35 0 L 29
36 0 U 33
37
0 0 L -1
1 0 U 0
2 1 U -1
3 0 U -1
4 0 U -1
5 1 L 4
6 0 U 5
7 0 U 6
8 0 L -1
9 0 L 8
10 0 U 7
11 1 U -1
12 0 U 11
13 1 L 10
14 0 L 6
15 0 U 12
16 0 U 13
17 0 L 3
18 1 L -1
19 1 L 18
20 1 L 2
21 0 U 16
22 0 U -1
23 1 L 13
24 1 L 8
25 1 L 5
26 1 L 24
27 1 L 16
28 0 L 8
29 0 L 20
30 1 L -1
31 0 U 14
32 0 U -1
33 1 U 10
34 1 L -1
35 0 L 28
36 0 U 33
37
0 0 L -1
1 0 U 0
2 1 U -1
3 0 U -1
4 0 U -1
5 1 L 4
6 0 U 5
7 0 U 6
8 0 L -1
9 0 L 3
10 0 U 7
11 1 U -1
12 0 U 11
13 1 L 10
14 0 L 6
15 0 U 1
16 0 U 13
17 0 L 8
18 1 L -1
19 0 L 4
20 1 L 2
21 0 U 16
22 0 U -1
23 1 L 13
24 1 L 8
25 1 L 21
26 1 L 4
27 1 L 16
28 0 L 8
29 0 L 1
30 1 L -1
31 0 U 18
32 0 U -1
33 1 U 23
34 1 L -1
35 0 L 28
36 0 U 33
37
0 0 L -1
1 0 U 0
2 1 U -1
3 0 U -1
4 0 U -1
5 1 L 4
6 0 U 5
7 0 U 6
8 0 L -1
9 0 L 8
10 0 U 7
11 1 U -1
12 0 U 11
13 1 L 5
14 0 L 6
15 0 U 12
16 0 U 13
17 0 L 8
18 1 L -1
19 0 L 18
20 1 L 2
21 0 U 16
22 0 U -1
23 1 L 13
24 1 L 8
25 1 L 21
26 0 L 24
27 1 L 16
28 0 L 8
29 0 L 8
30 1 L -1
31 0 U 18
32 0 U -1
33 1 U 10
34 1 L -1
35 0 L 14
36 0 U 33
37
0 0 U -1
1 0 U 0
2 1 U -1
3 0 U -1
4 0 U -1
5 1 L 4
6 0 U 5
7 0 U 6
8 0 L -1
9 0 L 8
10 0 U 7
11 1 U -1
12 0 U 11
13 1 L 5
14 0 L 6
15 0 U 7
16 0 U 13
17 0 L 3
18 1 L -1
19 0 L 4
20 1 L 2
21 0 U 16
22 0 U -1
23 1 L 13
24 1 L 8
25 1 L 21
26 0 L 24
27 1 L 16
28 0 L 1
29 0 L 8
30 1 L -1
31 0 U 14
32 0 U -1
33 1 U 23
34 1 L -1
35 0 L 9
36 0 U 33
37
0 0 L -1
1 0 U 0
2 1 U -1
3 0 U -1
4 0 U -1
5 1 L 4
6 0 U 5
7 0 U 6
8 0 L -1
9 0 L 8
10 0 U 7
11 1 U -1
12 0 U 11
13 1 L 10
14 0 L 6
15 0 U 12
16 0 U 13
17 0 L 8
18 1 L -1
19 1 L 4
20 1 L 2
21 0 U 16
22 0 U -1
23 1 L 13
24 1 L 8
25 1 L 21
26 0 L 24
27 1 L 16
28 0 L 2
29 0 L 1
30 1 L -1
31 0 U 24
32 0 U -1
33 1 U 13
34 1 L -1
35 0 L 9
36 0 U 33
37
0 0 U -1
1 0 U 0
2 1 U -1
3 0 U -1
4 0 U -1
5 1 L 4
6 0 U 5
7 0 U 6
8 0 L -1
9 0 L 3
10 0 U 7
11 1 U -1
12 0 U 11
13 1 L 10
14 0 L 6
15 0 U 12
16 0 U 13
17 0 L 8
18 1 L -1
19 1 L 4
20 1 L 2
21 0 U 16
22 0 U -1
23 1 L 13
24 1 L 8
25 1 L 5
26 1 L 24
27 1 L 16
28 0 L 8
29 0 L 1
30 1 L -1
31 0 U 16
32 0 U -1
33 1 U 13
34 1 L -1
35 0 L 9
36 0 U 33
37
0 0 L -1
1 0 U 0
2 1 U -1
3 0 U -1
4 0 U -1
5 1 L 4
6 0 U 5
7 0 U 6
8 0 L -1
9 0 L 8
10 0 U 7
11 1 U -1
12 0 U 11
13 1 L 10
14 0 L 6
15 0 U 1
16 0 U 13
17 0 L 3
18 1 L -1
19 0 L 4
20 1 L 2
21 0 U 16
22 0 U -1
23 1 L 13
24 1 L 8
25 1 L 5
26 1 L 4
27 1 L 16
28 0 L 2
29 0 L 1
30 1 L -1
31 0 U 20
32 0 U -1
33 1 U 13
34 1 L -1
35 0 L 9
36 0 U 33
37
0 0 L -1
1 0 U 0
2 1 U -1
3 0 U -1
4 0 U -1
5 1 L 4
6 0 U 5
7 0 U 6
8 0 L -1
9 0 L 8
10 0 U 7
11 1 U -1
12 0 U 11
13 1 L 5
14 0 L 6
15 0 U 1
16 0 U 13
17 0 L 3
18 1 L -1
19 0 L 4
20 1 L 2
21 0 U 16
22 0 U -1
23 1 L 13
24 1 L 8
25 1 L 21
26 1 L 4
27 1 L 16
28 0 L 2
29 0 L 20
30 1 L -1
31 0 U 20
32 0 U -1
33 1 U 13
34 1 L -1
35 0 L 29
36 0 U 26
37
0 0 U -1
1 0 U 0
2 1 U -1
3 0 U -1
4 0 U -1
5 1 L 4
6 0 U 5
7 0 U 6
8 0 L -1
9 0 L 8
10 0 U 7
11 1 U -1
12 0 U 11
13 1 L 5
14 0 L 6
15 0 U 12
16 0 U 13
17 0 L 8
18 1 L -1
19 0 L 4
20 1 L 2
21 0 U 16
22 0 U -1
23 1 L 13
24 1 L 8
25 1 L 21
26 1 L 24
27 1 L 16
28 0 L 20
29 0 L 8
30 1 L -1
31 0 U 18
32 0 U -1
33 1 U 23
34 1 L -1
35 0 L 14
36 0 U 33
37
0 0 L -1
1 0 U 0
2 1 U -1
3 0 U -1
4 0 U -1
5 1 L 4
6 0 U 5
7 0 U 6
8 0 L -1
9 0 L 8
10 0 U 7
11 1 U -1
12 0 U 11
13 1 L 5
14 0 L 6
15 0 U 12
16 0 U 13
17 0 L 8
18 1 L -1
19 0 L 18
20 1 L 17
21 0 U 16
22 0 U -1
23 1 L 13
24 1 L 8
25 1 L 5
26 1 L 4
27 1 L 16
28 0 L 1
29 0 L 3
30 1 L -1
31 0 U 16
32 0 U -1
33 1 U 10
34 1 L -1
35 0 L 14
36 0 U 33
