43
0 0 U -1
1 0 U -1
2 0 U -1
3 0 U -1
4 0 U -1
5 0 U -1
6 0 U -1
7 0 U -1
8 0 U -1
9 0 U -1
10 0 U -1
11 0 U -1
12 0 U -1
13 0 U -1
14 0 U -1
15 0 U -1
16 0 U -1
17 0 U -1
18 0 U -1
19 0 U -1
20 0 U -1
21 0 U -1
22 0 U -1
23 0 U -1
24 0 U -1
25 0 U -1
26 0 U -1
27 0 U -1
28 0 U -1
29 0 U -1
30 0 U -1
31 0 U -1
32 0 U -1
33 0 U -1
34 0 U -1
35 0 U -1
36 0 U -1
37 0 U -1
38 0 U -1
39 0 U -1
40 0 U -1
41 0 U -1
42 0 U -1
43
0 0 U -1
1 0 U -1
2 0 U 0
3 0 U -1
4 0 U 0
5 0 U 3
6 1 L 1
7 0 U 5
8 1 L -1
9 1 L 0
10 0 U 7
11 0 U 2
12 1 L -1
13 1 U 0
14 1 L 1
15 1 L -1
16 1 U 6
17 0 U -1
18 1 L 13
19 0 L 0
20 0 L 1
21 1 L 7
22 0 U 3
23 0 L 14
24 1 U 18
25 0 U 10
26 0 U 17
27 1 U 4
28 1 U 6
29 0 U 17
30 0 U 19
31 1 L 3
32 1 L 24
33 0 U 9
34 0 L 32
35 0 L 15
36 0 U -1
37 1 U -1
38 0 L -1
39 0 L 15
40 1 U 25
41 1 L 15
42 1 L 23
43
0 0 U -1
1 0 U -1
2 0 U 0
3 0 U -1
4 0 U 1
5 0 U 3
6 0 L 1
7 0 U 0
8 1 U 0
9 1 U -1
10 0 U 7
11 1 L 6
12 1 L -1
13 1 U 1
14 1 L 1
15 0 L -1
16 0 L 2
17 0 U -1
18 1 L 3
19 1 L 0
20 0 L 2
21 1 L 16
22 0 U 17
23 0 U 3
24 1 U 10
25 1 U 10
26 0 U 17
27 1 U 13
28 0 U 10
29 0 U 2
30 1 U 19
31 0 L 21
32 0 L 24
33 0 U 26
34 1 L 32
35 1 L 15
36 0 U -1
37 0 L 28
38 0 L -1
39 0 L 15
40 1 U 25
41 0 L 38
42 1 L 35
43
0 0 U -1
1 0 U -1
2 0 U 0
3 0 U -1
4 1 U 3
5 0 L 0
6 1 L 1
7 0 U 4
8 0 U -1
9 0 L 7
10 1 U 7
11 1 U 1
12 1 L -1
13 1 U 1
14 1 L 1
15 1 L -1
16 0 L 2
17 0 U -1
18 1 L 3
19 1 L 0
20 0 U 2
21 1 L 16
22 0 U 17
23 0 L 18
24 1 U 20
25 1 U 20
26 1 U 3
27 1 U 13
28 0 U 20
29 1 U 22
30 1 U 7
31 1 L 2
32 0 L 23
33 0 U 4
34 0 L 32
35 0 L -1
36 0 U -1
37 0 L 28
38 0 L -1
39 0 L 0
40 1 U 37
41 1 L 35
42 1 L 5
43
0 0 L -1
1 0 U -1
2 0 U 0
3 0 U -1
4 1 U 3
5 0 L 3
6 0 L 1
7 0 U 4
8 1 U -1
9 1 L 1
10 1 U 7
11 0 U 1
12 1 L -1
13 1 U 1
14 1 L 1
15 0 L -1
16 0 L 14
17 0 U -1
18 1 L 3
19 0 L 15
20 0 U 2
21 1 L 16
22 0 U 17
23 1 L 18
24 1 U 20
25 1 U 20
26 0 U 1
27 1 U 13
28 0 U 20
29 1 U 19
30 1 U 7
31 1 L 14
32 1 L 8
33 1 U 8
34 0 L 32
35 1 L -1
36 0 U -1
37 0 L 28
38 0 L -1
39 1 L 15
40 1 U 37
41 1 L 15
42 1 L 12
43
0 0 U -1
1 0 U -1
2 0 U 0
3 0 U -1
4 1 U 3
5 0 L 3
6 0 L 1
7 0 U 4
8 1 U -1
9 0 L 7
10 1 U 7
11 0 U 0
12 1 L -1
13 1 U 1
14 1 L 1
15 1 L -1
16 0 L 14
17 0 U -1
18 1 L 3
19 0 L 15
20 1 U 12
21 1 L 16
22 0 U 17
23 1 L 16
24 1 U 15
25 1 U 15
26 0 U 9
27 1 U 13
28 0 U 20
29 1 U 19
30 1 U 19
31 1 L 2
32 1 L 8
33 1 U 17
34 0 L 15
35 1 L 25
36 0 U -1
37 0 L 28
38 0 L -1
39 0 L 15
40 1 U 37
41 0 L 15
42 1 L -1
43
0 0 U -1
1 0 U -1
2 0 U 0
3 0 U -1
4 1 U 3
5 0 L 3
6 0 L 1
7 0 U 1
8 1 U -1
9 1 L 7
10 1 U 7
11 0 U 4
12 1 L -1
13 1 U 1
14 1 L 1
15 1 L -1
16 0 L 14
17 0 U -1
18 1 L 3
19 0 L 0
20 1 U 2
21 1 L 16
22 0 U 17
23 1 L 16
24 1 U 10
25 1 U 15
26 0 U 9
27 1 U 13
28 0 U 6
29 1 U 22
30 1 U 19
31 1 L 14
32 1 L 20
33 1 U 3
34 0 L 15
35 0 U 14
36 0 U -1
37 0 L 28
38 0 L -1
39 0 L 15
40 1 U 37
41 1 L 12
42 1 L 38
43
0 0 U -1
1 0 U -1
2 0 U 0
3 0 U -1
4 1 U 3
5 0 L 3
6 0 L 1
7 0 U 4
8 1 U -1
9 1 L 7
10 1 U 7
11 0 U 4
12 1 L -1
13 1 U 1
14 1 L 1
15 1 L -1
16 0 L 2
17 0 U -1
18 1 L 3
19 0 L 0
20 1 U 12
21 1 U 16
22 0 U 17
23 1 L -1
24 1 U 6
25 1 U 15
26 0 U 8
27 1 U 13
28 0 U 20
29 1 U 11
30 1 U 19
31 1 L 2
32 1 L 24
33 1 U 8
34 0 L 15
35 0 U 24
36 0 U -1
37 0 L 28
38 0 L -1
39 0 L 0
40 1 U 37
41 0 L 23
42 1 L 15
43
0 0 L -1
1 0 U -1
2 0 U 0
3 0 U -1
4 1 U 3
5 0 U 3
6 1 L 1
7 0 U 0
8 0 U -1
9 0 L 5
10 1 U 7
11 0 U 1
12 1 L -1
13 1 U 1
14 1 L 1
15 1 L -1
16 0 L 14
17 0 U -1
18 1 L 3
19 0 L 15
20 0 U 2
21 1 U 16
22 0 U 17
23 1 L -1
24 1 U 16
25 1 U 15
26 0 U 1
27 1 U 13
28 0 U 20
29 1 U 19
30 1 U 11
31 1 L 14
32 0 L 24
33 1 U 17
34 0 L 15
35 1 L 17
36 0 U -1
37 0 L 26
38 0 L -1
39 0 L 0
40 1 U 37
41 0 L 15
42 1 L 38
43
0 0 U -1
1 0 U -1
2 0 U 0
3 0 U -1
4 1 U 3
5 0 L 4
6 0 L 1
7 0 U 1
8 1 U -1
9 1 L 1
10 1 U 7
11 0 U 1
12 1 L -1
13 1 U 1
14 1 L 1
15 1 L -1
16 0 L 14
17 0 U -1
18 1 L 3
19 0 L 15
20 1 U 12
21 1 U 16
22 0 U 17
23 1 L -1
24 1 U 6
25 1 U 20
26 0 U 8
27 1 U 13
28 0 U 20
29 1 U 22
30 1 U 11
31 1 L 14
32 0 L 24
33 1 U 8
34 0 L 15
35 1 L 17
36 0 U -1
37 0 L 28
38 0 L -1
39 0 L 15
40 1 U 37
41 1 L 15
42 1 L 38
43
0 0 U -1
1 0 U -1
2 0 U 0
3 0 U -1
4 1 U 3
5 0 L 4
6 1 L 1
7 0 U 5
8 1 U -1
9 1 L 1
10 1 U 7
11 1 U 1
12 1 L -1
13 1 U 1
14 1 L 1
15 0 L -1
16 0 L 14
17 0 U -1
18 1 L 3
19 0 L 15
20 0 U 12
21 1 U 10
22 0 U 17
23 0 L -1
24 1 U 10
25 1 U 20
26 0 U 1
27 1 U 13
28 0 U 20
29 1 U 7
30 1 U 26
31 1 L 14
32 0 L 8
33 1 U 17
34 0 L 15
35 0 L 25
36 0 U -1
37 0 L 28
38 0 L -1
39 0 L 15
40 1 U 37
41 0 L 23
42 1 L 12
43
0 0 L -1
1 0 U -1
2 0 U 0
3 0 U -1
4 1 U 3
5 0 L 4
6 1 L 1
7 0 U 5
8 1 U -1
9 1 L 1
10 1 U 7
11 0 U 5
12 1 L -1
13 1 U 1
14 1 L 1
15 1 L -1
16 0 L 14
17 0 U -1
18 1 L 3
19 0 L 15
20 0 U 13
21 1 U 16
22 0 U 17
23 0 L -1
24 1 U 10
25 1 U 10
26 0 U 0
27 1 U 2
28 0 U 6
29 0 U 2
30 0 U 11
31 1 L 2
32 0 L 8
33 1 U 3
34 0 L 15
35 0 U 28
36 0 U -1
37 0 L 28
38 0 L -1
39 0 L 15
40 1 U 37
41 0 L 12
42 1 L 15
43
0 0 L -1
1 0 U -1
2 0 U 0
3 0 U -1
4 1 U 3
5 0 L 4
6 0 L 1
7 0 U 1
8 0 U -1
9 1 L 1
10 0 U 7
11 0 U 1
12 1 L -1
13 0 U 0
14 1 L 1
15 0 L -1
16 0 L 14
17 0 U -1
18 1 L 3
19 0 L 0
20 0 U 2
21 1 U 16
22 0 U 5
23 0 L -1
24 1 U 10
25 1 U 15
26 0 U 4
27 1 U 2
28 0 U 6
29 0 U 22
30 0 U 11
31 1 L 14
32 0 L 8
33 1 U 3
34 0 L 15
35 0 L 32
36 0 U -1
37 0 L 28
38 0 L -1
39 0 L 0
40 1 U 37
41 0 L 15
42 1 L 12
43
0 0 L -1
1 0 U -1
2 0 U 0
3 0 U -1
4 1 U 3
5 0 L 4
6 0 L 1
7 0 U 1
8 1 U -1
9 1 L 1
10 0 U 7
11 1 U 5
12 1 L -1
13 1 U 4
14 1 L 1
15 0 L -1
16 0 L 2
17 0 U -1
18 1 L 3
19 0 L 0
20 0 U 2
21 1 L 16
22 0 U 5
23 0 L -1
24 1 U -1
25 1 U 15
26 0 U 8
27 1 U 2
28 0 U 27
29 0 U 13
30 0 U 26
31 1 L 14
32 0 L 18
33 1 U 3
34 0 L 15
35 0 L 13
36 0 U -1
37 0 L 28
38 0 L -1
39 0 L 0
40 1 U 9
41 0 L 12
42 1 L 12
43
0 0 U -1
1 0 U -1
2 0 U 0
3 0 U -1
4 1 U 3
5 0 L 4
6 1 L 1
7 0 U 0
8 1 U -1
9 1 L 1
10 1 U 7
11 0 U 5
12 1 L -1
13 0 U 4
14 1 L 1
15 0 L -1
16 0 L 6
17 0 U -1
18 1 L 3
19 0 L 0
20 0 U 19
21 1 U 16
22 0 U 4
23 0 L 14
24 1 U -1
25 1 U 15
26 0 U 8
27 1 U 2
28 0 U 6
29 0 U 7
30 0 U 26
31 1 L 14
32 0 L 8
33 1 U 3
34 0 L 15
35 0 U 25
36 0 U -1
37 0 L 26
38 0 L -1
39 0 L 15
40 1 U 16
41 0 L 12
42 1 L 15
43
0 0 U -1
1 0 U -1
2 0 U 0
3 0 U -1
4 1 U 3
5 0 L 4
6 1 L 1
7 0 U 0
8 0 U -1
9 1 L 1
10 1 U 7
11 0 U 0
12 1 L -1
13 1 U 0
14 1 L 1
15 1 L -1
16 0 L 6
17 0 U -1
18 1 L 3
19 0 L 15
20 0 U 12
21 1 U 16
22 0 U 4
23 0 L 14
24 1 U -1
25 0 U 6
26 0 U 17
27 1 U 2
28 0 U 27
29 0 U 19
30 0 U 26
31 1 L 14
32 0 L 11
33 1 U 3
34 0 L 15
35 1 L 17
36 0 U -1
37 0 L 26
38 0 L -1
39 0 L 15
40 1 U 16
41 0 L 12
42 1 L -1
43
0 0 U -1
1 0 U -1
2 0 U 0
3 0 U -1
4 1 U 3
5 0 L 4
6 1 L 1
7 0 U 5
8 0 U -1
9 1 L 1
10 1 U 7
11 1 U 5
12 1 L -1
13 1 U 4
14 1 L 1
15 0 L -1
16 0 L 6
17 0 U -1
18 1 L 3
19 0 L 15
20 0 U 19
21 1 U 16
22 0 U 5
23 0 L 14
24 1 U -1
25 0 U 6
26 0 U 24
27 1 U 22
28 0 U 15
29 0 U 19
30 0 U 26
31 1 L 2
32 0 L 11
33 1 U 3
34 0 L 15
35 0 L 25
36 0 U -1
37 0 L 28
38 0 L -1
39 0 L 15
40 1 U 37
41 0 L 12
42 1 L -1
43
0 0 U -1
1 0 U -1
2 0 U 0
3 0 U -1
4 1 U 3
5 0 L 4
6 1 L 1
7 0 U 0
8 1 U -1
9 1 L 1
10 1 U 7
11 0 U 5
12 1 L -1
13 0 U 8
14 1 L 1
15 0 L -1
16 0 L 6
17 0 U -1
18 1 L 7
19 0 L 0
20 0 U 7
21 1 U 16
22 0 U 4
23 0 L 14
24 1 U -1
25 0 U 10
26 0 U 24
27 1 U 2
28 0 U 15
29 0 U 22
30 0 U 26
31 1 L 14
32 0 L 10
33 1 U 3
34 0 L 15
35 0 U 25
36 0 U -1
37 0 L 26
38 0 L -1
39 0 L 0
40 1 U 37
41 0 L 38
42 1 L 15
43
0 0 L -1
1 0 U -1
2 0 U 0
3 0 U -1
4 1 U 3
5 1 L -1
6 1 L 1
7 0 U 4
8 1 U -1
9 0 L 1
10 1 U 7
11 0 U 1
12 1 L -1
13 1 U 8
14 1 L 1
15 1 L -1
16 0 L 6
17 0 U -1
18 1 L 3
19 0 L 0
20 0 U 11
21 1 U 16
22 0 U 0
23 0 L 14
24 1 U -1
25 1 U 6
26 0 U 24
27 1 U 2
28 0 U 6
29 1 U 19
30 0 U 26
31 1 L 2
32 0 L 21
33 1 U 3
34 0 L 15
35 1 L 25
36 0 U -1
37 0 L 26
38 0 L -1
39 0 L 0
40 1 U 37
41 1 L 15
42 1 L 12
43
0 0 L -1
1 0 U -1
2 0 U 0
3 0 U -1
4 1 U 3
5 0 L -1
6 1 L 1
7 0 U 0
8 1 U -1
9 1 L 1
10 1 U 7
11 0 U 0
12 1 L -1
13 1 U 0
14 1 L 1
15 0 L -1
16 0 L 6
17 0 U -1
18 1 L 7
19 0 L 0
20 0 U 19
21 1 U 16
22 0 U 0
23 0 L 14
24 1 U -1
25 1 U 6
26 0 U 24
27 1 U 22
28 0 U 6
29 0 U 7
30 0 U 26
31 1 L 2
32 0 L 10
33 1 U 3
34 0 L 5
35 1 L 25
36 0 U -1
37 0 L 26
38 0 L -1
39 0 L 15
40 1 U 16
41 1 L 15
42 1 L 12
43
0 0 U -1
1 0 U -1
2 0 U 0
3 0 U -1
4 1 U 3
5 0 L -1
6 1 L 1
7 0 U 4
8 1 U -1
9 1 L 1
10 1 U 7
11 0 U 8
12 1 L -1
13 1 U 0
14 1 L 1
15 0 L -1
16 0 L 6
17 0 U -1
18 1 L 3
19 0 L 0
20 0 U 7
21 1 U 15
22 0 U 1
23 0 L 14
24 1 U -1
25 1 U 6
26 0 U 17
27 1 U 22
28 0 U 6
29 0 U 7
30 0 U 26
31 1 L 2
32 0 L 10
33 1 U 3
34 0 L 15
35 0 L 25
36 0 U -1
37 0 L 26
38 0 L -1
39 0 L 5
40 1 U 16
41 0 L 15
42 1 L 38
43
0 0 L -1
1 0 U -1
2 0 U 0
3 0 U -1
4 1 U 3
5 0 L -1
6 1 L 1
7 0 U 4
8 1 U -1
9 1 L 1
10 1 U 7
11 0 U 4
12 1 L -1
13 1 U 4
14 1 L 1
15 0 L -1
16 0 L 6
17 0 U -1
18 1 L 3
19 0 L 5
20 0 U 13
21 1 U 16
22 0 U 0
23 0 L 14
24 1 U -1
25 0 U 6
26 0 U 17
27 1 U 2
28 0 U 27
29 0 U 13
30 0 U 26
31 1 L 2
32 0 L 21
33 1 U 3
34 0 L 15
35 0 L 17
36 0 U -1
37 0 L 28
38 0 L -1
39 0 L 0
40 1 U 15
41 0 L 15
42 1 L 5
43
0 0 L -1
1 0 U -1
2 0 U 0
3 0 U -1
4 1 U 3
5 0 L -1
6 1 L 1
7 0 U 4
8 1 U -1
9 1 L 1
10 0 U 7
11 0 U 4
12 1 L -1
13 1 U 8
14 1 L 1
15 0 L -1
16 0 L 6
17 0 U -1
18 1 L 7
19 0 L 0
20 0 U 2
21 1 U 15
22 0 U 4
23 1 L 14
24 1 U -1
25 1 U 6
26 0 U 17
27 1 U 2
28 0 U 16
29 1 U 7
30 0 U 26
31 1 L 14
32 0 L 21
33 1 U 3
34 0 L 15
35 0 L 24
36 0 U -1
37 0 L 27
38 0 L -1
39 0 L 15
40 1 U 37
41 0 L 15
42 1 L 38
43
0 0 U -1
1 0 U -1
2 0 U 0
3 0 U -1
4 1 U 3
5 0 L -1
6 1 L 1
7 0 U 4
8 1 U -1
9 1 L 1
10 0 U 7
11 0 U 8
12 1 L -1
13 1 U 8
14 1 L 1
15 0 L -1
16 0 L 6
17 0 U -1
18 1 L 7
19 0 L 0
20 0 U 2
21 1 U 15
22 0 U 0
23 1 L 14
24 1 U -1
25 1 U 6
26 0 U 17
27 1 U 22
28 0 U 6
29 1 U 7
30 0 U 26
31 1 L 2
32 0 L 21
33 1 U 3
34 0 L 5
35 0 L 24
36 0 U -1
37 0 L 27
38 0 L -1
39 0 L 0
40 1 U 37
41 0 L 15
42 1 L 12
43
0 0 L -1
1 0 U -1
2 0 U 0
3 0 U -1
4 1 U 3
5 0 L -1
6 1 L 1
7 0 U 4
8 1 U -1
9 1 L 1
10 1 U 7
11 0 U 8
12 1 L -1
13 1 U 4
14 1 L 1
15 0 L -1
16 0 L 6
17 0 U -1
18 1 L 7
19 0 L 0
20 0 U 2
21 1 U 16
22 0 U 1
23 0 L 14
24 1 U -1
25 1 U 6
26 0 U 3
27 1 U 22
28 0 U 27
29 1 U 7
30 0 U 11
31 1 L 2
32 0 L 16
33 1 U 3
34 0 L 5
35 1 L 22
36 0 U -1
37 0 L 26
38 0 L -1
39 0 L 5
40 1 U 37
41 0 L 15
42 1 L 12
43
0 0 U -1
1 0 U -1
2 0 U 0
3 0 U -1
4 1 U 3
5 0 L -1
6 1 L 1
7 0 U 4
8 1 U -1
9 1 L 1
10 1 U 7
11 0 U 8
12 1 L -1
13 1 U 4
14 1 L 1
15 0 L -1
16 0 L 6
17 0 U -1
18 1 L 7
19 0 L 5
20 0 U 19
21 1 U 16
22 0 U 0
23 0 L 14
24 1 U -1
25 1 U 6
26 1 U 3
27 1 U 22
28 0 U 27
29 1 U 7
30 0 U 11
31 1 L 2
32 0 L 10
33 1 U 3
34 0 L 5
35 1 L 22
36 0 U -1
37 0 L 35
38 0 L -1
39 0 L 0
40 1 U 37
41 0 L 15
42 1 L 38
43
0 0 L -1
1 0 U -1
2 0 U 0
3 0 U -1
4 1 U 3
5 0 L -1
6 1 L 1
7 0 U 4
8 1 U -1
9 1 L 1
10 1 U 7
11 0 U 8
12 1 L -1
13 1 U 0
14 1 L 1
15 0 L -1
16 0 L 6
17 0 U -1
18 1 L 7
19 0 L 0
20 0 U 19
21 1 U 16
22 0 U 4
23 0 L 14
24 1 U -1
25 1 U 10
26 1 U 3
27 1 U 22
28 0 U 27
29 1 U 7
30 0 U 11
31 1 L 14
32 0 L 21
33 1 U 3
34 0 L 5
35 1 L 22
36 0 U -1
37 0 L 35
38 0 L -1
39 0 L 0
40 1 U 37
41 0 L 5
42 1 L 12
43
0 0 L -1
1 0 U -1
2 0 U 0
3 0 U -1
4 1 U 3
5 0 L -1
6 1 L 1
7 0 U 4
8 1 U -1
9 1 L 1
10 1 U 7
11 0 U 8
12 1 L -1
13 1 U 4
14 1 L 1
15 0 L -1
16 0 L 6
17 0 U -1
18 1 L 3
19 0 L 0
20 0 U 2
21 1 U 15
22 0 U 0
23 0 L 14
24 1 U -1
25 1 U 10
26 1 U 3
27 1 U 22
28 0 U 27
29 1 U 7
30 0 U 5
31 1 L 2
32 0 L 20
33 1 U 3
34 0 L 15
35 1 L 22
36 0 U -1
37 0 L 35
38 0 L -1
39 0 L 0
40 1 U 37
41 0 L 5
42 1 L 5
43
0 0 L -1
1 0 U -1
2 0 U 0
3 0 U -1
4 1 U 3
5 0 L -1
6 1 L 1
7 0 U 4
8 1 U -1
9 1 L 1
10 1 U 7
11 0 U 8
12 1 L -1
13 1 U 0
14 1 L 1
15 0 L -1
16 0 L 6
17 0 U -1
18 1 L 3
19 0 L 0
20 0 U 2
21 1 U 15
22 0 U 0
23 0 L 14
24 1 U -1
25 1 U 6
26 1 U 3
27 1 U 22
28 0 U 27
29 1 U 7
30 0 U 11
31 1 L 2
32 0 L 20
33 1 U 3
34 0 L 15
35 1 L 22
36 0 U -1
37 0 L 35
38 0 L -1
39 0 L 15
40 1 U 37
41 0 L 5
42 1 L 15
43
0 0 L -1
1 0 U -1
2 0 U 0
3 0 U -1
4 1 U 3
5 0 L -1
6 1 L 1
7 0 U 4
8 1 U -1
9 1 L 1
10 1 U 7
11 0 U 8
12 1 L -1
13 1 U 8
14 1 L 1
15 0 L -1
16 0 L 6
17 0 U -1
18 1 L 3
19 0 L 5
20 0 U 2
21 1 U 15
22 0 U 4
23 0 L 14
24 1 U -1
25 1 U 6
26 1 U 3
27 1 U 22
28 0 U 27
29 1 U 7
30 0 U 11
31 1 L 2
32 0 L 10
33 1 U 3
34 0 L 15
35 1 L 22
36 0 U -1
37 0 L 35
38 0 L -1
39 0 L 0
40 1 U 37
41 0 L 15
42 1 L 12
43
0 0 L -1
1 0 U -1
2 0 U 0
3 0 U -1
4 1 U 3
5 0 L -1
6 1 L 1
7 0 U 4
8 1 U -1
9 1 L 1
10 1 U 7
11 0 U 8
12 1 L -1
13 1 U 0
14 1 L 1
15 0 L -1
16 0 L 6
17 0 U -1
18 1 L 3
19 0 L 5
20 0 U 13
21 1 U 15
22 0 U 0
23 0 L 14
24 1 U -1
25 1 U 10
26 1 U 3
27 1 U 22
28 0 U 10
29 1 U 7
30 0 U 11
31 1 L 2
32 0 L 16
33 1 U 3
34 0 L 15
35 1 L 22
36 0 U -1
37 0 L 35
38 0 L -1
39 0 L 5
40 1 U 37
41 0 L 5
42 1 L 5
43
0 0 U -1
1 0 U -1
2 0 U 0
3 0 U -1
4 1 U 3
5 0 L -1
6 1 L 1
7 0 U 4
8 1 U -1
9 1 L 1
10 1 U 7
11 0 U 0
12 1 L -1
13 1 U 0
14 1 L 1
15 0 L -1
16 0 L 6
17 0 U -1
18 1 L 3
19 0 L 0
20 0 U 13
21 1 U 16
22 0 U 4
23 0 L 14
24 1 U -1
25 1 U 6
26 1 U 3
27 1 U 22
28 0 U 27
29 1 U 7
30 0 U 5
31 1 L 14
32 0 L 11
33 1 U 3
34 0 L 5
35 1 L 22
36 0 U -1
37 0 L 35
38 0 L -1
39 0 L 5
40 1 U 37
41 0 L 15
42 1 L 5
43
0 0 U -1
1 0 U -1
2 0 U 0
3 0 U -1
4 1 U 3
5 0 L -1
6 1 L 1
7 0 U 4
8 1 U -1
9 1 L 1
10 1 U 7
11 0 U 0
12 1 L -1
13 1 U 0
14 1 L 1
15 0 L -1
16 0 L 6
17 0 U -1
18 1 L 3
19 0 L 5
20 0 U 2
21 1 U 15
22 0 U 4
23 0 L 14
24 1 U -1
25 1 U 10
26 1 U 3
27 1 U 22
28 0 U 10
29 1 U 13
30 0 U 5
31 1 L 14
32 0 L 20
33 1 U 3
34 0 L 15
35 1 L 22
36 0 U -1
37 0 L 35
38 0 L -1
39 0 L 15
40 1 U 37
41 1 L 15
42 1 L 5
43
0 0 L -1
1 0 U -1
2 0 U 0
3 0 U -1
4 1 U 3
5 0 L -1
6 1 L 1
7 0 U 4
8 1 U -1
9 1 L 1
10 1 U 7
11 0 U 0
12 1 L -1
13 1 U 0
14 1 L 1
15 0 L -1
16 0 L 6
17 0 U -1
18 1 L 3
19 0 L 0
20 0 U 19
21 1 U 15
22 0 U 4
23 0 L 14
24 1 U -1
25 1 U 10
26 1 U 3
27 1 U 2
28 0 U 10
29 1 U 7
30 0 U 5
31 1 L 2
32 0 L 11
33 1 U 3
34 0 L 5
35 1 L 22
36 0 U -1
37 0 L 35
38 0 L -1
39 0 L 15
40 1 U 37
41 0 L 5
42 1 L 15
43
0 0 L -1
1 0 U -1
2 0 U 0
3 0 U -1
4 1 U 3
5 0 L -1
6 1 L 1
7 0 U 4
8 1 U -1
9 1 L 1
10 1 U 7
11 0 U 4
12 1 L -1
13 1 U 0
14 1 L 1
15 0 L -1
16 0 L 6
17 0 U -1
18 1 L 3
19 0 L 0
20 0 U 13
21 1 U 15
22 0 U 4
23 0 L 14
24 1 U -1
25 1 U 10
26 1 U 3
27 1 U 2
28 0 U 27
29 1 U 13
30 0 U 5
31 1 L 2
32 0 L 20
33 1 U 3
34 0 L 5
35 1 L 22
36 0 U -1
37 0 L 35
38 0 L -1
39 0 L 0
40 1 U 37
41 0 L 5
42 1 L 38
43
0 0 U -1
1 0 U -1
2 0 U 0
3 0 U -1
4 1 U 3
5 0 L -1
6 1 L 1
7 0 U 4
8 1 U -1
9 1 L 1
10 1 U 7
11 0 U 1
12 1 L -1
13 1 U 0
14 1 L 1
15 0 L -1
16 0 L 6
17 0 U -1
18 1 L 3
19 0 L 0
20 0 U 7
21 1 U 15
22 0 U 4
23 0 L 14
24 1 U -1
25 1 U 6
26 1 U 3
27 1 U 2
28 0 U 27
29 1 U 7
30 0 U 5
31 1 L 14
32 0 L 20
33 1 U 3
34 0 L 5
35 1 L 22
36 0 U -1
37 0 L 35
38 0 L -1
39 0 L 0
40 1 U 37
41 0 L 5
42 1 L 15
43
0 0 L -1
1 0 U -1
2 0 U 0
3 0 U -1
4 1 U 3
5 0 L -1
6 1 L 1
7 0 U 4
8 1 U -1
9 1 L 1
10 1 U 7
11 0 U 8
12 1 L -1
13 1 U 8
14 1 L 1
15 0 L -1
16 0 L 6
17 0 U -1
18 1 L 7
19 0 L 0
20 0 U 13
21 1 U 15
22 0 U 0
23 0 L 14
24 1 U -1
25 1 U 6
26 1 U 3
27 1 U 2
28 0 U 27
29 1 U 7
30 0 U 11
31 1 L 2
32 0 L 10
33 1 U 3
34 0 L 5
35 1 L 22
36 0 U -1
37 0 L 35
38 0 L -1
39 0 L 0
40 1 U 37
41 0 L 15
42 1 L 5
43
0 0 L -1
1 0 U -1
2 0 U 0
3 0 U -1
4 1 U 3
5 0 L -1
6 1 L 1
7 0 U 4
8 1 U -1
9 1 L 1
10 1 U 7
11 0 U 8
12 1 L -1
13 1 U 0
14 1 L 1
15 0 L -1
16 0 L 6
17 0 U -1
18 1 L 3
19 0 L 0
20 0 U 7
21 1 U 15
22 0 U 4
23 0 L 14
24 1 U -1
25 1 U 6
26 1 U 3
27 1 U 2
28 0 U 27
29 1 U 13
30 0 U 5
31 1 L 2
32 0 L 20
33 1 U 3
34 0 L 5
35 1 L 22
36 0 U -1
37 0 L 35
38 0 L -1
39 0 L 15
40 1 U 37
41 0 L 5
42 1 L 12
43
0 0 L -1
1 0 U -1
2 0 U 0
3 0 U -1
4 1 U 3
5 0 L -1
6 1 L 1
7 0 U 4
8 1 U -1
9 1 L 1
10 1 U 7
11 0 U 4
12 1 L -1
13 1 U 4
14 1 L 1
15 0 L -1
16 0 L 6
17 0 U -1
18 1 L 3
19 0 L 0
20 0 U 2
21 1 U 16
22 0 U 4
23 0 L 14
24 1 U -1
25 1 U 6
26 1 U 3
27 1 U 2
28 0 U 27
29 1 U 7
30 0 U 5
31 1 L 2
32 0 L 20
33 1 U 3
34 0 L 5
35 1 L 22
36 0 U -1
37 0 L 35
38 0 L -1
39 0 L 15
40 1 U 37
41 0 L 5
42 1 L 15
43
0 0 U -1
1 0 U -1
2 0 U 0
3 0 U -1
4 1 U 3
5 0 L -1
6 1 L 1
7 0 U 0
8 1 U -1
9 1 L 1
10 1 U 7
11 0 U 0
12 1 L -1
13 1 U 0
14 1 L 1
15 0 L -1
16 0 L 6
17 0 U -1
18 1 L 7
19 0 L 5
20 0 U 7
21 1 U 16
22 0 U 4
23 0 L 14
24 1 U -1
25 1 U 10
26 1 U 3
27 1 U 2
28 0 U 6
29 1 U 13
30 0 U 5
31 1 L 2
32 0 L 16
33 1 U 3
34 0 L 15
35 1 L 22
36 0 U -1
37 0 L 35
38 0 L -1
39 0 L 0
40 1 U 37
41 1 L 5
42 1 L 38
43
0 0 L -1
1 0 U -1
2 0 U 0
3 0 U -1
4 1 U 3
5 0 L -1
6 1 L 1
7 0 U 1
8 1 U -1
9 0 L 1
10 1 U 7
11 0 U 8
12 1 L -1
13 1 U 1
14 1 L 1
15 0 L -1
16 0 L 6
17 0 U -1
18 1 L 3
19 0 L 0
20 0 U 7
21 1 U 16
22 0 U 0
23 0 L 14
24 1 U 3
25 1 U 6
26 0 L 17
27 1 U 2
28 0 U 6
29 1 U 13
30 0 U 5
31 1 L 14
32 0 L 11
33 1 U 3
34 0 L 15
35 1 L 22
36 0 U -1
37 0 L 35
38 0 L -1
39 0 L 5
40 1 U 37
41 1 L 5
42 1 L 5
43
0 0 U -1
1 0 U -1
2 0 U 0
3 0 U -1
4 1 U 3
5 0 L -1
6 1 L 1
7 0 U 1
8 1 U -1
9 0 L 1
10 1 U 7
11 0 U 4
12 1 L -1
13 1 U 8
14 1 L 1
15 0 L -1
16 0 L 6
17 0 U -1
18 1 L 7
19 0 L 0
20 0 U 2
21 1 U 16
22 0 U 8
23 0 L 14
24 0 U 3
25 1 U 6
26 0 L 17
27 1 U 7
28 0 U 6
29 1 U 7
30 0 U 5
31 1 L 14
32 0 L 21
33 1 U 3
34 0 L 15
35 1 L 22
36 0 U -1
37 0 L 24
38 0 L -1
39 0 L 5
40 1 U 37
41 0 L 5
42 1 L 15
43
0 0 U -1
1 0 U -1
2 0 U 0
3 0 U -1
4 1 U 3
5 0 L -1
6 1 L 1
7 0 U 0
8 1 U -1
9 1 L 1
10 1 U 7
11 0 U 0
12 1 L -1
13 1 U 0
14 1 L 1
15 0 L -1
16 0 L 6
17 0 U -1
18 1 L 7
19 0 L 0
20 0 U 13
21 1 U 16
22 0 U 8
23 0 L 14
24 0 U 3
25 1 U 6
26 0 L 22
27 1 U 2
28 0 U 6
29 1 U 13
30 0 U 5
31 1 L 14
32 0 L 21
33 1 U 3
34 0 L 15
35 1 L 22
36 0 U -1
37 0 L 24
38 0 L -1
39 0 L 5
40 1 U 37
41 0 L 5
42 1 L 12
43
0 0 L -1
1 0 U -1
2 0 U 0
3 0 U -1
4 1 U 3
5 0 L -1
6 1 L 1
7 0 U 0
8 1 U -1
9 1 L 1
10 0 U 7
11 0 U 1
12 1 L -1
13 1 U 4
14 1 L 1
15 0 L -1
16 0 L 6
17 0 U -1
18 1 L 7
19 0 L 5
20 0 U 2
21 1 U 16
22 0 U 8
23 1 L 14
24 0 U 3
25 1 U 6
26 0 L 22
27 1 U 22
28 0 U 12
29 1 U 13
30 0 U 26
31 1 L 2
32 0 L 21
33 1 U 3
34 0 L 15
35 1 L 22
36 0 U -1
37 0 L 35
38 0 L -1
39 0 L 0
40 1 U 37
41 1 L 15
42 1 L 5
43
0 0 U -1
1 0 U -1
2 0 U 0
3 0 U -1
4 1 U 3
5 0 L -1
6 1 L 1
7 0 U 4
8 1 U -1
9 1 L 1
10 1 U 7
11 0 U 1
12 1 L -1
13 1 U 0
14 1 L 1
15 1 L -1
16 0 L 6
17 0 U -1
18 1 L 3
19 0 L 0
20 0 U 13
21 1 U 16
22 0 U 8
23 0 L 14
24 0 U 3
25 1 U 12
26 0 L 22
27 1 U 22
28 0 U 10
29 1 U 7
30 0 U 26
31 1 L 2
32 0 L 16
33 1 U 3
34 0 L 15
35 0 L 32
36 0 U -1
37 0 L 24
38 0 L -1
39 0 L 0
40 1 U 37
41 0 L 15
42 1 L 38
43
0 0 L -1
1 0 U -1
2 0 U 0
3 0 U -1
4 1 U 3
5 0 L -1
6 1 L 1
7 0 U 4
8 1 U -1
9 1 L 1
10 1 U 7
11 0 U 8
12 1 L -1
13 1 U 0
14 1 L 1
15 0 L -1
16 0 L 6
17 0 U -1
18 1 L 3
19 0 L 5
20 0 U 13
21 1 U 16
22 0 U 8
23 0 L 14
24 0 U 3
25 1 U 12
26 0 U 22
27 0 U 2
28 0 U 23
29 1 U 13
30 0 U 5
31 1 L 2
32 1 L 16
33 1 U 3
34 0 L 5
35 1 L 32
36 0 U -1
37 0 L 36
38 0 L -1
39 0 L 5
40 1 U 37
41 0 L 15
42 1 L 15
43
0 0 L -1
1 0 U -1
2 0 U 0
3 0 U -1
4 1 U 3
5 0 L -1
6 1 L 1
7 0 U 0
8 0 U -1
9 1 L 1
10 1 U 7
11 0 U 8
12 1 L -1
13 1 U 0
14 1 L 1
15 0 L -1
16 0 L 6
17 0 U -1
18 1 L 3
19 0 L 5
20 0 U 19
21 1 U 16
22 0 U 17
23 0 L 14
24 1 U 3
25 1 U 20
26 0 U 22
27 0 U 22
28 0 U 10
29 1 U 13
30 0 U 5
31 1 L 2
32 1 L 11
33 1 U 3
34 0 L 5
35 0 L 20
36 0 U -1
37 0 L 27
38 0 L -1
39 0 L 15
40 1 U 37
41 0 L 15
42 1 L 5
43
0 0 U -1
1 0 U -1
2 0 U 0
3 0 U -1
4 1 U 3
5 0 L -1
6 1 L 1
7 0 U 0
8 0 U -1
9 1 L 1
10 1 U 7
11 0 U 4
12 1 L -1
13 1 U 0
14 1 L 1
15 0 L -1
16 0 L 6
17 0 U -1
18 1 L 3
19 0 L 0
20 0 U 19
21 1 U 16
22 0 U 17
23 0 L 14
24 1 U 3
25 1 U 20
26 0 U 22
27 0 U 2
28 0 U 27
29 1 U 13
30 0 U 5
31 1 L 2
32 0 L 16
33 1 U 3
34 0 L 15
35 0 L 20
36 0 U -1
37 0 L 27
38 0 L -1
39 0 L 0
40 1 U 37
41 1 L 5
42 1 L 5
43
0 0 L -1
1 0 U -1
2 0 U 0
3 0 U -1
4 1 U 3
5 0 L -1
6 1 L 1
7 0 U 0
8 1 U -1
9 0 L 8
10 1 U 7
11 0 U 4
12 1 L -1
13 1 U 0
14 1 L 1
15 0 L -1
16 0 L 6
17 0 U -1
18 1 L 7
19 0 L 5
20 0 U 19
21 1 U 16
22 0 U 17
23 0 L 14
24 1 U 3
25 1 U 20
26 0 U 22
27 0 U 2
28 0 U 27
29 1 U 13
30 0 U 5
31 1 L 2
32 1 L 9
33 1 U 3
34 0 L 15
35 1 L 32
36 0 U -1
37 0 L 27
38 0 L -1
39 0 L 5
40 1 U 37
41 0 L 5
42 1 L 0
43
0 0 L -1
1 0 U -1
2 0 U 0
3 0 U -1
4 1 U 3
5 0 L -1
6 1 L 1
7 0 U 4
8 1 U -1
9 0 L 8
10 1 U 7
11 1 U 4
12 1 L -1
13 1 U 0
14 1 L 1
15 0 L -1
16 0 L 6
17 0 U -1
18 1 L 3
19 0 L 5
20 0 U 19
21 1 U 16
22 0 U 17
23 0 L 14
24 1 U 3
25 1 U 12
26 0 U 22
27 0 U 22
28 0 U 16
29 1 U 13
30 0 U 24
31 1 L 2
32 1 L 9
33 1 U 3
34 0 L 15
35 1 L 32
36 0 U -1
37 0 L 27
38 0 L -1
39 0 L 5
40 1 U 37
41 0 L 15
42 1 L 12
43
0 0 U -1
1 0 U -1
2 0 U 0
3 0 U -1
4 1 U 3
5 0 L -1
6 1 L 1
7 0 U 4
8 1 U -1
9 1 L 8
10 1 U 7
11 0 U 8
12 1 L -1
13 1 U 0
14 1 L 1
15 0 L -1
16 0 L 6
17 0 U -1
18 1 L 3
19 0 L 5
20 0 U 13
21 1 U 16
22 0 U 4
23 0 L 14
24 1 U 3
25 1 U 12
26 0 U 22
27 0 U 22
28 0 U 23
29 1 U 7
30 0 U 11
31 1 L 2
32 1 L 11
33 1 U 3
34 0 L 5
35 1 L 32
36 0 U -1
37 0 L 27
38 0 L -1
39 0 L 15
40 1 U 37
41 1 L 5
42 1 L 5
43
0 0 L -1
1 0 U -1
2 0 U 0
3 0 U -1
4 1 U 3
5 0 L -1
6 1 L 1
7 0 U 4
8 1 U -1
9 1 L 1
10 1 U 7
11 0 U 0
12 1 L -1
13 1 U 4
14 1 L 1
15 0 L -1
16 0 L 6
17 0 U -1
18 1 L 7
19 0 L 0
20 0 U -1
21 1 U 16
22 0 U 4
23 0 L 16
24 1 U 3
25 1 U 12
26 0 U 22
27 0 U 2
28 0 U 16
29 1 U 7
30 0 U 24
31 1 L 2
32 1 L 10
33 1 U 3
34 0 L 5
35 1 L 32
36 0 U -1
37 0 L 27
38 0 L -1
39 0 L 15
40 1 U 37
41 1 L 5
42 1 L 15
43
0 0 U -1
1 0 U -1
2 0 U 0
3 0 U -1
4 1 U 3
5 0 L -1
6 1 L 1
7 0 U 4
8 1 U -1
9 1 L 1
10 1 U 7
11 0 U 0
12 1 L -1
13 1 U 8
14 1 L 1
15 0 L -1
16 0 L 6
17 0 U -1
18 1 L 7
19 0 L 5
20 0 U -1
21 1 U 16
22 0 U 8
23 0 L 14
24 1 U 3
25 1 U 12
26 1 U 22
27 0 U 2
28 0 U 16
29 1 U 7
30 0 U 24
31 1 L 2
32 1 L 16
33 1 U 3
34 0 L 15
35 1 L 32
36 0 U -1
37 0 L 27
38 0 L -1
39 0 L 15
40 1 U 37
41 0 L 5
42 1 L 38
43
0 0 L -1
1 0 U -1
2 0 U 0
3 0 U -1
4 1 U 3
5 0 L -1
6 1 L 1
7 0 U 4
8 1 U -1
9 1 L 1
10 1 U 7
11 0 U 8
12 1 L -1
13 1 U 4
14 1 L 1
15 0 L -1
16 0 L 6
17 0 U -1
18 1 L 7
19 0 L 5
20 0 U -1
21 1 U 16
22 0 U 0
23 0 L 14
24 1 U 3
25 1 U 12
26 1 U 22
27 0 U 2
28 0 U 23
29 1 U 7
30 0 U 24
31 1 L 2
32 1 L 16
33 1 U 3
34 0 L 15
35 1 L 32
36 0 U -1
37 0 L 27
38 0 L -1
39 0 L 5
40 1 U 37
41 0 L 15
42 1 L 12
43
0 0 L -1
1 0 U -1
2 0 U 0
3 0 U -1
4 1 U 3
5 0 L -1
6 1 L 1
7 0 U 4
8 1 U -1
9 1 L 1
10 1 U 7
11 0 U 8
12 1 L -1
13 1 U 8
14 1 L 1
15 0 L -1
16 0 L 6
17 0 U -1
18 1 L 3
19 0 L 5
20 0 U -1
21 1 L 16
22 0 U 8
23 0 L 18
24 1 U 3
25 1 U 12
26 0 U 22
27 0 U 2
28 0 U 27
29 1 U 7
30 0 U 11
31 1 L 14
32 0 L 11
33 1 U 20
34 0 L 15
35 0 L 17
36 0 U -1
37 0 L 27
38 0 L -1
39 0 L 0
40 1 U 37
41 1 L 15
42 1 L 5
43
0 0 U -1
1 0 U -1
2 0 U 0
3 0 U -1
4 1 U 3
5 0 L -1
6 1 L 1
7 0 U 4
8 1 U -1
9 1 L 1
10 1 U 7
11 0 U 0
12 1 L -1
13 1 U 8
14 1 L 1
15 0 L -1
16 0 L 6
17 0 U -1
18 1 L 3
19 0 L 5
20 0 U -1
21 1 L 16
22 0 U 4
23 0 L 18
24 1 U 3
25 1 U 12
26 1 U 22
27 0 U 2
28 0 U 27
29 1 U 7
30 0 U 5
31 1 L 2
32 1 L 23
33 1 U 3
34 0 L 15
35 1 L 32
36 0 U -1
37 0 L 27
38 0 L -1
39 0 L 15
40 1 U 37
41 0 L 15
42 1 L 5
43
0 0 U -1
1 0 U -1
2 0 U 0
3 0 U -1
4 1 U 3
5 0 L -1
6 1 L 1
7 0 U 4
8 1 U -1
9 1 L 1
10 1 U 7
11 0 U 0
12 1 L -1
13 1 U 8
14 1 L 1
15 1 L -1
16 0 L 6
17 0 U -1
18 1 L 7
19 0 L 0
20 0 U -1
21 1 L 16
22 0 U 0
23 0 L 8
24 1 U 3
25 1 U 21
26 1 U 2
27 0 U 2
28 0 U 15
29 1 U 7
30 0 U 5
31 1 L 14
32 1 L 23
33 1 U 3
34 0 L 15
35 1 L 32
36 0 U -1
37 0 L 27
38 0 L -1
39 0 L 0
40 1 U 37
41 0 L 15
42 1 L 12
43
0 0 L -1
1 0 U -1
2 0 U 0
3 0 U -1
4 1 U 3
5 0 L -1
6 1 L 1
7 0 U 4
8 1 U -1
9 1 L 1
10 1 U 7
11 0 U 8
12 1 L -1
13 1 U 8
14 1 L 1
15 0 L -1
16 0 L 6
17 0 U -1
18 1 L 3
19 0 L 5
20 0 U -1
21 1 L 16
22 0 U 8
23 0 L 18
24 1 U 3
25 1 U 6
26 1 U 2
27 0 U 2
28 0 U 27
29 1 U 7
30 0 U 5
31 1 L 2
32 0 L 23
33 1 U 3
34 0 L 15
35 0 L 32
36 0 U -1
37 0 L 27
38 0 L -1
39 0 L 15
40 1 U 37
41 0 L 15
42 1 L 12
43
0 0 U -1
1 0 U -1
2 0 U 0
3 0 U -1
4 1 U 3
5 0 L -1
6 1 L 1
7 0 U 4
8 1 U -1
9 1 L 1
10 1 U 7
11 1 U 4
12 1 L -1
13 1 U 8
14 1 L 1
15 0 L -1
16 0 L 6
17 0 U -1
18 1 L 3
19 0 L 5
20 0 U -1
21 1 U 16
22 0 U 8
23 0 L 14
24 1 U 3
25 1 U 6
26 1 U 22
27 1 U 22
28 0 U 6
29 1 U 7
30 0 U 24
31 1 L 14
32 0 L 16
33 1 U 3
34 0 L 5
35 0 L 32
36 0 U -1
37 0 L 27
38 0 L -1
39 0 L 15
40 1 U 37
41 0 L 15
42 1 L 12
43
0 0 U -1
1 0 U -1
2 0 U 0
3 0 U -1
4 1 U 3
5 0 L -1
6 1 L 1
7 0 U 4
8 1 U -1
9 1 L 1
10 1 U 7
11 1 U 8
12 1 L -1
13 1 U 1
14 1 L 1
15 0 L -1
16 0 L 6
17 0 U -1
18 1 L 3
19 0 L 5
20 0 U -1
21 1 U 16
22 0 U 17
23 0 L 14
24 1 U 3
25 1 U 10
26 1 U 2
27 1 U 22
28 0 U 27
29 1 U 7
30 0 U 24
31 1 L 14
32 0 L 21
33 1 U 3
34 0 L 5
35 0 L 17
36 0 U -1
37 0 U 27
38 0 L -1
39 0 L 15
40 1 U 37
41 0 L 15
42 1 L 15
43
0 0 U -1
1 0 U -1
2 0 U 0
3 0 U -1
4 1 U 3
5 0 L -1
6 1 L 1
7 0 U 4
8 1 U -1
9 1 L 8
10 1 U 7
11 0 U 8
12 1 L -1
13 1 U 8
14 1 L 1
15 0 L -1
16 0 L 6
17 0 U -1
18 1 L 3
19 0 L 5
20 1 U 13
21 1 U 16
22 0 U 17
23 0 L 14
24 1 U 3
25 1 U 10
26 1 U 2
27 1 U 20
28 0 U 27
29 1 U 7
30 0 U 24
31 1 L 14
32 0 L 21
33 1 U 3
34 0 L 5
35 0 L 32
36 0 U -1
37 0 L 27
38 0 L -1
39 0 L 15
40 1 U 37
41 0 L 5
42 1 L 5
43
0 0 U -1
1 0 U -1
2 0 U 0
3 0 U -1
4 1 U 3
5 0 L -1
6 1 L 1
7 0 U 4
8 1 U 7
9 1 L 1
10 1 U 7
11 0 U 0
12 1 L -1
13 1 U 0
14 1 L 1
15 0 L -1
16 0 L 6
17 0 U -1
18 1 L 7
19 0 L 5
20 1 U -1
21 1 U 16
22 0 U 17
23 0 L 14
24 1 U 3
25 1 U 6
26 0 U 22
27 0 U 22
28 0 U 27
29 1 U 7
30 0 U 5
31 1 L 14
32 0 L 16
33 1 U 20
34 0 L 15
35 0 L 32
36 0 U -1
37 0 L 27
38 0 L -1
39 0 L 15
40 1 U 37
41 0 L 5
42 1 L 5
43
0 0 U -1
1 0 U -1
2 0 U 0
3 0 U -1
4 1 U 3
5 0 L -1
6 1 L 1
7 0 U 4
8 1 U 7
9 1 L 1
10 1 U 7
11 0 U 4
12 1 L -1
13 1 U 4
14 1 L 1
15 0 L -1
16 0 L 6
17 0 U -1
18 1 L 7
19 0 L 0
20 1 U -1
21 1 U 16
22 0 U 0
23 0 L 14
24 0 U 3
25 1 U 10
26 0 U 2
27 0 U 22
28 0 U 27
29 1 U 7
30 0 U 5
31 1 L 2
32 0 L 16
33 0 U 20
34 0 L 15
35 0 L 20
36 0 U -1
37 0 L 27
38 0 L -1
39 0 L 15
40 1 U 37
41 0 L 15
42 1 L 38
43
0 0 U -1
1 0 U -1
2 0 U 0
3 0 U -1
4 1 U 3
5 0 L -1
6 1 L 1
7 0 U 4
8 1 U 7
9 1 L 1
10 1 U 7
11 1 U 1
12 1 L -1
13 1 U 0
14 1 L 1
15 0 L -1
16 0 L 6
17 0 U -1
18 1 L 7
19 0 L 5
20 1 U -1
21 1 U 15
22 0 U 0
23 0 L 14
24 0 U 3
25 1 U 10
26 0 U 2
27 0 U 22
28 0 U 27
29 1 U 7
30 0 U 5
31 1 L 14
32 0 L 21
33 1 U 3
34 0 L 15
35 0 L 32
36 0 U -1
37 0 L 27
38 0 L -1
39 0 L 15
40 1 U 37
41 0 L 5
42 1 L 5
43
0 0 L -1
1 0 U -1
2 0 U 0
3 0 U -1
4 1 U 3
5 0 L -1
6 1 L 1
7 0 U 4
8 1 U 7
9 1 L 1
10 1 U 7
11 0 U 0
12 1 L -1
13 1 U 0
14 1 L 1
15 0 L -1
16 1 L 6
17 0 U -1
18 1 L 3
19 0 L 5
20 0 U -1
21 1 U 10
22 0 U 0
23 0 L 14
24 0 U 20
25 1 U 10
26 0 U 22
27 0 U 22
28 0 U 27
29 1 U 13
30 0 U 5
31 1 L 2
32 0 L 21
33 0 U 20
34 0 L 15
35 0 L 20
36 0 U -1
37 0 L 27
38 0 L -1
39 0 L 5
40 1 U 37
41 1 L 15
42 1 L 12
43
0 0 L -1
1 0 U -1
2 0 U 0
3 0 U -1
4 1 U 3
5 0 L -1
6 1 L 1
7 0 U 4
8 1 U 7
9 1 L 1
10 1 U 7
11 0 U 1
12 1 L -1
13 1 U 4
14 1 L 1
15 0 L -1
16 1 L 6
17 0 U -1
18 1 L 3
19 0 L 5
20 1 U -1
21 1 U 10
22 0 U 0
23 0 L 14
24 0 U 3
25 1 U 10
26 0 U 2
27 0 U 22
28 0 U 27
29 1 U 7
30 0 U 5
31 1 L 2
32 0 L 21
33 0 U 20
34 0 L 15
35 0 L 25
36 0 U -1
37 0 L 27
38 0 L -1
39 0 L 5
40 1 U 37
41 1 L 15
42 1 L 5
43
0 0 L -1
1 0 U -1
2 0 U 0
3 0 U -1
4 1 U 3
5 0 L -1
6 1 L 1
7 0 U 4
8 1 U 7
9 1 L 1
10 1 U 7
11 0 U 0
12 1 L -1
13 1 U 0
14 1 L 1
15 0 L -1
16 1 L 6
17 0 U -1
18 1 L 3
19 0 L 0
20 1 U -1
21 1 U 10
22 0 U 4
23 0 L 14
24 0 U 3
25 1 U 10
26 0 U 22
27 0 U 2
28 0 U 27
29 1 U 7
30 0 U 5
31 1 L 14
32 0 L 11
33 0 U 3
34 0 L 15
35 0 L 32
36 0 U -1
37 0 L 27
38 0 L -1
39 0 L 15
40 1 U 37
41 1 L 5
42 1 L 15
43
0 0 L -1
1 0 U -1
2 0 U 0
3 0 U -1
4 1 U 3
5 0 L -1
6 1 L 1
7 0 U 4
8 1 U 7
9 1 L 1
10 1 U 7
11 0 U 1
12 1 L -1
13 1 U 0
14 1 L 1
15 0 L -1
16 1 L 6
17 0 U -1
18 1 L 3
19 0 L 0
20 1 U -1
21 1 U 6
22 0 U 1
23 0 L 14
24 0 U 3
25 1 U 10
26 0 U 22
27 0 U 22
28 0 U 27
29 1 U 19
30 0 U 5
31 1 L 2
32 0 L 11
33 0 U 20
34 0 L 15
35 0 L 26
36 0 U -1
37 0 L 27
38 0 L -1
39 0 L 15
40 1 U 37
41 0 L 15
42 1 L 12
43
0 0 L -1
1 0 U -1
2 0 U 0
3 0 U -1
4 1 U 3
5 0 L -1
6 1 L 1
7 0 U 4
8 1 U 7
9 1 L 1
10 1 U 7
11 0 U 1
12 1 L -1
13 1 U 0
14 1 L 1
15 0 L -1
16 1 L 6
17 0 U -1
18 1 L 3
19 0 L 5
20 1 U -1
21 1 U 10
22 0 U 17
23 0 L 14
24 0 U 20
25 1 U 6
26 0 U 22
27 0 U 2
28 0 U 27
29 1 U 13
30 0 U 5
31 1 L 14
32 0 L 18
33 0 U 24
34 0 L 5
35 0 L 10
36 0 U -1
37 0 L 27
38 0 L -1
39 0 L 15
40 1 U 37
41 0 L 5
42 1 L 5
43
0 0 U -1
1 0 U -1
2 0 U 0
3 0 U -1
4 1 U 3
5 0 L -1
6 1 L 1
7 0 U 4
8 1 U 7
9 1 L 1
10 1 U 7
11 0 U 4
12 1 L -1
13 1 U 4
14 1 L 1
15 0 L -1
16 1 L 6
17 0 U -1
18 1 L 3
19 0 L 5
20 1 U -1
21 1 U 10
22 0 U 0
23 0 L 14
24 0 U 20
25 1 U 6
26 0 U 2
27 0 U 2
28 0 U 27
29 1 U 7
30 0 U 5
31 1 L 2
32 0 L 18
33 0 U 24
34 0 L 5
35 0 L 10
36 0 U -1
37 0 L 27
38 0 L -1
39 0 L 15
40 1 U 37
41 0 L 5
42 1 L 12
43
0 0 U -1
1 0 U -1
2 0 U 0
3 0 U -1
4 1 U 3
5 0 L -1
6 1 L 1
7 0 U 4
8 1 U 7
9 1 L 1
10 1 U 7
11 0 U 4
12 1 L -1
13 1 U 0
14 1 L 1
15 0 L -1
16 1 L 6
17 0 U -1
18 1 L 3
19 0 L 0
20 1 U -1
21 1 U 10
22 0 U 0
23 0 L 14
24 0 U 3
25 1 U 6
26 0 U 2
27 0 U 2
28 0 U 27
29 1 U 13
30 0 U 5
31 1 L 14
32 0 L 18
33 0 U 24
34 0 L 5
35 0 L 10
36 0 U -1
37 0 L 27
38 0 L -1
39 0 L 15
40 1 U 37
41 1 L 5
42 1 L 5
43
0 0 U -1
1 0 U -1
2 0 U 0
3 0 U -1
4 1 U 3
5 0 L -1
6 1 L 1
7 0 U 4
8 1 U 7
9 1 L 1
10 1 U 7
11 0 U 1
12 1 L -1
13 1 U 4
14 1 L 1
15 0 L -1
16 1 L 6
17 0 U -1
18 1 L 3
19 0 L 5
20 1 U -1
21 1 U 10
22 0 U 4
23 0 L 14
24 0 U 3
25 1 U 6
26 0 U 22
27 0 U 2
28 0 U 27
29 1 U 7
30 0 U 5
31 1 L 14
32 0 L 18
33 0 U 3
34 0 L 15
35 0 L 10
36 0 U -1
37 0 L 27
38 0 L -1
39 0 L 15
40 1 U 37
41 0 L 5
42 1 L 15
43
0 0 U -1
1 0 U -1
2 0 U 0
3 0 U -1
4 1 U 3
5 0 L -1
6 1 L 1
7 0 U 4
8 1 U 7
9 1 L 1
10 1 U 7
11 0 U 0
12 1 L -1
13 1 U 0
14 1 L 1
15 0 L -1
16 1 L 6
17 0 U -1
18 1 L 3
19 0 L 5
20 1 U -1
21 1 U 10
22 0 U 4
23 0 L 14
24 0 U 3
25 1 U 6
26 0 U 22
27 0 U 22
28 0 U 27
29 1 U 7
30 0 U 5
31 1 L 2
32 0 L 21
33 0 U 3
34 0 L 15
35 0 L 25
36 0 U -1
37 0 L 27
38 0 L -1
39 0 L 0
40 1 U 37
41 1 L 15
42 1 L 12
43
0 0 L -1
1 0 U -1
2 0 U 0
3 0 U -1
4 1 U 3
5 0 L -1
6 1 L 1
7 0 U 4
8 1 U 7
9 1 L 1
10 1 U 7
11 0 U 4
12 1 L -1
13 1 U 0
14 1 L 1
15 0 L -1
16 1 L 6
17 0 U -1
18 1 L 3
19 0 L 5
20 1 U -1
21 1 U 9
22 0 U 0
23 0 L 14
24 0 U 20
25 1 U 10
26 0 U 22
27 0 U 2
28 0 U 27
29 1 U 7
30 0 U 5
31 1 L 14
32 0 L 21
33 0 U 20
34 0 L 15
35 0 L 26
36 0 U -1
37 0 L 27
38 0 L -1
39 0 L 0
40 1 U 37
41 0 L 5
42 1 L 38
43
0 0 U -1
1 0 U -1
2 0 U 0
3 0 U -1
4 1 U 3
5 0 L -1
6 1 L 1
7 0 U 4
8 1 U 7
9 1 L 1
10 1 U 7
11 0 U 0
12 1 L -1
13 1 U 0
14 1 L 1
15 0 L -1
16 1 L 6
17 0 U -1
18 1 L 3
19 0 L 5
20 1 U -1
21 1 U 6
22 0 U 4
23 0 L 14
24 0 U 3
25 1 U 10
26 0 U 22
27 0 U 22
28 0 U 27
29 1 U 13
30 0 U 5
31 1 L 14
32 0 L 21
33 1 U 3
34 0 L 15
35 0 L 26
36 0 U -1
37 0 L 27
38 0 L -1
39 0 L 5
40 1 U 37
41 0 L 15
42 1 L 38
43
0 0 U -1
1 0 U -1
2 0 U 0
3 0 U -1
4 1 U 3
5 0 L -1
6 1 L 1
7 0 U 4
8 1 U 7
9 1 L 1
10 1 U 7
11 0 U 4
12 1 L -1
13 1 U 0
14 1 L 1
15 0 L -1
16 1 L 6
17 0 U -1
18 1 L 3
19 0 L 0
20 0 U -1
21 1 U 10
22 0 U 4
23 0 L 14
24 0 U 20
25 1 U 10
26 0 U 2
27 0 U 2
28 0 U 27
29 1 U 7
30 0 U 5
31 1 L 14
32 0 L 21
33 0 U 17
34 0 L 5
35 0 L 26
36 0 U -1
37 0 L 27
38 0 L -1
39 0 L 5
40 1 U 37
41 0 L 5
42 1 L 38
43
0 0 U -1
1 0 U -1
2 0 U 0
3 0 U -1
4 1 U 3
5 0 L -1
6 1 L 1
7 0 U 4
8 1 U 7
9 1 L 1
10 1 U 7
11 0 U 0
12 1 L -1
13 1 U 4
14 1 L 1
15 0 L -1
16 1 L 6
17 0 U -1
18 1 L 3
19 0 L 0
20 1 U -1
21 1 U 10
22 0 U 17
23 0 L 14
24 0 U 20
25 1 U 10
26 0 U 2
27 0 U 2
28 0 U 27
29 1 U 7
30 0 U 5
31 1 L 2
32 0 L 21
33 1 U 20
34 0 L 5
35 0 L 26
36 0 U -1
37 0 L 27
38 0 L -1
39 0 L 0
40 1 U 37
41 0 L 15
42 1 L 5
43
0 0 U -1
1 0 U -1
2 0 U 0
3 0 U -1
4 1 U 3
5 0 L -1
6 1 L 1
7 0 U 4
8 1 U 7
9 1 L 1
10 1 U 7
11 0 U 4
12 1 L -1
13 1 U 0
14 1 L 1
15 0 L -1
16 1 L 6
17 0 U -1
18 1 L 3
19 0 L 0
20 1 U -1
21 1 U 15
22 0 U 17
23 0 L 14
24 0 U 20
25 1 U 10
26 0 U 22
27 0 U 2
28 0 U 27
29 1 U 7
30 0 U 5
31 1 L 2
32 0 L 11
33 0 U 24
34 0 L 5
35 0 L 32
36 0 U -1
37 0 L 27
38 0 L -1
39 0 L 5
40 1 U 37
41 0 L 15
42 1 L 5
43
0 0 L -1
1 0 U -1
2 0 U 0
3 0 U -1
4 1 U 3
5 0 L -1
6 1 L 1
7 0 U 4
8 1 U 7
9 1 L 1
10 1 U 7
11 0 U 0
12 1 L -1
13 1 U 0
14 1 L 1
15 0 L -1
16 1 L 6
17 0 U -1
18 1 L 3
19 0 L 5
20 1 U -1
21 1 U 9
22 0 U 4
23 0 L 14
24 0 U 20
25 1 U 10
26 0 U 22
27 0 U 22
28 0 U 27
29 1 U 7
30 0 U 5
31 1 L 2
32 0 L 11
33 0 U 3
34 0 L 5
35 0 L 32
36 0 U -1
37 0 L 27
38 0 L -1
39 0 L 5
40 1 U 37
41 0 L 15
42 1 L 12
43
0 0 L -1
1 0 U -1
2 0 U 0
3 0 U -1
4 1 U 3
5 0 L -1
6 1 L 1
7 0 U 4
8 1 U 7
9 1 L 1
10 1 U 7
11 0 U 0
12 1 L -1
13 1 U 0
14 1 L 1
15 0 L -1
16 1 L 6
17 0 U -1
18 1 L 3
19 0 L 5
20 1 U -1
21 1 U 6
22 0 U 4
23 0 L 14
24 0 U 3
25 1 U 10
26 0 U 22
27 0 U 22
28 0 U 27
29 1 U 7
30 0 U 5
31 1 L 2
32 0 L 11
33 0 U 20
34 0 L 5
35 0 L 32
36 0 U -1
37 0 L 27
38 0 L -1
39 0 L 5
40 1 U 37
41 1 L 15
42 1 L 38
43
0 0 U -1
1 0 U -1
2 0 U 0
3 0 U -1
4 1 U 3
5 0 L -1
6 1 L 1
7 0 U 4
8 1 U 7
9 1 L 1
10 1 U 7
11 0 U 1
12 1 L -1
13 1 U 0
14 1 L 1
15 0 L -1
16 1 L 6
17 0 U -1
18 1 L 3
19 0 L 5
20 1 U -1
21 1 U 10
22 0 U 4
23 0 L 14
24 0 U 3
25 1 U 6
26 0 U 22
27 0 U 22
28 0 U 27
29 1 U 7
30 0 U 5
31 1 L 2
32 0 L 21
33 0 U 3
34 0 L 15
35 0 L 32
36 0 U -1
37 0 L 27
38 0 L -1
39 0 L 5
40 1 U 37
41 1 L 5
42 1 L 15
43
0 0 L -1
1 0 U -1
2 0 U 0
3 0 U -1
4 1 U 3
5 0 L -1
6 1 L 1
7 0 U 4
8 1 U 7
9 1 L 1
10 1 U 7
11 0 U 0
12 1 L -1
13 1 U 0
14 1 L 1
15 0 L -1
16 1 L 6
17 0 U -1
18 1 L 3
19 0 L 5
20 1 U -1
21 1 U 6
22 0 U 4
23 0 L 14
24 0 U 3
25 1 U 10
26 0 U 22
27 0 U 22
28 0 U 27
29 1 U 13
30 0 U 5
31 1 L 2
32 0 L 21
33 0 U 20
34 0 L 5
35 0 L 26
36 0 U -1
37 0 L 27
38 0 L -1
39 0 L 0
40 1 U 37
41 1 L 5
42 1 L 38
43
0 0 U -1
1 0 U -1
2 0 U 0
3 0 U -1
4 1 U 3
5 0 L -1
6 1 L 1
7 0 U 4
8 1 U 7
9 1 L 1
10 1 U 7
11 0 U 4
12 1 L -1
13 1 U 0
14 1 L 1
15 0 L -1
16 1 L 6
17 0 U -1
18 1 L 3
19 0 L 0
20 1 U -1
21 1 U 15
22 0 U 17
23 0 L 14
24 0 U 20
25 1 U 6
26 0 U 22
27 0 U 2
28 0 U 27
29 1 U 13
30 0 U 5
31 1 L 2
32 0 L 11
33 1 U 3
34 0 L 15
35 0 L 32
36 0 U -1
37 0 L 27
38 0 L -1
39 0 L 5
40 1 U 37
41 0 L 5
42 1 L 5
43
0 0 L -1
1 0 U -1
2 0 U 0
3 0 U -1
4 1 U 3
5 0 L -1
6 1 L 1
7 0 U 4
8 1 U 7
9 1 L 1
10 1 U 7
11 0 U 4
12 1 L -1
13 1 U 0
14 1 L 1
15 0 L -1
16 1 L 6
17 0 U -1
18 1 L 3
19 0 L 5
20 1 U -1
21 1 U 15
22 0 U 0
23 0 L 14
24 0 U 3
25 1 U 6
26 0 U 22
27 0 U 22
28 0 U 27
29 1 U 13
30 0 U 5
31 1 L 2
32 0 L 11
33 0 U 17
34 0 L 5
35 0 L 25
36 0 U -1
37 0 L 27
38 0 L -1
39 0 L 0
40 1 U 37
41 0 L 5
42 1 L 5
43
0 0 L -1
1 0 U -1
2 0 U 0
3 0 U -1
4 1 U 3
5 0 L -1
6 1 L 1
7 0 U 4
8 1 U 7
9 1 L 1
10 1 U 7
11 0 U 1
12 1 L -1
13 1 U 0
14 1 L 1
15 0 L -1
16 1 L 6
17 0 U -1
18 1 L 3
19 0 L 5
20 1 U -1
21 1 U 15
22 0 U 0
23 0 L 14
24 0 U 3
25 1 U 6
26 0 U 2
27 0 U 2
28 0 U 27
29 1 U 7
30 0 U 5
31 1 L 2
32 0 L 11
33 0 U 17
34 0 L 5
35 0 L 32
36 0 U -1
37 0 L 27
38 0 L -1
39 0 L 15
40 1 U 37
41 1 L 5
42 1 L 38
43
0 0 L -1
1 0 U -1
2 0 U 0
3 0 U -1
4 1 U 3
5 0 L -1
6 1 L 1
7 0 U 4
8 1 U 7
9 1 L 1
10 1 U 7
11 0 U 0
12 1 L -1
13 1 U 4
14 1 L 1
15 0 L -1
16 1 L 6
17 0 U -1
18 1 L 3
19 0 L 5
20 0 U -1
21 1 U 10
22 0 U 4
23 0 L 14
24 0 U 20
25 1 U 6
26 0 U 22
27 0 U 2
28 0 U 27
29 1 U 7
30 0 U 5
31 1 L 14
32 0 L 21
33 0 U 3
34 0 L 5
35 0 L 25
36 0 U -1
37 0 L 27
38 0 L -1
39 0 L 15
40 1 U 37
41 0 L 5
42 1 L 12
43
0 0 U -1
1 0 U -1
2 0 U 0
3 0 U -1
4 1 U 3
5 0 L -1
6 1 L 1
7 0 U 4
8 1 U 7
9 1 L 1
10 1 U 7
11 0 U 1
12 1 L -1
13 1 U 0
14 1 L 1
15 0 L -1
16 1 L 6
17 0 U -1
18 1 L 3
19 0 L 0
20 1 U -1
21 1 U 15
22 0 U 17
23 0 L 14
24 0 U 20
25 1 U 10
26 0 U 2
27 0 U 2
28 0 U 27
29 1 U 7
30 0 U 5
31 1 L 14
32 0 L 11
33 0 U 24
34 0 L 5
35 0 L 25
36 0 U -1
37 0 L 27
38 0 L -1
39 0 L 0
40 1 U 37
41 1 L 5
42 1 L 12
43
0 0 L -1
1 0 U -1
2 0 U 0
3 0 U -1
4 1 U 3
5 0 L -1
6 1 L 1
7 0 U 4
8 1 U 7
9 1 L 1
10 1 U 7
11 0 U 0
12 1 L -1
13 1 U 4
14 1 L 1
15 0 L -1
16 1 L 6
17 0 U -1
18 1 L 3
19 0 L 0
20 0 U -1
21 1 U 15
22 0 U 4
23 0 L 14
24 0 U 20
25 1 U 10
26 0 U 22
27 0 U 2
28 0 U 27
29 1 U 7
30 0 U 5
31 1 L 2
32 0 L 11
33 1 U 3
34 0 L 15
35 0 L 32
36 0 U -1
37 0 L 27
38 0 L -1
39 0 L 0
40 1 U 37
41 0 L 5
42 1 L 12
43
0 0 U -1
1 0 U -1
2 0 U 0
3 0 U -1
4 1 U 3
5 0 L -1
6 1 L 1
7 0 U 4
8 1 U 7
9 1 L 1
10 1 U 7
11 0 U 0
12 1 L -1
13 1 U 0
14 1 L 1
15 0 L -1
16 1 L 6
17 0 U -1
18 1 L 3
19 0 L 0
20 1 U -1
21 1 U 10
22 0 U 0
23 0 L 14
24 0 U 3
25 1 U 6
26 0 U 22
27 0 U 2
28 0 U 27
29 1 U 7
30 0 U 5
31 1 L 2
32 0 L 11
33 1 U 20
34 0 L 5
35 0 L 32
36 0 U -1
37 0 L 27
38 0 L -1
39 0 L 0
40 1 U 37
41 0 L 5
42 1 L 12
43
0 0 U -1
1 0 U -1
2 0 U 0
3 0 U -1
4 1 U 3
5 0 L -1
6 1 L 1
7 0 U 4
8 1 U 7
9 1 L 1
10 1 U 7
11 0 U 0
12 1 L -1
13 1 U 0
14 1 L 1
15 0 L -1
16 1 L 6
17 0 U -1
18 1 L 3
19 0 L 0
20 1 U -1
21 1 U 9
22 0 U 0
23 0 L 14
24 0 U 20
25 1 U 10
26 0 U 2
27 0 U 2
28 0 U 27
29 1 U 7
30 0 U 5
31 1 L 2
32 0 L 11
33 0 U 24
34 0 L 5
35 0 L 25
36 0 U -1
37 0 L 27
38 0 L -1
39 0 L 15
40 1 U 37
41 1 L 5
42 1 L 38
43
0 0 U -1
1 0 U -1
2 0 U 0
3 0 U -1
4 1 U 3
5 0 L -1
6 1 L 1
7 0 U 4
8 1 U 7
9 1 L 1
10 1 U 7
11 0 U 4
12 1 L -1
13 1 U 4
14 1 L 1
15 0 L -1
16 1 L 6
17 0 U -1
18 1 L 3
19 0 L 0
20 1 U -1
21 1 U 10
22 0 U 4
23 0 L 14
24 0 U 20
25 1 U 10
26 0 U 2
27 0 U 22
28 0 U 27
29 1 U 7
30 0 U 5
31 1 L 14
32 0 L 11
33 1 U 3
34 0 L 15
35 0 L 32
36 0 U -1
37 0 L 27
38 0 L -1
39 0 L 0
40 1 U 37
41 1 L 5
42 1 L 5
43
0 0 L -1
1 0 U -1
2 0 U 0
3 0 U -1
4 1 U 3
5 0 L -1
6 1 L 1
7 0 U 4
8 1 U 7
9 1 L 1
10 1 U 7
11 0 U 0
12 1 L -1
13 1 U 0
14 1 L 1
15 0 L -1
16 1 L 6
17 0 U -1
18 1 L 3
19 0 L 5
20 0 U -1
21 1 U 10
22 0 U 4
23 0 L 14
24 0 U 20
25 1 U 10
26 0 U 2
27 0 U 2
28 0 U 27
29 1 U 7
30 0 U 5
31 1 L 2
32 0 L 21
33 0 U 3
34 0 L 5
35 0 L 26
36 0 U -1
37 0 L 27
38 0 L -1
39 0 L 5
40 1 U 37
41 0 L 15
42 1 L 38
43
0 0 L -1
1 0 U -1
2 0 U 0
3 0 U -1
4 1 U 3
5 0 L -1
6 1 L 1
7 0 U 4
8 1 U 7
9 1 L 1
10 1 U 7
11 0 U 1
12 1 L -1
13 1 U 0
14 1 L 1
15 0 L -1
16 1 L 6
17 0 U -1
18 1 L 3
19 0 L 0
20 0 U -1
21 1 U 9
22 0 U 4
23 0 L 14
24 0 U 20
25 1 U 10
26 0 U 2
27 0 U 2
28 0 U 27
29 1 U 7
30 0 U 5
31 1 L 14
32 0 L 21
33 1 U 3
34 0 L 5
35 0 L 20
36 0 U -1
37 0 L 27
38 0 L -1
39 0 L 5
40 1 U 37
41 0 L 15
42 1 L 15
43
0 0 L -1
1 0 U -1
2 0 U 0
3 0 U -1
4 1 U 3
5 0 L -1
6 1 L 1
7 0 U 4
8 1 U 7
9 1 L 1
10 1 U 7
11 0 U 0
12 1 L -1
13 1 U 0
14 1 L 1
15 0 L -1
16 1 L 6
17 0 U -1
18 1 L 3
19 0 L 5
20 1 U -1
21 1 U 10
22 0 U 0
23 0 L 14
24 0 U 20
25 1 U 10
26 0 U 2
27 0 U 2
28 0 U 27
29 1 U 13
30 0 U 5
31 1 L 14
32 0 L 21
33 0 U 3
34 0 L 5
35 0 L 26
36 0 U -1
37 0 L 27
38 0 L -1
39 0 L 5
40 1 U 37
41 0 L 5
42 1 L 15
43
0 0 L -1
1 0 U -1
2 0 U 0
3 0 U -1
4 1 U 3
5 0 L -1
6 1 L 1
7 0 U 4
8 1 U 7
9 1 L 1
10 1 U 7
11 0 U 0
12 1 L -1
13 1 U 4
14 1 L 1
15 0 L -1
16 1 L 6
17 0 U -1
18 1 L 3
19 0 L 5
20 1 U -1
21 1 U 15
22 0 U 17
23 0 L 14
24 0 U 20
25 1 U 10
26 0 U 2
27 0 U 2
28 0 U 27
29 1 U 7
30 0 U 5
31 1 L 14
32 0 L 11
33 1 U 20
34 0 L 5
35 0 L 25
36 0 U -1
37 0 L 27
38 0 L -1
39 0 L 0
40 1 U 37
41 1 L 5
42 1 L 15
43
0 0 U -1
1 0 U -1
2 0 U 0
3 0 U -1
4 1 U 3
5 0 L -1
6 1 L 1
7 0 U 4
8 1 U 7
9 1 L 1
10 1 U 7
11 0 U 4
12 1 L -1
13 1 U 0
14 1 L 1
15 0 L -1
16 1 L 6
17 0 U -1
18 1 L 3
19 0 L 0
20 1 U -1
21 1 U 6
22 0 U 17
23 0 L 14
24 0 U 20
25 1 U 10
26 0 U 22
27 0 U 22
28 0 U 27
29 1 U 7
30 0 U 5
31 1 L 2
32 0 L 21
33 1 U 20
34 0 L 15
35 0 L 32
36 0 U -1
37 0 L 27
38 0 L -1
39 0 L 5
40 1 U 37
41 1 L 5
42 1 L 38
43
0 0 U -1
1 0 U -1
2 0 U 0
3 0 U -1
4 1 U 3
5 0 L -1
6 1 L 1
7 0 U 4
8 1 U 7
9 1 L 1
10 1 U 7
11 0 U 0
12 1 L -1
13 1 U 0
14 1 L 1
15 0 L -1
16 1 L 6
17 0 U -1
18 1 L 3
19 0 L 0
20 1 U -1
21 1 U 9
22 0 U 4
23 0 L 14
24 0 U 3
25 1 U 6
26 0 U 2
27 0 U 22
28 0 U 27
29 1 U 7
30 0 U 5
31 1 L 2
32 0 L 21
33 1 U 3
34 0 L 5
35 0 L 26
36 0 U -1
37 0 L 27
38 0 L -1
39 0 L 0
40 1 U 37
41 0 L 15
42 1 L 15
43
0 0 L -1
1 0 U -1
2 0 U 0
3 0 U -1
4 1 U 3
5 0 L -1
6 1 L 1
7 0 U 4
8 1 U 7
9 1 L 1
10 1 U 7
11 0 U 4
12 1 L -1
13 1 U 0
14 1 L 1
15 1 L -1
16 1 L 6
17 0 U -1
18 1 L 3
19 0 L 15
20 1 U -1
21 1 U 10
22 0 U 0
23 0 L 14
24 0 U 20
25 1 U 6
26 0 U 2
27 0 U 22
28 0 U 27
29 1 U 13
30 0 U 5
31 1 L 2
32 0 L 11
33 0 U 24
34 0 L 15
35 0 L 26
36 0 U -1
37 0 L 27
38 0 L -1
39 0 L 15
40 1 U 37
41 1 L 15
42 1 L 38
43
0 0 L -1
1 0 U -1
2 0 U 0
3 0 U -1
4 1 U 3
5 0 L -1
6 1 L 1
7 0 U 4
8 1 U 7
9 1 L 1
10 1 U 7
11 0 U 4
12 1 L -1
13 1 U 0
14 1 L 1
15 1 L -1
16 1 L 6
17 0 U -1
18 1 L 3
19 0 L 0
20 0 U -1
21 1 U 6
22 0 U 0
23 0 L 14
24 0 U 20
25 1 U 6
26 0 U 22
27 0 U 22
28 0 U 27
29 1 U 13
30 0 U 5
31 1 L 2
32 0 L 11
33 0 U 20
34 0 L 15
35 0 L 20
36 0 U -1
37 0 L 27
38 0 L -1
39 0 L 15
40 1 U 37
41 0 L 15
42 1 L 38
43
0 0 L -1
1 0 U -1
2 0 U 0
3 0 U -1
4 1 U 3
5 0 L -1
6 1 L 1
7 0 U 4
8 1 U 7
9 1 L 1
10 1 U 7
11 0 U 4
12 1 L -1
13 1 U 0
14 1 L 1
15 1 L -1
16 1 L 6
17 0 U -1
18 1 L 3
19 0 L 15
20 1 U -1
21 1 U 15
22 0 U 4
23 0 L 14
24 0 U 20
25 1 U 10
26 0 U 2
27 0 U 22
28 0 U 27
29 1 U 13
30 0 U 5
31 1 L 2
32 0 L 21
33 1 U 20
34 0 L 15
35 0 L 26
36 0 U -1
37 0 L 27
38 0 L -1
39 0 L 15
40 1 U 37
41 0 L 15
42 1 L 12
43
0 0 L -1
1 0 U -1
2 0 U 0
3 0 U -1
4 1 U 3
5 0 L -1
6 1 L 1
7 0 U 4
8 1 U 7
9 1 L 1
10 1 U 7
11 0 U 4
12 1 L -1
13 1 U 4
14 1 L 1
15 0 L -1
16 1 L 6
17 0 U -1
18 1 L 3
19 0 L 0
20 0 U -1
21 1 U 6
22 0 U 0
23 0 L 14
24 0 U 20
25 1 U 10
26 0 U 2
27 0 U 2
28 0 U 27
29 1 U 7
30 0 U 5
31 1 L 2
32 0 L 21
33 0 U 20
34 0 L 15
35 0 L 26
36 0 U -1
37 0 L 27
38 0 L -1
39 0 L 15
40 1 U 37
41 1 L 5
42 1 L 15
43
0 0 U -1
1 0 U -1
2 0 U 0
3 0 U -1
4 1 U 3
5 0 L -1
6 1 L 1
7 0 U 4
8 1 U 7
9 1 L 1
10 1 U 7
11 0 U 4
12 1 L -1
13 1 U 0
14 1 L 1
15 0 L -1
16 1 L 6
17 0 U -1
18 1 L 3
19 0 L 5
20 1 U -1
21 1 U 9
22 0 U 0
23 0 L 14
24 0 U 3
25 1 U 10
26 0 U 2
27 0 U 22
28 0 U 27
29 1 U 13
30 0 U 5
31 1 L 14
32 0 L 21
33 0 U 3
34 0 L 5
35 0 L 26
36 0 U -1
37 0 L 27
38 0 L -1
39 0 L 5
40 1 U 37
41 1 L 5
42 1 L 15
43
0 0 L -1
1 0 U -1
2 0 U 0
3 0 U -1
4 1 U 3
5 0 L -1
6 1 L 1
7 0 U 4
8 1 U 7
9 1 L 1
10 1 U 7
11 0 U 1
12 1 L -1
13 1 U 0
14 1 L 1
15 0 L -1
16 1 L 6
17 0 U -1
18 1 L 3
19 0 L 0
20 0 U -1
21 1 U 9
22 0 U 4
23 0 L 14
24 0 U 3
25 1 U 6
26 0 U 2
27 0 U 22
28 0 U 27
29 1 U 13
30 0 U 5
31 1 L 14
32 0 L 21
33 0 U 24
34 0 L 5
35 0 L 20
36 0 U -1
37 0 L 27
38 0 L -1
39 0 L 5
40 1 U 37
41 1 L 5
42 1 L 38
43
0 0 U -1
1 0 U -1
2 0 U 0
3 0 U -1
4 1 U 3
5 0 L -1
6 1 L 1
7 0 U 4
8 1 U 7
9 1 L 1
10 1 U 7
11 0 U 4
12 1 L -1
13 1 U 0
14 1 L 1
15 0 L -1
16 1 L 6
17 0 U -1
18 1 L 3
19 0 L 5
20 1 U -1
21 1 U 15
22 0 U 0
23 0 L 14
24 0 U 3
25 1 U 10
26 0 U 2
27 0 U 22
28 0 U 27
29 1 U 7
30 0 U 5
31 1 L 2
32 0 L 21
33 0 U 24
34 0 L 5
35 0 L 26
36 0 U -1
37 0 L 27
38 0 L -1
39 0 L 15
40 1 U 37
41 1 L 15
42 1 L 5
43
0 0 L -1
1 0 U -1
2 0 U 0
3 0 U -1
4 1 U 3
5 0 L -1
6 1 L 1
7 0 U 4
8 1 U 7
9 1 L 1
10 1 U 7
11 0 U 0
12 1 L -1
13 1 U 4
14 1 L 1
15 0 L -1
16 1 L 6
17 0 U -1
18 1 L 3
19 0 L 5
20 1 U -1
21 1 U 15
22 0 U 0
23 0 L 14
24 0 U 20
25 1 U 10
26 0 U 2
27 0 U 22
28 0 U 27
29 1 U 7
30 0 U 5
31 1 L 2
32 0 L 11
33 0 U 17
34 0 L 15
35 0 L 32
36 0 U -1
37 0 L 27
38 0 L -1
39 0 L 15
40 1 U 37
41 1 L 15
42 1 L 5
43
0 0 U -1
1 0 U -1
2 0 U 0
3 0 U -1
4 1 U 3
5 0 L -1
6 1 L 1
7 0 U 4
8 1 U 7
9 1 L 1
10 1 U 7
11 0 U 0
12 1 L -1
13 1 U 0
14 1 L 1
15 0 L -1
16 1 L 6
17 0 U -1
18 1 L 3
19 0 L 0
20 1 U -1
21 1 U 10
22 0 U 0
23 0 L 14
24 0 U 3
25 1 U 6
26 0 U 2
27 0 U 22
28 0 U 27
29 1 U 7
30 0 U 5
31 1 L 2
32 0 L 11
33 0 U 17
34 0 L 15
35 0 L 26
36 0 U -1
37 0 L 27
38 0 L -1
39 0 L 15
40 1 U 37
41 1 L 5
42 1 L 12
43
0 0 U -1
1 0 U -1
2 0 U 0
3 0 U -1
4 1 U 3
5 0 L -1
6 1 L 1
7 0 U 4
8 1 U 7
9 1 L 1
10 1 U 7
11 0 U 4
12 1 L -1
13 1 U 4
14 1 L 1
15 0 L -1
16 1 L 6
17 0 U -1
18 1 L 3
19 0 L 0
20 1 U -1
21 1 U 9
22 0 U 0
23 0 L 14
24 0 U 3
25 1 U 6
26 0 U 22
27 0 U 22
28 0 U 27
29 1 U 7
30 0 U 5
31 1 L 2
32 0 L 21
33 1 U 20
34 0 L 15
35 0 L 32
36 0 U -1
37 0 L 27
38 0 L -1
39 0 L 5
40 1 U 37
41 0 L 15
42 1 L 15
43
0 0 L -1
1 0 U -1
2 0 U 0
3 0 U -1
4 1 U 3
5 0 L -1
6 1 L 1
7 0 U 4
8 1 U 7
9 1 L 1
10 1 U 7
11 0 U 4
12 1 L -1
13 1 U 4
14 1 L 1
15 0 L -1
16 1 L 6
17 0 U -1
18 1 L 3
19 0 L 5
20 1 U -1
21 1 U 6
22 0 U 0
23 0 L 14
24 0 U 20
25 1 U 6
26 0 U 22
27 0 U 2
28 0 U 27
29 1 U 7
30 0 U 5
31 1 L 14
32 0 L 11
33 0 U 17
34 0 L 15
35 0 L 25
36 0 U -1
37 0 L 27
38 0 L -1
39 0 L 5
40 1 U 37
41 1 L 15
42 1 L 38
43
0 0 U -1
1 0 U -1
2 0 U 0
3 0 U -1
4 1 U 3
5 0 L -1
6 1 L 1
7 0 U 4
8 1 U 7
9 1 L 1
10 1 U 7
11 0 U 0
12 1 L -1
13 1 U 0
14 1 L 1
15 0 L -1
16 1 L 6
17 0 U -1
18 1 L 3
19 0 L 0
20 1 U -1
21 1 U 15
22 0 U 4
23 0 L 14
24 0 U 20
25 1 U 6
26 0 U 2
27 0 U 2
28 0 U 27
29 1 U 7
30 0 U 5
31 1 L 2
32 0 L 21
33 0 U 24
34 0 L 15
35 0 L 25
36 0 U -1
37 0 L 27
38 0 L -1
39 0 L 5
40 1 U 37
41 0 L 5
42 1 L 5
43
0 0 L -1
1 0 U -1
2 0 U 0
3 0 U -1
4 1 U 3
5 0 L -1
6 1 L 1
7 0 U 4
8 1 U 7
9 1 L 1
10 1 U 7
11 0 U 4
12 1 L -1
13 1 U 0
14 1 L 1
15 0 L -1
16 1 L 6
17 0 U -1
18 1 L 3
19 0 L 0
20 1 U -1
21 1 U 10
22 0 U 4
23 0 L 14
24 0 U 20
25 1 U 10
26 0 U 22
27 0 U 2
28 0 U 27
29 1 U 7
30 0 U 5
31 1 L 14
32 0 L 21
33 0 U 3
34 0 L 15
35 0 L 26
36 0 U -1
37 0 L 27
38 0 L -1
39 0 L 0
40 1 U 37
41 1 L 15
42 1 L 5
43
0 0 L -1
1 0 U -1
2 0 U 0
3 0 U -1
4 1 U 3
5 0 L -1
6 1 L 1
7 0 U 4
8 1 U 7
9 1 L 1
10 1 U 7
11 0 U 1
12 1 L -1
13 1 U 0
14 1 L 1
15 0 L -1
16 1 L 6
17 0 U -1
18 1 L 3
19 0 L 0
20 1 U -1
21 1 U 6
22 0 U 0
23 0 L 14
24 0 U 20
25 1 U 6
26 0 U 22
27 0 U 22
28 0 U 27
29 1 U 13
30 0 U 5
31 1 L 14
32 0 L 21
33 1 U 3
34 0 L 5
35 0 L 26
36 0 U -1
37 0 L 27
38 0 L -1
39 0 L 5
40 1 U 37
41 0 L 15
42 1 L 12
43
0 0 U -1
1 0 U -1
2 0 U 0
3 0 U -1
4 1 U 3
5 0 L -1
6 1 L 1
7 0 U 4
8 1 U 7
9 1 L 1
10 1 U 7
11 0 U 4
12 1 L -1
13 1 U 4
14 1 L 1
15 1 L -1
16 1 L 6
17 0 U -1
18 1 L 3
19 0 L 0
20 1 U -1
21 1 U 15
22 0 U 4
23 0 L 14
24 0 U 20
25 1 U 10
26 0 U 22
27 0 U 2
28 0 U 27
29 1 U 7
30 0 U 5
31 1 L 14
32 0 L 11
33 0 U 24
34 0 L 15
35 0 L 25
36 0 U -1
37 0 L 27
38 0 L -1
39 0 L 0
40 1 U 37
41 1 L 15
42 1 L 5
43
0 0 L -1
1 0 U -1
2 0 U 0
3 0 U -1
4 1 U 3
5 0 L -1
6 1 L 1
7 0 U 4
8 1 U 7
9 1 L 1
10 1 U 7
11 0 U 1
12 1 L -1
13 1 U 0
14 1 L 1
15 0 L -1
16 1 L 6
17 0 U -1
18 1 L 3
19 0 L 5
20 1 U -1
21 1 U 10
22 0 U 0
23 0 L 14
24 0 U 3
25 1 U 6
26 0 U 2
27 0 U 22
28 0 U 27
29 1 U 7
30 0 U 5
31 1 L 14
32 0 L 11
33 0 U 17
34 0 L 15
35 0 L 25
36 0 U -1
37 0 L 27
38 0 L -1
39 0 L 0
40 1 U 37
41 0 L 5
42 1 L 15
43
0 0 L -1
1 0 U -1
2 0 U 0
3 0 U -1
4 1 U 3
5 0 L -1
6 1 L 1
7 0 U 4
8 1 U 7
9 1 L 1
10 1 U 7
11 0 U 1
12 1 L -1
13 1 U 0
14 1 L 1
15 0 L -1
16 1 L 6
17 0 U -1
18 1 L 3
19 0 L 0
20 1 U -1
21 1 U 10
22 0 U 0
23 0 L 14
24 0 U 20
25 1 U 10
26 0 U 22
27 0 U 22
28 0 U 27
29 1 U 13
30 0 U 5
31 1 L 2
32 0 L 11
33 1 U 20
34 0 L 15
35 0 L 26
36 0 U -1
37 0 L 27
38 0 L -1
39 0 L 0
40 1 U 37
41 0 L 5
42 1 L 5
43
0 0 L -1
1 0 U -1
2 0 U 0
3 0 U -1
4 1 U 3
5 0 L -1
6 1 L 1
7 0 U 4
8 1 U 7
9 1 L 1
10 1 U 7
11 0 U 0
12 1 L -1
13 1 U 0
14 1 L 1
15 0 L -1
16 1 L 6
17 0 U -1
18 1 L 3
19 0 L 0
20 0 U -1
21 1 U 10
22 0 U 4
23 0 L 14
24 0 U 3
25 1 U 10
26 0 U 2
27 0 U 2
28 0 U 27
29 1 U 13
30 0 U 5
31 1 L 14
32 0 L 11
33 0 U 24
34 0 L 15
35 0 L 25
36 0 U -1
37 0 L 27
38 0 L -1
39 0 L 0
40 1 U 37
41 1 L 5
42 1 L 5
43
0 0 U -1
1 0 U -1
2 0 U 0
3 0 U -1
4 1 U 3
5 0 L -1
6 1 L 1
7 0 U 4
8 1 U 7
9 1 L 1
10 1 U 7
11 0 U 1
12 1 L -1
13 1 U 0
14 1 L 1
15 0 L -1
16 1 L 6
17 0 U -1
18 1 L 3
19 0 L 5
20 0 U -1
21 1 U 9
22 0 U 0
23 0 L 14
24 0 U 3
25 1 U 10
26 0 U 22
27 0 U 2
28 0 U 27
29 1 U 13
30 0 U 5
31 1 L 14
32 0 L 21
33 0 U 24
34 0 L 5
35 0 L 26
36 0 U -1
37 0 L 27
38 0 L -1
39 0 L 0
40 1 U 37
41 1 L 5
42 1 L 5
43
0 0 L -1
1 0 U -1
2 0 U 0
3 0 U -1
4 1 U 3
5 0 L -1
6 1 L 1
7 0 U 4
8 1 U 7
9 1 L 1
10 1 U 7
11 0 U 1
12 1 L -1
13 1 U 0
14 1 L 1
15 0 L -1
16 1 L 6
17 0 U -1
18 1 L 3
19 0 L 0
20 1 U -1
21 1 U 9
22 0 U 4
23 0 L 14
24 0 U 3
25 1 U 6
26 0 U 2
27 0 U 22
28 0 U 27
29 1 U 13
30 0 U 5
31 1 L 2
32 0 L 21
33 1 U 20
34 0 L 5
35 0 L 26
36 0 U -1
37 0 L 27
38 0 L -1
39 0 L 15
40 1 U 37
41 0 L 15
42 1 L 12
43
0 0 L -1
1 0 U -1
2 0 U 0
3 0 U -1
4 1 U 3
5 0 L -1
6 1 L 1
7 0 U 4
8 1 U 7
9 1 L 1
10 1 U 7
11 0 U 0
12 1 L -1
13 1 U 0
14 1 L 1
15 0 L -1
16 1 L 6
17 0 U -1
18 1 L 3
19 0 L 0
20 0 U -1
21 1 U 10
22 0 U 0
23 0 L 14
24 0 U 20
25 1 U 6
26 0 U 22
27 0 U 2
28 0 U 27
29 1 U 7
30 0 U 5
31 1 L 2
32 0 L 21
33 0 U 20
34 0 L 5
35 0 L 32
36 0 U -1
37 0 L 27
38 0 L -1
39 0 L 0
40 1 U 37
41 0 L 5
42 1 L 15
43
0 0 L -1
1 0 U -1
2 0 U 0
3 0 U -1
4 1 U 3
5 0 L -1
6 1 L 1
7 0 U 4
8 1 U 7
9 1 L 1
10 1 U 7
11 0 U 4
12 1 L -1
13 1 U 0
14 1 L 1
15 0 L -1
16 1 L 6
17 0 U -1
18 1 L 3
19 0 L 0
20 0 U -1
21 1 U 15
22 0 U 4
23 0 L 14
24 0 U 20
25 1 U 6
26 0 U 2
27 0 U 22
28 0 U 27
29 1 U 7
30 0 U 5
31 1 L 14
32 0 L 21
33 0 U 20
34 0 L 5
35 0 L 25
36 0 U -1
37 0 L 27
38 0 L -1
39 0 L 5
40 1 U 37
41 0 L 5
42 1 L 15
43
0 0 U -1
1 0 U -1
2 0 U 0
3 0 U -1
4 1 U 3
5 0 L -1
6 1 L 1
7 0 U 4
8 1 U 7
9 1 L 1
10 1 U 7
11 0 U 1
12 1 L -1
13 1 U 0
14 1 L 1
15 0 L -1
16 1 L 6
17 0 U -1
18 1 L 3
19 0 L 5
20 1 U -1
21 1 U 10
22 0 U 0
23 0 L 14
24 0 U 20
25 1 U 6
26 0 U 2
27 0 U 22
28 0 U 27
29 1 U 7
30 0 U 5
31 1 L 14
32 0 L 21
33 1 U 3
34 0 L 5
35 0 L 32
36 0 U -1
37 0 L 27
38 0 L -1
39 0 L 5
40 1 U 37
41 0 L 5
42 1 L 12
43
0 0 U -1
1 0 U -1
2 0 U 0
3 0 U -1
4 1 U 3
5 0 L -1
6 1 L 1
7 0 U 4
8 1 U 7
9 1 L 1
10 1 U 7
11 0 U 4
12 1 L -1
13 1 U 4
14 1 L 1
15 0 L -1
16 1 L 6
17 0 U -1
18 1 L 3
19 0 L 5
20 1 U -1
21 1 U 6
22 0 U 0
23 0 L 14
24 0 U 20
25 1 U 6
26 0 U 22
27 0 U 2
28 0 U 27
29 1 U 7
30 0 U 5
31 1 L 14
32 0 L 21
33 0 U 3
34 0 L 5
35 0 L 32
36 0 U -1
37 0 L 27
38 0 L -1
39 0 L 0
40 1 U 37
41 0 L 5
42 1 L 12
43
0 0 L -1
1 0 U -1
2 0 U 0
3 0 U -1
4 1 U 3
5 0 L -1
6 1 L 1
7 0 U 4
8 1 U 7
9 1 L 1
10 1 U 7
11 0 U 0
12 1 L -1
13 1 U 4
14 1 L 1
15 0 L -1
16 1 L 6
17 0 U -1
18 1 L 3
19 0 L 0
20 1 U -1
21 1 U 15
22 0 U 4
23 0 L 14
24 0 U 20
25 1 U 10
26 0 U 22
27 0 U 22
28 0 U 27
29 1 U 7
30 0 U 5
31 1 L 14
32 0 L 21
33 0 U 24
34 0 L 15
35 0 L 25
36 0 U -1
37 0 L 27
38 0 L -1
39 0 L 5
40 1 U 37
41 1 L 5
42 1 L 5
43
0 0 U -1
1 0 U -1
2 0 U 0
3 0 U -1
4 1 U 3
5 0 L -1
6 1 L 1
7 0 U 4
8 1 U 7
9 1 L 1
10 1 U 7
11 0 U 1
12 1 L -1
13 1 U 4
14 1 L 1
15 0 L -1
16 1 L 6
17 0 U -1
18 1 L 3
19 0 L 0
20 1 U -1
21 1 U 9
22 0 U 0
23 0 L 14
24 0 U 20
25 1 U 6
26 0 U 22
27 0 U 22
28 0 U 27
29 1 U 7
30 0 U 5
31 1 L 2
32 0 L 21
33 1 U 3
34 0 L 15
35 0 L 25
36 0 U -1
37 0 L 27
38 0 L -1
39 0 L 15
40 1 U 37
41 0 L 15
42 1 L 12
43
0 0 L -1
1 0 U -1
2 0 U 0
3 0 U -1
4 1 U 3
5 0 L -1
6 1 L 1
7 0 U 4
8 1 U 7
9 1 L 1
10 1 U 7
11 0 U 0
12 1 L -1
13 1 U 0
14 1 L 1
15 1 L -1
16 1 L 6
17 0 U -1
18 1 L 3
19 0 L 0
20 0 U -1
21 1 U 10
22 0 U 0
23 0 L 14
24 0 U 3
25 1 U 10
26 0 U 2
27 0 U 22
28 0 U 27
29 1 U 13
30 0 U 5
31 1 L 14
32 0 L 21
33 0 U 24
34 0 L 15
35 0 L 26
36 0 U -1
37 0 L 27
38 0 L -1
39 0 L 0
40 1 U 37
41 0 L 15
42 1 L 12
43
0 0 U -1
1 0 U -1
2 0 U 0
3 0 U -1
4 1 U 3
5 0 L -1
6 1 L 1
7 0 U 4
8 1 U 7
9 1 L 1
10 1 U 7
11 0 U 0
12 1 L -1
13 1 U 0
14 1 L 1
15 1 L -1
16 1 L 6
17 0 U -1
18 1 L 3
19 0 L 0
20 1 U -1
21 1 U 6
22 0 U 0
23 0 L 14
24 0 U 3
25 1 U 6
26 0 U 22
27 0 U 22
28 0 U 27
29 1 U 7
30 0 U 5
31 1 L 2
32 0 L 21
33 0 U 17
34 0 L 15
35 0 L 26
36 0 U -1
37 0 L 27
38 0 L -1
39 0 L 0
40 1 U 37
41 1 L 15
42 1 L 12
43
0 0 U -1
1 0 U -1
2 0 U 0
3 0 U -1
4 1 U 3
5 0 L -1
6 1 L 1
7 0 U 4
8 1 U 7
9 1 L 1
10 1 U 7
11 0 U 4
12 1 L -1
13 1 U 0
14 1 L 1
15 0 L -1
16 1 L 6
17 0 U -1
18 1 L 3
19 0 L 0
20 1 U -1
21 1 U 10
22 0 U 4
23 0 L 14
24 0 U 3
25 1 U 6
26 0 U 2
27 0 U 22
28 0 U 27
29 1 U 13
30 0 U 5
31 1 L 2
32 0 L 21
33 1 U 20
34 0 L 15
35 0 L 32
36 0 U -1
37 0 L 27
38 0 L -1
39 0 L 0
40 1 U 37
41 0 L 15
42 1 L 5
43
0 0 L -1
1 0 U -1
2 0 U 0
3 0 U -1
4 1 U 3
5 0 L -1
6 1 L 1
7 0 U 4
8 1 U 7
9 1 L 1
10 1 U 7
11 0 U 0
12 1 L -1
13 1 U 0
14 1 L 1
15 1 L -1
16 1 L 6
17 0 U -1
18 1 L 3
19 0 L 0
20 0 U -1
21 1 U 10
22 0 U 0
23 0 L 14
24 0 U 20
25 1 U 6
26 0 U 22
27 0 U 22
28 0 U 27
29 1 U 13
30 0 U 5
31 1 L 2
32 0 L 21
33 0 U 20
34 0 L 15
35 0 L 25
36 0 U -1
37 0 L 27
38 0 L -1
39 0 L 15
40 1 U 37
41 0 L 15
42 1 L 38
43
0 0 L -1
1 0 U -1
2 0 U 0
3 0 U -1
4 1 U 3
5 0 L -1
6 1 L 1
7 0 U 4
8 1 U 7
9 1 L 1
10 1 U 7
11 0 U 4
12 1 L -1
13 1 U 0
14 1 L 1
15 0 L -1
16 1 L 6
17 0 U -1
18 1 L 3
19 0 L 0
20 1 U -1
21 1 U 10
22 0 U 4
23 0 L 14
24 0 U 20
25 1 U 6
26 0 U 22
27 0 U 22
28 0 U 27
29 1 U 7
30 0 U 5
31 1 L 2
32 0 L 21
33 0 U 24
34 0 L 15
35 0 L 25
36 0 U -1
37 0 L 27
38 0 L -1
39 0 L 0
40 1 U 37
41 1 L 15
42 1 L 38
43
0 0 U -1
1 0 U -1
2 0 U 0
3 0 U -1
4 1 U 3
5 0 L -1
6 1 L 1
7 0 U 4
8 1 U 7
9 1 L 1
10 1 U 7
11 0 U 4
12 1 L -1
13 1 U 4
14 1 L 1
15 1 L -1
16 1 L 6
17 0 U -1
18 1 L 3
19 0 L 0
20 1 U -1
21 1 U 10
22 0 U 0
23 0 L 14
24 0 U 3
25 1 U 6
26 0 U 2
27 0 U 2
28 0 U 27
29 1 U 7
30 0 U 5
31 1 L 2
32 0 L 21
33 0 U 24
34 0 L 15
35 0 L 26
36 0 U -1
37 0 L 27
38 0 L -1
39 0 L 15
40 1 U 37
41 0 L 15
42 1 L 15
43
0 0 L -1
1 0 U -1
2 0 U 0
3 0 U -1
4 1 U 3
5 0 L -1
6 1 L 1
7 0 U 4
8 1 U 7
9 1 L 1
10 1 U 7
11 0 U 0
12 1 L -1
13 1 U 0
14 1 L 1
15 0 L -1
16 1 L 6
17 0 U -1
18 1 L 3
19 0 L 0
20 1 U -1
21 1 U 10
22 0 U 4
23 0 L 14
24 0 U 3
25 1 U 6
26 0 U 22
27 0 U 22
28 0 U 27
29 1 U 7
30 0 U 5
31 1 L 14
32 0 L 11
33 0 U 17
34 0 L 5
35 0 L 32
36 0 U -1
37 0 L 27
38 0 L -1
39 0 L 5
40 1 U 37
41 0 L 5
42 1 L 15
43
0 0 L -1
1 0 U -1
2 0 U 0
3 0 U -1
4 1 U 3
5 0 L -1
6 1 L 1
7 0 U 4
8 1 U 7
9 1 L 1
10 1 U 7
11 0 U 0
12 1 L -1
13 1 U 0
14 1 L 1
15 0 L -1
16 1 L 6
17 0 U -1
18 1 L 3
19 0 L 0
20 0 U -1
21 1 U 6
22 0 U 0
23 0 L 14
24 0 U 20
25 1 U 6
26 0 U 22
27 0 U 2
28 0 U 27
29 1 U 7
30 0 U 5
31 1 L 2
32 0 L 11
33 0 U 3
34 0 L 5
35 0 L 32
36 0 U -1
37 0 L 27
38 0 L -1
39 0 L 5
40 1 U 37
41 1 L 15
42 1 L 15
43
0 0 L -1
1 0 U -1
2 0 U 0
3 0 U -1
4 1 U 3
5 0 L -1
6 1 L 1
7 0 U 4
8 1 U 7
9 1 L 1
10 1 U 7
11 0 U 4
12 1 L -1
13 1 U 0
14 1 L 1
15 0 L -1
16 1 L 6
17 0 U -1
18 1 L 3
19 0 L 0
20 1 U -1
21 1 U 6
22 0 U 0
23 0 L 14
24 0 U 20
25 1 U 6
26 0 U 2
27 0 U 22
28 0 U 27
29 1 U 7
30 0 U 5
31 1 L 14
32 0 L 11
33 1 U 20
34 0 L 15
35 0 L 25
36 0 U -1
37 0 L 27
38 0 L -1
39 0 L 0
40 1 U 37
41 1 L 5
42 1 L 15
43
0 0 U -1
1 0 U -1
2 0 U 0
3 0 U -1
4 1 U 3
5 0 L -1
6 1 L 1
7 0 U 4
8 1 U 7
9 1 L 1
10 1 U 7
11 0 U 0
12 1 L -1
13 1 U 0
14 1 L 1
15 0 L -1
16 1 L 6
17 0 U -1
18 1 L 3
19 0 L 0
20 1 U -1
21 1 U 6
22 0 U 17
23 0 L 14
24 0 U 20
25 1 U 10
26 0 U 2
27 0 U 22
28 0 U 27
29 1 U 13
30 0 U 5
31 1 L 14
32 0 L 11
33 0 U 17
34 0 L 15
35 0 L 26
36 0 U -1
37 0 L 27
38 0 L -1
39 0 L 0
40 1 U 37
41 0 L 5
42 1 L 15
43
0 0 U -1
1 0 U -1
2 0 U 0
3 0 U -1
4 1 U 3
5 0 L -1
6 1 L 1
7 0 U 4
8 1 U 7
9 1 L 1
10 1 U 7
11 0 U 4
12 1 L -1
13 1 U 0
14 1 L 1
15 0 L -1
16 1 L 6
17 0 U -1
18 1 L 3
19 0 L 0
20 1 U -1
21 1 U 9
22 0 U 17
23 0 L 14
24 0 U 20
25 1 U 6
26 0 U 2
27 0 U 22
28 0 U 27
29 1 U 13
30 0 U 5
31 1 L 14
32 0 L 11
33 0 U 17
34 0 L 15
35 0 L 25
36 0 U -1
37 0 L 27
38 0 L -1
39 0 L 5
40 1 U 37
41 1 L 5
42 1 L 15
43
0 0 L -1
1 0 U -1
2 0 U 0
3 0 U -1
4 1 U 3
5 0 L -1
6 1 L 1
7 0 U 4
8 1 U 7
9 1 L 1
10 1 U 7
11 0 U 4
12 1 L -1
13 1 U 0
14 1 L 1
15 0 L -1
16 1 L 6
17 0 U -1
18 1 L 3
19 0 L 5
20 1 U -1
21 1 U 6
22 0 U 0
23 0 L 14
24 0 U 3
25 1 U 6
26 0 U 22
27 0 U 2
28 0 U 27
29 1 U 13
30 0 U 5
31 1 L 14
32 0 L 11
33 0 U 20
34 0 L 5
35 0 L 25
36 0 U -1
37 0 L 27
38 0 L -1
39 0 L 15
40 1 U 37
41 1 L 5
42 1 L 12
43
0 0 L -1
1 0 U -1
2 0 U 0
3 0 U -1
4 1 U 3
5 0 L -1
6 1 L 1
7 0 U 4
8 1 U 7
9 1 L 1
10 1 U 7
11 0 U 4
12 1 L -1
13 1 U 0
14 1 L 1
15 1 L -1
16 1 L 6
17 0 U -1
18 1 L 3
19 0 L 15
20 1 U -1
21 1 U 6
22 0 U 0
23 0 L 14
24 0 U 3
25 1 U 10
26 0 U 22
27 0 U 22
28 0 U 27
29 1 U 7
30 0 U 5
31 1 L 2
32 0 L 21
33 0 U 3
34 0 L 15
35 0 L 26
36 0 U -1
37 0 L 27
38 0 L -1
39 0 L 15
40 1 U 37
41 1 L 15
42 1 L 15
43
0 0 U -1
1 0 U -1
2 0 U 0
3 0 U -1
4 1 U 3
5 0 L -1
6 1 L 1
7 0 U 4
8 1 U 7
9 1 L 1
10 1 U 7
11 0 U 1
12 1 L -1
13 1 U 0
14 1 L 1
15 1 L -1
16 1 L 6
17 0 U -1
18 1 L 3
19 0 L 15
20 1 U -1
21 1 U 10
22 0 U 4
23 0 L 14
24 0 U 20
25 1 U 6
26 0 U 2
27 0 U 22
28 0 U 27
29 1 U 13
30 0 U 5
31 1 L 2
32 0 L 11
33 0 U 3
34 0 L 15
35 0 L 25
36 0 U -1
37 0 L 27
38 0 L -1
39 0 L 0
40 1 U 37
41 1 L 15
42 1 L 5
43
0 0 U -1
1 0 U -1
2 0 U 0
3 0 U -1
4 1 U 3
5 0 L -1
6 1 L 1
7 0 U 4
8 1 U 7
9 1 L 1
10 1 U 7
11 0 U 0
12 1 L -1
13 1 U 0
14 1 L 1
15 1 L -1
16 1 L 6
17 0 U -1
18 1 L 3
19 0 L 0
20 1 U -1
21 1 U 6
22 0 U 0
23 0 L 14
24 0 U 3
25 1 U 10
26 0 U 2
27 0 U 22
28 0 U 27
29 1 U 13
30 0 U 5
31 1 L 14
32 0 L 11
33 1 U 3
34 0 L 15
35 0 L 25
36 0 U -1
37 0 L 27
38 0 L -1
39 0 L 0
40 1 U 37
41 1 L 15
42 1 L 5
43
0 0 L -1
1 0 U -1
2 0 U 0
3 0 U -1
4 1 U 3
5 0 L -1
6 1 L 1
7 0 U 4
8 1 U 7
9 1 L 1
10 1 U 7
11 0 U 1
12 1 L -1
13 1 U 4
14 1 L 1
15 0 L -1
16 1 L 6
17 0 U -1
18 1 L 3
19 0 L 5
20 1 U -1
21 1 U 10
22 0 U 4
23 0 L 14
24 0 U 3
25 1 U 10
26 0 U 2
27 0 U 2
28 0 U 27
29 1 U 7
30 0 U 5
31 1 L 2
32 0 L 11
33 0 U 20
34 0 L 15
35 0 L 25
36 0 U -1
37 0 L 27
38 0 L -1
39 0 L 15
40 1 U 37
41 1 L 15
42 1 L 38
43
0 0 U -1
1 0 U -1
2 0 U 0
3 0 U -1
4 1 U 3
5 0 L -1
6 1 L 1
7 0 U 4
8 1 U 7
9 1 L 1
10 1 U 7
11 0 U 4
12 1 L -1
13 1 U 4
14 1 L 1
15 1 L -1
16 1 L 6
17 0 U -1
18 1 L 3
19 0 L 15
20 0 U -1
21 1 U 15
22 0 U 0
23 0 L 14
24 0 U 20
25 1 U 10
26 0 U 22
27 0 U 2
28 0 U 27
29 1 U 7
30 0 U 5
31 1 L 2
32 0 L 21
33 0 U 3
34 0 L 15
35 0 L 25
36 0 U -1
37 0 L 27
38 0 L -1
39 0 L 15
40 1 U 37
41 0 L 15
42 1 L 15
43
0 0 L -1
1 0 U -1
2 0 U 0
3 0 U -1
4 1 U 3
5 0 L -1
6 1 L 1
7 0 U 4
8 1 U 7
9 1 L 1
10 1 U 7
11 0 U 1
12 1 L -1
13 1 U 0
14 1 L 1
15 1 L -1
16 1 L 6
17 0 U -1
18 1 L 3
19 0 L 0
20 1 U -1
21 1 U 10
22 0 U 0
23 0 L 14
24 0 U 3
25 1 U 10
26 0 U 2
27 0 U 22
28 0 U 27
29 1 U 13
30 0 U 5
31 1 L 2
32 0 L 11
33 1 U 20
34 0 L 15
35 0 L 25
36 0 U -1
37 0 L 27
38 0 L -1
39 0 L 15
40 1 U 37
41 1 L 15
42 1 L 5
43
0 0 U -1
1 0 U -1
2 0 U 0
3 0 U -1
4 1 U 3
5 0 L -1
6 1 L 1
7 0 U 4
8 1 U 7
9 1 L 1
10 1 U 7
11 0 U 4
12 1 L -1
13 1 U 0
14 1 L 1
15 0 L -1
16 1 L 6
17 0 U -1
18 1 L 3
19 0 L 5
20 1 U -1
21 1 U 10
22 0 U 17
23 0 L 14
24 0 U 20
25 1 U 6
26 0 U 2
27 0 U 22
28 0 U 27
29 1 U 13
30 0 U 5
31 1 L 2
32 0 L 11
33 1 U 3
34 0 L 5
35 0 U 25
36 0 U -1
37 0 L 27
38 0 L -1
39 0 L 5
40 1 U 37
41 0 L 5
42 1 L 38
43
0 0 U -1
1 0 U -1
2 0 U 0
3 0 U -1
4 1 U 3
5 0 L -1
6 1 L 1
7 0 U 4
8 1 U 7
9 1 L 1
10 1 U 7
11 0 U 4
12 1 L -1
13 1 U 0
14 1 L 1
15 0 L -1
16 1 L 6
17 0 U -1
18 1 L 3
19 0 L 0
20 1 U -1
21 1 U 10
22 0 U 4
23 0 L 14
24 0 U 20
25 1 U 10
26 0 U 22
27 0 U 22
28 0 U 27
29 1 U 13
30 0 U 5
31 1 L 2
32 0 L 11
33 0 U 24
34 0 L 15
35 0 L 26
36 0 U -1
37 0 L 27
38 0 L -1
39 0 L 5
40 1 U 37
41 1 L 5
42 1 L 5
43
0 0 U -1
1 0 U -1
2 0 U 0
3 0 U -1
4 1 U 3
5 0 L -1
6 1 L 1
7 0 U 4
8 1 U 7
9 1 L 1
10 1 U 7
11 0 U 0
12 1 L -1
13 1 U 0
14 1 L 1
15 0 L -1
16 1 L 6
17 0 U -1
18 1 L 3
19 0 L 0
20 1 U -1
21 1 U 9
22 0 U 17
23 0 L 14
24 0 U 20
25 1 U 6
26 0 U 2
27 0 U 22
28 0 U 27
29 1 U 7
30 0 U 5
31 1 L 2
32 0 L 21
33 1 U 3
34 0 L 5
35 0 U 25
36 0 U -1
37 0 L 27
38 0 L -1
39 0 L 5
40 1 U 37
41 0 L 5
42 1 L 5
43
0 0 U -1
1 0 U -1
2 0 U 0
3 0 U -1
4 1 U 3
5 0 L -1
6 1 L 1
7 0 U 4
8 1 U 7
9 1 L 1
10 1 U 7
11 0 U 0
12 1 L -1
13 1 U 4
14 1 L 1
15 0 L -1
16 1 L 6
17 0 U -1
18 1 L 3
19 0 L 0
20 1 U -1
21 1 U 6
22 0 U 17
23 0 L 14
24 0 U 20
25 1 U 10
26 0 U 2
27 0 U 22
28 0 U 27
29 1 U 7
30 0 U 5
31 1 L 2
32 0 L 11
33 0 U 24
34 0 L 5
35 0 L 25
36 0 U -1
37 0 L 27
38 0 L -1
39 0 L 5
40 1 U 37
41 0 L 5
42 1 L 5
43
0 0 L -1
1 0 U -1
2 0 U 0
3 0 U -1
4 1 U 3
5 0 L -1
6 1 L 1
7 0 U 4
8 1 U 7
9 1 L 1
10 1 U 7
11 0 U 1
12 1 L -1
13 1 U 4
14 1 L 1
15 0 L -1
16 1 L 6
17 0 U -1
18 1 L 3
19 0 L 0
20 1 U -1
21 1 U 6
22 0 U 0
23 0 L 14
24 0 U 20
25 1 U 10
26 0 U 2
27 0 U 22
28 0 U 27
29 1 U 7
30 0 U 5
31 1 L 2
32 0 L 21
33 0 U 20
34 0 L 5
35 0 L 26
36 0 U -1
37 0 L 27
38 0 L -1
39 0 L 0
40 1 U 37
41 1 L 5
42 1 L 38
43
0 0 L -1
1 0 U -1
2 0 U 0
3 0 U -1
4 1 U 3
5 0 L -1
6 1 L 1
7 0 U 4
8 1 U 7
9 1 L 1
10 1 U 7
11 0 U 1
12 1 L -1
13 1 U 4
14 1 L 1
15 0 L -1
16 1 L 6
17 0 U -1
18 1 L 3
19 0 L 5
20 1 U -1
21 1 U 6
22 0 U 0
23 0 L 14
24 0 U 20
25 1 U 10
26 0 U 2
27 0 U 22
28 0 U 27
29 1 U 7
30 0 U 5
31 1 L 2
32 0 L 11
33 1 U 3
34 0 L 5
35 0 L 32
36 0 U -1
37 0 L 27
38 0 L -1
39 0 L 0
40 1 U 37
41 0 L 5
42 1 L 5
43
0 0 U -1
1 0 U -1
2 0 U 0
3 0 U -1
4 1 U 3
5 0 L -1
6 1 L 1
7 0 U 4
8 1 U 7
9 1 L 1
10 1 U 7
11 0 U 0
12 1 L -1
13 1 U 4
14 1 L 1
15 0 L -1
16 1 L 6
17 0 U -1
18 1 L 3
19 0 L 5
20 1 U -1
21 1 U 9
22 0 U 0
23 0 L 14
24 0 U 3
25 1 U 6
26 0 U 22
27 0 U 2
28 0 U 27
29 1 U 7
30 0 U 5
31 1 L 2
32 0 L 11
33 1 U 3
34 0 L 15
35 0 L 32
36 0 U -1
37 0 L 27
38 0 L -1
39 0 L 5
40 1 U 37
41 1 L 15
42 1 L 15
43
0 0 U -1
1 0 U -1
2 0 U 0
3 0 U -1
4 1 U 3
5 0 L -1
6 1 L 1
7 0 U 4
8 1 U 7
9 1 L 1
10 1 U 7
11 0 U 4
12 1 L -1
13 1 U 0
14 1 L 1
15 0 L -1
16 1 L 6
17 0 U -1
18 1 L 3
19 0 L 5
20 1 U -1
21 1 U 6
22 0 U 0
23 0 L 14
24 0 U 3
25 1 U 10
26 0 U 22
27 0 U 22
28 0 U 27
29 1 U 7
30 0 U 5
31 1 L 2
32 0 L 11
33 1 U 3
34 0 L 15
35 0 L 25
36 0 U -1
37 0 L 27
38 0 L -1
39 0 L 0
40 1 U 37
41 0 L 15
42 1 L 5
43
0 0 L -1
1 0 U -1
2 0 U 0
3 0 U -1
4 1 U 3
5 0 L -1
6 1 L 1
7 0 U 4
8 1 U 7
9 1 L 1
10 1 U 7
11 0 U 1
12 1 L -1
13 1 U 4
14 1 L 1
15 0 L -1
16 1 L 6
17 0 U -1
18 1 L 3
19 0 L 5
20 0 U -1
21 1 U 10
22 0 U 0
23 0 L 14
24 0 U 20
25 1 U 6
26 0 U 22
27 0 U 22
28 0 U 27
29 1 U 7
30 0 U 5
31 1 L 14
32 0 L 21
33 1 U 3
34 0 L 15
35 0 L 25
36 0 U -1
37 0 L 27
38 0 L -1
39 0 L 15
40 1 U 37
41 0 L 15
42 1 L 12
43
0 0 U -1
1 0 U -1
2 0 U 0
3 0 U -1
4 1 U 3
5 0 L -1
6 1 L 1
7 0 U 4
8 1 U 7
9 1 L 1
10 1 U 7
11 0 U 0
12 1 L -1
13 1 U 0
14 1 L 1
15 0 L -1
16 1 L 6
17 0 U -1
18 1 L 3
19 0 L 5
20 1 U -1
21 1 U 6
22 0 U 0
23 0 L 14
24 0 U 20
25 1 U 6
26 0 U 2
27 0 U 22
28 0 U 27
29 1 U 7
30 0 U 5
31 1 L 14
32 0 L 11
33 1 U 20
34 0 L 15
35 0 L 26
36 0 U -1
37 0 L 27
38 0 L -1
39 0 L 15
40 1 U 37
41 1 L 15
42 1 L 38
43
0 0 U -1
1 0 U -1
2 0 U 0
3 0 U -1
4 1 U 3
5 0 L -1
6 1 L 1
7 0 U 4
8 1 U 7
9 1 L 1
10 1 U 7
11 0 U 0
12 1 L -1
13 1 U 0
14 1 L 1
15 1 L -1
16 1 L 6
17 0 U -1
18 1 L 3
19 0 L 15
20 1 U -1
21 1 U 6
22 0 U 4
23 0 L 14
24 0 U 20
25 1 U 6
26 0 U 22
27 0 U 2
28 0 U 27
29 1 U 13
30 0 U 5
31 1 L 14
32 0 L 21
33 0 U 17
34 0 L 15
35 0 L 25
36 0 U -1
37 0 L 27
38 0 L -1
39 0 L 15
40 1 U 37
41 0 L 15
42 1 L 38
43
0 0 L -1
1 0 U -1
2 0 U 0
3 0 U -1
4 1 U 3
5 0 L -1
6 1 L 1
7 0 U 4
8 1 U 7
9 1 L 1
10 1 U 7
11 0 U 0
12 1 L -1
13 1 U 4
14 1 L 1
15 1 L -1
16 1 L 6
17 0 U -1
18 1 L 3
19 0 L 15
20 1 U -1
21 1 U 6
22 0 U 0
23 0 L 14
24 0 U 3
25 1 U 10
26 0 U 2
27 0 U 22
28 0 U 27
29 1 U 7
30 0 U 5
31 1 L 2
32 0 L 11
33 1 U 20
34 0 L 15
35 0 L 25
36 0 U -1
37 0 L 27
38 0 L -1
39 0 L 15
40 1 U 37
41 0 L 15
42 1 L 38
43
0 0 U -1
1 0 U -1
2 0 U 0
3 0 U -1
4 1 U 3
5 0 L -1
6 1 L 1
7 0 U 4
8 1 U 7
9 1 L 1
10 1 U 7
11 0 U 4
12 1 L -1
13 1 U 0
14 1 L 1
15 1 L -1
16 1 L 6
17 0 U -1
18 1 L 3
19 0 L 15
20 1 U -1
21 1 U 15
22 0 U 0
23 0 L 14
24 0 U 20
25 1 U 10
26 0 U 2
27 0 U 22
28 0 U 27
29 1 U 7
30 0 U 5
31 1 L 14
32 0 L 11
33 0 U 3
34 0 L 15
35 0 L 25
36 0 U -1
37 0 L 27
38 0 L -1
39 0 L 15
40 1 U 37
41 0 L 15
42 1 L 15
43
0 0 L -1
1 0 U -1
2 0 U 0
3 0 U -1
4 1 U 3
5 0 L -1
6 1 L 1
7 0 U 4
8 1 U 7
9 1 L 1
10 1 U 7
11 0 U 0
12 1 L -1
13 1 U 4
14 1 L 1
15 0 L -1
16 1 L 6
17 0 U -1
18 1 L 3
19 0 L 0
20 1 U -1
21 1 U 10
22 0 U 17
23 0 L 14
24 0 U 20
25 1 U 10
26 0 U 2
27 0 U 22
28 0 U 27
29 1 U 7
30 0 U 5
31 1 L 14
32 0 L 21
33 0 U 24
34 0 L 5
35 0 L 25
36 0 U -1
37 0 L 27
38 0 L -1
39 0 L 15
40 1 U 37
41 0 L 5
42 1 L 38
43
0 0 L -1
1 0 U -1
2 0 U 0
3 0 U -1
4 1 U 3
5 0 L -1
6 1 L 1
7 0 U 4
8 1 U 7
9 1 L 1
10 1 U 7
11 0 U 0
12 1 L -1
13 1 U 4
14 1 L 1
15 0 L -1
16 1 L 6
17 0 U -1
18 1 L 3
19 0 L 5
20 1 U -1
21 1 U 6
22 0 U 4
23 0 L 14
24 0 U 3
25 1 U 10
26 0 U 22
27 0 U 2
28 0 U 27
29 1 U 7
30 0 U 5
31 1 L 14
32 0 L 11
33 1 U 20
34 0 L 5
35 0 L 26
36 0 U -1
37 0 L 27
38 0 L -1
39 0 L 15
40 1 U 37
41 0 L 15
42 1 L 15
43
0 0 U -1
1 0 U -1
2 0 U 0
3 0 U -1
4 1 U 3
5 0 L -1
6 1 L 1
7 0 U 4
8 1 U 7
9 1 L 1
10 1 U 7
11 0 U 4
12 1 L -1
13 1 U 0
14 1 L 1
15 0 L -1
16 1 L 6
17 0 U -1
18 1 L 3
19 0 L 5
20 1 U -1
21 1 U 15
22 0 U 4
23 0 L 14
24 0 U 3
25 1 U 10
26 0 U 22
27 0 U 22
28 0 U 27
29 1 U 13
30 0 U 5
31 1 L 2
32 0 L 11
33 0 U 3
34 0 L 15
35 0 L 26
36 0 U -1
37 0 L 27
38 0 L -1
39 0 L 5
40 1 U 37
41 1 L 5
42 1 L 12
43
0 0 L -1
1 0 U -1
2 0 U 0
3 0 U -1
4 1 U 3
5 0 L -1
6 1 L 1
7 0 U 4
8 1 U 7
9 1 L 1
10 1 U 7
11 0 U 0
12 1 L -1
13 1 U 0
14 1 L 1
15 0 L -1
16 1 L 6
17 0 U -1
18 1 L 3
19 0 L 5
20 1 U -1
21 1 U 9
22 0 U 4
23 0 L 14
24 0 U 20
25 1 U 10
26 0 U 2
27 0 U 22
28 0 U 27
29 1 U 13
30 0 U 5
31 1 L 2
32 0 L 11
33 0 U 17
34 0 L 15
35 0 L 25
36 0 U -1
37 0 L 27
38 0 L -1
39 0 L 0
40 1 U 37
41 0 L 5
42 1 L 38
43
0 0 L -1
1 0 U -1
2 0 U 0
3 0 U -1
4 1 U 3
5 0 L -1
6 1 L 1
7 0 U 4
8 1 U 7
9 1 L 1
10 1 U 7
11 0 U 4
12 1 L -1
13 1 U 0
14 1 L 1
15 1 L -1
16 1 L 6
17 0 U -1
18 1 L 3
19 0 L 15
20 0 U -1
21 1 U 9
22 0 U 0
23 0 L 14
24 0 U 20
25 1 U 10
26 0 U 2
27 0 U 2
28 0 U 27
29 1 U 13
30 0 U 5
31 1 L 2
32 0 L 11
33 0 U 17
34 0 L 15
35 0 L 25
36 0 U -1
37 0 L 27
38 0 L -1
39 0 L 0
40 1 U 37
41 1 L 15
42 1 L 38
43
0 0 L -1
1 0 U -1
2 0 U 0
3 0 U -1
4 1 U 3
5 0 L -1
6 1 L 1
7 0 U 4
8 1 U 7
9 1 L 1
10 1 U 7
11 0 U 0
12 1 L -1
13 1 U 0
14 1 L 1
15 0 L -1
16 1 L 6
17 0 U -1
18 1 L 3
19 0 L 0
20 1 U -1
21 1 U 9
22 0 U 17
23 0 L 14
24 0 U 20
25 1 U 6
26 0 U 2
27 0 U 2
28 0 U 27
29 1 U 13
30 0 U 5
31 1 L 2
32 0 L 11
33 1 U 3
34 0 L 5
35 0 L 25
36 0 U -1
37 0 L 27
38 0 L -1
39 0 L 0
40 1 U 37
41 0 L 15
42 1 L 5
