49
0 0 U -1
1 0 U -1
2 0 U -1
3 0 U -1
4 0 U -1
5 0 U -1
6 0 U -1
7 0 U -1
8 0 U -1
9 0 U -1
10 0 U -1
11 0 U -1
12 0 U -1
13 0 U -1
14 0 U -1
15 0 U -1
16 0 U -1
17 0 U -1
18 0 U -1
19 0 U -1
20 0 U -1
21 0 U -1
22 0 U -1
23 0 U -1
24 0 U -1
25 0 U -1
26 0 U -1
27 0 U -1
28 0 U -1
29 0 U -1
30 0 U -1
31 0 U -1
32 0 U -1
33 0 U -1
34 0 U -1
35 0 U -1
36 0 U -1
37 0 U -1
38 0 U -1
39 0 U -1
40 0 U -1
41 0 U -1
42 0 U -1
43 0 U -1
44 0 U -1
45 0 U -1
46 0 U -1
47 0 U -1
48 0 U -1
49
0 1 U -1
1 0 U -1
2 0 U 1
3 1 U -1
4 0 U -1
5 0 U -1
6 1 L 2
7 1 U 3
8 1 U -1
9 1 U 8
10 1 L 3
11 1 L 6
12 1 L 4
13 1 L -1
14 1 L -1
15 0 U -1
16 0 L 0
17 1 L -1
18 0 U 6
19 1 U 8
20 1 U 19
21 1 L 18
22 1 U 21
23 0 U 19
24 1 U -1
25 1 U 19
26 1 U 15
27 1 L 14
28 0 L 21
29 1 U -1
30 1 U 10
31 1 U 18
32 1 U -1
33 1 U 26
34 1 L 19
35 0 L 6
36 1 U 18
37 1 L 2
38 1 U 12
39 0 L 2
40 1 L 32
41 0 L 37
42 0 L 18
43 0 L -1
44 1 U 13
45 1 L 32
46 1 L 27
47 1 U 24
48 0 L 21
49
0 1 L -1
1 0 U -1
2 0 U 1
3 1 U -1
4 0 U -1
5 1 U -1
6 1 L 2
7 0 U 5
8 1 U -1
9 1 U 8
10 1 L 6
11 0 L 10
12 0 L 7
13 1 L -1
14 1 L -1
15 0 U -1
16 1 L 0
17 1 L 10
18 1 U 2
19 1 U 8
20 0 U 10
21 1 L 17
22 1 L 9
23 1 U 6
24 1 U -1
25 0 U 4
26 1 U 15
27 1 L 14
28 1 L 27
29 1 U -1
30 0 U 23
31 0 U 14
32 1 U -1
33 1 U 26
34 1 U 16
35 1 L 6
36 0 L 2
37 1 L 6
38 1 U 35
39 0 L 27
40 0 L 11
41 1 L 22
42 0 U 23
43 0 L -1
44 0 U 27
45 1 U 32
46 0 L 24
47 1 U -1
48 1 L 21
49
0 1 L -1
1 0 U -1
2 0 U 1
3 1 U -1
4 0 U -1
5 1 U -1
6 1 L 2
7 0 U 5
8 0 U -1
9 1 U 3
10 1 L 6
11 0 L 10
12 1 L 7
13 0 L -1
14 0 L -1
15 0 U -1
16 1 L 1
17 0 L 10
18 1 U 9
19 0 U 8
20 0 U 10
21 1 L 17
22 1 L 9
23 1 U 7
24 0 U -1
25 1 U 4
26 0 U 4
27 0 L 14
28 0 L 27
29 1 U -1
30 1 U 20
31 1 U 20
32 1 U -1
33 1 U 26
34 1 U 18
35 1 L 6
36 1 L 15
37 0 L 19
38 1 U 14
39 1 L 14
40 1 L 0
41 1 L 3
42 1 U 12
43 1 L 41
44 0 U 42
45 1 U 15
46 1 L 24
47 1 U 0
48 1 L 21
49
0 1 L -1
1 0 U -1
2 0 U 1
3 1 U -1
4 0 U -1
5 1 L 4
6 1 L 2
7 0 U 5
8 1 U -1
9 0 U 8
10 0 L 6
11 1 L 10
12 1 L -1
13 0 L -1
14 1 L -1
15 0 U -1
16 1 L 13
17 1 L 4
18 1 U 2
19 0 U -1
20 1 U 10
21 0 L 17
22 1 L 21
23 1 U 18
24 0 U -1
25 1 U 15
26 0 U 4
27 0 L 14
28 0 L 27
29 1 L -1
30 0 U 27
31 1 U 22
32 1 U -1
33 0 U 26
34 1 U 16
35 1 L 6
36 1 L 18
37 1 U 7
38 1 U 35
39 1 L 14
40 1 L 0
41 0 L 40
42 1 U 37
43 1 L 41
44 0 U 34
45 0 U 24
46 1 L 36
47 0 U 15
48 1 L 43
49
0 1 L -1
1 0 U -1
2 0 U 1
3 1 U -1
4 0 U -1
5 0 L 4
6 1 L 2
7 0 U 5
8 0 U -1
9 0 U 8
10 1 L 6
11 1 L 10
12 0 L -1
13 0 L -1
14 0 L -1
15 0 U -1
16 1 L 1
17 1 L 4
18 1 U 9
19 0 U -1
20 1 U 11
21 0 L 17
22 0 L 21
23 1 U 6
24 1 U -1
25 1 U 4
26 1 U 19
27 0 L 14
28 0 L 21
29 0 L -1
30 1 U 22
31 0 U 17
32 1 U -1
33 0 U 26
34 1 U 16
35 0 L 27
36 1 L 21
37 0 U 7
38 0 U 20
39 0 L 29
40 1 L 0
41 0 L 40
42 1 U 18
43 1 L 41
44 0 U 14
45 0 U 32
46 1 L 36
47 1 U 32
48 1 L 43
49
0 1 U -1
1 0 U -1
2 0 U 1
3 1 U -1
4 0 U -1
5 1 L 4
6 1 L 2
7 0 U 5
8 0 U -1
9 1 U 8
10 0 L 6
11 1 L 10
12 0 L -1
13 0 L -1
14 0 L -1
15 0 U -1
16 1 L 1
17 1 L 4
18 1 U 2
19 0 U -1
20 0 U 10
21 1 L 17
22 0 L 21
23 1 U 6
24 1 U -1
25 1 U 4
26 1 U 19
27 0 L 25
28 0 L 21
29 0 L -1
30 1 U 22
31 1 L 16
32 1 U -1
33 0 U 26
34 1 U 23
35 0 U 30
36 0 L -1
37 1 U 34
38 0 U 34
39 1 L 29
40 1 L 36
41 0 L 2
42 0 U 18
43 1 L 41
44 0 U 14
45 1 U 4
46 1 L 17
47 1 U 15
48 1 L 43
49
0 1 U -1
1 0 U -1
2 0 U 1
3 1 U -1
4 0 U -1
5 1 L 4
6 1 L 2
7 0 U 5
8 0 U -1
9 1 U 1
10 0 L 6
11 1 L 10
12 1 L -1
13 0 L -1
14 0 L -1
15 0 U -1
16 1 L 1
17 1 L 4
18 1 U 2
19 0 U -1
20 0 U 11
21 1 L 17
22 0 L 21
23 1 U 6
24 1 U -1
25 0 U 4
26 1 U 19
27 0 L 25
28 0 L 21
29 0 L -1
30 1 U 22
31 0 L 16
32 1 U -1
33 0 U 26
34 1 U 33
35 0 U 30
36 1 L -1
37 1 U 34
38 1 U 34
39 1 L 13
40 0 L 36
41 0 L 2
42 1 U 18
43 0 L 41
44 0 U 31
45 1 U 4
46 1 L 11
47 1 U 15
48 1 L 43
49
0 1 L -1
1 0 U -1
2 0 U 1
3 1 U -1
4 0 U -1
5 1 L 4
6 1 L 2
7 0 U 5
8 0 U -1
9 0 U 8
10 0 L 6
11 1 L 10
12 0 L -1
13 0 L -1
14 0 L -1
15 0 U -1
16 0 L 2
17 1 L 4
18 1 U 2
19 0 U -1
20 0 U 11
21 0 L 17
22 1 L 21
23 1 U 6
24 1 U -1
25 0 U 4
26 1 U 19
27 0 L 15
28 0 L 21
29 0 L -1
30 1 U 22
31 0 L 16
32 0 U -1
33 0 U 26
34 0 U 23
35 0 U 30
36 0 L -1
37 0 U 29
38 1 U 34
39 1 L 29
40 0 L 36
41 1 L 2
42 1 U 18
43 0 L 41
44 0 U 31
45 1 U 4
46 1 L 16
47 1 U 32
48 1 L 43
49
0 1 U -1
1 0 U -1
2 0 U 1
3 1 U -1
4 0 U -1
5 1 L 4
6 1 L 2
7 0 U 3
8 0 U -1
9 1 U 8
10 1 L 6
11 1 L 10
12 0 L -1
13 0 L -1
14 0 L -1
15 0 U -1
16 1 L 1
17 1 L 4
18 1 U 9
19 0 U -1
20 1 U 11
21 0 L 17
22 1 L 21
23 1 U 7
24 1 U -1
25 1 U 15
26 0 U 19
27 0 L 15
28 0 L 21
29 0 L -1
30 1 U 22
31 0 L 3
32 0 U -1
33 0 U 2
34 1 U 33
35 0 U 30
36 1 L -1
37 0 U 34
38 0 U 34
39 1 L 29
40 0 L 36
41 0 L 40
42 0 U 18
43 0 L 41
44 0 U 42
45 1 U 32
46 1 L 41
47 1 U 4
48 1 L 43
49
0 1 L -1
1 0 U -1
2 0 U 1
3 1 U -1
4 0 U -1
5 1 L 4
6 1 L 2
7 0 U 1
8 0 U -1
9 1 U 1
10 0 L 6
11 1 L 10
12 1 L -1
13 0 L -1
14 0 L -1
15 0 U -1
16 0 L 1
17 1 L 4
18 1 U 9
19 0 U -1
20 0 U 10
21 0 L 17
22 1 L 21
23 1 U 7
24 1 U -1
25 0 U 15
26 0 U 19
27 0 L 15
28 0 L 21
29 0 L -1
30 1 U 22
31 0 L 16
32 0 U -1
33 1 U 26
34 1 U 23
35 0 U 30
36 0 L -1
37 0 U 34
38 0 U 34
39 1 L 29
40 1 L 36
41 0 L 40
42 1 U 18
43 0 L 3
44 0 U 42
45 1 U 32
46 1 L 16
47 1 U 32
48 1 L 4
49
0 1 L -1
1 0 U -1
2 0 U 1
3 1 U -1
4 0 U -1
5 0 L 4
6 1 L 2
7 0 U 3
8 0 U -1
9 1 U 8
10 1 L 6
11 0 L 10
12 1 U -1
13 1 L -1
14 1 L -1
15 0 U -1
16 1 L 14
17 0 L 10
18 1 U 9
19 0 U -1
20 1 U 10
21 0 L 5
22 1 L 21
23 1 U 7
24 1 U -1
25 1 U 4
26 0 U 19
27 0 L 22
28 0 L 21
29 0 L -1
30 1 U 22
31 0 L 16
32 0 U -1
33 0 U 26
34 0 U 23
35 0 U 30
36 0 L -1
37 0 U 17
38 0 U 34
39 1 L 29
40 0 L 36
41 1 L 2
42 1 U 18
43 0 L 3
44 0 U 22
45 1 U 4
46 0 L 3
47 1 U 32
48 1 L 4
49
0 1 L -1
1 0 U -1
2 0 U 1
3 1 U 1
4 0 U -1
5 0 L 4
6 1 L 2
7 0 U 1
8 0 U -1
9 1 U 8
10 1 L 6
11 1 L 10
12 1 U -1
13 1 L -1
14 0 L -1
15 0 U -1
16 1 L 1
17 1 L 4
18 1 U 9
19 0 U -1
20 0 U 11
21 0 L 5
22 1 L 21
23 1 U 7
24 1 U -1
25 0 U 15
26 0 U 19
27 0 L 17
28 0 L 21
29 0 L -1
30 1 U 22
31 0 L 16
32 0 U -1
33 0 U 26
34 0 U 33
35 0 U 30
36 0 L -1
37 0 U 29
38 1 U 34
39 1 L 29
40 0 L 13
41 0 L 40
42 1 U 18
43 0 L 3
44 0 U 17
45 1 U 4
46 1 L 16
47 1 U 32
48 1 L 4
49
0 1 L -1
1 0 U -1
2 0 U 1
3 1 U -1
4 0 U -1
5 0 L 4
6 1 L 2
7 0 U 3
8 0 U -1
9 0 U 8
10 1 L 6
11 1 L 10
12 1 U -1
13 1 L -1
14 1 L -1
15 0 U -1
16 1 L 2
17 1 L 4
18 1 U 9
19 0 U -1
20 0 U 11
21 0 L 5
22 1 L 21
23 1 U 18
24 1 U -1
25 1 U 15
26 1 U 19
27 0 L 5
28 0 L 14
29 0 L -1
30 1 U 22
31 1 U 22
32 0 U -1
33 1 U 9
34 1 U 28
35 0 U 30
36 1 L -1
37 0 U 29
38 0 L 31
39 1 L 29
40 1 L 36
41 0 L 16
42 0 U 33
43 1 L 39
44 0 U 42
45 1 U 4
46 1 L 3
47 1 U 32
48 1 L 4
49
0 1 U -1
1 0 U -1
2 0 U 1
3 1 U -1
4 0 U -1
5 0 L 4
6 1 L 2
7 0 U 1
8 0 U -1
9 0 U 1
10 0 L 6
11 1 L 10
12 1 U -1
13 1 L -1
14 1 L -1
15 0 U -1
16 1 L 14
17 1 L 4
18 1 U 2
19 1 U -1
20 0 U 10
21 0 L 5
22 1 L 21
23 1 U 13
24 1 U -1
25 0 U 15
26 1 U 19
27 0 L 5
28 1 L 0
29 0 L -1
30 1 U 22
31 1 U 28
32 0 U -1
33 0 U 9
34 0 U 10
35 0 U 30
36 0 L -1
37 1 U 29
38 1 U 31
39 1 L 29
40 1 L 36
41 0 L 39
42 1 U 16
43 0 L 39
44 0 U 42
45 1 U 4
46 1 L 2
47 1 U 4
48 1 L 43
49
0 1 U -1
1 0 U -1
2 0 U 1
3 1 U -1
4 0 U -1
5 0 L 4
6 1 L 2
7 0 U 3
8 0 U -1
9 1 U 8
10 0 L 6
11 1 L 10
12 1 L -1
13 0 L -1
14 0 L -1
15 0 U -1
16 1 L 13
17 1 L 4
18 1 U 2
19 1 U -1
20 0 U 11
21 0 L 17
22 1 L 21
23 1 U 18
24 1 U -1
25 0 U 4
26 0 U 19
27 0 L 17
28 1 L 1
29 0 L -1
30 1 U 22
31 1 U 28
32 0 U -1
33 0 U 26
34 1 U 33
35 0 U 30
36 0 L -1
37 1 U 30
38 0 U 31
39 0 L 29
40 1 L 36
41 1 L 28
42 1 U 16
43 0 L 3
44 0 U 42
45 1 U 4
46 0 L 2
47 1 U 4
48 1 L 43
49
0 1 U -1
1 0 U -1
2 0 U 1
3 1 U -1
4 0 U -1
5 0 L 4
6 1 L 2
7 0 U 3
8 0 U -1
9 1 U 1
10 0 L 6
11 1 L 10
12 1 L -1
13 0 L -1
14 0 L -1
15 0 U -1
16 1 L 13
17 1 L 4
18 1 U 12
19 0 U -1
20 0 U 11
21 0 L 17
22 1 L 21
23 1 U 18
24 1 U -1
25 1 U 19
26 0 U 19
27 0 L 17
28 1 L 2
29 0 L -1
30 0 U 22
31 0 U 28
32 0 U -1
33 0 U 26
34 1 U 10
35 0 U 30
36 1 L -1
37 0 U 10
38 0 L 25
39 0 L 29
40 1 L 36
41 1 L 6
42 0 U 16
43 0 L 3
44 0 U 42
45 1 U 25
46 0 L 35
47 1 U 4
48 1 L 43
49
0 1 L -1
1 0 U -1
2 0 U 1
3 1 U -1
4 0 U -1
5 1 L 4
6 1 L 2
7 0 U 1
8 0 U -1
9 1 U 8
10 0 L 6
11 1 L 10
12 0 L -1
13 0 L -1
14 0 L -1
15 0 U -1
16 1 L 2
17 1 L 4
18 1 U 12
19 0 U -1
20 0 U 11
21 0 L 17
22 1 L 21
23 1 U 18
24 1 U -1
25 1 U 19
26 0 U 19
27 0 L 5
28 1 L 2
29 0 L -1
30 0 U 22
31 0 U 23
32 0 U -1
33 0 U 9
34 1 U 10
35 0 U 30
36 0 L -1
37 0 U 22
38 0 L 19
39 1 L 13
40 1 L 13
41 1 L 39
42 1 U 16
43 1 L 39
44 0 U 42
45 1 U 32
46 1 L 35
47 1 U 25
48 1 L 43
49
0 1 U -1
1 0 U -1
2 0 U 1
3 1 U -1
4 0 U -1
5 0 L 4
6 1 L 2
7 0 U 3
8 0 U -1
9 1 U 8
10 0 L 6
11 1 L 10
12 1 L -1
13 0 L -1
14 0 L -1
15 0 U -1
16 1 L 1
17 1 L 4
18 1 U 12
19 0 U -1
20 0 U 11
21 0 L 17
22 1 L 21
23 1 U 18
24 1 U -1
25 0 U 19
26 0 U 19
27 0 L 5
28 1 L 2
29 0 L -1
30 0 U 22
31 0 U 23
32 0 U -1
33 1 U 9
34 0 U 10
35 0 U 30
36 1 L -1
37 0 U 33
38 0 L 19
39 0 L 29
40 1 L 35
41 0 L 36
42 0 U 16
43 0 L 2
44 0 U 42
45 1 U 25
46 1 L 35
47 1 U 25
48 1 L 43
49
0 1 U -1
1 0 U -1
2 0 U 1
3 1 U -1
4 0 U -1
5 1 L 4
6 1 L 2
7 0 U 1
8 0 U -1
9 1 U 8
10 0 L 6
11 1 L 10
12 1 L -1
13 0 L -1
14 0 L -1
15 0 U -1
16 1 L 2
17 1 L 4
18 1 U 12
19 1 U -1
20 0 U 11
21 0 L 17
22 1 L 21
23 0 U 18
24 1 U -1
25 0 U 19
26 1 L 19
27 0 L 5
28 1 L 13
29 0 L -1
30 0 U 22
31 1 U 14
32 0 U -1
33 0 U 9
34 1 U 10
35 0 U 30
36 1 L -1
37 0 U 33
38 1 L 19
39 0 L 13
40 0 L 35
41 1 L 36
42 1 U 16
43 0 L 41
44 0 U 42
45 1 L 10
46 1 L 43
47 0 U 32
48 1 L 43
49
0 1 L -1
1 0 U -1
2 0 U 1
3 1 U -1
4 0 U -1
5 0 L 4
6 1 L 2
7 0 U 3
8 1 U -1
9 1 U 8
10 0 L 6
11 1 L 10
12 1 L -1
13 0 L -1
14 0 L -1
15 0 U -1
16 1 L 2
17 1 L 4
18 1 U 15
19 1 U -1
20 0 U 11
21 0 L 17
22 0 L 21
23 0 U 18
24 1 U -1
25 0 U 8
26 0 U 19
27 0 L 5
28 1 L 14
29 0 L -1
30 0 U 22
31 1 U 23
32 0 U -1
33 0 U 26
34 0 U 11
35 0 U 30
36 1 L -1
37 0 U 10
38 1 L 19
39 0 L 29
40 1 L 35
41 1 L 0
42 1 U 13
43 0 L 41
44 0 U 34
45 1 L 10
46 0 L 43
47 1 U 4
48 1 L 43
49
0 1 U -1
1 0 U -1
2 0 U 1
3 1 U -1
4 0 U -1
5 1 L 4
6 1 L 2
7 0 U 3
8 0 U -1
9 1 U 1
10 0 L 6
11 1 L 10
12 1 L 11
13 1 L -1
14 1 L -1
15 0 U -1
16 1 L 2
17 1 L 4
18 0 U 15
19 1 U -1
20 0 U 11
21 1 L 17
22 0 L 21
23 1 U 9
24 1 U -1
25 1 U 19
26 0 L 25
27 0 L 5
28 0 L 14
29 0 L -1
30 1 U 14
31 1 U 23
32 0 U -1
33 0 U 2
34 1 L 31
35 0 U 30
36 1 L -1
37 0 U 10
38 0 L 19
39 0 L 29
40 1 L 35
41 1 L 0
42 1 U 13
43 1 L 41
44 0 U 14
45 1 L 4
46 1 L 43
47 0 U 4
48 1 L 43
49
0 1 L -1
1 0 U -1
2 0 U 1
3 1 U -1
4 0 U -1
5 1 L 4
6 1 L 2
7 0 U 5
8 0 U -1
9 1 U 1
10 0 L 6
11 1 L 10
12 0 L 11
13 1 L -1
14 1 L -1
15 0 U -1
16 1 L 2
17 1 L 4
18 0 U 4
19 1 U -1
20 0 U 10
21 0 L 5
22 0 L 12
23 1 U 9
24 1 U -1
25 1 U 19
26 1 L 25
27 0 L 17
28 0 L 0
29 0 L -1
30 1 U 14
31 1 U 23
32 0 U -1
33 1 U 26
34 1 U 31
35 0 U 30
36 0 L -1
37 1 U 28
38 1 L 34
39 1 L 29
40 0 L 35
41 0 L 13
42 1 U 18
43 0 L 2
44 0 U 42
45 1 L 4
46 0 L 43
47 0 U 32
48 1 L 43
49
0 1 L -1
1 0 U -1
2 0 U 1
3 1 U -1
4 0 U -1
5 0 L 4
6 1 L 2
7 0 U 5
8 0 U -1
9 1 U 3
10 0 L 6
11 1 L 10
12 0 L 0
13 1 L -1
14 1 L -1
15 0 U -1
16 1 L 1
17 1 L 10
18 0 U 4
19 1 U -1
20 0 U 10
21 0 L 17
22 0 L 21
23 1 U 9
24 1 U -1
25 1 U 19
26 1 U 19
27 0 L 5
28 0 L 14
29 0 L -1
30 1 U 22
31 1 U 23
32 0 U -1
33 0 U 7
34 0 U 28
35 0 U 30
36 0 L -1
37 0 U 33
38 1 L 34
39 1 L 1
40 1 L 35
41 1 L 13
42 0 U 16
43 1 L 1
44 0 U 42
45 1 L 4
46 0 L 43
47 0 U 26
48 1 L 43
49
0 1 L -1
1 0 U -1
2 0 U 1
3 1 U -1
4 0 U -1
5 0 L 4
6 1 L 2
7 0 U 3
8 0 U -1
9 1 U 8
10 0 L 6
11 1 L 7
12 1 L 0
13 1 L -1
14 1 L -1
15 0 U -1
16 1 L 2
17 1 L 4
18 0 U 15
19 0 U -1
20 1 U 11
21 0 L 17
22 0 L 21
23 1 U 2
24 1 U -1
25 0 U 19
26 0 L 19
27 0 L 17
28 0 L 0
29 0 L -1
30 1 U 22
31 0 U 23
32 0 U -1
33 0 U 7
34 1 U 14
35 0 U 30
36 0 L -1
37 0 U 31
38 0 L 34
39 1 L 1
40 1 L 35
41 1 L 13
42 1 U 16
43 1 L 12
44 0 U 42
45 1 L 4
46 0 L 16
47 1 U 32
48 1 L 43
49
0 1 L -1
1 0 U -1
2 0 U 1
3 1 U -1
4 0 U -1
5 0 L 4
6 1 L 2
7 0 U 0
8 0 U -1
9 1 U 8
10 1 L 4
11 1 L 7
12 1 L 0
13 1 L -1
14 1 L -1
15 0 U -1
16 1 L 12
17 1 L 4
18 0 U 4
19 1 U -1
20 1 U 11
21 0 L 17
22 0 L 21
23 0 U 2
24 1 U -1
25 0 U 19
26 0 U 19
27 0 L 17
28 0 L 0
29 0 L -1
30 1 U 22
31 0 U 23
32 0 U -1
33 1 U 9
34 1 U 22
35 0 U 30
36 0 L -1
37 0 U 10
38 0 L 34
39 0 L 1
40 1 L 35
41 1 L 13
42 0 U 16
43 0 L 12
44 0 U 42
45 1 L 4
46 0 L 6
47 1 U 32
48 1 L 43
49
0 1 U -1
1 0 U -1
2 0 U 1
3 1 U -1
4 0 U -1
5 0 L 4
6 1 L 2
7 0 U 0
8 0 U -1
9 1 U 8
10 1 L 4
11 1 L 7
12 0 L 6
13 1 L -1
14 0 L -1
15 0 U -1
16 1 L 2
17 1 L 4
18 0 U 4
19 1 U -1
20 0 U 11
21 0 L 17
22 0 L 9
23 0 U 2
24 1 U -1
25 1 U 19
26 0 U 19
27 0 L 17
28 1 L 2
29 0 L -1
30 1 U 22
31 1 U 11
32 0 U -1
33 1 U 9
34 1 U 22
35 0 U 30
36 0 L -1
37 1 U 10
38 0 L 31
39 0 L 2
40 1 L 35
41 0 L 13
42 1 U 11
43 0 L 2
44 0 U 37
45 1 L 4
46 0 L 6
47 1 U 32
48 1 L 6
49
0 1 U -1
1 0 U -1
2 0 U 1
3 1 U -1
4 0 U -1
5 0 L 4
6 1 L 2
7 0 U 0
8 0 U -1
9 1 U 8
10 0 L 4
11 1 L 7
12 0 L 6
13 1 L -1
14 1 L -1
15 0 U -1
16 1 L 14
17 1 L 4
18 0 U 15
19 1 U -1
20 1 U 11
21 0 L 17
22 0 L 9
23 0 U 9
24 1 U -1
25 0 U 0
26 1 U 19
27 0 L 5
28 1 L 14
29 0 L -1
30 1 U 22
31 1 U 11
32 0 U -1
33 0 U 6
34 0 U 22
35 0 U 30
36 0 L -1
37 1 U 10
38 1 L 31
39 0 L 1
40 1 L 35
41 0 L 36
42 1 U 11
43 0 L 2
44 0 U 42
45 1 L 43
46 0 L 43
47 1 U 32
48 0 L 6
49
0 1 U -1
1 0 U -1
2 0 U 1
3 1 U -1
4 0 U -1
5 0 L 4
6 1 L 2
7 0 U 1
8 0 U -1
9 1 U 8
10 1 L -1
11 1 L 7
12 1 L 6
13 0 L -1
14 0 L -1
15 0 U -1
16 1 L 1
17 1 L 4
18 0 L 4
19 0 U -1
20 1 U 11
21 0 L 17
22 0 L 9
23 0 U 10
24 1 U -1
25 0 U 0
26 1 U 19
27 0 L 17
28 1 L 14
29 0 L -1
30 1 U 22
31 1 U 11
32 0 U -1
33 1 U 26
34 0 U 22
35 0 U 30
36 0 L -1
37 0 U 31
38 0 L 31
39 0 L 1
40 1 L 35
41 1 L 4
42 1 U 13
43 0 L 2
44 0 U 42
45 1 L 43
46 0 L 6
47 1 U 4
48 1 L 6
49
0 1 U -1
1 0 U -1
2 0 U 1
3 1 U -1
4 0 U -1
5 0 L 4
6 1 L 2
7 0 U 1
8 0 U -1
9 1 U 1
10 1 L -1
11 1 L 7
12 1 L 6
13 0 L -1
14 0 L -1
15 0 U -1
16 1 L 13
17 1 L 4
18 0 U 4
19 0 U -1
20 1 U 11
21 0 L 17
22 0 L 9
23 0 U 10
24 0 U -1
25 0 U 0
26 0 U 15
27 0 L 5
28 1 L 14
29 0 L -1
30 1 U 22
31 1 U 23
32 0 U -1
33 0 U 26
34 0 U 22
35 0 U 30
36 1 L 16
37 1 U 28
38 0 L 31
39 0 L 28
40 0 L 13
41 1 L 4
42 1 U 36
43 1 L 2
44 0 U 39
45 0 L 43
46 1 L -1
47 1 U 32
48 0 L 6
49
0 1 L -1
1 0 U -1
2 0 U 1
3 1 U -1
4 0 U -1
5 1 L 4
6 1 L 2
7 0 U 0
8 0 U -1
9 1 U 8
10 1 L -1
11 1 L 7
12 0 L 4
13 0 L -1
14 0 L -1
15 0 U -1
16 1 L 13
17 1 L 4
18 0 U 15
19 1 U -1
20 1 U 11
21 0 L 17
22 0 L 9
23 1 U 9
24 0 U -1
25 1 U 0
26 1 U 4
27 0 L 17
28 1 L 14
29 0 L -1
30 1 U 22
31 0 U 23
32 0 U -1
33 1 U 26
34 1 U 22
35 0 U 30
36 1 L 16
37 1 U 28
38 0 L 34
39 1 L 16
40 1 L 35
41 1 L 2
42 1 U 23
43 0 L 1
44 0 U 37
45 0 L 43
46 0 L -1
47 1 U 4
48 0 L 43
49
0 1 L -1
1 0 U -1
2 0 U 1
3 1 U -1
4 0 U -1
5 1 L 4
6 1 L 2
7 0 U 3
8 0 U -1
9 1 U 1
10 1 L -1
11 1 L 7
12 0 L 4
13 0 L -1
14 1 L -1
15 0 U -1
16 1 L 13
17 1 L 4
18 0 U 15
19 1 U -1
20 1 U 12
21 1 L 12
22 0 L 9
23 0 U 2
24 1 U -1
25 1 U 19
26 0 U 24
27 0 L 17
28 1 L 14
29 0 L -1
30 1 U 22
31 1 U 23
32 0 U -1
33 1 U 10
34 1 U 22
35 0 U 30
36 0 L 16
37 0 U 28
38 1 L 23
39 1 L 16
40 1 L 35
41 0 L 2
42 1 U 11
43 1 L 1
44 0 U 20
45 0 L 43
46 1 L -1
47 1 U 32
48 0 L 6
49
0 1 U -1
1 0 U -1
2 0 U 1
3 1 U -1
4 0 U -1
5 0 L 4
6 1 L 2
7 0 U 5
8 0 U -1
9 1 U 3
10 1 L -1
11 1 L 7
12 1 L 4
13 0 L -1
14 0 L -1
15 0 U -1
16 1 L 13
17 1 L 4
18 0 U 4
19 1 U -1
20 1 U 11
21 1 L 12
22 0 L 9
23 0 U 2
24 0 U -1
25 0 U 0
26 0 L 19
27 0 L 17
28 1 L 14
29 0 L -1
30 1 U 22
31 1 U 11
32 0 U -1
33 1 U 6
34 1 U 22
35 0 U 30
36 1 L 16
37 1 U 17
38 1 L 31
39 1 L 16
40 1 L 35
41 0 L 2
42 1 U 12
43 0 L 29
44 0 U 42
45 0 L 6
46 0 L -1
47 1 U 32
48 0 L 6
49
0 1 L -1
1 0 U -1
2 0 U 1
3 1 U -1
4 0 U -1
5 1 L 4
6 1 L 2
7 0 U 5
8 0 U -1
9 1 U 8
10 1 L -1
11 1 L 7
12 0 L 4
13 0 L -1
14 0 L -1
15 0 U -1
16 1 L 13
17 1 L 4
18 0 U 4
19 0 U -1
20 1 U 11
21 0 L 17
22 0 L 8
23 0 U 2
24 0 U -1
25 0 U 0
26 0 L 19
27 0 L 12
28 1 L 14
29 0 L -1
30 1 U 22
31 1 U 23
32 0 U -1
33 1 U 6
34 1 U 22
35 0 U 30
36 1 L 16
37 0 L 31
38 0 L 34
39 1 L 16
40 1 L 18
41 0 L 29
42 1 U 13
43 0 L 13
44 0 U 42
45 0 L 43
46 1 L -1
47 1 U 32
48 0 L 43
49
0 1 U -1
1 0 U -1
2 0 U 1
3 1 U -1
4 0 U -1
5 1 L 4
6 1 L 2
7 0 U 5
8 0 U -1
9 1 U 8
10 0 L -1
11 1 L 7
12 1 L 4
13 0 L -1
14 0 L -1
15 0 U -1
16 1 L 13
17 1 L 4
18 0 U 4
19 1 U -1
20 1 U 11
21 0 L 17
22 0 L 21
23 1 U 9
24 0 U -1
25 0 U 0
26 0 L 19
27 0 L 12
28 1 L 14
29 0 L -1
30 1 U 22
31 0 U 23
32 0 U -1
33 1 U 10
34 1 U 22
35 0 U 30
36 0 L 16
37 1 U 31
38 1 L 34
39 1 L 16
40 1 L 15
41 0 L 2
42 1 U 11
43 0 L 13
44 0 U 42
45 0 L 6
46 1 L -1
47 1 U 32
48 0 L 43
49
0 1 U -1
1 0 U -1
2 0 U 1
3 1 U -1
4 0 U -1
5 0 L 4
6 1 L 2
7 0 U 5
8 0 U -1
9 1 U 8
10 0 L -1
11 1 L 7
12 0 L 4
13 0 L -1
14 0 L -1
15 0 U -1
16 1 L 13
17 1 L 4
18 0 U 4
19 1 U -1
20 1 U 11
21 0 L 17
22 0 L 21
23 1 U 2
24 0 U -1
25 1 U 0
26 0 L 19
27 0 L 12
28 1 L 14
29 0 L -1
30 1 U 22
31 0 U 23
32 0 U -1
33 1 U 26
34 1 U 17
35 0 U 30
36 0 L 16
37 1 U 17
38 1 L 34
39 1 L 16
40 0 L 18
41 1 L 2
42 0 U 11
43 0 L 13
44 0 U 42
45 0 L 43
46 1 L -1
47 1 U 32
48 0 L 43
49
0 1 L -1
1 0 U -1
2 0 U 1
3 1 U -1
4 0 U -1
5 1 L 4
6 1 L 2
7 0 U 1
8 0 U -1
9 0 U 8
10 1 L -1
11 1 L 7
12 0 L 4
13 0 L -1
14 1 L -1
15 0 U -1
16 1 L 13
17 1 L 4
18 0 U 4
19 1 U -1
20 0 U 13
21 0 L 17
22 0 L 21
23 0 U 2
24 0 U -1
25 0 U 0
26 1 L 23
27 0 L 12
28 1 L 14
29 0 L -1
30 1 U 22
31 0 U 23
32 0 U -1
33 1 U 26
34 1 U 31
35 0 U 30
36 1 L 16
37 1 U 31
38 0 L 34
39 1 L 16
40 0 L 30
41 1 L 2
42 0 U 36
43 0 L 29
44 0 U 14
45 0 L 43
46 1 L -1
47 1 U 32
48 0 L 16
49
0 1 U -1
1 0 U -1
2 0 U 1
3 1 U -1
4 0 U -1
5 0 L 4
6 1 L 2
7 0 U 1
8 0 U -1
9 0 U 8
10 1 L -1
11 1 L 7
12 0 L 4
13 0 L -1
14 1 L -1
15 0 U -1
16 1 L 13
17 1 L 4
18 0 U 4
19 1 U -1
20 0 U 12
21 0 L 17
22 0 L 21
23 0 U 2
24 0 U -1
25 0 U 0
26 0 L 23
27 0 L 12
28 1 L 14
29 0 L -1
30 1 U 22
31 0 U 12
32 0 U -1
33 0 U 6
34 1 U 31
35 0 U 30
36 1 L 16
37 1 U 28
38 1 L 34
39 1 L 16
40 1 L 18
41 0 L 13
42 1 U 13
43 1 L 29
44 0 U 14
45 0 L 16
46 1 L -1
47 1 U 32
48 0 L 43
49
0 1 L -1
1 0 U -1
2 0 U 1
3 1 U -1
4 0 U -1
5 0 L 4
6 1 L 2
7 0 U 5
8 0 U -1
9 0 U 8
10 1 L -1
11 1 L 7
12 1 L 4
13 0 L -1
14 1 L -1
15 0 U -1
16 1 L 13
17 1 L 4
18 0 U 15
19 0 U -1
20 0 U 11
21 1 L 17
22 0 L 21
23 0 U 2
24 0 U -1
25 1 U 0
26 0 L 19
27 0 L 12
28 1 L 14
29 0 L -1
30 1 U 22
31 0 U 12
32 0 U -1
33 1 U 6
34 1 U 31
35 0 U 30
36 1 L 16
37 1 U 31
38 1 L 34
39 1 L 16
40 1 L 15
41 0 L 13
42 1 U 12
43 0 L 13
44 0 U 42
45 0 L 6
46 1 L -1
47 1 U 32
48 0 L 6
49
0 1 L -1
1 0 U -1
2 0 U 1
3 1 U -1
4 0 U -1
5 0 L 4
6 1 L 2
7 0 U 5
8 0 U -1
9 0 U 8
10 1 L -1
11 1 L 7
12 1 L 4
13 0 L -1
14 0 L -1
15 0 U -1
16 1 L 13
17 1 L 4
18 0 U 15
19 1 U -1
20 0 U 11
21 0 L 17
22 0 L 21
23 1 U 10
24 0 U -1
25 1 U 0
26 1 L 19
27 0 L 17
28 1 L 14
29 0 L -1
30 1 U 22
31 0 U 23
32 0 U -1
33 1 U 26
34 1 U 31
35 0 U 30
36 1 L 16
37 0 U 20
38 1 L 34
39 1 L 16
40 1 L 35
41 0 L 13
42 1 U 12
43 1 L 1
44 0 U 42
45 0 L 6
46 1 L -1
47 1 U 4
48 0 L 6
49
0 1 U -1
1 0 U -1
2 0 U 1
3 1 U -1
4 0 U -1
5 0 L 4
6 1 L 2
7 0 U 3
8 0 U -1
9 0 U 1
10 0 L -1
11 1 L 7
12 1 L 6
13 0 L -1
14 0 L -1
15 0 U -1
16 1 L 13
17 1 L 4
18 0 U 4
19 0 U -1
20 1 U 11
21 0 L 17
22 0 L 21
23 0 U 10
24 0 U -1
25 0 U 0
26 0 L 19
27 0 L 17
28 1 L 14
29 0 L -1
30 1 U 22
31 0 U 23
32 0 U -1
33 0 U 10
34 1 U 22
35 0 U 30
36 1 L 16
37 1 U 31
38 0 L 34
39 1 L 16
40 1 L 35
41 0 L 29
42 1 U 23
43 1 L 29
44 0 U 42
45 0 L 6
46 1 L -1
47 1 U 4
48 0 L 28
49
0 1 U -1
1 0 U -1
2 0 U 1
3 1 U 1
4 0 U -1
5 1 L 4
6 1 L 3
7 0 U 5
8 0 U -1
9 0 U 8
10 1 L -1
11 1 L 7
12 1 L 4
13 0 L -1
14 0 L -1
15 0 U -1
16 1 L 13
17 1 L 4
18 0 U 15
19 1 U -1
20 1 U 11
21 0 L 17
22 0 L 21
23 0 U 10
24 0 U -1
25 1 U 0
26 0 L 23
27 0 L 17
28 1 L 14
29 0 L -1
30 1 U 22
31 0 U 23
32 0 U -1
33 1 U 6
34 0 U 17
35 0 U 30
36 1 L 16
37 1 U 33
38 1 L 34
39 1 L 16
40 1 L 35
41 0 L 1
42 0 U 23
43 1 L 13
44 0 U 42
45 0 L 43
46 1 L -1
47 1 U 32
48 0 L 16
49
0 1 U -1
1 0 U -1
2 0 U 1
3 1 U 0
4 0 U -1
5 1 L 4
6 1 L 3
7 0 U 1
8 0 U -1
9 0 U 1
10 0 L -1
11 1 L 7
12 0 L 6
13 0 L -1
14 0 L -1
15 0 U -1
16 1 L 13
17 1 L 4
18 0 U 15
19 1 U -1
20 0 U 16
21 0 L 17
22 0 L 21
23 0 U 10
24 0 U -1
25 0 U 24
26 0 L 23
27 0 L 17
28 1 L 14
29 0 L -1
30 1 U 17
31 0 U 23
32 0 U -1
33 0 U 26
34 1 U 17
35 0 U 30
36 1 L 16
37 0 U 33
38 1 L 34
39 1 L 16
40 1 L 35
41 0 L 13
42 1 U 23
43 1 L 13
44 0 U 42
45 0 L 43
46 1 L -1
47 1 U 4
48 0 L 3
49
0 1 L -1
1 1 U -1
2 0 U 1
3 1 U 0
4 0 U -1
5 1 L 4
6 1 L 3
7 0 U 5
8 0 U -1
9 0 U 8
10 1 L -1
11 1 L 7
12 0 L 6
13 0 L -1
14 0 L -1
15 0 U -1
16 1 L 13
17 1 L 4
18 0 U 4
19 1 U -1
20 1 U 12
21 0 L 17
22 0 L 21
23 0 U 9
24 0 U -1
25 1 U 24
26 0 L 19
27 0 L 17
28 1 L 14
29 0 L -1
30 1 U 14
31 1 U 18
32 0 U -1
33 0 U 6
34 0 U 17
35 0 U 30
36 1 L 16
37 1 U 28
38 0 L 34
39 1 L 16
40 1 L 18
41 1 L 2
42 1 U 36
43 1 L 13
44 0 U 42
45 0 L 16
46 0 L -1
47 1 U 32
48 0 L 3
49
0 1 U -1
1 0 U -1
2 0 U 1
3 1 U -1
4 0 U -1
5 0 L 4
6 1 L 3
7 0 U 1
8 0 U -1
9 0 U 8
10 0 L -1
11 1 L 7
12 1 L 6
13 0 L -1
14 0 L -1
15 0 U -1
16 1 L 13
17 1 L 4
18 0 U 15
19 1 U -1
20 0 U 13
21 1 L 17
22 0 L 21
23 0 U 6
24 0 U -1
25 0 U 4
26 0 L 19
27 0 L 12
28 1 L 14
29 0 L -1
30 1 U 22
31 0 L 18
32 0 U -1
33 0 U 10
34 0 U 31
35 0 U 30
36 1 L 16
37 1 U 20
38 1 L 34
39 1 L 16
40 1 L 18
41 0 L 13
42 1 U 12
43 1 L 13
44 0 U 42
45 0 L 3
46 1 L -1
47 1 U 32
48 0 L 43
49
0 1 U -1
1 0 U -1
2 0 U 1
3 1 U -1
4 0 U -1
5 1 L 4
6 1 L 3
7 0 U 4
8 0 U -1
9 1 U 8
10 0 L -1
11 1 L 7
12 0 L 4
13 0 L -1
14 0 L -1
15 0 U -1
16 1 L 1
17 1 L 4
18 1 U 15
19 1 U -1
20 0 U 13
21 0 L 17
22 0 L 21
23 0 U 6
24 0 U -1
25 1 L 4
26 1 L 19
27 0 L 6
28 1 L 14
29 0 L -1
30 1 U 22
31 1 L 30
32 0 U -1
33 0 U 10
34 1 U 14
35 0 U 30
36 0 L 16
37 1 U 33
38 1 L 34
39 0 L 28
40 1 L 30
41 1 L 13
42 1 U 7
43 1 L 29
44 0 U 14
45 0 L 43
46 1 L -1
47 1 U 32
48 0 L 43
49
0 1 L -1
1 0 U -1
2 0 U 1
3 1 U -1
4 0 U -1
5 1 L 4
6 1 L 3
7 0 U 0
8 0 U -1
9 1 U 8
10 0 L -1
11 1 L 7
12 0 L 2
13 0 L -1
14 1 L -1
15 0 U -1
16 1 L 1
17 1 L 4
18 1 U 4
19 0 U -1
20 0 U 11
21 0 L 17
22 0 L 21
23 0 U 18
24 0 U -1
25 1 L 4
26 1 L 23
27 1 L 6
28 1 L 0
29 0 L -1
30 1 U 22
31 1 L 30
32 0 U -1
33 0 U 18
34 1 U 31
35 0 U 30
36 0 L 16
37 0 U 28
38 1 L 34
39 1 L 28
40 0 L 30
41 0 L 29
42 1 U 11
43 0 L 29
44 0 U 14
45 0 L 35
46 1 L -1
47 1 U 4
48 1 L 43
49
0 1 L -1
1 0 U -1
2 0 U 1
3 1 U -1
4 0 U -1
5 0 L 4
6 1 L 3
7 0 U 4
8 0 U -1
9 1 U 8
10 0 L -1
11 1 L 7
12 0 L 2
13 0 L -1
14 1 L -1
15 0 U -1
16 1 L 1
17 1 L 4
18 1 U 4
19 0 U -1
20 0 U 11
21 0 L 17
22 0 L 21
23 0 U 18
24 0 U -1
25 0 L 4
26 1 L 23
27 1 L 6
28 1 L 0
29 0 L -1
30 1 U 22
31 0 L 30
32 0 U -1
33 1 U 18
34 1 U 31
35 0 U 30
36 1 L 16
37 1 U 31
38 1 L 34
39 1 L 28
40 0 L 15
41 1 L 29
42 0 U 11
43 0 L 2
44 0 U 42
45 0 L 35
46 1 L -1
47 1 U 12
48 1 L 43
49
0 1 L -1
1 0 U -1
2 0 U 1
3 1 U -1
4 0 U -1
5 1 L 4
6 1 L 3
7 0 U 5
8 0 U -1
9 1 U 8
10 0 L -1
11 1 L 7
12 0 L 2
13 0 L -1
14 1 L -1
15 0 U -1
16 1 L 1
17 1 L 4
18 1 U 4
19 0 U -1
20 0 U 11
21 0 L 17
22 0 L 21
23 1 U 18
24 0 U -1
25 1 L 4
26 1 L 19
27 1 L 4
28 1 L 14
29 0 L -1
30 1 U 22
31 0 L 15
32 0 U -1
33 0 U 7
34 0 U 22
35 0 U 30
36 0 L 16
37 1 U 31
38 1 L 34
39 0 L 28
40 1 L 15
41 1 L 13
42 1 U 11
43 0 L 13
44 0 U 14
45 0 L 35
46 1 L -1
47 1 U 12
48 1 L 43
49
0 1 U -1
1 0 U -1
2 0 U 1
3 1 U -1
4 0 U -1
5 1 L 4
6 1 L 3
7 0 U 1
8 0 U -1
9 1 U 8
10 0 L -1
11 1 L 7
12 1 L 2
13 0 L -1
14 1 L -1
15 0 U -1
16 1 L 13
17 1 L 6
18 1 U 4
19 0 U -1
20 0 U 13
21 0 L 17
22 0 L 21
23 0 U 18
24 0 U -1
25 1 L 4
26 0 L 19
27 1 L 4
28 1 L 14
29 0 L -1
30 1 U 22
31 0 L 30
32 0 U -1
33 1 U 6
34 1 U 22
35 0 U 30
36 0 L 16
37 1 U 28
38 1 L 34
39 1 L 28
40 1 L 30
41 1 L 13
42 1 U 23
43 1 L 13
44 0 U 14
45 0 L 35
46 1 L -1
47 1 U 12
48 1 L 3
49
0 1 L -1
1 0 U -1
2 0 U 1
3 1 U -1
4 0 U -1
5 0 L 4
6 1 L 3
7 0 U 5
8 0 U -1
9 1 U 8
10 0 L -1
11 1 L 7
12 1 L 2
13 0 L -1
14 1 L -1
15 0 U -1
16 1 L 13
17 1 L 6
18 0 U 4
19 0 U 5
20 0 U 13
21 0 L 5
22 0 L 21
23 1 U 10
24 0 U -1
25 1 L 4
26 1 L 19
27 1 L 4
28 1 L 0
29 0 L -1
30 1 U 22
31 1 L 30
32 0 U -1
33 0 U 7
34 1 U 22
35 0 U 30
36 1 L 16
37 0 U 28
38 1 L 34
39 1 L 16
40 1 L 15
41 0 L 13
42 0 U 23
43 1 L 29
44 0 U 14
45 0 L 21
46 1 L -1
47 1 U 32
48 1 L 3
49
0 1 U -1
1 0 U -1
2 0 U 1
3 1 U -1
4 0 U -1
5 1 L 4
6 1 L 3
7 0 U 5
8 0 U -1
9 0 U 8
10 0 L -1
11 1 L 7
12 1 L 2
13 0 L -1
14 0 L -1
15 0 U -1
16 1 L 13
17 1 L 6
18 0 U 15
19 0 U 3
20 0 U 11
21 1 L 17
22 0 L 21
23 0 U 19
24 0 U -1
25 1 L 4
26 1 L 19
27 1 L 6
28 1 L 14
29 0 L -1
30 1 U 22
31 1 L 30
32 0 U -1
33 1 U 26
34 1 U 22
35 0 U 30
36 1 L 16
37 1 U 20
38 1 L 34
39 1 L 16
40 1 L 30
41 0 L 29
42 1 U 23
43 1 L 29
44 0 U 25
45 0 L 21
46 1 L -1
47 1 U 32
48 1 L 16
49
0 1 L -1
1 0 U -1
2 0 U 1
3 1 U -1
4 0 U -1
5 1 L 4
6 1 L 3
7 0 U 1
8 0 U -1
9 0 U 8
10 0 L -1
11 1 L 7
12 0 L 2
13 0 L -1
14 0 L -1
15 0 U -1
16 1 L 13
17 1 L 6
18 0 U 15
19 1 U 3
20 0 U 11
21 0 L 17
22 0 L 21
23 0 U 19
24 0 U -1
25 1 L 6
26 0 L 19
27 1 L 4
28 1 L 14
29 0 L -1
30 1 U 22
31 1 L 30
32 0 U -1
33 0 U 10
34 0 U 31
35 0 U 30
36 1 L 16
37 1 U 20
38 1 L 34
39 1 L 16
40 0 L 15
41 0 L 13
42 1 U 23
43 1 L 29
44 0 U 25
45 0 L 35
46 1 L -1
47 1 U 32
48 1 L 3
49
0 1 U -1
1 0 U -1
2 0 U 1
3 1 U -1
4 0 U -1
5 1 L 4
6 1 L 3
7 0 U 3
8 0 U -1
9 0 U 8
10 0 L -1
11 1 L 7
12 0 L 2
13 0 L -1
14 0 L -1
15 0 U -1
16 1 L 13
17 1 L 6
18 0 U 4
19 0 U 5
20 0 U 13
21 0 L 17
22 0 L 21
23 1 U 19
24 0 U -1
25 1 L 6
26 0 L 19
27 1 L 4
28 1 L 14
29 0 L -1
30 1 U 22
31 0 U 18
32 0 U -1
33 1 U 10
34 1 U 31
35 0 U 30
36 1 L 16
37 0 U 31
38 0 L 34
39 1 L 16
40 0 L 30
41 0 L 29
42 0 U 18
43 1 L 13
44 0 U 25
45 0 L 35
46 1 L -1
47 1 U 4
48 1 L 16
49
0 1 U -1
1 0 U -1
2 0 U 1
3 1 U -1
4 0 U -1
5 0 L 4
6 1 L 3
7 0 U 5
8 0 U -1
9 0 U 1
10 1 L -1
11 1 L 7
12 0 L 2
13 0 L -1
14 1 L -1
15 0 U -1
16 1 L 13
17 1 L 6
18 0 U 4
19 0 U 3
20 0 U 13
21 0 L 17
22 0 L 21
23 1 U 19
24 0 U -1
25 0 L 6
26 0 L 19
27 1 L 4
28 1 L 14
29 0 L -1
30 1 U 22
31 1 L 15
32 0 U -1
33 0 U 6
34 0 U 22
35 0 U 30
36 1 L 16
37 0 U 33
38 1 L 34
39 1 L 16
40 1 L 30
41 1 L 1
42 1 U 23
43 0 L 13
44 0 U 25
45 0 L 21
46 1 L -1
47 1 U 4
48 1 L 43
49
0 1 L -1
1 0 U -1
2 0 U 1
3 1 U -1
4 0 U -1
5 0 L 4
6 1 L 3
7 0 U 3
8 0 U -1
9 0 U 8
10 0 L -1
11 1 L 7
12 0 L 2
13 0 L -1
14 0 L -1
15 0 U -1
16 1 L 13
17 1 L 6
18 0 U 4
19 0 U 3
20 0 U 11
21 0 L 17
22 0 L 21
23 0 U 19
24 0 U -1
25 1 L 4
26 0 L 19
27 1 L 4
28 1 L 14
29 0 L -1
30 1 U 22
31 1 U 11
32 0 U -1
33 0 U 6
34 0 U 31
35 0 U 30
36 1 L 16
37 0 U 33
38 1 L 34
39 1 L 16
40 0 L 30
41 0 L 29
42 1 U 23
43 0 L 2
44 0 U 14
45 0 L 21
46 1 L -1
47 1 U 4
48 1 L 43
49
0 1 U -1
1 0 U -1
2 0 U 1
3 1 U -1
4 0 U -1
5 0 L 4
6 1 L 3
7 0 U 1
8 0 U -1
9 0 U 8
10 1 L -1
11 1 L 7
12 1 L 2
13 0 L -1
14 1 L -1
15 0 U -1
16 1 L 13
17 1 L 6
18 0 U 15
19 1 U 1
20 0 U 13
21 0 L 5
22 0 L 21
23 0 U 9
24 0 U -1
25 0 L 6
26 0 L 19
27 1 L 6
28 1 L 14
29 0 L -1
30 1 U 22
31 1 U 23
32 0 U -1
33 1 U 6
34 1 U 31
35 0 U 30
36 1 L 16
37 1 U 31
38 1 L 34
39 1 L 16
40 1 L 30
41 0 L 29
42 0 U 23
43 1 L 29
44 0 U 42
45 0 L 21
46 1 L 43
47 1 U 4
48 0 L 43
49
0 1 U -1
1 0 U -1
2 0 U 1
3 1 U -1
4 0 U -1
5 0 L 4
6 1 L 3
7 0 U 1
8 0 U -1
9 0 U 8
10 1 L -1
11 1 L 7
12 1 L 2
13 0 L -1
14 0 L -1
15 0 U -1
16 1 L 13
17 1 L 6
18 0 U 15
19 0 U -1
20 0 U 11
21 0 L 5
22 0 L 21
23 1 U 12
24 0 U -1
25 0 L 4
26 0 L 23
27 1 L 6
28 1 L 14
29 0 L -1
30 1 U 22
31 1 U 11
32 0 U -1
33 1 U 7
34 1 U 28
35 0 U 30
36 1 L -1
37 0 U 28
38 0 L 34
39 1 L 16
40 0 L 18
41 0 L 13
42 1 U 11
43 0 L 29
44 0 U 25
45 0 L 21
46 1 L 43
47 1 U 4
48 1 L 16
49
0 1 L -1
1 0 U -1
2 0 U 1
3 1 U -1
4 0 U -1
5 1 L 4
6 1 L 3
7 0 U 5
8 0 U -1
9 0 U 8
10 1 L -1
11 1 L 7
12 0 L 2
13 0 L -1
14 0 L -1
15 0 U -1
16 1 L 13
17 1 L 6
18 0 U 15
19 0 U -1
20 0 U 11
21 0 L 17
22 0 L 21
23 0 U 19
24 0 U -1
25 0 L 4
26 1 L 23
27 1 L 4
28 1 L 14
29 0 L -1
30 1 U 22
31 0 U 6
32 0 U -1
33 1 U 6
34 0 U 28
35 0 U 30
36 1 L -1
37 0 U 20
38 1 L 23
39 1 L 16
40 0 L 18
41 0 L 29
42 1 U 13
43 1 L 29
44 0 U 42
45 0 L 21
46 1 L 28
47 1 U 4
48 1 L 3
49
0 1 L -1
1 0 U -1
2 0 U 1
3 1 U -1
4 0 U -1
5 0 L 4
6 1 L 3
7 0 U 3
8 0 U -1
9 0 U 8
10 1 L -1
11 1 L 7
12 0 L 2
13 0 L -1
14 0 L -1
15 0 U -1
16 1 L 13
17 1 L 6
18 0 U 4
19 0 U -1
20 0 U 11
21 0 L 17
22 0 L 21
23 0 U 19
24 0 U -1
25 0 L 4
26 0 L 19
27 1 L 4
28 1 L 14
29 0 L -1
30 1 U 22
31 0 U 6
32 0 U -1
33 0 U 6
34 1 U 22
35 0 U 30
36 1 L -1
37 1 U 28
38 1 L 23
39 1 L 16
40 1 L 18
41 1 L 3
42 0 U 18
43 1 L 29
44 0 U 25
45 0 L 21
46 1 L 28
47 1 U 12
48 0 L 29
49
0 1 L -1
1 0 U -1
2 0 U 1
3 1 U -1
4 0 U -1
5 0 L 4
6 1 L 3
7 0 U 5
8 0 U -1
9 0 U 8
10 1 L -1
11 1 L 7
12 1 L 2
13 0 L -1
14 0 L -1
15 0 U -1
16 1 L 13
17 1 L 6
18 0 U 4
19 1 U -1
20 0 U 13
21 0 L 17
22 0 L 21
23 0 U 19
24 0 U -1
25 1 L 6
26 0 L 19
27 1 L 4
28 1 L 14
29 0 L -1
30 1 U 22
31 0 U 7
32 0 U -1
33 1 U 26
34 0 U 28
35 0 U 30
36 1 L -1
37 1 U 33
38 1 L 34
39 1 L 16
40 1 L 18
41 0 L 3
42 0 U 13
43 1 L 29
44 0 U 25
45 0 L 21
46 1 L 43
47 1 U 12
48 0 L 10
49
0 1 L -1
1 0 U -1
2 0 U 1
3 1 U -1
4 0 U -1
5 0 L 4
6 1 L 3
7 0 U 1
8 0 U -1
9 0 U 1
10 1 L -1
11 1 L 7
12 1 L 2
13 0 L -1
14 0 L -1
15 0 U -1
16 1 L 13
17 1 L 4
18 0 U 15
19 1 U -1
20 0 U 11
21 1 L 17
22 0 L 21
23 0 L 15
24 0 U -1
25 1 L 4
26 1 L 19
27 1 L 6
28 1 L 14
29 0 L -1
30 1 U 22
31 0 U 11
32 0 U -1
33 1 U 6
34 0 U 28
35 0 U 30
36 1 L -1
37 0 U 33
38 1 L 34
39 1 L 16
40 0 L 18
41 1 L 3
42 1 U 13
43 1 L 29
44 0 U 25
45 0 L 35
46 1 L 28
47 1 U 12
48 0 L 10
49
0 1 U -1
1 0 U -1
2 0 U 1
3 1 U -1
4 0 U -1
5 1 L 4
6 1 L 3
7 0 U 3
8 0 U -1
9 0 U 8
10 1 L -1
11 1 L 7
12 1 L 2
13 0 L -1
14 0 L -1
15 0 U -1
16 1 L 13
17 1 L 4
18 0 U 15
19 1 U 5
20 0 U 11
21 0 L 17
22 0 L 21
23 0 U 9
24 0 U -1
25 1 L 4
26 1 L 19
27 1 L 4
28 1 L 14
29 0 L -1
30 1 U 22
31 1 U 23
32 0 U -1
33 1 U 6
34 1 U 28
35 0 U 30
36 0 L -1
37 0 U 28
38 1 L 34
39 1 L 16
40 0 L 18
41 0 L 28
42 1 U 13
43 1 L 29
44 0 U 25
45 0 L 35
46 1 L 43
47 1 U 12
48 0 L 12
49
0 1 L -1
1 0 U -1
2 0 U 1
3 1 U -1
4 0 U -1
5 0 L 4
6 1 L 3
7 0 U 1
8 0 U -1
9 0 U 8
10 1 L -1
11 1 L 7
12 0 L 2
13 0 L -1
14 0 L -1
15 0 U -1
16 1 L 13
17 1 L 4
18 0 U 15
19 0 U -1
20 0 U 13
21 1 L 17
22 0 L 21
23 1 U 9
24 0 U -1
25 0 L 4
26 0 L 19
27 1 L 6
28 1 L 14
29 0 L -1
30 1 U 22
31 0 U 13
32 0 U -1
33 0 U 26
34 1 U 22
35 0 U 30
36 0 L -1
37 0 U 28
38 1 L 34
39 1 L 16
40 1 L 15
41 0 L 28
42 1 U 11
43 1 L 29
44 0 U 25
45 0 L 21
46 1 L 0
47 1 U 12
48 0 L 43
49
0 1 U -1
1 0 U -1
2 0 U 1
3 1 U -1
4 0 U -1
5 1 L 4
6 1 L 3
7 0 U 5
8 0 U -1
9 0 U 8
10 1 L -1
11 1 L 7
12 1 L 2
13 0 L -1
14 0 L -1
15 0 U -1
16 1 L 13
17 1 L 4
18 0 U 4
19 1 U 8
20 0 U 11
21 0 L 17
22 0 L 21
23 1 U 19
24 0 U -1
25 1 L 4
26 1 L 19
27 0 L 25
28 1 L 14
29 0 L -1
30 1 U 22
31 1 U 13
32 0 U -1
33 1 U 7
34 1 U 31
35 0 U 30
36 1 L -1
37 0 U 33
38 1 L 34
39 1 L 16
40 1 L 18
41 0 L 28
42 0 U 11
43 1 L 29
44 0 U 25
45 0 L 28
46 1 L 13
47 1 U 4
48 0 L 43
49
0 1 L -1
1 0 U -1
2 0 U 1
3 1 U 1
4 0 U -1
5 0 L 4
6 1 L 3
7 0 U 5
8 0 U -1
9 0 U 8
10 1 L -1
11 1 L 7
12 0 L 2
13 0 L -1
14 0 L -1
15 0 U -1
16 1 L 13
17 1 L 4
18 0 U 4
19 1 U 8
20 1 U 11
21 0 L 17
22 0 L 21
23 0 U 9
24 0 U -1
25 0 L 4
26 1 L 19
27 0 L 17
28 1 L 14
29 0 L -1
30 1 U 22
31 0 L 18
32 0 U -1
33 0 U 7
34 0 U 31
35 0 U 30
36 0 L -1
37 0 U 33
38 1 L 34
39 1 L 16
40 0 L 18
41 1 L 6
42 1 U 11
43 1 L 29
44 0 U 25
45 1 L 28
46 1 L 36
47 1 U 4
48 0 L 16
49
0 1 L -1
1 0 U -1
2 0 U 1
3 1 U -1
4 0 U -1
5 0 L 4
6 1 L 3
7 0 U 5
8 0 U -1
9 0 U 8
10 1 L -1
11 1 L 7
12 1 L 2
13 0 L -1
14 0 L -1
15 0 U -1
16 1 L 13
17 1 L 4
18 0 U 4
19 1 U 5
20 1 U 11
21 0 L 17
22 0 L 21
23 0 U 9
24 0 U -1
25 0 L 4
26 1 L 19
27 0 L 17
28 1 L 14
29 0 L -1
30 1 U 22
31 0 L 15
32 0 U -1
33 1 U 6
34 1 U 31
35 0 U 30
36 0 L -1
37 0 U 33
38 0 L 34
39 1 L 16
40 1 L 35
41 1 L 6
42 1 U 23
43 1 L 29
44 0 U 25
45 1 L 3
46 1 L 36
47 1 U 4
48 0 L 45
49
0 1 L -1
1 0 U -1
2 0 U 1
3 1 U -1
4 0 U -1
5 1 L 4
6 1 L 3
7 0 U 1
8 0 U -1
9 0 U 8
10 1 L -1
11 1 L 7
12 0 L 3
13 0 L 10
14 0 L -1
15 0 U -1
16 1 U 13
17 1 L 4
18 0 U 4
19 1 U 5
20 0 U 11
21 0 L 5
22 0 L 21
23 1 U 2
24 0 U -1
25 0 L 4
26 0 L 19
27 0 L 3
28 1 L 25
29 0 L -1
30 1 U 22
31 0 L 30
32 0 U -1
33 1 U 7
34 1 U 22
35 0 U 30
36 0 L -1
37 0 U 33
38 1 L 34
39 0 L 16
40 1 L 35
41 1 L 6
42 0 U 23
43 1 L 29
44 0 U 25
45 1 L 16
46 1 L 10
47 1 U 32
48 0 L 45
49
0 1 U -1
1 0 U -1
2 0 U 1
3 1 U -1
4 0 U -1
5 1 L 4
6 1 L 3
7 0 U 5
8 0 U -1
9 0 U 8
10 1 L -1
11 1 L 7
12 0 L 3
13 0 L 0
14 0 L -1
15 0 U -1
16 1 U 13
17 1 L 4
18 0 U 4
19 1 U 8
20 1 U 12
21 0 L 5
22 0 L 21
23 0 U 19
24 0 U -1
25 0 L 4
26 0 L 19
27 0 L 3
28 1 L 25
29 0 L -1
30 1 U 14
31 0 U 11
32 0 U -1
33 1 U 6
34 1 U 16
35 0 U 30
36 0 L -1
37 1 U 33
38 1 L 34
39 0 L 16
40 1 L 35
41 1 L 6
42 0 U 12
43 1 L 29
44 0 U 25
45 1 L 43
46 1 L 0
47 1 U 32
48 0 L 45
49
0 1 U -1
1 0 U -1
2 0 U 1
3 1 U -1
4 0 U -1
5 0 L 4
6 1 L 3
7 0 U 5
8 0 U -1
9 0 U 8
10 1 L -1
11 1 L 7
12 0 L 3
13 0 L 0
14 0 L -1
15 0 U -1
16 1 U 13
17 1 L 4
18 0 U 4
19 0 U -1
20 1 U 12
21 1 L 17
22 0 L 21
23 1 U 19
24 0 U -1
25 0 L 4
26 0 L 19
27 0 L 3
28 1 L 25
29 0 L -1
30 1 U 14
31 0 U 13
32 0 U -1
33 1 U 7
34 1 U 31
35 0 U 30
36 1 L -1
37 1 U 33
38 1 L 34
39 0 L 16
40 0 L 35
41 1 L 39
42 1 U 12
43 1 L 29
44 0 U 20
45 1 L 3
46 1 L 10
47 1 U 32
48 0 L 12
49
0 1 U -1
1 0 U -1
2 0 U 1
3 1 U -1
4 0 U -1
5 0 L 4
6 1 L 3
7 0 U 3
8 0 U -1
9 0 U 8
10 1 L -1
11 1 L 7
12 0 L 3
13 0 L 0
14 0 L -1
15 0 U -1
16 1 U 13
17 1 L 6
18 0 U 4
19 0 U -1
20 1 U 11
21 0 L 17
22 0 L 21
23 0 U 19
24 0 U -1
25 0 L 4
26 1 L 19
27 0 L 3
28 1 L 17
29 0 L -1
30 1 U 22
31 1 U 11
32 0 U -1
33 1 U 7
34 0 U 22
35 0 U 30
36 1 L -1
37 1 U 33
38 1 L 34
39 0 L 16
40 1 L 35
41 1 L 4
42 1 U 18
43 1 L 29
44 0 U 20
45 1 L 13
46 1 L 36
47 1 U 32
48 0 L 12
49
0 1 U -1
1 0 U -1
2 0 U 1
3 1 U -1
4 0 U -1
5 1 L 4
6 1 L 3
7 0 U 0
8 0 U -1
9 0 U 1
10 0 L -1
11 1 L 7
12 0 L 3
13 0 L 0
14 0 L -1
15 0 U -1
16 1 U 13
17 1 L 6
18 0 U 4
19 0 U -1
20 1 U 11
21 0 L 17
22 0 L 21
23 0 U 19
24 0 U -1
25 0 L 15
26 1 L 19
27 0 L 3
28 1 L 17
29 0 L -1
30 1 U 22
31 0 U 12
32 0 U -1
33 1 U 26
34 0 U 16
35 0 U 30
36 1 L -1
37 0 U 27
38 1 L 23
39 0 L 16
40 1 L 35
41 1 L 6
42 0 U 12
43 1 L 29
44 0 U 20
45 1 L 13
46 1 L 14
47 1 U 4
48 0 L 12
49
0 1 U -1
1 0 U -1
2 0 U 1
3 1 U -1
4 0 U -1
5 1 L 4
6 1 L 3
7 0 U 0
8 0 U -1
9 0 U 1
10 1 L -1
11 1 L 7
12 0 L 3
13 0 L 10
14 0 L -1
15 0 U -1
16 1 U 13
17 1 L 6
18 0 U 15
19 1 U -1
20 1 U 13
21 0 L 5
22 0 L 21
23 0 U 19
24 0 U -1
25 0 L 15
26 1 L 23
27 0 L 3
28 1 L 17
29 0 L -1
30 1 U 22
31 0 U 13
32 0 U -1
33 0 U 26
34 1 U 22
35 0 U 30
36 1 L -1
37 1 U 27
38 1 L 23
39 0 L 16
40 1 L 35
41 1 L 6
42 1 U 12
43 1 L 29
44 0 U 42
45 1 L 16
46 1 L 14
47 1 U 4
48 0 L 12
49
0 1 U -1
1 0 U -1
2 0 U 1
3 1 U -1
4 0 U -1
5 1 L 4
6 1 L 3
7 0 U 3
8 0 U -1
9 0 U 1
10 1 L -1
11 1 L 7
12 0 L 3
13 0 L 10
14 0 L -1
15 0 U -1
16 1 U 13
17 1 L 6
18 0 U 15
19 1 U -1
20 1 U 13
21 0 L 5
22 0 L 21
23 1 U 19
24 0 U -1
25 1 L 4
26 1 L 23
27 0 L 3
28 1 L 17
29 0 L -1
30 1 U 22
31 1 U 26
32 0 U -1
33 1 U 26
34 0 U 27
35 0 U 30
36 0 L -1
37 0 U 27
38 1 L 23
39 0 L 16
40 0 L 15
41 1 L 39
42 0 U 31
43 1 L 29
44 0 U 20
45 1 L 16
46 1 L 0
47 1 U 4
48 0 L 45
49
0 1 U -1
1 0 U -1
2 0 U 1
3 1 U -1
4 0 U -1
5 1 L 4
6 1 L 3
7 0 U 5
8 0 U -1
9 0 U 8
10 0 L -1
11 1 L 7
12 0 L 3
13 0 L 0
14 0 L -1
15 0 U -1
16 1 U 13
17 0 L 6
18 0 U 4
19 0 U -1
20 1 U 13
21 1 L 17
22 0 L 21
23 0 U 19
24 0 U -1
25 0 L 4
26 1 L 19
27 0 L 3
28 1 L 5
29 0 L -1
30 1 U 22
31 0 U 6
32 0 U -1
33 1 U 26
34 0 U 27
35 0 U 30
36 1 L -1
37 0 U 33
38 1 L 23
39 0 L 16
40 0 L 35
41 1 L 6
42 0 U 11
43 1 L 29
44 0 U 37
45 1 L 3
46 1 L 0
47 1 U 4
48 0 L 45
49
0 1 L -1
1 0 U -1
2 0 U 1
3 1 U -1
4 0 U -1
5 0 L 4
6 1 L 3
7 0 U 1
8 0 U -1
9 0 U 8
10 1 L -1
11 1 L 7
12 0 L 3
13 0 L -1
14 0 L -1
15 0 U -1
16 1 U 13
17 1 L 4
18 0 U 4
19 1 U -1
20 1 U 13
21 1 L 5
22 0 L 21
23 1 U 19
24 0 U -1
25 0 L 4
26 1 L 19
27 0 L 3
28 1 L 5
29 0 L -1
30 1 U 22
31 0 U 6
32 0 U -1
33 1 U 26
34 0 U 27
35 0 U 30
36 0 L -1
37 1 U 33
38 0 L 23
39 0 L 16
40 0 L 35
41 0 L 39
42 1 U 11
43 1 L 29
44 0 U 42
45 1 L 43
46 1 L 36
47 1 U 4
48 0 L 45
49
0 1 L -1
1 0 U -1
2 0 U 1
3 1 U -1
4 0 U -1
5 1 L 4
6 1 L 3
7 0 U 1
8 0 U -1
9 0 U 1
10 1 L -1
11 1 L 7
12 0 L 3
13 0 L 10
14 0 L -1
15 0 U -1
16 1 U 13
17 1 L 6
18 0 U 15
19 1 U -1
20 1 U 13
21 1 L 5
22 0 L 21
23 1 U 19
24 0 U -1
25 0 L 4
26 0 L 19
27 0 L 16
28 1 L 5
29 0 L -1
30 1 U 22
31 0 U 7
32 0 U -1
33 0 U 26
34 1 U 27
35 0 U 30
36 1 L -1
37 1 U 33
38 0 L 23
39 0 L 16
40 0 L 35
41 1 L 39
42 0 U 13
43 1 L 29
44 0 U 20
45 1 L 16
46 1 L 29
47 1 U 4
48 0 L 45
49
0 1 L -1
1 0 U -1
2 0 U 1
3 1 U -1
4 0 U -1
5 0 L 4
6 1 L 3
7 0 U 3
8 0 U -1
9 0 U 1
10 1 L -1
11 1 L 7
12 0 L 3
13 0 L -1
14 0 L -1
15 0 U -1
16 1 U 13
17 1 L 6
18 0 U 4
19 0 U -1
20 1 U 11
21 1 L 5
22 0 L 21
23 1 U 0
24 0 U -1
25 1 L 6
26 1 L 19
27 0 L 16
28 1 L 17
29 0 L -1
30 1 U 22
31 0 U 7
32 0 U -1
33 0 U 26
34 1 U 33
35 0 U 30
36 0 L -1
37 0 U 33
38 0 L 23
39 0 L 16
40 0 L 35
41 1 L 4
42 1 U 12
43 1 L 29
44 0 U 20
45 1 L 3
46 1 L 29
47 1 U 4
48 0 L 12
49
0 1 U -1
1 0 U -1
2 0 U 1
3 1 U -1
4 0 U -1
5 1 L 4
6 1 L 3
7 0 U 3
8 0 U -1
9 0 U 8
10 0 L -1
11 1 L 7
12 0 L 3
13 0 L 0
14 0 L -1
15 0 U -1
16 1 U 13
17 1 L 6
18 0 U 15
19 1 U -1
20 1 U 12
21 0 L 5
22 0 L 21
23 1 U 0
24 0 U -1
25 1 L 6
26 1 L 23
27 0 L 16
28 1 L 25
29 0 L -1
30 1 U 22
31 1 U 6
32 0 U -1
33 1 U 26
34 1 U 33
35 0 U 30
36 0 L -1
37 1 U 27
38 1 L 23
39 0 L 16
40 0 L 15
41 1 L 4
42 0 U 12
43 1 L 29
44 0 U 20
45 1 L 3
46 1 L 10
47 1 U 32
48 0 L 45
49
0 1 U -1
1 0 U -1
2 0 U 1
3 1 U 1
4 0 U -1
5 1 L 4
6 1 L 3
7 0 U 5
8 0 U -1
9 0 U 8
10 1 L -1
11 1 L 7
12 0 L 3
13 0 L 0
14 0 L -1
15 0 U -1
16 1 U 13
17 1 L 6
18 0 U 15
19 0 U -1
20 1 U 13
21 0 L 5
22 0 L 21
23 0 U 19
24 0 U -1
25 1 L 4
26 0 L 23
27 0 L 3
28 1 L 25
29 0 L -1
30 1 U 22
31 1 U 6
32 0 U -1
33 0 U 26
34 1 U 27
35 0 U 30
36 0 L -1
37 1 U 27
38 1 L 34
39 0 L 16
40 1 L 15
41 0 L 39
42 1 U 12
43 1 L 29
44 0 U 42
45 1 L 3
46 1 L 29
47 1 U 32
48 0 L 45
49
0 1 L -1
1 0 U -1
2 0 U 1
3 1 U -1
4 0 U -1
5 1 L 4
6 1 L 3
7 0 U 3
8 0 U -1
9 0 U 1
10 0 L -1
11 1 L 7
12 0 L 3
13 0 L 0
14 0 L -1
15 0 U -1
16 1 U 13
17 0 L 6
18 0 U 15
19 0 U -1
20 1 U 11
21 0 L 5
22 0 L 21
23 0 U 19
24 0 U -1
25 0 L 6
26 1 L 23
27 0 L 16
28 1 L 5
29 0 L -1
30 1 U 22
31 0 U 7
32 0 U -1
33 0 U 26
34 1 U 33
35 0 U 30
36 0 L -1
37 0 U 27
38 1 L 34
39 0 L 16
40 1 L 35
41 0 L 4
42 1 U 11
43 1 L 29
44 0 U 37
45 1 L 43
46 1 L 14
47 1 U 32
48 0 L 12
49
0 1 U -1
1 0 U -1
2 0 U 1
3 1 U -1
4 0 U -1
5 1 L 4
6 1 L 3
7 0 U 5
8 0 U -1
9 0 U 1
10 1 L -1
11 1 L 7
12 0 L 3
13 0 L -1
14 0 L -1
15 0 U -1
16 1 U 13
17 1 L 6
18 0 U 15
19 0 U -1
20 1 U 13
21 0 L 17
22 0 L 21
23 0 U 19
24 0 U -1
25 0 L 6
26 0 L 23
27 0 L 16
28 1 L 5
29 0 L -1
30 1 U 22
31 1 U 26
32 0 U -1
33 0 U 6
34 0 U 33
35 0 U 30
36 0 L -1
37 1 U 33
38 1 L 23
39 0 L 16
40 1 L 35
41 1 L 4
42 1 U 11
43 1 L 29
44 0 U 25
45 1 L 3
46 1 L 29
47 1 U 32
48 0 L 12
49
0 1 U -1
1 0 U -1
2 0 U 1
3 1 U 1
4 0 U -1
5 1 L 4
6 1 L 3
7 0 U 1
8 0 U -1
9 0 U 1
10 1 L -1
11 1 L 7
12 0 L 3
13 0 L 10
14 0 L -1
15 0 U -1
16 1 U 13
17 1 L 6
18 0 U 15
19 1 U -1
20 1 U 13
21 0 L 5
22 0 L 21
23 1 U 19
24 0 U -1
25 0 L 6
26 0 L 23
27 0 L 3
28 1 L 17
29 0 L -1
30 1 U 22
31 0 L 18
32 0 U -1
33 0 U 26
34 0 U 33
35 0 U 30
36 0 L -1
37 1 U 14
38 0 L 23
39 0 L 3
40 0 L 35
41 1 L 39
42 0 U 31
43 1 L 29
44 0 U 42
45 1 L 43
46 1 L 29
47 1 U 32
48 0 L 12
49
0 1 U -1
1 0 U -1
2 0 U 1
3 1 U -1
4 0 U -1
5 0 L 4
6 1 L 3
7 0 U 5
8 0 U -1
9 0 U 1
10 1 L -1
11 1 L 7
12 0 L 3
13 0 L 10
14 0 L -1
15 0 U -1
16 1 U 13
17 1 L 4
18 0 U 15
19 1 U -1
20 0 U 13
21 1 L 5
22 0 L 21
23 1 U 19
24 0 U -1
25 0 L 4
26 0 L 23
27 0 L 3
28 1 L 17
29 0 L -1
30 1 U 22
31 1 L 15
32 0 U -1
33 0 U 26
34 0 U 33
35 0 U 30
36 0 L -1
37 1 U 14
38 0 L 23
39 0 L 16
40 0 L 35
41 0 L 39
42 1 U 13
43 1 L 29
44 0 U 42
45 1 L 3
46 1 L 36
47 1 U 32
48 0 L 12
49
0 1 U -1
1 0 U -1
2 0 U 1
3 1 U 0
4 0 U -1
5 1 L 4
6 1 L 3
7 0 U 1
8 0 U -1
9 0 U 8
10 1 L -1
11 1 L 7
12 0 L 3
13 0 L -1
14 0 L -1
15 0 U -1
16 1 U 13
17 1 L 4
18 0 U 4
19 1 U -1
20 0 U 13
21 1 L 17
22 0 L 21
23 0 L 15
24 0 U -1
25 0 L 4
26 1 L 19
27 0 L 3
28 1 L 17
29 0 L -1
30 1 U 22
31 0 L 15
32 0 U -1
33 1 U 26
34 0 U 27
35 0 U 30
36 1 L -1
37 1 U 14
38 0 L 31
39 0 L 16
40 0 L 35
41 1 L 6
42 0 U 11
43 1 L 29
44 0 U 42
45 1 L 43
46 1 L 0
47 1 U 32
48 0 L 12
49
0 1 L -1
1 0 U -1
2 0 U 1
3 1 U 1
4 0 U -1
5 1 L 4
6 1 L 3
7 0 U 1
8 0 U -1
9 0 U 8
10 1 L -1
11 1 L 7
12 0 L 3
13 0 L 10
14 0 L -1
15 0 U -1
16 1 U 13
17 1 L 6
18 0 U 4
19 1 U -1
20 1 U 11
21 0 L 5
22 0 L 21
23 1 U 4
24 0 U -1
25 0 L 4
26 0 L 23
27 0 L 3
28 1 L 5
29 0 L -1
30 1 U 22
31 0 L 15
32 0 U -1
33 0 U 26
34 0 U 27
35 0 U 30
36 1 L -1
37 1 U 33
38 1 L 31
39 0 L 16
40 0 L 35
41 1 L 6
42 1 U 11
43 1 L 29
44 0 U 25
45 1 L 43
46 1 L 10
47 1 U 32
48 0 L 12
49
0 1 U -1
1 0 U -1
2 0 U 1
3 1 U 1
4 0 U -1
5 1 L 4
6 1 L 3
7 0 U 5
8 0 U -1
9 0 U 8
10 1 L -1
11 1 L 7
12 0 L 3
13 0 L 10
14 0 L -1
15 0 U -1
16 1 U 13
17 1 L 6
18 0 U 4
19 1 U -1
20 1 U 12
21 1 L 17
22 0 L 21
23 0 L 15
24 0 U -1
25 0 L 6
26 1 L 19
27 0 L 3
28 1 L 25
29 0 L -1
30 1 U 22
31 1 L 15
32 0 U -1
33 0 U 26
34 0 U 33
35 0 U 30
36 0 L -1
37 1 U 27
38 0 L 31
39 0 L 16
40 0 L 35
41 1 L 6
42 0 U 11
43 1 L 29
44 0 U 42
45 1 L 3
46 1 L 0
47 1 U 32
48 0 L 12
49
0 1 L -1
1 0 U -1
2 0 U 1
3 1 U 0
4 0 U -1
5 0 L 4
6 1 L 3
7 0 U 1
8 0 U -1
9 0 U 8
10 1 L -1
11 1 L 7
12 0 L 3
13 0 L -1
14 0 L -1
15 0 U -1
16 1 U 13
17 1 L 6
18 0 U 4
19 1 U -1
20 0 U 12
21 0 L 5
22 0 L 21
23 0 U 19
24 0 U -1
25 0 L 6
26 1 L 19
27 0 L 3
28 1 L 17
29 0 L -1
30 1 U 22
31 1 L 15
32 0 U -1
33 1 U 26
34 1 U 33
35 0 U 30
36 1 L -1
37 1 U 27
38 1 L 23
39 0 L 16
40 0 L 35
41 1 L 6
42 0 U 11
43 1 L 29
44 0 U 37
45 1 L 43
46 1 L 14
47 1 U 32
48 0 L 45
49
0 1 L -1
1 0 U -1
2 0 U 1
3 1 U -1
4 0 U -1
5 1 L 4
6 1 L 3
7 0 U 3
8 0 U -1
9 0 U 8
10 1 L -1
11 1 L 7
12 0 L 3
13 0 L 10
14 0 L -1
15 0 U -1
16 1 U 13
17 0 L 6
18 0 U 4
19 1 U -1
20 1 U 11
21 1 L 5
22 0 L 21
23 1 U 19
24 0 U -1
25 0 L 6
26 1 L 19
27 0 L 3
28 1 L 5
29 0 L -1
30 1 U 22
31 0 L 30
32 0 U -1
33 1 U 26
34 0 U 27
35 0 U 30
36 1 L -1
37 0 U 27
38 0 L 23
39 0 L 16
40 0 L 35
41 0 L 6
42 0 U 11
43 1 L 29
44 0 U 37
45 1 L 43
46 1 L 36
47 1 U 32
48 0 L 45
49
0 1 U -1
1 0 U -1
2 0 U 1
3 1 U -1
4 0 U -1
5 1 L 4
6 1 L 3
7 0 U 3
8 0 U -1
9 0 U 1
10 1 L -1
11 1 L 7
12 0 L 3
13 0 L 0
14 0 L -1
15 0 U -1
16 1 U 13
17 1 L 6
18 0 U 4
19 0 U -1
20 1 U 11
21 1 L 5
22 0 L 21
23 1 U 19
24 0 U -1
25 1 L 6
26 0 L 19
27 0 L 3
28 1 L 25
29 0 L -1
30 1 U 22
31 1 L 30
32 0 U -1
33 0 U 26
34 1 U 33
35 0 U 30
36 0 L -1
37 0 U 27
38 1 L 23
39 0 L 16
40 0 L 35
41 1 L 6
42 0 U 18
43 1 L 29
44 0 U 37
45 1 L 43
46 1 L 14
47 1 U 32
48 0 L 45
49
0 1 L -1
1 0 U -1
2 0 U 1
3 1 U -1
4 0 U -1
5 0 L 4
6 1 L 3
7 0 U 5
8 0 U -1
9 0 U 1
10 0 L -1
11 1 L 7
12 1 L 2
13 0 L 0
14 0 L -1
15 0 U -1
16 1 U 13
17 1 L 4
18 0 U 15
19 1 U -1
20 1 U 11
21 1 L 5
22 0 L 21
23 1 U 19
24 0 U -1
25 0 L 4
26 1 L 19
27 0 L 3
28 1 L 17
29 0 L -1
30 1 U 22
31 0 L 30
32 0 U -1
33 0 U 26
34 1 U 33
35 0 U 30
36 1 L -1
37 1 U 33
38 1 L 23
39 0 L 16
40 0 L 15
41 1 L 39
42 1 U 27
43 1 L 29
44 0 U 25
45 1 L 13
46 1 L 36
47 1 U 32
48 0 L 45
49
0 1 U -1
1 0 U -1
2 0 U 1
3 1 U -1
4 0 U -1
5 1 L 4
6 0 L 3
7 0 U 3
8 0 U -1
9 0 U 1
10 1 L -1
11 1 L 7
12 1 L 2
13 0 L 0
14 0 L -1
15 0 U -1
16 1 U 13
17 1 L 4
18 0 U 15
19 1 U -1
20 0 U 13
21 1 L 5
22 0 L 21
23 1 U 0
24 0 U -1
25 1 L 4
26 0 L 23
27 0 L 3
28 1 L 17
29 0 L -1
30 1 U 22
31 1 L 30
32 0 U -1
33 0 L 23
34 0 U 33
35 0 U 30
36 0 L -1
37 0 U 33
38 0 L 31
39 0 L 16
40 0 L 30
41 0 L 39
42 1 U 31
43 1 L 29
44 0 U 25
45 1 L 16
46 1 L 36
47 1 U 4
48 0 L 45
49
0 1 U -1
1 0 U -1
2 0 U 1
3 1 U -1
4 0 U -1
5 1 L 4
6 0 L 3
7 0 U 1
8 0 U -1
9 0 U 8
10 0 L -1
11 1 L 7
12 0 L -1
13 0 L 0
14 0 L -1
15 0 U -1
16 1 U 13
17 1 L 4
18 0 U 4
19 0 U -1
20 0 U 13
21 1 L 5
22 0 L 21
23 1 U 0
24 0 U -1
25 1 L 4
26 1 L 23
27 0 L 3
28 1 L 17
29 0 L -1
30 1 U 22
31 1 L 30
32 0 U -1
33 0 U 26
34 1 U 33
35 0 U 30
36 1 L -1
37 1 U 20
38 1 L 31
39 0 L 16
40 0 L 30
41 0 L 39
42 1 U 6
43 1 L 29
44 0 U 25
45 1 L 43
46 1 L 36
47 1 U 4
48 0 L 45
49
0 1 L -1
1 0 U -1
2 0 U 1
3 1 U -1
4 0 U -1
5 1 L 4
6 0 L 3
7 0 U 5
8 0 U -1
9 0 U 8
10 1 L -1
11 1 L 7
12 1 L 2
13 0 L 0
14 0 L -1
15 0 U -1
16 1 U 13
17 1 L 4
18 0 U 4
19 1 U -1
20 0 U 13
21 1 L 5
22 0 L 21
23 1 U 0
24 0 U -1
25 1 L 4
26 0 L 23
27 0 L 3
28 1 L 25
29 0 L -1
30 1 U 22
31 1 L 30
32 0 U -1
33 1 U 23
34 0 U 33
35 0 U 30
36 1 L -1
37 0 U 20
38 0 L 23
39 0 L 16
40 0 L 30
41 0 L 39
42 0 U 6
43 1 L 29
44 0 U 16
45 1 L 43
46 1 L 14
47 1 U 4
48 0 L 45
49
0 1 U -1
1 0 U -1
2 0 U 1
3 1 U 1
4 0 U -1
5 1 L 4
6 0 L 3
7 0 U 1
8 0 U -1
9 0 U 8
10 0 L -1
11 1 L 7
12 1 L -1
13 0 L 10
14 0 L -1
15 0 U -1
16 1 U 13
17 1 L 4
18 0 U 15
19 1 U -1
20 0 U 13
21 1 L 5
22 0 L 21
23 0 U 0
24 0 U -1
25 1 L 4
26 1 L 23
27 0 L 3
28 1 L 25
29 0 L -1
30 1 U 22
31 0 L 15
32 0 U -1
33 0 U 23
34 0 U 33
35 0 U 30
36 1 L -1
37 0 U 20
38 0 L 31
39 0 L 16
40 0 L 30
41 0 L 39
42 1 U 31
43 1 L 29
44 0 U 25
45 1 L 16
46 1 L 29
47 1 U 32
48 0 L 45
49
0 1 L -1
1 0 U -1
2 0 U 1
3 1 U 1
4 0 U -1
5 1 L 4
6 0 L 3
7 0 U 5
8 0 U -1
9 0 U 8
10 1 L -1
11 1 L 7
12 1 L -1
13 0 L 12
14 0 L -1
15 0 U -1
16 1 U 13
17 1 L 4
18 0 U 15
19 0 U -1
20 0 U 11
21 0 L 5
22 0 L 21
23 0 U 0
24 0 U -1
25 0 L 4
26 1 L 19
27 0 L 16
28 1 L 17
29 0 L -1
30 1 U 22
31 1 L 15
32 0 U -1
33 0 U 23
34 1 U 33
35 0 U 30
36 1 L -1
37 0 U 33
38 0 L 31
39 0 L 16
40 0 L 15
41 1 L 39
42 0 U 31
43 1 L 29
44 0 U 25
45 1 L 43
46 1 L 29
47 1 U 32
48 0 L 45
49
0 1 U -1
1 0 U -1
2 0 U 1
3 1 U -1
4 0 U -1
5 0 L 4
6 0 L 3
7 0 U 1
8 0 U -1
9 0 U 8
10 1 L -1
11 1 L 7
12 1 L -1
13 0 L 0
14 0 L -1
15 0 U -1
16 1 U 13
17 1 L 4
18 0 U 15
19 1 U -1
20 0 U 11
21 1 L 17
22 0 L 21
23 0 U 0
24 0 U -1
25 0 L 4
26 1 L 23
27 0 L 16
28 1 L 25
29 0 L -1
30 1 U 22
31 1 L 15
32 0 U -1
33 0 U 23
34 1 U 33
35 0 U 30
36 1 L -1
37 0 U 20
38 1 L 31
39 0 L 16
40 0 L 15
41 1 L 39
42 0 U 18
43 1 L 29
44 0 U 25
45 1 L 43
46 1 L 36
47 1 U 4
48 0 L 45
49
0 1 U -1
1 0 U -1
2 0 U 1
3 1 U -1
4 0 U -1
5 1 L 4
6 0 L 3
7 0 U 3
8 0 U -1
9 0 U 8
10 0 L -1
11 1 L 7
12 1 L 2
13 0 L 0
14 0 L -1
15 0 U -1
16 1 U 13
17 1 L 4
18 0 U 4
19 1 U -1
20 0 U 13
21 1 L 5
22 0 L 21
23 1 L 15
24 0 U -1
25 1 L 4
26 0 L 23
27 0 L 16
28 1 L 25
29 0 L -1
30 1 U 22
31 1 L 15
32 0 U -1
33 1 U 10
34 0 U 33
35 0 U 30
36 1 L -1
37 0 U 20
38 0 L 31
39 0 L 16
40 0 L 15
41 1 L 4
42 1 U 11
43 1 L 29
44 0 U 25
45 1 L 43
46 1 L 29
47 1 U 4
48 1 L 45
49
0 1 U -1
1 0 U -1
2 0 U 1
3 1 U -1
4 0 U -1
5 0 L 4
6 0 L 3
7 0 U 3
8 0 U -1
9 0 U 8
10 0 L -1
11 1 L 7
12 0 L 2
13 0 L 10
14 0 L -1
15 0 U -1
16 1 U 13
17 1 L 4
18 0 U 4
19 1 U -1
20 0 U 13
21 1 L 5
22 0 L 21
23 0 L 18
24 0 U -1
25 0 L 4
26 1 L 19
27 0 L 3
28 1 L 25
29 0 L -1
30 1 U 22
31 1 L 15
32 0 U -1
33 0 L 23
34 1 U 33
35 0 U 30
36 1 L -1
37 1 U 16
38 0 L 31
39 0 L 16
40 0 L 15
41 1 L 4
42 1 U 18
43 1 L 29
44 0 U 25
45 1 L 43
46 1 L 36
47 1 U 32
48 1 L 45
49
0 1 L -1
1 0 U -1
2 0 U 1
3 1 U 1
4 0 U -1
5 0 L 4
6 0 L 3
7 0 U 1
8 0 U -1
9 0 U 8
10 0 L -1
11 1 L 7
12 1 L -1
13 0 L 0
14 0 L -1
15 0 U -1
16 1 U 13
17 1 L 4
18 0 U 4
19 1 U -1
20 1 U 13
21 0 L 17
22 0 L 21
23 0 L 18
24 0 U -1
25 0 L 4
26 0 L 19
27 0 L 3
28 1 L 17
29 0 L -1
30 1 U 22
31 1 L 15
32 0 U -1
33 0 L 23
34 0 U 33
35 0 U 30
36 1 L -1
37 0 U 33
38 1 L 31
39 0 L 16
40 0 L 15
41 1 L 4
42 1 U 12
43 1 L 29
44 0 U 25
45 1 L 43
46 1 L 0
47 1 U 32
48 1 L 45
49
0 1 U -1
1 0 U -1
2 0 U 1
3 1 U 1
4 0 U -1
5 1 L 4
6 0 L 3
7 0 U 5
8 0 U -1
9 0 U 8
10 0 L -1
11 1 L 7
12 1 L -1
13 0 L 0
14 0 L -1
15 0 U -1
16 1 U 13
17 1 L 4
18 0 U 15
19 1 U -1
20 0 U 13
21 0 L 5
22 0 L 21
23 0 L 18
24 0 U -1
25 0 L 4
26 0 L 19
27 0 L 3
28 1 L 25
29 0 L -1
30 1 U 22
31 0 L 15
32 0 U -1
33 1 L 23
34 0 U 33
35 0 U 30
36 1 L -1
37 0 U 20
38 0 L 23
39 0 L 16
40 0 L 15
41 1 L 4
42 0 U 11
43 1 L 29
44 0 U 25
45 1 L 43
46 1 L 29
47 1 U 32
48 1 L 45
49
0 1 U -1
1 0 U -1
2 0 U 1
3 1 U -1
4 0 U -1
5 0 L 4
6 0 L 3
7 0 U 1
8 0 U -1
9 0 U 8
10 1 L -1
11 1 L 7
12 1 L -1
13 0 L 0
14 0 L -1
15 0 U -1
16 1 U 13
17 1 L 4
18 0 U 4
19 1 U -1
20 0 U 11
21 1 L 5
22 0 L 21
23 0 L 18
24 0 U -1
25 0 L 4
26 1 L 19
27 0 L 16
28 1 L 25
29 0 L -1
30 1 U 22
31 0 L 15
32 0 U -1
33 1 L 23
34 0 U 33
35 0 U 30
36 1 L -1
37 0 U 20
38 1 L 23
39 0 L 16
40 0 L 15
41 1 L 4
42 0 U 13
43 1 L 29
44 0 U 25
45 1 L 43
46 1 L 14
47 1 U 32
48 0 L 45
49
0 1 U -1
1 0 U -1
2 0 U 1
3 1 U -1
4 0 U -1
5 0 L 4
6 0 L 3
7 0 U 3
8 0 U -1
9 0 U 8
10 1 L -1
11 1 L 7
12 0 L -1
13 0 L 10
14 0 L -1
15 0 U -1
16 1 U 13
17 1 L 4
18 0 U 15
19 1 U -1
20 0 U 13
21 0 L 5
22 0 L 21
23 0 L 18
24 0 U -1
25 0 L 4
26 1 L 23
27 0 L 3
28 1 L 25
29 0 L -1
30 1 U 22
31 1 L 30
32 0 U -1
33 0 L 23
34 1 U 33
35 0 U 30
36 1 L -1
37 0 U 17
38 0 L 23
39 0 L 16
40 0 L 15
41 1 L 4
42 1 U 13
43 1 L 29
44 0 U 25
45 1 L 16
46 1 L 14
47 1 U 32
48 0 L 45
49
0 1 U -1
1 0 U -1
2 0 U 1
3 1 U -1
4 0 U -1
5 1 L 4
6 0 L 3
7 0 U 3
8 0 U -1
9 0 U 8
10 1 L -1
11 1 L 7
12 0 L -1
13 0 L 10
14 0 L -1
15 0 U -1
16 1 U 13
17 1 L 4
18 0 U 15
19 1 U -1
20 0 U 13
21 0 L 17
22 0 L 21
23 0 L 18
24 0 U -1
25 0 L 4
26 1 L 19
27 0 L 3
28 1 L 17
29 0 L -1
30 1 U 22
31 0 L 30
32 0 U -1
33 1 L 23
34 0 U 33
35 0 U 30
36 1 L -1
37 1 U 17
38 1 L 23
39 0 L 16
40 0 L 15
41 1 L 4
42 0 U 6
43 1 L 29
44 0 U 42
45 1 L 3
46 1 L 10
47 1 U 32
48 0 L 45
49
0 1 L -1
1 0 U -1
2 0 U 1
3 1 U -1
4 0 U -1
5 0 L 4
6 0 L 3
7 0 U 5
8 0 U -1
9 0 U 8
10 0 L -1
11 1 L 7
12 1 L -1
13 0 L 0
14 0 L -1
15 0 U -1
16 1 U 13
17 1 L 4
18 0 U 4
19 1 U -1
20 0 U 13
21 0 L 17
22 0 L 21
23 0 L 18
24 0 U -1
25 0 L 4
26 1 L 19
27 0 L 3
28 1 L 17
29 0 L -1
30 1 U 22
31 0 L 30
32 0 U -1
33 0 L 23
34 1 U 33
35 0 U 30
36 1 L -1
37 1 U 20
38 1 L 23
39 0 L 16
40 0 L 35
41 1 L 39
42 1 U 13
43 1 L 29
44 0 U 42
45 1 L 3
46 1 L 14
47 1 U 32
48 0 L 45
49
0 1 L -1
1 0 U -1
2 0 U 1
3 1 U -1
4 0 U -1
5 0 L 4
6 0 L 3
7 0 U 5
8 0 U -1
9 0 U 8
10 1 L -1
11 1 L 7
12 1 L -1
13 0 L 10
14 0 L -1
15 0 U -1
16 1 U 13
17 1 L 4
18 0 U 15
19 0 U -1
20 0 U 13
21 0 L 17
22 0 L 21
23 0 L 18
24 0 U -1
25 0 L 4
26 1 L 23
27 0 L 3
28 1 L 5
29 0 L -1
30 1 U 22
31 0 L 30
32 0 U -1
33 1 L 23
34 1 U 33
35 0 U 30
36 1 L -1
37 1 U 20
38 1 L 31
39 0 L 16
40 0 L 35
41 1 L 39
42 0 U 13
43 1 L 29
44 0 U 42
45 1 L 43
46 1 L 10
47 1 U 32
48 0 L 45
49
0 1 U -1
1 0 U -1
2 0 U 1
3 1 U 1
4 0 U -1
5 0 L 4
6 0 L 3
7 0 U 1
8 0 U -1
9 0 U 8
10 1 L -1
11 1 L 7
12 1 L -1
13 0 L 12
14 0 L -1
15 0 U -1
16 1 U 13
17 1 L 4
18 0 U 4
19 1 U -1
20 0 U 13
21 1 L 5
22 0 L 21
23 0 L 18
24 0 U -1
25 1 L 4
26 1 L 23
27 0 L 3
28 1 L 5
29 0 L -1
30 1 U 22
31 0 L 15
32 0 U -1
33 1 L 23
34 0 U 33
35 0 U 30
36 1 L -1
37 1 U 20
38 0 L 31
39 0 L 16
40 0 L 35
41 0 L 39
42 0 U 12
43 1 L 29
44 0 U 25
45 1 L 16
46 1 L 0
47 1 U 32
48 0 L 45
49
0 1 U -1
1 0 U -1
2 0 U 1
3 1 U 1
4 0 U -1
5 0 U -1
6 0 L 3
7 0 U 5
8 0 U -1
9 0 U 8
10 0 L -1
11 1 L 7
12 1 L -1
13 0 L 0
14 0 L -1
15 0 U -1
16 1 U 13
17 1 L 4
18 0 U 15
19 1 U -1
20 0 U 11
21 0 L 17
22 0 L 21
23 0 L 18
24 0 U -1
25 0 L 4
26 1 L 19
27 0 L 3
28 1 L 25
29 0 L -1
30 1 U 22
31 0 L 30
32 0 U -1
33 0 L 23
34 0 U 33
35 0 U 30
36 1 L -1
37 1 U 33
38 0 L 23
39 0 L 16
40 0 L 15
41 0 L 39
42 1 U 6
43 1 L 29
44 0 U 42
45 1 L 3
46 1 L 0
47 1 U 32
48 0 L 45
49
0 1 U -1
1 0 U -1
2 0 U 1
3 1 U -1
4 0 U -1
5 1 U -1
6 0 L 3
7 0 U 1
8 0 U -1
9 0 U 8
10 0 L -1
11 1 L 7
12 0 L -1
13 0 L 10
14 0 L -1
15 0 U -1
16 1 U 13
17 1 L 4
18 0 U 15
19 0 U -1
20 0 U 13
21 0 L 17
22 0 L 21
23 0 L 18
24 0 U -1
25 0 L 4
26 0 L 19
27 0 L 3
28 1 L 25
29 0 L -1
30 1 U 22
31 0 L 15
32 0 U -1
33 0 L 23
34 1 U 33
35 0 U 30
36 1 L -1
37 0 U 33
38 0 L 23
39 0 L 16
40 0 L 15
41 0 L 39
42 0 U 6
43 1 L 29
44 0 U 16
45 1 L 43
46 1 L 0
47 1 U 4
48 0 L 45
49
0 1 L -1
1 0 U -1
2 0 U 1
3 1 U 0
4 0 U -1
5 0 U -1
6 0 L 3
7 0 U 1
8 0 U -1
9 0 U 8
10 1 L -1
11 1 L 7
12 0 L 1
13 0 L -1
14 0 L -1
15 0 U -1
16 1 U 13
17 1 L 4
18 0 U 15
19 1 U -1
20 1 U 11
21 1 L 17
22 0 L 21
23 0 L 18
24 0 U -1
25 1 L 4
26 0 L 23
27 0 L 3
28 1 L 17
29 0 L -1
30 1 U 22
31 1 L 30
32 0 U -1
33 0 L 23
34 1 U 33
35 0 U 30
36 1 L -1
37 1 U 33
38 0 L 23
39 0 L 16
40 0 L 15
41 0 L 39
42 1 U 13
43 1 L 29
44 0 U 37
45 1 L 43
46 1 L 0
47 1 U 4
48 0 L 45
49
0 1 L -1
1 0 U -1
2 0 U 1
3 1 U -1
4 0 U -1
5 1 U -1
6 0 L 3
7 0 U 5
8 0 U -1
9 0 U 8
10 1 L -1
11 1 L 7
12 1 L 1
13 0 L -1
14 0 L -1
15 0 U -1
16 1 U 13
17 1 L 4
18 0 U 15
19 0 U -1
20 0 U 13
21 1 L 5
22 0 L 21
23 0 L 18
24 0 U -1
25 1 L 4
26 0 L 23
27 0 L 3
28 1 L 17
29 0 L -1
30 1 U 22
31 0 L 30
32 0 U -1
33 0 L 23
34 0 U 33
35 0 U 30
36 1 L -1
37 1 U 33
38 1 L 23
39 0 L 16
40 0 L 15
41 1 L 39
42 1 U 13
43 1 L 29
44 0 U 37
45 1 L 43
46 1 L 29
47 1 U 4
48 0 L 45
49
0 1 L -1
1 0 U -1
2 0 U 1
3 1 U 0
4 0 U -1
5 0 U -1
6 0 L 3
7 0 U 1
8 0 U -1
9 0 U 8
10 1 L -1
11 1 L 7
12 0 L 2
13 0 L -1
14 0 L -1
15 0 U -1
16 1 U 13
17 1 L 4
18 0 U 4
19 1 U -1
20 1 U 13
21 1 L 17
22 0 L 21
23 0 L 18
24 0 U -1
25 0 L 4
26 0 L 19
27 0 L 3
28 1 L 25
29 0 L -1
30 1 U 22
31 1 L 15
32 0 U -1
33 0 L 23
34 0 U 33
35 0 U 30
36 1 L -1
37 1 U 33
38 1 L 23
39 0 L 16
40 0 L 35
41 1 L 39
42 1 U 13
43 1 L 29
44 0 U 20
45 1 L 43
46 1 L 29
47 1 U 32
48 0 L 45
49
0 1 L -1
1 0 U -1
2 0 U 1
3 1 U 0
4 0 U -1
5 1 U -1
6 0 L 3
7 0 U 5
8 0 U -1
9 0 U 8
10 1 L -1
11 1 L 7
12 1 L 2
13 0 L -1
14 0 L -1
15 0 U -1
16 1 U 13
17 1 L 4
18 0 U 15
19 1 U -1
20 1 U 12
21 0 L 5
22 0 L 21
23 0 L 18
24 0 U -1
25 1 L 4
26 1 U 11
27 0 L 3
28 1 L 25
29 0 L -1
30 1 U 22
31 1 L 15
32 0 U -1
33 0 L 23
34 1 U 33
35 0 U 30
36 1 L -1
37 1 U 22
38 0 L 23
39 0 L 16
40 0 L 35
41 0 L 39
42 0 U 6
43 1 L 29
44 0 U 25
45 1 L 16
46 1 L 29
47 1 U 4
48 0 L 45
49
0 1 L -1
1 1 U -1
2 0 U 1
3 1 U 0
4 0 U -1
5 0 U -1
6 0 L 3
7 0 U 5
8 0 U -1
9 0 U 8
10 1 L -1
11 1 L 7
12 1 L 1
13 0 L -1
14 0 L -1
15 0 U -1
16 1 U 13
17 1 L 4
18 0 U 15
19 1 U -1
20 0 U 11
21 0 L 5
22 0 L 21
23 0 L 18
24 0 U -1
25 1 L 4
26 0 L 18
27 0 L 12
28 1 L 17
29 0 L -1
30 1 U 22
31 0 L 30
32 0 U -1
33 0 L 23
34 0 U 33
35 0 U 30
36 1 L -1
37 1 U 34
38 0 L 23
39 0 L 16
40 0 L 35
41 0 L 39
42 1 U 6
43 1 L 29
44 0 U 31
45 1 L 3
46 1 L 29
47 1 U 32
48 0 L 45
49
0 1 U -1
1 1 U -1
2 0 U 1
3 1 U 0
4 0 U -1
5 1 U -1
6 0 L 3
7 0 U 5
8 0 U -1
9 0 U 8
10 1 L -1
11 1 L 7
12 1 L 1
13 0 L -1
14 0 L -1
15 0 U -1
16 1 U 13
17 1 L 4
18 0 U 15
19 1 U -1
20 1 U 12
21 1 L 17
22 0 L 21
23 0 L 18
24 0 U -1
25 1 L 4
26 0 U 6
27 0 L 12
28 1 L 25
29 0 L -1
30 1 U 22
31 0 L 15
32 0 U -1
33 1 L 23
34 0 U 11
35 0 U 30
36 1 L -1
37 1 U 34
38 0 L 31
39 0 L 16
40 0 L 35
41 1 L 39
42 1 U 18
43 1 L 29
44 0 U 20
45 1 L 16
46 1 L 0
47 1 U 32
48 0 L 45
49
0 1 U -1
1 1 U -1
2 0 U 1
3 1 U 0
4 0 U -1
5 1 U -1
6 0 L 3
7 0 U 5
8 0 U -1
9 0 U 8
10 1 L -1
11 1 L 7
12 1 L 1
13 0 L -1
14 0 L -1
15 0 U -1
16 1 U 13
17 1 L 4
18 0 U 15
19 1 U -1
20 1 U 11
21 0 L 17
22 0 L 21
23 0 L 18
24 0 U -1
25 0 L 4
26 1 U 18
27 0 L 12
28 1 L 25
29 0 L -1
30 1 U 22
31 0 L 15
32 0 U -1
33 1 L 23
34 1 U 6
35 0 U 30
36 1 L -1
37 1 U 34
38 1 L 31
39 0 L 16
40 0 L 35
41 0 L 39
42 0 U 6
43 1 L 29
44 0 U 22
45 1 L 16
46 1 L 0
47 1 U 32
48 0 L 45
49
0 1 U -1
1 0 U -1
2 0 U 1
3 1 U 1
4 0 U -1
5 1 U -1
6 0 L 3
7 0 U 5
8 0 U -1
9 0 U 8
10 0 L -1
11 1 L 7
12 0 L -1
13 0 L 0
14 0 L -1
15 0 U -1
16 1 U 13
17 1 L 4
18 0 U 15
19 1 U -1
20 0 U 13
21 1 L 17
22 0 L 21
23 0 L 18
24 0 U -1
25 0 L 4
26 0 U 6
27 0 L 16
28 1 L 17
29 0 L -1
30 1 U 22
31 0 L 15
32 0 U -1
33 1 L 23
34 1 U 33
35 0 U 30
36 1 L -1
37 1 U 22
38 0 L 23
39 0 L 16
40 0 L 15
41 1 L 39
42 0 U 12
43 1 L 29
44 0 U 25
45 1 L 13
46 1 L 14
47 1 U 4
48 0 L 45
49
0 1 L -1
1 0 U -1
2 0 U 1
3 1 U -1
4 0 U -1
5 0 L -1
6 0 L 3
7 0 U 3
8 0 U -1
9 0 U 8
10 1 L -1
11 1 L 7
12 0 L 2
13 0 L 0
14 0 L -1
15 0 U -1
16 1 U 13
17 1 L 4
18 0 U 4
19 1 U -1
20 1 U 11
21 0 L 17
22 0 L 21
23 0 L 18
24 0 U -1
25 0 L 4
26 1 U 0
27 0 L 16
28 1 L 17
29 0 L -1
30 1 U 22
31 0 L 15
32 0 U -1
33 0 L 23
34 0 U 33
35 0 U 30
36 1 L -1
37 0 U 33
38 0 L 23
39 0 L 16
40 0 L 15
41 1 L 4
42 1 U 6
43 1 L 29
44 0 U 25
45 1 L 3
46 1 L 29
47 1 U 32
48 0 L 45
49
0 1 L -1
1 0 U -1
2 0 U 1
3 1 U -1
4 0 U -1
5 1 U -1
6 0 L 3
7 0 U 5
8 0 U -1
9 0 U 8
10 1 L -1
11 1 L 7
12 1 L 2
13 0 L 10
14 0 L -1
15 0 U -1
16 1 U 13
17 1 L 4
18 0 U 15
19 1 U -1
20 0 U 13
21 1 L 17
22 0 L 21
23 0 L 18
24 0 U -1
25 0 L 4
26 1 U 0
27 0 L 16
28 1 L 17
29 0 L -1
30 1 U 22
31 1 L 30
32 0 U -1
33 0 L 23
34 1 U 33
35 0 U 30
36 1 L -1
37 0 U 33
38 0 L 23
39 0 L 16
40 0 L 15
41 1 L 4
42 1 U 6
43 1 L 29
44 0 U 14
45 1 L 43
46 1 L 29
47 1 U 32
48 1 L 45
49
0 1 U -1
1 0 U -1
2 0 U 1
3 1 U -1
4 0 U -1
5 0 U -1
6 0 L 3
7 0 U 1
8 0 U -1
9 0 U 8
10 1 L -1
11 1 L 7
12 0 L 2
13 0 L 10
14 0 L -1
15 0 U -1
16 1 U 13
17 1 L 4
18 0 U 15
19 1 U -1
20 0 U 13
21 1 L 5
22 0 L 21
23 0 L 18
24 0 U -1
25 0 L 4
26 1 U 0
27 0 L 3
28 1 L 17
29 0 L -1
30 1 U 22
31 1 L 30
32 0 U -1
33 1 L 23
34 0 U 33
35 0 U 30
36 1 L -1
37 1 U 20
38 0 L 23
39 0 L 16
40 0 L 15
41 1 L 4
42 0 U 18
43 1 L 29
44 0 U 14
45 1 L 43
46 1 L 29
47 1 U 32
48 0 L 45
49
0 1 U -1
1 0 U -1
2 0 U 1
3 1 U 1
4 0 U -1
5 1 L -1
6 0 L 3
7 0 U 1
8 0 U -1
9 0 U 8
10 1 L -1
11 1 L 7
12 0 U -1
13 0 L 10
14 0 L -1
15 0 U -1
16 1 U 13
17 1 L 4
18 0 U 15
19 1 U -1
20 0 U 11
21 0 L 17
22 0 L 21
23 0 L 18
24 0 U -1
25 1 L 4
26 1 U 24
27 0 L 3
28 1 L 17
29 0 L -1
30 1 U 22
31 1 L 15
32 0 U -1
33 1 L 23
34 1 U 33
35 0 U 30
36 1 L -1
37 0 U 20
38 0 L 31
39 0 L 16
40 0 L 15
41 0 L 39
42 0 U 18
43 1 L 29
44 0 U 22
45 1 L 16
46 1 L 29
47 1 U 4
48 0 L 45
49
0 1 U -1
1 0 U -1
2 0 U 1
3 1 U -1
4 0 U -1
5 1 L 4
6 0 L 3
7 0 U 1
8 0 U -1
9 0 U 8
10 1 L -1
11 1 L 7
12 1 L 2
13 0 L 0
14 0 L -1
15 0 U -1
16 1 U 13
17 1 L 4
18 0 U 4
19 1 U -1
20 0 U 11
21 0 L 17
22 0 L 21
23 0 L 18
24 0 U -1
25 0 L 4
26 1 U 0
27 0 L 3
28 1 L 25
29 0 L -1
30 1 U 22
31 1 L 15
32 0 U -1
33 1 L 23
34 0 U 33
35 0 U 30
36 1 L -1
37 1 U 33
38 0 L 31
39 0 L 16
40 0 L 15
41 1 L 39
42 1 U 18
43 1 L 29
44 0 U 25
45 1 L 16
46 1 L 29
47 1 U 4
48 0 L 45
49
0 1 L -1
1 0 U -1
2 0 U 1
3 1 U 1
4 0 U -1
5 1 L 4
6 0 L 3
7 0 U 5
8 0 U -1
9 0 U 8
10 0 L -1
11 1 L 7
12 0 L -1
13 0 L 10
14 0 L -1
15 0 U -1
16 1 U 13
17 1 L 4
18 0 U 15
19 1 U -1
20 1 U 13
21 0 L 17
22 0 L 21
23 0 L 18
24 0 U -1
25 0 L 4
26 1 U 0
27 0 L 3
28 1 L 17
29 0 L -1
30 1 U 22
31 1 L 15
32 0 U -1
33 1 L 23
34 0 U 33
35 0 U 30
36 1 L -1
37 0 U 33
38 0 L 23
39 0 L 16
40 0 L 35
41 1 L 39
42 1 U 11
43 1 L 29
44 0 U 25
45 1 L 3
46 1 L 0
47 1 U 32
48 0 L 45
49
0 1 U -1
1 0 U -1
2 0 U 1
3 1 U -1
4 0 U -1
5 0 L 4
6 0 L 3
7 0 U 1
8 0 U -1
9 0 U 8
10 1 L -1
11 1 L 7
12 0 L 2
13 0 L 0
14 0 L -1
15 0 U -1
16 1 U 13
17 1 L 4
18 0 U 15
19 1 U -1
20 0 U 11
21 1 L 5
22 0 L 21
23 0 L 18
24 0 U -1
25 1 L 4
26 1 U 24
27 0 L 16
28 1 L 25
29 0 L -1
30 1 U 22
31 0 L 15
32 0 U -1
33 1 L 23
34 0 U 33
35 0 U 30
36 1 L -1
37 1 U 20
38 1 L 23
39 0 L 16
40 0 L 35
41 1 L 39
42 0 U 11
43 1 L 29
44 0 U 25
45 1 L 3
46 1 L 14
47 1 U 4
48 0 L 45
49
0 1 L -1
1 0 U -1
2 0 U 1
3 1 U -1
4 0 U -1
5 1 L 4
6 0 L 3
7 0 U 1
8 0 U -1
9 0 U 8
10 1 L -1
11 1 L 7
12 1 L -1
13 0 L 10
14 0 L -1
15 0 U -1
16 1 U 13
17 1 L 4
18 0 U 15
19 1 U -1
20 1 U 11
21 0 L 17
22 0 L 21
23 0 L 18
24 0 U -1
25 1 L 4
26 0 U 23
27 0 L 16
28 1 L 25
29 0 L -1
30 1 U 22
31 0 L 30
32 0 U -1
33 1 L 23
34 0 U 33
35 0 U 30
36 1 L -1
37 1 U 22
38 0 L 23
39 0 L 16
40 0 L 35
41 1 L 39
42 0 U 12
43 1 L 29
44 0 U 25
45 1 L 3
46 1 L 36
47 1 U 32
48 0 L 45
49
0 1 L -1
1 0 U -1
2 0 U 1
3 1 U 1
4 0 U -1
5 1 L 4
6 0 L 3
7 0 U 1
8 0 U -1
9 0 U 8
10 0 L -1
11 1 L 7
12 0 L -1
13 0 L 10
14 0 L -1
15 0 U -1
16 1 U 13
17 1 L 4
18 0 U 15
19 1 U -1
20 1 U 11
21 0 L 17
22 0 L 21
23 0 L 18
24 0 U -1
25 0 L 4
26 0 U 23
27 0 L 16
28 1 L 25
29 0 L -1
30 1 U 22
31 0 L 30
32 0 U -1
33 1 L 23
34 1 U 18
35 0 U 30
36 1 L -1
37 1 U 31
38 1 L 23
39 0 L 16
40 0 L 15
41 0 L 39
42 1 U 6
43 1 L 29
44 0 U 22
45 1 L 3
46 1 L 14
47 1 U 4
48 0 L 45
49
0 1 U -1
1 0 U -1
2 0 U 1
3 1 U 1
4 0 U -1
5 1 L 4
6 0 L 3
7 0 U 1
8 0 U -1
9 0 U 8
10 1 L -1
11 1 L 7
12 1 L -1
13 0 L 0
14 0 L -1
15 0 U -1
16 1 U 13
17 1 L 4
18 0 U 15
19 1 U -1
20 0 U 13
21 0 L 17
22 0 L 21
23 0 L 18
24 0 U -1
25 1 L 4
26 0 L 18
27 0 L 3
28 1 L 25
29 0 L -1
30 1 U 22
31 0 L 23
32 0 U -1
33 1 L 23
34 0 U 33
35 0 U 30
36 1 L -1
37 1 L 35
38 0 L 23
39 0 L 16
40 0 L 35
41 1 L 39
42 0 U 6
43 1 L 29
44 0 U 14
45 1 L 3
46 1 L 10
47 1 U 4
48 0 L 45
