48
0 0 U -1
1 0 U -1
2 0 U -1
3 0 U -1
4 0 U -1
5 0 U -1
6 0 U -1
7 0 U -1
8 0 U -1
9 0 U -1
10 0 U -1
11 0 U -1
12 0 U -1
13 0 U -1
14 0 U -1
15 0 U -1
16 0 U -1
17 0 U -1
18 0 U -1
19 0 U -1
20 0 U -1
21 0 U -1
22 0 U -1
23 0 U -1
24 0 U -1
25 0 U -1
26 0 U -1
27 0 U -1
28 0 U -1
29 0 U -1
30 0 U -1
31 0 U -1
32 0 U -1
33 0 U -1
34 0 U -1
35 0 U -1
36 0 U -1
37 0 U -1
38 0 U -1
39 0 U -1
40 0 U -1
41 0 U -1
42 0 U -1
43 0 U -1
44 0 U -1
45 0 U -1
46 0 U -1
47 0 U -1
48
0 1 U -1
1 1 U -1
2 1 U 0
3 1 U 1
4 0 U -1
5 1 L 3
6 0 U -1
7 0 U 5
8 0 U 0
9 1 L 5
10 1 L 5
11 1 L 3
12 1 U -1
13 0 L 4
14 1 U 12
15 1 U 14
16 0 U -1
17 0 U 14
18 0 L 15
19 0 L 7
20 1 L 5
21 0 L -1
22 1 U 4
23 0 L 7
24 1 L 10
25 0 L -1
26 1 L 14
27 1 L 16
28 1 U 8
29 0 L 18
30 0 L 23
31 1 U 28
32 1 U 16
33 0 U 11
34 1 L 2
35 0 L 17
36 1 U 32
37 1 L 10
38 0 L 15
39 1 L 33
40 1 U 39
41 0 L 22
42 1 U 33
43 0 U 17
44 1 L 40
45 1 U 27
46 1 U -1
47 0 L 29
48
0 1 L -1
1 1 U -1
2 1 U 0
3 0 U 1
4 0 U -1
5 1 L 3
6 0 U -1
7 1 U 5
8 0 U 0
9 1 L 5
10 1 L 5
11 0 L 6
12 1 U -1
13 0 L 5
14 1 U 12
15 1 U 14
16 0 U -1
17 0 U 2
18 1 L 15
19 0 L 7
20 1 L 3
21 1 L 2
22 0 U 16
23 0 L 17
24 0 U 5
25 0 L -1
26 0 L 6
27 1 L 16
28 0 U 2
29 1 L 11
30 0 L 29
31 0 U 28
32 0 U 16
33 1 U 31
34 1 L 25
35 0 L 26
36 1 U 32
37 0 L 15
38 0 L 13
39 1 L 33
40 0 U 37
41 1 L 34
42 1 U 27
43 0 U 24
44 0 L 40
45 1 L 4
46 0 L -1
47 0 L 38
48
0 1 L -1
1 1 U -1
2 1 U 0
3 0 U 0
4 0 U -1
5 1 L 3
6 0 U -1
7 0 U 5
8 0 U 0
9 1 L 5
10 1 L 5
11 0 L 6
12 1 U -1
13 1 L -1
14 1 U 12
15 1 U 14
16 0 U -1
17 0 U 3
18 0 L 6
19 0 L 7
20 1 L 3
21 1 L 13
22 0 U 16
23 1 L 19
24 0 U 17
25 0 L -1
26 1 L 15
27 1 L 16
28 0 U 22
29 1 U 19
30 0 L 29
31 1 U 9
32 0 U 4
33 1 U 31
34 0 L 25
35 0 L 26
36 1 U 32
37 0 L 10
38 0 L 9
39 0 L -1
40 0 U 10
41 0 U 17
42 1 U 4
43 0 L 31
44 1 L 40
45 1 L 34
46 1 L 1
47 0 L 14
48
0 1 U -1
1 1 U -1
2 1 U 0
3 1 U 0
4 0 U -1
5 1 L 3
6 0 U -1
7 1 U 5
8 0 U 0
9 1 L 5
10 1 L 5
11 0 L 6
12 1 U -1
13 1 L -1
14 1 U 12
15 1 U 14
16 0 U -1
17 0 U 3
18 1 L 6
19 0 L 7
20 1 L 3
21 1 L 0
22 0 U 16
23 1 L 22
24 0 L 17
25 0 L -1
26 0 L 15
27 1 L 16
28 0 L 1
29 1 U 24
30 0 L 29
31 1 U 18
32 0 U 16
33 1 U 31
34 0 L 2
35 0 L 14
36 0 U 32
37 0 L 10
38 1 L 9
39 0 L -1
40 0 U 33
41 0 U 33
42 1 U 16
43 0 U 30
44 1 L 22
45 1 L 34
46 1 L 19
47 0 L 38
48
0 1 L -1
1 1 U -1
2 1 U 0
3 0 U 0
4 0 U -1
5 1 L 3
6 0 U -1
7 0 U 5
8 0 U 0
9 1 L 5
10 1 L 5
11 0 L 6
12 1 U -1
13 1 L 1
14 1 U 12
15 1 U 14
16 0 U -1
17 0 U 3
18 1 L 14
19 0 L 7
20 1 L 3
21 0 L 0
22 0 U 16
23 1 L 12
24 0 U 23
25 0 L -1
26 1 L 15
27 1 L 16
28 1 U 9
29 1 U 18
30 0 L 29
31 1 U 18
32 0 U 16
33 1 U 31
34 0 L 25
35 0 L 14
36 1 U 23
37 0 L 10
38 1 L 9
39 0 L -1
40 0 U 30
41 0 U 30
42 1 U 16
43 0 U 7
44 1 L 40
45 1 L 34
46 0 U 43
47 0 L 38
48
0 1 L -1
1 1 U -1
2 1 U 0
3 0 U 1
4 0 U -1
5 1 L 3
6 0 U -1
7 0 U 5
8 0 U 0
9 1 L 5
10 1 L 4
11 0 L 6
12 1 U -1
13 0 L 2
14 1 U 12
15 1 U 14
16 0 U -1
17 0 U 8
18 1 L 14
19 0 L 0
20 1 L 19
21 0 L -1
22 0 U 16
23 1 L 12
24 0 L 17
25 0 L -1
26 1 L 15
27 1 L 16
28 0 L 8
29 0 U 26
30 0 L 29
31 1 U 26
32 0 U 16
33 1 U 31
34 0 L 25
35 0 L 11
36 1 U 23
37 1 L 10
38 1 L 9
39 0 L 25
40 1 L 33
41 0 U 10
42 1 U 16
43 0 U 32
44 0 L 41
45 1 L 34
46 0 U 28
47 0 L 37
48
0 1 U -1
1 1 U -1
2 1 U 0
3 0 U 1
4 0 U -1
5 1 L 3
6 0 U -1
7 0 U 5
8 0 U 0
9 1 L 5
10 1 L 5
11 0 L 6
12 1 U -1
13 0 L 2
14 1 U 12
15 1 U 13
16 0 U -1
17 0 U 8
18 1 L 14
19 0 L 0
20 1 L 1
21 1 L -1
22 0 U 16
23 1 L 12
24 0 U 17
25 0 L -1
26 1 L 15
27 0 L 16
28 0 L -1
29 0 L 15
30 0 L 29
31 1 U 24
32 0 U 16
33 1 U 20
34 0 L 25
35 0 L 11
36 0 U 23
37 0 L 10
38 1 L 9
39 0 L 7
40 1 U 21
41 1 U 36
42 1 U 16
43 0 U 29
44 1 L 22
45 1 L 34
46 0 U 35
47 0 L 38
48
0 1 L -1
1 1 U -1
2 1 U 0
3 0 U 1
4 0 U -1
5 1 L 3
6 0 U -1
7 0 U 5
8 0 U 0
9 1 L 5
10 1 L 4
11 0 L 6
12 1 U -1
13 0 L 2
14 1 U 12
15 1 U 14
16 0 U -1
17 0 U 8
18 1 L 14
19 0 L 0
20 1 L 13
21 1 L 0
22 0 U 16
23 1 L 22
24 1 U 17
25 0 L -1
26 1 L 15
27 1 L 16
28 1 L 3
29 0 L 15
30 0 L 11
31 1 U 19
32 0 U 16
33 1 U 31
34 0 L 25
35 0 L 26
36 1 U 32
37 1 L 10
38 1 L 9
39 0 L 7
40 1 U 37
41 0 U 23
42 1 U 16
43 0 U 20
44 1 L 12
45 1 L 34
46 1 U 40
47 0 L 38
48
0 1 L -1
1 1 U -1
2 1 U 0
3 0 U 0
4 0 U -1
5 1 L 3
6 0 U -1
7 0 U 5
8 0 U 0
9 1 L 5
10 1 L 4
11 0 L 6
12 1 U -1
13 0 L 2
14 1 U 12
15 1 U 14
16 0 U -1
17 0 U 8
18 1 L 11
19 0 L 7
20 1 L 13
21 1 L -1
22 0 U 16
23 1 L 12
24 0 L 18
25 0 L -1
26 1 L 15
27 1 L 16
28 0 L 7
29 0 L 15
30 0 L 29
31 1 U 19
32 0 U 16
33 1 U 20
34 0 L 25
35 0 L 14
36 0 U 23
37 1 L 10
38 0 L 9
39 0 L 25
40 1 U 37
41 0 U 31
42 1 U 27
43 0 U 29
44 1 L 12
45 1 L 34
46 1 U 36
47 0 L 38
48
0 1 L -1
1 1 U -1
2 1 U 0
3 0 U 0
4 0 U -1
5 1 L 3
6 0 U -1
7 0 U 5
8 0 U 0
9 1 L 5
10 1 L 4
11 0 L 6
12 1 U -1
13 0 L 2
14 1 U 12
15 1 U 14
16 0 U -1
17 0 U 3
18 0 L 14
19 0 L 0
20 1 L 1
21 1 L 7
22 0 U 16
23 1 L 12
24 0 L 18
25 0 L -1
26 1 L 15
27 1 L 16
28 1 L 1
29 0 L 15
30 0 L 11
31 1 U 19
32 0 U 22
33 1 U 20
34 0 L 25
35 0 L 26
36 0 U 23
37 1 L 10
38 1 L 9
39 0 L -1
40 0 U 33
41 1 U 18
42 1 U 27
43 1 U 34
44 1 L 33
45 1 L 34
46 0 L 13
47 0 L 40
48
0 1 L -1
1 1 U -1
2 1 U 0
3 1 U 0
4 0 U -1
5 1 L 3
6 0 U -1
7 0 U 5
8 0 U 0
9 1 L 5
10 1 L 5
11 0 L 6
12 1 U -1
13 0 L 2
14 1 U 12
15 1 U 14
16 0 U -1
17 0 U 3
18 1 L 11
19 0 L 0
20 1 L 3
21 0 L 0
22 0 U 16
23 1 L 22
24 0 L 18
25 0 L -1
26 1 L 15
27 0 L 16
28 0 L 21
29 0 U 15
30 0 L 29
31 1 U 18
32 1 U 14
33 1 U 20
34 0 L 2
35 0 L 14
36 1 U 26
37 0 L 10
38 1 L 9
39 0 L 25
40 1 U 37
41 1 U 4
42 1 U 27
43 1 U 34
44 1 L 40
45 1 L 34
46 0 L 17
47 0 U 35
48
0 1 L -1
1 1 U -1
2 1 U 0
3 1 U 0
4 0 U -1
5 1 L 3
6 0 U -1
7 1 U 5
8 0 U 0
9 1 L 5
10 1 L 5
11 0 L 6
12 1 U -1
13 0 L 2
14 1 U 12
15 1 U 14
16 0 U -1
17 0 U 3
18 0 L 11
19 0 L 7
20 1 L 3
21 1 L 7
22 0 U 16
23 1 L -1
24 0 L 18
25 0 L -1
26 1 L 15
27 0 L 16
28 1 L 13
29 0 U 9
30 0 U 15
31 1 L 18
32 0 U 5
33 0 U 29
34 0 L 2
35 0 L 14
36 1 U 31
37 0 L 10
38 0 L 9
39 0 L 25
40 0 U 37
41 1 U 4
42 1 U 4
43 1 U 29
44 0 L 31
45 1 L 34
46 1 L 12
47 0 U 40
48
0 1 U -1
1 1 U -1
2 1 U 0
3 0 U 0
4 0 U -1
5 1 L 3
6 0 U -1
7 1 U 5
8 0 U 0
9 1 L 5
10 1 L 5
11 0 L 6
12 1 U -1
13 0 L 7
14 1 U 12
15 1 U 14
16 0 U -1
17 0 U 8
18 0 L 14
19 0 L 7
20 1 L 19
21 0 L 7
22 0 U 16
23 1 L -1
24 0 L 18
25 0 L -1
26 1 L 15
27 1 L 16
28 1 L 1
29 0 U 19
30 0 U 15
31 0 U 18
32 0 U 24
33 0 U 16
34 0 L 25
35 0 L 29
36 1 L 15
37 1 U 31
38 1 L 9
39 0 L 11
40 1 U 28
41 1 U 33
42 1 U 22
43 1 U 15
44 0 L 16
45 1 L 34
46 1 L 39
47 0 U 16
48
0 1 L -1
1 1 U -1
2 1 U 0
3 0 U 1
4 0 U -1
5 1 L 3
6 0 U -1
7 1 U 5
8 0 U 0
9 1 L 5
10 1 L 5
11 0 L 6
12 1 U -1
13 1 L 1
14 1 U 12
15 1 U 14
16 0 U -1
17 0 U 8
18 0 L 14
19 1 L 7
20 1 L 3
21 1 L 7
22 0 U 16
23 1 L -1
24 0 L 18
25 0 L -1
26 1 L 15
27 0 L 16
28 1 L 1
29 0 U 18
30 0 U 18
31 0 L 18
32 1 U 15
33 0 U 16
34 1 L 25
35 0 L 29
36 1 L 15
37 0 L 35
38 0 L 9
39 0 L 26
40 0 U 29
41 1 U 32
42 1 U 14
43 0 U 15
44 0 L 16
45 1 L 28
46 1 L 31
47 0 U 16
48
0 1 U -1
1 1 U -1
2 1 U 0
3 0 U 1
4 0 U -1
5 1 L 3
6 0 U -1
7 1 U 5
8 0 U 0
9 1 L 5
10 1 L 5
11 0 L 6
12 1 U -1
13 1 L -1
14 1 U 12
15 1 U 14
16 0 U -1
17 0 U 8
18 0 L 14
19 0 L 7
20 1 L 3
21 0 L 2
22 0 U 16
23 1 L -1
24 0 L 18
25 0 L -1
26 1 L 15
27 1 L 16
28 1 L 1
29 0 U 15
30 0 U 15
31 0 U 18
32 0 U 24
33 0 U 16
34 1 L 2
35 0 L 26
36 1 L 15
37 1 L 35
38 1 L 9
39 0 L 11
40 0 U 19
41 1 L 28
42 0 U 22
43 0 U 7
44 0 L 37
45 1 L 28
46 1 L 39
47 0 U 16
48
0 1 U -1
1 1 U -1
2 1 U 0
3 0 U 1
4 0 U -1
5 1 L 3
6 0 U -1
7 1 U 5
8 0 U 0
9 1 L 5
10 1 L 5
11 0 L 6
12 1 U -1
13 1 L -1
14 1 U 12
15 1 U 14
16 0 U -1
17 0 U 8
18 0 L 14
19 0 L 7
20 1 L 19
21 0 L 7
22 0 U 16
23 1 L -1
24 0 L 18
25 0 L -1
26 1 L 15
27 1 L 16
28 1 L 19
29 0 U 15
30 0 U 9
31 0 U 24
32 0 U 19
33 0 U 16
34 1 L 25
35 0 L 26
36 1 L 15
37 0 L 22
38 0 L 9
39 0 L 38
40 0 U 15
41 1 L 28
42 0 U 2
43 1 U 40
44 0 L 37
45 1 L 28
46 1 U 37
47 0 U 16
48
0 1 U -1
1 1 U -1
2 1 U 0
3 0 U 0
4 0 U -1
5 1 L 3
6 0 U -1
7 1 U 5
8 0 U 0
9 1 L 5
10 1 L 5
11 0 L 6
12 1 U -1
13 1 L -1
14 1 U 12
15 1 U 14
16 0 U -1
17 0 U 3
18 0 L 14
19 0 L 7
20 1 L 3
21 0 L 7
22 0 U 16
23 1 L -1
24 0 L 18
25 1 L -1
26 1 L 15
27 1 L 16
28 1 L 19
29 0 L 15
30 0 U 18
31 0 U 24
32 0 U 18
33 0 U 4
34 1 L 25
35 0 L 11
36 0 L 10
37 0 L 12
38 0 L 9
39 0 L 14
40 0 U 7
41 1 U 28
42 0 U 3
43 1 U 29
44 0 L 37
45 1 L 28
46 1 U 28
47 0 U 16
48
0 1 U -1
1 1 U -1
2 1 U 0
3 0 U 0
4 0 U -1
5 1 L 3
6 0 U -1
7 1 U 5
8 0 U 0
9 1 L 5
10 1 L 4
11 0 L 6
12 1 U -1
13 1 L -1
14 1 U 12
15 1 U 14
16 0 U -1
17 0 U 8
18 0 L 14
19 0 L 7
20 1 L 19
21 0 L 7
22 0 U 16
23 1 L -1
24 0 L 18
25 0 L -1
26 1 L 15
27 1 L 16
28 0 L 14
29 1 L 6
30 0 U 18
31 0 U 24
32 1 U 13
33 0 U 4
34 0 L 25
35 0 L 11
36 1 L 6
37 0 L 12
38 1 L 9
39 0 L 2
40 0 U 24
41 0 U 21
42 1 U 22
43 1 L 11
44 0 L 37
45 1 L 34
46 1 U 24
47 0 U 16
48
0 1 L -1
1 1 U -1
2 1 U 0
3 0 U 1
4 0 U -1
5 1 L 3
6 0 U -1
7 1 U 5
8 0 U 0
9 1 L 5
10 1 L 4
11 0 L 6
12 1 U -1
13 1 L -1
14 1 U 12
15 1 U 14
16 0 U -1
17 0 U 8
18 0 L 11
19 0 L 7
20 1 L 19
21 1 L 7
22 0 U 16
23 1 L -1
24 0 L 18
25 0 L -1
26 1 L 15
27 1 L 16
28 0 L 26
29 0 L 8
30 0 U 15
31 1 U 26
32 0 U 18
33 0 U 16
34 0 L 25
35 0 L 14
36 0 L 8
37 0 L 35
38 1 L 9
39 0 L 25
40 0 U 37
41 1 U 2
42 1 U 3
43 1 L 14
44 0 L 37
45 1 L 34
46 0 L 24
47 0 U 16
48
0 1 L -1
1 1 U -1
2 1 U 0
3 0 U 0
4 0 U -1
5 1 L 3
6 0 U -1
7 1 U 5
8 0 U 0
9 1 L 5
10 1 L 4
11 0 L 6
12 1 U -1
13 1 L -1
14 1 U 12
15 1 U 14
16 0 U -1
17 0 U 3
18 1 L 14
19 0 L 7
20 1 L 19
21 1 L 7
22 0 U 16
23 1 L -1
24 0 L 18
25 0 L -1
26 1 L 15
27 1 L 16
28 1 L 6
29 0 L 6
30 0 U 18
31 1 U 9
32 0 U 2
33 0 U 16
34 0 L 25
35 1 L 29
36 0 L 8
37 1 L 35
38 0 L 9
39 0 L 25
40 1 L 17
41 0 U 32
42 1 U 2
43 1 L 28
44 0 L 37
45 1 L 34
46 0 L 37
47 0 U 4
48
0 1 U -1
1 1 U -1
2 1 U 0
3 0 U 0
4 0 U -1
5 1 L 3
6 0 U -1
7 1 U 5
8 0 U 0
9 1 L 5
10 1 L 5
11 0 L 6
12 1 U -1
13 1 L -1
14 1 U 12
15 1 U 14
16 0 U -1
17 0 U 8
18 0 L 11
19 0 L 7
20 1 L 3
21 0 L 7
22 0 U 16
23 1 L -1
24 0 L 18
25 0 L -1
26 1 L 15
27 1 L 16
28 0 L 21
29 0 L 6
30 0 U 15
31 1 U 9
32 0 U 2
33 0 U 16
34 0 L 25
35 0 L 29
36 0 L 10
37 1 L 35
38 0 L 9
39 0 L 25
40 1 L 35
41 0 U 13
42 1 U 17
43 1 L 26
44 1 U 23
45 1 L 34
46 1 L 12
47 0 U 16
48
0 1 L -1
1 1 U -1
2 1 U 0
3 0 U 0
4 0 U -1
5 1 L 3
6 0 U -1
7 1 U 5
8 0 U 0
9 1 L 5
10 1 L 5
11 0 L 6
12 1 U -1
13 1 L -1
14 1 U 12
15 1 U 14
16 0 U -1
17 0 U 3
18 0 L 14
19 0 L 7
20 1 L 3
21 0 L 2
22 0 U 16
23 1 L -1
24 0 L 18
25 0 L -1
26 1 L 15
27 1 L 16
28 1 L 21
29 0 L 6
30 0 U 15
31 1 U 9
32 0 U 2
33 0 U 16
34 0 L 25
35 0 L 11
36 1 L 6
37 0 L 35
38 0 L 9
39 0 L 25
40 1 L 37
41 1 U 29
42 1 U 22
43 1 L 38
44 1 L 37
45 1 L 34
46 1 U 42
47 0 U 4
48
0 1 U -1
1 1 U -1
2 1 U 0
3 0 U 0
4 0 U -1
5 1 L 3
6 0 U -1
7 0 U 5
8 0 U 0
9 1 L 5
10 1 L 5
11 0 L 6
12 1 U -1
13 1 L -1
14 1 U 12
15 1 U 14
16 0 U -1
17 0 U 8
18 1 L 11
19 0 L 7
20 1 L 3
21 0 L 2
22 0 U 16
23 1 L 13
24 0 L 18
25 0 L -1
26 1 L 15
27 1 L 16
28 0 L 10
29 1 L 6
30 1 U 7
31 1 U 9
32 0 U 2
33 0 U 16
34 0 L 25
35 1 L 29
36 0 L 26
37 0 L 17
38 0 L 9
39 0 L 2
40 0 L -1
41 0 U 23
42 1 U 22
43 1 L 14
44 0 L 37
45 1 L 34
46 1 U 21
47 0 U 4
48
0 1 L -1
1 1 U -1
2 1 U 0
3 0 U 0
4 0 U -1
5 1 L 3
6 0 U -1
7 0 U 5
8 0 U 0
9 1 L 5
10 1 L 5
11 0 L 6
12 1 U -1
13 1 L -1
14 1 U 12
15 1 U 14
16 0 U -1
17 0 U 3
18 1 L 11
19 0 L 0
20 1 L 3
21 0 L 2
22 0 U 16
23 1 L 13
24 0 L 18
25 0 L -1
26 1 L 15
27 1 L 16
28 0 L 10
29 1 L 10
30 1 U 26
31 0 U 18
32 0 U 26
33 0 U 4
34 0 L 25
35 1 L 29
36 0 L 14
37 1 L 33
38 0 L 9
39 0 L 25
40 1 L -1
41 1 L 36
42 0 U 8
43 1 L 14
44 1 L 12
45 1 L 34
46 1 U 34
47 0 U 16
48
0 1 L -1
1 1 U -1
2 1 U 0
3 0 U 1
4 0 U -1
5 1 L 3
6 0 U -1
7 0 U 5
8 0 U 0
9 1 L 5
10 1 L 5
11 0 L 6
12 1 U -1
13 1 L -1
14 1 U 12
15 1 U 14
16 0 U -1
17 0 U 8
18 1 L 14
19 0 L 7
20 1 L 3
21 0 L 2
22 0 U 16
23 1 L 7
24 0 L 23
25 0 L -1
26 1 L 15
27 1 L 16
28 1 L 3
29 1 L 10
30 1 U 15
31 0 U 26
32 1 U 26
33 1 U 16
34 0 L 23
35 1 L 26
36 0 L 11
37 1 L 31
38 0 L 9
39 0 L 35
40 1 L -1
41 0 L 36
42 0 U 33
43 1 L 14
44 1 L 41
45 1 L 34
46 1 U 17
47 1 U 27
48
0 1 L -1
1 1 U -1
2 1 U 0
3 0 U 0
4 0 U -1
5 1 L 3
6 0 U -1
7 0 U 5
8 0 U 0
9 1 L 5
10 1 L 5
11 0 L 6
12 1 U -1
13 0 L 1
14 1 U 12
15 1 U 14
16 0 U -1
17 0 U 8
18 0 L 11
19 0 L 7
20 1 L 3
21 1 L 2
22 0 U 16
23 1 L -1
24 0 L 1
25 0 L -1
26 1 L 15
27 1 L 16
28 0 U 17
29 1 L 10
30 1 U 15
31 0 U 28
32 1 U 18
33 1 U 4
34 0 L 25
35 0 L 29
36 0 L 26
37 1 L 31
38 0 L 9
39 0 L 36
40 1 L 39
41 0 L 36
42 0 U 22
43 1 L 38
44 1 L 31
45 1 L 34
46 0 U 27
47 1 U 33
48
0 1 U -1
1 1 U -1
2 1 U 0
3 0 U 0
4 0 U -1
5 1 L 3
6 0 U -1
7 0 U 5
8 0 U 0
9 1 L 5
10 1 L 5
11 0 L 6
12 1 U -1
13 1 L 10
14 1 U 12
15 1 U 14
16 0 U -1
17 0 U 8
18 0 L 11
19 0 L 0
20 1 L 3
21 1 L -1
22 0 U 16
23 0 L -1
24 1 L 23
25 0 L -1
26 1 L 15
27 1 L 16
28 0 U 17
29 1 L 10
30 1 U 18
31 0 U 7
32 1 U 9
33 1 U 4
34 0 L 25
35 0 L 29
36 1 L 14
37 1 L 31
38 1 L 9
39 0 L 28
40 0 L 39
41 0 L 36
42 1 U 8
43 1 L 38
44 1 L 41
45 1 L 34
46 0 L 43
47 1 U 8
48
0 1 U -1
1 1 U -1
2 1 U 0
3 0 U 0
4 0 U -1
5 1 L 3
6 0 U -1
7 1 U 5
8 0 U 0
9 1 L 5
10 1 L 5
11 0 L 6
12 1 U -1
13 1 L 10
14 1 U 12
15 1 U 14
16 0 U -1
17 0 U 8
18 1 L 11
19 1 L 7
20 1 L 3
21 1 L 7
22 0 U 16
23 1 L -1
24 0 L 1
25 0 L 7
26 1 L 15
27 1 L 16
28 1 U 17
29 1 L 10
30 1 U 26
31 0 U 28
32 1 U 26
33 1 U 16
34 1 L 25
35 0 L 10
36 0 L 35
37 1 L 31
38 0 L 15
39 0 U 21
40 1 L 39
41 1 L 22
42 0 U 22
43 1 L 38
44 1 L 31
45 1 L 34
46 1 L -1
47 1 U 27
48
0 1 L -1
1 1 U -1
2 1 U 0
3 0 U 0
4 0 U -1
5 1 L 3
6 0 U -1
7 1 U 5
8 0 U 0
9 1 L 5
10 1 L 5
11 0 L 6
12 1 U -1
13 1 L 10
14 1 U 12
15 1 U 14
16 0 U -1
17 0 U 3
18 0 L 11
19 1 L 7
20 1 L 3
21 1 L -1
22 0 U 16
23 0 L -1
24 0 L 1
25 1 L 0
26 1 L 15
27 1 L 16
28 1 U 17
29 1 L 10
30 1 U 15
31 0 U 28
32 1 U 7
33 1 U 4
34 1 L 25
35 0 L 10
36 1 L 14
37 1 L 31
38 0 L 10
39 0 U 31
40 0 U 31
41 0 L 22
42 0 U 22
43 0 L 18
44 0 U 23
45 1 L 5
46 1 L 22
47 1 U 4
48
0 1 U -1
1 1 U -1
2 1 U 0
3 0 U 0
4 0 U -1
5 1 L 3
6 0 U -1
7 1 U 5
8 0 U 0
9 1 L 5
10 1 L 5
11 0 L 6
12 1 U -1
13 1 L 10
14 1 U 12
15 1 U 14
16 0 U -1
17 0 U 8
18 0 L 11
19 1 L 7
20 1 L 3
21 0 L 7
22 0 U 16
23 0 L -1
24 0 L 21
25 1 L 0
26 1 L 15
27 1 L 16
28 1 U 17
29 1 L 10
30 1 U 9
31 0 U 28
32 1 U 28
33 1 U 16
34 1 L 25
35 0 L 10
36 1 L 14
37 1 L 31
38 0 L 8
39 0 U 21
40 1 U 29
41 0 L 28
42 0 U 3
43 0 L 38
44 1 U 23
45 1 L 34
46 1 L 12
47 1 U 13
48
0 1 U -1
1 1 U -1
2 1 U 0
3 0 U 0
4 0 U -1
5 1 L 3
6 0 U -1
7 1 U 5
8 0 U 0
9 1 L 5
10 1 L 5
11 0 L 6
12 1 U -1
13 1 L 10
14 1 U 12
15 1 U 14
16 0 U -1
17 0 U 8
18 1 L 11
19 0 L 7
20 1 L 19
21 0 L 0
22 0 U 16
23 1 L -1
24 0 L 21
25 0 L 7
26 1 L 15
27 1 L 16
28 1 U 17
29 1 L 10
30 1 U 15
31 0 U 7
32 1 U 7
33 1 U 4
34 1 L 25
35 0 L 15
36 1 L 35
37 1 L 31
38 0 L 13
39 0 U 24
40 0 U 21
41 1 L -1
42 0 U 3
43 0 L 30
44 0 U 39
45 1 L 34
46 1 L 7
47 1 U 13
48
0 1 U -1
1 1 U -1
2 1 U 0
3 0 U 0
4 0 U -1
5 1 L 3
6 0 U -1
7 1 U 5
8 0 U 0
9 1 L 5
10 1 L 5
11 0 L 6
12 1 U -1
13 1 L -1
14 1 U 12
15 1 U 14
16 0 U -1
17 0 U 8
18 1 L 14
19 0 L 7
20 1 L 19
21 0 L 13
22 0 U 16
23 1 L 21
24 0 L 23
25 0 L 7
26 1 L 15
27 1 L 16
28 0 U 5
29 1 L 10
30 1 U 9
31 0 U 7
32 1 U 7
33 1 U 16
34 1 L 25
35 0 L 10
36 1 L 35
37 1 L 31
38 0 L 8
39 0 U 24
40 1 U 21
41 1 L 13
42 0 U 33
43 0 L 28
44 1 U 39
45 1 L 34
46 0 L 41
47 1 U 27
48
0 1 U -1
1 1 U -1
2 1 U 0
3 0 U 0
4 0 U -1
5 1 L 3
6 0 U -1
7 1 U 5
8 0 U 0
9 1 L 5
10 1 L 5
11 0 L 6
12 1 U -1
13 1 L -1
14 1 U 12
15 1 U 14
16 0 U -1
17 0 U 3
18 0 L 14
19 0 L 7
20 1 L 3
21 0 L 13
22 0 U 16
23 1 L 21
24 0 L 19
25 1 L -1
26 1 L 15
27 1 L 16
28 0 L 18
29 1 L 10
30 1 U 18
31 0 U 7
32 1 U 7
33 1 U 4
34 1 L 25
35 0 L 10
36 1 L 35
37 1 L 31
38 0 L 8
39 0 U 24
40 1 U 39
41 0 L 12
42 0 U 33
43 1 L 38
44 0 U 39
45 1 L 24
46 0 L 13
47 1 U 16
48
0 1 L -1
1 1 U -1
2 1 U 0
3 0 U 0
4 0 U -1
5 1 L 3
6 0 U -1
7 1 U 5
8 0 U 0
9 1 L 5
10 1 L 5
11 0 L 6
12 1 U -1
13 1 L -1
14 1 U 12
15 1 U 14
16 0 U -1
17 0 U 8
18 0 L 14
19 0 L 7
20 1 L 3
21 0 L 13
22 0 U 16
23 1 L 21
24 0 L 19
25 1 L 13
26 1 L 15
27 1 L 16
28 0 U 17
29 1 L -1
30 1 U 18
31 0 U 7
32 1 U 19
33 1 U 4
34 1 L 25
35 0 L 10
36 0 L 35
37 1 L 31
38 1 L 15
39 0 U 31
40 1 L 36
41 1 U 31
42 0 U 8
43 1 L 38
44 1 U 41
45 1 L 24
46 1 L 7
47 1 U 16
48
0 1 U -1
1 1 U -1
2 1 U 0
3 0 U 0
4 0 U -1
5 1 L 3
6 0 U -1
7 1 U 5
8 0 U 0
9 1 L 5
10 1 L 5
11 0 L 6
12 1 U -1
13 1 L -1
14 1 U 12
15 1 U 14
16 0 U -1
17 0 U 3
18 0 L 14
19 0 L 7
20 1 L 19
21 0 L 13
22 0 U 16
23 1 L 21
24 0 L 19
25 0 L 13
26 1 L 15
27 1 L 16
28 1 U 5
29 1 L 13
30 1 U 18
31 0 U 28
32 1 U 28
33 1 U 16
34 1 L 25
35 0 L 15
36 1 L 31
37 0 L 36
38 1 L 15
39 0 U 23
40 1 L 22
41 0 U 37
42 0 U 3
43 0 L 30
44 1 U 41
45 1 L 5
46 1 L 43
47 1 U 4
48
0 1 U -1
1 1 U -1
2 1 U 0
3 0 U 0
4 0 U -1
5 1 L 3
6 0 U -1
7 1 U 5
8 0 U 0
9 1 L 5
10 1 L 5
11 0 L 6
12 1 U -1
13 1 L -1
14 1 U 12
15 1 U 14
16 0 U -1
17 0 U 8
18 1 L 11
19 1 L 2
20 1 L 3
21 1 L 13
22 0 U 16
23 1 L 21
24 0 L 19
25 1 L -1
26 1 L 15
27 1 L 16
28 1 U 17
29 1 L 0
30 1 L 10
31 0 U 28
32 1 U 28
33 1 U 16
34 0 L 21
35 0 L 10
36 1 L 31
37 0 L 33
38 1 L 6
39 0 U 31
40 0 L 28
41 1 U 37
42 0 U 3
43 0 L 18
44 1 U 41
45 0 L 34
46 0 L 28
47 1 U 4
48
0 1 L -1
1 1 U -1
2 1 U 0
3 1 U 0
4 0 U -1
5 1 L 3
6 0 U -1
7 1 U 5
8 0 U 0
9 1 L 5
10 1 L 5
11 0 L 6
12 1 U -1
13 1 L -1
14 1 U 12
15 1 U 14
16 0 U -1
17 0 U 3
18 1 L 14
19 1 L 2
20 1 L 19
21 0 L 13
22 0 U 16
23 1 L 21
24 0 L 19
25 1 L 13
26 1 L 15
27 1 L 16
28 1 U 17
29 1 L -1
30 1 L 6
31 0 U 28
32 1 U 28
33 1 U 4
34 0 L 21
35 0 L 6
36 1 L 7
37 0 L 31
38 0 L 6
39 0 U 31
40 1 L 12
41 1 U 21
42 0 U 22
43 0 L 38
44 1 U 41
45 0 L 34
46 0 L 22
47 1 U 4
48
0 1 L -1
1 1 U -1
2 1 U 0
3 0 U 0
4 0 U -1
5 1 L 3
6 0 U -1
7 0 U 6
8 0 U 0
9 1 L 5
10 1 L 5
11 0 L 6
12 1 U -1
13 1 L -1
14 1 U 12
15 1 U 14
16 0 U -1
17 0 U 8
18 1 L 11
19 1 L 2
20 1 L 19
21 0 L 13
22 0 U 16
23 1 L 21
24 0 L 23
25 1 L -1
26 1 L 15
27 1 L 16
28 1 U 5
29 1 L -1
30 1 U 26
31 0 U 28
32 1 U 28
33 1 U 4
34 0 L 21
35 0 L 10
36 1 L 29
37 1 L 31
38 0 L 6
39 0 U 31
40 1 L 28
41 1 U 21
42 0 U 33
43 0 L 41
44 1 U 41
45 0 L 34
46 1 L 38
47 1 U 16
48
0 1 U -1
1 1 U -1
2 1 U 0
3 0 U 1
4 0 U -1
5 1 L 3
6 0 U -1
7 0 U 6
8 0 U 0
9 1 L 5
10 1 L 5
11 0 L 6
12 1 U -1
13 1 L -1
14 1 U 12
15 1 U 14
16 0 U -1
17 0 U 8
18 1 L 11
19 1 L 2
20 1 L 3
21 0 L 13
22 0 U 16
23 1 L 21
24 0 L 19
25 1 L 13
26 1 L 15
27 1 L 16
28 1 U 17
29 1 L -1
30 1 U 26
31 0 U 28
32 1 U 28
33 1 U 7
34 0 L 25
35 0 L 15
36 1 L 0
37 1 L 31
38 0 L 6
39 0 U 23
40 0 L 12
41 1 U 21
42 0 U 33
43 0 L 41
44 1 U 41
45 0 L 34
46 1 L 18
47 1 U 4
48
0 1 U -1
1 1 U -1
2 1 U 0
3 0 U 1
4 0 U -1
5 1 L 3
6 0 U -1
7 0 U 6
8 0 U 0
9 1 L 5
10 1 L 5
11 0 L 6
12 1 U -1
13 1 L -1
14 1 U 12
15 1 U 14
16 0 U -1
17 0 U 8
18 1 L 13
19 1 L 2
20 1 L 3
21 0 L 13
22 0 U 16
23 1 L 21
24 0 L 23
25 1 L 13
26 1 L 15
27 1 L 16
28 1 U 17
29 1 L -1
30 1 U 26
31 0 U 18
32 1 U 28
33 1 U 7
34 0 L 25
35 0 L 10
36 1 L 29
37 1 L 31
38 0 L 6
39 0 U 31
40 0 L 12
41 1 U 37
42 0 U 22
43 0 L 41
44 1 U 41
45 0 L 34
46 1 L 38
47 1 U 4
48
0 1 L -1
1 1 U -1
2 1 U 0
3 0 U 1
4 0 U -1
5 1 L 3
6 0 U -1
7 0 U 6
8 0 U 0
9 1 L 5
10 1 L 5
11 0 L 6
12 1 U -1
13 1 L -1
14 1 U 12
15 1 U 14
16 0 U -1
17 0 U 8
18 1 L 13
19 1 L 2
20 1 L 19
21 0 L 13
22 0 U 16
23 1 L 21
24 0 L 23
25 1 L 13
26 1 L 6
27 1 L 16
28 1 U 5
29 1 L -1
30 1 U 26
31 0 U 18
32 1 U 28
33 1 U 16
34 0 L 21
35 0 L 8
36 1 L 0
37 1 L 31
38 0 L 6
39 0 U 31
40 1 L 12
41 1 U 37
42 0 U 33
43 0 L 41
44 1 U 41
45 0 L 34
46 0 L 38
47 1 U 16
48
0 1 U -1
1 1 U -1
2 1 U 0
3 0 U 1
4 0 U -1
5 1 L 3
6 0 U -1
7 0 U 6
8 0 U 0
9 1 L 5
10 1 L 5
11 0 L 6
12 1 U -1
13 1 L -1
14 1 U 12
15 1 U 14
16 0 U -1
17 0 U 8
18 1 L 13
19 1 L 2
20 1 L 3
21 0 L 13
22 0 U 16
23 1 L 21
24 0 L 23
25 1 L 13
26 1 L 8
27 1 L 16
28 1 U 17
29 1 L -1
30 1 U 26
31 0 U 18
32 1 U 28
33 1 U 7
34 0 L 21
35 0 L 8
36 1 L 29
37 1 L 31
38 0 L 6
39 0 U 31
40 1 L 17
41 1 U 37
42 0 U 33
43 0 L 41
44 1 U 41
45 0 L 34
46 1 L 30
47 1 U 27
48
0 1 U -1
1 1 U -1
2 1 U 0
3 0 U 1
4 0 U -1
5 1 L 3
6 0 U -1
7 0 U 6
8 0 U 0
9 1 L 5
10 1 L 5
11 0 L 6
12 1 U -1
13 1 L -1
14 1 U 12
15 1 U 14
16 0 U -1
17 0 U 8
18 1 L 13
19 1 L 2
20 1 L 3
21 0 L 13
22 0 U 16
23 1 L 21
24 0 L 19
25 1 L -1
26 1 L 8
27 1 L 16
28 1 U 5
29 1 L -1
30 1 U 26
31 0 U 18
32 1 U 28
33 1 U 4
34 0 L 21
35 0 L 15
36 1 L 0
37 1 L 31
38 0 L 6
39 0 U 31
40 1 L 17
41 1 U 37
42 0 U 33
43 0 L 41
44 1 U 10
45 0 L 34
46 1 L 38
47 1 U 4
48
0 1 L -1
1 1 U -1
2 1 U 0
3 0 U 1
4 0 U -1
5 1 L 3
6 0 U -1
7 0 U 6
8 0 U 0
9 1 L 5
10 1 L 5
11 0 L 6
12 1 U -1
13 1 L -1
14 1 U 12
15 1 U 14
16 0 U -1
17 0 U 8
18 1 L 13
19 1 L 2
20 1 L 19
21 0 L 13
22 0 U 16
23 1 L 21
24 0 L 19
25 1 L 13
26 1 L 6
27 1 L 16
28 1 U 17
29 1 L -1
30 1 U 26
31 0 U 18
32 1 U 28
33 1 U 7
34 0 L 21
35 0 L 15
36 1 L 0
37 1 L 31
38 0 L 6
39 0 U 31
40 1 L 22
41 1 U 37
42 0 U 22
43 0 L 41
44 1 U 10
45 0 L 34
46 1 L 30
47 1 U 4
48
0 1 L -1
1 1 U -1
2 1 U 0
3 0 U 1
4 0 U -1
5 1 L 3
6 0 U -1
7 0 U 6
8 0 U 0
9 1 L 5
10 1 L 5
11 0 L 6
12 1 U -1
13 1 L -1
14 1 U 12
15 1 U 14
16 0 U -1
17 0 U 8
18 1 L 13
19 1 L 2
20 1 L 19
21 0 L 13
22 0 U 16
23 1 L 21
24 0 L 19
25 1 L 13
26 1 L 8
27 1 L 16
28 0 U 5
29 1 L -1
30 1 U 26
31 0 U 18
32 1 U 18
33 1 U 16
34 0 L 25
35 0 L 10
36 1 L 0
37 1 L 31
38 0 L 6
39 0 U 31
40 0 L 12
41 1 U 37
42 0 U 3
43 0 L 41
44 1 U 10
45 0 L 34
46 0 L 38
47 1 U 27
48
0 1 U -1
1 1 U -1
2 1 U 0
3 0 U 1
4 0 U -1
5 1 L 3
6 0 U -1
7 0 U 6
8 0 U 0
9 1 L 5
10 1 L 5
11 0 L 6
12 1 U -1
13 1 L -1
14 1 U 12
15 1 U 14
16 0 U -1
17 0 U 8
18 1 L 13
19 1 L 2
20 1 L 19
21 0 L 13
22 0 U 16
23 1 L 21
24 0 L 19
25 1 L 13
26 1 L 15
27 1 L 16
28 1 U 5
29 1 L -1
30 1 U 26
31 0 U 18
32 1 U 28
33 1 U 16
34 0 L 25
35 0 L 15
36 1 L 0
37 1 L 31
38 0 L 6
39 0 U 31
40 0 L 17
41 1 U 37
42 1 U 33
43 0 L 41
44 1 U 41
45 0 L 34
46 1 L 38
47 1 U 16
48
0 1 U -1
1 1 U -1
2 1 U 0
3 0 U 1
4 0 U -1
5 1 L 3
6 0 U -1
7 0 U 6
8 0 U 0
9 1 L 5
10 1 L 5
11 0 L 6
12 1 U -1
13 1 L -1
14 1 U 12
15 1 U 14
16 0 U -1
17 0 U 8
18 1 L 13
19 1 L 2
20 1 L 3
21 1 L 13
22 0 U 16
23 1 L 21
24 0 L 23
25 1 L 13
26 1 L 8
27 1 L 16
28 1 U 5
29 1 L -1
30 1 U 26
31 0 U 18
32 1 U 28
33 1 U 7
34 0 L 21
35 0 L 15
36 1 L 29
37 1 L 31
38 0 L 6
39 0 U 31
40 0 L 17
41 1 U 37
42 0 U 22
43 0 L 41
44 1 U 41
45 0 L 34
46 1 L 30
47 1 U 16
48
0 1 L -1
1 1 U -1
2 1 U 0
3 0 U 1
4 0 U -1
5 1 L 3
6 0 U -1
7 0 U 6
8 0 U 0
9 1 L 5
10 1 L 5
11 0 L 6
12 1 U -1
13 1 L -1
14 1 U 12
15 1 U 14
16 0 U -1
17 0 U 8
18 1 L 13
19 1 L 2
20 1 L 3
21 0 L 13
22 0 U 16
23 1 L 21
24 0 L 19
25 1 L 13
26 1 L 6
27 1 L 16
28 1 U 17
29 1 L -1
30 1 U 26
31 0 U 18
32 1 U 28
33 1 U 4
34 0 L 21
35 0 L 6
36 1 L 0
37 1 L 31
38 0 L 6
39 0 U 31
40 0 L 12
41 1 U 37
42 0 U 33
43 0 L 41
44 1 U 10
45 0 L 34
46 0 L 38
47 1 U 16
48
0 1 U -1
1 1 U -1
2 1 U 0
3 0 U 1
4 0 U -1
5 1 L 3
6 0 U -1
7 0 U 6
8 0 U 0
9 1 L 5
10 1 L 5
11 0 L 6
12 1 U -1
13 1 L -1
14 1 U 12
15 1 U 14
16 0 U -1
17 0 U 8
18 1 L 13
19 1 L 2
20 1 L 19
21 0 L 13
22 0 U 16
23 1 L 21
24 0 L 19
25 1 L 13
26 1 L 6
27 1 L 16
28 1 U 17
29 1 L -1
30 1 U 26
31 0 U 18
32 1 U 28
33 1 U 4
34 0 L 25
35 0 L 10
36 1 L 0
37 1 L 31
38 0 L 6
39 0 U 31
40 1 L 12
41 1 U 37
42 0 U 33
43 0 L 41
44 1 U 10
45 0 L 34
46 1 L 38
47 1 U 16
48
0 1 U -1
1 1 U -1
2 1 U 0
3 0 U 1
4 0 U -1
5 1 L 3
6 0 U -1
7 0 U 6
8 0 U 0
9 1 L 5
10 1 L 5
11 0 L 6
12 1 U -1
13 1 L -1
14 1 U 12
15 1 U 14
16 0 U -1
17 0 U 8
18 1 L 13
19 1 L 2
20 1 L 3
21 0 L 13
22 0 U 16
23 1 L 21
24 0 L 19
25 1 L 13
26 1 L 8
27 1 L 16
28 1 U 17
29 1 L -1
30 1 U 26
31 0 U 18
32 1 U 18
33 1 U 16
34 0 L 25
35 0 L 6
36 1 L 0
37 1 L 31
38 0 L 6
39 0 U 31
40 1 L 22
41 1 U 37
42 0 U 22
43 0 L 41
44 1 U 10
45 0 L 34
46 1 L 38
47 1 U 7
48
0 1 L -1
1 1 U -1
2 1 U 0
3 0 U 1
4 0 U -1
5 1 L 3
6 0 U -1
7 0 U 6
8 0 U 0
9 1 L 5
10 1 L 7
11 0 L 6
12 1 U -1
13 1 L -1
14 1 U 12
15 1 U 14
16 0 U -1
17 0 U 8
18 1 L 13
19 1 L 2
20 1 L 3
21 0 L 13
22 0 U 16
23 1 L 21
24 0 L 19
25 1 L 13
26 1 L 10
27 1 L 16
28 0 U 17
29 1 L -1
30 1 U 26
31 0 U 18
32 1 U 18
33 1 U 16
34 0 L 25
35 0 L 6
36 1 L 29
37 1 L 31
38 0 L 6
39 0 U 31
40 1 L 12
41 1 U 37
42 0 U 33
43 0 L 41
44 1 U 39
45 0 L 34
46 1 L 30
47 1 U 7
48
0 1 L -1
1 1 U -1
2 1 U 0
3 0 U 1
4 0 U -1
5 1 L 3
6 0 U -1
7 0 U 6
8 0 U 0
9 1 L 5
10 1 L 5
11 0 L 6
12 1 U -1
13 1 L -1
14 1 U 12
15 1 U 14
16 0 U -1
17 1 U 8
18 1 L 13
19 1 L 2
20 1 L 3
21 0 L 13
22 0 U 16
23 1 L 21
24 0 L 23
25 1 L -1
26 1 L 6
27 1 L 16
28 1 U 5
29 1 L -1
30 1 U 26
31 0 U 28
32 1 U 28
33 1 U 7
34 0 L 21
35 0 L 6
36 1 L 0
37 1 L 31
38 0 L 6
39 0 U 23
40 0 L 28
41 1 U 37
42 0 U 33
43 0 L 41
44 1 U 39
45 0 L 34
46 1 L 17
47 1 U 4
48
0 1 L -1
1 1 U -1
2 1 U 0
3 0 U 1
4 0 U -1
5 1 L 3
6 0 U -1
7 0 U 6
8 0 U 0
9 1 L 5
10 1 L 5
11 0 L 6
12 1 U -1
13 1 L -1
14 1 U 12
15 1 U 14
16 0 U -1
17 1 U 8
18 0 L 13
19 1 L 2
20 1 L 3
21 0 L 13
22 0 U 16
23 1 L 21
24 0 L 19
25 1 L 13
26 1 L 15
27 1 L 16
28 1 U 8
29 1 L -1
30 1 U 26
31 0 U 5
32 1 U 18
33 1 U 16
34 0 L 21
35 0 L 8
36 1 L 0
37 1 L 31
38 0 L 6
39 0 U 23
40 0 L 12
41 1 U 37
42 1 U 33
43 0 L 41
44 1 U 39
45 0 L 34
46 0 L 17
47 1 U 7
48
0 1 L -1
1 1 U -1
2 1 U 0
3 0 U 1
4 0 U -1
5 1 L 3
6 0 U -1
7 0 U 6
8 0 U 0
9 1 L 5
10 1 L 5
11 0 L 6
12 1 U -1
13 1 L -1
14 1 U 12
15 1 U 14
16 0 U -1
17 1 U 8
18 0 L 13
19 1 L 2
20 1 L 3
21 0 L 13
22 0 U 16
23 1 L 21
24 0 L 19
25 1 L 13
26 1 L 15
27 1 L 16
28 1 U 2
29 1 L -1
30 1 U 26
31 0 U 5
32 1 U 18
33 1 U 16
34 0 L 21
35 0 L 15
36 1 L 0
37 1 L 31
38 0 L 6
39 0 U 23
40 1 L 12
41 1 U 37
42 1 U 33
43 0 L 41
44 1 U 39
45 0 L 34
46 1 L 17
47 1 U 4
48
0 1 L -1
1 1 U -1
2 1 U 0
3 0 U 1
4 0 U -1
5 1 L 3
6 0 U -1
7 0 U 6
8 0 U 0
9 1 L 5
10 1 L 5
11 0 L 6
12 1 U -1
13 1 L -1
14 1 U 12
15 1 U 14
16 0 U -1
17 0 U 8
18 0 L 13
19 1 L 2
20 1 L 19
21 0 L 13
22 0 U 16
23 1 L 21
24 0 L 23
25 1 L 13
26 1 L 15
27 1 L 16
28 0 U 14
29 1 L -1
30 1 U 26
31 0 U 28
32 1 U 18
33 1 U 16
34 0 L 21
35 0 L 6
36 1 L 29
37 1 L 28
38 0 L 6
39 0 U 23
40 0 L 12
41 1 U 37
42 1 U 33
43 0 L 41
44 1 U 39
45 0 L 34
46 0 L 30
47 1 U 27
