38
0 0 U -1
1 0 U -1
2 0 U -1
3 0 U -1
4 0 U -1
5 0 U -1
6 0 U -1
7 0 U -1
8 0 U -1
9 0 U -1
10 0 U -1
11 0 U -1
12 0 U -1
13 0 U -1
14 0 U -1
15 0 U -1
16 0 U -1
17 0 U -1
18 0 U -1
19 0 U -1
20 0 U -1
21 0 U -1
22 0 U -1
23 0 U -1
24 0 U -1
25 0 U -1
26 0 U -1
27 0 U -1
28 0 U -1
29 0 U -1
30 0 U -1
31 0 U -1
32 0 U -1
33 0 U -1
34 0 U -1
35 0 U -1
36 0 U -1
37 0 U -1
38
0 0 L -1
1 0 U -1
2 1 L -1
3 1 L -1
4 0 U 1
5 1 L -1
6 1 U -1
7 1 U 4
8 1 L 4
9 1 L 5
10 1 L 1
11 1 L -1
12 1 U -1
13 0 U -1
14 1 U 4
15 0 U 4
16 0 L -1
17 1 U -1
18 1 L 9
19 1 U 15
20 1 U 17
21 1 U 17
22 0 U 1
23 0 L 15
24 0 L 13
25 0 L 19
26 1 L 19
27 0 U 1
28 0 L 1
29 0 U 14
30 0 L 28
31 1 U 27
32 1 L 26
33 0 U -1
34 1 U 25
35 0 L -1
36 1 L 28
37 0 U 19
38
0 0 L -1
1 0 U -1
2 1 L -1
3 0 L -1
4 0 U 1
5 0 L -1
6 1 U -1
7 1 U 4
8 1 L 4
9 1 L 2
10 1 L 1
11 1 L -1
12 0 U -1
13 0 U -1
14 1 U 4
15 0 U 4
16 0 L -1
17 0 U -1
18 1 L 9
19 1 U 7
20 0 U 1
21 1 U 1
22 0 U 12
23 0 L 15
24 0 U 15
25 0 L 13
26 1 L 19
27 0 U 1
28 0 L 1
29 0 U 7
30 0 L 8
31 0 U 3
32 1 L 26
33 0 U -1
34 1 U 30
35 0 L -1
36 1 L 28
37 1 U 7
38
0 0 L -1
1 0 U -1
2 1 L -1
3 1 L -1
4 0 U 1
5 1 L -1
6 0 U -1
7 1 U 4
8 1 L 4
9 1 L 5
10 1 L 1
11 1 L -1
12 0 U -1
13 0 U -1
14 1 U 4
15 0 U 3
16 0 L -1
17 1 U -1
18 1 L 9
19 1 U 15
20 0 U 1
21 1 U 17
22 0 U 1
23 0 L 13
24 0 L 15
25 0 L 19
26 1 L 19
27 1 U 1
28 0 L 1
29 0 U 23
30 0 L 8
31 0 U 27
32 1 L 26
33 0 U -1
34 1 U 18
35 0 L -1
36 1 L 28
37 0 U 31
38
0 0 L -1
1 0 U -1
2 1 L -1
3 1 U 2
4 0 U 1
5 0 L -1
6 1 U -1
7 1 U 4
8 1 L 4
9 1 L 2
10 1 L 5
11 1 L -1
12 0 U -1
13 0 U -1
14 1 U 4
15 0 U 4
16 0 L -1
17 0 U -1
18 1 L 9
19 1 U 5
20 1 U 12
21 0 U 1
22 0 U 12
23 0 U 3
24 0 L 19
25 0 L 19
26 1 L 19
27 0 U 12
28 0 L 1
29 0 U 14
30 0 L 8
31 1 U 27
32 1 L 26
33 0 U -1
34 1 U 30
35 0 L -1
36 1 L 28
37 1 U 19
38
0 0 U -1
1 0 U -1
2 1 L -1
3 1 U 2
4 0 U 1
5 0 L -1
6 0 U -1
7 1 U 3
8 1 L 4
9 1 L 2
10 1 L 1
11 1 L -1
12 0 U -1
13 0 U -1
14 1 U 4
15 0 U 3
16 0 L -1
17 1 U -1
18 1 L 9
19 1 U 5
20 0 U 12
21 0 U 17
22 0 U 1
23 0 U 3
24 0 L 19
25 0 L 13
26 1 L 19
27 0 U 1
28 0 L 1
29 1 U 14
30 0 L 8
31 1 U 27
32 1 L 26
33 0 U -1
34 1 U 25
35 0 L -1
36 1 L 6
37 0 U 31
38
0 0 L -1
1 0 U -1
2 1 L -1
3 1 U 2
4 0 U 1
5 0 L -1
6 1 U -1
7 1 U 4
8 1 L 4
9 1 L 2
10 1 L 5
11 1 L -1
12 0 U -1
13 0 U -1
14 1 U 4
15 0 U 4
16 0 L -1
17 1 U -1
18 1 L 9
19 1 U 7
20 0 U 1
21 0 U 17
22 0 U 1
23 0 U 3
24 0 L 19
25 0 L 19
26 1 L 19
27 0 U 12
28 0 L 1
29 1 U 15
30 0 L 8
31 1 U 27
32 1 L 26
33 0 U -1
34 1 U 25
35 0 L -1
36 1 L 28
37 1 U 31
38
0 0 U -1
1 0 U -1
2 1 L -1
3 1 L -1
4 0 U 1
5 0 L -1
6 0 U -1
7 1 U 3
8 1 L 4
9 1 L 2
10 1 L 1
11 1 L -1
12 0 U -1
13 0 U -1
14 1 U 4
15 0 U 4
16 0 L -1
17 1 U -1
18 1 L 9
19 1 U 15
20 1 U 1
21 1 U 17
22 0 U 12
23 0 U 22
24 0 U 14
25 0 L 19
26 1 L 19
27 0 U 12
28 0 L 1
29 1 U 23
30 0 L 28
31 1 U 27
32 1 L 26
33 0 U -1
34 1 U 24
35 0 L -1
36 1 L 6
37 1 U 10
38
0 0 U -1
1 0 U -1
2 1 L -1
3 1 L -1
4 0 U 1
5 1 L -1
6 1 U -1
7 1 U 3
8 1 L 4
9 1 L 2
10 1 L 1
11 1 L -1
12 1 U -1
13 0 U -1
14 1 U 4
15 0 U 4
16 0 L -1
17 1 U -1
18 1 L 9
19 1 U 14
20 0 U 1
21 1 U 17
22 0 U 17
23 0 U 4
24 1 U 15
25 0 L 15
26 0 L 19
27 0 U 17
28 0 L 1
29 1 U 23
30 0 L 8
31 1 U 27
32 1 L 26
33 0 U -1
34 1 U 19
35 0 L -1
36 1 L 28
37 1 U 25
38
0 0 U -1
1 0 U -1
2 1 L -1
3 1 L -1
4 0 U 1
5 0 L -1
6 1 U -1
7 1 U 4
8 1 L 4
9 1 L 2
10 0 L 5
11 1 L -1
12 0 U -1
13 0 U -1
14 1 U 3
15 0 U 4
16 0 L -1
17 1 U -1
18 1 L 9
19 1 U 5
20 1 U 1
21 1 U 17
22 0 U 17
23 0 U 3
24 1 U 15
25 0 L 13
26 1 L 19
27 0 U 17
28 0 L 1
29 1 U 15
30 0 L 28
31 1 U 27
32 1 L 26
33 0 U -1
34 0 U 29
35 0 L -1
36 1 L 28
37 0 U 34
38
0 0 L -1
1 0 U -1
2 1 L -1
3 1 L -1
4 0 U 1
5 0 L -1
6 1 U -1
7 1 U 3
8 1 L 4
9 1 L 2
10 0 L 5
11 1 L -1
12 0 U -1
13 0 U -1
14 1 U 4
15 0 U 3
16 0 L -1
17 1 U -1
18 1 L 9
19 1 U 15
20 1 U 1
21 0 U 17
22 0 U 12
23 0 U 22
24 1 U 15
25 0 L 15
26 0 L 19
27 0 U 1
28 0 L 1
29 1 U 23
30 0 L 28
31 1 U 27
32 1 L 26
33 0 U -1
34 1 U 29
35 0 L -1
36 1 L 8
37 0 U 16
38
0 0 U -1
1 0 U -1
2 1 L -1
3 1 L -1
4 0 U 1
5 0 L -1
6 1 U -1
7 1 U 3
8 1 L 4
9 1 L 2
10 1 L 5
11 1 L -1
12 0 U -1
13 0 U -1
14 1 U 3
15 0 U 4
16 0 L -1
17 0 U -1
18 1 L 9
19 1 U 5
20 1 U 1
21 0 U 1
22 0 U 1
23 0 U 3
24 1 U 15
25 0 L 13
26 0 L 19
27 0 U 12
28 0 L 1
29 1 U 23
30 0 L 8
31 1 U 27
32 1 L 26
33 0 U -1
34 1 U 29
35 0 L -1
36 1 L 28
37 1 U 34
38
0 0 U -1
1 0 U -1
2 1 L -1
3 1 L -1
4 0 U 1
5 0 L -1
6 1 U -1
7 1 U 3
8 1 L 4
9 1 L 2
10 1 L 1
11 1 L -1
12 0 U -1
13 0 U -1
14 1 U 4
15 0 U 4
16 0 L -1
17 1 U -1
18 1 L 9
19 1 U 14
20 1 U 12
21 1 U 12
22 0 U 12
23 0 U 3
24 1 U 14
25 0 L 15
26 0 L 19
27 0 U 12
28 0 L 1
29 1 U 14
30 0 L 8
31 1 U 27
32 1 L 26
33 0 U -1
34 0 U 29
35 0 L -1
36 1 L 28
37 1 U 25
38
0 0 U -1
1 0 U -1
2 1 L -1
3 1 L -1
4 0 U 1
5 0 L -1
6 1 U -1
7 1 U 4
8 1 L 4
9 1 L 2
10 1 L 1
11 1 L -1
12 0 U -1
13 0 U -1
14 1 U 4
15 0 U 3
16 0 L -1
17 1 U -1
18 1 L 9
19 1 U 14
20 1 U 1
21 0 U 1
22 0 U 12
23 0 U 3
24 1 U 15
25 0 L 13
26 0 L 19
27 0 U 12
28 0 L 1
29 1 U 14
30 0 L 28
31 1 U 27
32 1 L 26
33 0 U -1
34 0 U 29
35 0 L -1
36 1 L 28
37 1 U 10
38
0 0 U -1
1 0 U -1
2 1 L -1
3 1 L -1
4 0 U 1
5 0 L -1
6 1 U -1
7 1 U 4
8 1 L 4
9 1 L 2
10 0 L 5
11 1 L -1
12 1 U -1
13 0 U -1
14 1 U 4
15 0 U 3
16 0 L -1
17 0 U -1
18 1 L 9
19 1 U 7
20 1 U 1
21 0 U 17
22 0 U 1
23 0 U 4
24 1 U 15
25 0 L 15
26 0 L 19
27 0 U 1
28 0 L 1
29 1 U 14
30 0 L 28
31 1 U 27
32 1 L 26
33 0 U -1
34 0 U 29
35 0 L -1
36 1 L 28
37 1 U 16
38
0 0 L -1
1 0 U -1
2 1 L -1
3 1 L -1
4 0 U 1
5 1 L -1
6 1 U -1
7 1 U 3
8 1 L 4
9 1 L 2
10 1 L 1
11 1 L -1
12 0 U -1
13 0 U -1
14 1 U 4
15 0 U 4
16 0 L -1
17 1 U -1
18 1 L 9
19 1 U 14
20 1 U 12
21 0 U 17
22 0 U 17
23 0 U 4
24 1 U 15
25 0 L 15
26 0 L 19
27 0 U 17
28 0 L 1
29 1 U 15
30 0 L 8
31 1 U 27
32 1 L 26
33 0 U -1
34 0 U 29
35 0 L -1
36 1 L 8
37 0 U 25
38
0 0 L -1
1 0 U -1
2 1 L -1
3 1 L -1
4 0 U 1
5 0 L -1
6 1 U -1
7 1 U 3
8 1 L 4
9 1 L 2
10 1 L 5
11 1 L -1
12 0 U -1
13 0 U -1
14 1 U 3
15 0 U 3
16 0 L -1
17 1 U -1
18 1 L 9
19 1 U 15
20 0 U 1
21 0 U 12
22 0 U 12
23 0 U 3
24 1 U 15
25 0 L 13
26 1 L 19
27 0 U 17
28 0 L 1
29 1 U 14
30 0 L 8
31 1 U 27
32 1 L 26
33 0 U -1
34 0 U 29
35 0 L -1
36 1 L 28
37 1 U 34
38
0 0 L -1
1 0 U -1
2 1 L -1
3 1 L -1
4 0 U 1
5 1 L -1
6 1 U -1
7 1 U 3
8 1 L 4
9 1 L 2
10 1 L 1
11 1 L -1
12 0 U -1
13 0 U -1
14 1 U 4
15 0 U 3
16 0 L -1
17 1 U -1
18 1 L 9
19 1 U 15
20 1 U 12
21 0 U 12
22 0 U 17
23 0 U 22
24 1 U 15
25 0 L 13
26 0 L 19
27 0 U 17
28 0 L 1
29 1 U 15
30 0 L 8
31 1 U 27
32 1 L 26
33 0 U -1
34 0 U 29
35 0 L -1
36 1 L 8
37 1 U 25
38
0 0 U -1
1 0 U -1
2 1 L -1
3 1 L -1
4 0 U 1
5 1 L -1
6 1 U -1
7 1 U 4
8 1 L 4
9 1 L 5
10 0 L 1
11 1 L -1
12 0 U -1
13 0 U -1
14 1 U 4
15 0 U 4
16 0 L -1
17 0 U -1
18 1 L 9
19 1 U 7
20 0 U 12
21 0 U 17
22 0 U 12
23 0 U 4
24 1 U 15
25 0 L 15
26 0 L 19
27 0 U 12
28 0 L 1
29 1 U 14
30 0 L 28
31 1 U 27
32 1 L 26
33 0 U -1
34 0 U 29
35 0 L -1
36 1 L 28
37 1 U 34
38
0 0 L -1
1 0 U -1
2 1 L -1
3 1 L -1
4 0 U 1
5 0 L -1
6 1 U -1
7 1 U 4
8 1 L 4
9 1 L 2
10 0 L 5
11 1 L -1
12 0 U -1
13 0 U -1
14 1 U 3
15 0 U 4
16 0 L -1
17 1 U -1
18 1 L 9
19 1 U 5
20 0 U 1
21 1 U 12
22 0 U 1
23 0 U 4
24 1 U 15
25 0 L 13
26 0 L 19
27 0 U 17
28 0 L 1
29 1 U 23
30 0 L 8
31 1 U 27
32 1 L 26
33 0 U -1
34 1 U 29
35 0 L -1
36 1 L 8
37 1 U 34
38
0 0 L -1
1 0 U -1
2 1 L -1
3 0 L -1
4 0 U 1
5 0 L -1
6 1 U -1
7 1 U 4
8 1 L 4
9 1 L 2
10 1 L 5
11 1 L -1
12 0 U -1
13 0 U -1
14 1 U 4
15 0 U 4
16 0 L -1
17 0 U -1
18 1 L 9
19 1 U 15
20 1 U 12
21 0 U 1
22 0 U 1
23 0 U 22
24 1 U 15
25 0 L 15
26 0 L 19
27 0 U 12
28 0 L 1
29 1 U 23
30 0 L 28
31 1 U 3
32 1 L 26
33 0 U -1
34 0 U 29
35 0 L -1
36 1 L 28
37 1 U 16
38
0 0 U -1
1 0 U -1
2 1 L -1
3 1 L -1
4 0 U 1
5 0 L -1
6 1 U -1
7 1 U 4
8 1 L 4
9 1 L 2
10 1 L 5
11 1 L -1
12 1 U -1
13 0 U -1
14 1 U 3
15 0 U 4
16 0 L -1
17 1 U -1
18 1 L 9
19 1 U 15
20 0 U 17
21 1 U 17
22 0 U 17
23 0 U 4
24 1 U 15
25 0 L 13
26 0 L 19
27 0 U 17
28 0 L 1
29 1 U 23
30 0 L 8
31 1 U 27
32 1 L 26
33 0 U -1
34 1 U 29
35 0 L -1
36 1 L 28
37 1 U 10
38
0 0 L -1
1 0 U -1
2 1 L -1
3 1 L -1
4 0 U 1
5 0 L -1
6 1 U -1
7 1 U 4
8 1 L 4
9 1 L 2
10 1 L 5
11 1 L -1
12 0 U -1
13 0 U -1
14 1 U 4
15 0 U 4
16 0 L -1
17 0 U -1
18 1 L 9
19 1 U 7
20 1 U 1
21 1 U 1
22 0 U 1
23 0 U 4
24 1 U 15
25 0 L 15
26 0 L 19
27 0 U 1
28 0 L 1
29 1 U 14
30 0 L 8
31 1 U 27
32 1 L 26
33 0 U -1
34 0 U 29
35 0 L -1
36 1 L 8
37 0 U 10
38
0 0 L -1
1 0 U -1
2 1 L -1
3 1 L -1
4 0 U 1
5 1 L -1
6 1 U -1
7 1 U 4
8 1 L 4
9 1 L 2
10 1 L 1
11 1 L -1
12 1 U -1
13 0 U -1
14 1 U 4
15 0 U 4
16 0 L -1
17 1 U -1
18 1 L 9
19 1 U 7
20 1 U 1
21 0 U 17
22 0 U 17
23 0 U 3
24 1 U 15
25 0 L 15
26 1 L 19
27 0 U 17
28 0 L 1
29 1 U 23
30 0 L 8
31 1 U 27
32 1 L 26
33 0 U -1
34 0 U 29
35 0 L -1
36 1 L 28
37 1 U 10
38
0 0 U -1
1 0 U -1
2 1 L -1
3 1 L -1
4 0 U 1
5 1 L -1
6 1 U -1
7 1 U 3
8 1 L 4
9 1 L 2
10 1 L 1
11 1 L -1
12 1 U -1
13 0 U -1
14 1 U 4
15 0 U 4
16 0 L -1
17 0 U -1
18 1 L 9
19 1 U 7
20 0 U 1
21 0 U 1
22 0 U 1
23 0 U 3
24 1 U 15
25 0 L 13
26 0 L 19
27 0 U 1
28 0 L 1
29 1 U 15
30 0 L 28
31 1 U 27
32 1 L 26
33 0 U -1
34 0 U 29
35 0 L -1
36 1 L 28
37 1 U 25
38
0 0 L -1
1 0 U -1
2 1 L -1
3 0 L -1
4 0 U 1
5 0 L -1
6 1 U -1
7 1 U 4
8 1 L 4
9 1 L 2
10 1 L 1
11 1 L -1
12 0 U -1
13 0 U -1
14 1 U 4
15 0 U 4
16 0 L -1
17 0 U -1
18 1 L 9
19 1 U 14
20 0 U 1
21 0 U 12
22 0 U 1
23 0 U 22
24 1 U 15
25 0 L 15
26 0 L 19
27 0 U 1
28 0 L 1
29 1 U 14
30 0 L 8
31 1 U 3
32 1 L 26
33 0 U -1
34 0 U 29
35 0 L -1
36 1 L 28
37 1 U 25
38
0 0 U -1
1 0 U -1
2 1 L -1
3 1 L -1
4 0 U 1
5 0 L -1
6 1 U -1
7 1 U 3
8 1 L 4
9 1 L 2
10 1 L 1
11 1 L -1
12 0 U -1
13 0 U -1
14 1 U 4
15 0 U 4
16 0 L -1
17 1 U -1
18 1 L 9
19 1 U 7
20 0 U 12
21 0 U 17
22 0 U 12
23 0 U 22
24 1 U 15
25 0 L 13
26 0 L 19
27 0 U 17
28 0 L 1
29 1 U 15
30 0 L 8
31 1 U 27
32 1 L 26
33 0 U -1
34 0 U 29
35 0 L -1
36 1 L 28
37 1 U 10
38
0 0 U -1
1 0 U -1
2 1 L -1
3 1 L -1
4 0 U 1
5 0 L -1
6 1 U -1
7 1 U 4
8 1 L 4
9 1 L 2
10 1 L 5
11 1 L -1
12 0 U -1
13 0 U -1
14 1 U 4
15 0 U 4
16 0 L -1
17 0 U -1
18 1 L 9
19 1 U 14
20 0 U 1
21 1 U 17
22 0 U 12
23 0 U 4
24 1 U 15
25 0 L 13
26 0 L 19
27 0 U 1
28 0 L 1
29 1 U 14
30 0 L 8
31 1 U 27
32 1 L 26
33 0 U -1
34 0 U 29
35 0 L -1
36 1 L 28
37 1 U 10
38
0 0 U -1
1 0 U -1
2 1 L -1
3 1 L -1
4 0 U 1
5 0 L -1
6 1 U -1
7 1 U 4
8 1 L 4
9 1 L 2
10 1 L 1
11 1 L -1
12 0 U -1
13 0 U -1
14 1 U 3
15 0 U 4
16 0 L -1
17 1 U -1
18 1 L 9
19 1 U 15
20 0 U 1
21 1 U 1
22 0 U 1
23 0 U 22
24 1 U 15
25 0 L 15
26 0 L 19
27 0 U 1
28 0 L 1
29 1 U 23
30 0 L 28
31 1 U 27
32 1 L 26
33 0 U -1
34 1 U 29
35 0 L -1
36 1 L 28
37 1 U 25
38
0 0 L -1
1 0 U -1
2 1 L -1
3 1 L -1
4 0 U 1
5 0 L -1
6 1 U -1
7 1 U 4
8 1 L 4
9 1 L 2
10 0 L 1
11 1 L -1
12 0 U -1
13 0 U -1
14 1 U 3
15 0 U 4
16 0 L -1
17 1 U -1
18 1 L 9
19 1 U 14
20 0 U 12
21 1 U 12
22 0 U 1
23 0 U 22
24 1 U 15
25 0 L 15
26 0 L 19
27 0 U 1
28 0 L 1
29 1 U 14
30 0 L 8
31 1 U 27
32 1 L 26
33 0 U -1
34 0 U 29
35 0 L -1
36 1 L 28
37 1 U 10
38
0 0 U -1
1 0 U -1
2 1 L -1
3 1 L -1
4 0 U 1
5 0 L -1
6 1 U -1
7 1 U 3
8 1 L 4
9 1 L 2
10 1 L 1
11 1 L -1
12 0 U -1
13 0 U -1
14 1 U 4
15 0 U 4
16 0 L -1
17 1 U -1
18 1 L 9
19 1 U 14
20 1 U 1
21 1 U 12
22 0 U 17
23 0 U 3
24 1 U 14
25 0 L 13
26 0 L 19
27 0 U 17
28 0 L 1
29 1 U 15
30 0 L 28
31 1 U 27
32 1 L 26
33 0 U -1
34 1 U 29
35 0 L -1
36 1 L 8
37 1 U 34
38
0 0 L -1
1 0 U -1
2 1 L -1
3 1 L -1
4 0 U 1
5 0 L -1
6 1 U -1
7 1 U 3
8 1 L 4
9 1 L 2
10 1 L 1
11 1 L -1
12 0 U -1
13 0 U -1
14 1 U 3
15 0 U 4
16 0 L -1
17 0 U -1
18 1 L 9
19 1 U 15
20 0 U 1
21 0 U 1
22 0 U 12
23 0 U 3
24 1 U 15
25 0 L 15
26 0 L 19
27 0 U 12
28 0 L 1
29 1 U 23
30 0 L 28
31 1 U 27
32 1 L 26
33 0 U -1
34 0 U 29
35 0 L -1
36 1 L 28
37 1 U 16
38
0 0 U -1
1 0 U -1
2 1 L -1
3 1 L -1
4 0 U 1
5 1 L -1
6 1 U -1
7 1 U 4
8 1 L 4
9 1 L 2
10 1 L 1
11 1 L -1
12 0 U -1
13 0 U -1
14 1 U 4
15 0 U 3
16 0 L -1
17 1 U -1
18 1 L 9
19 1 U 5
20 1 U 12
21 0 U 1
22 0 U 1
23 0 U 22
24 1 U 15
25 0 L 15
26 0 L 19
27 0 U 12
28 0 L 1
29 1 U 23
30 0 L 28
31 1 U 27
32 1 L 26
33 0 U -1
34 1 U 29
35 0 L -1
36 1 L 8
37 1 U 10
38
0 0 L -1
1 0 U -1
2 1 L -1
3 1 L -1
4 0 U 1
5 0 L -1
6 1 U -1
7 1 U 4
8 1 L 4
9 1 L 2
10 0 L 5
11 1 L -1
12 0 U -1
13 0 U -1
14 1 U 4
15 0 U 4
16 0 L -1
17 0 U -1
18 1 L 9
19 1 U 15
20 0 U 1
21 0 U 12
22 0 U 1
23 0 U 22
24 1 U 15
25 0 L 15
26 0 L 19
27 0 U 12
28 0 L 1
29 1 U 23
30 0 L 28
31 1 U 27
32 1 L 26
33 0 U -1
34 0 U 29
35 0 L -1
36 1 L 28
37 1 U 25
38
0 0 U -1
1 0 U -1
2 1 L -1
3 1 L -1
4 0 U 1
5 0 L -1
6 1 U -1
7 1 U 4
8 1 L 4
9 1 L 2
10 0 L 1
11 1 L -1
12 0 U -1
13 0 U -1
14 1 U 3
15 0 U 3
16 0 L -1
17 1 U -1
18 1 L 9
19 1 U 15
20 0 U 12
21 1 U 12
22 0 U 1
23 0 U 4
24 1 U 15
25 0 L 13
26 0 L 19
27 0 U 17
28 0 L 1
29 1 U 23
30 0 L 28
31 1 U 27
32 1 L 26
33 0 U -1
34 0 U 29
35 0 L -1
36 1 L 8
37 1 U 10
38
0 0 U -1
1 0 U -1
2 1 L -1
3 1 L -1
4 0 U 1
5 0 L -1
6 1 U -1
7 1 U 4
8 1 L 4
9 1 L 2
10 0 L 1
11 1 L -1
12 0 U -1
13 0 U -1
14 1 U 4
15 0 U 4
16 0 L -1
17 1 U -1
18 1 L 9
19 1 U 5
20 0 U 12
21 1 U 17
22 0 U 17
23 0 U 22
24 1 U 15
25 0 L 15
26 1 L 19
27 0 U 17
28 0 L 1
29 1 U 15
30 0 L 28
31 1 U 27
32 1 L 26
33 0 U -1
34 0 U 29
35 0 L -1
36 1 L 8
37 1 U 34
38
0 0 L -1
1 0 U -1
2 1 L -1
3 1 L -1
4 0 U 1
5 0 L -1
6 1 U -1
7 1 U 3
8 1 L 4
9 1 L 2
10 0 L 5
11 1 L -1
12 0 U -1
13 0 U -1
14 1 U 3
15 0 U 4
16 0 L -1
17 1 U -1
18 1 L 9
19 1 U 14
20 0 U 12
21 0 U 1
22 0 U 1
23 0 U 4
24 1 U 15
25 0 L 13
26 0 L 19
27 0 U 17
28 0 L 1
29 1 U 15
30 0 L 28
31 1 U 27
32 1 L 26
33 0 U -1
34 0 U 29
35 0 L -1
36 1 L 28
37 1 U 34
38
0 0 U -1
1 0 U -1
2 1 L -1
3 1 L -1
4 0 U 1
5 0 L -1
6 1 U -1
7 1 U 3
8 1 L 4
9 1 L 2
10 1 L 1
11 1 L -1
12 0 U -1
13 0 U -1
14 1 U 4
15 0 U 4
16 0 L -1
17 1 U -1
18 1 L 9
19 1 U 5
20 0 U 12
21 1 U 1
22 0 U 12
23 0 U 22
24 1 U 15
25 0 L 15
26 0 L 19
27 0 U 12
28 0 L 1
29 1 U 15
30 0 L 28
31 1 U 27
32 1 L 26
33 0 U -1
34 0 U 29
35 0 L -1
36 1 L 8
37 1 U 25
38
0 0 U -1
1 0 U -1
2 1 L -1
3 1 L -1
4 0 U 1
5 1 L -1
6 1 U -1
7 1 U 4
8 1 L 4
9 1 L 2
10 1 L 1
11 1 L -1
12 0 U -1
13 0 U -1
14 1 U 4
15 0 U 4
16 0 L -1
17 1 U -1
18 1 L 9
19 1 U 7
20 0 U 12
21 1 U 1
22 0 U 1
23 0 U 22
24 1 U 15
25 0 L 15
26 0 L 19
27 0 U 1
28 0 L 1
29 1 U 23
30 0 L 8
31 1 U 27
32 1 L 26
33 0 U -1
34 0 U 29
35 0 L -1
36 1 L 8
37 1 U 30
38
0 0 L -1
1 0 U -1
2 1 L -1
3 1 L -1
4 0 U 1
5 0 L -1
6 1 U -1
7 1 U 4
8 1 L 4
9 1 L 2
10 0 L 1
11 1 L -1
12 1 U -1
13 0 U -1
14 1 U 4
15 0 U 4
16 0 L -1
17 1 U -1
18 1 L 9
19 1 U 14
20 0 U 1
21 0 U 17
22 0 U 17
23 0 U 4
24 1 U 15
25 0 L 13
26 0 L 19
27 0 U 17
28 0 L 1
29 1 U 23
30 0 L 8
31 1 U 27
32 1 L 26
33 0 U -1
34 1 U 19
35 0 L -1
36 1 L 8
37 1 U 34
38
0 0 L -1
1 0 U -1
2 1 L -1
3 1 L -1
4 0 U 1
5 0 L -1
6 1 U -1
7 1 U 4
8 1 L 4
9 1 L 2
10 0 L 1
11 1 L -1
12 0 U -1
13 0 U -1
14 1 U 3
15 0 U 4
16 0 L -1
17 0 U -1
18 1 L 9
19 1 U 7
20 1 U 12
21 0 U 1
22 0 U 1
23 0 U 3
24 1 U 15
25 0 L 15
26 0 L 19
27 0 U 1
28 0 L 1
29 1 U 23
30 0 L 8
31 1 U 27
32 1 L 26
33 0 U -1
34 0 U 29
35 0 L -1
36 1 L 8
37 1 U 10
38
0 0 U -1
1 0 U -1
2 1 L -1
3 1 L -1
4 0 U 1
5 0 L -1
6 1 U -1
7 1 U 4
8 1 L 4
9 1 L 2
10 0 L 1
11 1 L -1
12 1 U -1
13 0 U -1
14 1 U 4
15 0 U 4
16 0 L -1
17 1 U -1
18 1 L 9
19 1 U 7
20 1 U 1
21 1 U 17
22 0 U 17
23 0 U 3
24 1 U 15
25 0 L 15
26 0 L 19
27 0 U 1
28 0 L 1
29 1 U 23
30 0 L 28
31 1 U 27
32 1 L 26
33 0 U -1
34 0 U 29
35 0 L -1
36 1 L 28
37 1 U 10
38
0 0 L -1
1 0 U -1
2 1 L -1
3 1 L -1
4 0 U 1
5 0 L -1
6 1 U -1
7 1 U 4
8 1 L 4
9 1 L 2
10 0 L 1
11 1 L -1
12 0 U -1
13 0 U -1
14 1 U 3
15 0 U 4
16 0 L -1
17 0 U -1
18 1 L 9
19 1 U 14
20 0 U 1
21 1 U 1
22 0 U 12
23 0 U 22
24 1 U 15
25 0 L 15
26 0 L 19
27 0 U 1
28 0 L 1
29 1 U 14
30 0 L 8
31 1 U 27
32 1 L 26
33 0 U -1
34 0 U 29
35 0 L -1
36 1 L 8
37 1 U 10
38
0 0 U -1
1 0 U -1
2 1 L -1
3 1 L -1
4 0 U 1
5 0 L -1
6 1 U -1
7 1 U 4
8 1 L 4
9 1 L 2
10 0 L 1
11 1 L -1
12 0 U -1
13 0 U -1
14 1 U 3
15 0 U 4
16 0 L -1
17 1 U -1
18 1 L 9
19 1 U 7
20 1 U 1
21 1 U 12
22 0 U 1
23 0 U 22
24 1 U 15
25 0 L 13
26 0 L 19
27 0 U 12
28 0 L 1
29 1 U 23
30 0 L 28
31 1 U 27
32 1 L 26
33 0 U -1
34 0 U 29
35 0 L -1
36 1 L 8
37 1 U 25
38
0 0 L -1
1 0 U -1
2 1 L -1
3 1 L -1
4 0 U 1
5 0 L -1
6 1 U -1
7 1 U 4
8 1 L 4
9 1 L 2
10 0 L 5
11 1 L -1
12 0 U -1
13 0 U -1
14 1 U 3
15 0 U 4
16 0 L -1
17 1 U -1
18 1 L 9
19 1 U 5
20 1 U 1
21 0 U 17
22 0 U 1
23 0 U 3
24 1 U 15
25 0 L 15
26 0 L 19
27 0 U 17
28 0 L 1
29 1 U 15
30 0 L 28
31 1 U 27
32 1 L 26
33 0 U -1
34 0 U 29
35 0 L -1
36 1 L 8
37 1 U 34
38
0 0 U -1
1 0 U -1
2 1 L -1
3 0 L -1
4 0 U 1
5 0 L -1
6 1 U -1
7 1 U 4
8 1 L 4
9 1 L 2
10 1 L 5
11 1 L -1
12 0 U -1
13 0 U -1
14 1 U 4
15 0 U 4
16 0 L -1
17 0 U -1
18 1 L 9
19 1 U 14
20 0 U 12
21 0 U 12
22 0 U 1
23 0 U 4
24 1 U 15
25 0 L 15
26 0 L 19
27 0 U 1
28 0 L 1
29 1 U 15
30 0 L 8
31 1 U 3
32 1 L 26
33 0 U -1
34 0 U 29
35 0 L -1
36 1 L 28
37 1 U 34
38
0 0 L -1
1 0 U -1
2 1 L -1
3 1 L -1
4 0 U 1
5 0 L -1
6 1 U -1
7 1 U 4
8 1 L 4
9 1 L 2
10 1 L 5
11 1 L -1
12 0 U -1
13 0 U -1
14 1 U 3
15 0 U 4
16 0 L -1
17 1 U -1
18 1 L 9
19 1 U 5
20 0 U 12
21 1 U 12
22 0 U 17
23 0 U 3
24 1 U 15
25 0 L 15
26 0 L 19
27 0 U 1
28 0 L 1
29 1 U 23
30 0 L 8
31 1 U 27
32 1 L 26
33 0 U -1
34 1 U 29
35 0 L -1
36 1 L 8
37 1 U 16
38
0 0 L -1
1 0 U -1
2 1 L -1
3 1 L -1
4 0 U 1
5 0 L -1
6 1 U -1
7 1 U 4
8 1 L 4
9 1 L 2
10 1 L 5
11 1 L -1
12 0 U -1
13 0 U -1
14 1 U 3
15 0 U 4
16 0 L -1
17 0 U -1
18 1 L 9
19 1 U 14
20 1 U 1
21 0 U 17
22 0 U 1
23 0 U 22
24 1 U 15
25 0 L 15
26 0 L 19
27 0 U 1
28 0 L 1
29 1 U 23
30 0 L 8
31 1 U 27
32 1 L 26
33 0 U -1
34 0 U 29
35 0 L -1
36 1 L 8
37 1 U 25
38
0 0 L -1
1 0 U -1
2 1 L -1
3 1 L -1
4 0 U 1
5 0 L -1
6 1 U -1
7 1 U 4
8 1 L 4
9 1 L 2
10 1 L 5
11 1 L -1
12 0 U -1
13 0 U -1
14 1 U 4
15 0 U 4
16 0 L -1
17 1 U -1
18 1 L 9
19 1 U 14
20 1 U 12
21 0 U 17
22 0 U 12
23 0 U 22
24 1 U 15
25 0 L 15
26 0 L 19
27 0 U 12
28 0 L 1
29 1 U 23
30 0 L 28
31 1 U 27
32 1 L 26
33 0 U -1
34 0 U 29
35 0 L -1
36 1 L 8
37 1 U 34
38
0 0 U -1
1 0 U -1
2 1 L -1
3 1 L -1
4 0 U 1
5 0 L -1
6 1 U -1
7 1 U 4
8 1 L 4
9 1 L 2
10 0 L 5
11 1 L -1
12 0 U -1
13 0 U -1
14 1 U 4
15 0 U 4
16 0 L -1
17 0 U -1
18 1 L 9
19 1 U 14
20 1 U 1
21 0 U 12
22 0 U 12
23 0 U 22
24 1 U 15
25 0 L 13
26 0 L 19
27 0 U 1
28 0 L 1
29 1 U 23
30 0 L 28
31 1 U 27
32 1 L 26
33 0 U -1
34 1 U 19
35 0 L -1
36 1 L 8
37 1 U 10
38
0 0 U -1
1 0 U -1
2 1 L -1
3 1 L -1
4 0 U 1
5 0 L -1
6 1 U -1
7 1 U 4
8 1 L 4
9 1 L 2
10 1 L 1
11 1 L -1
12 1 U -1
13 0 U -1
14 1 U 3
15 0 U 4
16 0 L -1
17 0 U -1
18 1 L 9
19 1 U 14
20 1 U 6
21 1 U 1
22 0 U 1
23 0 U 4
24 1 U 15
25 0 L 15
26 0 L 19
27 0 U 1
28 0 L 1
29 1 U 14
30 0 L 8
31 1 U 27
32 1 L 26
33 0 U -1
34 0 U 29
35 0 L -1
36 1 L 8
37 1 U 10
38
0 0 L -1
1 0 U -1
2 1 L -1
3 1 L -1
4 0 U 1
5 0 L -1
6 1 U -1
7 1 U 4
8 1 L 4
9 1 L 2
10 1 L 5
11 1 L -1
12 1 U -1
13 0 U -1
14 1 U 4
15 0 U 4
16 0 L -1
17 1 U -1
18 1 L 9
19 1 U 5
20 0 U 1
21 0 U 17
22 0 U 1
23 0 U 4
24 1 U 15
25 0 L 15
26 0 L 19
27 0 U 1
28 0 L 1
29 1 U 14
30 0 L 8
31 1 U 27
32 1 L 26
33 0 U -1
34 0 U 29
35 0 L -1
36 1 L 8
37 1 U 10
38
0 0 U -1
1 0 U -1
2 1 L -1
3 1 L -1
4 0 U 1
5 0 L -1
6 1 U -1
7 1 U 4
8 1 L 4
9 1 L 2
10 0 L 5
11 1 L -1
12 0 U -1
13 0 U -1
14 1 U 4
15 0 U 4
16 0 L -1
17 1 U -1
18 1 L 9
19 1 U 15
20 0 U 12
21 1 U 12
22 0 U 1
23 0 U 3
24 1 U 15
25 0 L 13
26 0 L 19
27 0 U 17
28 0 L 1
29 1 U 23
30 0 L 28
31 1 U 27
32 1 L 26
33 0 U -1
34 1 U 29
35 0 L -1
36 1 L 8
37 1 U 16
38
0 0 U -1
1 0 U -1
2 1 L -1
3 1 L -1
4 0 U 1
5 0 L -1
6 1 U -1
7 1 U 4
8 1 L 4
9 1 L 2
10 0 L 5
11 1 L -1
12 0 U -1
13 0 U -1
14 1 U 4
15 0 U 4
16 0 L -1
17 0 U -1
18 1 L 9
19 1 U 15
20 0 U 1
21 1 U 17
22 0 U 12
23 0 U 22
24 1 U 15
25 0 L 15
26 0 L 19
27 0 U 12
28 0 L 1
29 1 U 23
30 0 L 8
31 1 U 27
32 1 L 26
33 0 U -1
34 0 U 29
35 0 L -1
36 1 L 8
37 1 U 10
38
0 0 U -1
1 0 U -1
2 1 L -1
3 1 L -1
4 0 U 1
5 0 L -1
6 1 U -1
7 1 U 4
8 1 L 4
9 1 L 2
10 1 L 5
11 1 L -1
12 1 U -1
13 0 U -1
14 1 U 3
15 0 U 4
16 0 L -1
17 1 U -1
18 1 L 9
19 1 U 5
20 0 U 17
21 0 U 1
22 0 U 1
23 0 U 3
24 1 U 15
25 0 L 15
26 0 L 19
27 0 U 17
28 0 L 1
29 1 U 15
30 0 L 8
31 1 U 27
32 1 L 26
33 0 U -1
34 0 U 29
35 0 L -1
36 1 L 8
37 1 U 34
