31
0 0 U -1
1 0 U -1
2 0 U -1
3 0 U -1
4 0 U -1
5 0 U -1
6 0 U -1
7 0 U -1
8 0 U -1
9 0 U -1
10 0 U -1
11 0 U -1
12 0 U -1
13 0 U -1
14 0 U -1
15 0 U -1
16 0 U -1
17 0 U -1
18 0 U -1
19 0 U -1
20 0 U -1
21 0 U -1
22 0 U -1
23 0 U -1
24 0 U -1
25 0 U -1
26 0 U -1
27 0 U -1
28 0 U -1
29 0 U -1
30 0 U -1
31
0 0 L -1
1 0 L -1
2 1 U 1
3 0 L -1
4 0 U -1
5 0 U 4
6 0 U 5
7 0 U -1
8 0 U 1
9 0 L 1
10 0 U 5
11 0 U 1
12 1 U 1
13 1 U -1
14 1 U 3
15 1 L 7
16 1 U -1
17 1 U -1
18 1 L 0
19 0 U 10
20 0 U 19
21 1 L 13
22 0 U -1
23 0 U 13
24 0 L 11
25 1 U 22
26 1 U -1
27 0 U 26
28 1 L 20
29 1 L 24
30 0 U 4
31
0 0 L -1
1 0 L -1
2 1 U 1
3 0 L -1
4 0 U -1
5 0 U 4
6 0 U 2
7 0 U -1
8 0 U 4
9 0 L 6
10 1 U 5
11 0 U 1
12 1 U 8
13 1 U -1
14 1 U 3
15 1 L 9
16 1 U -1
17 1 U 16
18 1 L 14
19 0 U 10
20 1 U 3
21 0 L 10
22 0 U -1
23 0 L 13
24 1 L 23
25 1 U 7
26 1 U -1
27 1 U 26
28 0 L 20
29 1 L 24
30 0 U 26
31
0 1 U -1
1 0 L -1
2 1 U 1
3 0 L -1
4 0 U -1
5 0 U 4
6 0 U 2
7 0 U -1
8 0 U 7
9 0 L 6
10 1 U 5
11 0 U 1
12 1 U 8
13 0 U -1
14 1 U 3
15 1 L 8
16 1 U -1
17 0 U 16
18 1 L 14
19 1 U 10
20 1 U 19
21 0 L 15
22 0 U -1
23 0 L 15
24 1 L 23
25 1 U 4
26 1 U -1
27 1 U 26
28 0 L 20
29 1 L 24
30 1 U 4
31
0 1 L -1
1 0 L -1
2 1 U 1
3 0 L -1
4 0 U -1
5 0 U 4
6 1 U 2
7 1 U -1
8 0 U 7
9 0 L 6
10 1 U 5
11 1 U 1
12 1 U 1
13 1 U -1
14 1 U 3
15 0 L 9
16 1 U -1
17 1 U 16
18 1 L 14
19 0 U 10
20 1 U 19
21 0 L 13
22 0 U -1
23 0 L 13
24 1 L 23
25 0 U 22
26 1 U -1
27 1 U 26
28 0 L 20
29 1 L 22
30 0 U 4
31
0 0 L -1
1 0 L -1
2 1 U 1
3 0 L -1
4 0 U -1
5 0 U 4
6 1 U 2
7 0 U -1
8 0 U 4
9 0 L 6
10 1 U 5
11 0 U 1
12 1 U 8
13 0 U -1
14 1 U 3
15 0 L 9
16 1 U -1
17 0 U 7
18 1 L 14
19 0 U 10
20 1 U 3
21 0 L 17
22 0 U -1
23 0 L 10
24 1 L 23
25 1 U 22
26 1 U -1
27 1 U 4
28 0 L 7
29 1 L 24
30 0 U 26
31
0 0 U -1
1 0 L -1
2 1 U 1
3 0 L -1
4 0 U -1
5 0 U 4
6 0 U 2
7 1 U -1
8 0 U 4
9 0 L 4
10 1 U 5
11 0 U 1
12 1 U 8
13 1 U -1
14 1 U 3
15 1 L 9
16 1 U -1
17 1 U 16
18 1 L 14
19 0 U 10
20 1 U 19
21 0 L 10
22 0 U -1
23 0 L 10
24 1 L 23
25 1 U 22
26 1 U -1
27 1 U 4
28 0 L 8
29 1 L 22
30 0 U 26
31
0 1 U -1
1 0 L -1
2 1 U 1
3 0 L -1
4 0 U -1
5 0 U 4
6 0 U 2
7 1 U -1
8 0 U 7
9 0 L 4
10 1 U 5
11 1 U 1
12 1 U 8
13 1 U -1
14 1 U 3
15 1 L 9
16 1 U -1
17 1 U 13
18 1 L 0
19 0 U 10
20 1 U 19
21 0 L 10
22 0 U -1
23 0 L 13
24 1 L 23
25 0 U 22
26 1 U -1
27 1 U 26
28 0 L 9
29 1 L 22
30 0 U 26
31
0 0 L -1
1 0 L -1
2 1 U 1
3 0 L -1
4 0 U -1
5 0 U 4
6 1 U 2
7 1 U -1
8 0 U 7
9 0 L 6
10 1 U 5
11 0 U 1
12 1 U 8
13 1 U -1
14 1 U 3
15 0 L 8
16 1 U -1
17 1 U 16
18 1 L 14
19 0 U 10
20 1 U 19
21 0 L 10
22 0 U -1
23 0 L 10
24 1 L 16
25 1 U 22
26 1 U -1
27 1 U 4
28 0 L 9
29 1 L 24
30 0 U 13
31
0 1 L -1
1 1 L -1
2 1 U 1
3 0 L -1
4 0 U -1
5 0 U 4
6 0 U 2
7 0 U -1
8 0 U 4
9 0 L 4
10 1 U 5
11 0 U 1
12 1 U 8
13 0 U -1
14 1 U 3
15 0 L 8
16 1 U -1
17 1 U 4
18 1 L 0
19 0 U 10
20 1 U 19
21 0 L 10
22 0 U -1
23 0 L 10
24 1 L 23
25 0 U 22
26 1 U -1
27 1 U 26
28 0 L 20
29 1 L 24
30 0 U 4
31
0 1 L -1
1 0 L -1
2 1 U 1
3 0 L -1
4 0 U -1
5 0 U 4
6 0 U 2
7 1 U -1
8 0 U 7
9 0 L 6
10 0 U 5
11 1 U 1
12 1 U 8
13 1 U -1
14 1 U 3
15 0 L 7
16 1 U -1
17 1 U 16
18 1 L 14
19 1 U 10
20 1 U 19
21 0 L 10
22 0 U -1
23 0 L 10
24 1 L 23
25 0 U 13
26 1 U -1
27 1 U 26
28 0 L 8
29 1 L 24
30 0 U 4
31
0 1 L -1
1 0 L -1
2 1 U 1
3 0 L -1
4 0 U -1
5 0 U 4
6 0 U 2
7 1 U -1
8 1 U 5
9 0 L 6
10 1 U 5
11 1 U 1
12 1 U 1
13 1 U -1
14 1 U 3
15 0 L 9
16 1 U -1
17 1 U 16
18 1 L 14
19 0 U 10
20 1 U 19
21 0 L 10
22 0 U -1
23 0 L 10
24 1 L 11
25 1 U 13
26 1 U -1
27 1 U 4
28 0 L 20
29 1 L 24
30 0 U 26
31
0 1 U -1
1 0 L -1
2 1 U 1
3 0 L -1
4 0 U -1
5 0 U 4
6 1 U 2
7 1 U -1
8 1 U 5
9 0 L 6
10 1 U 5
11 0 U 1
12 1 U 1
13 1 U -1
14 1 U 3
15 1 L 9
16 1 U -1
17 1 U 16
18 1 L 14
19 1 U 10
20 1 U 19
21 0 L 15
22 0 U -1
23 0 L 10
24 1 L 23
25 1 U 22
26 1 U -1
27 1 U 26
28 0 L 20
29 1 L 24
30 0 U 26
31
0 1 U -1
1 0 L -1
2 1 U 1
3 0 L -1
4 0 U -1
5 0 U 4
6 0 U 2
7 1 U -1
8 1 U 5
9 0 L 4
10 1 U 5
11 1 U 1
12 1 U 1
13 1 U -1
14 1 U 3
15 1 L 7
16 1 U -1
17 1 U 13
18 1 L 0
19 0 U 10
20 1 U 19
21 0 L 13
22 0 U -1
23 0 L 10
24 1 L 16
25 1 U 22
26 1 U -1
27 1 U 26
28 0 L 20
29 1 L 24
30 0 U 4
31
0 1 U -1
1 0 L -1
2 1 U 1
3 0 L -1
4 0 U -1
5 0 U 4
6 0 U 2
7 1 U -1
8 1 U 5
9 0 L 4
10 1 U 5
11 0 U 1
12 1 U 1
13 1 U -1
14 1 U 3
15 1 L 9
16 1 U -1
17 1 U 16
18 1 L 0
19 0 U 10
20 1 U 19
21 0 L 13
22 0 U -1
23 0 L 13
24 1 L 23
25 1 U 13
26 1 U -1
27 1 U 26
28 0 L 20
29 1 L 24
30 0 U 13
31
0 1 L -1
1 0 L -1
2 1 U 1
3 0 L -1
4 0 U -1
5 0 U 4
6 0 U 2
7 1 U -1
8 1 U 5
9 0 L 6
10 1 U 5
11 0 U 1
12 1 U 1
13 1 U -1
14 1 U 3
15 1 L 7
16 1 U -1
17 1 U 13
18 1 L 14
19 0 U 10
20 1 U 19
21 0 L 13
22 0 U -1
23 0 L 13
24 1 L 23
25 1 U 22
26 1 U -1
27 1 U 26
28 0 L 20
29 1 L 24
30 0 U 13
31
0 1 U -1
1 0 L -1
2 1 U 1
3 0 L -1
4 0 U -1
5 0 U 4
6 0 U 2
7 1 U -1
8 1 U 5
9 0 L 4
10 1 U 5
11 1 U 1
12 1 U 1
13 1 U -1
14 1 U 3
15 0 L 7
16 1 U -1
17 1 U 13
18 1 L 14
19 0 U 10
20 1 U 19
21 0 L 13
22 0 U -1
23 0 L 13
24 1 L 23
25 1 U 13
26 1 U -1
27 1 U 4
28 0 L 20
29 1 L 22
30 0 U 13
31
0 1 L -1
1 0 L -1
2 1 U 1
3 0 L -1
4 0 U -1
5 0 U 4
6 0 U 2
7 0 U -1
8 1 U 5
9 0 L 6
10 1 U 5
11 0 U 1
12 1 U 1
13 0 U -1
14 1 U 3
15 1 L 9
16 1 U -1
17 0 U 16
18 1 L 0
19 0 U 10
20 1 U 19
21 0 L 10
22 0 U -1
23 0 L 10
24 1 L 23
25 0 U 22
26 1 U -1
27 1 U 26
28 0 L 7
29 1 L 24
30 1 U 26
31
0 1 L -1
1 0 L -1
2 1 U 1
3 0 L -1
4 0 U -1
5 1 L 2
6 1 U 3
7 0 U -1
8 1 U 7
9 0 L 5
10 1 U 8
11 1 U 1
12 1 U 1
13 1 U -1
14 1 U 3
15 0 L 8
16 1 U -1
17 0 U 1
18 1 L 14
19 1 U 17
20 1 U 19
21 0 L 10
22 0 U -1
23 0 L 10
24 1 L 23
25 0 U 13
26 1 U -1
27 1 U 26
28 0 L 20
29 1 L 24
30 1 U 26
31
0 1 L -1
1 0 L -1
2 1 U 1
3 0 L 0
4 0 U 0
5 1 U 1
6 1 U 3
7 1 U -1
8 1 U 7
9 0 L 5
10 1 U 8
11 1 U 1
12 1 U 1
13 1 U -1
14 1 U 3
15 1 L 7
16 1 U -1
17 0 U 1
18 1 L 14
19 1 U 10
20 1 U 19
21 0 L 15
22 0 U -1
23 0 L 15
24 1 L 23
25 1 U 13
26 1 U -1
27 1 U 26
28 1 L 20
29 1 L 24
30 1 U 13
31
0 1 U -1
1 0 L -1
2 1 U 1
3 0 L -1
4 0 U -1
5 1 L 2
6 0 U 3
7 1 U -1
8 1 U 4
9 0 L 5
10 1 U 1
11 0 U 1
12 1 U 1
13 1 U 0
14 1 U 12
15 1 L 7
16 1 U -1
17 0 U 1
18 1 L 14
19 1 U 17
20 1 U 19
21 0 L 13
22 0 U -1
23 0 L 15
24 1 L 23
25 0 U 22
26 1 U -1
27 1 U 26
28 0 L 20
29 1 L 24
30 1 U 26
31
0 1 L -1
1 0 L -1
2 1 U 1
3 0 L -1
4 1 U -1
5 1 L 1
6 0 L 3
7 1 U -1
8 0 U 7
9 0 U 8
10 1 U 1
11 0 U 1
12 1 U 8
13 1 U -1
14 1 U 3
15 0 L 7
16 1 U -1
17 0 U 1
18 1 L 14
19 1 U 17
20 1 U 19
21 0 L 13
22 0 U -1
23 0 L 15
24 1 L 23
25 1 U 13
26 1 U -1
27 1 U 26
28 0 L 20
29 1 L 24
30 1 U 26
31
0 1 U -1
1 0 L -1
2 1 U 1
3 1 L 0
4 0 U -1
5 1 U 1
6 1 U 4
7 1 U -1
8 0 U 7
9 0 U 8
10 1 U 8
11 0 U 1
12 1 U 6
13 1 U -1
14 1 U 3
15 0 L 9
16 1 U -1
17 0 U 6
18 0 L 14
19 1 U 17
20 0 U 19
21 0 L 15
22 0 U -1
23 0 L 15
24 1 L 23
25 0 U 13
26 1 U -1
27 1 U 4
28 1 L 20
29 1 L 24
30 1 U 13
31
0 1 L -1
1 0 L -1
2 1 U 1
3 0 L 0
4 0 U -1
5 1 U 1
6 1 U 4
7 1 U -1
8 0 U 7
9 0 U 8
10 1 U 8
11 0 U 1
12 1 U 1
13 1 U -1
14 1 U 3
15 1 L 7
16 1 U -1
17 0 U 1
18 1 L 0
19 1 U 17
20 1 U 19
21 0 L 15
22 0 U -1
23 0 L 15
24 1 L 23
25 1 U 13
26 1 U -1
27 1 U 26
28 0 L 20
29 1 L 24
30 1 U 26
31
0 1 L -1
1 0 L -1
2 1 U 1
3 1 L -1
4 0 U -1
5 1 U 1
6 1 U 4
7 1 U -1
8 0 U 4
9 0 U 8
10 1 U 8
11 0 U 6
12 1 U 6
13 1 U -1
14 1 L 3
15 1 L 7
16 1 U -1
17 0 U 1
18 0 L 0
19 1 U 17
20 1 U 19
21 0 L 10
22 0 U -1
23 0 L 15
24 1 L 23
25 0 U 13
26 1 U -1
27 1 U 4
28 1 L 6
29 1 L 24
30 1 U 4
31
0 1 U -1
1 0 L -1
2 0 U 1
3 1 L -1
4 0 U -1
5 1 U 1
6 1 U 4
7 1 U -1
8 0 U 7
9 1 U 8
10 1 U 8
11 1 U 6
12 1 U 1
13 1 U -1
14 1 L -1
15 1 L 7
16 1 U -1
17 0 U 6
18 1 L 14
19 0 U 17
20 1 U 19
21 0 L 15
22 0 U -1
23 0 L 15
24 1 L 23
25 1 U 13
26 1 U -1
27 1 U 26
28 0 L 9
29 1 L 12
30 1 U 4
31
0 1 L -1
1 0 L -1
2 0 U 1
3 1 L 0
4 0 U -1
5 1 U 1
6 1 U 4
7 1 U -1
8 0 U 7
9 1 U 8
10 1 U 8
11 1 U 6
12 1 U 8
13 1 U -1
14 1 L -1
15 1 L 7
16 1 U -1
17 0 U 1
18 1 L 14
19 0 U 17
20 1 U 19
21 0 L 15
22 0 U -1
23 0 L 15
24 1 L 23
25 0 U 13
26 1 U -1
27 1 U 26
28 0 L 20
29 1 L 24
30 1 U 13
31
0 1 U -1
1 0 L -1
2 0 U 1
3 1 L -1
4 0 U -1
5 1 U 1
6 1 U 4
7 1 U -1
8 0 U 7
9 1 U 8
10 1 U 8
11 0 U 6
12 1 U 8
13 1 U -1
14 1 L -1
15 0 L 8
16 1 U -1
17 0 U 8
18 1 L 14
19 0 U 17
20 1 U 19
21 0 L 15
22 0 U -1
23 0 L 10
24 1 L 23
25 1 U 13
26 1 U -1
27 1 U 26
28 0 L 9
29 1 L 24
30 1 U 4
31
0 1 U -1
1 0 L -1
2 0 U 1
3 1 L 0
4 0 U -1
5 1 U 1
6 1 U 4
7 1 U -1
8 0 U 7
9 1 U 8
10 1 U 8
11 1 U 1
12 1 U 6
13 1 U -1
14 1 L -1
15 1 L 7
16 1 U -1
17 0 U 6
18 1 L -1
19 1 U 17
20 1 U 19
21 0 L 15
22 0 U -1
23 0 L 10
24 1 L 23
25 1 U 13
26 1 U -1
27 1 U 26
28 0 L 9
29 1 L 24
30 1 U 4
31
0 1 U -1
1 0 L -1
2 0 U 1
3 1 L 0
4 0 U -1
5 1 U 1
6 1 U 4
7 1 U -1
8 0 U 7
9 1 U 8
10 1 U 8
11 0 U 1
12 1 U 1
13 1 U -1
14 1 L -1
15 1 L 3
16 1 U -1
17 0 U 6
18 1 U 14
19 0 U 17
20 1 U 19
21 0 L 13
22 0 U -1
23 1 L 20
24 1 L 21
25 0 U 13
26 1 U -1
27 1 U 26
28 1 L 9
29 1 L 24
30 1 U 26
31
0 1 L -1
1 0 L -1
2 0 U 1
3 1 L 0
4 0 U -1
5 1 U 1
6 1 U 4
7 1 U -1
8 0 U 7
9 1 U 8
10 1 U 8
11 0 U 6
12 1 U 6
13 1 U -1
14 1 L -1
15 1 L 3
16 1 U -1
17 0 U 1
18 1 L 14
19 0 U 17
20 1 U 19
21 0 L 13
22 0 U -1
23 0 L 20
24 1 L 21
25 1 U 13
26 1 U -1
27 1 U 26
28 0 L 9
29 1 L 24
30 1 U 4
31
0 1 U -1
1 0 L -1
2 0 U 1
3 1 L 0
4 0 U -1
5 1 U 1
6 1 U 4
7 1 U -1
8 0 U 7
9 1 U 8
10 1 U 8
11 0 U 8
12 1 U 8
13 1 U -1
14 1 L -1
15 1 L 3
16 1 U -1
17 0 U 1
18 1 U 3
19 0 U 17
20 1 U 19
21 0 L 13
22 0 U -1
23 1 L 20
24 1 L 21
25 0 U 13
26 1 U -1
27 1 U 26
28 1 L 20
29 1 L 24
30 1 U 13
31
0 1 U -1
1 0 L -1
2 0 U 1
3 1 L 0
4 0 U -1
5 1 U 1
6 1 U 4
7 1 U -1
8 0 U 7
9 1 U 8
10 1 U 8
11 0 U 6
12 1 U 6
13 1 U -1
14 1 L -1
15 1 L 3
16 1 U -1
17 0 U 1
18 1 U 14
19 0 U 17
20 1 U 19
21 0 L 13
22 0 U -1
23 1 L 20
24 1 L 21
25 1 U 13
26 1 U -1
27 1 U 26
28 1 L 9
29 1 L 24
30 1 U 4
31
0 1 L -1
1 0 L -1
2 0 U 1
3 1 L 0
4 0 U -1
5 1 U 1
6 1 U 4
7 0 U -1
8 0 U 7
9 1 U 8
10 1 U 8
11 0 U 6
12 1 U 8
13 1 U -1
14 1 L -1
15 1 L 3
16 1 U -1
17 0 U 6
18 1 U 3
19 0 U 17
20 1 U 19
21 0 L 13
22 0 U -1
23 0 L 20
24 1 L 21
25 0 U 13
26 1 U -1
27 1 U 26
28 0 L 7
29 1 L 24
30 1 U 26
31
0 1 L -1
1 0 L -1
2 0 U 1
3 1 L 0
4 0 U -1
5 1 U 1
6 1 U 4
7 0 U -1
8 0 U 7
9 1 U 8
10 1 U 8
11 0 U 8
12 1 U 8
13 1 U -1
14 1 L -1
15 1 L 3
16 1 U -1
17 0 U 6
18 1 L -1
19 0 U 17
20 1 U 19
21 0 L 13
22 0 U -1
23 0 L 20
24 1 L 21
25 1 U 13
26 1 U -1
27 1 U 26
28 1 L 20
29 1 L 24
30 1 U 4
31
0 1 L -1
1 0 L -1
2 0 U 1
3 1 L -1
4 0 U -1
5 1 U 1
6 1 U 4
7 1 U -1
8 0 U 7
9 1 U 8
10 1 U 8
11 0 U 6
12 1 U 6
13 1 U -1
14 1 L 3
15 1 L 14
16 1 U -1
17 0 U 6
18 1 U 3
19 0 U 17
20 1 U 19
21 0 L 13
22 0 U -1
23 0 L 20
24 1 L 21
25 0 U 13
26 1 U -1
27 1 U 4
28 1 L 9
29 1 L 24
30 1 U 4
31
0 1 L -1
1 0 L -1
2 0 U 1
3 1 L -1
4 0 U -1
5 1 U 1
6 1 U 4
7 0 U -1
8 0 U 7
9 1 U 8
10 1 U 8
11 0 U 8
12 1 U 8
13 1 U -1
14 0 L 5
15 0 U 13
16 1 U -1
17 0 U 1
18 1 U 3
19 0 U 17
20 1 U 19
21 0 L 13
22 0 U -1
23 0 L 14
24 1 L 21
25 0 U 13
26 1 U -1
27 1 U 26
28 1 L 9
29 1 L 24
30 1 U 4
31
0 1 L -1
1 0 L -1
2 0 U 1
3 1 L -1
4 0 U -1
5 1 U 1
6 1 U 4
7 0 U -1
8 0 U 4
9 0 U 8
10 0 U 8
11 1 U 6
12 1 U 8
13 1 U -1
14 0 L 10
15 0 U 13
16 1 U -1
17 0 U 6
18 1 U 3
19 0 U 17
20 1 U 19
21 0 L 10
22 0 U -1
23 0 L 20
24 1 L 11
25 0 U 13
26 1 U -1
27 1 U 4
28 1 L 6
29 1 L 24
30 1 U 26
31
0 1 U -1
1 0 L -1
2 0 U 1
3 1 L -1
4 0 U -1
5 1 U 1
6 1 U 4
7 1 U -1
8 0 U 7
9 0 U 8
10 1 U 8
11 0 U 6
12 0 U 1
13 1 U -1
14 0 L 10
15 0 U 13
16 1 U -1
17 0 U 6
18 1 U 3
19 0 U 17
20 1 U 19
21 0 L 10
22 0 U -1
23 0 L 20
24 0 L 11
25 0 U 13
26 1 U -1
27 1 U 26
28 1 L 6
29 1 L 24
30 1 U 26
31
0 1 U -1
1 0 L -1
2 0 U 1
3 1 L -1
4 0 U -1
5 1 U 1
6 1 U 4
7 0 U -1
8 0 U 4
9 1 U 8
10 1 U 8
11 0 U 1
12 1 U 8
13 1 U -1
14 0 L 10
15 0 U 13
16 1 U -1
17 0 U 1
18 1 U 3
19 0 U 17
20 1 U 19
21 0 L 10
22 0 U -1
23 0 L 6
24 0 L 21
25 0 U 13
26 1 U -1
27 1 U 4
28 0 L 20
29 1 L 24
30 1 U 4
31
0 1 U -1
1 0 L -1
2 0 U 1
3 1 L -1
4 0 U -1
5 1 U 1
6 1 U 4
7 1 U -1
8 0 U 7
9 0 U 8
10 0 U 8
11 0 U 8
12 1 U 1
13 1 U -1
14 0 L 5
15 0 U 13
16 1 U -1
17 0 U 6
18 1 U 3
19 0 U 17
20 1 U 19
21 0 L 15
22 0 U -1
23 0 L 14
24 1 L 21
25 0 U 13
26 1 U -1
27 1 U 26
28 1 L 20
29 1 L 24
30 1 U 13
31
0 1 U -1
1 0 L -1
2 0 U 1
3 1 L -1
4 0 U -1
5 1 U 1
6 1 U 4
7 1 U -1
8 0 U 7
9 0 U 8
10 1 U 8
11 1 U 6
12 0 U 1
13 1 U -1
14 0 L 3
15 0 U 13
16 1 U -1
17 0 U 6
18 1 U 3
19 0 U 17
20 1 U 19
21 0 L 15
22 0 U -1
23 0 L 14
24 1 L 21
25 0 U 13
26 1 U -1
27 1 U 4
28 1 L 14
29 1 L 24
30 1 U 13
31
0 1 U -1
1 0 L -1
2 0 U 1
3 1 L -1
4 0 U -1
5 1 U 1
6 1 U 4
7 1 U -1
8 0 U 7
9 0 U 8
10 0 U 8
11 0 U 1
12 1 U 1
13 1 U -1
14 0 L 3
15 0 U 13
16 1 U -1
17 0 U 1
18 1 U 3
19 0 U 17
20 1 U 19
21 0 L 10
22 0 U -1
23 0 L 14
24 0 L 21
25 0 U 13
26 1 U -1
27 1 U 26
28 1 L 6
29 1 L 12
30 1 U 4
31
0 1 U -1
1 0 L -1
2 0 U 1
3 1 L -1
4 0 U -1
5 1 U 1
6 1 U 4
7 1 U -1
8 0 U 7
9 0 U 8
10 1 U 8
11 0 U 6
12 0 U 8
13 1 U -1
14 0 L 6
15 0 U 13
16 1 U -1
17 0 U 6
18 1 U 3
19 0 U 17
20 1 U 19
21 1 L 10
22 0 U -1
23 0 L 10
24 1 L 21
25 0 U 13
26 1 U -1
27 1 U 4
28 0 L 9
29 1 L 24
30 1 U 4
31
0 1 L -1
1 0 L -1
2 0 U 1
3 1 L -1
4 0 U -1
5 1 U 1
6 1 U 4
7 1 U -1
8 0 U 7
9 0 U 8
10 1 U 8
11 1 U 6
12 0 U 1
13 1 U -1
14 0 L 6
15 0 U 13
16 1 U -1
17 0 U 6
18 1 U 3
19 0 U 17
20 0 U 19
21 1 L 10
22 0 U -1
23 0 L 10
24 1 L 21
25 0 U 13
26 1 U -1
27 1 U 26
28 0 L 20
29 1 L 24
30 1 U 26
31
0 1 U -1
1 0 L -1
2 0 U 1
3 1 L -1
4 0 U -1
5 1 U 1
6 1 U 4
7 1 U -1
8 0 U 7
9 0 U 8
10 1 U 8
11 0 U 6
12 1 U 8
13 1 U -1
14 0 L 10
15 0 U 13
16 1 U -1
17 0 U 6
18 1 U 3
19 0 U 17
20 1 U 19
21 0 L 10
22 0 U -1
23 0 L 6
24 0 L 21
25 0 U 13
26 1 U -1
27 1 U 26
28 1 L 20
29 1 L 12
30 1 U 26
31
0 1 U -1
1 0 L -1
2 0 U 1
3 1 L -1
4 0 U -1
5 0 U 1
6 1 U 4
7 0 U -1
8 0 U 7
9 0 U 8
10 1 U 8
11 0 U 1
12 1 U 1
13 1 U -1
14 0 L 10
15 0 U 13
16 1 U -1
17 0 U 1
18 1 U 3
19 0 U 17
20 1 U 19
21 0 L 15
22 0 U -1
23 0 L 20
24 1 L 21
25 0 U 13
26 1 U -1
27 1 U 4
28 1 L 6
29 1 L 12
30 1 U 13
31
0 1 U -1
1 0 L -1
2 0 U 1
3 1 L -1
4 0 U -1
5 1 U 1
6 1 U 4
7 1 U -1
8 0 U 7
9 1 U 8
10 1 U 8
11 0 U 8
12 1 U 6
13 1 U -1
14 0 L 8
15 0 U 13
16 1 U -1
17 0 U 6
18 1 U 3
19 0 U 17
20 1 U 19
21 0 L 15
22 0 U -1
23 1 L 20
24 1 L 21
25 0 U 13
26 1 U -1
27 1 U 26
28 1 L 6
29 1 L 24
30 1 U 4
31
0 1 L -1
1 0 L -1
2 0 U 1
3 1 L -1
4 0 U -1
5 1 U 1
6 1 U 4
7 0 U -1
8 0 U 7
9 1 U 8
10 1 U 8
11 0 U 1
12 1 U 1
13 1 U -1
14 0 L 3
15 0 U 13
16 1 U -1
17 0 U 6
18 1 U 3
19 0 U 17
20 0 U 3
21 0 L 15
22 0 U -1
23 0 L 20
24 0 L 21
25 0 U 13
26 1 U -1
27 1 U 26
28 1 L 20
29 1 L 24
30 1 U 13
31
0 1 L -1
1 0 L -1
2 0 U 1
3 1 L -1
4 0 U -1
5 0 U 1
6 1 U 4
7 1 U -1
8 0 U 7
9 0 U 8
10 1 U 8
11 1 U 6
12 1 U 8
13 1 U -1
14 0 L 5
15 0 U 13
16 1 U -1
17 0 U 6
18 1 U 3
19 0 U 17
20 1 U 19
21 0 L 13
22 0 U -1
23 0 L 14
24 1 L 21
25 0 U 13
26 1 U -1
27 1 U 26
28 1 L 20
29 1 L 24
30 1 U 4
31
0 1 L -1
1 0 L -1
2 0 U 1
3 1 L -1
4 0 U -1
5 0 U 1
6 1 U 4
7 1 U -1
8 0 U 7
9 0 U 8
10 1 U 8
11 0 U 8
12 1 U 8
13 1 U -1
14 0 L 5
15 0 U 13
16 1 U -1
17 0 U 1
18 1 U 3
19 0 U 17
20 0 U 19
21 0 L 15
22 0 U -1
23 1 L 9
24 1 L 11
25 0 U 13
26 1 U -1
27 1 U 4
28 1 L 20
29 1 L 24
30 1 U 26
31
0 1 U -1
1 0 L -1
2 0 U 1
3 1 L -1
4 0 U -1
5 0 U 1
6 1 U 4
7 1 U -1
8 0 U 7
9 0 U 8
10 1 U 8
11 0 U 6
12 1 U 1
13 1 U -1
14 0 L 10
15 0 U 13
16 1 U -1
17 0 U 6
18 1 U 3
19 0 U 17
20 1 U 19
21 0 L 10
22 0 U -1
23 1 L 9
24 1 L 14
25 0 U 13
26 1 U -1
27 1 U 4
28 1 L 6
29 1 L 12
30 1 U 4
31
0 1 U -1
1 0 L -1
2 0 U 1
3 1 L -1
4 0 U -1
5 1 U 1
6 1 U 4
7 1 U -1
8 0 U 7
9 0 U 8
10 1 U 8
11 0 U 6
12 0 U 8
13 1 U -1
14 0 L 3
15 0 U 13
16 1 U -1
17 0 U 6
18 1 U 3
19 0 U 17
20 1 U 19
21 0 L 10
22 0 U -1
23 1 L 9
24 0 L 21
25 0 U 13
26 1 U -1
27 1 U 4
28 1 L 20
29 1 L 12
30 1 U 26
31
0 1 U -1
1 0 L -1
2 0 U 1
3 1 L -1
4 0 U -1
5 1 U 1
6 1 U 4
7 0 U -1
8 0 U 4
9 1 U 8
10 1 U 8
11 0 U 6
12 1 U 6
13 1 U -1
14 0 L 5
15 0 U 13
16 1 U -1
17 0 U 6
18 1 U 3
19 0 U 17
20 1 U 19
21 0 L 10
22 0 U -1
23 0 L 14
24 1 L 11
25 0 U 13
26 1 U -1
27 1 U 4
28 1 L 20
29 1 L 27
30 1 U 4
31
0 1 U -1
1 0 L -1
2 0 U 1
3 1 L -1
4 0 U -1
5 0 U 1
6 1 U 4
7 1 U -1
8 0 U 7
9 0 U 8
10 1 U 8
11 1 U 6
12 1 U 6
13 1 U -1
14 0 L 3
15 0 U 13
16 1 U -1
17 0 U 1
18 1 U 3
19 0 U 17
20 1 U 19
21 0 L 10
22 0 U -1
23 0 L 14
24 1 L 11
25 0 U 13
26 1 U -1
27 1 U 4
28 1 L 20
29 1 L 24
30 1 U 13
31
0 1 U -1
1 0 L -1
2 0 U 1
3 1 L -1
4 0 U -1
5 0 U 1
6 1 U 4
7 1 U -1
8 0 U 7
9 0 U 8
10 1 U 8
11 0 U 1
12 1 U 1
13 1 U -1
14 0 L 5
15 0 U 13
16 1 U -1
17 0 U 6
18 1 U 3
19 0 U 17
20 1 U 19
21 0 L 15
22 0 U -1
23 1 L 9
24 1 L 21
25 0 U 13
26 1 U -1
27 1 U 4
28 1 L 6
29 1 L 24
30 1 U 13
31
0 1 L -1
1 0 L -1
2 0 U 1
3 1 L -1
4 0 U -1
5 1 U 1
6 1 U 4
7 1 U -1
8 0 U 7
9 0 U 8
10 1 U 8
11 0 U 1
12 0 U 1
13 1 U -1
14 0 L 3
15 0 U 13
16 1 U -1
17 0 U 6
18 1 U 3
19 0 U 17
20 1 U 19
21 0 L 15
22 0 U -1
23 1 L 9
24 1 L 21
25 0 U 13
26 1 U -1
27 1 U 26
28 1 L 9
29 1 L 24
30 1 U 4
31
0 1 U -1
1 0 L -1
2 0 U 1
3 1 L -1
4 0 U -1
5 1 U 1
6 1 U 4
7 1 U -1
8 0 U 7
9 0 U 8
10 0 U 8
11 0 U 1
12 1 U 8
13 1 U -1
14 0 L 3
15 0 U 13
16 1 U -1
17 0 U 6
18 1 U 3
19 0 U 17
20 1 U 19
21 0 L 10
22 0 U -1
23 0 L 14
24 1 L 21
25 0 U 13
26 1 U -1
27 1 U 4
28 1 L 14
29 1 L 12
30 1 U 4
31
0 1 L -1
1 0 L -1
2 0 U 1
3 1 L -1
4 0 U -1
5 0 U 1
6 1 U 4
7 1 U -1
8 0 U 7
9 0 U 8
10 1 U 8
11 0 U 8
12 1 U 8
13 1 U -1
14 0 L 3
15 0 U 13
16 1 U -1
17 0 U 6
18 1 U 3
19 0 U 17
20 1 U 19
21 0 L 15
22 0 U -1
23 0 L 14
24 1 L 11
25 0 U 13
26 1 U -1
27 1 U 4
28 1 L 20
29 1 L 12
30 1 U 13
31
0 1 L -1
1 0 L -1
2 0 U 1
3 1 L -1
4 0 U -1
5 1 U 1
6 1 U 4
7 1 U -1
8 0 U 7
9 0 U 8
10 1 U 8
11 0 U 8
12 1 U 6
13 1 U -1
14 0 L 3
15 0 U 13
16 1 U -1
17 0 U 6
18 1 U 3
19 0 U 17
20 1 U 19
21 0 L 10
22 0 U -1
23 0 L 14
24 1 L 11
25 0 U 13
26 1 U -1
27 1 U 4
28 1 L 20
29 1 L 12
30 1 U 4
31
0 1 L -1
1 0 L -1
2 0 U 1
3 1 L -1
4 0 U -1
5 1 U 1
6 1 U 4
7 1 U -1
8 0 U 4
9 1 U 8
10 1 U 8
11 0 U 1
12 1 U 6
13 1 U -1
14 0 L 3
15 0 U 13
16 1 U -1
17 0 U 1
18 1 U 3
19 0 U 17
20 1 U 19
21 0 L 15
22 0 U -1
23 0 L 14
24 1 L 21
25 0 U 13
26 1 U -1
27 1 U 4
28 0 L 14
29 1 L 24
30 1 U 4
31
0 1 L -1
1 0 L -1
2 0 U 1
3 1 L -1
4 0 U -1
5 1 U 1
6 1 U 4
7 1 U -1
8 0 U 7
9 0 U 8
10 1 U 8
11 1 U 8
12 0 U 6
13 1 U -1
14 0 L 10
15 0 U 13
16 1 U -1
17 0 U 1
18 1 U 3
19 0 U 17
20 1 U 19
21 0 L 10
22 0 U -1
23 0 L 20
24 1 L 14
25 0 U 13
26 1 U -1
27 1 U 26
28 1 L 20
29 1 L 24
30 1 U 13
31
0 1 U -1
1 0 L -1
2 0 U 1
3 1 L -1
4 0 U -1
5 0 U 1
6 1 U 4
7 1 U -1
8 0 U 7
9 0 U 8
10 1 U 8
11 0 U 5
12 1 U 8
13 1 U -1
14 0 L 3
15 0 U 13
16 1 U -1
17 0 U 6
18 1 U 3
19 0 U 17
20 1 U 19
21 0 L 10
22 0 U -1
23 0 L 14
24 1 L 11
25 0 U 13
26 1 U -1
27 1 U 4
28 1 L 14
29 1 L 12
30 1 U 4
31
0 1 U -1
1 0 L -1
2 0 U 1
3 1 L -1
4 0 U -1
5 0 U 1
6 1 U 4
7 1 U -1
8 0 U 7
9 0 U 8
10 1 U 8
11 1 U 1
12 1 U 8
13 1 U -1
14 0 L 10
15 0 U 13
16 1 U -1
17 0 U 6
18 1 U 3
19 0 U 17
20 1 U 19
21 0 L 10
22 0 U -1
23 0 L 6
24 1 L 14
25 0 U 13
26 1 U -1
27 1 U 26
28 1 L 6
29 1 L 24
30 1 U 13
31
0 1 U -1
1 0 L -1
2 0 U 1
3 1 L -1
4 0 U -1
5 0 U 1
6 1 U 4
7 1 U -1
8 0 U 7
9 0 U 8
10 1 U 8
11 0 U 6
12 1 U 6
13 1 U -1
14 0 L 10
15 0 U 13
16 1 U -1
17 0 U 6
18 1 U 3
19 0 U 17
20 0 U 19
21 0 L 10
22 0 U -1
23 0 L 20
24 1 L 11
25 0 U 13
26 1 U -1
27 1 U 26
28 1 L 20
29 1 L 12
30 1 U 13
31
0 1 L -1
1 0 L -1
2 0 U 1
3 1 L -1
4 0 U -1
5 1 U 1
6 1 U 4
7 1 U -1
8 0 U 7
9 0 U 8
10 1 U 8
11 1 U 6
12 0 U 6
13 1 U -1
14 0 L 10
15 0 U 13
16 1 U -1
17 0 U 6
18 1 U 3
19 0 U 17
20 1 U 19
21 0 L 10
22 0 U -1
23 0 L 6
24 0 L 14
25 0 U 13
26 1 U -1
27 1 U 4
28 1 L 20
29 1 L 24
30 1 U 26
31
0 1 L -1
1 0 L -1
2 0 U 1
3 1 L -1
4 0 U -1
5 0 U 1
6 1 U 4
7 1 U -1
8 0 U 7
9 0 U 8
10 1 U 8
11 0 U 6
12 1 U 8
13 1 U -1
14 0 L 10
15 0 U 13
16 1 U -1
17 0 U 6
18 1 U 3
19 0 U 17
20 0 U 19
21 0 L 10
22 0 U -1
23 0 L 20
24 0 L 21
25 0 U 13
26 1 U -1
27 1 U 4
28 1 L 20
29 1 L 24
30 1 U 4
31
0 1 L -1
1 0 L -1
2 0 U 1
3 1 L -1
4 0 U -1
5 1 U 1
6 1 U 4
7 1 U -1
8 0 U 7
9 0 U 8
10 1 U 8
11 0 U 6
12 1 U 8
13 1 U -1
14 0 L 10
15 0 U 13
16 1 U -1
17 0 U 6
18 1 U 3
19 0 U 17
20 1 U 19
21 0 L 10
22 0 U -1
23 0 L 6
24 1 L 21
25 0 U 13
26 1 U -1
27 1 U 4
28 1 L 20
29 1 L 24
30 1 U 4
31
0 1 L -1
1 0 L -1
2 0 U 1
3 1 L -1
4 0 U -1
5 1 U 1
6 1 U 4
7 1 U -1
8 0 U 7
9 0 U 8
10 1 U 8
11 0 U 1
12 0 U 8
13 1 U -1
14 0 L 10
15 0 U 13
16 1 U -1
17 0 U 6
18 1 U 3
19 0 U 17
20 1 U 19
21 0 L 10
22 0 U -1
23 0 L 20
24 0 L 21
25 0 U 13
26 1 U -1
27 1 U 4
28 1 L 6
29 1 L 24
30 1 U 26
31
0 1 L -1
1 0 L -1
2 0 U 1
3 1 L -1
4 0 U -1
5 1 U 1
6 1 U 4
7 0 U -1
8 0 U 7
9 0 U 8
10 1 U 8
11 1 U 1
12 0 U 8
13 1 U -1
14 0 L 10
15 0 U 13
16 1 U -1
17 0 U 6
18 1 U 3
19 0 U 17
20 1 U 19
21 0 L 15
22 0 U -1
23 0 L 6
24 1 L 21
25 0 U 13
26 1 U -1
27 1 U 26
28 1 L 9
29 1 L 24
30 1 U 26
31
0 1 L -1
1 0 L -1
2 0 U 1
3 1 L -1
4 0 U -1
5 1 U 1
6 1 U 4
7 1 U -1
8 0 U 7
9 0 U 8
10 1 U 8
11 1 U 6
12 0 U 8
13 1 U -1
14 0 L 5
15 0 U 13
16 1 U -1
17 0 U 6
18 1 U 3
19 0 U 17
20 1 U 19
21 0 L 15
22 0 U -1
23 0 L 9
24 1 L 21
25 0 U 13
26 1 U -1
27 1 U 26
28 1 L 20
29 1 L 24
30 1 U 4
31
0 1 L -1
1 0 L -1
2 0 U 1
3 1 L -1
4 0 U -1
5 1 U 1
6 1 U 4
7 1 U -1
8 0 U 7
9 0 U 8
10 1 U 8
11 1 U 1
12 0 U 1
13 1 U -1
14 0 L 3
15 0 U 13
16 1 U -1
17 0 U 6
18 1 U 3
19 0 U 17
20 1 U 19
21 0 L 15
22 0 U -1
23 1 L 7
24 1 L 21
25 0 U 13
26 1 U -1
27 1 U 4
28 1 L 9
29 1 L 24
30 1 U 26
31
0 1 U -1
1 0 L -1
2 0 U 1
3 1 L -1
4 0 U -1
5 1 U 1
6 1 U 4
7 0 U -1
8 0 U 7
9 0 U 8
10 1 U 8
11 1 U 8
12 0 U 8
13 1 U -1
14 0 L 10
15 0 U 13
16 1 U -1
17 0 U 1
18 1 U 3
19 0 U 17
20 1 U 19
21 0 L 15
22 0 U -1
23 0 L 6
24 1 L 21
25 0 U 13
26 1 U -1
27 1 U 26
28 1 L 9
29 1 L 24
30 1 U 4
31
0 1 U -1
1 0 L -1
2 0 U 1
3 1 L -1
4 0 U -1
5 1 U 1
6 1 U 4
7 1 U -1
8 0 U 7
9 0 U 8
10 1 U 8
11 0 U 1
12 0 U 6
13 1 U -1
14 0 L 5
15 0 U 13
16 1 U -1
17 0 U 1
18 1 U 3
19 0 U 17
20 1 U 19
21 0 L 15
22 0 U -1
23 0 L 9
24 1 L 21
25 0 U 13
26 1 U -1
27 1 U 26
28 1 L 9
29 1 L 24
30 1 U 4
31
0 1 L -1
1 0 L -1
2 0 U 1
3 1 L -1
4 0 U -1
5 0 U 1
6 1 U 4
7 1 U -1
8 0 U 7
9 0 U 8
10 1 U 8
11 0 U 1
12 1 U 8
13 1 U -1
14 0 L 10
15 0 U 13
16 1 U -1
17 0 U 6
18 1 U 3
19 0 U 17
20 1 U 19
21 0 L 10
22 0 U -1
23 1 L 9
24 0 L 21
25 0 U 13
26 1 U -1
27 1 U 26
28 1 L 6
29 1 L 24
30 1 U 13
31
0 1 L -1
1 0 L -1
2 0 U 1
3 1 L -1
4 0 U -1
5 0 U 1
6 1 U 4
7 1 U -1
8 0 U 7
9 0 U 8
10 1 U 8
11 0 U 6
12 1 U 8
13 1 U -1
14 0 L 5
15 0 U 13
16 1 U -1
17 0 U 1
18 1 U 3
19 0 U 17
20 1 U 19
21 0 L 10
22 0 U -1
23 1 L 9
24 1 L 11
25 0 U 13
26 1 U -1
27 1 U 4
28 1 L 20
29 1 L 24
30 1 U 4
31
0 1 L -1
1 0 L -1
2 0 U 1
3 1 L -1
4 0 U -1
5 1 U 1
6 1 U 4
7 1 U -1
8 0 U 7
9 0 U 8
10 1 U 8
11 0 U 8
12 0 U 1
13 1 U -1
14 0 L 5
15 0 U 13
16 1 U -1
17 0 U 1
18 1 U 3
19 0 U 17
20 1 U 19
21 0 L 15
22 0 U -1
23 0 L 9
24 1 L 21
25 0 U 13
26 1 U -1
27 1 U 26
28 0 L 6
29 1 L 12
30 1 U 13
31
0 1 U -1
1 0 L -1
2 0 U 1
3 1 L -1
4 0 U -1
5 1 U 1
6 1 U 4
7 1 U -1
8 0 U 7
9 0 U 8
10 1 U 8
11 1 U 1
12 1 U 8
13 1 U -1
14 0 L 3
15 0 U 13
16 1 U -1
17 0 U 6
18 1 U 3
19 0 U 17
20 1 U 19
21 0 L 10
22 0 U -1
23 0 L 6
24 0 L 21
25 0 U 13
26 1 U -1
27 1 U 4
28 1 L 6
29 1 L 12
30 1 U 4
31
0 1 U -1
1 0 L -1
2 0 U 1
3 1 L -1
4 0 U -1
5 0 U 1
6 1 U 4
7 1 U -1
8 0 U 7
9 0 U 8
10 1 U 8
11 0 U 6
12 1 U 6
13 1 U -1
14 0 L 10
15 0 U 13
16 1 U -1
17 0 U 1
18 1 U 3
19 0 U 17
20 0 U 3
21 0 L 10
22 0 U -1
23 0 L 20
24 0 L 21
25 0 U 13
26 1 U -1
27 1 U 26
28 1 L 20
29 1 L 24
30 1 U 13
31
0 1 U -1
1 0 L -1
2 0 U 1
3 1 L -1
4 0 U -1
5 1 U 1
6 1 U 4
7 0 U -1
8 0 U 7
9 0 U 8
10 1 U 8
11 1 U 8
12 0 U 1
13 1 U -1
14 0 L 10
15 0 U 13
16 1 U -1
17 0 U 6
18 1 U 3
19 0 U 17
20 1 U 19
21 0 L 15
22 0 U -1
23 0 L 20
24 1 L 21
25 0 U 13
26 1 U -1
27 1 U 26
28 1 L 20
29 1 L 24
30 1 U 26
31
0 1 U -1
1 0 L -1
2 0 U 1
3 1 L -1
4 0 U -1
5 1 U 1
6 1 U 4
7 1 U -1
8 0 U 7
9 0 U 8
10 0 U 8
11 0 U 1
12 1 U 8
13 1 U -1
14 0 L 3
15 0 U 13
16 1 U -1
17 0 U 6
18 1 U 3
19 0 U 17
20 1 U 19
21 0 L 10
22 0 U -1
23 0 L 14
24 1 L 21
25 0 U 13
26 1 U -1
27 1 U 4
28 1 L 14
29 1 L 12
30 1 U 26
31
0 1 L -1
1 0 L -1
2 0 U 1
3 1 L -1
4 0 U -1
5 0 U 1
6 1 U 4
7 1 U -1
8 0 U 7
9 0 U 8
10 1 U 8
11 0 U 6
12 1 U 8
13 1 U -1
14 0 L 10
15 0 U 13
16 1 U -1
17 0 U 1
18 1 U 3
19 0 U 17
20 0 U 3
21 0 L 15
22 0 U -1
23 0 L 20
24 1 L 21
25 0 U 13
26 1 U -1
27 1 U 26
28 1 L 20
29 1 L 24
30 1 U 4
31
0 1 U -1
1 0 L -1
2 0 U 1
3 1 L -1
4 0 U -1
5 0 U 1
6 1 U 4
7 1 U -1
8 0 U 7
9 0 U 8
10 1 U 8
11 0 U 8
12 1 U 8
13 1 U -1
14 0 L 10
15 0 U 13
16 1 U -1
17 0 U 6
18 1 U 3
19 0 U 17
20 1 U 19
21 0 L 10
22 0 U -1
23 0 L 6
24 0 L 21
25 0 U 13
26 1 U -1
27 1 U 4
28 1 L 20
29 1 L 12
30 1 U 26
31
0 1 L -1
1 0 L -1
2 0 U 1
3 1 L -1
4 0 U -1
5 1 U 1
6 1 U 4
7 1 U -1
8 0 U 7
9 0 U 8
10 1 U 8
11 0 U 1
12 0 U 1
13 1 U -1
14 0 L 10
15 0 U 13
16 1 U -1
17 0 U 6
18 1 U 3
19 0 U 17
20 1 U 19
21 1 L 10
22 0 U -1
23 0 L 20
24 1 L 21
25 0 U 13
26 1 U -1
27 1 U 4
28 1 L 20
29 1 L 12
30 1 U 26
31
0 1 U -1
1 0 L -1
2 0 U 1
3 1 L -1
4 0 U -1
5 1 U 1
6 1 U 4
7 1 U -1
8 0 U 7
9 0 U 8
10 1 U 8
11 1 U 8
12 0 U 1
13 1 U -1
14 0 L 3
15 0 U 13
16 1 U -1
17 0 U 6
18 1 U 3
19 0 U 17
20 1 U 19
21 0 L 10
22 0 U -1
23 0 L 6
24 0 L 11
25 0 U 13
26 1 U -1
27 1 U 26
28 1 L 6
29 1 L 24
30 1 U 26
31
0 1 U -1
1 0 L -1
2 0 U 1
3 1 L -1
4 0 U -1
5 1 U 1
6 1 U 4
7 1 U -1
8 0 U 7
9 0 U 8
10 0 U 8
11 0 U 8
12 1 U 8
13 1 U -1
14 0 L 3
15 0 U 13
16 1 U -1
17 0 U 6
18 1 U 3
19 0 U 17
20 1 U 19
21 0 L 15
22 0 U -1
23 0 L 6
24 1 L 21
25 0 U 13
26 1 U -1
27 1 U 26
28 1 L 14
29 1 L 24
30 1 U 4
31
0 1 L -1
1 0 L -1
2 0 U 1
3 1 L -1
4 0 U -1
5 1 U 1
6 1 U 4
7 1 U -1
8 0 U 7
9 0 U 8
10 1 U 8
11 0 U 8
12 0 U 6
13 1 U -1
14 0 L 11
15 0 U 13
16 1 U -1
17 0 U 6
18 1 U 3
19 0 U 17
20 1 U 19
21 0 L 10
22 0 U -1
23 0 L 6
24 0 L 21
25 0 U 13
26 1 U -1
27 1 U 4
28 1 L 6
29 1 L 24
30 1 U 4
31
0 1 U -1
1 0 L -1
2 0 U 1
3 1 L -1
4 0 U -1
5 0 U 1
6 1 U 4
7 1 U -1
8 0 U 7
9 0 U 8
10 1 U 8
11 0 U 1
12 1 U 6
13 1 U -1
14 0 L 10
15 0 U 13
16 1 U -1
17 0 U 6
18 1 U 3
19 0 U 17
20 1 U 19
21 0 L 10
22 0 U -1
23 0 L 6
24 1 L 11
25 0 U 13
26 1 U -1
27 1 U 4
28 1 L 20
29 1 L 24
30 1 U 26
31
0 1 L -1
1 0 L -1
2 0 U 1
3 1 L -1
4 0 U -1
5 1 U 1
6 1 U 4
7 0 U -1
8 0 U 7
9 0 U 8
10 1 U 8
11 0 U 6
12 0 U 6
13 1 U -1
14 0 L 11
15 0 U 13
16 1 U -1
17 0 U 6
18 1 U 3
19 0 U 17
20 1 U 19
21 0 L 10
22 0 U -1
23 0 L 20
24 0 L 21
25 0 U 13
26 1 U -1
27 1 U 26
28 1 L 20
29 1 L 12
30 1 U 13
31
0 1 U -1
1 0 L -1
2 0 U 1
3 1 L -1
4 0 U -1
5 0 U 1
6 1 U 4
7 0 U -1
8 0 U 7
9 0 U 8
10 1 U 8
11 0 U 6
12 1 U 1
13 1 U -1
14 0 L 3
15 0 U 13
16 1 U -1
17 0 U 6
18 1 U 3
19 0 U 17
20 0 U 14
21 0 L 15
22 0 U -1
23 0 L 20
24 1 L 11
25 0 U 13
26 1 U -1
27 1 U 4
28 1 L 20
29 1 L 24
30 1 U 13
31
0 1 L -1
1 0 L -1
2 0 U 1
3 1 L -1
4 0 U -1
5 1 U 1
6 1 U 4
7 1 U -1
8 0 U 7
9 0 U 8
10 0 U 8
11 1 U 1
12 1 U 1
13 1 U -1
14 0 L 10
15 0 U 13
16 1 U -1
17 0 U 6
18 1 U 3
19 0 U 17
20 1 U 19
21 0 L 10
22 0 U -1
23 0 L 20
24 1 L 21
25 0 U 13
26 1 U -1
27 1 U 26
28 1 L 6
29 1 L 12
30 1 U 26
31
0 1 L -1
1 0 L -1
2 0 U 1
3 1 L -1
4 0 U -1
5 1 U 1
6 1 U 4
7 0 U -1
8 0 U 7
9 0 U 8
10 1 U 8
11 0 U 1
12 0 U 8
13 1 U -1
14 0 L 10
15 0 U 13
16 1 U -1
17 0 U 1
18 1 U 3
19 0 U 17
20 1 U 19
21 0 L 10
22 0 U -1
23 0 L 6
24 0 L 11
25 0 U 13
26 1 U -1
27 1 U 26
28 1 L 6
29 1 L 12
30 1 U 4
31
0 1 U -1
1 0 L -1
2 0 U 1
3 1 L -1
4 0 U -1
5 0 U 1
6 1 U 4
7 1 U -1
8 0 U 7
9 0 U 8
10 1 U 8
11 0 U 6
12 1 U 6
13 1 U -1
14 0 L 10
15 0 U 13
16 1 U -1
17 0 U 1
18 1 U 3
19 0 U 17
20 1 U 19
21 0 L 15
22 0 U -1
23 0 L 6
24 1 L 21
25 0 U 13
26 1 U -1
27 1 U 4
28 1 L 20
29 1 L 24
30 1 U 4
31
0 1 L -1
1 0 L -1
2 0 U 1
3 1 L -1
4 0 U -1
5 1 U 1
6 1 U 4
7 1 U -1
8 0 U 7
9 0 U 8
10 1 U 8
11 0 U 8
12 0 U 1
13 1 U -1
14 0 L 3
15 0 U 13
16 1 U -1
17 0 U 1
18 1 U 3
19 0 U 17
20 1 U 19
21 0 L 10
22 0 U -1
23 0 L 6
24 0 L 11
25 0 U 13
26 1 U -1
27 1 U 26
28 1 L 14
29 1 L 12
30 1 U 4
31
0 1 U -1
1 0 L -1
2 0 U 1
3 1 L -1
4 0 U -1
5 1 U 1
6 1 U 4
7 1 U -1
8 0 U 7
9 0 U 8
10 1 U 8
11 0 U 8
12 0 U 1
13 1 U -1
14 0 L 3
15 0 U 13
16 1 U -1
17 0 U 6
18 1 U 3
19 0 U 17
20 1 U 19
21 0 L 10
22 0 U -1
23 0 L 6
24 1 L 21
25 0 U 13
26 1 U -1
27 1 U 26
28 1 L 6
29 1 L 24
30 1 U 4
31
0 1 L -1
1 0 L -1
2 0 U 1
3 1 L -1
4 0 U -1
5 1 U 1
6 1 U 4
7 0 U -1
8 0 U 7
9 0 U 8
10 0 U 8
11 1 U 6
12 1 U 8
13 1 U -1
14 0 L 10
15 0 U 13
16 1 U -1
17 0 U 6
18 1 U 3
19 0 U 17
20 1 U 19
21 0 L 10
22 0 U -1
23 0 L 20
24 1 L 14
25 0 U 13
26 1 U -1
27 1 U 4
28 1 L 20
29 1 L 24
30 1 U 13
31
0 1 U -1
1 0 L -1
2 0 U 1
3 1 L -1
4 0 U -1
5 1 U 1
6 1 U 4
7 0 U -1
8 0 U 7
9 0 U 8
10 1 U 8
11 0 U 6
12 0 U 1
13 1 U -1
14 0 L 10
15 0 U 13
16 1 U -1
17 0 U 1
18 1 U 3
19 0 U 17
20 1 U 19
21 0 L 10
22 0 U -1
23 0 L 6
24 0 L 21
25 0 U 13
26 1 U -1
27 1 U 4
28 1 L 20
29 1 L 24
30 1 U 13
31
0 1 L -1
1 0 L -1
2 0 U 1
3 1 L -1
4 0 U -1
5 1 U 1
6 1 U 4
7 1 U -1
8 0 U 7
9 0 U 8
10 0 U 8
11 1 U 1
12 1 U 1
13 1 U -1
14 0 L 5
15 0 U 13
16 1 U -1
17 0 U 1
18 1 U 3
19 0 U 17
20 1 U 19
21 0 L 15
22 0 U -1
23 1 L 9
24 1 L 21
25 0 U 13
26 1 U -1
27 1 U 26
28 1 L 9
29 1 L 12
30 1 U 13
31
0 1 U -1
1 0 L -1
2 0 U 1
3 1 L -1
4 0 U -1
5 0 U 1
6 1 U 4
7 0 U -1
8 0 U 7
9 0 U 8
10 1 U 8
11 0 U 6
12 1 U 6
13 1 U -1
14 0 L 10
15 0 U 13
16 1 U -1
17 0 U 6
18 1 U 3
19 0 U 17
20 0 U 19
21 0 L 10
22 0 U -1
23 0 L 20
24 1 L 14
25 0 U 13
26 1 U -1
27 1 U 26
28 1 L 20
29 1 L 24
30 1 U 4
31
0 1 U -1
1 0 L -1
2 0 U 1
3 1 L -1
4 0 U -1
5 0 U 1
6 1 U 4
7 0 U -1
8 0 U 7
9 0 U 8
10 1 U 8
11 0 U 8
12 1 U 8
13 1 U -1
14 0 L 3
15 0 U 13
16 1 U -1
17 0 U 6
18 1 U 3
19 0 U 17
20 0 U 14
21 0 L 10
22 0 U -1
23 0 L 20
24 0 L 21
25 0 U 13
26 1 U -1
27 1 U 26
28 1 L 20
29 1 L 24
30 1 U 4
31
0 1 L -1
1 0 L -1
2 0 U 1
3 1 L -1
4 0 U -1
5 0 U 1
6 1 U 4
7 0 U -1
8 0 U 7
9 0 U 8
10 1 U 8
11 0 U 1
12 1 U 6
13 1 U -1
14 0 L 10
15 0 U 13
16 1 U -1
17 0 U 6
18 1 U 3
19 0 U 17
20 1 U 19
21 0 L 10
22 0 U -1
23 0 L 20
24 0 L 14
25 0 U 13
26 1 U -1
27 1 U 4
28 1 L 20
29 1 L 12
30 1 U 4
31
0 1 L -1
1 0 L -1
2 0 U 1
3 1 L -1
4 0 U -1
5 1 U 1
6 1 U 4
7 1 U -1
8 0 U 7
9 0 U 8
10 1 U 8
11 1 U 6
12 0 U 1
13 1 U -1
14 0 L 3
15 0 U 13
16 1 U -1
17 0 U 6
18 1 U 3
19 0 U 17
20 1 U 19
21 1 L 10
22 0 U -1
23 0 L 6
24 1 L 21
25 0 U 13
26 1 U -1
27 1 U 4
28 1 L 14
29 1 L 24
30 1 U 26
31
0 1 L -1
1 0 L -1
2 0 U 1
3 1 L -1
4 0 U -1
5 0 U 1
6 1 U 4
7 1 U -1
8 0 U 7
9 0 U 8
10 1 U 8
11 0 U 1
12 1 U 6
13 1 U -1
14 0 L 3
15 0 U 13
16 1 U -1
17 0 U 6
18 1 U 3
19 0 U 17
20 1 U 19
21 0 L 15
22 0 U -1
23 0 L 6
24 1 L 21
25 0 U 13
26 1 U -1
27 1 U 26
28 1 L 20
29 1 L 12
30 1 U 26
31
0 1 L -1
1 0 L -1
2 0 U 1
3 1 L -1
4 0 U -1
5 1 U 1
6 1 U 4
7 1 U -1
8 0 U 7
9 0 U 8
10 1 U 8
11 0 U 1
12 0 U 1
13 1 U -1
14 0 L 10
15 0 U 13
16 1 U -1
17 0 U 6
18 1 U 3
19 0 U 17
20 1 U 19
21 0 L 10
22 0 U -1
23 0 L 20
24 1 L 14
25 0 U 13
26 1 U -1
27 1 U 26
28 1 L 6
29 1 L 24
30 1 U 4
