47
0 0 U -1
1 0 U -1
2 0 U -1
3 0 U -1
4 0 U -1
5 0 U -1
6 0 U -1
7 0 U -1
8 0 U -1
9 0 U -1
10 0 U -1
11 0 U -1
12 0 U -1
13 0 U -1
14 0 U -1
15 0 U -1
16 0 U -1
17 0 U -1
18 0 U -1
19 0 U -1
20 0 U -1
21 0 U -1
22 0 U -1
23 0 U -1
24 0 U -1
25 0 U -1
26 0 U -1
27 0 U -1
28 0 U -1
29 0 U -1
30 0 U -1
31 0 U -1
32 0 U -1
33 0 U -1
34 0 U -1
35 0 U -1
36 0 U -1
37 0 U -1
38 0 U -1
39 0 U -1
40 0 U -1
41 0 U -1
42 0 U -1
43 0 U -1
44 0 U -1
45 0 U -1
46 0 U -1
47
0 1 U -1
1 1 U -1
2 1 L -1
3 1 U 2
4 1 U 2
5 0 U 0
6 1 L -1
7 0 U 0
8 1 U -1
9 1 L 5
10 0 L -1
11 0 L 0
12 0 U 1
13 1 U 4
14 1 U 0
15 1 U 13
16 0 U -1
17 0 L 7
18 1 U 0
19 0 U 13
20 0 U -1
21 1 L 14
22 0 U 6
23 0 U 0
24 0 U 21
25 1 U 24
26 0 L -1
27 0 U 21
28 0 U 10
29 0 U 21
30 0 L 16
31 1 U -1
32 1 U 6
33 0 U 20
34 0 U 10
35 0 L 25
36 1 U 5
37 0 U 32
38 0 U 24
39 0 L 7
40 0 U 8
41 0 U 9
42 0 U 34
43 0 U 22
44 0 U 14
45 1 U 24
46 0 U 45
47
0 1 U -1
1 1 U -1
2 1 L -1
3 1 U 2
4 1 U 2
5 1 U 1
6 1 L -1
7 0 U 0
8 1 U -1
9 1 L 6
10 0 L 3
11 0 L 0
12 0 U 0
13 0 U 7
14 0 U 0
15 1 U 10
16 0 U -1
17 0 L 7
18 1 U 1
19 1 U 3
20 0 U -1
21 1 L 17
22 0 U 6
23 0 U 16
24 0 U 21
25 1 U 24
26 0 L -1
27 1 U 14
28 0 U 10
29 0 U 21
30 0 L 16
31 1 U -1
32 0 U 19
33 1 U -1
34 0 U 32
35 0 L 25
36 0 U 17
37 0 U 32
38 0 U 36
39 0 L 28
40 0 U 20
41 0 U 36
42 0 L -1
43 1 L 34
44 0 U 5
45 0 U 41
46 1 U 45
47
0 1 U -1
1 1 U -1
2 1 L -1
3 1 U 2
4 0 U 2
5 0 U 1
6 1 L -1
7 0 U 0
8 0 U 4
9 1 U 7
10 1 L 0
11 1 L 3
12 1 U 1
13 0 U -1
14 0 U -1
15 1 U 0
16 0 U -1
17 0 U 7
18 1 U 0
19 1 U 0
20 0 U -1
21 1 L 16
22 0 U 6
23 0 U 21
24 0 U 21
25 0 U 24
26 0 L -1
27 1 U 18
28 0 U 26
29 0 U 21
30 0 L 28
31 1 U -1
32 0 U 29
33 1 U -1
34 0 U 32
35 1 L 15
36 1 U 17
37 0 U 3
38 0 U 24
39 0 L 28
40 1 U 20
41 0 U 29
42 1 L -1
43 1 L 21
44 0 U 5
45 1 U 25
46 0 U 45
47
0 1 L -1
1 1 U -1
2 1 L -1
3 1 U 2
4 0 U 2
5 0 U 1
6 1 L -1
7 0 U 0
8 0 U 3
9 1 U 7
10 1 L 3
11 1 L 3
12 1 U 1
13 0 U -1
14 1 L -1
15 1 U 1
16 0 U -1
17 0 L 7
18 1 U 1
19 0 U 1
20 1 U -1
21 1 L 17
22 0 U 6
23 1 U 3
24 0 U 21
25 1 U 24
26 0 U -1
27 1 U 7
28 0 L -1
29 0 U 21
30 0 L 7
31 1 U -1
32 0 U 29
33 0 U -1
34 0 U 22
35 1 L 26
36 1 U 21
37 0 U 3
38 0 U 6
39 0 L 7
40 1 U 20
41 0 U 29
42 1 U -1
43 1 L 35
44 1 U 5
45 1 U 41
46 0 U 45
47
0 1 L -1
1 1 U -1
2 1 L -1
3 1 U 2
4 0 U 2
5 0 U 1
6 1 L -1
7 0 U 1
8 0 U 4
9 0 U 7
10 1 L 3
11 1 L 3
12 1 U 0
13 0 U -1
14 1 L -1
15 1 U 0
16 0 U -1
17 0 U 15
18 1 U 1
19 1 U 1
20 0 U -1
21 1 L 17
22 1 U 6
23 0 U 4
24 0 U 21
25 1 U 24
26 0 U -1
27 1 L 18
28 0 L -1
29 0 U 21
30 1 L 13
31 0 U -1
32 0 U 29
33 1 U -1
34 0 U 32
35 0 L 15
36 1 U 27
37 0 U 3
38 0 U 29
39 0 L 16
40 1 U 33
41 0 U 23
42 1 L 31
43 1 L 35
44 1 U 5
45 0 U 25
46 0 U 45
47
0 1 U -1
1 1 U -1
2 1 L -1
3 1 U 2
4 0 U 2
5 0 U 1
6 1 L -1
7 0 U 1
8 0 U 4
9 0 U 7
10 1 L 0
11 1 L 0
12 1 U 0
13 1 U -1
14 1 U -1
15 1 U 0
16 1 U -1
17 0 U 2
18 1 U 1
19 1 U 1
20 1 L -1
21 1 L 15
22 1 U 6
23 0 U 21
24 0 U 21
25 1 U 24
26 0 U -1
27 1 L 18
28 0 L -1
29 0 U 21
30 0 L 11
31 0 U -1
32 1 U 29
33 1 U -1
34 1 U 32
35 0 L 16
36 1 U 4
37 1 U 9
38 0 U 6
39 0 L 25
40 0 U 33
41 1 U 29
42 1 U 21
43 1 U 38
44 0 U 12
45 1 U 41
46 0 U 22
47
0 1 L -1
1 1 U -1
2 1 L -1
3 1 U 2
4 0 U 2
5 1 U 1
6 1 L -1
7 0 U 0
8 0 U 4
9 0 U 2
10 1 L 0
11 1 L 0
12 1 U 1
13 0 L -1
14 1 U -1
15 1 U 14
16 1 U -1
17 0 U 2
18 1 U 1
19 1 U 1
20 1 U -1
21 1 L 17
22 1 U 6
23 1 U 3
24 0 U 21
25 1 U 24
26 0 U -1
27 0 L 21
28 0 L -1
29 0 U 21
30 0 L 11
31 0 U -1
32 1 U 29
33 1 U -1
34 0 U 32
35 0 L 34
36 1 U 21
37 1 U 9
38 0 U 8
39 0 L 25
40 0 U 33
41 1 U 29
42 1 U 21
43 1 U 34
44 0 U 15
45 1 U 41
46 1 U 35
47
0 1 U -1
1 1 U -1
2 1 L -1
3 1 U 2
4 0 U 2
5 0 U 1
6 0 L -1
7 0 U 0
8 0 U 3
9 0 U 7
10 0 L 0
11 1 L 3
12 0 U 1
13 1 L -1
14 1 U -1
15 1 U 14
16 1 U -1
17 1 U 12
18 1 U 1
19 1 U 1
20 1 U -1
21 1 L 17
22 1 U 8
23 1 U 21
24 0 U 4
25 0 U 6
26 0 U -1
27 1 L 26
28 0 L -1
29 0 U 21
30 0 L 11
31 0 U -1
32 1 U 29
33 1 U -1
34 0 U 32
35 0 U 34
36 1 U 17
37 1 U 9
38 0 U 6
39 0 L 35
40 0 U 33
41 1 U 29
42 1 U 34
43 1 U 38
44 0 U 15
45 0 U 41
46 0 U 27
47
0 1 U -1
1 1 U -1
2 1 L -1
3 1 U 2
4 0 U 2
5 1 U 1
6 0 L -1
7 0 U 1
8 0 U 3
9 0 U 7
10 0 L 3
11 1 L 3
12 1 U 0
13 1 L -1
14 1 U -1
15 1 U 14
16 1 U -1
17 1 U 12
18 1 U 1
19 1 U 1
20 1 U -1
21 1 L 17
22 1 U 8
23 0 U 3
24 0 U 21
25 0 U 24
26 0 U -1
27 0 U 18
28 0 L -1
29 0 U 21
30 0 L 11
31 0 U -1
32 1 U 29
33 1 U -1
34 0 U 32
35 0 L 22
36 0 U 17
37 1 U 9
38 0 U 6
39 0 L 15
40 0 U 33
41 1 U 29
42 0 U 28
43 1 U 38
44 0 U 40
45 1 U 41
46 1 U 9
47
0 1 L -1
1 1 U -1
2 1 L -1
3 1 U 2
4 0 U 2
5 1 U 1
6 0 L -1
7 0 U 0
8 0 U 3
9 0 U 7
10 0 L 3
11 1 L 3
12 1 U 0
13 0 L -1
14 1 U -1
15 1 U 14
16 1 U -1
17 1 U 12
18 1 U 1
19 1 U 1
20 1 U -1
21 1 L 17
22 1 U 6
23 1 U 4
24 0 U 21
25 0 U 24
26 0 U -1
27 0 L 26
28 0 L -1
29 0 U 21
30 0 L 22
31 0 U -1
32 1 U 29
33 1 U -1
34 0 U 32
35 0 L 23
36 0 U 17
37 1 U 9
38 0 U 8
39 0 L 15
40 0 U 33
41 1 U 36
42 0 U 34
43 1 U 38
44 0 U 15
45 0 U 41
46 1 U 9
47
0 1 U -1
1 1 U -1
2 1 L -1
3 1 U 2
4 1 U 2
5 0 U 1
6 1 L -1
7 0 U 0
8 0 U 4
9 0 U 7
10 1 L 0
11 1 L 0
12 1 U 0
13 0 L -1
14 1 U -1
15 1 U 14
16 1 U -1
17 1 U 12
18 1 U 1
19 1 U 1
20 1 U -1
21 1 L 15
22 1 U 6
23 0 U 21
24 0 U 21
25 0 U 24
26 0 U -1
27 1 L 18
28 0 L -1
29 0 U 21
30 0 L 22
31 0 U -1
32 1 U 29
33 1 U -1
34 0 U 32
35 0 L 23
36 1 U 17
37 1 U 9
38 0 U 6
39 0 L 30
40 1 U 16
41 1 U 37
42 1 L 35
43 1 U 34
44 0 U 15
45 1 U 41
46 1 U 44
47
0 1 U -1
1 1 U -1
2 1 L -1
3 1 U 2
4 0 U 2
5 1 U 1
6 1 L -1
7 0 U 1
8 0 U 4
9 0 U 7
10 0 L 0
11 1 L 0
12 1 U 0
13 1 L -1
14 1 U -1
15 1 U 14
16 1 U -1
17 0 U 7
18 1 U 1
19 1 U 1
20 1 U -1
21 1 L 17
22 1 U 8
23 0 U 3
24 0 U 21
25 0 U 6
26 0 U -1
27 0 U 7
28 0 L -1
29 0 U 21
30 0 L 22
31 1 U -1
32 1 U 29
33 1 U -1
34 0 U 32
35 1 L 11
36 1 U 17
37 0 U 27
38 1 U 6
39 0 L 20
40 1 U 33
41 1 U 37
42 0 L 39
43 1 U 28
44 0 U 40
45 1 U 41
46 1 U 45
47
0 1 L -1
1 1 U -1
2 1 L -1
3 1 U 2
4 0 U 2
5 0 U 1
6 0 L -1
7 0 U 0
8 0 U 3
9 1 U 7
10 0 L 3
11 1 L 3
12 0 U 1
13 1 L -1
14 1 U -1
15 1 U 0
16 0 U -1
17 0 U 2
18 1 U 1
19 1 U 1
20 1 U -1
21 1 L 17
22 1 U 8
23 0 U 3
24 0 U 21
25 0 U 24
26 0 U -1
27 1 U 7
28 0 L -1
29 0 U 21
30 1 L 22
31 1 U -1
32 1 U 29
33 1 U -1
34 0 U 32
35 1 L 14
36 1 U 27
37 0 U 9
38 0 U 8
39 0 L 25
40 1 U 33
41 1 U 37
42 0 L 39
43 1 U 28
44 1 U 40
45 1 U 41
46 1 U 25
47
0 1 L -1
1 1 U -1
2 1 L -1
3 1 U 2
4 0 U 2
5 1 U 1
6 0 L -1
7 0 U 0
8 0 U 4
9 1 U 7
10 0 L 0
11 1 L 0
12 0 U 1
13 1 L -1
14 1 U -1
15 1 U 0
16 0 U -1
17 0 U 2
18 1 U 1
19 1 U 1
20 1 U -1
21 1 L 15
22 1 U 8
23 0 U 21
24 0 U 21
25 0 U 24
26 0 U -1
27 0 U 18
28 0 L -1
29 0 U 21
30 1 L 22
31 1 U -1
32 1 U 29
33 1 U -1
34 0 L 25
35 1 L 14
36 1 U 21
37 0 U 27
38 0 U 36
39 0 L 15
40 1 U 33
41 1 U 37
42 1 L 39
43 1 U 28
44 1 U 40
45 0 U 41
46 1 U 25
47
0 1 L -1
1 1 U -1
2 1 L -1
3 1 U 2
4 0 U 2
5 1 U 1
6 0 L -1
7 0 U 0
8 0 U 3
9 1 U 7
10 0 L 0
11 1 L 3
12 1 U 0
13 1 L -1
14 1 U -1
15 1 U 0
16 0 U -1
17 0 L 7
18 1 U 1
19 1 U 1
20 1 U -1
21 1 L 15
22 1 U 8
23 0 U 21
24 0 U 21
25 0 U 24
26 0 U -1
27 0 U 19
28 0 L -1
29 0 U 21
30 1 L 12
31 1 U -1
32 1 U 29
33 1 U -1
34 0 L 15
35 0 L 10
36 1 U 21
37 0 U 17
38 0 U 8
39 0 L 15
40 0 U 33
41 1 U 37
42 0 L 21
43 1 U 28
44 1 U 40
45 1 U 41
46 1 U 32
47
0 1 U -1
1 1 U -1
2 1 L -1
3 1 U 2
4 0 U 2
5 1 U 1
6 0 L -1
7 0 U 0
8 0 U 3
9 1 U 2
10 0 L 3
11 1 L 3
12 0 U 1
13 1 L -1
14 1 U -1
15 1 U 1
16 0 U -1
17 0 U 15
18 1 U 1
19 1 U 1
20 0 U -1
21 1 L 15
22 1 U 6
23 0 U 4
24 0 U 21
25 0 U 24
26 0 U -1
27 1 U 18
28 0 L -1
29 0 U 21
30 1 L 12
31 0 U -1
32 1 U 29
33 1 U -1
34 0 L 15
35 0 L 23
36 1 U 4
37 0 U 17
38 0 U 8
39 0 L 30
40 0 U 33
41 1 U 37
42 1 L -1
43 1 U 38
44 1 U 5
45 1 U 41
46 0 U 45
47
0 1 L -1
1 1 U -1
2 1 L -1
3 1 U 2
4 0 U 2
5 1 U 1
6 0 L -1
7 0 U 0
8 0 U 3
9 0 U 2
10 0 L 0
11 1 L 0
12 0 U 0
13 1 L -1
14 0 U -1
15 1 U 1
16 0 U -1
17 0 U 15
18 1 U 1
19 1 U 1
20 0 U -1
21 1 L 15
22 1 U 6
23 0 U 4
24 0 U 4
25 0 U 8
26 0 U -1
27 0 U 2
28 0 L -1
29 0 U 21
30 1 L 12
31 1 U -1
32 1 U 29
33 1 U -1
34 0 L 15
35 0 L 11
36 1 U 3
37 0 U 17
38 0 U 8
39 0 L 30
40 1 U 33
41 1 U 37
42 1 L -1
43 1 U 38
44 1 U 5
45 0 U 8
46 0 U 10
47
0 1 L -1
1 1 U -1
2 1 L -1
3 1 U 2
4 0 U 2
5 1 U 1
6 0 L -1
7 0 U 1
8 0 U 3
9 0 U 7
10 0 L 3
11 1 L 3
12 1 U 0
13 1 L -1
14 1 U -1
15 1 U 1
16 0 U -1
17 0 L 7
18 1 U 1
19 1 U 1
20 1 U -1
21 1 L 15
22 1 U 6
23 0 U 4
24 0 U 4
25 0 U 6
26 0 U -1
27 0 U 2
28 0 L -1
29 0 U 21
30 1 L 12
31 0 U -1
32 1 U 29
33 1 U -1
34 0 L 30
35 0 L 23
36 1 U 3
37 0 U 27
38 0 U 24
39 0 L 15
40 0 U 33
41 1 U 37
42 0 L -1
43 1 U 22
44 1 U 40
45 1 U 8
46 0 U 45
47
0 1 L -1
1 1 U -1
2 1 L -1
3 1 U 2
4 0 U 2
5 0 U 1
6 0 L -1
7 0 U 1
8 0 U 3
9 1 U 7
10 0 L 3
11 1 L 0
12 1 U 1
13 1 L -1
14 1 U -1
15 1 U 0
16 0 U -1
17 0 U 15
18 1 U 1
19 1 U 1
20 0 U -1
21 1 L 15
22 1 U 8
23 1 U 4
24 0 U 4
25 0 U 24
26 0 U -1
27 0 U 15
28 0 L -1
29 0 U 21
30 1 L 12
31 1 U -1
32 1 U 29
33 1 U -1
34 0 L 30
35 0 L 10
36 1 U 4
37 0 U 21
38 0 U 6
39 0 L 15
40 1 U 20
41 1 U 37
42 0 L -1
43 1 U 22
44 1 U 12
45 0 U 36
46 0 U 34
47
0 1 L -1
1 1 U -1
2 1 L -1
3 1 U 2
4 0 U 2
5 1 U 1
6 0 L -1
7 0 U 1
8 0 U 3
9 0 U 7
10 0 L 3
11 1 L 3
12 1 U 1
13 1 L -1
14 0 U -1
15 1 U 1
16 0 U -1
17 0 L 9
18 1 U 1
19 1 U 1
20 1 U -1
21 1 L 15
22 1 U 8
23 0 U 4
24 0 U 4
25 0 U 24
26 0 U -1
27 1 U 2
28 0 L -1
29 0 U 21
30 1 L 12
31 1 U -1
32 1 U 29
33 1 U -1
34 0 L 30
35 1 L 14
36 1 U 3
37 0 U 21
38 0 U 24
39 0 L 17
40 0 U 33
41 1 U 37
42 1 L -1
43 1 U 38
44 1 U 5
45 0 U 8
46 1 U 34
47
0 1 L -1
1 1 U -1
2 1 L -1
3 1 U 2
4 0 U 2
5 1 U 1
6 0 L -1
7 0 U 1
8 0 U 3
9 0 U 7
10 0 L 3
11 1 L 3
12 0 U 1
13 1 L -1
14 0 U -1
15 1 U 0
16 0 U -1
17 0 U 15
18 1 U 1
19 1 U 1
20 1 U -1
21 1 L 17
22 1 U 8
23 1 U 4
24 0 U 21
25 0 U 8
26 0 U -1
27 0 U 7
28 0 L -1
29 0 U 21
30 1 L 12
31 1 U -1
32 1 U 29
33 1 U -1
34 0 L 30
35 0 L 14
36 1 U 3
37 0 U 21
38 1 U 36
39 0 L 15
40 0 U 33
41 1 U 37
42 0 L -1
43 1 U 38
44 1 U 5
45 0 U 8
46 0 U 28
47
0 1 U -1
1 1 U -1
2 1 L -1
3 1 U 2
4 0 U 2
5 1 U 1
6 0 L -1
7 0 U 1
8 0 U 4
9 1 U 7
10 0 L 3
11 1 L 0
12 1 U 1
13 1 L -1
14 0 U -1
15 1 U 1
16 0 U -1
17 0 U 15
18 1 U 1
19 1 U 1
20 1 U -1
21 1 L 17
22 1 U 6
23 0 U 4
24 0 U 4
25 0 U 24
26 0 U -1
27 0 U 15
28 0 L -1
29 0 U 21
30 1 L 22
31 0 U -1
32 1 U 29
33 1 U -1
34 0 L 17
35 0 L 10
36 1 U 3
37 0 U 9
38 0 U 6
39 0 L 15
40 0 U 14
41 1 U 37
42 0 L -1
43 1 U 34
44 1 U 40
45 1 U 36
46 1 U 25
47
0 1 L -1
1 1 U -1
2 1 L -1
3 1 U 2
4 0 U 2
5 0 U 1
6 0 L -1
7 0 U 1
8 0 U 4
9 1 U 7
10 0 L 3
11 1 L 3
12 0 U 0
13 1 L -1
14 0 U -1
15 1 U 1
16 0 U -1
17 0 U 15
18 1 U 1
19 1 U 1
20 1 U -1
21 1 L 15
22 1 U 6
23 1 U 4
24 0 U 4
25 0 U 6
26 0 U -1
27 0 U 15
28 0 L -1
29 0 U 21
30 1 L 16
31 1 U -1
32 1 U 29
33 1 U -1
34 0 L 15
35 0 L 11
36 1 U 4
37 0 U 9
38 0 U 36
39 0 L 30
40 0 U 33
41 1 U 37
42 0 L -1
43 1 L 34
44 1 U 40
45 1 U 36
46 0 U 28
47
0 1 U -1
1 1 U -1
2 1 L -1
3 1 U 2
4 0 U 2
5 0 U 1
6 0 L -1
7 0 U 1
8 0 U 3
9 0 U 7
10 0 L 3
11 1 L 0
12 1 U 1
13 1 L -1
14 0 U -1
15 1 U 1
16 0 U -1
17 0 U 7
18 1 U 1
19 1 U 1
20 1 U -1
21 1 L 15
22 1 U 6
23 0 U 3
24 0 U 4
25 0 U 24
26 0 U -1
27 0 U 7
28 0 L -1
29 0 U 21
30 1 L 16
31 0 U -1
32 1 U 29
33 1 U -1
34 0 L 17
35 0 L 23
36 1 U 3
37 0 U 17
38 0 U 6
39 0 L 17
40 0 U 20
41 1 U 37
42 1 L -1
43 1 U 34
44 1 U 40
45 0 U 41
46 0 U 25
47
0 1 L -1
1 1 U -1
2 1 L -1
3 1 U 2
4 0 U 2
5 0 U 1
6 0 L -1
7 0 U 0
8 0 U 3
9 0 U 7
10 0 L 3
11 1 L 3
12 1 U 1
13 1 L -1
14 0 U -1
15 1 U 0
16 0 U -1
17 0 U 2
18 1 U 1
19 1 U 1
20 0 U -1
21 1 L 20
22 1 U 8
23 0 U 3
24 0 U 21
25 0 U 24
26 0 U -1
27 0 U 19
28 0 L -1
29 0 U 21
30 1 L 16
31 1 U -1
32 1 U 29
33 1 U -1
34 0 L 17
35 0 L 10
36 1 U 3
37 0 U 17
38 0 U 6
39 0 L 15
40 0 U 20
41 1 U 37
42 0 L -1
43 1 U 22
44 1 U 40
45 1 U 36
46 1 U 38
47
0 1 L -1
1 1 U -1
2 1 L -1
3 1 U 2
4 0 U 2
5 1 U 1
6 0 L -1
7 0 U 1
8 0 U 3
9 1 U 7
10 0 L 3
11 1 L 0
12 0 U 1
13 1 L -1
14 0 U -1
15 1 U 1
16 0 U -1
17 0 L 14
18 1 U 1
19 1 U 1
20 0 U -1
21 1 L 15
22 1 U 8
23 0 U 3
24 0 U 21
25 0 U 8
26 0 U -1
27 0 U 7
28 0 L -1
29 0 U 21
30 1 L 16
31 1 U -1
32 1 U 29
33 1 U -1
34 0 L 25
35 0 L 10
36 1 U 3
37 0 U 17
38 1 U 6
39 0 L 30
40 0 U 33
41 0 U 37
42 1 L -1
43 1 U 34
44 1 U 12
45 0 U 41
46 1 L 38
47
0 1 L -1
1 1 U -1
2 1 L -1
3 1 U 2
4 0 U 2
5 0 U 1
6 0 L -1
7 0 U 1
8 0 U 3
9 0 U 7
10 0 L 0
11 1 L 3
12 1 U 1
13 1 L -1
14 0 U -1
15 1 U 1
16 0 U -1
17 0 L 7
18 1 U 1
19 1 U 1
20 0 U -1
21 1 L 20
22 1 U 8
23 1 U 3
24 0 U 21
25 0 U 8
26 0 U -1
27 0 U 15
28 0 L -1
29 0 U 21
30 1 L 16
31 0 U -1
32 1 U 29
33 1 U -1
34 0 L 15
35 0 L 10
36 1 U 3
37 0 U 21
38 0 U 8
39 0 L 30
40 0 U 33
41 1 U 37
42 0 L -1
43 1 L 32
44 1 U 5
45 1 U 6
46 0 U 34
47
0 1 L -1
1 1 U -1
2 1 L -1
3 1 U 2
4 0 U 2
5 0 U 1
6 0 L -1
7 0 U 1
8 0 U 3
9 1 U 7
10 0 L 3
11 1 L 3
12 0 U 0
13 1 L -1
14 0 U -1
15 1 U 0
16 0 U -1
17 0 L 14
18 1 U 1
19 1 U 1
20 0 U -1
21 1 L 17
22 1 U 8
23 0 U 4
24 0 U 21
25 0 U 6
26 0 U -1
27 0 U 7
28 0 L -1
29 0 U 21
30 1 L 16
31 0 U -1
32 1 U 29
33 1 U -1
34 0 L 15
35 0 L 10
36 1 U 21
37 0 U 4
38 0 U 6
39 0 L 25
40 0 U 33
41 1 U 37
42 0 L -1
43 1 L 29
44 1 U 5
45 1 U 41
46 0 U 38
47
0 1 L -1
1 1 U -1
2 1 L -1
3 1 U 2
4 0 U 2
5 1 U 1
6 0 L -1
7 0 U 0
8 0 U 3
9 0 U 2
10 0 L 3
11 1 L 0
12 0 U 0
13 1 L -1
14 0 U -1
15 1 U 0
16 0 U -1
17 0 U 2
18 1 U 1
19 1 U 1
20 0 U -1
21 1 L 20
22 1 U 6
23 0 U 3
24 0 U 4
25 0 U 6
26 0 U -1
27 1 U 18
28 0 L -1
29 0 U 21
30 1 L 22
31 0 U -1
32 1 U 29
33 1 U -1
34 0 L 17
35 0 L 11
36 1 U 4
37 0 U 4
38 0 U 6
39 0 L 15
40 1 U 14
41 1 U 37
42 1 L -1
43 1 L 21
44 1 U 12
45 1 U 6
46 1 U 38
47
0 1 L -1
1 1 U -1
2 1 L -1
3 1 U 2
4 0 U 2
5 0 U 1
6 0 L -1
7 0 U 1
8 0 U 4
9 1 U 7
10 0 L 3
11 1 L 0
12 1 U 0
13 1 L -1
14 0 U -1
15 1 U 0
16 0 U -1
17 0 U 2
18 1 U 1
19 1 U 1
20 0 U -1
21 1 L 20
22 1 U 6
23 0 U 4
24 0 U 4
25 0 U 6
26 0 U -1
27 1 U 2
28 0 L -1
29 0 U 21
30 1 L 12
31 0 U -1
32 1 U 29
33 1 U -1
34 0 L 15
35 0 L 23
36 1 U 4
37 0 U 21
38 1 U 36
39 0 L 17
40 0 U 14
41 1 U 37
42 1 L -1
43 1 L 21
44 1 U 12
45 0 U 8
46 1 U 25
47
0 1 L -1
1 1 U -1
2 1 L -1
3 1 U 2
4 0 U 2
5 0 U 1
6 0 L -1
7 0 U 1
8 0 U 3
9 1 U 7
10 0 L 3
11 1 L 0
12 1 U 0
13 1 L -1
14 0 U -1
15 1 U 0
16 0 U -1
17 0 U 15
18 1 U 1
19 1 U 1
20 0 U -1
21 1 L 15
22 1 U 8
23 0 U 3
24 0 U 21
25 0 U 24
26 0 U -1
27 1 U 2
28 0 L -1
29 0 U 21
30 1 L 12
31 0 U -1
32 1 U 29
33 1 U -1
34 0 L 20
35 0 L 10
36 1 U 4
37 0 U 9
38 0 U 6
39 0 L 17
40 1 U 33
41 1 U 37
42 0 L -1
43 1 L 21
44 1 U 12
45 1 U 41
46 0 U 25
47
0 1 U -1
1 1 U -1
2 1 L -1
3 1 U 2
4 0 U 2
5 0 U 1
6 0 L -1
7 0 U 0
8 0 U 3
9 1 U 2
10 0 L 3
11 1 L 3
12 0 U 1
13 1 L -1
14 0 U -1
15 1 U 0
16 0 U -1
17 0 U 15
18 1 U 1
19 1 U 1
20 0 U -1
21 1 L 15
22 1 U 8
23 0 U 3
24 0 U 4
25 0 U 8
26 0 U -1
27 0 U 15
28 0 L -1
29 0 U 21
30 1 L 16
31 1 U -1
32 1 U 29
33 1 U -1
34 0 L 17
35 1 L 9
36 1 U 3
37 0 U 9
38 1 U 8
39 0 L 25
40 1 U 20
41 0 U 37
42 1 L -1
43 1 L 34
44 1 U 12
45 0 U 41
46 0 U 45
47
0 1 L -1
1 1 U -1
2 1 L -1
3 1 U 2
4 0 U 2
5 0 U 1
6 0 L -1
7 0 U 1
8 0 U 3
9 1 U 7
10 0 L 3
11 1 L 3
12 0 U 1
13 1 L -1
14 0 U -1
15 1 U 1
16 0 U -1
17 0 U 7
18 1 U 1
19 1 U 1
20 1 U -1
21 1 L 17
22 1 U 8
23 0 U 3
24 0 U 21
25 0 U 8
26 0 U -1
27 1 L 18
28 0 L -1
29 0 U 21
30 1 L 16
31 1 U -1
32 1 U 29
33 1 U -1
34 0 L 20
35 0 L 11
36 1 U 4
37 0 U 21
38 0 U 36
39 0 L 30
40 1 U 14
41 1 U 37
42 0 L -1
43 1 L 32
44 1 U 12
45 0 U 6
46 1 U 34
47
0 1 L -1
1 1 U -1
2 1 L -1
3 1 U 2
4 0 U 2
5 0 U 1
6 0 L -1
7 0 U 1
8 0 U 4
9 1 U 7
10 0 L 3
11 1 L 3
12 0 U 1
13 1 L -1
14 0 U -1
15 1 U 1
16 0 U -1
17 0 L 14
18 1 U 1
19 1 U 1
20 1 U -1
21 1 L 15
22 1 U 8
23 0 U 3
24 0 U 21
25 0 U 8
26 0 U -1
27 0 L 21
28 0 L -1
29 0 U 21
30 1 L 16
31 1 U -1
32 1 U 29
33 1 U -1
34 0 L 25
35 1 L 23
36 1 U 4
37 0 U 4
38 1 U 6
39 0 L 20
40 0 U 33
41 1 U 37
42 0 L -1
43 1 L 39
44 1 U 40
45 0 U 41
46 1 U 10
47
0 1 U -1
1 1 U -1
2 1 L -1
3 1 U 2
4 0 U 2
5 1 U 1
6 0 L -1
7 0 U 0
8 0 U 3
9 1 U 7
10 0 L 3
11 1 L 0
12 1 U 0
13 1 L -1
14 0 U -1
15 1 U 1
16 0 U -1
17 0 L 7
18 1 U 1
19 1 U 1
20 1 U -1
21 1 L 17
22 1 U 8
23 0 U 4
24 0 U 4
25 0 U 24
26 0 U -1
27 0 U 19
28 0 L -1
29 0 U 21
30 1 L 16
31 1 U -1
32 1 U 29
33 1 U -1
34 0 L 20
35 0 L 9
36 1 U 3
37 0 U 21
38 0 U 6
39 0 L 30
40 0 U 20
41 1 U 37
42 0 L -1
43 1 U 22
44 1 U 5
45 1 U 24
46 0 U 22
47
0 1 U -1
1 1 U -1
2 1 L -1
3 1 U 2
4 0 U 2
5 0 U 1
6 0 L -1
7 0 U 0
8 0 U 3
9 1 U 7
10 0 L 3
11 1 L 0
12 1 U 1
13 1 L -1
14 0 U -1
15 1 U 0
16 0 U -1
17 0 U 7
18 1 U 1
19 1 U 1
20 0 U -1
21 1 L 20
22 1 U 6
23 0 U 3
24 0 U 21
25 0 U 8
26 0 U -1
27 1 U 7
28 0 L -1
29 0 U 21
30 1 L 16
31 1 U -1
32 1 U 29
33 1 U -1
34 0 L 15
35 0 L 9
36 1 U 3
37 0 U 17
38 0 U 6
39 0 L 30
40 1 U 20
41 1 U 37
42 1 L -1
43 1 U 38
44 1 U 40
45 1 U 36
46 1 U 38
47
0 1 U -1
1 1 U -1
2 1 L -1
3 1 U 2
4 0 U 2
5 1 U 1
6 0 L -1
7 0 U 1
8 0 U 3
9 1 U 7
10 0 L 3
11 1 L 3
12 0 U 1
13 1 L -1
14 0 U -1
15 1 U 1
16 0 U -1
17 0 L 14
18 1 U 1
19 1 U 1
20 0 U -1
21 1 L 17
22 1 U 6
23 0 U 3
24 0 U 4
25 0 U 8
26 0 U -1
27 1 U 18
28 0 L -1
29 0 U 21
30 1 L 16
31 1 U -1
32 1 U 29
33 1 U -1
34 0 L 15
35 0 L 23
36 1 U 4
37 0 U 9
38 0 U 6
39 0 L 25
40 0 U 33
41 1 U 37
42 0 L -1
43 1 L 34
44 1 U 5
45 0 U 24
46 1 L 43
47
0 1 U -1
1 1 U -1
2 1 L -1
3 1 U 2
4 0 U 2
5 0 U 1
6 0 L -1
7 0 U 1
8 0 U 3
9 0 U 7
10 0 L 3
11 1 L 3
12 1 U 1
13 1 L -1
14 0 U -1
15 1 U 1
16 0 U -1
17 0 U 7
18 1 U 1
19 1 U 1
20 0 U -1
21 1 L 17
22 1 U 6
23 0 U 3
24 0 U 4
25 0 U 8
26 0 U -1
27 0 U 18
28 0 L -1
29 0 U 21
30 1 L 12
31 0 U -1
32 1 U 29
33 1 U -1
34 0 L 30
35 0 L 14
36 1 U 21
37 0 U 4
38 1 U 6
39 0 L 15
40 0 U 20
41 1 U 37
42 1 L -1
43 1 L 39
44 1 U 12
45 0 U 41
46 1 L 43
47
0 1 U -1
1 1 U -1
2 1 L -1
3 1 U 2
4 0 U 2
5 0 U 1
6 0 L -1
7 0 U 0
8 0 U 3
9 0 U 7
10 0 L 3
11 1 L 3
12 0 U 1
13 1 L -1
14 0 U -1
15 1 U 1
16 0 U -1
17 0 L 9
18 1 U 1
19 1 U 1
20 0 U -1
21 1 L 17
22 1 U 8
23 0 U 3
24 0 U 4
25 0 U 6
26 0 U -1
27 1 L 18
28 0 L -1
29 0 U 21
30 1 L 12
31 1 U -1
32 1 U 29
33 1 U -1
34 0 L 15
35 0 L 10
36 1 U 4
37 0 U 4
38 0 U 6
39 0 L 15
40 0 U 20
41 1 U 37
42 1 L -1
43 1 L 18
44 1 U 19
45 0 U 41
46 1 L 43
47
0 1 L -1
1 1 U -1
2 1 L -1
3 1 U 2
4 0 U 2
5 1 U 1
6 0 L -1
7 0 U 0
8 0 U 3
9 0 U 7
10 0 L 3
11 1 L 3
12 1 U 1
13 1 L -1
14 1 U -1
15 1 U 1
16 0 U -1
17 0 L 9
18 1 U 1
19 1 U 1
20 1 U -1
21 1 L 17
22 1 U 6
23 1 U 3
24 0 U 4
25 0 U 24
26 0 U -1
27 1 U 19
28 0 L -1
29 0 U 21
30 1 L 12
31 0 U -1
32 1 U 29
33 1 U -1
34 0 L 15
35 0 L 10
36 1 U 3
37 0 U 4
38 1 U 6
39 0 L 30
40 1 U 14
41 1 U 37
42 0 L -1
43 1 L 32
44 1 U 5
45 0 U 41
46 1 L 43
47
0 1 L -1
1 1 U -1
2 1 L -1
3 1 U 2
4 0 U 2
5 1 U 1
6 0 L -1
7 0 U 0
8 0 U 4
9 0 U 7
10 0 L 3
11 1 L 0
12 0 U 1
13 1 L -1
14 0 U -1
15 1 U 0
16 0 U -1
17 0 U 2
18 1 U 1
19 1 U 1
20 1 U -1
21 1 L 17
22 1 U 6
23 0 U 4
24 0 U 21
25 0 U 24
26 0 U -1
27 1 U 18
28 0 L -1
29 0 U 21
30 1 L 22
31 0 U -1
32 1 U 29
33 1 U -1
34 0 L 20
35 0 L 10
36 1 U 3
37 0 U 4
38 0 U 6
39 0 L 30
40 0 U 14
41 0 U 37
42 1 L -1
43 1 L 39
44 1 U 40
45 0 U 41
46 0 L 43
47
0 1 U -1
1 1 U -1
2 1 L -1
3 1 U 2
4 0 U 2
5 1 U 1
6 0 L -1
7 0 U 1
8 0 U 3
9 1 U 7
10 0 L 3
11 1 L 3
12 1 U 1
13 1 L -1
14 0 U -1
15 1 U 1
16 0 U -1
17 0 U 7
18 1 U 1
19 1 U 1
20 1 U -1
21 1 L 17
22 1 U 6
23 0 U 3
24 0 U 4
25 0 U 8
26 0 U -1
27 0 U -1
28 0 L -1
29 0 U 21
30 0 U 18
31 0 U -1
32 1 U 29
33 0 U -1
34 0 L 20
35 0 L 11
36 1 U 4
37 0 U 3
38 0 U 36
39 1 L 22
40 1 U 26
41 0 U 37
42 0 L -1
43 1 L 39
44 0 U 40
45 1 U 25
46 0 L 32
47
0 1 L -1
1 1 U -1
2 1 L -1
3 1 U 2
4 0 U 2
5 1 U 1
6 0 L -1
7 0 U 1
8 0 U 4
9 0 U 7
10 0 L 3
11 1 L 0
12 1 U 1
13 1 L -1
14 1 U -1
15 1 U 1
16 0 U -1
17 0 U 15
18 1 U 1
19 1 U 1
20 1 U -1
21 1 L 17
22 1 U 8
23 0 U 3
24 0 U 21
25 0 U 24
26 0 U -1
27 1 U -1
28 0 L -1
29 0 U 21
30 1 U 19
31 0 U -1
32 1 U 29
33 0 U -1
34 0 L 25
35 0 L 11
36 1 U 4
37 0 U 3
38 0 U 6
39 1 L 22
40 1 U 26
41 0 U 37
42 0 L -1
43 1 L 15
44 0 U 40
45 0 U 25
46 1 L 18
47
0 1 U -1
1 1 U -1
2 1 L -1
3 1 U 2
4 1 U 2
5 1 U 1
6 0 L -1
7 0 U 0
8 0 U 3
9 1 U 2
10 0 L 3
11 1 L 3
12 1 U 0
13 1 L -1
14 1 U -1
15 1 U 1
16 0 U -1
17 0 U 15
18 1 U 1
19 1 U 1
20 1 U -1
21 1 L 17
22 1 U 8
23 0 U 3
24 0 U 21
25 0 U 6
26 0 U -1
27 0 U -1
28 0 L -1
29 0 U 21
30 1 U 2
31 0 U -1
32 1 U 29
33 0 U -1
34 0 L 25
35 0 L 11
36 1 U 3
37 0 U 3
38 0 U 8
39 1 L 22
40 0 U 16
41 0 U 24
42 1 L -1
43 1 L 39
44 0 U 40
45 1 U 25
46 0 L 18
47
0 1 U -1
1 1 U -1
2 1 L -1
3 1 U 2
4 0 U 2
5 0 U 1
6 0 L -1
7 0 U 0
8 0 U 3
9 1 U 7
10 0 L 3
11 1 L 3
12 1 U 1
13 1 L -1
14 1 U -1
15 1 U 1
16 0 U -1
17 0 U 15
18 1 U 1
19 1 U 1
20 0 U -1
21 1 L 15
22 1 U 6
23 0 U 4
24 0 U 21
25 0 U 8
26 0 U -1
27 1 U -1
28 0 L -1
29 0 U 21
30 1 U 19
31 0 U -1
32 1 U 29
33 0 U -1
34 0 L 25
35 0 L 11
36 1 U 4
37 0 U 3
38 1 U 6
39 1 L 22
40 1 U 26
41 0 U 24
42 0 L -1
43 1 L 39
44 0 U 40
45 0 U 25
46 1 L 32
47
0 1 L -1
1 1 U -1
2 1 L -1
3 1 U 2
4 0 U 2
5 0 U 1
6 0 L -1
7 0 U 0
8 0 U 4
9 0 U 7
10 0 L 3
11 1 L 3
12 1 U 1
13 1 L -1
14 0 U -1
15 1 U 1
16 0 U -1
17 0 U 15
18 1 U 1
19 1 U 1
20 1 U -1
21 1 L 15
22 1 U 8
23 0 U 4
24 0 U 21
25 0 U 8
26 0 U -1
27 1 U -1
28 0 L -1
29 0 U 21
30 1 U 18
31 0 U -1
32 1 U 29
33 0 U -1
34 0 L 17
35 0 L 10
36 1 U 3
37 0 U 3
38 0 U 36
39 1 L 22
40 1 U 33
41 0 U 23
42 0 L -1
43 1 L 20
44 0 U 18
45 1 U 25
46 1 L 21
47
0 1 U -1
1 1 U -1
2 1 L -1
3 1 U 2
4 0 U 2
5 0 U 1
6 0 L -1
7 0 U 0
8 0 U 4
9 0 U 7
10 0 L 0
11 1 L 3
12 1 U 0
13 1 L -1
14 1 U -1
15 1 U 1
16 0 U -1
17 0 U 15
18 1 U 1
19 1 U 1
20 1 U -1
21 1 L 15
22 1 U 8
23 0 U 4
24 0 U 21
25 0 U 6
26 0 U -1
27 1 U -1
28 0 L -1
29 0 U 21
30 1 U 18
31 0 U -1
32 1 U 29
33 0 U -1
34 0 L 17
35 1 L 10
36 1 U 3
37 0 U 4
38 0 U 6
39 1 L 22
40 1 U 0
41 0 U 29
42 0 L -1
43 1 L 15
44 0 U 18
45 0 U 25
46 1 L 18
47
0 1 L -1
1 1 U -1
2 1 L -1
3 1 U 2
4 1 U 2
5 0 U 1
6 0 L -1
7 0 U 1
8 0 U 3
9 1 U 7
10 0 L 3
11 1 L 0
12 1 U 0
13 1 L -1
14 1 U -1
15 1 U 1
16 0 U -1
17 0 L 7
18 1 U 1
19 1 U 1
20 0 U -1
21 1 L 15
22 1 U 8
23 1 U 3
24 0 U 21
25 0 U 6
26 0 U -1
27 0 U -1
28 0 L -1
29 0 U 21
30 1 L 27
31 0 U -1
32 1 U 29
33 0 U -1
34 0 L 17
35 0 L 10
36 1 U 3
37 0 U 3
38 0 U 36
39 1 L 22
40 0 U 16
41 0 U 29
42 0 L -1
43 1 L 17
44 0 U 18
45 0 U 41
46 1 L 21
47
0 1 U -1
1 1 U -1
2 1 L -1
3 1 U 2
4 0 U 2
5 1 U 1
6 0 L -1
7 0 U 1
8 0 U 3
9 1 U 7
10 0 L 3
11 1 L 0
12 0 U 0
13 1 L -1
14 1 U -1
15 1 U 1
16 0 U -1
17 0 U 7
18 1 U 1
19 1 U 1
20 0 U -1
21 1 L 20
22 1 U 8
23 0 U 4
24 0 U 21
25 0 U 24
26 0 U -1
27 1 U -1
28 0 L -1
29 0 U 21
30 1 L 27
31 1 U -1
32 1 U 29
33 0 U -1
34 0 L 15
35 0 L 10
36 1 U 3
37 0 U 3
38 0 U 6
39 1 L 22
40 1 U 16
41 0 U 23
42 0 L -1
43 1 L 20
44 0 U 18
45 0 U 25
46 0 L 21
47
0 1 L -1
1 1 U -1
2 1 L -1
3 1 U 2
4 0 U 2
5 0 U 1
6 0 L -1
7 0 U 1
8 0 U 3
9 1 U 7
10 0 L 3
11 1 L 0
12 1 U 1
13 1 L -1
14 1 U -1
15 1 U 1
16 0 U -1
17 0 U 7
18 1 U 1
19 1 U 1
20 0 U -1
21 1 L 20
22 1 U 6
23 0 U 4
24 0 U 4
25 0 U 6
26 0 U -1
27 1 U -1
28 0 L -1
29 0 U 21
30 1 L 29
31 1 U -1
32 1 U 29
33 0 U -1
34 0 L 25
35 0 L 10
36 1 U 3
37 0 U 3
38 0 U 8
39 1 L 22
40 1 U 33
41 0 U 37
42 1 L -1
43 1 L 20
44 0 U 18
45 1 U 41
46 1 L 29
47
0 1 U -1
1 1 U -1
2 1 L -1
3 1 U 2
4 0 U 2
5 1 U 1
6 0 L -1
7 0 U 1
8 0 U 3
9 1 U 7
10 0 L 3
11 1 L 3
12 1 U 1
13 1 L -1
14 0 U -1
15 1 U 1
16 0 U -1
17 0 U 7
18 1 U 1
19 1 U 1
20 1 U -1
21 1 L 17
22 1 U 6
23 0 U 4
24 0 U 4
25 0 U 8
26 0 U -1
27 0 U -1
28 0 L -1
29 0 U 21
30 1 L 29
31 0 U -1
32 1 U 29
33 0 U -1
34 0 L 25
35 0 L 11
36 1 U 3
37 0 U 4
38 0 U 6
39 1 L 22
40 1 U 16
41 0 U 36
42 0 L -1
43 1 L 25
44 0 U 18
45 1 U 41
46 1 L 27
47
0 1 L -1
1 1 U -1
2 1 L -1
3 1 U 2
4 0 U 2
5 0 U 1
6 0 L -1
7 0 U 1
8 0 U 3
9 0 U 7
10 0 L 3
11 1 L 0
12 1 U 1
13 1 L -1
14 1 U -1
15 1 U 1
16 0 U -1
17 0 L 9
18 1 U 1
19 1 U 1
20 0 U -1
21 1 L 15
22 1 U 8
23 0 U 3
24 0 U 4
25 0 U 8
26 0 U -1
27 0 U -1
28 0 L -1
29 0 U 21
30 1 U 19
31 1 U -1
32 1 U 29
33 0 U -1
34 0 L 25
35 0 L 11
36 1 U 3
37 0 U 3
38 0 U 6
39 1 L 22
40 0 U 16
41 0 U 29
42 0 L -1
43 1 L 25
44 0 U 40
45 1 U 41
46 1 L 43
47
0 1 U -1
1 1 U -1
2 1 L -1
3 1 U 2
4 0 U 2
5 0 U 1
6 0 L -1
7 0 U 0
8 0 U 4
9 1 U 2
10 0 L 3
11 1 L 3
12 1 U 1
13 1 L -1
14 1 U -1
15 1 U 1
16 0 U -1
17 0 L 9
18 1 U 1
19 1 U 1
20 0 U -1
21 1 L 15
22 1 U 8
23 0 U 4
24 0 U 21
25 0 U 24
26 0 U -1
27 0 U -1
28 0 L -1
29 0 U 21
30 1 L 18
31 1 U -1
32 1 U 29
33 0 U -1
34 0 L 25
35 0 L 11
36 1 U 4
37 0 U 4
38 0 U 6
39 1 L 22
40 1 U 26
41 0 U 23
42 0 L -1
43 1 L 15
44 0 U 40
45 0 U 32
46 0 L 27
47
0 1 U -1
1 1 U -1
2 1 L -1
3 1 U 2
4 0 U 2
5 0 U 1
6 0 L -1
7 0 U 0
8 0 U 3
9 0 U 2
10 0 L 3
11 1 L 0
12 1 U 0
13 1 L -1
14 1 U -1
15 1 U 1
16 0 U -1
17 0 L 7
18 1 U 1
19 1 U 1
20 1 U -1
21 1 L 15
22 1 U 8
23 0 U 4
24 0 U 4
25 0 U 8
26 0 U -1
27 1 U -1
28 0 L -1
29 0 U 21
30 1 U 19
31 1 U -1
32 1 U 29
33 0 U -1
34 0 L 17
35 0 L 11
36 1 U 3
37 0 U 4
38 0 U 8
39 1 L 22
40 0 U 0
41 0 U 23
42 0 L -1
43 1 L 17
44 0 U 40
45 1 U 32
46 1 L 21
47
0 1 U -1
1 1 U -1
2 1 L -1
3 1 U 2
4 0 U 2
5 1 U 1
6 0 L -1
7 0 U 1
8 0 U 3
9 1 U 7
10 0 L 3
11 1 L 0
12 1 U 0
13 1 L -1
14 0 U -1
15 1 U 1
16 0 U -1
17 0 L 14
18 1 U 1
19 1 U 1
20 1 U -1
21 1 L 20
22 1 U 6
23 0 U 3
24 0 U 4
25 0 U 24
26 0 U -1
27 0 U -1
28 0 L -1
29 0 U 21
30 1 U 18
31 0 U -1
32 1 U 29
33 0 U -1
34 0 L 15
35 0 L 11
36 1 U 3
37 0 U 4
38 0 U 8
39 1 L 22
40 1 U 16
41 0 U 23
42 0 L -1
43 1 L 39
44 0 U 18
45 1 U 32
46 1 L 29
47
0 1 U -1
1 1 U -1
2 1 L -1
3 1 U 2
4 0 U 2
5 0 U 1
6 0 L -1
7 0 U 1
8 0 U 3
9 1 U 7
10 0 L 3
11 1 L 3
12 1 U 0
13 1 L -1
14 0 U -1
15 1 U 1
16 0 U -1
17 0 L 9
18 1 U 1
19 1 U 1
20 1 U -1
21 1 L 20
22 1 U 6
23 0 U 4
24 0 U 21
25 0 U 8
26 0 U -1
27 0 U -1
28 0 L -1
29 0 U 21
30 1 U 7
31 0 U -1
32 1 U 29
33 0 U -1
34 0 L 25
35 0 L 11
36 1 U 3
37 0 U 3
38 0 U 8
39 1 L 22
40 1 U 33
41 0 U 23
42 0 L -1
43 1 L 20
44 0 U 7
45 0 U 25
46 0 L 27
47
0 1 L -1
1 1 U -1
2 1 L -1
3 1 U 2
4 0 U 2
5 0 U 1
6 0 L -1
7 0 U 1
8 0 U 3
9 1 U 7
10 0 L 3
11 1 L 0
12 1 U 0
13 1 L -1
14 0 U -1
15 1 U 1
16 0 U -1
17 0 L 14
18 1 U 1
19 1 U 1
20 1 U -1
21 1 L 20
22 1 U 6
23 0 U 4
24 0 U 21
25 0 U 8
26 0 U -1
27 1 U -1
28 0 L -1
29 0 U 21
30 1 U 7
31 1 U -1
32 1 U 29
33 0 U -1
34 0 L 20
35 0 L 10
36 1 U 3
37 0 U 3
38 0 U 8
39 1 L 22
40 1 U 33
41 0 U 29
42 0 L -1
43 1 L 39
44 0 U 7
45 1 U 25
46 0 L 32
47
0 1 L -1
1 1 U -1
2 1 L -1
3 1 U 2
4 0 U 2
5 0 U 1
6 0 L -1
7 0 U 0
8 0 U 4
9 1 U 2
10 0 L 3
11 1 L 0
12 1 U 0
13 1 L -1
14 1 U -1
15 1 U 1
16 0 U -1
17 0 L 9
18 1 U 1
19 1 U 1
20 0 U -1
21 1 L 17
22 1 U 6
23 0 U 3
24 0 U 21
25 0 U 24
26 0 U -1
27 0 U -1
28 0 L -1
29 0 U 21
30 1 U 19
31 1 U -1
32 1 U 29
33 0 U -1
34 0 L 15
35 0 L 10
36 1 U 4
37 0 U 3
38 0 U 36
39 1 L 22
40 0 U 33
41 0 U 37
42 0 L -1
43 1 L 20
44 0 U 40
45 1 U 25
46 0 L 29
47
0 1 U -1
1 1 U -1
2 1 L -1
3 1 U 2
4 0 U 2
5 1 U 1
6 0 L -1
7 0 U 0
8 0 U 3
9 0 U 7
10 0 L 3
11 1 L 3
12 1 U 0
13 1 L -1
14 1 U -1
15 1 U 1
16 0 U -1
17 0 L 7
18 1 U 1
19 1 U 1
20 0 U -1
21 1 L 17
22 1 U 6
23 0 U 4
24 0 U 4
25 0 U 8
26 0 U -1
27 1 U -1
28 0 L -1
29 0 U 21
30 1 U 7
31 1 U -1
32 1 U 29
33 0 U -1
34 0 L 17
35 0 L 10
36 1 U 4
37 0 U 3
38 0 U 24
39 1 L 22
40 1 U 0
41 0 U 37
42 0 L -1
43 1 L 17
44 0 U 40
45 0 U 13
46 0 L 18
47
0 1 L -1
1 1 U -1
2 1 L -1
3 1 U 2
4 0 U 2
5 0 U 1
6 0 L -1
7 0 U 1
8 0 U 4
9 0 U 7
10 0 L 3
11 1 L 0
12 1 U 1
13 1 L -1
14 1 U -1
15 1 U 1
16 0 U -1
17 0 L 7
18 1 U 1
19 1 U 1
20 1 U -1
21 1 L 15
22 1 U 6
23 0 U 3
24 0 U 4
25 0 U 24
26 0 U -1
27 0 U -1
28 0 L -1
29 0 U 21
30 1 U 19
31 1 U -1
32 1 U 29
33 0 U -1
34 0 L 17
35 0 L 10
36 1 U 4
37 0 U 3
38 0 U 24
39 1 L 22
40 0 U 33
41 0 U 29
42 0 L -1
43 1 L 25
44 0 U 40
45 1 U 41
46 1 L 27
47
0 1 U -1
1 1 U -1
2 1 L -1
3 1 U 2
4 0 U 2
5 1 U 1
6 0 L -1
7 0 U 1
8 0 U 3
9 0 U 7
10 0 L 3
11 1 L 3
12 1 U 0
13 0 L -1
14 1 U -1
15 1 U 1
16 0 U -1
17 0 L 7
18 1 U 1
19 1 U 1
20 1 U -1
21 1 L 15
22 1 U 8
23 0 U 3
24 0 U 4
25 0 U 8
26 0 U -1
27 0 U -1
28 0 L -1
29 0 U 21
30 1 U 15
31 0 U -1
32 1 U 29
33 0 U -1
34 0 L 17
35 0 L 11
36 1 U 4
37 0 U 3
38 0 U 8
39 1 L 22
40 0 U 33
41 0 U 37
42 0 L 29
43 1 L 39
44 0 U 40
45 1 U 41
46 0 L 30
47
0 1 U -1
1 1 U -1
2 1 L -1
3 1 U 2
4 0 U 2
5 1 U 1
6 0 L -1
7 0 U 0
8 0 U 4
9 0 U 2
10 0 L 3
11 1 L 0
12 1 U 1
13 1 L -1
14 1 U -1
15 1 U 1
16 0 U -1
17 0 U 15
18 1 U 1
19 1 U 1
20 0 U -1
21 1 L 15
22 1 U 8
23 0 U 4
24 0 U 21
25 0 U 8
26 0 U -1
27 1 U -1
28 0 L -1
29 0 U 21
30 1 U 19
31 0 U -1
32 1 U 29
33 0 U -1
34 0 L 15
35 0 L 11
36 1 U 4
37 0 U 3
38 0 U 36
39 1 L 22
40 1 U 1
41 0 U 37
42 1 L 27
43 1 L 20
44 0 U 40
45 1 U 41
46 0 L -1
47
0 1 U -1
1 1 U -1
2 1 L -1
3 1 U 2
4 0 U 2
5 0 U 1
6 0 L -1
7 0 U 0
8 0 U 4
9 0 U 7
10 0 L 3
11 1 L 0
12 1 U 1
13 1 L -1
14 1 U -1
15 1 U 1
16 0 U -1
17 0 U 15
18 1 U 1
19 1 U 1
20 1 U -1
21 1 L 17
22 1 U 8
23 0 U 4
24 0 U 21
25 0 U 8
26 0 U -1
27 1 U -1
28 0 L -1
29 0 U 21
30 1 U 15
31 1 U -1
32 1 U 29
33 0 U -1
34 0 L 17
35 1 L 23
36 1 U 4
37 0 U 3
38 0 U 6
39 1 L 22
40 1 U 0
41 0 U 37
42 1 L 18
43 1 L 39
44 0 U 18
45 1 U 41
46 0 L 42
47
0 1 U -1
1 1 U -1
2 1 L -1
3 1 U 2
4 0 U 2
5 0 U 1
6 0 L -1
7 0 U 1
8 0 U 4
9 1 U 7
10 0 L 0
11 1 L 3
12 1 U 1
13 0 L -1
14 0 U -1
15 1 U 0
16 0 U -1
17 0 L 7
18 1 U 1
19 1 U 1
20 1 U -1
21 1 L 17
22 1 U 8
23 0 U 3
24 0 U 21
25 0 U 8
26 0 U -1
27 1 U -1
28 0 L -1
29 0 U 21
30 1 L 18
31 0 U -1
32 1 U 29
33 0 U -1
34 0 L 25
35 1 L 23
36 1 U 3
37 0 U 3
38 0 U 6
39 1 L 22
40 0 U 16
41 0 U 37
42 0 L 18
43 1 L 15
44 0 U 18
45 1 U 41
46 0 L 36
47
0 1 U -1
1 1 U -1
2 1 L -1
3 1 U 2
4 0 U 2
5 0 U 1
6 0 L -1
7 0 U 1
8 0 U 4
9 0 U 7
10 0 L 0
11 1 L 0
12 1 U 1
13 1 L -1
14 1 U -1
15 1 U 1
16 0 U -1
17 0 L 9
18 1 U 1
19 1 U 1
20 1 U -1
21 1 L 15
22 1 U 8
23 1 U 3
24 0 U 21
25 0 U 8
26 0 U -1
27 0 U -1
28 0 L -1
29 0 U 21
30 1 L 21
31 0 U -1
32 1 U 29
33 0 U -1
34 0 L 17
35 0 L 10
36 1 U 3
37 0 U 4
38 0 U 6
39 1 L 22
40 1 U 16
41 1 U 37
42 0 L 18
43 1 L 15
44 0 U 40
45 1 U 41
46 1 L 19
47
0 1 L -1
1 1 U -1
2 1 L -1
3 1 U 2
4 0 U 2
5 0 U 1
6 0 L -1
7 0 U 1
8 0 U 3
9 0 U 7
10 0 L 3
11 1 L 3
12 1 U 0
13 0 L -1
14 0 U -1
15 1 U 0
16 0 U -1
17 0 U 7
18 1 U 1
19 1 U 1
20 0 U -1
21 1 L 20
22 1 U 8
23 1 U 3
24 0 U 21
25 0 U 8
26 0 U -1
27 1 U -1
28 0 L -1
29 0 U 21
30 1 L 21
31 0 U -1
32 1 U 29
33 0 U -1
34 0 L 15
35 0 L 11
36 1 U 3
37 0 U 3
38 1 U 8
39 1 L 22
40 1 U 1
41 0 U 37
42 1 L 32
43 1 L 39
44 0 U 40
45 1 U 41
46 0 L 19
47
0 1 L -1
1 1 U -1
2 1 L -1
3 1 U 2
4 0 U 2
5 1 U 1
6 0 L -1
7 0 U 1
8 0 U 3
9 0 U 7
10 0 L 0
11 1 L 3
12 1 U 1
13 0 L -1
14 1 U -1
15 1 U 0
16 0 U -1
17 0 L 9
18 1 U 1
19 1 U 1
20 0 U -1
21 1 L 15
22 1 U 8
23 0 U 21
24 0 U 4
25 0 U 24
26 0 U -1
27 1 U -1
28 0 L -1
29 0 U 21
30 1 L 21
31 0 U -1
32 1 U 29
33 0 U -1
34 0 L 15
35 0 L 14
36 1 U 4
37 0 U 3
38 0 U 24
39 1 L 22
40 0 U 33
41 0 U 37
42 1 L 18
43 1 L 25
44 0 U 18
45 1 U 41
46 0 L 38
47
0 1 U -1
1 1 U -1
2 1 L -1
3 1 U 2
4 0 U 2
5 0 U 1
6 0 L -1
7 0 U 0
8 0 U 3
9 0 U 7
10 0 L 0
11 1 L 0
12 1 U 1
13 1 L -1
14 1 U -1
15 1 U 0
16 0 U -1
17 0 L 9
18 1 U 1
19 1 U 1
20 1 U -1
21 1 L 17
22 1 U 8
23 0 U 21
24 0 U 21
25 0 U 8
26 0 U -1
27 1 U -1
28 0 L -1
29 0 U 21
30 1 L 21
31 0 U -1
32 1 U 29
33 0 U -1
34 0 L 17
35 0 L 11
36 1 U 3
37 0 U 4
38 0 U 6
39 1 L 22
40 1 U 0
41 1 U 37
42 1 L 21
43 1 L 25
44 0 U 18
45 0 U 6
46 0 U 38
47
0 1 L -1
1 1 U -1
2 1 L -1
3 1 U 2
4 0 U 2
5 0 U 1
6 0 L -1
7 0 U 1
8 0 U 4
9 0 U 7
10 0 L 3
11 1 L 0
12 1 U 0
13 0 L -1
14 0 U -1
15 1 U 1
16 0 U -1
17 0 U 7
18 1 U 1
19 1 U 1
20 1 U -1
21 1 L 17
22 1 U 8
23 0 U 4
24 0 U 21
25 1 U 8
26 0 U -1
27 0 U -1
28 0 L -1
29 0 U 21
30 1 U 15
31 0 U -1
32 0 U 29
33 0 U -1
34 1 L 17
35 0 L 11
36 1 U 3
37 0 U 4
38 0 U 6
39 1 L 22
40 1 U 0
41 1 U 37
42 1 L 36
43 1 L 26
44 0 U 18
45 1 U 41
46 1 U 10
47
0 1 U -1
1 1 U -1
2 1 L -1
3 1 U 2
4 0 U 2
5 1 U 1
6 0 L -1
7 0 U 0
8 0 U 4
9 1 U 7
10 0 L 3
11 1 L 3
12 1 U 0
13 1 L -1
14 0 U -1
15 1 U 1
16 0 U -1
17 0 L 7
18 1 U 1
19 1 U 1
20 1 U -1
21 1 L 17
22 1 U 8
23 0 U 4
24 0 U 21
25 0 U 6
26 0 U -1
27 0 U -1
28 0 L -1
29 0 U 21
30 1 L 21
31 0 U -1
32 0 U 24
33 0 U -1
34 1 L 20
35 1 L 23
36 1 U 3
37 0 U 4
38 1 U 6
39 1 L 22
40 1 U 16
41 1 U 37
42 1 L -1
43 1 L 26
44 0 U 18
45 1 U 41
46 0 U 45
47
0 1 L -1
1 1 U -1
2 1 L -1
3 1 U 2
4 0 U 2
5 0 U 1
6 1 L -1
7 0 U 0
8 0 U 4
9 1 U 7
10 0 L 3
11 1 L 0
12 0 U 0
13 1 L -1
14 1 U -1
15 1 U 1
16 0 U -1
17 0 L 7
18 1 U 1
19 1 U 1
20 1 U -1
21 1 L 17
22 1 U 6
23 1 U 4
24 0 U 21
25 0 U 24
26 0 U -1
27 1 U -1
28 0 L -1
29 1 U 21
30 1 L 21
31 1 U -1
32 0 U 29
33 0 U -1
34 0 L 24
35 0 L 10
36 0 U 30
37 0 U 4
38 0 U 6
39 1 L 22
40 0 U 16
41 1 U 37
42 1 L -1
43 1 L 18
44 0 U 18
45 1 U 41
46 1 U 32
47
0 1 U -1
1 1 U -1
2 1 L -1
3 1 U 2
4 0 U 2
5 0 U 1
6 1 L -1
7 0 U 1
8 0 U 4
9 1 U 7
10 0 L 3
11 1 L 3
12 1 U 0
13 1 L -1
14 1 U -1
15 1 U 1
16 0 U -1
17 0 U 7
18 1 U 1
19 1 U 1
20 0 U -1
21 1 L 17
22 1 U 8
23 0 U 21
24 0 U 21
25 0 U 6
26 0 U -1
27 1 U -1
28 0 L -1
29 1 U 21
30 1 L 21
31 1 U -1
32 0 U 29
33 0 U -1
34 0 L 25
35 0 L 10
36 1 U 30
37 0 U 3
38 0 U 6
39 1 L 22
40 1 U 16
41 1 U 37
42 0 L -1
43 1 U 32
44 0 U 18
45 1 U 41
46 1 U 38
47
0 1 L -1
1 1 U -1
2 1 L -1
3 1 U 2
4 0 U 2
5 0 U 1
6 1 L -1
7 0 U 1
8 0 U 4
9 1 U 7
10 0 L 3
11 1 L 0
12 0 U 0
13 1 L -1
14 1 U -1
15 1 U 1
16 0 U -1
17 0 L 9
18 1 U 1
19 1 U 1
20 0 U -1
21 1 L 20
22 1 U 8
23 0 U 3
24 0 U 21
25 0 U 24
26 0 U -1
27 1 U -1
28 0 L -1
29 1 U 21
30 1 L 21
31 0 U -1
32 0 U 29
33 0 U -1
34 0 L 24
35 0 L 10
36 0 U 4
37 0 U 3
38 0 U 8
39 1 L 22
40 0 U 0
41 1 U 37
42 0 L -1
43 1 U 38
44 0 U 40
45 0 U 41
46 1 U 22
47
0 1 L -1
1 1 U -1
2 1 L -1
3 1 U 2
4 0 U 2
5 0 U 1
6 1 L -1
7 0 U 0
8 0 U 4
9 0 U 7
10 0 L 3
11 1 L 0
12 1 U 0
13 1 L -1
14 1 U -1
15 1 U 1
16 0 U -1
17 0 L 7
18 1 U 1
19 1 U 1
20 1 U -1
21 1 L 17
22 1 U 8
23 0 U 3
24 0 U 21
25 0 U 24
26 0 U -1
27 1 U -1
28 0 L -1
29 1 U 21
30 1 L 21
31 0 U -1
32 0 U 29
33 0 U -1
34 0 L 17
35 0 L 10
36 1 U 4
37 0 U 4
38 1 U 29
39 1 L 22
40 0 U 16
41 1 U 37
42 1 L -1
43 1 L 34
44 0 U 40
45 0 U 41
46 0 U 22
47
0 1 L -1
1 1 U -1
2 1 L -1
3 1 U 2
4 0 U 2
5 0 U 1
6 1 L -1
7 0 U 1
8 0 U 4
9 1 U 7
10 0 L 3
11 1 L 0
12 1 U 1
13 1 L -1
14 1 U -1
15 1 U 1
16 0 U -1
17 0 L 9
18 1 U 1
19 1 U 1
20 0 U -1
21 1 L 17
22 1 U 8
23 0 U 4
24 0 U 21
25 0 U 6
26 0 U -1
27 1 U -1
28 0 L -1
29 1 U 21
30 1 L 21
31 0 U -1
32 0 U 29
33 0 U -1
34 0 L 15
35 0 L 10
36 1 U 30
37 0 U 4
38 0 U 29
39 1 L 22
40 0 U 16
41 1 U 37
42 1 L -1
43 1 L 34
44 0 U 40
45 0 U 29
46 0 U 22
47
0 1 L -1
1 1 U -1
2 1 L -1
3 1 U 2
4 0 U 2
5 0 U 1
6 1 L -1
7 0 U 0
8 0 U 4
9 1 U 7
10 0 L 3
11 1 L 0
12 1 U 1
13 1 L -1
14 1 U -1
15 1 U 1
16 0 U -1
17 0 L 9
18 1 U 1
19 1 U 1
20 0 U -1
21 1 L 17
22 1 U 8
23 1 U 21
24 0 U 21
25 0 U 6
26 0 U -1
27 1 U -1
28 0 L -1
29 1 U 21
30 1 L 21
31 0 U -1
32 0 U 29
33 0 U -1
34 0 L 25
35 0 L 10
36 0 U 4
37 0 U 4
38 0 U 29
39 1 L 22
40 0 U 16
41 1 U 37
42 1 L -1
43 1 L 21
44 0 U 18
45 1 U 29
46 0 U 10
47
0 1 U -1
1 1 U -1
2 1 L -1
3 1 U 2
4 0 U 2
5 0 U 1
6 1 L -1
7 0 U 0
8 0 U 4
9 1 U 2
10 0 L 3
11 1 L 3
12 1 U 0
13 1 L -1
14 1 U -1
15 1 U 1
16 0 U -1
17 0 L 9
18 1 U 1
19 1 U 1
20 0 U -1
21 1 L 17
22 1 U 6
23 1 U 3
24 0 U 21
25 0 U 6
26 0 U -1
27 1 U -1
28 0 L -1
29 1 U 21
30 1 L 21
31 0 U -1
32 0 U 29
33 0 U -1
34 0 L 20
35 0 L 11
36 1 U 4
37 0 U 4
38 0 U 29
39 1 L 22
40 0 U 33
41 1 U 37
42 1 L -1
43 1 L 34
44 0 U 40
45 1 U 29
46 0 U 32
47
0 1 L -1
1 1 U -1
2 1 L -1
3 1 U 2
4 0 U 2
5 0 U 1
6 1 L -1
7 0 U 1
8 0 U 4
9 1 U 7
10 0 L 3
11 1 L 3
12 1 U 0
13 1 L -1
14 1 U -1
15 1 U 1
16 0 U -1
17 0 L 9
18 1 U 1
19 1 U 1
20 1 U -1
21 1 L 17
22 1 U 6
23 1 U 4
24 0 U 21
25 0 U 6
26 0 U -1
27 0 U -1
28 0 L -1
29 1 U 21
30 1 L 21
31 1 U -1
32 0 U 29
33 0 U -1
34 0 L 24
35 0 L 10
36 0 U 3
37 0 U 4
38 0 U 29
39 1 L 22
40 0 U 16
41 1 U 37
42 1 L -1
43 1 L 34
44 0 U 40
45 1 U 29
46 0 U 32
47
0 1 L -1
1 1 U -1
2 1 L -1
3 1 U 2
4 0 U 2
5 0 U 1
6 1 L -1
7 0 U 0
8 0 U 4
9 1 U 7
10 0 L 3
11 1 L 0
12 1 U 0
13 1 L -1
14 1 U -1
15 1 U 1
16 0 U -1
17 0 L 9
18 1 U 1
19 1 U 1
20 1 U -1
21 1 L 17
22 1 U 8
23 0 U 21
24 0 U 21
25 0 U 24
26 0 U -1
27 0 U -1
28 0 L -1
29 1 U 21
30 1 L 21
31 1 U -1
32 0 U 29
33 0 U -1
34 0 L 24
35 0 L 10
36 0 U 3
37 0 U 4
38 0 U 29
39 1 L 22
40 0 U 0
41 1 U 37
42 1 L -1
43 1 L 21
44 0 U 40
45 1 U 29
46 1 U 38
47
0 1 U -1
1 1 U -1
2 1 L -1
3 1 U 2
4 0 U 2
5 0 U 1
6 1 L -1
7 0 U 0
8 0 U 4
9 1 U 2
10 0 L 3
11 1 L 0
12 1 U 1
13 1 L -1
14 1 U -1
15 1 U 1
16 0 U -1
17 0 L 9
18 1 U 1
19 1 U 1
20 0 U -1
21 1 L 17
22 1 U 8
23 0 U 3
24 0 U 21
25 0 U 24
26 0 U -1
27 1 U -1
28 0 L -1
29 1 U 21
30 1 L 21
31 0 U -1
32 0 U 29
33 0 U -1
34 0 L 25
35 0 L 11
36 0 U 3
37 0 U 4
38 0 U 29
39 1 L 22
40 0 U 0
41 1 U 37
42 0 L -1
43 1 L 21
44 0 U 40
45 0 U 29
46 0 U 22
47
0 1 U -1
1 1 U -1
2 1 L -1
3 1 U 2
4 0 U 2
5 0 U 1
6 1 L -1
7 0 U 0
8 0 U 4
9 1 U 2
10 0 L 3
11 1 L 0
12 1 U 1
13 1 L -1
14 1 U -1
15 1 U 1
16 0 U -1
17 0 L 9
18 1 U 1
19 1 U 1
20 0 U -1
21 1 L 20
22 1 U 6
23 0 U 4
24 0 U 21
25 0 U 6
26 0 U -1
27 1 U -1
28 0 L -1
29 1 U 21
30 1 L 21
31 0 U -1
32 0 U 29
33 0 U -1
34 0 L 24
35 0 L 10
36 0 U 4
37 0 U 4
38 0 U 29
39 1 L 22
40 0 U 16
41 1 U 37
42 0 L -1
43 1 L 21
44 0 U 40
45 1 U 29
46 1 U 38
47
0 1 U -1
1 1 U -1
2 1 L -1
3 1 U 2
4 0 U 2
5 0 U 1
6 1 L -1
7 0 U 1
8 0 U 4
9 1 U 7
10 0 L 3
11 1 L 3
12 1 U 1
13 1 L -1
14 1 U -1
15 1 U 1
16 0 U -1
17 0 L 9
18 1 U 1
19 1 U 1
20 1 U -1
21 1 L 17
22 1 U 8
23 0 U 21
24 0 U 21
25 0 U 6
26 0 U -1
27 0 U -1
28 0 L -1
29 1 U 21
30 1 L 21
31 0 U -1
32 0 U 29
33 0 U -1
34 0 L 25
35 0 L 10
36 1 U 30
37 0 U 4
38 0 U 29
39 1 L 22
40 0 U 0
41 1 U 37
42 0 L -1
43 1 L 21
44 0 U 40
45 0 U 41
46 0 U 45
47
0 1 L -1
1 1 U -1
2 1 L -1
3 1 U 2
4 0 U 2
5 0 U 1
6 1 L -1
7 0 U 1
8 0 U 4
9 1 U 7
10 0 L 3
11 1 L 3
12 1 U 1
13 1 L -1
14 1 U -1
15 1 U 1
16 0 U -1
17 0 L 9
18 1 U 1
19 1 U 1
20 1 U -1
21 1 L 17
22 1 U 8
23 1 U 4
24 0 U 21
25 0 U 24
26 0 U -1
27 0 U -1
28 0 L -1
29 1 U 21
30 1 L 21
31 0 U -1
32 0 U 29
33 0 U -1
34 0 L 25
35 0 L 11
36 0 U 3
37 0 U 4
38 0 U 29
39 1 L 22
40 0 U 33
41 1 U 37
42 1 L -1
43 1 L 21
44 0 U 40
45 1 U 41
46 0 U 45
47
0 1 L -1
1 1 U -1
2 1 L -1
3 1 U 2
4 0 U 2
5 0 U 1
6 1 L -1
7 0 U 1
8 0 U 4
9 1 U 7
10 0 L 3
11 1 L 3
12 1 U 1
13 1 L -1
14 1 U -1
15 1 U 1
16 0 U -1
17 0 L 9
18 1 U 1
19 1 U 1
20 1 U -1
21 1 L 17
22 1 U 6
23 0 U 21
24 0 U 21
25 0 U 24
26 0 U -1
27 0 U -1
28 0 L -1
29 1 U 21
30 1 L 21
31 0 U -1
32 0 U 29
33 0 U -1
34 0 L 25
35 0 L 11
36 0 U 4
37 0 U 4
38 0 U 29
39 1 L 22
40 0 U 0
41 1 U 37
42 0 L -1
43 1 L 34
44 0 U 40
45 1 U 41
46 1 U 10
47
0 1 U -1
1 1 U -1
2 1 L -1
3 1 U 2
4 0 U 2
5 0 U 1
6 1 L -1
7 0 U 0
8 0 U 4
9 1 U 7
10 0 L 0
11 1 L 0
12 1 U 0
13 1 L -1
14 1 U -1
15 1 U 1
16 0 U -1
17 0 L 9
18 1 U 1
19 1 U 1
20 1 U -1
21 1 L 17
22 1 U 6
23 0 U 4
24 0 U 21
25 0 U 6
26 0 U -1
27 1 U -1
28 0 L -1
29 1 U 21
30 1 L 21
31 0 U -1
32 0 U 29
33 0 U -1
34 0 L 25
35 0 L 14
36 1 U 30
37 0 U 4
38 0 U 29
39 1 L 22
40 0 U 0
41 1 U 37
42 0 L -1
43 1 L 21
44 0 U 40
45 0 U 41
46 0 U 22
47
0 1 L -1
1 1 U -1
2 1 L -1
3 1 U 2
4 0 U 2
5 0 U 1
6 1 L -1
7 0 U 0
8 0 U 4
9 1 U 2
10 0 L 0
11 1 L 3
12 1 U 1
13 1 L -1
14 1 U -1
15 1 U 1
16 0 U -1
17 0 L 9
18 1 U 1
19 1 U 1
20 0 U -1
21 1 L 20
22 1 U 8
23 1 U 4
24 0 U 21
25 0 U 24
26 0 U -1
27 1 U -1
28 0 L -1
29 1 U 21
30 1 L 21
31 0 U -1
32 0 U 29
33 0 U -1
34 0 L 24
35 0 L 10
36 1 U 4
37 0 U 4
38 0 U 29
39 1 L 22
40 0 U 16
41 1 U 37
42 1 L -1
43 1 L 21
44 0 U 40
45 0 U 41
46 0 U 38
47
0 1 U -1
1 1 U -1
2 1 L -1
3 1 U 2
4 0 U 2
5 0 U 1
6 1 L -1
7 0 U 0
8 0 U 4
9 1 U 7
10 0 L 0
11 1 L 0
12 1 U 0
13 1 L -1
14 1 U -1
15 1 U 1
16 0 U -1
17 0 L 9
18 1 U 1
19 1 U 1
20 1 U -1
21 1 L 17
22 1 U 8
23 0 U 4
24 0 U 21
25 0 U 6
26 0 U -1
27 0 U -1
28 0 L -1
29 1 U 21
30 1 L 21
31 1 U -1
32 0 U 29
33 0 U -1
34 0 L 24
35 0 L 10
36 1 U 3
37 0 U 4
38 0 U 29
39 1 L 22
40 0 U 0
41 1 U 37
42 0 L -1
43 1 L 32
44 0 U 40
45 0 U 41
46 1 U 32
47
0 1 L -1
1 1 U -1
2 1 L -1
3 1 U 2
4 0 U 2
5 0 U 1
6 1 L -1
7 0 U 0
8 0 U 4
9 1 U 2
10 0 L 3
11 1 L 3
12 1 U 0
13 1 L -1
14 1 U -1
15 1 U 1
16 0 U -1
17 0 L 9
18 1 U 1
19 1 U 1
20 1 U -1
21 1 L 17
22 1 U 8
23 0 U 21
24 0 U 21
25 0 U 6
26 0 U -1
27 0 U -1
28 0 L -1
29 1 U 21
30 1 L 21
31 0 U -1
32 0 U 29
33 0 U -1
34 0 L 24
35 0 L 11
36 1 U 4
37 0 U 4
38 0 U 29
39 1 L 22
40 0 U 33
41 1 U 37
42 0 L -1
43 1 L 21
44 0 U 40
45 1 U 41
46 0 U 32
47
0 1 U -1
1 1 U -1
2 1 L -1
3 1 U 2
4 0 U 2
5 0 U 1
6 1 L -1
7 0 U 0
8 0 U 4
9 1 U 2
10 0 L 3
11 1 L 3
12 1 U 0
13 1 L -1
14 1 U -1
15 1 U 1
16 0 U -1
17 0 L 9
18 1 U 1
19 1 U 1
20 1 U -1
21 1 L 17
22 1 U 6
23 0 U 4
24 0 U 21
25 0 U 24
26 0 U -1
27 1 U -1
28 0 L -1
29 1 U 21
30 1 L 21
31 0 U -1
32 0 U 29
33 0 U -1
34 0 L 24
35 0 L 11
36 0 U 3
37 0 U 4
38 0 U 29
39 1 L 22
40 0 U 33
41 1 U 37
42 0 L -1
43 1 L 34
44 0 U 40
45 1 U 41
46 0 U 45
47
0 1 U -1
1 1 U -1
2 1 L -1
3 1 U 2
4 0 U 2
5 0 U 1
6 1 L -1
7 0 U 0
8 0 U 4
9 1 U 7
10 0 L 3
11 1 L 3
12 1 U 0
13 1 L -1
14 1 U -1
15 1 U 1
16 0 U -1
17 0 L 9
18 1 U 1
19 1 U 1
20 1 U -1
21 1 L 17
22 1 U 8
23 1 U 3
24 0 U 21
25 0 U 24
26 0 U -1
27 0 U -1
28 0 L -1
29 1 U 21
30 1 L 21
31 0 U -1
32 0 U 29
33 0 U -1
34 0 L 24
35 0 L 10
36 1 U 3
37 0 U 4
38 0 U 29
39 1 L 22
40 0 U 33
41 1 U 37
42 0 L -1
43 1 L 21
44 0 U 40
45 1 U 29
46 0 U 32
47
0 1 L -1
1 1 U -1
2 1 L -1
3 1 U 2
4 0 U 2
5 0 U 1
6 1 L -1
7 0 U 0
8 0 U 4
9 1 U 2
10 0 L 3
11 1 L 0
12 1 U 0
13 1 L -1
14 1 U -1
15 1 U 1
16 0 U -1
17 0 L 9
18 1 U 1
19 1 U 1
20 1 U -1
21 1 L 17
22 1 U 8
23 1 U 3
24 0 U 21
25 0 U 24
26 0 U -1
27 1 U -1
28 0 L -1
29 1 U 21
30 1 L 21
31 1 U -1
32 0 U 29
33 0 U -1
34 0 L 24
35 0 L 10
36 1 U 30
37 0 U 4
38 0 U 29
39 1 L 22
40 0 U 33
41 1 U 37
42 1 L -1
43 1 L 34
44 0 U 40
45 0 U 29
46 1 U 38
47
0 1 U -1
1 1 U -1
2 1 L -1
3 1 U 2
4 0 U 2
5 0 U 1
6 1 L -1
7 0 U 0
8 0 U 4
9 1 U 7
10 0 L 3
11 1 L 0
12 1 U 0
13 1 L -1
14 1 U -1
15 1 U 1
16 0 U -1
17 0 L 9
18 1 U 1
19 1 U 1
20 1 U -1
21 1 L 17
22 1 U 6
23 0 U 3
24 0 U 21
25 0 U 24
26 0 U -1
27 0 U -1
28 0 L -1
29 1 U 21
30 1 L 21
31 1 U -1
32 0 U 29
33 0 U -1
34 0 L 24
35 0 L 10
36 1 U 4
37 0 U 4
38 0 U 29
39 1 L 22
40 0 U 16
41 1 U 37
42 1 L -1
43 1 L 21
44 0 U 40
45 1 U 41
46 0 U 45
47
0 1 U -1
1 1 U -1
2 1 L -1
3 1 U 2
4 0 U 2
5 0 U 1
6 1 L -1
7 0 U 0
8 0 U 4
9 1 U 2
10 0 L 3
11 1 L 3
12 1 U 0
13 1 L -1
14 1 U -1
15 1 U 1
16 0 U -1
17 0 L 9
18 1 U 1
19 1 U 1
20 1 U -1
21 1 L 17
22 1 U 6
23 1 U 3
24 0 U 21
25 0 U 6
26 0 U -1
27 1 U -1
28 0 L -1
29 1 U 21
30 1 L 21
31 1 U -1
32 0 U 29
33 0 U -1
34 0 L 24
35 0 L 10
36 1 U 3
37 0 U 4
38 0 U 29
39 1 L 22
40 0 U 33
41 1 U 37
42 1 L -1
43 1 L 27
44 0 U 40
45 0 U 41
46 1 U 45
47
0 1 U -1
1 1 U -1
2 1 L -1
3 1 U 2
4 0 U 2
5 0 U 1
6 1 L -1
7 0 U 0
8 0 U 4
9 1 U 2
10 0 L 3
11 1 L 3
12 1 U 0
13 1 L -1
14 1 U -1
15 1 U 1
16 0 U -1
17 0 L 9
18 1 U 1
19 1 U 1
20 1 U -1
21 1 L 17
22 1 U 8
23 1 U 4
24 0 U 21
25 0 U 6
26 0 U -1
27 1 U -1
28 0 L -1
29 1 U 21
30 1 L 21
31 0 U -1
32 0 U 29
33 0 U -1
34 0 L 25
35 0 L 11
36 0 U 3
37 0 U 4
38 0 U 29
39 1 L 22
40 0 U 0
41 1 U 37
42 0 L -1
43 1 L 34
44 0 U 40
45 1 U 41
46 0 U 32
47
0 1 U -1
1 1 U -1
2 1 L -1
3 1 U 2
4 0 U 2
5 0 U 1
6 1 L -1
7 0 U 0
8 0 U 4
9 1 U 7
10 0 L 3
11 1 L 3
12 1 U 1
13 1 L -1
14 1 U -1
15 1 U 1
16 0 U -1
17 0 L 9
18 1 U 1
19 1 U 1
20 0 U -1
21 1 L 20
22 1 U 8
23 0 U 3
24 0 U 21
25 0 U 24
26 0 U -1
27 1 U -1
28 0 L -1
29 1 U 21
30 1 L 21
31 0 U -1
32 0 U 29
33 0 U -1
34 0 L 20
35 0 L 11
36 1 U 3
37 0 U 4
38 0 U 29
39 1 L 22
40 0 U 0
41 1 U 37
42 0 L -1
43 1 L 34
44 0 U 40
45 1 U 41
46 0 U 28
47
0 1 L -1
1 1 U -1
2 1 L -1
3 1 U 2
4 0 U 2
5 0 U 1
6 1 L -1
7 0 U 0
8 0 U 4
9 1 U 7
10 0 L 3
11 1 L 3
12 1 U 1
13 1 L -1
14 1 U -1
15 1 U 1
16 0 U -1
17 0 L 9
18 1 U 1
19 1 U 1
20 0 U -1
21 1 L 20
22 1 U 6
23 1 U 4
24 0 U 21
25 0 U 6
26 0 U -1
27 1 U -1
28 0 L -1
29 1 U 21
30 1 L 21
31 0 U -1
32 0 U 29
33 0 U -1
34 0 L 20
35 0 L 10
36 1 U 30
37 0 U 4
38 0 U 29
39 1 L 22
40 0 U 0
41 1 U 37
42 1 L -1
43 1 L 34
44 0 U 40
45 1 U 41
46 0 U 28
47
0 1 L -1
1 1 U -1
2 1 L -1
3 1 U 2
4 0 U 2
5 0 U 1
6 1 L -1
7 0 U 0
8 0 U 4
9 1 U 7
10 0 L 3
11 1 L 0
12 1 U 1
13 1 L -1
14 1 U -1
15 1 U 1
16 0 U -1
17 0 L 9
18 1 U 1
19 1 U 1
20 0 U -1
21 1 L 17
22 1 U 6
23 0 U 21
24 0 U 21
25 0 U 24
26 0 U -1
27 1 U -1
28 0 L -1
29 1 U 21
30 1 L 21
31 0 U -1
32 0 U 29
33 0 U -1
34 0 L 20
35 0 L 10
36 1 U 4
37 0 U 4
38 0 U 29
39 1 L 22
40 0 U 0
41 1 U 37
42 1 L -1
43 1 L 32
44 0 U 40
45 1 U 29
46 1 U 45
47
0 1 L -1
1 1 U -1
2 1 L -1
3 1 U 2
4 0 U 2
5 0 U 1
6 1 L -1
7 0 U 0
8 0 U 4
9 1 U 7
10 0 L 3
11 1 L 0
12 1 U 1
13 1 L -1
14 1 U -1
15 1 U 1
16 0 U -1
17 0 L 9
18 1 U 1
19 1 U 1
20 1 U -1
21 1 L 17
22 1 U 6
23 0 U 21
24 0 U 21
25 0 U 6
26 0 U -1
27 0 U -1
28 0 L -1
29 1 U 21
30 1 L 21
31 1 U -1
32 0 U 29
33 0 U -1
34 0 L 24
35 0 L 10
36 0 U 4
37 0 U 4
38 0 U 29
39 1 L 22
40 0 U 0
41 1 U 37
42 1 L -1
43 1 L 34
44 0 U 40
45 0 U 29
46 1 U 22
47
0 1 U -1
1 1 U -1
2 1 L -1
3 1 U 2
4 0 U 2
5 0 U 1
6 1 L -1
7 0 U 0
8 0 U 4
9 1 U 7
10 0 L 3
11 1 L 0
12 1 U 0
13 1 L -1
14 1 U -1
15 1 U 1
16 0 U -1
17 0 L 9
18 1 U 1
19 1 U 1
20 0 U -1
21 1 L 20
22 1 U 8
23 0 U 3
24 0 U 21
25 0 U 24
26 0 U -1
27 1 U -1
28 0 L -1
29 1 U 21
30 1 L 21
31 0 U -1
32 0 U 29
33 0 U -1
34 0 L 24
35 0 L 11
36 0 U 3
37 0 U 4
38 0 U 29
39 1 L 22
40 0 U 33
41 1 U 37
42 1 L -1
43 1 L 34
44 0 U 18
45 0 U 29
46 1 U 45
47
0 1 U -1
1 1 U -1
2 1 L -1
3 1 U 2
4 0 U 2
5 0 U 1
6 1 L -1
7 0 U 1
8 0 U 4
9 1 U 7
10 0 L 3
11 1 L 0
12 1 U 0
13 1 L -1
14 1 U -1
15 1 U 1
16 0 U -1
17 0 L 9
18 1 U 1
19 1 U 1
20 1 U -1
21 1 L 17
22 1 U 8
23 0 U 21
24 0 U 21
25 0 U 6
26 0 U -1
27 0 U -1
28 0 L -1
29 1 U 21
30 1 L 21
31 1 U -1
32 0 U 29
33 0 U -1
34 0 L 24
35 0 L 10
36 1 U 4
37 0 U 4
38 0 U 29
39 1 L 22
40 0 U 33
41 1 U 37
42 0 L -1
43 1 L 21
44 0 U 40
45 1 U 29
46 1 U 10
47
0 1 U -1
1 1 U -1
2 1 L -1
3 1 U 2
4 0 U 2
5 0 U 1
6 1 L -1
7 0 U 0
8 0 U 4
9 1 U 2
10 0 L 3
11 1 L 0
12 1 U 1
13 1 L -1
14 1 U -1
15 1 U 1
16 0 U -1
17 0 L 9
18 1 U 1
19 1 U 1
20 0 U -1
21 1 L 17
22 1 U 8
23 0 U 3
24 0 U 21
25 0 U 24
26 0 U -1
27 1 U -1
28 0 L -1
29 1 U 21
30 1 L 21
31 0 U -1
32 0 U 29
33 0 U -1
34 0 L 24
35 0 L 10
36 1 U 4
37 0 U 4
38 0 U 29
39 1 L 22
40 0 U 33
41 1 U 37
42 1 L -1
43 1 L 32
44 0 U 18
45 1 U 29
46 0 U 10
47
0 1 L -1
1 1 U -1
2 1 L -1
3 1 U 2
4 0 U 2
5 0 U 1
6 1 L -1
7 0 U 0
8 0 U 4
9 1 U 2
10 0 L 3
11 1 L 0
12 1 U 1
13 1 L -1
14 1 U -1
15 1 U 1
16 0 U -1
17 0 L 9
18 1 U 1
19 1 U 1
20 1 U -1
21 1 L 17
22 1 U 8
23 0 U 4
24 0 U 21
25 0 U 6
26 0 U -1
27 0 U -1
28 0 L -1
29 1 U 21
30 1 L 21
31 0 U -1
32 0 U 29
33 0 U -1
34 0 L 25
35 0 L 10
36 0 U 3
37 0 U 4
38 0 U 29
39 1 L 22
40 0 U 16
41 1 U 37
42 1 L -1
43 1 L 34
44 0 U 18
45 1 U 41
46 0 U 10
47
0 1 U -1
1 1 U -1
2 1 L -1
3 1 U 2
4 0 U 2
5 0 U 1
6 1 L -1
7 0 U 0
8 0 U 4
9 1 U 2
10 0 L 3
11 1 L 3
12 1 U 1
13 1 L -1
14 1 U -1
15 1 U 1
16 0 U -1
17 0 L 9
18 1 U 1
19 1 U 1
20 1 U -1
21 1 L 17
22 1 U 6
23 1 U 4
24 0 U 21
25 0 U 6
26 0 U -1
27 0 U -1
28 0 L -1
29 1 U 21
30 1 L 21
31 0 U -1
32 0 U 29
33 0 U -1
34 0 L 25
35 0 L 11
36 0 U 4
37 0 U 4
38 0 U 29
39 1 L 22
40 0 U 33
41 1 U 37
42 0 L -1
43 1 L 34
44 0 U 40
45 0 U 41
46 0 U 38
47
0 1 U -1
1 1 U -1
2 1 L -1
3 1 U 2
4 0 U 2
5 0 U 1
6 1 L -1
7 0 U 0
8 0 U 4
9 1 U 2
10 0 L 3
11 1 L 0
12 1 U 1
13 1 L -1
14 1 U -1
15 1 U 1
16 0 U -1
17 0 L 9
18 1 U 1
19 1 U 1
20 0 U -1
21 1 L 20
22 1 U 8
23 1 U 4
24 0 U 21
25 0 U 24
26 0 U -1
27 1 U -1
28 0 L -1
29 1 U 21
30 1 L 21
31 0 U -1
32 0 U 29
33 0 U -1
34 0 L 25
35 0 L 11
36 1 U 3
37 0 U 4
38 0 U 29
39 1 L 22
40 0 U 16
41 1 U 37
42 1 L -1
43 1 L 21
44 0 U 18
45 0 U 29
46 1 U 32
47
0 1 L -1
1 1 U -1
2 1 L -1
3 1 U 2
4 0 U 2
5 0 U 1
6 1 L -1
7 0 U 1
8 0 U 4
9 1 U 7
10 0 L 3
11 1 L 3
12 1 U 1
13 1 L -1
14 1 U -1
15 1 U 1
16 0 U -1
17 0 L 9
18 1 U 1
19 1 U 1
20 0 U -1
21 1 L 20
22 1 U 8
23 1 U 3
24 0 U 21
25 0 U 6
26 0 U -1
27 1 U -1
28 0 L -1
29 1 U 21
30 1 L 21
31 0 U -1
32 0 U 29
33 0 U -1
34 0 L 20
35 0 L 10
36 1 U 4
37 0 U 4
38 0 U 29
39 1 L 22
40 0 U 16
41 1 U 37
42 1 L -1
43 1 L 34
44 0 U 18
45 0 U 41
46 0 U 32
