97
0 0 U -1
1 0 U -1
2 0 U -1
3 0 U -1
4 0 U -1
5 0 U -1
6 0 U -1
7 0 U -1
8 0 U -1
9 0 U -1
10 0 U -1
11 0 U -1
12 0 U -1
13 0 U -1
14 0 U -1
15 0 U -1
16 0 U -1
17 0 U -1
18 0 U -1
19 0 U -1
20 0 U -1
21 0 U -1
22 0 U -1
23 0 U -1
24 0 U -1
25 0 U -1
26 0 U -1
27 0 U -1
28 0 U -1
29 0 U -1
30 0 U -1
31 0 U -1
32 0 U -1
33 0 U -1
34 0 U -1
35 0 U -1
36 0 U -1
37 0 U -1
38 0 U -1
39 0 U -1
40 0 U -1
41 0 U -1
42 0 U -1
43 0 U -1
44 0 U -1
45 0 U -1
46 0 U -1
47 0 U -1
48 0 U -1
49 0 U -1
50 0 U -1
51 0 U -1
52 0 U -1
53 0 U -1
54 0 U -1
55 0 U -1
56 0 U -1
57 0 U -1
58 0 U -1
59 0 U -1
60 0 U -1
61 0 U -1
62 0 U -1
63 0 U -1
64 0 U -1
65 0 U -1
66 0 U -1
67 0 U -1
68 0 U -1
69 0 U -1
70 0 U -1
71 0 U -1
72 0 U -1
73 0 U -1
74 0 U -1
75 0 U -1
76 0 U -1
77 0 U -1
78 0 U -1
79 0 U -1
80 0 U -1
81 0 U -1
82 0 U -1
83 0 U -1
84 0 U -1
85 0 U -1
86 0 U -1
87 0 U -1
88 0 U -1
89 0 U -1
90 0 U -1
91 0 U -1
92 0 U -1
93 0 U -1
94 0 U -1
95 0 U -1
96 0 U -1
97
0 0 L -1
1 0 U -1
2 0 U 0
3 0 L 2
4 1 U -1
5 1 U -1
6 0 U 1
7 0 L 4
8 1 U 7
9 0 U -1
10 0 U 5
11 1 U -1
12 0 U 2
13 1 U 11
14 1 U 13
15 0 U -1
16 1 U 13
17 1 U 12
18 0 U -1
19 0 U 4
20 0 U -1
21 0 U -1
22 0 U 20
23 1 L 1
24 0 U 14
25 1 L 20
26 0 U -1
27 0 L -1
28 0 L 21
29 1 U 2
30 0 L -1
31 1 L 5
32 0 U 26
33 0 L 8
34 1 U 29
35 0 L 5
36 0 L 8
37 0 L 15
38 1 L 33
39 0 U 17
40 0 L 19
41 1 L 28
42 1 L -1
43 1 U 20
44 1 L 15
45 1 U 12
46 0 L 31
47 0 L 31
48 0 L 16
49 0 U 8
50 1 L 35
51 0 L 28
52 1 U 8
53 0 L -1
54 0 U 19
55 1 U -1
56 0 U 39
57 0 L 0
58 1 U -1
59 0 L 34
60 0 L 46
61 1 U 10
62 0 L 5
63 0 L 27
64 0 L 9
65 0 U 19
66 0 L 54
67 0 U 19
68 1 L -1
69 0 U 34
70 1 U 53
71 0 U -1
72 1 U 66
73 1 U 67
74 1 U 4
75 1 L 48
76 1 L 37
77 1 U 31
78 0 L 0
79 0 L 25
80 1 U 71
81 0 U 18
82 1 L 6
83 0 L 33
84 1 U 22
85 1 L 19
86 1 L 55
87 1 U -1
88 1 U 20
89 1 L 21
90 1 L 15
91 1 L 56
92 1 U 72
93 0 L 89
94 1 L 44
95 0 U 64
96 0 U 36
97
0 0 U -1
1 0 U -1
2 0 U 0
3 0 U 2
4 1 U -1
5 1 U -1
6 0 U 1
7 0 L 4
8 1 U 7
9 0 L -1
10 0 U 1
11 1 U -1
12 0 U 7
13 1 U 11
14 1 U 13
15 0 U -1
16 0 U 2
17 1 U 12
18 0 U 5
19 0 U 4
20 0 U -1
21 0 U -1
22 0 L 18
23 1 L 8
24 0 U 14
25 1 L 20
26 0 U -1
27 0 L 9
28 0 L 21
29 1 U 2
30 1 L 9
31 1 L 5
32 0 U 1
33 0 L 1
34 1 U 29
35 0 L 5
36 0 L 22
37 0 L 7
38 0 L 17
39 0 U 27
40 1 L 37
41 1 L 11
42 0 L -1
43 1 U 4
44 1 L 15
45 1 U 8
46 0 L 31
47 1 U 1
48 1 L 16
49 1 U 20
50 1 L 35
51 0 L 28
52 1 U 8
53 0 L -1
54 0 U 17
55 0 U -1
56 0 U 39
57 0 L 0
58 0 U 13
59 0 U 43
60 1 L 46
61 1 U 55
62 0 L 30
63 0 L 27
64 1 L 51
65 0 U 19
66 0 L 54
67 1 U -1
68 0 L 42
69 0 U 34
70 1 U 61
71 0 U -1
72 1 U 66
73 1 U 53
74 1 L 52
75 0 L 48
76 1 U 46
77 1 U 31
78 1 U 64
79 0 L 25
80 1 U 26
81 1 U 43
82 1 U 72
83 0 L 33
84 1 L 13
85 1 U 74
86 0 L 30
87 1 L -1
88 1 U 21
89 0 L 21
90 0 L 66
91 1 L 56
92 0 U 85
93 0 L 45
94 0 L 18
95 1 L 7
96 0 L 19
97
0 0 U -1
1 0 U -1
2 0 U 0
3 0 U 2
4 1 U -1
5 1 U -1
6 1 U 5
7 1 L 3
8 1 U 7
9 0 L -1
10 0 U 1
11 1 U -1
12 0 U 10
13 1 U 11
14 1 U 13
15 0 U -1
16 1 U 2
17 0 U 8
18 0 U 1
19 1 U 4
20 0 U -1
21 0 U -1
22 0 L 18
23 1 L 8
24 0 U 8
25 1 L 20
26 1 L 11
27 0 L 9
28 0 L 21
29 0 U 2
30 1 L 9
31 0 L 5
32 1 U 1
33 0 L 8
34 1 U 23
35 1 L 5
36 1 U -1
37 0 L 6
38 1 L 17
39 0 U 27
40 0 U -1
41 1 U 5
42 0 L -1
43 0 U 4
44 1 L 15
45 1 U 8
46 0 L 31
47 1 L 1
48 0 L 16
49 0 L 47
50 0 L 22
51 0 L 2
52 1 U 8
53 0 L -1
54 0 U 23
55 0 U -1
56 0 U 39
57 0 L 0
58 0 U 13
59 1 L 55
60 0 L 46
61 1 U 55
62 1 U 20
63 1 L 46
64 1 L 53
65 1 U 2
66 1 L 54
67 0 U 0
68 1 L 42
69 0 U 34
70 1 L 5
71 0 U 58
72 1 U 66
73 0 L 72
74 1 U 28
75 1 L 48
76 0 U 46
77 1 U 9
78 0 U 55
79 0 L 36
80 0 U 18
81 1 U 62
82 1 L 23
83 1 L 5
84 1 U 1
85 0 U 69
86 1 L 42
87 1 L -1
88 0 L 71
89 0 U 21
90 0 L 66
91 1 L 56
92 1 U 82
93 0 L 45
94 0 L 18
95 1 L 87
96 1 L 19
97
0 0 L -1
1 0 U -1
2 0 U 0
3 0 U 2
4 1 U -1
5 1 U -1
6 1 U 5
7 1 L 3
8 1 U 2
9 0 L -1
10 0 U 1
11 1 U -1
12 0 U 10
13 1 U 11
14 1 U 13
15 0 U -1
16 1 U 10
17 0 U 2
18 0 U 1
19 1 U 4
20 0 U -1
21 0 U -1
22 0 L 18
23 1 L 8
24 1 U 8
25 1 L 20
26 0 L 14
27 0 L 9
28 1 L 21
29 0 L 2
30 1 L 2
31 0 L 5
32 0 U 1
33 1 L 8
34 1 U 23
35 1 L 5
36 0 U -1
37 0 U 2
38 1 L 17
39 0 U 27
40 0 L -1
41 1 U 5
42 0 L -1
43 1 U 4
44 0 L 15
45 1 U 11
46 0 L 31
47 1 U 8
48 1 L 16
49 1 L 24
50 1 L 44
51 0 L 28
52 0 U 8
53 0 U -1
54 0 U 8
55 0 U -1
56 0 U 40
57 0 L 0
58 1 U 41
59 1 L 9
60 0 U 56
61 0 U 36
62 0 U 11
63 0 L 46
64 1 U 62
65 0 U 2
66 1 U 54
67 0 L 0
68 1 L 3
69 0 U 34
70 0 U 13
71 0 U 37
72 1 U 66
73 1 U 32
74 0 L 2
75 0 L 48
76 1 U 12
77 1 U 9
78 0 U 55
79 0 U 36
80 1 U 18
81 1 U 14
82 1 L 23
83 1 L 33
84 0 U 36
85 1 U 69
86 1 U 80
87 1 U -1
88 0 L 71
89 1 U 58
90 0 L 65
91 1 L 56
92 0 U 82
93 1 L 38
94 1 L -1
95 1 L 25
96 1 L 19
97
0 0 L -1
1 0 U -1
2 0 U 0
3 0 U 2
4 1 U -1
5 1 U -1
6 1 U 5
7 1 L 3
8 1 U 2
9 0 L -1
10 0 U 1
11 1 U -1
12 0 U 10
13 1 U 11
14 1 U 6
15 0 U -1
16 1 U 10
17 0 U 7
18 0 U 1
19 1 U 4
20 0 U -1
21 0 U -1
22 0 L 18
23 1 L 8
24 1 U 8
25 1 L 20
26 1 L 14
27 0 L 9
28 1 L 19
29 0 L 2
30 1 L 2
31 0 L 5
32 0 U 1
33 1 L 27
34 1 U 23
35 1 L 23
36 0 U -1
37 0 U 2
38 0 L 17
39 0 U 27
40 0 L -1
41 0 U 5
42 1 L 20
43 1 U 7
44 1 L 11
45 1 U 0
46 0 L 31
47 1 L 29
48 0 L 16
49 0 U 26
50 0 L 44
51 0 L 24
52 0 U 8
53 1 U 1
54 0 U 8
55 0 U -1
56 0 U 40
57 1 L 9
58 1 U 41
59 0 L 9
60 1 U 56
61 1 U 36
62 0 U 11
63 1 L 46
64 0 L 62
65 0 U 7
66 1 U 54
67 1 L 0
68 1 L 3
69 0 U 34
70 1 L 8
71 0 U 37
72 1 U 66
73 0 L 0
74 1 L 18
75 1 L 48
76 1 U 12
77 1 U 26
78 0 L 15
79 0 U 5
80 1 U 18
81 1 U 32
82 1 L 23
83 1 L 33
84 1 U 36
85 1 L 62
86 1 L 30
87 1 U 36
88 0 L 71
89 1 U 65
90 0 L 65
91 1 L 43
92 0 U 82
93 1 L 21
94 0 L 46
95 0 L -1
96 1 L 19
97
0 0 L -1
1 0 U -1
2 0 U 0
3 0 U 2
4 1 U -1
5 1 U -1
6 1 U 5
7 1 L 3
8 1 U 2
9 0 L -1
10 0 U 1
11 1 U -1
12 0 U 10
13 1 U 11
14 1 U 6
15 0 U -1
16 1 U 10
17 0 U 12
18 0 U 1
19 1 U 4
20 0 U -1
21 1 U 19
22 0 L 18
23 1 L 8
24 1 U 8
25 1 L 20
26 1 L 14
27 0 L 9
28 1 L 19
29 0 L 2
30 0 L 9
31 0 L 5
32 1 U 1
33 0 L 8
34 1 U 29
35 0 L 23
36 0 U -1
37 0 U 2
38 1 L 17
39 0 U 38
40 0 L -1
41 0 U 5
42 0 L 17
43 1 U 2
44 0 L 35
45 1 L 26
46 0 L 31
47 0 L 29
48 1 L 38
49 1 U 32
50 1 L 44
51 0 L 28
52 0 U 8
53 1 U 1
54 0 U 8
55 0 U 9
56 0 U 39
57 0 L 9
58 1 U 41
59 0 L 7
60 0 U 20
61 1 U 36
62 0 U 6
63 0 L 46
64 0 L 62
65 0 U 2
66 0 U 54
67 1 L 0
68 0 L 3
69 0 U 67
70 1 U 21
71 0 U 53
72 1 U 66
73 0 L 2
74 0 L -1
75 1 L 8
76 0 L 43
77 1 U 54
78 0 L 25
79 0 U 5
80 1 U 18
81 1 U 65
82 0 L 23
83 1 L 33
84 1 U 36
85 1 L 62
86 0 L 40
87 0 L 83
88 1 L 72
89 0 U 32
90 0 L 80
91 0 L 43
92 1 U -1
93 1 L 74
94 0 L 86
95 0 L 79
96 1 L 22
97
0 0 U -1
1 0 U -1
2 0 U 0
3 0 U 2
4 1 U -1
5 1 U -1
6 1 U 5
7 1 L 3
8 1 U 2
9 0 L -1
10 0 U 5
11 1 U -1
12 1 U 10
13 1 U 11
14 1 U 6
15 0 U -1
16 1 U 7
17 0 U 12
18 0 U 1
19 1 U 4
20 0 U -1
21 1 U 19
22 0 L 18
23 1 L 8
24 0 U 8
25 1 L 20
26 0 L 10
27 0 L 9
28 1 L 19
29 0 L 2
30 0 L 9
31 1 L 5
32 0 U 1
33 0 L 22
34 1 U 29
35 0 L 23
36 0 U -1
37 0 U 2
38 1 L 17
39 0 U 38
40 0 L -1
41 0 U 5
42 1 L 10
43 1 U 2
44 0 L 35
45 1 U 4
46 0 L 31
47 0 L 29
48 0 L 38
49 1 L 1
50 1 L 44
51 0 L 41
52 0 U 8
53 1 U 1
54 0 U 8
55 0 U 9
56 0 U 39
57 0 L 9
58 0 U 0
59 0 U 7
60 1 U 2
61 1 U 36
62 0 L 54
63 1 L 44
64 0 L 62
65 1 U 41
66 0 U 54
67 1 L 0
68 0 L 3
69 0 U 67
70 0 U 3
71 0 U 53
72 1 U 66
73 1 L 12
74 0 L 2
75 0 L 8
76 0 U 43
77 1 U 54
78 0 L 25
79 0 U 5
80 1 U 18
81 1 U 65
82 0 L 22
83 1 L 73
84 1 U 36
85 0 L 27
86 1 L 57
87 0 L 21
88 1 L 72
89 0 U 6
90 0 L 80
91 0 L 43
92 1 U -1
93 0 L 55
94 1 L 86
95 0 L 64
96 0 U 68
97
0 0 U -1
1 0 U -1
2 0 U 0
3 0 U 2
4 1 U -1
5 1 U -1
6 1 U 5
7 1 L 3
8 1 U 2
9 0 L -1
10 0 U 5
11 0 U -1
12 1 U 10
13 1 U 11
14 1 U 0
15 1 U -1
16 1 U 7
17 0 U 12
18 0 U 5
19 1 U 4
20 0 U -1
21 1 U 19
22 0 L 18
23 1 L 8
24 0 U 8
25 1 L 20
26 0 U 0
27 0 L 9
28 1 L 19
29 0 L 2
30 0 L 9
31 0 L 5
32 0 U -1
33 0 L 17
34 1 U 12
35 0 L 23
36 0 U -1
37 0 U 21
38 1 L 17
39 0 U 38
40 0 U -1
41 1 U 5
42 0 U 27
43 1 U 2
44 0 L 35
45 1 U 32
46 0 L 10
47 0 L 4
48 0 L 38
49 1 U 26
50 1 U 44
51 0 L 38
52 0 U 8
53 1 U 1
54 0 U 8
55 0 U 9
56 0 U 39
57 0 L 9
58 0 U 0
59 0 L 57
60 0 U -1
61 1 U 36
62 0 L 22
63 1 L 44
64 0 U 62
65 1 U 41
66 0 U 54
67 1 L 0
68 0 L 0
69 0 U 67
70 0 L 46
71 1 L 53
72 1 U 66
73 0 L 12
74 1 L 2
75 0 L 8
76 1 L 2
77 1 U 54
78 0 L 25
79 1 U 36
80 1 U 18
81 1 U 6
82 1 U 72
83 1 L 73
84 1 L 22
85 1 L 41
86 1 L 64
87 1 L 83
88 1 L 21
89 1 U 6
90 0 L 17
91 0 L 58
92 0 U 57
93 1 L 13
94 1 L 29
95 0 L 64
96 0 U 65
97
0 0 L -1
1 0 U -1
2 0 U 0
3 0 U 2
4 1 U -1
5 1 U -1
6 1 U 5
7 1 L 3
8 1 U 7
9 0 L -1
10 0 U 1
11 0 U -1
12 1 U 10
13 1 U 11
14 1 U 0
15 1 U 13
16 1 U 7
17 0 U 3
18 0 U 5
19 1 U 4
20 0 U -1
21 1 U 19
22 0 L 18
23 1 L 8
24 1 U 8
25 1 L 20
26 0 U 13
27 0 L 9
28 1 L 19
29 0 L 2
30 1 L 9
31 1 L 5
32 0 U -1
33 0 L 17
34 0 U 16
35 0 L 23
36 1 U -1
37 0 U 2
38 1 L 17
39 0 U 38
40 0 L -1
41 1 U 9
42 1 U 1
43 1 U 7
44 0 L 35
45 1 U 43
46 0 L 10
47 0 L 4
48 1 L 38
49 0 U 14
50 1 U 44
51 0 L -1
52 0 U 8
53 1 U 1
54 0 U 8
55 0 U 9
56 0 U 39
57 0 L 9
58 0 U 36
59 0 L 38
60 1 L -1
61 1 U 36
62 0 L 9
63 1 L 44
64 0 U 62
65 0 U 4
66 0 U 54
67 1 L 0
68 0 L 0
69 0 U 67
70 1 L 64
71 1 U 60
72 1 U 66
73 1 L 12
74 1 U 18
75 0 L 8
76 1 U 7
77 1 U 54
78 0 L 25
79 1 U 36
80 0 U 18
81 1 U 19
82 1 U 77
83 1 L 73
84 1 L 22
85 1 L 70
86 0 L 64
87 1 L 83
88 1 L 21
89 1 U 72
90 0 L 17
91 1 L 58
92 0 U 72
93 1 U 92
94 0 L 90
95 0 L 0
96 0 U 2
97
0 0 L -1
1 1 U -1
2 0 U 0
3 0 U 2
4 1 U -1
5 1 U -1
6 1 U 5
7 1 L 3
8 1 U 7
9 0 L -1
10 0 U 1
11 0 U -1
12 1 U 10
13 1 U 11
14 1 U 6
15 1 L 14
16 1 U 7
17 0 U 3
18 0 U 1
19 1 U 4
20 0 U -1
21 1 U 19
22 0 L 18
23 0 L 0
24 1 U 8
25 1 L 20
26 1 U 13
27 1 U 21
28 1 L 19
29 0 L 9
30 1 L 9
31 0 L 14
32 0 U -1
33 0 L 17
34 0 U 16
35 0 L 12
36 0 U -1
37 0 L 25
38 1 L 17
39 0 U 38
40 0 L -1
41 1 L 7
42 1 U 36
43 1 U 7
44 0 L 13
45 1 U 43
46 0 L 10
47 0 L 42
48 1 L 38
49 0 U 8
50 1 U 48
51 0 U -1
52 0 U 8
53 1 U 1
54 0 U 8
55 0 U 9
56 0 U 42
57 0 L 9
58 0 U 36
59 0 L 38
60 0 L -1
61 1 U 36
62 0 L 9
63 1 L 44
64 0 U 62
65 0 U -1
66 0 U 54
67 0 L 0
68 0 L 0
69 0 U 66
70 0 L 64
71 1 U 13
72 1 U 66
73 0 L 23
74 1 U 21
75 0 L 7
76 1 L 31
77 1 U 54
78 0 U 0
79 1 U 36
80 1 U 18
81 0 L 3
82 0 U 53
83 1 L 73
84 1 L 22
85 0 L 70
86 1 L 26
87 1 L 83
88 1 L 87
89 1 U 72
90 0 L 17
91 1 L 49
92 1 L 72
93 1 U 92
94 0 L 90
95 1 L 0
96 0 L 2
97
0 0 U -1
1 1 U -1
2 0 U 0
3 0 U 2
4 1 U -1
5 1 U -1
6 1 U 5
7 1 L 3
8 1 U 7
9 0 L -1
10 0 U 5
11 0 U -1
12 1 U 10
13 1 U 11
14 1 L 6
15 1 L 13
16 1 U 7
17 0 U 2
18 0 U 1
19 1 U 4
20 0 U -1
21 1 U 19
22 0 L 18
23 0 L 0
24 1 U 8
25 1 L 20
26 1 U 0
27 1 U 2
28 1 L 19
29 0 L 9
30 1 L 9
31 0 L 6
32 1 U -1
33 0 L 11
34 0 U 16
35 0 L 12
36 0 U -1
37 0 L 25
38 1 L 17
39 0 U 38
40 0 L -1
41 1 L 33
42 1 U 36
43 1 U 7
44 0 L 13
45 1 U 43
46 0 L 10
47 0 L 27
48 0 L 38
49 0 U 8
50 1 U 48
51 0 L 3
52 0 U 8
53 1 U 1
54 0 U 8
55 0 U 9
56 1 U 4
57 0 L 9
58 0 U 36
59 0 L 38
60 1 L -1
61 1 U 36
62 0 L 26
63 1 L 44
64 0 U 62
65 0 U -1
66 0 U 54
67 0 L 0
68 0 L 0
69 0 U 66
70 0 L 64
71 0 U 13
72 1 U 66
73 0 L 23
74 1 U 21
75 0 L 7
76 1 L 27
77 1 U 23
78 1 L 35
79 1 U 36
80 1 U 18
81 0 L 3
82 0 U 2
83 1 L 75
84 1 L 42
85 0 L 70
86 1 L 54
87 1 L 16
88 1 L 17
89 0 U 43
90 1 L 88
91 1 L 49
92 0 L 72
93 1 U 46
94 0 U 90
95 1 L 0
96 1 L 70
97
0 0 L -1
1 1 U -1
2 0 U 0
3 0 U 2
4 1 U -1
5 1 U -1
6 1 U 5
7 1 L 3
8 1 U 7
9 0 L -1
10 0 U 5
11 0 U -1
12 1 U 10
13 1 U 11
14 1 L 6
15 1 U -1
16 1 U 2
17 0 U 2
18 0 U 5
19 1 U 4
20 0 U -1
21 1 U 19
22 0 L 18
23 0 L 0
24 1 U 8
25 1 L 20
26 1 U 20
27 1 U 2
28 1 L 19
29 0 L 9
30 0 L 9
31 0 L 6
32 1 U -1
33 1 L 11
34 0 U 17
35 0 L 12
36 0 U -1
37 0 L 25
38 1 L 17
39 0 U 24
40 0 U -1
41 0 L 33
42 0 U 36
43 1 U 7
44 0 L 13
45 1 U 43
46 0 L 10
47 0 L 25
48 0 L 9
49 0 U 3
50 1 U 39
51 0 L 3
52 0 U 8
53 1 U 1
54 0 U 8
55 0 U 9
56 0 U 4
57 0 L 9
58 0 U 36
59 0 L 44
60 1 U 36
61 1 U 36
62 0 L 26
63 0 L 44
64 0 U 62
65 0 U -1
66 0 U 54
67 0 L 0
68 0 L 51
69 0 U 66
70 0 L 64
71 1 U 13
72 1 U 66
73 1 L 63
74 1 U 21
75 0 L 7
76 1 L 40
77 1 U 54
78 1 L 2
79 1 U 36
80 1 U 18
81 0 L 3
82 0 U 18
83 1 L 75
84 1 L 28
85 0 L 70
86 0 L 54
87 1 L 16
88 1 L 17
89 0 U 43
90 1 L 88
91 1 L 49
92 0 L 72
93 1 U 46
94 0 L 72
95 0 L 85
96 1 L 70
97
0 0 L -1
1 1 U -1
2 0 U 0
3 0 U 2
4 1 U -1
5 1 U -1
6 1 U 5
7 1 L 3
8 1 U 7
9 0 L -1
10 0 U 5
11 0 U -1
12 1 U 10
13 1 U 11
14 1 L 6
15 1 U -1
16 1 U 10
17 0 U 7
18 0 U 5
19 1 U 0
20 0 U -1
21 1 U 19
22 0 L 18
23 0 L 3
24 1 U 8
25 1 L 20
26 1 U 20
27 1 U 2
28 1 L 19
29 0 L 9
30 1 L 9
31 0 L 10
32 1 U -1
33 1 L 11
34 0 U 17
35 0 L 10
36 0 U -1
37 0 L 25
38 0 L 8
39 0 U 24
40 0 U -1
41 1 U 9
42 0 U 36
43 1 U 26
44 0 L 13
45 1 U 43
46 0 L 10
47 0 L 27
48 0 L 9
49 1 U 3
50 1 U 39
51 0 L 3
52 0 U 8
53 1 U 15
54 0 U 8
55 0 U 27
56 1 U 4
57 0 L -1
58 0 U 36
59 0 L 44
60 1 U 36
61 1 U 36
62 0 L 26
63 1 L 44
64 0 U 62
65 0 U -1
66 0 U 54
67 1 L 0
68 1 L 51
69 0 U 66
70 0 L 64
71 1 U 13
72 1 U 66
73 0 L 64
74 1 L 50
75 0 L 7
76 1 L 67
77 1 U 54
78 0 L 40
79 1 U 36
80 1 U 18
81 0 L 21
82 1 U 19
83 1 L 75
84 1 L 22
85 0 L 70
86 0 L 35
87 1 L 16
88 1 L 17
89 0 U 12
90 0 L 88
91 1 L 74
92 0 L 72
93 1 U 46
94 0 L 72
95 0 L 72
96 1 L 83
97
0 0 L -1
1 1 U -1
2 0 U 0
3 0 U 2
4 1 U -1
5 1 U -1
6 1 U 5
7 1 L 3
8 1 U 2
9 0 L -1
10 0 U 5
11 0 U -1
12 1 U 10
13 1 U 11
14 1 L 6
15 1 U -1
16 1 U 10
17 0 U 8
18 0 U 5
19 1 U 0
20 0 U -1
21 0 U 8
22 0 L 21
23 1 L 3
24 1 U 8
25 1 L 20
26 1 U 20
27 1 U 2
28 1 L 19
29 1 L 11
30 0 L 9
31 1 L 10
32 1 U -1
33 1 L 23
34 0 U 16
35 0 L 10
36 0 U -1
37 0 L -1
38 0 L 4
39 0 U 9
40 0 U -1
41 1 L 3
42 0 U 36
43 1 U 26
44 0 L 13
45 1 U -1
46 0 L 10
47 0 L 27
48 1 L 21
49 0 U 22
50 1 U 39
51 0 L 3
52 0 U 8
53 1 U 15
54 0 U 8
55 0 U 27
56 1 U 4
57 0 L -1
58 0 U 36
59 0 L 0
60 1 U 40
61 1 U 36
62 0 L 26
63 0 L 44
64 0 U 62
65 0 U -1
66 0 U 54
67 1 U 13
68 1 L 51
69 0 U 66
70 0 L 64
71 1 U 13
72 1 U 66
73 1 L 3
74 1 L 50
75 0 L 7
76 1 L 46
77 1 U 54
78 1 L 25
79 1 U 36
80 0 U 18
81 0 L 21
82 0 U 28
83 1 L 75
84 1 L 20
85 1 L 70
86 1 L 35
87 1 L 16
88 1 L 17
89 0 U 12
90 0 L 88
91 1 L 74
92 0 L 72
93 1 U 46
94 0 U 3
95 1 L 91
96 1 L 64
97
0 0 U -1
1 1 U -1
2 0 U 0
3 0 U 2
4 1 U -1
5 1 U -1
6 1 U 5
7 1 L 3
8 1 U 2
9 0 L -1
10 0 U 5
11 1 U -1
12 1 U 10
13 1 U 4
14 1 L 6
15 1 U -1
16 1 U 10
17 0 U 3
18 0 U 5
19 1 U 0
20 0 U -1
21 0 U 3
22 0 L 21
23 1 L 3
24 1 U 8
25 1 L 22
26 1 U 0
27 1 U 2
28 1 L 19
29 1 L 11
30 0 L 9
31 0 L 10
32 0 U -1
33 1 L 23
34 0 U 1
35 0 L 10
36 0 U -1
37 0 L 23
38 0 L 4
39 0 U 37
40 0 U -1
41 0 U 26
42 1 U 4
43 1 U 26
44 0 L 35
45 1 U -1
46 0 L 10
47 0 L 27
48 0 L 21
49 0 U 43
50 1 U 39
51 0 L 3
52 0 U 8
53 1 U 15
54 0 U 8
55 0 U -1
56 1 U 4
57 0 L -1
58 0 U 36
59 1 L 51
60 0 L 22
61 1 U 36
62 0 L 26
63 1 L 44
64 0 U 62
65 0 L 21
66 1 U 54
67 1 U 13
68 1 L 51
69 0 U 66
70 1 L 47
71 0 U 13
72 1 U 66
73 0 L 51
74 1 L 50
75 0 L 7
76 0 U 61
77 1 U 54
78 1 L 25
79 1 U 36
80 0 U 18
81 1 L 3
82 1 U 28
83 1 L 75
84 0 L 20
85 0 U 73
86 0 L 19
87 1 L 16
88 1 L 17
89 0 U 12
90 0 L 88
91 0 L 74
92 0 L 72
93 1 U 46
94 0 U 80
95 1 L 81
96 1 L 64
97
0 0 U -1
1 1 U -1
2 0 U 0
3 0 U 2
4 1 U -1
5 1 U -1
6 1 U 5
7 1 L 3
8 1 U 2
9 0 L -1
10 0 U 5
11 0 U -1
12 1 U 10
13 1 U 4
14 1 L 6
15 1 U -1
16 1 U 10
17 0 U 2
18 0 U 5
19 1 U 4
20 0 U -1
21 0 U 12
22 0 L 21
23 1 L 3
24 0 U 8
25 1 L 22
26 1 U 0
27 1 U 2
28 1 L 19
29 0 L 11
30 0 L 9
31 1 L 10
32 0 U -1
33 1 L 23
34 0 U 1
35 0 L 10
36 0 U -1
37 0 L 23
38 0 L 4
39 0 U 37
40 0 U -1
41 1 U 15
42 1 U 4
43 1 U 26
44 0 L 13
45 0 L -1
46 0 L 10
47 0 L 27
48 1 L 21
49 1 L 27
50 1 U 39
51 0 L 2
52 0 U 8
53 1 U 15
54 0 U 8
55 0 U -1
56 0 U 4
57 0 L -1
58 0 U 36
59 0 L 51
60 1 L 22
61 1 U 36
62 0 L 26
63 1 L 44
64 0 U 62
65 0 L 15
66 1 U 54
67 1 U 13
68 1 L 51
69 0 U 66
70 1 L 2
71 0 U 13
72 1 U 66
73 0 L 2
74 1 L 50
75 0 L 7
76 0 L 47
77 1 U 66
78 1 L 0
79 1 U 36
80 0 U 18
81 1 L 3
82 0 U 28
83 1 L 75
84 0 L 20
85 1 U 52
86 0 L 60
87 1 L 16
88 1 L 17
89 0 U 12
90 0 L 88
91 1 U 74
92 0 U 70
93 1 U -1
94 1 U 68
95 0 L 26
96 1 L 89
97
0 0 L -1
1 1 U -1
2 0 U 0
3 0 U 2
4 1 U -1
5 1 U -1
6 1 U 5
7 1 L 3
8 1 U 2
9 0 L -1
10 0 U 1
11 1 U -1
12 1 U 10
13 1 U 4
14 1 L 6
15 1 U -1
16 0 U 13
17 0 U 8
18 0 U 5
19 1 U 0
20 0 U -1
21 0 U 12
22 0 L 21
23 1 L 3
24 0 U 8
25 1 L 22
26 1 U 0
27 1 U 2
28 1 L 19
29 0 L 14
30 0 L 9
31 1 L 14
32 0 U -1
33 1 L 23
34 0 U 1
35 0 L 10
36 0 U -1
37 0 L 23
38 0 L 18
39 0 U 33
40 0 U -1
41 0 U 29
42 1 U 4
43 1 U 26
44 0 L 13
45 1 L 16
46 0 L 10
47 0 L 27
48 0 L 44
49 0 U -1
50 1 U 39
51 0 L 2
52 0 U 8
53 1 U 15
54 0 U 8
55 0 U -1
56 1 U 4
57 0 L -1
58 0 U 36
59 0 L 51
60 1 L 20
61 1 U 32
62 0 L 26
63 1 L 44
64 0 U 62
65 1 L 17
66 1 U 54
67 1 U 6
68 1 L 51
69 0 U 66
70 1 L 7
71 0 U 13
72 1 U 24
73 0 L 2
74 1 L 50
75 0 L 7
76 0 U 47
77 1 U 17
78 1 L 0
79 1 U 36
80 1 U 56
81 1 L 3
82 1 U 28
83 1 L 75
84 0 L 20
85 1 U 79
86 1 L 60
87 1 L 13
88 0 L 17
89 1 U 12
90 0 L 53
91 1 U 74
92 1 U 70
93 1 U -1
94 1 L 78
95 0 L 26
96 1 L 72
97
0 0 U -1
1 1 U -1
2 0 U 0
3 0 U 2
4 1 U -1
5 1 U -1
6 1 U 5
7 1 L 3
8 1 U 2
9 1 L -1
10 0 U 5
11 0 U -1
12 1 U 10
13 1 U 4
14 1 L 6
15 1 U -1
16 0 U 13
17 0 U 8
18 0 U 1
19 1 U 0
20 0 U -1
21 0 U 14
22 0 L 21
23 1 L 9
24 0 U 8
25 1 L 22
26 1 U 0
27 1 U 26
28 1 L 19
29 0 L 14
30 1 L -1
31 1 L 14
32 0 U -1
33 1 L 23
34 0 U 5
35 0 L 10
36 0 U -1
37 0 L 23
38 0 L 18
39 0 U 37
40 0 U -1
41 0 U 33
42 1 U 34
43 1 U 26
44 0 L 13
45 0 L 4
46 0 L 10
47 0 U 25
48 1 L 44
49 0 L 39
50 1 U 48
51 0 L 2
52 0 U 3
53 1 U 32
54 0 U 8
55 0 U -1
56 0 U 4
57 0 L -1
58 0 U 36
59 1 L 0
60 1 L 20
61 1 U 5
62 0 L 26
63 1 L 44
64 0 U 62
65 1 L 17
66 1 U 54
67 0 U 6
68 1 L 51
69 0 U 66
70 1 L 7
71 1 U 19
72 1 U 24
73 1 L 60
74 1 L 50
75 0 L 7
76 0 L 47
77 1 U 17
78 1 L 0
79 1 U 36
80 1 U 19
81 1 L 3
82 0 U 28
83 1 L 75
84 0 L 22
85 0 U 77
86 0 L 18
87 1 L 13
88 0 L 17
89 1 U 8
90 0 L 39
91 0 L 74
92 0 U 70
93 1 U -1
94 1 L 78
95 0 L 26
96 1 L 72
97
0 0 L -1
1 1 U -1
2 0 U 0
3 0 U 2
4 1 U -1
5 1 U -1
6 1 U 5
7 1 L 3
8 1 U 2
9 1 L -1
10 0 U 1
11 1 U -1
12 1 U 10
13 1 U 11
14 1 L 6
15 1 L -1
16 0 U 13
17 0 U 8
18 0 U 1
19 1 U 0
20 1 U -1
21 0 U 16
22 0 L 21
23 1 L 9
24 0 U 8
25 1 L 22
26 1 U 0
27 1 U 18
28 1 L 19
29 0 L 14
30 0 U -1
31 1 L 12
32 0 U -1
33 1 L 23
34 0 U 1
35 0 L 10
36 0 U -1
37 0 L 23
38 0 L 18
39 0 U 37
40 0 U -1
41 0 U -1
42 1 U 34
43 1 U 26
44 0 L 13
45 0 L 33
46 1 L 6
47 0 L 25
48 1 L 18
49 0 L 11
50 1 U 48
51 0 L 15
52 0 U 3
53 1 U 41
54 0 U 8
55 0 U -1
56 0 U 4
57 0 L -1
58 0 U 36
59 1 U -1
60 1 L 18
61 1 U 5
62 0 L 26
63 0 L 44
64 0 U 62
65 1 L 17
66 1 U 54
67 0 U 6
68 1 L 51
69 0 U 66
70 1 L 1
71 1 U 19
72 1 U 24
73 1 L 60
74 1 L 50
75 0 L 7
76 1 L 21
77 1 U 17
78 1 L 0
79 1 U 36
80 1 U 19
81 1 U 16
82 1 U 76
83 1 L 75
84 1 L 22
85 0 U 77
86 1 L 18
87 1 L 13
88 0 L 16
89 1 U 19
90 0 L 39
91 0 L 74
92 0 U 70
93 1 U 79
94 1 L 78
95 0 L 23
96 1 L 61
97
0 0 L -1
1 1 U -1
2 1 U 0
3 0 U 2
4 1 U -1
5 1 U -1
6 1 U 5
7 1 L 3
8 1 U 7
9 1 L -1
10 0 U 1
11 1 U -1
12 1 U 10
13 1 U 11
14 1 L 6
15 1 L -1
16 0 U 13
17 0 U 8
18 0 U 1
19 1 U 0
20 1 U -1
21 0 U 2
22 0 L 21
23 1 L 9
24 0 U 16
25 1 L 22
26 1 U 0
27 0 U 26
28 1 L 19
29 0 L 14
30 0 U -1
31 0 L 12
32 1 L -1
33 1 L 23
34 0 U 5
35 0 L 10
36 0 U -1
37 0 L 23
38 0 L 18
39 0 U 37
40 0 U -1
41 0 U -1
42 1 U 34
43 0 U 42
44 0 L 13
45 0 L 0
46 0 L 6
47 0 U 25
48 1 L 18
49 1 L 48
50 1 U 48
51 0 L 15
52 0 U 3
53 1 U 41
54 0 U 8
55 0 U -1
56 0 U 4
57 0 L -1
58 0 U 36
59 0 U -1
60 0 L 18
61 1 U 5
62 0 L 26
63 0 L 44
64 0 L 22
65 1 L 17
66 1 U 54
67 1 U 6
68 1 L 51
69 0 U 66
70 1 L 1
71 0 U 2
72 1 U 24
73 1 L 46
74 1 L 43
75 0 L 7
76 1 L 21
77 1 U 17
78 1 L 0
79 1 U 36
80 1 U 19
81 1 U 56
82 1 U 76
83 1 L 6
84 1 L 48
85 1 U 78
86 1 L 15
87 1 L 13
88 0 L 16
89 0 U 19
90 0 L 39
91 1 L 74
92 0 U 70
93 1 U 79
94 1 L 78
95 0 L 9
96 1 L 3
97
0 0 L -1
1 1 U -1
2 1 U 0
3 0 U 2
4 1 U -1
5 1 U -1
6 1 U 5
7 1 L 3
8 1 U 7
9 1 L -1
10 0 U 1
11 1 U -1
12 1 U 10
13 1 U 11
14 1 L 6
15 0 L -1
16 0 U 13
17 0 U 8
18 0 U 1
19 1 U 0
20 1 U -1
21 0 U 8
22 0 L 21
23 1 L 9
24 0 U 16
25 1 L 22
26 1 U 4
27 0 U 2
28 1 L 19
29 0 L 14
30 0 U -1
31 1 L 12
32 0 U -1
33 1 L 23
34 0 U 5
35 0 L 5
36 0 U -1
37 0 L 23
38 0 L 18
39 0 U 37
40 0 U -1
41 1 U -1
42 1 U 13
43 0 U 42
44 0 L 13
45 0 L 0
46 0 L 6
47 0 L 27
48 1 L 18
49 1 U 41
50 1 U 25
51 0 L 15
52 0 U 8
53 1 U 41
54 0 U 8
55 0 U -1
56 0 U 34
57 0 L -1
58 0 U 36
59 1 U -1
60 1 L 21
61 1 U 5
62 0 L 26
63 0 L 44
64 0 L 45
65 1 L 17
66 1 U 54
67 1 U 6
68 1 L 51
69 0 U 66
70 1 L 0
71 0 U 26
72 1 U 24
73 0 L 49
74 1 L 43
75 0 L 7
76 1 L 21
77 1 U 17
78 1 L 0
79 1 U 36
80 1 U 19
81 1 U 56
82 1 U 76
83 1 L 6
84 1 L 38
85 0 U 60
86 0 L 15
87 1 L 13
88 0 L 16
89 0 U 19
90 0 L 40
91 1 U 74
92 0 U 70
93 1 U 79
94 1 L 78
95 1 L -1
96 1 L 93
97
0 0 L -1
1 1 U -1
2 1 U 0
3 0 U 2
4 1 U -1
5 1 U -1
6 1 U 5
7 1 L 3
8 1 U 7
9 1 L -1
10 0 U 1
11 1 U -1
12 1 U 10
13 1 U 11
14 1 L 6
15 0 L -1
16 0 U 13
17 0 U 8
18 0 U 1
19 1 U 0
20 1 U -1
21 0 U 8
22 0 L 21
23 1 L 9
24 0 U 16
25 1 L 22
26 1 U 4
27 1 U 2
28 1 L 19
29 0 L 14
30 0 U -1
31 1 L 6
32 0 U -1
33 1 L 23
34 0 U 5
35 0 L 6
36 0 U -1
37 0 L 23
38 0 L 18
39 0 U 37
40 0 U -1
41 1 U 36
42 1 U 13
43 1 U 42
44 0 L 13
45 1 L 23
46 0 L 6
47 0 L 27
48 1 L 30
49 0 U 36
50 1 U 25
51 0 L 15
52 0 U 8
53 1 U 41
54 0 U 8
55 0 U -1
56 0 U 34
57 0 L -1
58 0 U 36
59 1 L -1
60 0 L 18
61 1 U 5
62 0 L 26
63 0 L 44
64 1 L 45
65 1 L 17
66 1 U 54
67 1 U 6
68 1 L 51
69 0 U 66
70 1 L 0
71 0 U 26
72 1 U 24
73 1 U 50
74 1 L 43
75 0 L 7
76 1 L 21
77 1 U 29
78 1 L 0
79 1 U 36
80 0 U 79
81 1 U 50
82 0 L 76
83 1 L 6
84 1 L 82
85 0 U 47
86 0 L 51
87 0 L 13
88 0 L 16
89 0 U 16
90 0 L 53
91 1 U 74
92 1 U 70
93 1 U -1
94 0 L 78
95 0 L -1
96 1 L 93
97
0 0 U -1
1 1 U -1
2 0 U 0
3 0 U 2
4 1 U -1
5 1 U -1
6 1 U 5
7 1 L 3
8 1 U 7
9 1 L -1
10 0 U 1
11 1 U -1
12 1 U 10
13 1 U 11
14 1 L 6
15 0 L -1
16 0 U 13
17 0 U 8
18 0 U 5
19 1 U 0
20 1 U -1
21 0 U 3
22 0 L 21
23 1 L 9
24 0 U 16
25 1 L 22
26 1 U 13
27 1 U 2
28 1 L 19
29 0 L 14
30 0 U -1
31 1 L 12
32 0 U -1
33 1 L 23
34 0 U 5
35 0 L 10
36 1 U -1
37 0 L 23
38 0 L 18
39 0 U 37
40 0 L -1
41 1 U 36
42 1 U 13
43 0 U 42
44 0 L 35
45 1 L 23
46 0 L 6
47 0 U 35
48 1 L 30
49 0 L 16
50 1 U 25
51 0 L 15
52 0 U 8
53 1 U 41
54 0 U 29
55 0 U -1
56 0 U 34
57 0 L -1
58 0 U -1
59 1 U -1
60 1 L 18
61 0 U 5
62 1 U 59
63 0 L 44
64 1 L 33
65 0 L 44
66 1 U 43
67 1 U 34
68 1 L 51
69 0 U 66
70 1 L 15
71 0 U 2
72 1 U 66
73 0 L 47
74 1 L 43
75 0 L 7
76 1 L 21
77 1 U 27
78 1 L 0
79 0 U 36
80 1 U 79
81 1 L 50
82 1 L 76
83 1 L 6
84 1 L 48
85 1 U 77
86 1 L 51
87 1 U 13
88 1 L 16
89 1 U 87
90 0 L 81
91 1 L 74
92 0 U 70
93 0 U -1
94 1 L 78
95 0 L -1
96 1 L -1
97
0 0 U -1
1 1 U -1
2 1 U 0
3 0 U 2
4 1 U -1
5 1 U -1
6 1 U 5
7 1 L 3
8 1 U 7
9 1 L -1
10 0 U 1
11 1 U -1
12 1 U 10
13 1 U 11
14 1 L 6
15 0 L -1
16 0 U 13
17 0 U 10
18 0 U 5
19 1 U 0
20 1 U -1
21 0 U 8
22 0 L 21
23 1 L 9
24 0 U 16
25 1 L 22
26 1 U 13
27 1 U 2
28 1 L 19
29 1 L 14
30 0 U -1
31 1 L 11
32 0 U -1
33 1 L 23
34 0 U 1
35 0 L 10
36 1 U -1
37 0 L 23
38 0 L 18
39 0 U 37
40 0 L -1
41 1 U 36
42 1 U 13
43 0 U 42
44 0 L 35
45 1 L 13
46 0 L 6
47 0 U 35
48 1 L 30
49 1 U 26
50 1 U 25
51 0 L 15
52 0 U 12
53 1 U 41
54 0 L 8
55 0 U -1
56 1 U 0
57 0 L -1
58 0 U -1
59 0 U -1
60 1 L 18
61 1 U 5
62 1 L 57
63 0 L 44
64 1 L 33
65 0 L 44
66 1 U 43
67 1 U 34
68 0 L 51
69 0 U 66
70 1 L 68
71 0 U 2
72 1 U 66
73 1 L 31
74 1 L 43
75 0 L 7
76 1 L 21
77 1 U 27
78 1 L 0
79 0 U 36
80 1 U 79
81 1 L 50
82 1 L 76
83 1 L 6
84 1 L 48
85 1 U 49
86 0 U -1
87 1 U 13
88 1 L 16
89 1 U 1
90 0 L 81
91 1 L 74
92 0 U 77
93 1 L -1
94 0 L 78
95 0 L 72
96 1 U 22
97
0 0 U -1
1 1 U -1
2 1 U 0
3 0 U 2
4 1 U -1
5 1 U -1
6 1 U 5
7 1 L 3
8 1 U 2
9 1 L -1
10 0 U 5
11 1 U -1
12 0 U 10
13 1 U 11
14 1 L 6
15 0 L -1
16 0 U 13
17 0 U 10
18 0 U 5
19 1 U 4
20 1 U -1
21 0 U 8
22 0 L 21
23 1 L 9
24 1 U 16
25 1 L 22
26 1 U 13
27 1 U 2
28 1 L 19
29 0 L 14
30 0 U -1
31 1 L 11
32 0 U -1
33 1 L 23
34 0 U 1
35 0 L 6
36 1 U -1
37 0 L 0
38 0 L 18
39 0 U 37
40 0 L 2
41 0 U 36
42 1 U 13
43 0 U 42
44 0 L 35
45 1 L 13
46 0 L 6
47 0 U 19
48 1 L 18
49 1 U 26
50 1 U 25
51 0 L 15
52 1 U 12
53 1 U 41
54 0 L 8
55 0 U -1
56 1 U 0
57 0 L -1
58 0 U -1
59 1 U -1
60 0 U 56
61 1 U 58
62 1 L 25
63 0 L 45
64 1 L 33
65 0 L 20
66 1 U 43
67 1 U 34
68 0 L 51
69 0 U 66
70 0 U 5
71 0 U 49
72 1 U 66
73 1 L 50
74 1 L 73
75 0 L 68
76 0 L 21
77 1 U 31
78 1 L 0
79 0 U 36
80 1 U 79
81 1 L 50
82 1 L 76
83 1 L 6
84 1 L 63
85 1 U 49
86 0 U 32
87 1 U 79
88 1 L 16
89 1 U 19
90 0 L 81
91 1 L 74
92 0 U 77
93 1 L 44
94 0 L 57
95 0 L 72
96 0 U 85
97
0 0 U -1
1 1 U -1
2 1 U 0
3 0 U 2
4 1 U -1
5 1 U -1
6 1 U 5
7 1 L 3
8 1 U 2
9 1 L -1
10 0 U 5
11 1 U -1
12 0 U 10
13 1 U 11
14 1 L 6
15 1 L -1
16 0 U 13
17 0 U 10
18 0 U 5
19 1 U 0
20 1 U -1
21 0 U 16
22 0 L 21
23 1 L 9
24 0 U 16
25 1 L 22
26 1 U 13
27 1 U 0
28 1 L 19
29 1 L 14
30 0 U -1
31 1 L 11
32 0 U -1
33 1 L 23
34 0 U 1
35 0 L 6
36 1 U -1
37 0 L 23
38 0 L 18
39 0 U 37
40 0 L 9
41 0 U 36
42 1 U 13
43 0 U 42
44 1 L 35
45 0 L 13
46 0 L 6
47 0 U 16
48 1 L 4
49 0 U 26
50 1 U 35
51 0 L 15
52 1 U 12
53 1 U 41
54 0 L 40
55 0 U -1
56 1 U 0
57 0 L -1
58 0 U -1
59 1 L -1
60 1 U 49
61 1 U 58
62 0 U 25
63 0 L 45
64 1 L 63
65 0 L 13
66 1 U 43
67 1 U 53
68 0 L 51
69 0 U 66
70 0 U 5
71 0 U 49
72 1 U 66
73 0 U 68
74 1 L 73
75 0 L 68
76 1 L 3
77 1 U 71
78 0 L 0
79 0 U 36
80 1 U 79
81 1 L 73
82 0 L 30
83 1 L 6
84 1 L 26
85 1 U 8
86 1 U 32
87 1 U 70
88 0 L 16
89 1 U 7
90 0 L 81
91 1 L 74
92 0 U 77
93 1 L 44
94 0 L 57
95 0 L 35
96 1 U 85
97
0 0 L -1
1 1 U -1
2 1 U 0
3 0 U 2
4 1 U -1
5 1 U -1
6 1 U 5
7 1 L 3
8 1 U 2
9 1 L -1
10 0 U 5
11 1 U -1
12 0 U 7
13 1 U 11
14 1 L 6
15 1 L -1
16 0 U 13
17 0 U 10
18 0 U 5
19 1 U 4
20 1 U -1
21 0 U 16
22 0 L 21
23 1 L 9
24 1 U 16
25 1 L 22
26 1 U 13
27 1 U 0
28 1 L 19
29 1 L 14
30 0 U -1
31 1 L 11
32 0 U -1
33 1 L 23
34 0 U 1
35 0 L 6
36 1 U -1
37 0 L 23
38 0 L 18
39 0 U 37
40 0 L 15
41 0 U 36
42 1 U 13
43 0 U 42
44 1 L 35
45 0 L 13
46 0 L 6
47 0 U 2
48 1 L 4
49 0 U 12
50 1 U 35
51 0 L 15
52 1 U 12
53 1 U 41
54 0 L 40
55 0 U -1
56 1 U 0
57 0 L -1
58 0 U -1
59 1 U -1
60 0 U 49
61 1 U 58
62 0 U 54
63 0 L 45
64 0 L -1
65 0 L 20
66 1 U 43
67 1 U 53
68 0 L 51
69 0 U 66
70 0 U 5
71 1 U 49
72 1 U 66
73 0 U 45
74 1 L 62
75 0 L 68
76 1 L 34
77 1 U 66
78 1 L -1
79 0 U 36
80 1 U 79
81 1 L 39
82 0 L 30
83 1 L 6
84 1 L 26
85 0 U 8
86 0 U 32
87 1 U 70
88 0 L 16
89 1 U 18
90 0 L 81
91 1 L 74
92 0 U 51
93 1 L 78
94 0 L 0
95 1 L 35
96 1 U 47
97
0 0 U -1
1 1 U -1
2 1 U 0
3 0 U 2
4 1 U -1
5 1 U -1
6 1 U 5
7 1 L 3
8 1 U 2
9 1 L -1
10 0 U 1
11 1 U -1
12 0 U 7
13 1 U 11
14 1 L 6
15 0 L -1
16 0 U 13
17 0 U 10
18 0 U 5
19 1 U 13
20 1 U -1
21 0 U 16
22 0 L 21
23 1 L 9
24 0 U 16
25 1 L 22
26 1 U 6
27 0 U 0
28 1 L 19
29 0 L 14
30 0 U -1
31 1 L 11
32 0 U -1
33 1 L 23
34 0 U 1
35 0 L 6
36 1 U -1
37 0 L 23
38 0 L 18
39 0 U 37
40 0 L 15
41 1 U 36
42 1 U 27
43 0 U 42
44 1 L 35
45 0 L 16
46 0 L 5
47 0 U 2
48 1 L 4
49 1 U 12
50 1 U 35
51 0 L 15
52 1 U 12
53 1 U 41
54 0 L 7
55 0 U -1
56 1 U 0
57 0 L -1
58 0 U -1
59 1 U -1
60 1 U 12
61 1 U 58
62 0 U 54
63 0 L 17
64 1 L -1
65 0 L 20
66 1 U 43
67 1 U 4
68 0 L 51
69 0 U 66
70 1 L 9
71 0 U 49
72 1 U 66
73 1 U 57
74 1 L 62
75 0 L 68
76 1 L 31
77 1 U 71
78 0 L 25
79 0 U 36
80 1 U 79
81 1 L 39
82 0 L 30
83 1 L 6
84 1 L 63
85 0 U 8
86 1 L 43
87 1 U 34
88 0 L 16
89 1 U 18
90 0 L 81
91 1 L 74
92 0 U 16
93 1 L 17
94 1 L 0
95 0 L 1
96 1 U 77
97
0 0 U -1
1 1 U -1
2 1 U 0
3 0 U 2
4 1 U -1
5 1 U -1
6 1 U 5
7 1 L 3
8 1 U 2
9 1 L -1
10 0 U 1
11 1 U -1
12 0 U 7
13 1 U 11
14 1 L 6
15 0 L -1
16 0 U 13
17 0 U 10
18 0 U 5
19 1 U 13
20 1 U -1
21 0 U 16
22 0 L 21
23 1 L 9
24 1 U 16
25 1 L 22
26 1 U 6
27 0 U 0
28 1 L 19
29 1 L 14
30 0 U -1
31 1 L 11
32 0 U -1
33 1 L 23
34 0 U 5
35 0 L 6
36 1 U -1
37 0 L 23
38 0 L 18
39 0 U 37
40 0 L 15
41 0 U 36
42 1 U 27
43 0 U 42
44 0 L 35
45 0 L 16
46 0 L 5
47 1 U 18
48 1 L 4
49 0 L 32
50 1 U 35
51 0 L 15
52 1 U 26
53 1 U 41
54 0 L 7
55 0 U -1
56 1 U 27
57 0 L -1
58 0 U 36
59 1 U -1
60 1 U 16
61 1 U 58
62 1 U 54
63 0 L 31
64 1 L -1
65 0 L 20
66 1 U 43
67 1 U 4
68 0 L 51
69 0 U 66
70 0 U 0
71 0 U 16
72 1 U 66
73 0 L 57
74 1 L 62
75 0 L 68
76 1 U 74
77 1 U 71
78 0 L 25
79 0 U 36
80 1 U 79
81 1 L 39
82 0 L 30
83 1 L 6
84 1 U 57
85 0 U 8
86 0 L 1
87 1 U 55
88 0 L 44
89 1 U 18
90 1 L 81
91 1 L 66
92 0 U 16
93 1 L 83
94 1 L 0
95 1 L 64
96 0 U 45
97
0 0 U -1
1 1 U -1
2 1 U 0
3 0 U 2
4 1 U -1
5 1 U -1
6 1 U 5
7 1 L 3
8 1 U 2
9 1 L -1
10 0 U 1
11 1 U -1
12 1 U 10
13 1 U 11
14 1 L 6
15 0 L -1
16 0 U 13
17 0 U 10
18 0 U 5
19 1 U 13
20 1 U -1
21 0 U 16
22 0 L 21
23 1 L 9
24 1 U 16
25 1 L 22
26 1 U 6
27 0 U 0
28 1 L 19
29 1 L 14
30 0 U -1
31 1 L 11
32 0 U -1
33 1 L 0
34 0 U 5
35 0 L 6
36 1 U -1
37 0 L 23
38 0 L 18
39 0 U 37
40 0 L 15
41 0 U 36
42 1 U 27
43 0 U 42
44 0 L 16
45 0 L 16
46 0 L 5
47 1 U 18
48 1 U 42
49 1 L 32
50 1 U 35
51 0 L 15
52 1 U 26
53 1 U 41
54 0 L 33
55 0 U -1
56 1 U 13
57 0 L -1
58 0 U 36
59 0 U 16
60 0 U 42
61 1 U 58
62 1 U 60
63 0 L 45
64 0 L -1
65 0 L 20
66 1 U 43
67 1 U 4
68 0 L 51
69 0 U 15
70 1 L 7
71 0 U 60
72 1 U 66
73 0 L 8
74 1 L 72
75 0 L 68
76 0 L 68
77 1 U 31
78 0 L 36
79 0 U 36
80 1 U 79
81 1 L 39
82 0 U 30
83 1 L 6
84 1 U 57
85 0 U 12
86 0 L 42
87 1 U 55
88 0 L 44
89 0 U 18
90 1 L 81
91 1 L 66
92 0 U 16
93 1 L 83
94 1 L 0
95 1 L 64
96 0 U 45
97
0 0 L -1
1 1 U -1
2 0 U 0
3 0 U 2
4 1 U -1
5 1 U -1
6 1 U 5
7 1 L 3
8 1 U 2
9 1 L -1
10 0 U 1
11 1 U -1
12 1 U 10
13 1 U 11
14 1 L 6
15 0 L -1
16 0 U 13
17 0 U 10
18 0 U 5
19 1 U 13
20 1 U -1
21 0 U 3
22 0 L 21
23 1 L 9
24 1 U 3
25 1 L 22
26 1 U 6
27 0 U 0
28 1 L 19
29 0 L 14
30 1 U -1
31 1 L 11
32 0 U -1
33 1 L 0
34 0 U 20
35 0 L 6
36 1 U -1
37 0 L 23
38 0 L 18
39 0 U 37
40 0 L 15
41 1 U 36
42 1 U 27
43 0 U 42
44 0 L 16
45 1 L 35
46 0 L 6
47 1 L 3
48 1 U 42
49 1 U 6
50 1 U 35
51 0 L 15
52 1 U 26
53 1 U 41
54 0 L 33
55 0 U -1
56 1 U 13
57 0 L -1
58 0 U 36
59 1 U 16
60 0 U 42
61 1 U 58
62 1 L 46
63 0 L 45
64 0 L 28
65 0 L 44
66 1 U 43
67 1 U 11
68 0 L 51
69 0 U 15
70 0 U 20
71 0 U 60
72 1 U 66
73 0 L 17
74 1 U 72
75 0 L 68
76 0 U 68
77 1 U 31
78 1 L 16
79 0 U 36
80 1 U 79
81 1 L 39
82 0 L 2
83 1 L 6
84 1 U 63
85 0 U 79
86 0 U 2
87 1 U 55
88 0 L 44
89 1 U 60
90 1 L 81
91 1 L 66
92 0 U 80
93 1 L 23
94 0 L 0
95 0 L 22
96 0 U 46
97
0 0 U -1
1 1 U -1
2 0 U 0
3 0 U 2
4 1 U -1
5 1 U -1
6 1 U 5
7 1 L 3
8 1 U 7
9 1 L -1
10 0 U 1
11 1 U -1
12 1 U 10
13 1 U 11
14 1 L 6
15 0 L -1
16 0 U 13
17 0 U 10
18 0 U 5
19 1 U 13
20 1 U -1
21 0 U 19
22 0 L 21
23 1 L 9
24 0 U 12
25 1 L 22
26 1 U 6
27 0 U 0
28 1 L 19
29 1 L 14
30 0 U -1
31 1 L 11
32 0 U -1
33 1 L 23
34 0 U 20
35 0 L 6
36 1 U -1
37 0 L 23
38 0 L 18
39 0 U 37
40 0 L 9
41 1 U 16
42 1 U 27
43 0 U 42
44 0 L 13
45 0 L 25
46 0 L 6
47 1 L 9
48 0 U 7
49 0 U 6
50 1 U 39
51 0 L 15
52 1 U 26
53 1 U 32
54 0 L 4
55 0 U -1
56 1 U 13
57 0 L -1
58 0 U 36
59 0 U 48
60 0 U 42
61 1 U 58
62 1 L 44
63 0 L 17
64 1 L 36
65 0 L 21
66 1 U 43
67 1 U 36
68 0 L 51
69 0 U 15
70 1 L -1
71 0 U 60
72 1 U 66
73 0 L 40
74 1 L 43
75 0 L 68
76 1 L -1
77 1 U 52
78 1 L 35
79 0 U 36
80 1 U 79
81 1 L 39
82 0 L 78
83 1 L 6
84 1 U 63
85 0 U 27
86 0 L 2
87 1 U 5
88 0 L 44
89 1 U 60
90 1 L 81
91 1 L 66
92 0 U 80
93 1 L 23
94 0 L 0
95 0 L 16
96 0 U 46
97
0 0 U -1
1 1 U -1
2 0 U 0
3 0 U 2
4 1 U -1
5 1 U -1
6 1 U 5
7 1 L 3
8 1 U 7
9 1 L -1
10 0 U 1
11 1 U -1
12 1 U -1
13 1 U 11
14 1 L 6
15 0 L -1
16 0 U 6
17 0 U 10
18 0 U 1
19 1 U 13
20 1 U -1
21 0 U 16
22 0 L 21
23 1 L 9
24 1 U 3
25 1 L 22
26 1 U 6
27 0 U 26
28 1 L 19
29 1 L 14
30 0 U -1
31 1 L 11
32 0 U -1
33 1 L 1
34 0 U 1
35 0 L 6
36 1 U -1
37 1 L 23
38 0 L 18
39 0 U 37
40 0 L 9
41 1 U 16
42 1 U 6
43 0 U 42
44 0 L 13
45 0 L 25
46 0 L 33
47 1 L 9
48 0 U 43
49 0 U 6
50 1 U 39
51 0 L 15
52 1 U 26
53 1 U 32
54 0 L 4
55 0 U -1
56 1 U 13
57 0 L -1
58 0 U 36
59 0 U 26
60 0 U 42
61 1 U 58
62 1 L 7
63 0 L 17
64 1 U 4
65 0 L 21
66 1 U 22
67 1 U 36
68 0 L 51
69 0 U 15
70 0 L 5
71 0 U 16
72 1 U 66
73 0 L -1
74 1 L 50
75 0 L 68
76 1 L 3
77 1 U 52
78 1 L 35
79 0 U 36
80 1 U 79
81 1 L 39
82 0 L 78
83 1 L 70
84 1 U 63
85 0 U 67
86 1 L 16
87 1 U 5
88 0 L 44
89 1 U 3
90 1 L 81
91 1 L 66
92 1 U 80
93 1 L 23
94 1 L 73
95 0 L 49
96 0 U 63
97
0 0 L -1
1 1 U -1
2 0 U 0
3 0 U 2
4 1 U -1
5 1 U -1
6 1 U 5
7 1 L 3
8 1 U 2
9 1 L -1
10 0 U 1
11 1 U -1
12 1 U 10
13 1 U 11
14 1 L 6
15 1 L -1
16 0 U 6
17 0 U 10
18 0 U 1
19 1 U 13
20 1 U -1
21 0 U 16
22 0 L 21
23 1 L 9
24 1 U 16
25 1 L 22
26 1 U 6
27 0 U 26
28 1 L 19
29 1 L 14
30 0 U -1
31 1 L 29
32 0 U -1
33 1 L 1
34 0 U 5
35 0 L 6
36 1 U -1
37 1 L 23
38 0 L 18
39 0 U 23
40 0 L 9
41 0 U 16
42 1 U 6
43 0 U 42
44 0 L 13
45 0 L 16
46 0 L 33
47 1 L 9
48 0 U 43
49 1 L 20
50 1 U 39
51 0 L 15
52 1 U 26
53 1 U 32
54 0 L 4
55 0 U -1
56 1 U 13
57 0 L -1
58 0 U 36
59 0 U 26
60 0 U 19
61 1 U 58
62 1 L -1
63 0 L 44
64 1 U 4
65 0 L 44
66 1 U 22
67 1 U 36
68 0 L 51
69 0 U 37
70 0 L 5
71 0 U 16
72 1 U 66
73 0 L -1
74 1 L 50
75 0 L 68
76 0 L 3
77 1 U 52
78 1 L 35
79 0 U 36
80 1 U 79
81 0 L 39
82 0 L 78
83 1 L 70
84 1 L 63
85 0 U 67
86 0 L 20
87 1 U 5
88 0 L 44
89 1 U 60
90 1 L 76
91 1 L 66
92 0 U 80
93 1 L 86
94 1 L 73
95 0 L 43
96 0 U 46
97
0 0 U -1
1 1 U -1
2 0 U 0
3 0 U 2
4 1 U -1
5 1 U -1
6 1 U 5
7 1 L 3
8 1 U 2
9 1 L -1
10 0 U 1
11 1 U -1
12 1 U 10
13 1 U 11
14 1 L 6
15 0 L -1
16 0 U 6
17 0 U 10
18 0 U 1
19 1 U 13
20 1 U -1
21 0 U 8
22 0 L 21
23 1 L 2
24 0 U 16
25 1 L 22
26 1 U 6
27 0 U 26
28 1 L 19
29 1 L 14
30 0 U -1
31 1 L 29
32 0 U -1
33 1 L 1
34 0 U 20
35 0 L 33
36 1 U -1
37 0 L 0
38 0 L 18
39 0 U 23
40 0 L 9
41 0 L 16
42 0 U 18
43 0 U 42
44 0 L 13
45 1 L 16
46 0 L 33
47 1 L 9
48 0 U 43
49 1 U 13
50 1 U 44
51 0 L 15
52 1 U 26
53 1 U 34
54 0 L 4
55 0 U -1
56 1 U 6
57 0 L -1
58 0 U 36
59 1 U 26
60 0 U 19
61 1 U 58
62 0 L -1
63 0 L 44
64 1 U 4
65 0 L 44
66 1 U 22
67 1 U 36
68 0 L 51
69 0 U 15
70 0 U 33
71 1 U 16
72 1 U 52
73 0 L -1
74 0 L 50
75 0 L 68
76 1 L 15
77 1 U 52
78 1 L 35
79 0 U 36
80 1 U 79
81 0 L 39
82 0 L 78
83 1 L 12
84 1 L 63
85 0 U 67
86 0 L 17
87 1 U 1
88 0 L 44
89 1 U 63
90 1 L 76
91 1 L 66
92 0 U 80
93 1 L 21
94 0 L 73
95 0 L 43
96 0 U 77
97
0 0 L -1
1 1 U -1
2 0 U 0
3 0 U 2
4 1 U -1
5 1 U -1
6 1 U 5
7 1 L 3
8 1 U 7
9 1 L -1
10 0 U 1
11 1 U -1
12 1 U 2
13 1 U 11
14 1 L 6
15 0 L -1
16 0 U 6
17 0 U 10
18 0 U 1
19 1 U 13
20 1 U -1
21 0 U 12
22 0 L 21
23 1 L 9
24 1 U 3
25 1 L 22
26 1 U 6
27 0 U 26
28 1 L 19
29 1 L 14
30 0 U -1
31 1 L 29
32 1 U -1
33 1 L 1
34 0 U 20
35 0 L 33
36 1 U -1
37 0 L 0
38 0 L 18
39 0 U 23
40 0 L 9
41 0 L 16
42 0 U 18
43 0 U 42
44 0 L 16
45 0 L 22
46 0 L 33
47 1 L 9
48 0 U 43
49 0 L 4
50 1 U 44
51 0 L 15
52 1 U 26
53 1 U 34
54 0 L 49
55 0 U -1
56 1 U 6
57 0 L -1
58 0 U 36
59 0 U 26
60 1 U 19
61 1 U 32
62 1 U -1
63 1 L 44
64 1 U -1
65 0 L 44
66 1 U 22
67 1 U 36
68 0 L 51
69 0 U 15
70 0 L 60
71 0 U 16
72 1 U 52
73 0 L -1
74 0 L 50
75 0 L 68
76 0 L 15
77 1 U 48
78 1 L 35
79 0 U 36
80 1 U 79
81 1 L 39
82 0 L 78
83 1 L 12
84 1 L 44
85 0 U 67
86 0 U 17
87 1 U 5
88 0 L 34
89 0 U 63
90 1 L 76
91 1 L 88
92 1 U 80
93 1 L 13
94 1 L 73
95 0 U 74
96 1 U 77
97
0 0 U -1
1 1 U -1
2 0 U 0
3 0 U 2
4 1 U -1
5 1 U -1
6 1 U 5
7 0 L 0
8 1 U 7
9 1 L -1
10 0 U 1
11 0 U -1
12 1 U 10
13 1 U 11
14 1 L 6
15 0 L -1
16 0 U 6
17 0 U 10
18 0 U 1
19 1 U 13
20 1 U -1
21 0 U 8
22 0 L 21
23 1 L 9
24 0 U 3
25 1 L 22
26 1 U 6
27 0 U 26
28 1 L 19
29 1 L 14
30 0 U -1
31 1 L 29
32 1 U -1
33 1 L 1
34 0 U 20
35 0 L 33
36 1 U -1
37 1 L 0
38 0 L 18
39 0 U 23
40 0 L 3
41 1 L 13
42 0 U 18
43 0 U 42
44 0 L 16
45 0 L 22
46 0 L 33
47 1 L 9
48 0 U 43
49 1 L 8
50 1 U 44
51 0 L 15
52 1 U 26
53 1 U 34
54 0 L 49
55 0 U -1
56 1 U 6
57 0 L -1
58 0 U 36
59 0 U 26
60 1 U 19
61 1 U 32
62 1 U 7
63 1 L 44
64 1 L -1
65 0 L 44
66 1 U 22
67 1 U 36
68 0 L 51
69 0 U 48
70 0 L 47
71 0 U 3
72 1 U 52
73 1 L -1
74 0 L 50
75 0 L 68
76 1 L 15
77 1 U 48
78 1 L 35
79 0 U -1
80 1 U 11
81 0 L 39
82 0 L 78
83 1 L 12
84 1 L 17
85 0 U 79
86 0 U 46
87 1 U 5
88 0 L 34
89 0 U 63
90 1 L 76
91 1 L 88
92 1 U 80
93 1 L 82
94 0 L 93
95 0 U 76
96 0 U 7
97
0 0 L -1
1 1 U -1
2 0 U 0
3 0 U 2
4 1 U -1
5 1 U -1
6 1 U 5
7 0 L 0
8 1 U 7
9 1 L -1
10 0 U 1
11 1 U -1
12 1 U -1
13 1 U 11
14 1 L 6
15 0 L -1
16 0 U 6
17 0 U 10
18 0 U 1
19 1 U 13
20 1 U -1
21 0 U 14
22 0 L 21
23 1 L 9
24 0 U 8
25 1 L 22
26 1 U 6
27 0 U 26
28 1 L 19
29 1 L 14
30 1 U -1
31 1 L 29
32 1 U -1
33 1 L 1
34 0 U 20
35 0 L 33
36 1 U -1
37 1 L 0
38 0 L 18
39 0 U 23
40 0 L 3
41 1 L 40
42 0 U 18
43 0 U 42
44 0 L 16
45 0 L 28
46 0 L 33
47 1 L 9
48 0 U 43
49 0 L 8
50 1 U 44
51 0 L 15
52 1 U 26
53 1 U 34
54 0 L 49
55 0 U -1
56 1 U 6
57 0 L -1
58 0 U 36
59 0 U 27
60 0 U 19
61 1 U 32
62 0 L 27
63 0 L 44
64 0 U -1
65 0 L 18
66 1 U 22
67 1 U 30
68 0 L 51
69 0 U 48
70 1 L 25
71 0 U 3
72 1 U 52
73 0 U -1
74 0 L 50
75 0 L 68
76 1 L 15
77 1 U 52
78 1 L 35
79 0 U -1
80 1 U 11
81 0 L 21
82 0 L 78
83 1 L 6
84 1 L 44
85 0 U 58
86 1 U 82
87 1 U 32
88 0 L 34
89 1 U 63
90 1 L 76
91 1 L 88
92 0 U 80
93 1 L 82
94 0 L -1
95 0 U 76
96 0 U 60
97
0 0 L -1
1 1 U -1
2 0 U 0
3 0 U 2
4 1 U -1
5 1 U -1
6 1 U 5
7 0 L 0
8 1 U 7
9 1 L -1
10 0 U 1
11 1 U -1
12 1 U 2
13 1 U 11
14 1 L 6
15 1 L -1
16 0 U 13
17 0 U 10
18 0 U 1
19 1 U 13
20 1 U -1
21 0 U 14
22 0 L 21
23 1 L 9
24 0 U 3
25 1 L 22
26 1 U 6
27 0 U 26
28 1 L 19
29 1 L 14
30 0 U -1
31 1 L 29
32 1 U -1
33 1 L 1
34 0 U 20
35 0 L 33
36 1 U -1
37 1 L 0
38 0 L 18
39 0 U 37
40 0 L 3
41 0 L 18
42 0 U 18
43 0 U 42
44 0 L 35
45 0 L 27
46 0 L 33
47 1 L 9
48 0 U 43
49 1 L 40
50 1 U 44
51 0 L 15
52 1 U 26
53 1 U 34
54 1 L -1
55 0 U -1
56 1 U 6
57 0 L -1
58 0 U 36
59 0 U 26
60 0 U 19
61 1 U 32
62 1 L 9
63 0 L 44
64 1 L -1
65 0 L 44
66 1 U 22
67 1 U 30
68 0 L 51
69 0 U 23
70 0 U 6
71 0 U 3
72 1 U 52
73 1 U -1
74 0 L 50
75 0 L 68
76 1 L 15
77 1 U 52
78 1 L 35
79 0 U -1
80 1 U 30
81 0 L 21
82 0 L 78
83 1 L 49
84 1 L 44
85 0 U 11
86 0 U 82
87 1 U 11
88 0 L 43
89 1 U 63
90 1 L 76
91 1 L 66
92 1 U 56
93 1 L 82
94 0 U -1
95 0 U 84
96 0 U 60
97
0 0 U -1
1 1 U -1
2 0 U 0
3 0 U 2
4 1 U -1
5 1 U -1
6 1 U 5
7 0 L 0
8 1 U 7
9 1 L -1
10 0 U 1
11 1 U -1
12 1 U -1
13 1 U 11
14 1 L 6
15 0 L -1
16 0 U 13
17 0 U 10
18 0 U 1
19 1 U 13
20 1 U -1
21 0 U 14
22 0 L 21
23 1 L 9
24 0 U 3
25 1 L 22
26 1 U 6
27 0 U 26
28 1 L 19
29 0 L 14
30 1 U -1
31 1 L 11
32 1 U -1
33 1 L 1
34 0 U 20
35 0 L 6
36 1 U -1
37 1 L 23
38 0 L 18
39 0 U 37
40 0 L 3
41 0 U 13
42 0 U 18
43 0 U 42
44 0 L 35
45 0 L 27
46 0 L 33
47 1 L 9
48 0 U 45
49 0 L 40
50 1 U 44
51 0 L 9
52 1 U 26
53 1 U 34
54 1 L -1
55 0 U -1
56 1 U 6
57 0 L -1
58 0 U 36
59 1 U 26
60 0 U 19
61 1 U 32
62 1 L 2
63 0 L 44
64 1 U -1
65 0 L 18
66 1 U 22
67 1 U 32
68 0 L 51
69 0 U 23
70 0 U 6
71 0 U 3
72 1 U 52
73 0 L 12
74 1 L 50
75 0 L 68
76 1 L 15
77 1 U 52
78 1 L 35
79 0 U -1
80 1 U 34
81 0 L 18
82 1 L 78
83 1 L 49
84 1 L 44
85 0 U 18
86 0 U 82
87 1 U 79
88 0 L 25
89 0 U 63
90 1 L 76
91 1 L 66
92 0 U 3
93 1 L 21
94 0 U -1
95 0 U 84
96 0 U 60
97
0 0 U -1
1 1 U -1
2 0 U 0
3 0 U 2
4 1 U -1
5 1 U -1
6 1 U 5
7 0 L 0
8 1 U 7
9 1 L -1
10 0 U 1
11 1 U -1
12 1 U 2
13 1 U 11
14 1 L 6
15 1 L -1
16 0 U 13
17 0 U 10
18 0 U 5
19 1 U 13
20 1 U -1
21 0 U 14
22 0 L 21
23 1 L 2
24 0 U 8
25 1 L 22
26 1 U 6
27 0 U 26
28 1 L 19
29 0 L 14
30 1 U -1
31 1 L 11
32 1 U -1
33 1 L 4
34 0 U 20
35 0 L 6
36 1 U -1
37 1 L 23
38 0 L 18
39 0 U 37
40 0 L 3
41 1 U 4
42 0 U 10
43 1 U 14
44 0 L 35
45 0 L 27
46 0 L 33
47 1 L 2
48 0 U 45
49 1 L 40
50 1 U 44
51 0 L 15
52 1 U 26
53 1 U 34
54 0 L 44
55 0 U -1
56 1 U 6
57 0 L -1
58 0 U 36
59 0 U 16
60 0 U 19
61 1 U 32
62 1 L 2
63 0 L 44
64 0 U -1
65 0 L 18
66 1 U 22
67 1 U 64
68 0 L 51
69 0 U 23
70 1 L 35
71 0 U 8
72 1 U 52
73 0 L 53
74 0 L 50
75 0 L 68
76 1 L 15
77 1 U 52
78 1 L 35
79 0 U -1
80 1 U 34
81 0 L 18
82 1 L 78
83 1 L 75
84 1 L 31
85 0 U 79
86 0 U 82
87 1 U 79
88 0 L 63
89 0 U 63
90 1 L 76
91 1 L 66
92 0 U 3
93 1 L 21
94 0 L -1
95 1 L 73
96 0 U 12
97
0 0 U -1
1 1 U -1
2 0 U 0
3 0 U 2
4 1 U -1
5 1 U -1
6 1 U 5
7 0 L 0
8 1 U 7
9 0 L -1
10 0 U 1
11 1 U -1
12 1 U 2
13 1 U 11
14 1 L 6
15 1 L -1
16 0 U 13
17 0 U 10
18 0 U 1
19 1 U 13
20 0 U -1
21 0 U 8
22 0 L 21
23 1 L 2
24 1 U 8
25 1 L 22
26 1 U 6
27 0 U 26
28 1 L 19
29 0 L 5
30 0 U -1
31 1 L 11
32 1 U -1
33 1 L 7
34 0 U 1
35 0 L 6
36 1 U -1
37 1 L 23
38 0 L 18
39 0 U 37
40 0 L 15
41 0 U 34
42 0 U 10
43 1 U 16
44 0 L 35
45 0 L 27
46 0 L 33
47 1 L 2
48 0 U 41
49 0 L 17
50 1 U 39
51 0 L 15
52 1 U 26
53 1 U 4
54 1 L 44
55 0 U -1
56 1 U 6
57 0 L -1
58 0 U 36
59 0 U 16
60 1 U 7
61 1 U 32
62 1 U 39
63 0 L 44
64 1 U -1
65 0 L 18
66 1 U 22
67 0 U 7
68 0 L 51
69 0 U 23
70 1 L 30
71 0 U 3
72 1 U 52
73 0 L 53
74 1 L 50
75 0 L 68
76 0 L 2
77 1 U 52
78 1 L 35
79 0 U -1
80 0 U 30
81 0 L 43
82 0 L 78
83 1 L 75
84 1 L 17
85 0 U 77
86 0 L 68
87 1 U 30
88 0 L 43
89 0 U 63
90 1 L 76
91 1 L 89
92 0 U 3
93 1 L 21
94 1 U -1
95 1 U 45
96 0 U 12
97
0 0 U -1
1 1 U -1
2 0 U 0
3 0 U 2
4 1 U -1
5 1 U -1
6 1 U 5
7 0 L 0
8 1 U 7
9 0 L -1
10 0 U 1
11 1 U -1
12 1 U 10
13 1 U 11
14 1 L 6
15 1 L -1
16 0 U 13
17 0 U 10
18 0 U 1
19 1 U 13
20 0 U -1
21 0 U 12
22 0 L 21
23 1 L 2
24 1 U 8
25 0 L 22
26 1 U 6
27 0 U 26
28 1 L 25
29 0 L 5
30 0 U -1
31 1 L 11
32 1 U -1
33 1 L 7
34 0 U 1
35 0 L 6
36 1 U -1
37 1 L 23
38 0 L 18
39 0 U 23
40 0 L 3
41 0 U 34
42 0 U 10
43 1 U 8
44 0 L 35
45 0 L 32
46 0 L 33
47 1 L 15
48 0 U 41
49 1 L 27
50 1 U 39
51 0 L 15
52 1 U 26
53 1 U 4
54 1 L 41
55 0 U 36
56 1 U 6
57 0 L -1
58 0 U 36
59 0 U 16
60 0 U 7
61 1 U 32
62 1 U 8
63 1 L 44
64 1 L -1
65 0 L 21
66 1 U 59
67 0 U 42
68 0 L 51
69 0 U 23
70 1 L 62
71 0 U 3
72 1 U 52
73 1 L 53
74 1 L 30
75 0 L 68
76 0 L 2
77 1 U 52
78 1 L 34
79 0 U -1
80 0 U 30
81 1 L 16
82 0 L 35
83 1 L 75
84 0 L 17
85 0 U 77
86 1 L 7
87 1 U 30
88 0 L 39
89 1 U 63
90 1 L 76
91 1 L 89
92 0 U 3
93 1 L 21
94 1 U -1
95 1 U 45
96 0 U 53
97
0 0 U -1
1 1 U -1
2 0 U 0
3 0 U 2
4 1 U -1
5 1 U -1
6 1 U 5
7 0 L 0
8 1 U 7
9 1 L -1
10 0 U 1
11 0 U -1
12 1 U 10
13 1 U 4
14 1 L 6
15 0 L -1
16 0 U 13
17 0 U 8
18 0 U 1
19 1 U 6
20 0 U -1
21 0 U 3
22 0 L 21
23 1 L 2
24 1 U 12
25 0 L 22
26 1 U 6
27 0 U 26
28 1 L 25
29 0 L 4
30 0 U -1
31 1 L 29
32 1 U -1
33 1 L 7
34 0 U 1
35 0 L 6
36 1 U -1
37 1 L 23
38 0 L 18
39 0 U 31
40 0 L -1
41 1 U 34
42 0 U 10
43 1 U 12
44 0 L 35
45 0 L 28
46 0 L 33
47 1 L 15
48 0 U 41
49 0 L 28
50 1 U 39
51 0 L 15
52 1 U 26
53 1 U 4
54 1 L 47
55 0 U 36
56 1 U 6
57 0 L -1
58 0 U 36
59 0 U 27
60 0 U 28
61 1 U 32
62 1 L 26
63 1 L 44
64 1 U -1
65 0 L 18
66 1 U 59
67 0 U 42
68 0 L 51
69 0 U 23
70 0 U 19
71 0 U 3
72 1 U 66
73 1 L 53
74 1 L 34
75 0 L 1
76 0 L 2
77 1 U 52
78 0 L 34
79 0 U -1
80 0 U 32
81 1 L 13
82 0 L 35
83 1 L 5
84 0 L 17
85 1 U 77
86 0 U 42
87 1 U 30
88 0 L 24
89 0 U 68
90 1 L 76
91 1 L 89
92 0 U 3
93 1 L 18
94 1 U -1
95 0 L -1
96 0 U 3
97
0 0 U -1
1 1 U -1
2 0 U 0
3 0 U 2
4 1 U -1
5 1 U -1
6 1 U 5
7 0 L 0
8 1 U 7
9 1 L -1
10 0 U 1
11 0 U -1
12 1 U -1
13 1 U 4
14 1 L 6
15 0 L -1
16 0 U 13
17 0 U 8
18 0 U 11
19 1 U 6
20 0 U -1
21 0 U 3
22 0 L 21
23 1 L 2
24 1 U 3
25 0 L 22
26 1 U 6
27 0 U 26
28 1 L 25
29 0 L 4
30 0 U -1
31 1 L 29
32 1 U -1
33 1 L 7
34 0 U 1
35 0 L 6
36 1 U -1
37 1 L 23
38 0 L 18
39 0 U 17
40 0 L -1
41 0 U 34
42 0 U 10
43 1 U 14
44 0 L 35
45 0 L 28
46 0 L 33
47 1 L 15
48 0 U 0
49 0 L 28
50 1 U 39
51 0 L 15
52 1 U 26
53 1 U 4
54 0 L 47
55 0 U 36
56 1 U 6
57 0 L -1
58 0 U 36
59 0 U 27
60 0 U 51
61 1 U 32
62 0 U 26
63 1 L 44
64 0 U -1
65 0 L 18
66 1 U 59
67 0 U 42
68 0 L 51
69 0 U 23
70 0 L 1
71 0 U 3
72 1 U 66
73 1 L 54
74 1 L 55
75 0 L 1
76 0 L 51
77 1 U 52
78 0 L 34
79 0 U -1
80 0 U 0
81 1 U 13
82 0 L 35
83 1 L 5
84 0 L 17
85 1 U 49
86 1 U 75
87 0 U 30
88 0 L 24
89 0 U 68
90 1 L 76
91 1 L 89
92 0 U 3
93 1 L 18
94 0 L -1
95 1 L 65
96 0 U 3
97
0 0 L -1
1 1 U -1
2 0 U 0
3 0 U 2
4 1 U -1
5 1 U -1
6 1 U 5
7 0 L 0
8 1 U 7
9 1 L -1
10 0 U 1
11 0 U -1
12 1 U 10
13 1 U 4
14 1 L 6
15 0 L -1
16 0 U 13
17 0 U 8
18 0 U 5
19 1 U 6
20 0 U -1
21 0 U 3
22 0 L 21
23 1 L 2
24 1 U 8
25 0 L 22
26 1 U 6
27 0 U 26
28 1 L 25
29 0 L 4
30 0 U -1
31 1 L 29
32 1 U -1
33 1 L 7
34 0 U 1
35 0 L 6
36 1 U -1
37 1 L 23
38 0 L 21
39 0 U 17
40 0 L -1
41 1 U 34
42 0 U 18
43 1 U 14
44 0 L 35
45 0 L 28
46 0 L 33
47 1 L 15
48 0 U 27
49 0 L 28
50 1 U 39
51 0 L 15
52 1 U 26
53 1 U 4
54 0 L 47
55 0 U 36
56 1 U 6
57 0 L -1
58 0 U 36
59 0 U 27
60 0 U 51
61 1 U 32
62 0 U 26
63 1 L 44
64 1 U -1
65 0 L 18
66 1 U 59
67 0 U 42
68 0 L 51
69 0 U 23
70 1 L 1
71 0 U 3
72 1 U 66
73 1 L 4
74 0 L 55
75 0 L 1
76 0 L 12
77 1 U 52
78 0 L 52
79 0 U -1
80 0 U 0
81 1 L 13
82 0 L 35
83 1 L 6
84 0 L 17
85 1 U 49
86 1 U 80
87 0 U 30
88 0 L 24
89 0 U 68
90 1 L 40
91 1 L 89
92 0 U 3
93 1 L 21
94 1 L -1
95 1 L 65
96 0 U 3
97
0 0 U -1
1 1 U -1
2 0 U 0
3 0 U 2
4 1 U -1
5 1 U -1
6 1 U 5
7 0 L 0
8 1 U 7
9 1 L -1
10 0 U 1
11 0 U -1
12 1 U 10
13 1 U 4
14 1 L 6
15 0 L -1
16 0 U 13
17 0 U 8
18 0 U 5
19 1 U 13
20 0 U -1
21 0 U 14
22 0 L 21
23 1 L 9
24 1 U 14
25 0 L 22
26 1 U 6
27 0 U 26
28 1 L 25
29 0 L 8
30 0 U -1
31 1 L 29
32 1 U -1
33 1 L 8
34 0 U 1
35 0 L 6
36 1 U -1
37 1 L 23
38 0 L 21
39 0 U 37
40 0 L -1
41 0 U 34
42 0 U 10
43 1 U 14
44 0 L 35
45 0 L 7
46 0 L 33
47 1 L 15
48 0 U 27
49 0 L 47
50 1 U 39
51 0 L 15
52 1 U 26
53 1 U 4
54 0 L 38
55 0 U 36
56 1 U 6
57 0 L -1
58 0 U 36
59 1 U 27
60 0 U 51
61 1 U 32
62 0 U 26
63 1 L 44
64 1 U -1
65 0 L 18
66 1 U 59
67 0 U 42
68 0 L 51
69 0 U 23
70 0 L 68
71 0 U 3
72 1 U 66
73 0 L 35
74 0 L 55
75 0 L 1
76 0 L 74
77 1 U 52
78 0 L 52
79 0 U -1
80 0 U 0
81 1 U 13
82 0 L 35
83 1 L 6
84 0 L 17
85 1 U 60
86 0 U 11
87 0 U 79
88 0 L 24
89 0 U 68
90 1 L 40
91 1 L 89
92 0 U 67
93 1 L 21
94 1 L -1
95 1 L 65
96 0 U 16
97
0 0 U -1
1 1 U -1
2 0 U 0
3 0 U 2
4 1 U -1
5 1 U -1
6 1 U 5
7 0 L 0
8 1 U 7
9 1 L -1
10 0 U 1
11 0 U -1
12 1 U 7
13 1 U 4
14 1 L 6
15 0 L -1
16 0 U 13
17 0 U 8
18 0 U 5
19 1 U 4
20 1 U -1
21 0 U 19
22 0 L 21
23 1 L 9
24 1 U 8
25 0 L 22
26 1 U 6
27 0 U 26
28 1 L 25
29 0 L 8
30 1 U -1
31 1 L 29
32 1 U -1
33 1 L 7
34 0 U 5
35 0 L 6
36 1 U -1
37 1 L 23
38 0 L 21
39 0 U 17
40 0 L -1
41 0 U 34
42 0 U 10
43 1 U 14
44 0 L 35
45 0 L 1
46 0 L 33
47 1 L 15
48 0 U 26
49 1 L 13
50 1 U 39
51 0 L 15
52 1 U 26
53 1 U 4
54 0 L 12
55 0 U 36
56 1 U 6
57 0 L -1
58 0 U 36
59 0 U 27
60 0 U 51
61 1 U 32
62 1 U 36
63 1 L 44
64 1 U -1
65 0 L 18
66 1 U 59
67 0 U 42
68 0 L 51
69 0 U 23
70 1 U 68
71 0 U 3
72 1 U 66
73 1 L 58
74 0 L 53
75 0 L 68
76 1 L 21
77 1 U 52
78 0 L 69
79 0 U -1
80 0 U 0
81 1 U 13
82 0 L 35
83 1 L 6
84 0 L 17
85 1 U 60
86 0 U 11
87 0 U 79
88 0 L 24
89 0 U 68
90 1 L 2
91 1 L 89
92 0 U 67
93 1 L 21
94 1 L -1
95 1 L 65
96 0 U 16
97
0 0 L -1
1 1 U -1
2 0 U 0
3 0 U 2
4 1 U -1
5 1 U -1
6 1 U 5
7 0 L 0
8 1 U 7
9 1 L -1
10 0 U 1
11 0 U -1
12 1 U 7
13 1 U 4
14 1 L 6
15 0 L -1
16 0 U 13
17 0 U 8
18 0 U 5
19 1 U 0
20 1 U -1
21 0 U 12
22 0 L 21
23 1 L 9
24 1 U 8
25 0 L 22
26 1 U 6
27 0 U 26
28 1 L 25
29 1 L 0
30 0 U -1
31 1 L 14
32 1 U -1
33 1 L 7
34 0 U 5
35 0 L 6
36 1 U -1
37 0 L 23
38 0 L 21
39 0 U 15
40 0 L -1
41 1 U 4
42 0 U 10
43 1 U 14
44 0 L 35
45 0 L 35
46 1 L 33
47 1 L 2
48 0 U 27
49 1 L 7
50 1 U 39
51 0 L 15
52 1 U 26
53 1 U 4
54 0 L 37
55 0 U -1
56 1 U 6
57 0 L -1
58 0 U 36
59 0 U 27
60 1 U 51
61 1 U 32
62 0 L 47
63 1 L 44
64 1 U -1
65 0 L 18
66 1 U 59
67 0 U 42
68 0 L 51
69 0 U 37
70 1 L 60
71 0 U 3
72 1 U 66
73 0 L 56
74 0 L 53
75 0 L 68
76 0 U 13
77 1 U 52
78 1 L 69
79 0 U -1
80 0 U 0
81 1 U 41
82 0 L 35
83 1 L 37
84 0 L 17
85 1 U 60
86 0 U 11
87 0 U 79
88 0 L 24
89 0 U 68
90 1 L 2
91 1 L 89
92 0 U 67
93 1 L 21
94 0 L -1
95 1 L 19
96 0 U 16
97
0 0 L -1
1 1 U -1
2 0 U 0
3 0 U 2
4 1 U -1
5 1 U -1
6 1 U 5
7 0 L 0
8 1 U 7
9 1 L -1
10 0 U 1
11 0 U -1
12 1 U 2
13 1 U 4
14 1 L 6
15 0 L -1
16 0 U 13
17 0 U 3
18 0 U 5
19 1 U 0
20 1 U -1
21 0 U 8
22 0 L 21
23 1 L 9
24 1 U 8
25 0 L 22
26 1 U 6
27 0 U 26
28 1 L 25
29 0 L 0
30 0 U -1
31 0 L 14
32 1 U -1
33 1 L 7
34 0 U 5
35 0 L 6
36 1 U -1
37 0 L 23
38 0 L 21
39 0 U 15
40 0 L -1
41 1 U 34
42 0 U 10
43 1 U 14
44 0 L 35
45 0 L 28
46 0 L 33
47 1 L 2
48 0 U 0
49 1 U 8
50 1 U 39
51 0 L 15
52 1 U 26
53 1 U 4
54 0 L 37
55 0 U 36
56 1 U 6
57 0 L -1
58 0 U 36
59 0 U 27
60 0 U 57
61 1 U 32
62 0 L 22
63 1 L 44
64 1 U -1
65 0 L 44
66 1 U 59
67 0 U 42
68 0 L 51
69 0 U 37
70 1 L 34
71 0 U 3
72 1 U 66
73 0 L 56
74 0 L 53
75 0 L 68
76 0 U 6
77 1 U 52
78 1 L 69
79 0 U -1
80 0 U 0
81 1 U 41
82 0 L 35
83 1 L 37
84 0 L 17
85 1 U 70
86 0 U 11
87 0 U 79
88 0 L 24
89 0 U 68
90 1 L 2
91 1 L 89
92 0 U 67
93 1 L 18
94 0 L -1
95 1 L 90
96 0 U 16
97
0 0 U -1
1 1 U -1
2 0 U 0
3 0 U 2
4 1 U -1
5 1 U -1
6 1 U 5
7 0 L 0
8 1 U 7
9 1 L -1
10 0 U 5
11 0 U -1
12 1 U 10
13 1 U 4
14 1 L 6
15 1 L -1
16 0 U 13
17 0 U 7
18 0 U 5
19 1 U 4
20 1 U -1
21 0 U 14
22 0 L 21
23 1 L 2
24 1 U 8
25 0 L 22
26 1 U 6
27 0 U 26
28 1 L 25
29 1 L 0
30 0 U -1
31 1 L 14
32 1 U -1
33 1 L 7
34 0 U 5
35 0 L 6
36 1 U -1
37 0 L 23
38 0 L 21
39 0 U 37
40 0 L -1
41 1 U 34
42 0 U 18
43 0 U 27
44 0 L 16
45 0 L 28
46 1 L 33
47 1 L 2
48 0 U 5
49 1 L 8
50 1 U 39
51 0 L 15
52 1 U 26
53 1 U 34
54 0 L 38
55 0 U 36
56 1 U 6
57 0 L -1
58 0 U 36
59 1 U 27
60 0 L -1
61 1 U 32
62 1 U 10
63 1 L 44
64 1 U -1
65 0 L 44
66 1 U 59
67 0 U 42
68 0 L 51
69 0 U 24
70 1 L 39
71 0 U 3
72 1 U 66
73 0 U 67
74 0 L 52
75 0 L 68
76 0 U 61
77 1 U 52
78 1 L 25
79 0 U -1
80 0 U 0
81 1 L 41
82 0 L 35
83 1 L 37
84 0 L 17
85 1 U 53
86 0 U 28
87 0 U 30
88 0 L 28
89 0 U 68
90 1 L 9
91 1 L 89
92 0 U 67
93 1 L 18
94 0 L -1
95 1 L 90
96 0 U 16
