39
0 0 U -1
1 0 U -1
2 0 U -1
3 0 U -1
4 0 U -1
5 0 U -1
6 0 U -1
7 0 U -1
8 0 U -1
9 0 U -1
10 0 U -1
11 0 U -1
12 0 U -1
13 0 U -1
14 0 U -1
15 0 U -1
16 0 U -1
17 0 U -1
18 0 U -1
19 0 U -1
20 0 U -1
21 0 U -1
22 0 U -1
23 0 U -1
24 0 U -1
25 0 U -1
26 0 U -1
27 0 U -1
28 0 U -1
29 0 U -1
30 0 U -1
31 0 U -1
32 0 U -1
33 0 U -1
34 0 U -1
35 0 U -1
36 0 U -1
37 0 U -1
38 0 U -1
39
0 0 L -1
1 0 U -1
2 0 L -1
3 1 U -1
4 1 U 0
5 1 L 2
6 0 U -1
7 0 L -1
8 0 L 7
9 1 U 2
10 0 U 6
11 0 U 6
12 0 U -1
13 0 U 4
14 1 L 2
15 1 U 13
16 0 U 11
17 1 L 11
18 1 L -1
19 1 L 3
20 1 L 18
21 0 U -1
22 1 L 20
23 1 U -1
24 0 U 18
25 1 L 24
26 0 U 10
27 1 L 1
28 1 L 23
29 1 L 26
30 0 L 26
31 0 U 22
32 0 L 19
33 0 L 3
34 1 L 25
35 1 L 1
36 1 L 3
37 1 U 29
38 1 L -1
39
0 0 U -1
1 0 U -1
2 0 L -1
3 1 U -1
4 1 U 0
5 0 L 2
6 0 U -1
7 1 L -1
8 1 U 6
9 1 U 2
10 1 U 6
11 0 U 6
12 0 U -1
13 0 U 4
14 0 L 6
15 0 U 7
16 1 U 11
17 1 L 6
18 1 L -1
19 0 L 18
20 1 L 18
21 0 U -1
22 0 U 14
23 1 U -1
24 0 U 22
25 1 L 24
26 0 U 23
27 1 L 19
28 1 L 23
29 1 L 26
30 0 L 26
31 0 U 14
32 1 U 14
33 0 L 27
34 1 L 26
35 1 L 10
36 1 L 4
37 1 U 29
38 1 L -1
39
0 0 L -1
1 0 U -1
2 0 L -1
3 1 U -1
4 1 U 0
5 0 L 2
6 0 U -1
7 1 L -1
8 1 U 2
9 1 U 2
10 1 U 6
11 0 U 6
12 0 U -1
13 0 U 4
14 0 L 6
15 0 U 13
16 0 U 2
17 0 L 9
18 1 L -1
19 0 L 18
20 1 L 18
21 0 U -1
22 0 U 16
23 1 U -1
24 0 U 22
25 1 L 24
26 0 U 23
27 1 L 2
28 1 L 23
29 1 L 26
30 0 L 16
31 0 U 30
32 0 L 3
33 0 L 27
34 1 L 16
35 1 L 10
36 1 L 2
37 1 U 2
38 1 L -1
39
0 0 U -1
1 0 U -1
2 0 L -1
3 1 U -1
4 1 U 0
5 0 L 2
6 0 U -1
7 0 L -1
8 1 U 6
9 1 U 2
10 1 U 6
11 0 U 6
12 0 U -1
13 0 U 8
14 0 L 11
15 0 U 13
16 0 U 11
17 0 L 6
18 1 L -1
19 0 L 18
20 1 L 18
21 0 U -1
22 0 U 18
23 1 U -1
24 0 U 22
25 1 L 24
26 0 U 23
27 1 L 1
28 1 L 23
29 1 L 26
30 0 L 26
31 0 U 30
32 0 L 19
33 0 L 27
34 1 L 16
35 1 L 3
36 1 L 20
37 1 U 2
38 1 L -1
39
0 0 L -1
1 0 U -1
2 0 L -1
3 1 U -1
4 1 U 0
5 0 L 2
6 0 U -1
7 0 L -1
8 1 U 6
9 1 U 2
10 1 U 6
11 0 U 6
12 0 U -1
13 0 U 8
14 0 L 11
15 0 U 13
16 0 U 2
17 0 L 6
18 1 L -1
19 0 L 18
20 1 L 18
21 0 U -1
22 0 U 18
23 1 U -1
24 0 U 22
25 1 L 24
26 0 U 23
27 1 L 2
28 1 L 23
29 1 L 26
30 0 L 16
31 0 U 30
32 0 L 1
33 0 L 27
34 1 L 16
35 1 L 3
36 1 L 4
37 1 U 11
38 0 L -1
39
0 0 U -1
1 0 U -1
2 0 L -1
3 1 U -1
4 1 U 0
5 0 L 2
6 0 U -1
7 1 L -1
8 1 U 6
9 1 U 2
10 1 U 6
11 0 U 6
12 0 U -1
13 0 U 8
14 0 L 11
15 0 U 7
16 0 U 2
17 0 L 6
18 1 L -1
19 0 L 18
20 1 L 18
21 0 U -1
22 1 U 18
23 1 U -1
24 0 U 22
25 1 L 24
26 0 U 23
27 1 L 2
28 1 L 23
29 1 L 26
30 0 L 16
31 0 L 26
32 1 L 9
33 0 L 5
34 1 L 26
35 1 L 10
36 1 L 4
37 1 U 29
38 1 L -1
39
0 0 L -1
1 0 U -1
2 0 L -1
3 1 U -1
4 1 U 0
5 0 L 2
6 0 U -1
7 1 L -1
8 1 U 6
9 1 U 2
10 1 U 6
11 0 U 6
12 0 U -1
13 0 U 8
14 0 L 6
15 0 U 13
16 1 U 2
17 1 L 11
18 1 L -1
19 0 L 18
20 1 L 18
21 0 U -1
22 0 U 20
23 1 U -1
24 0 U 22
25 1 L 24
26 0 U 23
27 1 L 19
28 1 L 23
29 1 L 26
30 0 L 16
31 0 L 26
32 1 L 9
33 0 L 5
34 1 L 25
35 1 L 5
36 1 L 20
37 1 U 2
38 1 L -1
39
0 0 L -1
1 0 U -1
2 0 L -1
3 1 U -1
4 1 U 0
5 0 L 2
6 0 U -1
7 0 L -1
8 1 U 2
9 1 U 2
10 1 U 6
11 0 U 6
12 0 U -1
13 0 U 4
14 0 L 9
15 0 U 5
16 1 U 11
17 1 L 9
18 1 L -1
19 0 L 18
20 1 L 18
21 0 U -1
22 0 U 20
23 1 U -1
24 0 U 22
25 1 L 24
26 0 U 23
27 1 L 1
28 1 L 23
29 1 L 26
30 0 L 26
31 0 L 26
32 0 L 2
33 0 L 5
34 1 L 26
35 1 L 10
36 1 L 8
37 1 U 29
38 0 L -1
39
0 0 L -1
1 0 U -1
2 0 L -1
3 1 U -1
4 1 U 0
5 0 L 2
6 0 U -1
7 0 L -1
8 1 U 2
9 1 U 2
10 1 U 6
11 0 U 6
12 0 U -1
13 0 U 4
14 0 L 6
15 0 U 13
16 0 U 2
17 1 L 9
18 1 L -1
19 0 L 18
20 1 L 18
21 0 U -1
22 0 U 20
23 1 U -1
24 0 U 22
25 1 L 24
26 0 U 12
27 1 L 1
28 1 L 23
29 1 L 26
30 0 L 26
31 0 L 26
32 0 U 3
33 0 L 27
34 1 L 26
35 1 L 5
36 1 L 1
37 1 U 26
38 1 L -1
39
0 0 L -1
1 0 U -1
2 0 L -1
3 1 U -1
4 1 U 0
5 0 L 2
6 0 U -1
7 0 L -1
8 1 U 6
9 1 U 2
10 1 U 6
11 0 U 6
12 0 U -1
13 0 U 10
14 0 L 9
15 0 U 13
16 0 U 2
17 1 L 11
18 1 L -1
19 0 L 18
20 1 L 18
21 0 U -1
22 0 U 18
23 1 U -1
24 0 U 22
25 1 L 24
26 0 U 23
27 1 L 1
28 1 L 23
29 1 L 26
30 0 L 26
31 0 L 26
32 0 L 27
33 0 L 5
34 1 L 26
35 1 L 32
36 1 L 19
37 1 U 29
38 1 L -1
39
0 0 U -1
1 0 U -1
2 0 L -1
3 1 U -1
4 1 U 0
5 0 L 2
6 0 U -1
7 1 L -1
8 1 U 6
9 1 U 2
10 1 U 6
11 0 U 6
12 0 U -1
13 0 U 8
14 0 L 6
15 0 U 13
16 1 U 2
17 0 L 6
18 1 L -1
19 0 L 18
20 1 L 18
21 0 U -1
22 0 U 16
23 1 U -1
24 0 U 22
25 1 L 24
26 0 U 12
27 1 L 19
28 1 L 23
29 1 L 26
30 0 L 26
31 0 L 16
32 0 L 1
33 0 L 27
34 1 L 16
35 1 L 10
36 1 L 20
37 1 U 2
38 1 L -1
39
0 0 L -1
1 0 U -1
2 0 L -1
3 1 U -1
4 1 U 0
5 0 L 2
6 0 U -1
7 1 L -1
8 1 U 2
9 1 U 2
10 1 U 6
11 0 U 6
12 0 U -1
13 0 U 4
14 0 L 9
15 0 U 7
16 0 U 11
17 1 L 11
18 1 L -1
19 0 L 18
20 1 L 18
21 0 U -1
22 1 U 18
23 1 U -1
24 0 U 22
25 1 L 24
26 0 U 23
27 0 L 19
28 1 L 23
29 1 L 26
30 0 L 26
31 0 L 26
32 1 U -1
33 0 L 27
34 1 L 26
35 1 L 3
36 1 L 10
37 1 U 11
38 0 L -1
39
0 0 U -1
1 0 U -1
2 0 L -1
3 1 U -1
4 1 U 0
5 0 L 2
6 0 U -1
7 0 L -1
8 1 U 6
9 1 U 2
10 1 U 6
11 0 U 6
12 0 U -1
13 0 U 4
14 0 L 6
15 0 U 7
16 1 U 11
17 1 L 6
18 1 L -1
19 0 L 18
20 1 L 18
21 0 U -1
22 0 U 14
23 1 U -1
24 0 U 22
25 1 L 24
26 0 U 23
27 0 L 19
28 1 L 23
29 1 L 26
30 0 L 26
31 0 L 25
32 0 L 17
33 0 L 8
34 1 L 26
35 1 L 10
36 1 L 8
37 1 U 29
38 1 L -1
39
0 0 U -1
1 0 U -1
2 0 L -1
3 1 U -1
4 1 U 0
5 0 L 2
6 0 U -1
7 1 L -1
8 1 U 6
9 1 U 2
10 1 U 6
11 0 U 6
12 0 U -1
13 0 U 4
14 0 L 6
15 0 U 7
16 1 U 11
17 1 L 11
18 1 L -1
19 0 L 18
20 1 L 18
21 0 U -1
22 0 U 16
23 1 U -1
24 0 U 22
25 1 L 24
26 0 U 23
27 1 L 19
28 1 L 23
29 1 L 26
30 0 L 16
31 0 L 16
32 0 L 4
33 0 L 5
34 1 L 16
35 1 L 32
36 1 L 10
37 1 U 2
38 1 L -1
39
0 0 L -1
1 0 U -1
2 0 L -1
3 1 U -1
4 1 U 0
5 0 L 2
6 0 U -1
7 0 L -1
8 1 U 6
9 1 U 2
10 1 U 6
11 0 U 6
12 0 U -1
13 0 U 8
14 1 L 9
15 0 U 13
16 1 U 11
17 1 L 6
18 1 L -1
19 0 L 18
20 1 L 18
21 0 U -1
22 1 U 20
23 1 U -1
24 0 U 22
25 1 L 24
26 0 U 23
27 0 L 1
28 1 L 23
29 1 L 26
30 0 L 16
31 0 L 16
32 0 L 20
33 0 L 32
34 1 L 16
35 1 L 32
36 1 L 33
37 1 U 11
38 0 L -1
39
0 0 L -1
1 0 U -1
2 0 L -1
3 1 U -1
4 1 U 0
5 0 L 2
6 0 U -1
7 0 L -1
8 1 U 2
9 1 U 2
10 1 U 6
11 0 U 6
12 0 U -1
13 0 U 4
14 0 L 6
15 0 U 13
16 1 U 2
17 0 L 6
18 1 L -1
19 0 L 18
20 1 L 18
21 0 U -1
22 0 U 20
23 1 U -1
24 0 U 22
25 1 L 24
26 0 U 23
27 1 L 1
28 1 L 23
29 1 L 26
30 0 L 26
31 0 L 26
32 0 L 4
33 0 L 32
34 1 L 16
35 1 L 32
36 1 L 8
37 1 U 2
38 1 L -1
39
0 0 U -1
1 0 U -1
2 0 L -1
3 1 U -1
4 1 U 0
5 0 L 2
6 0 U -1
7 1 L -1
8 1 U 6
9 1 U 2
10 1 U 6
11 0 U 6
12 0 U -1
13 0 U 4
14 0 L 6
15 0 U 13
16 1 U 11
17 1 L 6
18 1 L -1
19 0 L 18
20 1 L 18
21 0 U -1
22 0 U 14
23 1 U -1
24 0 U 22
25 1 L 24
26 0 U 23
27 0 L 19
28 1 L 23
29 1 L 26
30 0 L 16
31 0 L 16
32 0 L 4
33 0 L 32
34 1 L 26
35 1 L 32
36 1 L 3
37 1 U 11
38 0 L -1
39
0 0 U -1
1 0 U -1
2 0 L -1
3 1 U -1
4 1 U 0
5 0 L 2
6 0 U -1
7 1 L -1
8 1 U 6
9 1 U 2
10 1 U 6
11 0 U 6
12 0 U -1
13 0 U 8
14 1 L 9
15 0 U 13
16 1 U 11
17 1 L 6
18 1 L -1
19 0 L 18
20 1 L 18
21 0 U -1
22 1 U 20
23 1 U -1
24 0 U 22
25 1 L 24
26 0 U 23
27 0 L 19
28 1 L 23
29 1 L 26
30 0 L 26
31 0 L 25
32 0 U 29
33 0 L 5
34 1 L 25
35 1 L 5
36 1 L 11
37 1 U 32
38 0 L -1
39
0 0 U -1
1 0 U -1
2 0 L -1
3 1 U -1
4 1 U 0
5 0 L 2
6 0 U -1
7 0 L -1
8 1 U 6
9 1 U 2
10 1 U 6
11 0 U 6
12 0 U -1
13 0 U 4
14 1 L 9
15 0 U 5
16 0 U 11
17 0 L 6
18 1 L -1
19 0 L 18
20 1 L 18
21 0 U -1
22 0 U 18
23 1 U -1
24 0 U 22
25 1 L 24
26 0 U 23
27 1 L 2
28 1 L 23
29 1 L 26
30 0 L 16
31 0 L 26
32 1 U -1
33 1 L 27
34 1 L 16
35 1 L 10
36 1 L 1
37 1 U 2
38 1 L -1
39
0 0 U -1
1 0 U -1
2 0 L -1
3 1 U -1
4 1 U 0
5 0 L 2
6 0 U -1
7 1 L -1
8 1 U 6
9 1 U 2
10 1 U 6
11 0 U 6
12 0 U -1
13 0 U 8
14 0 L 6
15 0 U 13
16 1 U 2
17 1 L 11
18 1 L -1
19 0 L 18
20 1 L 18
21 0 U -1
22 1 U 16
23 1 U -1
24 0 U 22
25 1 L 24
26 0 U 12
27 1 L 19
28 1 L 9
29 1 L 26
30 0 L 26
31 0 L 26
32 0 L 27
33 0 L 27
34 1 L 25
35 1 L 32
36 1 L 2
37 1 U 11
38 1 L -1
39
0 0 L -1
1 0 U -1
2 0 L -1
3 1 U -1
4 1 U 0
5 0 L 2
6 0 U -1
7 0 L -1
8 1 U 2
9 1 U 2
10 1 U 6
11 0 U 6
12 0 U -1
13 0 U 4
14 0 L 9
15 0 U 7
16 0 U 11
17 1 L 11
18 1 L -1
19 0 L 18
20 1 L 18
21 0 U -1
22 1 U 16
23 1 U -1
24 0 U 22
25 1 L 24
26 0 U 23
27 1 L 1
28 1 L 23
29 1 L 26
30 0 L 26
31 0 L 26
32 0 L 19
33 0 L 27
34 1 L 25
35 1 L 3
36 1 L 8
37 1 U 29
38 0 L -1
39
0 0 U -1
1 0 U -1
2 0 L -1
3 1 U -1
4 1 U 0
5 0 L 2
6 0 U -1
7 0 L -1
8 1 U 6
9 1 U 2
10 1 U 6
11 0 U 6
12 0 U -1
13 0 U 4
14 1 L 9
15 0 U 13
16 0 U 11
17 0 L 6
18 1 L -1
19 0 L 18
20 1 L 18
21 0 U -1
22 1 U 16
23 1 U -1
24 0 U 22
25 1 L 24
26 0 U 23
27 1 L 2
28 1 L 23
29 1 L 26
30 0 L 16
31 0 L 26
32 0 U -1
33 0 L 27
34 1 L 16
35 1 L 10
36 1 L 19
37 1 U 11
38 1 L -1
39
0 0 L -1
1 0 U -1
2 0 L -1
3 1 U -1
4 1 U 0
5 0 L 2
6 0 U -1
7 1 L -1
8 1 U 6
9 1 U 2
10 1 U 6
11 0 U 6
12 0 U -1
13 0 U 8
14 1 U 5
15 0 U 13
16 0 U 2
17 0 L 6
18 1 L -1
19 0 L 18
20 1 L 18
21 0 U -1
22 0 U 16
23 1 U -1
24 0 U 22
25 1 L 24
26 0 U 23
27 1 L 19
28 1 L 23
29 1 L 26
30 0 L 16
31 0 L 16
32 0 L 15
33 0 L 5
34 1 L 25
35 1 L 3
36 1 L 19
37 1 U 11
38 1 L -1
39
0 0 U -1
1 0 U -1
2 0 L -1
3 1 U -1
4 1 U 0
5 0 L 2
6 0 U -1
7 1 L -1
8 1 U 6
9 1 U 2
10 1 U 6
11 0 U 6
12 0 U -1
13 0 U 8
14 1 U 13
15 0 U 13
16 1 U 2
17 0 L 6
18 1 L -1
19 0 L 18
20 1 L 18
21 0 U -1
22 0 U 16
23 1 U -1
24 0 U 22
25 1 L 24
26 0 U 23
27 0 L 2
28 1 L 23
29 1 L 26
30 0 L 16
31 0 L 26
32 0 L 13
33 0 L 27
34 1 L 26
35 1 L 27
36 0 L 33
37 1 U 29
38 1 L -1
39
0 0 L -1
1 0 U -1
2 0 L -1
3 1 U -1
4 1 U 0
5 0 L 2
6 0 U -1
7 0 L -1
8 1 U 6
9 1 U 2
10 1 U 6
11 0 U 6
12 0 U -1
13 0 U 8
14 1 U 12
15 0 U 13
16 1 U 2
17 0 L 6
18 1 L -1
19 0 L 18
20 1 L 18
21 0 U -1
22 1 U 18
23 1 U -1
24 0 U 22
25 1 L 24
26 0 U 23
27 0 L 19
28 1 L 23
29 1 L 26
30 0 L 16
31 0 L 16
32 0 L 27
33 0 L 8
34 1 L 26
35 1 L 8
36 0 L 33
37 1 U 29
38 0 L -1
39
0 0 U -1
1 0 U -1
2 0 L -1
3 1 U -1
4 1 U 0
5 0 L 2
6 0 U -1
7 0 L -1
8 1 U 6
9 1 U 2
10 1 U 6
11 0 U 6
12 0 U -1
13 0 U 4
14 1 U 7
15 0 U 7
16 1 U 11
17 0 L 11
18 1 L -1
19 0 L 18
20 1 L 18
21 0 U -1
22 1 U 20
23 1 U -1
24 0 U 22
25 1 L 24
26 0 U 23
27 0 L 1
28 1 L 23
29 1 L 26
30 0 L 16
31 0 L 26
32 0 L 3
33 0 L 8
34 1 L 26
35 1 L 8
36 0 L 33
37 1 U 2
38 0 L -1
39
0 0 U -1
1 0 U -1
2 0 L -1
3 1 U -1
4 1 U 0
5 0 L 2
6 0 U -1
7 0 L -1
8 1 U 6
9 1 U 2
10 1 U 6
11 0 U 6
12 0 U -1
13 0 U 8
14 1 U 13
15 0 U 13
16 1 U 2
17 1 L 6
18 1 L -1
19 0 L 18
20 1 L 18
21 0 U -1
22 1 U 20
23 1 U -1
24 0 U 22
25 1 L 24
26 0 U 23
27 0 L 19
28 1 L 23
29 1 L 26
30 0 L 16
31 0 L 26
32 1 L 9
33 0 L 8
34 1 L 26
35 1 L 27
36 0 L 33
37 1 U 2
38 1 L -1
39
0 0 L -1
1 0 U -1
2 0 L -1
3 1 U -1
4 1 U 0
5 0 L 2
6 0 U -1
7 1 L -1
8 1 U 6
9 1 U 2
10 1 U 6
11 0 U 6
12 0 U -1
13 0 U 8
14 1 U 13
15 0 U 13
16 0 U 2
17 0 L 6
18 1 L -1
19 0 L 18
20 1 L 18
21 0 U -1
22 0 U 16
23 1 U -1
24 0 U 22
25 1 L 24
26 0 U 23
27 0 L 1
28 1 L 23
29 1 L 26
30 0 L 16
31 0 L 16
32 1 L 9
33 0 L 8
34 1 L 26
35 1 L 10
36 0 L 33
37 1 U 2
38 1 L -1
39
0 0 U -1
1 0 U -1
2 0 L -1
3 1 U -1
4 1 U 0
5 0 L 2
6 0 U -1
7 1 L -1
8 1 U 6
9 1 U 2
10 1 U 6
11 0 U 6
12 0 U -1
13 0 U 4
14 1 U 5
15 0 U 13
16 0 U 11
17 0 L 6
18 1 L -1
19 0 L 18
20 1 L 18
21 0 U -1
22 0 U 18
23 1 U -1
24 0 U 22
25 1 L 24
26 0 U 23
27 1 L 19
28 1 L 23
29 1 L 26
30 0 L 16
31 0 L 26
32 0 L 6
33 0 L 27
34 1 L 16
35 1 L 10
36 1 L 19
37 1 U 11
38 0 L -1
39
0 0 U -1
1 0 U -1
2 0 L -1
3 1 U -1
4 1 U 3
5 0 L 2
6 0 U -1
7 1 L -1
8 1 U 2
9 1 U 2
10 1 U 6
11 0 U 6
12 0 U -1
13 0 U 10
14 1 L 5
15 0 U 13
16 1 U 11
17 1 L 9
18 1 L -1
19 0 L 18
20 1 L 18
21 0 U -1
22 0 U 20
23 1 U -1
24 0 U 22
25 1 L 24
26 0 U 23
27 1 L 19
28 1 L 23
29 1 L 26
30 0 L 16
31 0 L 26
32 1 U -1
33 0 L 27
34 1 L 16
35 1 L 10
36 1 L 19
37 1 U 2
38 1 L -1
39
0 0 U -1
1 0 U -1
2 0 L -1
3 1 U -1
4 0 U 3
5 0 L 2
6 0 U -1
7 1 L -1
8 1 U 2
9 1 U 2
10 1 U 6
11 0 U 6
12 0 U -1
13 0 U 10
14 1 L 8
15 0 U 13
16 1 U 11
17 1 L 11
18 0 L -1
19 1 L 2
20 1 L 18
21 0 U -1
22 1 U 16
23 1 U -1
24 0 U 22
25 1 L 24
26 0 U 23
27 0 L 1
28 1 L 23
29 1 L 26
30 0 L 16
31 0 L 16
32 0 U -1
33 0 L 27
34 1 L 25
35 1 L 8
36 1 L 1
37 1 U 2
38 0 L -1
39
0 0 L -1
1 0 U -1
2 0 L -1
3 1 U -1
4 0 U 3
5 0 L 2
6 0 U -1
7 1 L 0
8 1 U 2
9 1 U 2
10 1 U 6
11 0 U 6
12 0 U -1
13 0 U 10
14 1 L 3
15 0 U 13
16 1 U 11
17 1 L 9
18 1 L -1
19 1 L 7
20 1 L 18
21 0 U -1
22 1 U 16
23 1 U -1
24 0 U 22
25 1 L 24
26 0 U 23
27 1 L 1
28 1 L 23
29 1 L 26
30 0 L 16
31 0 L 26
32 0 L 2
33 0 L 5
34 1 L 16
35 1 L 8
36 1 L 7
37 1 U 11
38 1 L -1
39
0 0 U -1
1 0 U -1
2 0 L -1
3 1 U -1
4 0 U 3
5 0 L 2
6 0 U -1
7 0 L 0
8 1 U 2
9 1 U 2
10 1 U 6
11 0 U 6
12 0 U -1
13 0 U 10
14 1 L 8
15 0 U 13
16 1 U 2
17 0 L 9
18 1 L -1
19 1 L 1
20 1 L 18
21 0 U -1
22 1 U 16
23 1 U -1
24 0 U 22
25 1 L 24
26 0 U 4
27 0 L 1
28 1 L 23
29 1 L 26
30 0 L 26
31 0 L 16
32 0 L 17
33 0 L 5
34 1 L 25
35 1 L 8
36 1 L 2
37 1 U 29
38 0 L -1
39
0 0 U -1
1 0 U -1
2 0 L -1
3 1 U -1
4 0 U 3
5 0 L 2
6 0 U -1
7 1 L 0
8 1 U 2
9 1 U 2
10 1 U 6
11 0 U 6
12 0 U -1
13 0 U 10
14 1 L 10
15 0 U 13
16 1 U 11
17 1 L 6
18 1 L -1
19 1 L 2
20 1 L 18
21 0 U -1
22 1 U 16
23 1 U -1
24 0 U 22
25 1 L 24
26 0 U 23
27 1 L 7
28 1 L 23
29 1 L 26
30 0 L 16
31 0 L 16
32 1 U -1
33 0 L 5
34 1 L 26
35 1 L 8
36 1 L 1
37 1 U 29
38 1 L -1
39
0 0 U -1
1 0 U -1
2 0 L -1
3 1 U -1
4 0 U 3
5 0 L 2
6 0 U -1
7 0 L -1
8 1 U 2
9 1 U 2
10 1 U 6
11 0 U 6
12 0 U -1
13 0 U 10
14 1 L 8
15 0 U 13
16 1 U 2
17 0 L 6
18 0 L -1
19 1 L 1
20 1 L 18
21 0 U -1
22 0 U 16
23 1 U -1
24 0 U 22
25 1 L 24
26 0 U 23
27 0 L 1
28 1 L 23
29 1 L 26
30 0 L 16
31 0 L 26
32 0 L 7
33 0 L 5
34 1 L 25
35 1 L 3
36 1 L 2
37 1 U 29
38 1 L -1
39
0 0 U -1
1 0 U -1
2 0 L -1
3 1 U -1
4 0 U 0
5 0 L 2
6 0 U -1
7 0 L 0
8 1 U 2
9 1 U 2
10 1 U 6
11 0 U 6
12 0 U -1
13 0 U 10
14 1 L 5
15 0 U 13
16 1 U 11
17 1 L 9
18 1 L -1
19 1 L 7
20 1 L 18
21 0 U -1
22 0 U 16
23 1 U -1
24 0 U 22
25 1 L 24
26 0 U 23
27 1 L 7
28 1 L 23
29 1 L 26
30 0 L 16
31 0 L 16
32 1 U -1
33 0 L 5
34 1 L 16
35 1 L 8
36 1 L 1
37 1 U 29
38 1 L -1
39
0 0 L -1
1 0 U -1
2 0 L -1
3 1 U -1
4 0 U 3
5 0 L 2
6 0 U -1
7 0 L 0
8 1 U 2
9 1 U 2
10 1 U 6
11 0 U 6
12 0 U -1
13 0 U 10
14 1 L 5
15 0 U 13
16 1 U 11
17 1 L 9
18 0 L -1
19 1 L 1
20 1 L 18
21 0 U -1
22 0 U 20
23 1 U -1
24 0 U 22
25 1 L 24
26 0 U 23
27 0 L 1
28 1 L 23
29 1 L 26
30 0 L 26
31 0 L 16
32 0 U 29
33 0 L 27
34 1 L 25
35 1 L 8
36 1 L 2
37 1 U 32
38 1 L -1
39
0 0 L -1
1 0 U -1
2 0 L -1
3 1 U -1
4 0 U 3
5 0 L 2
6 0 U -1
7 0 L 2
8 1 U 2
9 1 U 2
10 1 U 6
11 0 U 6
12 0 U -1
13 0 U 10
14 1 L 8
15 0 U 13
16 1 U 2
17 0 L 11
18 1 L -1
19 0 L 18
20 1 L 0
21 0 U -1
22 0 U 16
23 1 U -1
24 0 U 22
25 1 L 24
26 0 U 23
27 1 L 19
28 1 L 23
29 1 L 26
30 0 L 16
31 0 L 16
32 0 L 17
33 0 L 27
34 1 L 26
35 1 L 8
36 1 L 19
37 1 U 29
38 0 L -1
39
0 0 L -1
1 0 U -1
2 0 L -1
3 1 U -1
4 0 U 3
5 0 L 2
6 0 U -1
7 0 L 1
8 1 U 2
9 1 U 2
10 1 U 6
11 0 U 6
12 0 U -1
13 0 U 10
14 0 L 7
15 0 U 13
16 1 U 2
17 1 L 6
18 1 L -1
19 0 L 18
20 1 L -1
21 0 U -1
22 0 L 2
23 1 U -1
24 1 U 22
25 1 L 24
26 0 U 23
27 0 L 20
28 1 L 23
29 1 L 26
30 0 L 16
31 0 L 16
32 1 L 27
33 0 L 5
34 1 L 26
35 1 L 14
36 1 L 5
37 1 U 11
38 0 L -1
39
0 0 L -1
1 0 U -1
2 0 L -1
3 1 U -1
4 0 U 3
5 0 L 2
6 0 U -1
7 0 L 2
8 1 U 2
9 1 U 2
10 1 U 6
11 0 U 6
12 0 U -1
13 0 U 10
14 0 L 4
15 0 U 13
16 1 U 11
17 0 L 6
18 1 L -1
19 0 L 18
20 1 L -1
21 0 U -1
22 0 L 1
23 1 U -1
24 1 U 21
25 0 L 17
26 0 U 23
27 0 L 20
28 1 L 23
29 1 L 26
30 0 L 16
31 0 L 26
32 1 U -1
33 0 L 14
34 1 L 17
35 1 L 5
36 1 L 3
37 1 U 29
38 0 L -1
39
0 0 L -1
1 0 U -1
2 0 L -1
3 1 U -1
4 0 U 3
5 0 L 2
6 0 U -1
7 0 L 1
8 1 U 2
9 1 U 5
10 1 U 6
11 0 U 6
12 0 U -1
13 0 U 10
14 0 L 7
15 0 U 13
16 0 U 11
17 1 L 6
18 1 L -1
19 0 L 18
20 1 L -1
21 0 U -1
22 0 L 19
23 1 U -1
24 1 U 21
25 0 L 17
26 0 U 23
27 0 L 1
28 1 L 23
29 1 L 26
30 0 L 16
31 1 U 20
32 0 U 30
33 0 L 14
34 1 L 13
35 1 L 8
36 1 L 19
37 1 U 24
38 1 L -1
39
0 0 U -1
1 0 U -1
2 0 L -1
3 1 U -1
4 0 U 3
5 0 L 2
6 0 U -1
7 1 L 2
8 1 U 2
9 1 U 2
10 1 U 6
11 0 U 6
12 0 U -1
13 0 U 10
14 1 L 4
15 0 U 13
16 1 U 2
17 1 L 6
18 1 L -1
19 0 L 18
20 1 L -1
21 0 U -1
22 1 L 19
23 1 U -1
24 1 U 21
25 0 L 13
26 0 U 23
27 0 L 2
28 1 L 23
29 1 L 26
30 0 L 26
31 0 L 25
32 0 U 3
33 1 L 3
34 1 L 13
35 1 L 25
36 0 L 27
37 1 U 24
38 1 L -1
39
0 0 U -1
1 0 U -1
2 0 L -1
3 1 U -1
4 0 U 0
5 0 L 2
6 0 U -1
7 0 L 1
8 1 U 2
9 1 U 2
10 1 U 4
11 0 U 6
12 1 L 11
13 0 U 12
14 1 L 1
15 0 U -1
16 0 U 5
17 1 L 9
18 1 L -1
19 0 L 18
20 1 L -1
21 1 U -1
22 1 L 14
23 1 U -1
24 1 U 4
25 0 L 12
26 0 U 21
27 0 L 1
28 1 L 14
29 1 L 26
30 0 L 26
31 0 U 14
32 0 U 29
33 1 L 22
34 1 L 9
35 1 L 16
36 1 L 28
37 1 U 32
38 1 L -1
39
0 0 U -1
1 0 U -1
2 0 L -1
3 1 U -1
4 0 U 0
5 0 L 2
6 0 U -1
7 1 L 2
8 1 U 2
9 1 U 2
10 1 U 4
11 0 U 6
12 1 L 11
13 0 U 12
14 1 L 2
15 0 U -1
16 0 U 2
17 0 L 6
18 1 L -1
19 0 L 18
20 1 L -1
21 1 U -1
22 1 L 14
23 1 U -1
24 0 U 21
25 0 L 17
26 0 U 21
27 0 L 19
28 1 L 27
29 1 L 26
30 0 L 26
31 0 U 30
32 0 L 17
33 1 L 22
34 1 L 9
35 1 L 16
36 1 L 3
37 1 U 2
38 1 L -1
39
0 0 U -1
1 0 U -1
2 0 L -1
3 1 U -1
4 0 U 3
5 0 L 2
6 0 U -1
7 1 L 1
8 1 U 2
9 1 U 2
10 1 U 6
11 0 U 6
12 1 L 11
13 0 U 12
14 0 L 1
15 0 U -1
16 0 U 2
17 0 L 9
18 0 L -1
19 0 L 14
20 1 L -1
21 1 U -1
22 0 L 19
23 0 U -1
24 1 U 21
25 0 L 17
26 0 U 21
27 1 L 2
28 1 L 27
29 1 L 26
30 0 U 2
31 1 U 30
32 0 L 12
33 1 L 8
34 1 L 6
35 1 L 32
36 1 L 28
37 1 U 2
38 1 L -1
39
0 0 L -1
1 0 U -1
2 0 L -1
3 1 U -1
4 0 U 3
5 0 L 2
6 0 U -1
7 1 L 2
8 1 U 2
9 1 U 2
10 1 U 4
11 0 U 6
12 1 L 11
13 0 U 12
14 0 L 1
15 0 U -1
16 0 U 2
17 0 L 6
18 0 L -1
19 0 L 14
20 1 L -1
21 1 U -1
22 1 L 19
23 1 U -1
24 0 U 21
25 0 L 17
26 0 U 21
27 1 L 20
28 1 L 27
29 1 L 26
30 0 U 10
31 0 U 30
32 0 L 27
33 1 L 3
34 1 L 11
35 1 L 34
36 1 L 25
37 1 U 10
38 0 L -1
39
0 0 L -1
1 0 U -1
2 0 L -1
3 1 U -1
4 0 U 3
5 0 L 2
6 0 U -1
7 1 L 2
8 1 U 2
9 1 U 5
10 1 U 6
11 0 U 6
12 1 L 11
13 0 U 12
14 0 L 1
15 0 U -1
16 0 U 2
17 1 L 9
18 0 L -1
19 0 L 14
20 1 L -1
21 1 U -1
22 0 L 19
23 1 U -1
24 1 U 21
25 0 L 17
26 0 U 21
27 1 L 1
28 1 L 5
29 1 L 26
30 0 U 29
31 0 U 30
32 1 L 15
33 1 L 22
34 1 L 33
35 1 L 13
36 1 L 21
37 1 U 26
38 1 L -1
39
0 0 U -1
1 0 U -1
2 0 L -1
3 1 U -1
4 0 U 3
5 0 L 2
6 0 U -1
7 1 L 2
8 1 U 2
9 1 U 2
10 1 U 6
11 0 U 6
12 1 L 11
13 0 U 12
14 0 L 1
15 0 U -1
16 0 U 2
17 0 L 11
18 0 L -1
19 0 L 14
20 1 L -1
21 1 U -1
22 0 L 19
23 1 U -1
24 0 U 21
25 0 L 17
26 0 U 21
27 1 L 1
28 1 L 5
29 1 L 26
30 0 U 29
31 0 U 30
32 1 L 12
33 1 L 8
34 1 L 6
35 1 L 32
36 1 L 35
37 1 U 29
38 1 L -1
39
0 0 L -1
1 0 U -1
2 0 L -1
3 1 U -1
4 0 U 3
5 0 L 2
6 0 U -1
7 0 L 2
8 1 U 2
9 1 U 2
10 1 U 6
11 0 U 6
12 1 L 11
13 0 U 12
14 0 L 1
15 0 U -1
16 0 U 2
17 0 L 6
18 0 L -1
19 0 L 14
20 1 L -1
21 1 U -1
22 1 L 19
23 1 U -1
24 0 U 21
25 0 L 17
26 0 U 21
27 1 L 1
28 1 L 5
29 1 L 26
30 0 U 29
31 0 U 30
32 1 L 12
33 1 L 22
34 1 L 33
35 1 L 32
36 1 L 21
37 1 U 11
38 0 L -1
39
0 0 L -1
1 0 U -1
2 0 L -1
3 1 U -1
4 0 U 3
5 0 L 2
6 0 U -1
7 1 L 1
8 1 U 2
9 1 U 5
10 1 U 4
11 0 U 6
12 1 L 11
13 0 U 12
14 0 L 1
15 0 U -1
16 0 U 2
17 1 L 6
18 0 L -1
19 0 L 14
20 1 L -1
21 1 U -1
22 1 L 4
23 1 U -1
24 1 U 1
25 0 L 17
26 0 U 21
27 1 L 20
28 1 L 5
29 1 L 26
30 0 U 10
31 0 U 20
32 1 L 17
33 1 L 22
34 1 L 9
35 1 L 32
36 1 L 21
37 1 U 11
38 0 L -1
39
0 0 L -1
1 0 U -1
2 0 L -1
3 1 U -1
4 0 U 3
5 0 L 2
6 0 U -1
7 0 L 1
8 1 U 2
9 1 U 2
10 1 U 4
11 0 U 6
12 1 L 11
13 0 U 12
14 0 L 1
15 0 U -1
16 0 U 2
17 0 L 11
18 0 L -1
19 0 L 14
20 1 L -1
21 1 U -1
22 0 L 19
23 1 U -1
24 1 U 21
25 0 L 17
26 0 U 21
27 1 L 20
28 1 L 5
29 1 L 26
30 0 U 10
31 0 U 30
32 1 L 17
33 1 L 3
34 1 L 6
35 1 L 32
36 1 L 35
37 1 U 26
38 0 L -1
39
0 0 L -1
1 0 U -1
2 0 L -1
3 1 U -1
4 0 U 3
5 0 L 2
6 0 U -1
7 0 L 1
8 1 U 2
9 1 U 5
10 1 U 4
11 0 U 6
12 1 L 11
13 0 U 12
14 0 L 1
15 0 U -1
16 0 U 2
17 0 L 6
18 0 L -1
19 0 L 14
20 1 L -1
21 1 U -1
22 1 L 19
23 1 U -1
24 1 U 21
25 0 L 17
26 0 U 21
27 1 L 1
28 1 L 27
29 1 L 26
30 0 U 10
31 0 U 20
32 1 L 12
33 1 L 3
34 1 L 6
35 1 L 32
36 1 L 25
37 1 U 26
38 1 L -1
39
0 0 L -1
1 0 U -1
2 0 L -1
3 1 U -1
4 0 U 3
5 0 L 2
6 0 U -1
7 0 L 1
8 1 U 2
9 1 U 2
10 1 U 4
11 0 U 6
12 1 L 11
13 0 U 12
14 0 L 1
15 0 U -1
16 0 U 2
17 0 L 6
18 0 L -1
19 0 L 14
20 1 L -1
21 1 U -1
22 1 L 19
23 1 U -1
24 0 U 21
25 0 L 17
26 0 U 21
27 1 L 1
28 1 L 5
29 1 L 26
30 0 U 29
31 0 U 20
32 0 L 3
33 1 L 3
34 1 L 33
35 1 L 17
36 1 L 35
37 1 U 2
38 0 L -1
39
0 0 U -1
1 0 U -1
2 0 L -1
3 1 U -1
4 0 U 3
5 0 L 2
6 0 U -1
7 0 L 1
8 1 U 2
9 1 U 5
10 1 U 4
11 0 U 6
12 1 L 11
13 0 U 12
14 0 L 1
15 0 U -1
16 0 U 2
17 1 L 9
18 0 L -1
19 0 L 14
20 1 L -1
21 1 U -1
22 0 L 4
23 1 U -1
24 1 U 1
25 0 L 17
26 0 U 21
27 1 L 2
28 1 L 5
29 1 L 26
30 0 U 29
31 0 U 20
32 0 L 15
33 1 L 22
34 1 L 9
35 1 L 32
36 1 L 25
37 1 U 10
38 1 L -1
39
0 0 U -1
1 0 U -1
2 0 L -1
3 1 U -1
4 0 U 3
5 0 L 2
6 0 U -1
7 0 L 1
8 1 U 2
9 1 U 2
10 1 U 4
11 0 U 6
12 1 L 11
13 0 U 12
14 0 L 1
15 0 U -1
16 0 U 2
17 1 L 9
18 0 L -1
19 0 L 14
20 1 L -1
21 1 U -1
22 0 L 19
23 1 U -1
24 0 U 21
25 0 L 17
26 0 U 21
27 1 L 1
28 1 L 27
29 1 L 26
30 0 U 10
31 0 U 30
32 0 L 15
33 1 L 8
34 1 L 9
35 1 L 13
36 1 L 21
37 1 U 29
38 0 L -1
39
0 0 U -1
1 0 U -1
2 0 L -1
3 1 U -1
4 0 U 3
5 0 L 2
6 0 U -1
7 1 L 2
8 1 U 2
9 1 U 2
10 1 U 4
11 0 U 6
12 1 L 11
13 0 U 12
14 0 L 1
15 0 U -1
16 0 U 2
17 1 L 9
18 0 L -1
19 0 L 14
20 1 L -1
21 1 U -1
22 1 L 19
23 1 U -1
24 0 U 21
25 0 L 17
26 0 U 21
27 1 L 20
28 1 L 27
29 1 L 26
30 0 U 10
31 0 U 20
32 1 L 15
33 1 L 3
34 1 L 33
35 1 L 12
36 1 L 25
37 1 U 2
38 0 L -1
39
0 0 L -1
1 0 U -1
2 0 L -1
3 1 U -1
4 0 U 3
5 0 L 2
6 0 U -1
7 0 L 2
8 1 U 2
9 1 U 2
10 1 U 4
11 0 U 6
12 1 L 11
13 0 U 12
14 0 L 2
15 0 U -1
16 0 U 2
17 0 L 11
18 0 L -1
19 0 L 14
20 1 L -1
21 1 U -1
22 0 L 5
23 1 U -1
24 1 U 1
25 0 L 17
26 0 U 21
27 1 L 1
28 1 L 5
29 1 L 26
30 0 U 10
31 0 U 30
32 0 L 12
33 1 L 22
34 1 L 33
35 1 L 32
36 1 L 35
37 1 U 10
38 0 L -1
39
0 0 L -1
1 0 U -1
2 0 L -1
3 1 U -1
4 0 U 3
5 0 L 2
6 0 U -1
7 1 L 1
8 1 U 2
9 1 U 5
10 1 U 4
11 0 U 6
12 1 L 11
13 0 U 12
14 0 L 1
15 0 U -1
16 0 U 2
17 1 L 11
18 0 L -1
19 0 L 14
20 1 L -1
21 1 U -1
22 0 L 5
23 1 U -1
24 0 U 21
25 0 L 17
26 0 U 21
27 1 L 1
28 1 L 27
29 1 L 26
30 0 U 29
31 0 U 20
32 1 L 28
33 1 L 22
34 1 L 33
35 1 L 15
36 1 L 24
37 1 U 10
38 0 L -1
