79
0 0 U -1
1 0 U -1
2 0 U -1
3 0 U -1
4 0 U -1
5 0 U -1
6 0 U -1
7 0 U -1
8 0 U -1
9 0 U -1
10 0 U -1
11 0 U -1
12 0 U -1
13 0 U -1
14 0 U -1
15 0 U -1
16 0 U -1
17 0 U -1
18 0 U -1
19 0 U -1
20 0 U -1
21 0 U -1
22 0 U -1
23 0 U -1
24 0 U -1
25 0 U -1
26 0 U -1
27 0 U -1
28 0 U -1
29 0 U -1
30 0 U -1
31 0 U -1
32 0 U -1
33 0 U -1
34 0 U -1
35 0 U -1
36 0 U -1
37 0 U -1
38 0 U -1
39 0 U -1
40 0 U -1
41 0 U -1
42 0 U -1
43 0 U -1
44 0 U -1
45 0 U -1
46 0 U -1
47 0 U -1
48 0 U -1
49 0 U -1
50 0 U -1
51 0 U -1
52 0 U -1
53 0 U -1
54 0 U -1
55 0 U -1
56 0 U -1
57 0 U -1
58 0 U -1
59 0 U -1
60 0 U -1
61 0 U -1
62 0 U -1
63 0 U -1
64 0 U -1
65 0 U -1
66 0 U -1
67 0 U -1
68 0 U -1
69 0 U -1
70 0 U -1
71 0 U -1
72 0 U -1
73 0 U -1
74 0 U -1
75 0 U -1
76 0 U -1
77 0 U -1
78 0 U -1
79
0 0 U -1
1 0 L -1
2 1 U -1
3 0 U -1
4 0 U -1
5 1 U -1
6 0 L 2
7 0 L -1
8 0 L -1
9 0 U 7
10 0 U 0
11 1 L -1
12 1 U 1
13 0 U 4
14 0 U -1
15 0 U 13
16 1 U -1
17 1 L -1
18 0 L -1
19 1 U 5
20 0 U -1
21 0 U 2
22 1 U 6
23 0 U 7
24 0 L 13
25 0 U 12
26 0 L 20
27 0 L 15
28 1 U 24
29 0 L 13
30 0 U -1
31 0 L 20
32 0 U 6
33 0 U 1
34 0 L 4
35 1 L 25
36 0 L 10
37 0 L 27
38 1 L 37
39 1 L 1
40 0 U 17
41 0 L 9
42 0 U -1
43 0 L 13
44 0 L 28
45 1 U -1
46 0 U 13
47 0 U -1
48 1 U -1
49 0 U 30
50 1 U -1
51 1 L 5
52 0 U 10
53 1 L 48
54 1 U 6
55 0 L 9
56 1 U 43
57 1 U 23
58 0 U 52
59 0 L 47
60 1 L 21
61 1 U -1
62 0 L 46
63 1 L 52
64 0 L 38
65 1 L 64
66 1 U 42
67 0 L 30
68 0 L 37
69 1 L 25
70 0 L 36
71 1 U 63
72 0 L 64
73 0 L -1
74 1 L 25
75 0 U 35
76 1 U -1
77 1 L 65
78 1 U 46
79
0 0 U -1
1 0 L -1
2 1 U -1
3 0 U -1
4 0 U -1
5 1 U -1
6 0 L 2
7 0 L 1
8 0 L -1
9 1 U 7
10 0 U 0
11 1 L 8
12 1 U 1
13 0 U 2
14 1 L -1
15 0 U 13
16 1 U -1
17 1 L -1
18 1 L -1
19 0 U 16
20 1 U -1
21 0 U 2
22 1 U 6
23 0 U 7
24 0 L 13
25 0 U 12
26 0 L 24
27 0 L 15
28 1 U 24
29 0 L 13
30 0 U -1
31 0 L 20
32 0 U 6
33 0 U 10
34 1 L 9
35 1 L 25
36 0 L 10
37 0 L 27
38 0 L 24
39 0 L 2
40 1 L 17
41 0 L 40
42 1 U -1
43 0 L 13
44 1 U 34
45 1 U -1
46 1 U 6
47 1 U 2
48 0 U -1
49 0 U 48
50 0 U -1
51 1 U 5
52 1 U 10
53 1 L 44
54 0 L 6
55 1 L 44
56 1 U 43
57 1 U 23
58 1 U 49
59 0 L 47
60 1 L 21
61 1 U 44
62 0 L 20
63 0 L 57
64 0 L 62
65 1 L 64
66 1 U 47
67 0 L 30
68 0 L 46
69 1 L 32
70 0 L 36
71 1 U 63
72 1 L 64
73 1 L 18
74 0 L 62
75 1 L 1
76 1 U -1
77 1 L 67
78 1 U 27
79
0 0 U -1
1 0 L -1
2 1 U -1
3 0 U -1
4 0 U -1
5 1 L -1
6 0 L 2
7 0 L 2
8 0 L -1
9 1 U 7
10 0 U 0
11 0 L 8
12 0 U 1
13 0 U 4
14 0 U -1
15 1 U 13
16 1 U -1
17 1 L -1
18 1 L -1
19 0 U -1
20 0 U -1
21 0 U 2
22 1 U 6
23 0 U 7
24 0 L 13
25 0 U 22
26 0 L 24
27 0 L 15
28 1 U 24
29 1 L 13
30 0 U -1
31 1 L 20
32 0 U 6
33 0 U 10
34 0 L 11
35 1 L 25
36 0 L 34
37 0 L 27
38 0 L 24
39 0 L 2
40 1 L 8
41 1 L 40
42 1 U 16
43 0 L 13
44 0 U 34
45 1 U -1
46 1 U 6
47 0 U 2
48 0 U -1
49 0 U 48
50 1 U 42
51 1 L 10
52 1 L 2
53 1 L 44
54 0 U 46
55 1 L 44
56 0 U -1
57 1 U 25
58 1 U 3
59 1 L 33
60 1 L 21
61 1 U 44
62 0 L 43
63 0 L 57
64 0 L 62
65 1 L 64
66 1 U 45
67 0 L 30
68 1 L 46
69 1 L 32
70 0 L 51
71 1 U 63
72 1 L 64
73 1 L 18
74 1 U 63
75 1 L 1
76 1 U -1
77 1 L 67
78 1 U 27
79
0 0 U -1
1 0 L -1
2 1 U -1
3 0 U -1
4 0 U -1
5 0 L -1
6 0 L 2
7 0 L 2
8 0 L -1
9 0 U 7
10 0 U 2
11 0 L 8
12 0 U 1
13 0 U 4
14 0 L -1
15 0 U 1
16 1 U -1
17 1 L 0
18 1 L -1
19 0 U 16
20 1 U -1
21 0 U 0
22 1 U 19
23 0 U 13
24 0 L 20
25 0 U 22
26 1 L 24
27 0 L 15
28 1 U 23
29 1 L 13
30 0 U -1
31 1 U 20
32 0 U 6
33 0 U 21
34 0 L 11
35 0 L 23
36 0 L 34
37 1 L 27
38 0 L 24
39 1 L 3
40 1 L 8
41 1 L 37
42 0 U 16
43 0 L 13
44 1 U 34
45 1 U -1
46 0 U 6
47 1 U 21
48 1 U -1
49 0 U 48
50 0 U 48
51 1 L 34
52 0 L 2
53 1 L 44
54 1 L 48
55 1 L 44
56 0 U -1
57 1 U 26
58 0 U 56
59 0 L 33
60 1 L 43
61 0 U 44
62 1 L 43
63 0 L 57
64 1 L 62
65 1 L 64
66 1 U 30
67 0 L 30
68 0 L 46
69 0 L 32
70 0 L 51
71 1 U 63
72 0 L 52
73 1 L 18
74 1 U 63
75 1 L 73
76 0 U -1
77 0 L 67
78 1 U 33
79
0 0 U -1
1 1 L -1
2 1 U -1
3 0 U -1
4 0 U -1
5 0 L -1
6 0 L 2
7 0 L 5
8 0 L -1
9 1 L 7
10 0 U 2
11 0 L 8
12 0 U 1
13 0 U 4
14 0 L -1
15 0 U 7
16 1 U -1
17 1 L 0
18 0 L -1
19 0 U 16
20 1 U -1
21 0 U 4
22 1 U 19
23 0 U 13
24 0 L 20
25 0 U 22
26 0 L 24
27 0 L 15
28 1 U 23
29 0 L 20
30 0 U -1
31 1 U 20
32 0 U 10
33 1 U 21
34 0 L 11
35 0 L 23
36 0 L 12
37 1 L 27
38 0 L 24
39 1 L 38
40 1 L 8
41 1 L 37
42 0 U 2
43 0 L 13
44 1 U 34
45 1 U -1
46 1 U 6
47 0 U 21
48 1 U -1
49 0 U 48
50 0 U 43
51 1 L 34
52 0 L 2
53 1 L 44
54 1 L 48
55 1 L 44
56 0 U -1
57 1 U 26
58 0 U 56
59 1 L 33
60 0 L 43
61 0 U 44
62 1 L 43
63 0 L 57
64 1 L 62
65 1 L 64
66 1 U 30
67 0 L 30
68 0 L 46
69 1 L 32
70 0 L 51
71 1 U 63
72 0 L 52
73 0 L 18
74 0 U 25
75 0 L 73
76 0 U -1
77 0 L 67
78 1 U 9
79
0 0 L -1
1 1 L -1
2 1 U -1
3 0 U -1
4 0 U -1
5 0 L -1
6 0 L 2
7 0 L 5
8 0 L -1
9 1 L 7
10 0 U 2
11 0 L 8
12 1 U 1
13 0 U 4
14 0 L -1
15 0 U 9
16 1 U -1
17 0 L 0
18 1 L 14
19 0 U 16
20 1 U -1
21 0 U 4
22 1 U 19
23 0 U 13
24 0 L 20
25 0 U 22
26 0 L 24
27 0 L 15
28 1 U 23
29 1 L 15
30 0 U -1
31 1 U 20
32 0 U 10
33 0 U 1
34 0 L 11
35 0 L 23
36 0 L 12
37 1 L 20
38 0 L 24
39 1 L 17
40 1 L 8
41 0 L 29
42 0 U 2
43 0 L 15
44 1 U 34
45 0 U -1
46 0 U 13
47 0 U 21
48 0 U -1
49 0 U 48
50 0 L 43
51 1 L 34
52 0 L 2
53 1 L 44
54 1 U 48
55 1 L 44
56 0 U -1
57 1 U 38
58 0 U 22
59 0 L 45
60 1 L 43
61 0 U 44
62 1 L 43
63 1 L 57
64 1 L 62
65 0 L 64
66 1 U 30
67 1 L 30
68 0 U 48
69 1 L 32
70 0 L 51
71 1 U 63
72 0 L 52
73 0 L 18
74 1 U 25
75 1 L 73
76 1 U -1
77 1 L 67
78 1 U 9
79
0 0 U -1
1 0 L -1
2 1 U -1
3 0 U -1
4 0 U -1
5 0 L -1
6 0 L 2
7 0 L 5
8 0 L -1
9 1 L 7
10 0 U 2
11 0 L 8
12 1 U 1
13 0 U 4
14 0 L -1
15 0 U 13
16 1 U -1
17 0 L 0
18 1 L 14
19 0 U 16
20 1 U -1
21 0 U 4
22 1 U 19
23 0 U 10
24 0 L 20
25 0 U 22
26 0 L 24
27 1 L 15
28 1 U 23
29 1 L 15
30 0 U -1
31 1 U 20
32 0 U 10
33 1 U 1
34 0 L 11
35 0 L 23
36 0 L 12
37 1 L 20
38 1 L 22
39 1 L 17
40 1 L 22
41 0 L 29
42 0 U 2
43 0 L 15
44 1 U 41
45 0 U -1
46 0 U 13
47 0 U 42
48 1 U -1
49 0 U 48
50 0 U 43
51 1 L 34
52 1 L 2
53 1 L 44
54 1 U 48
55 1 L 44
56 0 U -1
57 1 U 38
58 0 U 22
59 0 L 45
60 0 L 43
61 0 U 44
62 1 L 43
63 1 L 57
64 1 L 62
65 1 L 64
66 1 U 30
67 0 L 30
68 0 U 31
69 1 L 41
70 0 L 51
71 1 U 63
72 0 L 52
73 1 L 18
74 1 U 25
75 0 L 73
76 0 U -1
77 0 L 67
78 1 U 9
79
0 0 L -1
1 1 L -1
2 1 U -1
3 0 U -1
4 0 U -1
5 0 L -1
6 0 L 1
7 0 L 5
8 0 L -1
9 0 L 7
10 0 U 2
11 0 L 8
12 1 U 1
13 0 U 4
14 0 L -1
15 0 U 7
16 1 U -1
17 0 L 14
18 1 L 14
19 0 U 16
20 1 U -1
21 0 U 4
22 1 U 19
23 0 U 10
24 0 L 20
25 0 U 22
26 1 L 24
27 1 L 15
28 1 U 23
29 1 L 15
30 0 U -1
31 1 U 20
32 0 U 10
33 1 U 1
34 0 L 11
35 0 L 23
36 0 L 12
37 1 L 20
38 1 L 22
39 0 L 17
40 1 L 22
41 0 L 29
42 0 U 2
43 0 L 15
44 0 U 41
45 0 U -1
46 1 U 13
47 0 L 25
48 1 U -1
49 0 U 48
50 1 L 2
51 0 L 34
52 0 L 2
53 0 L 44
54 1 U 1
55 1 L 44
56 0 U 45
57 1 U 17
58 0 U 33
59 0 L 45
60 1 L 59
61 0 U 44
62 0 L 43
63 1 L 57
64 1 L 21
65 1 L 64
66 1 U 30
67 0 L 22
68 0 U 31
69 1 L 62
70 0 L 51
71 1 U 63
72 0 L 52
73 1 L 18
74 1 U 25
75 1 U 69
76 1 U -1
77 0 L 67
78 1 U 9
79
0 0 L -1
1 1 L -1
2 1 U -1
3 0 U -1
4 0 U -1
5 0 L -1
6 0 L 1
7 0 L 5
8 0 L -1
9 0 L 7
10 0 U 2
11 0 L 8
12 1 U 1
13 0 U 4
14 0 L -1
15 0 U 7
16 1 U -1
17 0 L 0
18 1 L -1
19 0 U 16
20 1 U -1
21 0 U 4
22 1 U 19
23 0 U 10
24 0 L 20
25 0 U 12
26 1 L 24
27 0 L 22
28 1 U 5
29 1 L 15
30 0 U -1
31 1 U 20
32 1 U 10
33 1 U 1
34 0 L 11
35 0 L 23
36 0 L 34
37 1 L 20
38 1 L 22
39 0 L 11
40 1 L 10
41 0 L 29
42 0 U 2
43 0 L 15
44 0 U 41
45 0 U -1
46 0 U 13
47 1 L 31
48 1 U -1
49 0 U 48
50 0 L 2
51 0 L 34
52 1 L 2
53 0 L 44
54 1 U 1
55 1 L 44
56 0 U 45
57 1 U 17
58 0 U 22
59 0 L 45
60 0 L 59
61 0 U 44
62 0 L 43
63 1 L 57
64 1 L 62
65 1 L 64
66 1 U 30
67 1 L 22
68 0 U 49
69 0 L 62
70 0 L 20
71 1 U 63
72 0 L 52
73 1 L 14
74 1 U 25
75 1 U 69
76 0 U -1
77 0 L 31
78 1 U 9
79
0 0 L -1
1 1 L -1
2 1 U -1
3 0 U -1
4 0 U -1
5 0 L -1
6 0 L 1
7 0 L 5
8 0 L -1
9 0 L 7
10 0 U 2
11 0 L 8
12 1 U 1
13 0 U 4
14 0 L -1
15 0 U 13
16 1 U -1
17 1 L 0
18 1 L -1
19 0 U 16
20 1 U -1
21 0 U 4
22 1 U 6
23 0 U 1
24 0 L 20
25 0 U 22
26 1 L 24
27 1 L 15
28 1 U 5
29 1 L 15
30 0 U -1
31 1 U 20
32 1 U 6
33 1 U 1
34 0 L 11
35 1 L 23
36 0 L 34
37 1 L 20
38 0 L 22
39 0 L 11
40 0 L -1
41 0 L 29
42 1 U 16
43 0 L 15
44 0 U 41
45 0 U -1
46 1 U 13
47 1 L 28
48 1 U -1
49 0 U 48
50 0 L 2
51 1 L 34
52 0 L 9
53 0 L 44
54 0 L 1
55 1 L 44
56 0 U 45
57 1 U 28
58 0 U 22
59 0 L 45
60 1 L 59
61 0 U 44
62 1 L 43
63 1 L 57
64 1 L 62
65 0 L 64
66 1 U 30
67 0 L 22
68 0 U 49
69 0 L 62
70 0 L 20
71 1 U 63
72 0 L 35
73 1 L 14
74 1 U 25
75 1 U 63
76 1 U -1
77 1 L 67
78 1 U 9
79
0 0 L -1
1 1 L -1
2 1 U -1
3 0 U -1
4 0 U -1
5 0 L -1
6 0 L 1
7 0 L 5
8 0 L -1
9 0 L 7
10 0 U 4
11 0 L 8
12 1 U 1
13 0 U 4
14 0 L -1
15 0 U 1
16 1 U -1
17 0 L 14
18 0 U 17
19 0 U 16
20 1 U -1
21 0 U 4
22 1 U 6
23 0 U 1
24 0 L 20
25 0 U 5
26 0 L 24
27 0 L 1
28 1 U 5
29 1 L 15
30 0 U -1
31 1 U 20
32 1 U 1
33 1 U 10
34 1 L 6
35 1 L 23
36 0 L 12
37 1 L 20
38 1 L 28
39 1 L 11
40 0 L 4
41 0 L 29
42 1 U 16
43 0 L 15
44 0 U 41
45 0 U -1
46 0 U 9
47 0 L 28
48 0 U -1
49 0 U 48
50 1 L 43
51 0 L 10
52 1 L 9
53 0 L 44
54 1 L 1
55 1 L 44
56 0 U 48
57 1 U 28
58 0 U 29
59 1 L 45
60 0 L 39
61 0 U 44
62 1 L 43
63 1 L 57
64 1 L 62
65 0 L 64
66 1 U 30
67 0 L 22
68 1 U 42
69 0 L 24
70 0 L 20
71 1 U 63
72 0 L 35
73 0 L 14
74 1 U 48
75 1 L -1
76 0 U -1
77 1 L 67
78 1 U 9
79
0 0 U -1
1 1 L -1
2 1 U -1
3 0 U -1
4 0 U -1
5 0 L -1
6 0 L 1
7 0 L 5
8 0 L -1
9 0 L 7
10 0 U 0
11 1 L 2
12 1 U 7
13 0 U 4
14 1 L 4
15 0 U 7
16 1 U -1
17 0 U 14
18 1 L 7
19 0 U 16
20 1 U -1
21 0 U 4
22 1 U 6
23 0 U 1
24 0 L 20
25 0 U 5
26 1 L 24
27 0 U -1
28 1 U 5
29 1 L 15
30 0 U -1
31 0 U 20
32 0 U 1
33 1 U 10
34 1 U 4
35 1 L 23
36 0 L 12
37 1 L 20
38 1 L 0
39 1 L 6
40 0 L 2
41 0 L 29
42 1 U 16
43 0 L 15
44 0 U 41
45 0 U -1
46 1 U 9
47 1 L 36
48 0 U -1
49 1 U 48
50 0 L 43
51 0 L 40
52 0 L 51
53 0 L 44
54 1 L 5
55 1 L 45
56 0 U 48
57 1 U 37
58 0 U 29
59 0 L 44
60 1 L 39
61 0 U 44
62 1 L 43
63 1 L 57
64 1 L 62
65 0 L 22
66 1 U 6
67 1 L 22
68 1 U 42
69 0 L 27
70 0 L 41
71 1 U 63
72 1 L 35
73 0 L 17
74 0 U 0
75 0 L -1
76 0 U -1
77 1 L 32
78 1 U 9
79
0 0 L -1
1 1 L -1
2 1 U -1
3 0 U -1
4 0 U -1
5 0 L -1
6 0 L 1
7 0 L 5
8 1 L -1
9 0 L 7
10 0 U 4
11 1 L 2
12 1 U 7
13 0 U 4
14 0 L 8
15 0 U 13
16 1 U -1
17 1 U 11
18 1 L 7
19 0 U 16
20 1 U -1
21 0 U 4
22 1 U 19
23 0 U 19
24 0 L 20
25 0 U 5
26 0 L 24
27 0 U -1
28 1 U 5
29 1 L 15
30 0 U -1
31 0 U -1
32 0 U 19
33 1 U 10
34 0 U 0
35 0 L 23
36 0 L 12
37 1 L 36
38 1 L 0
39 1 L 6
40 0 U 2
41 0 L 29
42 0 U 16
43 0 L 15
44 0 U 41
45 0 U -1
46 0 U 9
47 1 L 20
48 1 U -1
49 1 U 48
50 0 L 43
51 0 L 9
52 1 L 51
53 0 L 44
54 1 L 5
55 1 L 45
56 1 U 48
57 1 U 37
58 0 U 29
59 0 L 44
60 1 L 39
61 1 U 44
62 1 L 43
63 0 L 57
64 1 L 62
65 0 L 22
66 1 U 6
67 0 L 22
68 0 U 42
69 0 L 27
70 0 L 69
71 1 U 63
72 1 L 35
73 0 L 54
74 0 U 0
75 0 L -1
76 1 U -1
77 0 L 32
78 1 U 33
79
0 0 L -1
1 1 L -1
2 1 U -1
3 0 U -1
4 0 U -1
5 0 L -1
6 0 L 1
7 0 L 5
8 1 L -1
9 0 L 7
10 0 U 4
11 1 L 5
12 1 U 7
13 0 U 4
14 0 L -1
15 0 U 13
16 1 U -1
17 1 U 11
18 1 L 17
19 0 U 16
20 1 U -1
21 0 U 4
22 1 U 6
23 0 U 19
24 0 L 20
25 0 U 22
26 1 L 21
27 1 U -1
28 1 U 5
29 1 L 15
30 0 U -1
31 0 U -1
32 1 U 19
33 1 U 21
34 1 L 8
35 1 L 23
36 1 L 12
37 1 L 17
38 0 U 6
39 1 L 6
40 0 U 2
41 0 L 29
42 1 U 16
43 0 L 15
44 0 U 11
45 0 U -1
46 0 U 9
47 1 L 20
48 1 U -1
49 0 U 48
50 1 L 43
51 0 L 9
52 1 L 23
53 0 L 44
54 1 L 5
55 1 L 45
56 0 U 48
57 1 U 44
58 0 U 29
59 1 L 44
60 0 L 51
61 1 U 44
62 1 L 43
63 0 L 57
64 1 L 62
65 0 L 22
66 1 U 6
67 0 L 22
68 1 U 3
69 0 L 27
70 1 L 69
71 1 U 63
72 0 L 35
73 0 L 54
74 1 U 45
75 0 L -1
76 0 U -1
77 1 L 32
78 1 U 9
79
0 0 L -1
1 1 L -1
2 0 U -1
3 0 U -1
4 0 U -1
5 0 L -1
6 0 L 1
7 0 L 5
8 1 L -1
9 0 L 7
10 0 U 4
11 1 L 1
12 1 U 7
13 0 U 4
14 0 L -1
15 0 U 13
16 1 U -1
17 1 U 11
18 0 U 12
19 0 U 16
20 1 U -1
21 0 U 4
22 1 U 6
23 0 U 19
24 0 L 3
25 0 U 15
26 0 L 21
27 0 U -1
28 1 U 22
29 1 L 15
30 0 U -1
31 0 U -1
32 1 U 19
33 0 U 21
34 0 L 1
35 0 L 23
36 1 L 12
37 1 L 30
38 1 L 27
39 0 L 6
40 0 U 16
41 0 L 29
42 0 U 16
43 0 L 15
44 0 U 11
45 0 U -1
46 0 U 9
47 1 L 43
48 0 U -1
49 1 U 48
50 0 L 12
51 0 L 9
52 0 L 23
53 0 L 44
54 0 L 14
55 1 L 45
56 0 U 48
57 1 U 25
58 0 U 29
59 0 L 44
60 0 L 51
61 0 U 44
62 0 L 43
63 1 L 57
64 1 L 62
65 0 L 22
66 1 U 3
67 0 L 22
68 0 U 3
69 1 L 27
70 0 L 60
71 1 U 63
72 1 L 35
73 0 L 54
74 1 U 45
75 1 L -1
76 0 U -1
77 1 L 32
78 1 U 9
79
0 0 L -1
1 1 L -1
2 1 U -1
3 0 U -1
4 0 U -1
5 0 L -1
6 0 L 1
7 0 L 5
8 1 L -1
9 0 L 7
10 0 U 0
11 1 L 1
12 1 U 7
13 0 U 4
14 0 L 11
15 0 U 13
16 1 U -1
17 0 U 11
18 0 U 12
19 0 U 16
20 1 U -1
21 0 U 4
22 1 U 6
23 0 U 19
24 0 L 3
25 0 U 15
26 0 L 21
27 1 U -1
28 1 U 22
29 0 L 20
30 1 U -1
31 0 U -1
32 1 L 19
33 1 U 31
34 0 L 1
35 1 L 23
36 1 L 15
37 0 L 12
38 0 L 20
39 1 L 6
40 0 U 8
41 0 L 29
42 1 U 30
43 0 L 15
44 0 U 32
45 0 U -1
46 1 U 9
47 1 L 2
48 0 U -1
49 1 U 48
50 1 L 0
51 0 L 47
52 1 L 23
53 0 L 44
54 1 L 1
55 1 L 45
56 0 U 48
57 1 U 25
58 0 U 49
59 1 L 44
60 1 L 12
61 0 U 36
62 1 L 43
63 1 L 57
64 1 L 62
65 0 L 22
66 1 U 2
67 0 L 22
68 0 U 48
69 1 L 27
70 0 L 60
71 1 U 63
72 1 L -1
73 0 L 54
74 1 U 68
75 1 L 35
76 0 U -1
77 0 L 25
78 1 U 74
79
0 0 U -1
1 1 L -1
2 1 U -1
3 0 U -1
4 0 U -1
5 0 L -1
6 0 L 1
7 0 L 5
8 1 L -1
9 0 L 7
10 0 U 3
11 1 L 1
12 1 U 7
13 0 U 2
14 0 L 11
15 1 U 13
16 1 U -1
17 0 U 11
18 0 U 12
19 0 U 16
20 1 U -1
21 0 U 4
22 1 U 6
23 0 U 21
24 0 L 3
25 0 U 22
26 1 L 21
27 1 U -1
28 1 U 22
29 0 L 20
30 0 U -1
31 1 U -1
32 1 U 19
33 1 U 31
34 0 L 1
35 1 L 23
36 1 L 20
37 1 L 18
38 0 L 35
39 1 L 6
40 1 U 10
41 0 L 29
42 1 U 16
43 1 L 37
44 0 U 32
45 0 U -1
46 1 U 9
47 1 L 2
48 0 U -1
49 1 U 48
50 0 L 12
51 0 L 47
52 0 L 31
53 0 L 42
54 1 L 1
55 1 L 45
56 1 U 48
57 1 U 28
58 0 U 49
59 0 L 44
60 1 L 39
61 0 U 26
62 1 L 19
63 1 L 57
64 1 L 62
65 0 L 22
66 1 U 18
67 0 L 22
68 1 U 0
69 1 L 41
70 1 L 50
71 1 U 63
72 0 L -1
73 0 L 54
74 0 U 3
75 1 L -1
76 1 U -1
77 0 L 33
78 1 U 74
79
0 0 U -1
1 1 L -1
2 1 U -1
3 0 U -1
4 0 U -1
5 0 L -1
6 0 L 1
7 0 L 5
8 1 L -1
9 0 L 7
10 0 U 2
11 1 L 1
12 1 U 7
13 0 U 4
14 0 L 11
15 1 U 13
16 1 U -1
17 0 U 11
18 0 U 12
19 0 U 16
20 1 U -1
21 0 U 4
22 1 U 6
23 0 U 21
24 0 L 3
25 0 U 15
26 0 L 21
27 1 L 26
28 1 U 22
29 0 L 20
30 0 U -1
31 0 U -1
32 1 L 19
33 0 U 31
34 0 L 1
35 0 L 23
36 1 L 20
37 1 L 18
38 0 L 35
39 1 L 6
40 1 U 1
41 0 L 29
42 0 U 16
43 0 L 37
44 0 U 32
45 0 U -1
46 1 U 9
47 1 L 2
48 1 U -1
49 1 U 48
50 0 L 12
51 0 L 47
52 0 L 31
53 0 L 42
54 1 L 1
55 1 L 45
56 0 U 48
57 1 U 28
58 0 U 9
59 1 L 44
60 0 L 39
61 1 U 26
62 1 L 43
63 0 L 57
64 1 L 62
65 0 L 64
66 0 U 44
67 0 L 26
68 0 U 0
69 1 L 41
70 1 L 50
71 1 U 63
72 1 L -1
73 0 L 54
74 1 U 68
75 1 L -1
76 1 U -1
77 1 L 33
78 1 U 10
79
0 0 L -1
1 1 L -1
2 1 U -1
3 0 U -1
4 0 U -1
5 0 L -1
6 0 L 1
7 0 L 5
8 1 L -1
9 0 L 7
10 0 U 2
11 1 L 1
12 1 U 7
13 0 U 4
14 0 L 11
15 1 U 7
16 1 U -1
17 0 U 11
18 0 L 12
19 0 U 16
20 1 U -1
21 0 U 2
22 1 U 10
23 0 U 1
24 0 L 10
25 0 U 1
26 0 L 21
27 1 L 26
28 1 U 9
29 0 L 12
30 0 U -1
31 0 U -1
32 1 L 19
33 1 U 31
34 0 L 1
35 1 L 23
36 1 L 20
37 1 L 18
38 0 L 35
39 1 L 6
40 1 U 35
41 0 L 19
42 0 U 16
43 0 L 37
44 0 U 7
45 0 U -1
46 1 U 9
47 1 L 7
48 1 U -1
49 1 U 48
50 0 L 39
51 1 L 47
52 1 L 46
53 0 L 40
54 1 L 1
55 1 L 38
56 1 U 48
57 1 U 28
58 0 U 9
59 0 L 44
60 1 U 12
61 0 U 8
62 0 L 43
63 0 L 57
64 1 L 62
65 0 L 64
66 0 U 56
67 0 L 26
68 0 U 0
69 1 L 41
70 1 L 50
71 1 U 63
72 1 U -1
73 0 L 54
74 0 U 48
75 1 L 50
76 0 L -1
77 1 L 33
78 1 U 10
79
0 0 L -1
1 1 L -1
2 1 U -1
3 0 U -1
4 0 U -1
5 0 L -1
6 0 L 1
7 0 L 5
8 1 L -1
9 0 L 7
10 0 U 0
11 1 L 1
12 1 U 7
13 0 U 4
14 0 L 11
15 1 U 9
16 1 U -1
17 0 U 11
18 0 L 12
19 0 U 2
20 1 U -1
21 0 U 2
22 1 U 10
23 0 U 10
24 0 L 10
25 0 U 1
26 0 L 21
27 1 L 6
28 1 U 7
29 0 L 16
30 1 U -1
31 0 U -1
32 1 L 21
33 1 U 4
34 1 L -1
35 1 L 23
36 0 L 20
37 1 L 18
38 1 L 35
39 1 L 14
40 1 U 35
41 0 L 19
42 1 U 3
43 0 L 37
44 0 U 9
45 0 U -1
46 1 U 9
47 0 L 2
48 0 U -1
49 1 U 48
50 0 L 39
51 0 L 17
52 0 L 26
53 0 L 40
54 0 L 1
55 1 L 38
56 1 U 48
57 1 U 52
58 0 U 7
59 1 L 49
60 0 U 12
61 0 U 8
62 1 L 43
63 1 L 57
64 1 L 62
65 1 L 64
66 0 U 56
67 0 L 26
68 0 U 0
69 1 L 41
70 1 L 50
71 1 U 63
72 1 U -1
73 0 L 27
74 0 U 72
75 1 L 50
76 1 L -1
77 0 L 33
78 1 U 13
79
0 0 U -1
1 1 L -1
2 1 U -1
3 0 U -1
4 0 U -1
5 0 L -1
6 0 L 1
7 0 L 5
8 1 L -1
9 0 L 7
10 0 U 2
11 1 L 1
12 1 U 7
13 0 U 4
14 0 L 11
15 1 U 7
16 1 U -1
17 0 U 11
18 0 L 12
19 0 U 2
20 0 U -1
21 0 U 20
22 1 U 10
23 0 U 10
24 0 L 10
25 0 U 1
26 1 L 21
27 1 L 4
28 1 U 7
29 0 L 16
30 0 U -1
31 0 U -1
32 0 L 21
33 1 U 0
34 1 L -1
35 1 L 23
36 0 L 20
37 1 L 18
38 1 L 35
39 1 L 14
40 1 U 35
41 0 L 19
42 1 U 2
43 0 L 37
44 1 U 9
45 0 U -1
46 1 U 9
47 1 L 2
48 0 U -1
49 1 U 48
50 0 L 12
51 1 L 11
52 0 L 26
53 0 L 40
54 0 L 51
55 1 L 38
56 0 U 48
57 1 U 46
58 1 U 5
59 0 L 49
60 0 U -1
61 1 L 15
62 1 L 43
63 0 U 47
64 1 L 62
65 1 L 64
66 1 U 4
67 0 L 26
68 1 U 0
69 1 L 41
70 1 L 50
71 1 U 63
72 1 U -1
73 0 L 1
74 0 L 19
75 1 L 73
76 1 L -1
77 0 U 33
78 1 U 46
79
0 0 U -1
1 1 L -1
2 0 U -1
3 0 U -1
4 0 U -1
5 0 L -1
6 0 L 1
7 0 L 5
8 1 L -1
9 0 L 7
10 0 U 0
11 1 L 1
12 1 U 7
13 0 U 2
14 0 L 8
15 1 U 7
16 1 U -1
17 0 U 11
18 0 L 12
19 0 U 2
20 1 U -1
21 0 U 3
22 1 U 10
23 0 U 13
24 0 L 10
25 0 U 1
26 0 L 21
27 1 L 4
28 1 U 13
29 0 L 16
30 1 U -1
31 0 U -1
32 0 L 21
33 1 U 30
34 0 L -1
35 1 L 23
36 0 L 20
37 1 L 18
38 0 L 35
39 1 L 4
40 1 L 35
41 0 L 19
42 0 U 2
43 0 L 37
44 0 U 9
45 0 U -1
46 0 U 9
47 1 L 2
48 0 U -1
49 1 U 48
50 0 L 18
51 0 L 11
52 0 L 16
53 0 L 40
54 1 L 51
55 1 L 38
56 0 U 48
57 1 U 46
58 0 U 49
59 1 L 44
60 1 U -1
61 0 L 36
62 1 L 43
63 0 U 47
64 1 L 62
65 1 L 64
66 0 U 48
67 0 L 26
68 1 U 6
69 1 L 61
70 0 L 10
71 1 U 63
72 1 U -1
73 1 L 1
74 0 U 7
75 1 L 73
76 1 L -1
77 1 L 38
78 1 U 36
79
0 0 L -1
1 1 L -1
2 0 U -1
3 0 U -1
4 0 U -1
5 0 L -1
6 0 L 1
7 0 L 5
8 1 L -1
9 0 L 7
10 0 U 4
11 1 L 1
12 1 U 1
13 0 U 4
14 0 L 8
15 1 U 9
16 1 U -1
17 0 U 11
18 0 L 12
19 0 U 2
20 1 U -1
21 0 U 3
22 1 U 10
23 0 U 13
24 0 L 10
25 0 U 1
26 1 L 21
27 1 L 9
28 1 U 13
29 0 L 16
30 1 U -1
31 1 U -1
32 0 L 21
33 1 U 30
34 1 L -1
35 1 L 23
36 0 L 20
37 1 L 18
38 0 L 35
39 1 L 17
40 1 L 35
41 0 L 19
42 0 U 2
43 0 L 37
44 0 U 22
45 1 U -1
46 0 U 9
47 0 L 7
48 0 U -1
49 1 U 48
50 0 L 18
51 1 L 11
52 0 L 34
53 0 L 40
54 1 L 51
55 1 L 38
56 0 U 48
57 1 U 14
58 1 U 49
59 0 L 44
60 1 U -1
61 0 L 36
62 1 L 43
63 0 U 32
64 1 L 62
65 1 L 64
66 0 U 48
67 0 L 26
68 1 U 6
69 1 L 61
70 0 L 10
71 1 U 63
72 1 U -1
73 1 L 1
74 0 U 33
75 1 L 73
76 0 L -1
77 0 L 38
78 1 U 28
79
0 0 U -1
1 1 L -1
2 0 U -1
3 0 U -1
4 0 U -1
5 0 L -1
6 0 L 1
7 0 L 5
8 1 L -1
9 0 L 7
10 0 U 0
11 1 L 1
12 1 U 1
13 0 U 4
14 0 L 8
15 1 U 9
16 1 U -1
17 0 U 11
18 0 L 12
19 0 U 0
20 1 U -1
21 0 U 3
22 1 U 10
23 0 U 13
24 0 L 10
25 0 U 21
26 0 L 21
27 1 L 9
28 1 U 10
29 0 L 26
30 1 U -1
31 1 U -1
32 1 L 21
33 1 U 30
34 1 L -1
35 1 L 29
36 0 L 20
37 1 L 18
38 1 L 35
39 1 L 10
40 1 L 35
41 0 L 19
42 0 U 2
43 0 L 37
44 0 U 22
45 1 U -1
46 0 U 9
47 0 L 6
48 0 U -1
49 1 U 48
50 0 L 18
51 0 L 11
52 0 L 34
53 0 L 40
54 1 L 51
55 1 L 38
56 0 U 48
57 1 U 14
58 1 U 7
59 1 L 44
60 1 U -1
61 1 L 36
62 1 L 43
63 0 U 32
64 1 L 62
65 1 L 64
66 0 U 30
67 0 L 26
68 1 U 6
69 1 L 61
70 0 L 10
71 1 U 63
72 1 U -1
73 1 L 1
74 1 U 33
75 1 L 73
76 0 L -1
77 1 L 38
78 1 U 28
79
0 0 U -1
1 1 L -1
2 0 U -1
3 0 U -1
4 0 U -1
5 0 L -1
6 0 L 1
7 0 L 5
8 1 L -1
9 0 L 7
10 0 U 0
11 1 L 1
12 1 U 1
13 0 U 4
14 0 L 8
15 1 U 9
16 1 U -1
17 0 U 11
18 0 L 12
19 0 U 0
20 1 U -1
21 0 U 3
22 1 U 6
23 0 U 13
24 0 L 10
25 0 U 21
26 0 L 21
27 1 L 9
28 1 U 13
29 0 L 26
30 1 U -1
31 1 U -1
32 0 L 21
33 1 U 30
34 0 L -1
35 1 L 29
36 0 L 20
37 1 L 18
38 0 L 35
39 1 L 10
40 1 L 35
41 0 L 24
42 0 U 16
43 0 L 37
44 0 U 22
45 1 U -1
46 0 U 9
47 0 L 6
48 0 U -1
49 1 U 48
50 0 L 13
51 0 L 11
52 0 L 34
53 0 L 40
54 1 L 27
55 1 L 38
56 0 U 48
57 1 U 14
58 0 U 7
59 0 L 44
60 0 U -1
61 1 L 36
62 1 L 43
63 0 U 32
64 1 L 62
65 1 L 64
66 0 U 0
67 0 L 26
68 1 U 6
69 1 L 61
70 0 L 27
71 1 U 63
72 1 U -1
73 1 L 1
74 1 U 33
75 1 L 73
76 1 L -1
77 0 L 38
78 1 U 46
79
0 0 U -1
1 1 L -1
2 0 U -1
3 0 U -1
4 0 U -1
5 0 L -1
6 0 L 1
7 0 L 5
8 1 L -1
9 0 L 7
10 0 U 0
11 1 L 1
12 1 U 1
13 0 U 4
14 1 L 9
15 1 U 9
16 1 U -1
17 0 U 11
18 0 L 12
19 0 U 3
20 1 U -1
21 0 U 3
22 1 U 1
23 0 U 13
24 0 L 10
25 0 U 21
26 0 L 21
27 1 L 9
28 1 U 13
29 0 L 26
30 1 U -1
31 0 U -1
32 0 L 21
33 1 U 30
34 0 L -1
35 1 L 29
36 0 L 20
37 1 L 18
38 1 L 35
39 1 L 10
40 1 L 35
41 0 L 24
42 0 U 0
43 0 L 37
44 1 U 9
45 0 U -1
46 0 U 9
47 1 L 11
48 0 U -1
49 1 U 48
50 0 L 15
51 1 L 11
52 1 L 34
53 0 L 40
54 1 L 27
55 1 L 38
56 0 U 48
57 1 U -1
58 1 U 56
59 0 L 44
60 1 U -1
61 1 L 36
62 1 L 43
63 0 U 32
64 1 L 62
65 1 L 64
66 1 U 2
67 0 L 26
68 1 U 6
69 1 L 61
70 0 L 27
71 1 U 0
72 0 U -1
73 1 L 1
74 0 U 24
75 1 L 73
76 1 L -1
77 0 L 38
78 0 U 46
79
0 0 L -1
1 1 L -1
2 1 U -1
3 0 U -1
4 0 U -1
5 0 L -1
6 0 L 1
7 0 L 5
8 1 L -1
9 0 L 7
10 0 U 0
11 1 L 2
12 1 U 1
13 0 U 4
14 1 L 11
15 1 U 9
16 1 U -1
17 0 U 11
18 0 L 12
19 0 U 3
20 1 U -1
21 0 U 3
22 1 U 1
23 0 U 13
24 0 L 14
25 0 U 21
26 1 L 21
27 1 L 9
28 1 U 13
29 0 L 26
30 1 U -1
31 0 U -1
32 0 L 21
33 1 U 30
34 0 L -1
35 1 L 29
36 0 L 20
37 1 L 18
38 0 L 35
39 1 L 10
40 1 L 35
41 0 L 24
42 0 U 0
43 0 L 37
44 0 U 22
45 0 U -1
46 0 U 9
47 0 L 17
48 1 U -1
49 1 U 48
50 0 L 13
51 1 L 11
52 1 L 7
53 0 L 40
54 1 L 10
55 1 L 28
56 0 U 48
57 1 U -1
58 0 U 56
59 1 L 44
60 0 U -1
61 1 L 36
62 1 L 43
63 0 U 39
64 1 L 62
65 1 L 64
66 1 U 2
67 0 L 26
68 1 U 6
69 1 L 61
70 0 L 47
71 1 U 3
72 0 U -1
73 1 L 1
74 1 U 38
75 1 L 59
76 0 L -1
77 1 L 38
78 1 U 46
79
0 0 U -1
1 1 L -1
2 0 U -1
3 0 U -1
4 0 U -1
5 0 L -1
6 0 L 1
7 0 L 5
8 1 L -1
9 1 L 7
10 0 U 0
11 1 L 2
12 1 U 1
13 0 U 4
14 1 L 11
15 1 U 9
16 1 U -1
17 0 U 11
18 0 L 12
19 0 U 3
20 1 U -1
21 0 U 3
22 1 U 10
23 0 U 13
24 0 L 10
25 0 U 10
26 1 L 21
27 0 L 11
28 1 U 10
29 1 L 26
30 1 U -1
31 1 U -1
32 0 L 21
33 1 U 31
34 0 L -1
35 1 L 29
36 0 L 20
37 1 L 18
38 1 L 35
39 1 L 27
40 1 L 35
41 0 L 24
42 1 U 2
43 0 L 37
44 0 U 7
45 0 U -1
46 0 U 9
47 0 L 11
48 1 U -1
49 0 U 48
50 0 L 1
51 1 L 11
52 1 L 7
53 0 L 40
54 1 L 51
55 1 L 28
56 0 U 48
57 1 U -1
58 1 U 56
59 0 L 44
60 0 U -1
61 0 L 36
62 1 L 43
63 0 U 39
64 1 L 62
65 1 L 64
66 1 U 2
67 0 L 26
68 1 U 6
69 1 L 61
70 0 L 51
71 1 U 31
72 0 U -1
73 0 L 1
74 0 U 8
75 1 L 59
76 1 L -1
77 0 L 25
78 1 U 46
79
0 0 L -1
1 1 L -1
2 0 U -1
3 0 U -1
4 0 U -1
5 0 L -1
6 0 L 1
7 0 L 5
8 1 L -1
9 1 L 7
10 0 U 0
11 1 L 2
12 1 U 1
13 0 U 4
14 1 L 11
15 1 U 9
16 1 U -1
17 0 U 11
18 0 L 12
19 0 U 3
20 1 U -1
21 0 U 3
22 1 U 1
23 0 U 13
24 0 L 10
25 0 U 1
26 0 L 21
27 0 L 11
28 1 U 10
29 0 L 26
30 1 U -1
31 0 U -1
32 0 L 21
33 1 U 31
34 0 L -1
35 1 L 29
36 1 L 20
37 1 L 18
38 1 L 19
39 1 L 27
40 1 U 35
41 0 L 24
42 1 U 2
43 0 L 37
44 0 U 9
45 0 U -1
46 1 U 9
47 1 L 17
48 1 U -1
49 0 U 48
50 0 L 1
51 1 L 3
52 0 L 2
53 0 L 40
54 1 L 51
55 1 L 28
56 0 U 48
57 1 U -1
58 1 U 56
59 0 L 44
60 0 U -1
61 1 L 24
62 1 L 43
63 0 U 39
64 1 L 62
65 1 L 64
66 1 U 2
67 0 L 26
68 1 U 6
69 1 L 37
70 0 L 51
71 1 U 3
72 1 U -1
73 0 L 1
74 0 U 35
75 1 L 59
76 0 L -1
77 1 L 65
78 1 U 46
79
0 0 L -1
1 1 L -1
2 0 U -1
3 0 U -1
4 0 U -1
5 0 L -1
6 0 L 1
7 0 L 5
8 1 L -1
9 0 L 7
10 0 U 2
11 1 L 2
12 1 U 1
13 0 U 4
14 1 L 11
15 1 U 9
16 1 U -1
17 0 U 11
18 0 L 12
19 0 U 3
20 1 U -1
21 0 U 3
22 1 U 1
23 0 U 13
24 0 L 10
25 0 U 1
26 0 L 21
27 0 L 3
28 1 U 13
29 0 L 26
30 1 U -1
31 1 U -1
32 0 L 21
33 1 U 3
34 1 L -1
35 1 L 29
36 1 L 18
37 1 L 18
38 0 L 19
39 1 L 27
40 1 U 35
41 0 L 24
42 1 U 2
43 0 L 37
44 0 U 9
45 0 U -1
46 0 U 9
47 1 L 17
48 1 U -1
49 0 U 48
50 0 L 5
51 1 L 3
52 1 L 3
53 0 L 40
54 1 L 53
55 1 L 28
56 0 U 48
57 1 U -1
58 0 U 56
59 0 L 44
60 1 U -1
61 0 L 13
62 1 L 43
63 0 U 39
64 1 L 62
65 1 L 64
66 1 U 4
67 0 L 26
68 1 U 6
69 1 L 41
70 0 L 51
71 1 U 31
72 0 U -1
73 1 L 1
74 0 U 35
75 1 L 59
76 1 L -1
77 1 L 65
78 1 U 46
79
0 0 L -1
1 1 L -1
2 0 U -1
3 0 U -1
4 0 U -1
5 0 L -1
6 0 L 1
7 0 L 5
8 1 L -1
9 1 L 7
10 0 U 2
11 1 L 2
12 1 U 1
13 0 U 4
14 1 L 11
15 1 U 9
16 1 U -1
17 0 U 11
18 0 L 12
19 0 U 3
20 0 U -1
21 0 U 3
22 1 U 1
23 0 U 13
24 0 L 10
25 0 U 1
26 0 L 21
27 0 L 3
28 1 U 13
29 0 L 26
30 1 U -1
31 1 U -1
32 0 L 1
33 1 U 3
34 1 L -1
35 0 L 29
36 1 L 18
37 1 L 18
38 1 L 19
39 1 L 14
40 1 U 35
41 0 L 39
42 1 U 2
43 0 L 19
44 0 U 9
45 0 U -1
46 0 U 9
47 1 L 11
48 1 U -1
49 0 U 48
50 1 L 1
51 1 L 3
52 0 L 11
53 0 L 40
54 1 L 53
55 1 L 28
56 0 U 48
57 1 U -1
58 1 U 5
59 1 L 44
60 1 U -1
61 1 L 27
62 1 L 43
63 0 U 39
64 1 L 62
65 1 L 64
66 1 U 4
67 0 L 26
68 1 U 10
69 1 L 41
70 0 L 47
71 1 U 31
72 1 U -1
73 1 L 43
74 0 U 35
75 1 L 60
76 1 L -1
77 1 L 40
78 1 U 27
79
0 0 U -1
1 1 L -1
2 0 U -1
3 0 U -1
4 0 U -1
5 0 L -1
6 0 L 1
7 0 L 5
8 1 L -1
9 0 L 7
10 0 U 2
11 1 L 2
12 1 U 1
13 0 U 4
14 1 L 11
15 1 U 7
16 1 U -1
17 0 U 11
18 0 L 12
19 0 U 3
20 0 U -1
21 0 U 3
22 1 U 1
23 0 U 13
24 0 L 14
25 0 U 1
26 1 L 21
27 0 L 11
28 1 U 1
29 0 L 26
30 1 U -1
31 1 U -1
32 1 L 1
33 1 U 3
34 0 L -1
35 0 L 29
36 1 L 18
37 1 L 24
38 0 L 19
39 1 L 27
40 1 U 35
41 0 L 39
42 1 U 2
43 0 L 19
44 0 U 9
45 0 U -1
46 0 U 9
47 1 L 11
48 1 U -1
49 0 U 39
50 0 L 1
51 1 L 3
52 0 L 11
53 0 L 40
54 1 L 53
55 1 L 28
56 0 U 48
57 1 U -1
58 1 U 5
59 1 L 44
60 1 U -1
61 0 L 17
62 1 L 43
63 0 U 43
64 1 L 33
65 1 L 64
66 1 U 0
67 0 L 26
68 1 U 10
69 1 L 15
70 0 L 47
71 0 U 31
72 1 U -1
73 1 L 43
74 0 U 53
75 1 L 60
76 1 L -1
77 1 L 40
78 1 U 27
79
0 0 L -1
1 0 L -1
2 0 U -1
3 0 U -1
4 0 U -1
5 0 L -1
6 0 L 1
7 0 L 5
8 1 L -1
9 0 L 7
10 0 U 2
11 1 L 2
12 1 U 1
13 0 U 4
14 1 L 11
15 1 U 7
16 1 U -1
17 0 U 11
18 0 L 16
19 0 U 3
20 1 U -1
21 0 U 3
22 1 U 6
23 0 U 13
24 0 L 14
25 0 U 1
26 0 L 21
27 0 L 11
28 1 U 1
29 0 L 26
30 1 U -1
31 0 U -1
32 0 L 1
33 1 U 0
34 0 L -1
35 0 L 29
36 1 L 18
37 1 L 24
38 1 L 19
39 0 L 14
40 1 U 35
41 0 L 39
42 1 U 16
43 0 L 19
44 0 U 7
45 0 U -1
46 0 U 9
47 0 L 11
48 1 U -1
49 0 U 39
50 1 L 34
51 0 L 3
52 0 L 32
53 0 L 40
54 1 L 53
55 1 L 28
56 0 U 48
57 1 U -1
58 1 U 9
59 1 L 44
60 1 U -1
61 1 L 17
62 1 L 43
63 1 U 43
64 1 L 33
65 1 L 64
66 1 U 0
67 0 L 33
68 0 U 3
69 1 L 15
70 0 L 47
71 0 U 57
72 0 U -1
73 1 L 43
74 0 U 35
75 1 L 60
76 0 L -1
77 0 L 67
78 1 U 25
79
0 0 U -1
1 0 L -1
2 0 U -1
3 0 U -1
4 0 U -1
5 0 L -1
6 0 L 1
7 0 L 5
8 1 L -1
9 0 L 7
10 0 U 4
11 1 L 2
12 1 U 1
13 0 U 4
14 1 L 11
15 1 U 9
16 1 U -1
17 0 U 11
18 0 L 16
19 0 U 3
20 1 U -1
21 0 U 3
22 1 U 1
23 0 U 13
24 0 L 14
25 0 U 1
26 0 L 21
27 0 L 19
28 1 U 1
29 0 L 26
30 1 U -1
31 0 U -1
32 0 L 1
33 1 U 0
34 0 L -1
35 0 L 29
36 1 L 18
37 1 L 24
38 1 L 19
39 0 L 14
40 1 U 35
41 1 L 39
42 1 U 16
43 0 L 19
44 0 U 7
45 0 U -1
46 1 U 21
47 1 L 6
48 1 U -1
49 1 U 43
50 1 L 34
51 0 L 3
52 0 L 32
53 0 L 40
54 0 L 53
55 1 L 28
56 1 U 48
57 1 U -1
58 1 U 9
59 0 L 44
60 1 U -1
61 1 L 50
62 1 L 43
63 1 U 51
64 1 L 33
65 1 L 64
66 1 U 2
67 0 L 33
68 0 U 0
69 0 L 15
70 0 L 47
71 0 U 57
72 0 U -1
73 1 L 43
74 0 U 35
75 1 L 60
76 0 L -1
77 0 L 67
78 1 U 25
79
0 0 U -1
1 0 L -1
2 0 U -1
3 0 U -1
4 0 U -1
5 0 L -1
6 0 L 1
7 0 L 5
8 1 L -1
9 0 L 7
10 0 U 2
11 1 L 2
12 1 U 1
13 0 U 4
14 1 L 11
15 1 U 7
16 1 U -1
17 0 U 11
18 0 L 12
19 0 U 3
20 0 U -1
21 0 U 3
22 1 U 1
23 0 U 13
24 0 L 14
25 0 U 1
26 0 L 21
27 0 L 14
28 1 U 1
29 0 L 26
30 1 U -1
31 0 U -1
32 0 L 1
33 1 U 0
34 0 L -1
35 0 L 23
36 1 L 18
37 1 L 15
38 1 L 19
39 0 L 14
40 1 U 35
41 1 L 13
42 1 U 16
43 0 L 19
44 1 U 19
45 0 U -1
46 1 U 21
47 0 L 6
48 0 U -1
49 1 U 43
50 0 L 34
51 0 L 3
52 0 U 32
53 0 L 40
54 0 L 53
55 1 L 28
56 1 U 48
57 1 U -1
58 1 U 9
59 1 L 53
60 0 U -1
61 0 L 32
62 1 L 43
63 1 U 51
64 1 L 33
65 1 L 64
66 1 U 46
67 0 L 33
68 0 U 4
69 0 L 15
70 0 L 47
71 0 U 57
72 1 U -1
73 1 L 43
74 0 U 72
75 1 L 2
76 0 L -1
77 0 L 67
78 1 U 46
79
0 0 U -1
1 0 L -1
2 0 U -1
3 0 U -1
4 0 U -1
5 0 L -1
6 0 L 1
7 0 L 5
8 1 L -1
9 0 L 7
10 0 U 4
11 1 L 2
12 1 U 1
13 0 U 4
14 1 L 11
15 1 U 7
16 1 U -1
17 0 U 11
18 0 L 16
19 0 U 3
20 0 U -1
21 0 U 3
22 1 U 1
23 0 U 13
24 0 L 14
25 0 U 1
26 0 L 21
27 0 L 11
28 1 U 1
29 0 L 26
30 1 U -1
31 0 U -1
32 1 L 1
33 1 U 0
34 0 L -1
35 0 L 23
36 1 L 18
37 1 L 15
38 1 L 19
39 0 L 14
40 1 U 35
41 1 L 13
42 0 U 16
43 0 L 19
44 0 U 19
45 0 U -1
46 1 U 21
47 0 L 11
48 1 U -1
49 1 U 43
50 0 L 34
51 1 L 3
52 0 U 32
53 0 L 40
54 1 L 53
55 1 L 28
56 1 U 48
57 1 U 20
58 1 U 9
59 1 L 53
60 0 U -1
61 1 L 4
62 1 L 43
63 0 U 51
64 1 L 33
65 1 L 64
66 1 U 46
67 0 L 62
68 0 U 4
69 0 L 15
70 0 L 14
71 0 U 0
72 1 U -1
73 1 L 43
74 0 U 72
75 1 L 2
76 0 L -1
77 0 L 67
78 1 U 38
79
0 0 L -1
1 0 L -1
2 0 U -1
3 0 U -1
4 0 U -1
5 0 L -1
6 0 L 1
7 0 L 5
8 1 L -1
9 0 L 7
10 0 U 2
11 1 L 2
12 1 U 1
13 0 U 4
14 1 L 11
15 1 U 7
16 1 U -1
17 0 U 11
18 0 L 16
19 0 U 3
20 0 U -1
21 0 U 3
22 1 U 10
23 0 U 13
24 1 L 14
25 0 U 13
26 0 L 21
27 0 L 11
28 1 U 1
29 0 L 26
30 1 U -1
31 0 U -1
32 0 L 1
33 1 U 4
34 0 L -1
35 0 L 23
36 1 L 20
37 1 L 15
38 1 L 19
39 0 L 14
40 1 U 35
41 1 L 39
42 1 U 16
43 0 L 19
44 0 U 19
45 0 U -1
46 1 U 21
47 0 L 11
48 0 U -1
49 1 U 43
50 0 L 34
51 0 L 3
52 0 U 43
53 0 L 40
54 1 L 53
55 1 L 28
56 1 U 48
57 1 U -1
58 1 U 22
59 1 L 53
60 0 U -1
61 0 L 50
62 1 L 43
63 1 U 32
64 1 L 33
65 1 L 64
66 0 U 46
67 0 L 62
68 0 U 4
69 0 L 15
70 0 L 27
71 0 U 0
72 0 U -1
73 1 L 43
74 0 U 42
75 1 L 2
76 0 L -1
77 0 L 67
78 0 U 38
79
0 0 L -1
1 0 L -1
2 0 U -1
3 0 U -1
4 0 U -1
5 0 L -1
6 0 L 1
7 0 L 5
8 1 L -1
9 0 L 7
10 0 U 4
11 1 L 2
12 1 U 1
13 0 U 4
14 1 L 6
15 1 U 7
16 1 U -1
17 0 U 11
18 0 L 16
19 0 U 3
20 0 U -1
21 0 U 3
22 1 U 10
23 0 U 6
24 1 L 14
25 0 U 13
26 0 L 21
27 0 L 6
28 1 U 1
29 0 L 26
30 1 U -1
31 0 U -1
32 0 L 1
33 1 U 4
34 0 L -1
35 0 L 23
36 0 L 20
37 1 L 15
38 0 L 16
39 0 L 14
40 1 U 35
41 1 L 39
42 1 U 16
43 0 L 19
44 0 U 22
45 0 U -1
46 1 U 21
47 0 L 3
48 1 U -1
49 1 U 43
50 0 L 34
51 1 L 6
52 0 U 43
53 0 L 40
54 1 L 53
55 1 L 28
56 1 U 48
57 1 U 31
58 1 U 22
59 1 L 53
60 0 U -1
61 0 L 50
62 0 L 43
63 1 U 32
64 1 L 33
65 1 L 64
66 0 U 46
67 0 L 22
68 0 U 4
69 0 L 15
70 0 L 27
71 0 U 0
72 0 U -1
73 1 L 43
74 0 U 42
75 1 L 2
76 0 L -1
77 0 L 67
78 0 U 54
79
0 0 U -1
1 0 L -1
2 0 U -1
3 0 U -1
4 0 U -1
5 0 L -1
6 0 L 1
7 0 L 5
8 1 L -1
9 1 L 7
10 0 U 4
11 1 L 1
12 1 U 1
13 0 U 2
14 1 L 6
15 1 U 9
16 1 U -1
17 0 U 11
18 0 L 16
19 0 U 3
20 0 U -1
21 0 U 3
22 1 U 10
23 0 U 6
24 0 L 14
25 0 U 13
26 0 L 21
27 0 L 3
28 1 U 1
29 0 L 26
30 1 U -1
31 0 U -1
32 1 L 1
33 1 U 4
34 0 L -1
35 0 L 23
36 1 L 20
37 1 L 15
38 1 L 13
39 0 L 14
40 1 U 35
41 1 L 39
42 0 U 16
43 0 L 41
44 0 U 22
45 0 U -1
46 1 U 21
47 0 L 3
48 1 U -1
49 1 U 43
50 0 L 34
51 0 L 3
52 0 U 43
53 0 L 40
54 0 L 53
55 1 L 28
56 1 U 48
57 1 U 31
58 1 U 19
59 0 L 28
60 1 U -1
61 1 L 50
62 1 L 43
63 0 U 32
64 1 L 62
65 1 L 64
66 0 U 11
67 0 L 22
68 1 U 0
69 0 L 49
70 0 L 27
71 0 U 0
72 0 U -1
73 1 L 43
74 0 U 32
75 1 L 14
76 0 L -1
77 1 L 67
78 1 U 29
79
0 0 U -1
1 0 L -1
2 0 U -1
3 0 U -1
4 0 U -1
5 0 L -1
6 0 L 1
7 0 L 5
8 1 L -1
9 0 L 7
10 0 U 2
11 1 L 1
12 1 U 1
13 0 U 2
14 1 L 6
15 1 U 7
16 1 U -1
17 0 U 11
18 0 L 14
19 0 U 3
20 1 U -1
21 0 U 3
22 1 U 10
23 0 U 6
24 0 L 14
25 0 U 13
26 0 L 21
27 0 L 3
28 1 U 1
29 0 L 26
30 1 U -1
31 0 U -1
32 1 L 1
33 1 U 31
34 0 L -1
35 0 L 23
36 1 L 20
37 1 L 24
38 0 L 13
39 0 L 14
40 0 U 35
41 1 L 39
42 1 U 16
43 0 L 41
44 0 U 22
45 0 U -1
46 1 U 1
47 0 L 3
48 0 U -1
49 1 U 43
50 1 L 34
51 0 L 3
52 1 U 43
53 0 L 40
54 1 L 53
55 1 L 28
56 1 U 48
57 1 U 2
58 0 U 19
59 1 L 28
60 0 U -1
61 0 L 50
62 1 L 43
63 1 U 32
64 1 L 62
65 1 L 64
66 0 U 11
67 0 L 22
68 0 U 0
69 0 L 49
70 0 L 27
71 0 U 3
72 1 U -1
73 1 L 43
74 1 L 6
75 1 L 13
76 0 L -1
77 1 L 67
78 1 U 29
79
0 0 U -1
1 0 L -1
2 0 U -1
3 0 U -1
4 0 U -1
5 0 L -1
6 0 L 1
7 0 L 5
8 1 L -1
9 0 L 7
10 0 U 0
11 1 L 1
12 1 U 1
13 0 U 2
14 1 L 6
15 1 U 7
16 1 U -1
17 0 U 11
18 0 L 14
19 0 U 3
20 0 U -1
21 0 U 3
22 1 U 10
23 0 U 6
24 0 L 14
25 0 U 13
26 0 L 21
27 0 L 3
28 1 U 1
29 0 L 26
30 1 U -1
31 1 U -1
32 1 L 1
33 1 U 30
34 0 L -1
35 0 L 23
36 1 L 15
37 1 L 24
38 1 L 13
39 0 L 14
40 0 U 35
41 1 L 39
42 1 U 16
43 0 L 41
44 0 U 19
45 0 U -1
46 1 U 1
47 0 L 3
48 1 U -1
49 1 U 43
50 0 L 34
51 1 L 3
52 0 U 43
53 0 L 40
54 0 L 53
55 1 L 28
56 1 U 48
57 1 U 2
58 0 U 19
59 0 L 53
60 0 U -1
61 0 L 3
62 1 L 43
63 1 U 32
64 1 L 62
65 1 L 23
66 0 U 54
67 0 L 22
68 0 U 0
69 0 L 49
70 0 L 27
71 0 U 3
72 0 U -1
73 1 L 43
74 1 L 47
75 1 L 12
76 0 L -1
77 1 L 67
78 1 U 29
79
0 0 L -1
1 0 L -1
2 0 U -1
3 0 U -1
4 1 U -1
5 0 L -1
6 0 L 1
7 0 L 5
8 1 L -1
9 0 L 7
10 0 U 0
11 1 L 1
12 1 U 1
13 0 U 2
14 1 L 6
15 1 U 7
16 1 U -1
17 0 U 11
18 0 L 14
19 0 U 3
20 1 U 4
21 0 U 3
22 1 U 13
23 0 U 6
24 0 L 4
25 0 U 13
26 0 L 21
27 0 L 17
28 1 U 1
29 0 L 26
30 1 U -1
31 1 U -1
32 0 L 1
33 1 U 30
34 0 L -1
35 0 L 29
36 1 L 15
37 0 L 20
38 1 L 13
39 0 L 14
40 0 U 35
41 1 L 18
42 0 U 16
43 0 L 41
44 0 U 19
45 0 U -1
46 1 U 1
47 0 L 3
48 0 U -1
49 1 U 43
50 1 L 34
51 0 L 3
52 1 U 51
53 0 L 40
54 1 L 53
55 1 L 28
56 1 U 48
57 1 U 2
58 0 U 19
59 0 L 53
60 0 U -1
61 0 L 49
62 1 L 43
63 0 L 50
64 1 L 62
65 1 L 23
66 0 U 54
67 0 L 22
68 0 U 0
69 0 L 60
70 0 L 27
71 0 U 3
72 0 U -1
73 1 L 43
74 1 L 4
75 1 L 18
76 0 L -1
77 1 L 67
78 1 U 29
79
0 0 U -1
1 0 L -1
2 0 U -1
3 0 U -1
4 1 U -1
5 0 L -1
6 0 L 1
7 0 L 5
8 1 L -1
9 0 L 7
10 0 U 0
11 1 L 1
12 1 U 1
13 0 U 2
14 1 L 6
15 1 U 7
16 1 U -1
17 0 U 11
18 0 L 14
19 0 U 3
20 1 U 4
21 0 U 3
22 1 U 13
23 0 U 6
24 0 L 4
25 0 U 13
26 0 L 21
27 0 L 17
28 1 U 1
29 0 L 26
30 1 U -1
31 1 U -1
32 1 L 1
33 1 U 30
34 0 L -1
35 0 L 29
36 1 L 15
37 0 L 20
38 1 L 18
39 0 L 14
40 0 U 35
41 1 L 18
42 1 U 16
43 0 L 41
44 1 U 19
45 0 U -1
46 1 U 1
47 0 L 3
48 0 U -1
49 1 U 43
50 1 L 34
51 0 L 3
52 0 U 38
53 0 L 40
54 1 L 48
55 1 L 28
56 1 U 48
57 1 U 2
58 0 U 9
59 0 L 53
60 1 U -1
61 1 L 49
62 0 L 43
63 1 L 32
64 1 U 62
65 1 L 23
66 0 U 54
67 0 L 43
68 0 U 31
69 0 L 35
70 0 L 27
71 0 U 30
72 0 U -1
73 1 U 43
74 1 L 16
75 1 L 4
76 0 L -1
77 1 L 67
78 1 U 58
79
0 0 L -1
1 0 L -1
2 0 U -1
3 0 U -1
4 1 U -1
5 0 L -1
6 0 L 1
7 0 L 5
8 1 L -1
9 0 L 7
10 0 U 2
11 1 L 1
12 1 U 1
13 0 U 2
14 1 L 6
15 1 U 9
16 1 U -1
17 0 U 11
18 0 L 14
19 0 U 3
20 1 U -1
21 0 U 3
22 1 U 13
23 0 U 6
24 0 L 14
25 0 U 13
26 0 L 21
27 0 L 3
28 1 U 1
29 0 L 26
30 1 U -1
31 1 U -1
32 1 L 1
33 1 U 30
34 0 L -1
35 0 L 23
36 1 L 15
37 0 L 20
38 0 L 16
39 1 L 27
40 0 U 35
41 1 L 18
42 0 U 16
43 0 L 41
44 0 U 19
45 0 U -1
46 1 U 1
47 1 L 3
48 0 U -1
49 1 U 43
50 1 L 1
51 1 L 3
52 1 U 38
53 0 L 40
54 1 L 48
55 1 L 28
56 1 U 48
57 1 U 2
58 0 U 9
59 1 L 53
60 1 U -1
61 1 L 30
62 1 L 43
63 1 L 32
64 1 L 62
65 1 L 64
66 0 U 29
67 0 L 43
68 1 U 3
69 0 L 35
70 0 L 27
71 0 U 43
72 1 U -1
73 1 U 43
74 0 L 49
75 1 L 13
76 0 L -1
77 1 L 67
78 1 U 28
79
0 0 U -1
1 0 L -1
2 0 U -1
3 0 U -1
4 1 U -1
5 0 L -1
6 0 L 1
7 0 L 5
8 1 L -1
9 0 L 7
10 0 U 0
11 1 L 1
12 1 U 1
13 0 U 2
14 1 L 6
15 1 U 9
16 1 U -1
17 0 U 11
18 0 L 14
19 0 U 3
20 0 U -1
21 0 U 3
22 1 U 13
23 0 U 6
24 0 L 14
25 0 U 13
26 0 L 21
27 0 L 3
28 1 U 1
29 0 L 26
30 1 U -1
31 0 U -1
32 1 L 1
33 1 U 30
34 0 L -1
35 0 L 23
36 1 L 15
37 0 L 20
38 0 L 16
39 1 L 27
40 0 U 35
41 1 L 18
42 0 U 16
43 0 L 41
44 0 U 19
45 0 U -1
46 1 U 1
47 1 L 3
48 1 U -1
49 1 U 43
50 1 L 1
51 1 L 3
52 1 U 43
53 0 L 40
54 1 L 13
55 1 L 28
56 1 U 48
57 1 U 2
58 0 U 21
59 1 L 53
60 1 U -1
61 0 U 30
62 0 L 43
63 1 L 32
64 1 L 62
65 1 L 64
66 0 U 29
67 0 L 43
68 0 U 3
69 0 L 25
70 0 L 27
71 0 U 43
72 0 U -1
73 1 U 43
74 1 L 49
75 1 L 63
76 0 L -1
77 1 L 67
78 1 U 11
79
0 0 U -1
1 0 L -1
2 0 U -1
3 0 U -1
4 1 U -1
5 0 L -1
6 0 L 1
7 0 L 5
8 1 L -1
9 0 L 7
10 0 U 2
11 1 L 1
12 1 U 1
13 0 U 2
14 1 L 6
15 1 U 9
16 1 U -1
17 0 U 11
18 0 L 14
19 0 U 3
20 0 U -1
21 0 U 3
22 1 U 13
23 0 U 6
24 0 L 14
25 0 U 13
26 0 L 21
27 0 L 3
28 1 U 1
29 0 L 26
30 1 U -1
31 0 U -1
32 1 L 1
33 1 U 30
34 0 L -1
35 0 L 23
36 1 L 15
37 0 L 20
38 0 L 16
39 1 L 27
40 0 U 35
41 1 L 18
42 1 U 16
43 0 L 41
44 0 U 19
45 0 U -1
46 1 U 1
47 1 L 17
48 0 U -1
49 1 U 38
50 1 L 1
51 1 L 3
52 1 U 43
53 0 L 40
54 0 L 43
55 1 L 28
56 1 U 48
57 1 U 2
58 0 U 21
59 1 L 53
60 1 U -1
61 0 U 46
62 1 L 43
63 1 L 32
64 1 L 62
65 1 L 64
66 0 U 29
67 0 L 43
68 0 U 3
69 0 L 25
70 0 L 27
71 0 U 43
72 1 U -1
73 1 U 43
74 0 L 18
75 1 L 63
76 0 L -1
77 1 L 67
78 1 U 11
79
0 0 L -1
1 0 L -1
2 0 U -1
3 0 U -1
4 1 U -1
5 0 L -1
6 0 L 1
7 0 L 5
8 1 L -1
9 0 L 7
10 0 U 0
11 1 L 5
12 1 U 1
13 0 U 2
14 1 L 6
15 1 U 9
16 1 U -1
17 0 U 11
18 0 L 14
19 0 U 3
20 0 U -1
21 0 U 3
22 1 U 13
23 0 U 6
24 0 L 14
25 0 U 13
26 0 L 21
27 0 L 3
28 1 U 1
29 0 L 26
30 1 U -1
31 1 U -1
32 1 L 1
33 1 U 30
34 0 L -1
35 0 L 29
36 1 L 15
37 0 L 20
38 0 L 16
39 1 L 27
40 0 U 35
41 1 L 18
42 0 U 16
43 0 L 41
44 0 U 19
45 0 U -1
46 1 U 21
47 0 L 17
48 1 U -1
49 1 U 39
50 1 L 1
51 1 L 3
52 0 U 32
53 0 L 40
54 1 L 39
55 1 L 28
56 1 U 48
57 1 U 2
58 0 U 21
59 1 L 53
60 0 U -1
61 1 U 31
62 0 L 43
63 1 L 32
64 1 L 62
65 1 L 64
66 0 U 46
67 0 L 43
68 0 U 3
69 0 L 25
70 0 L 27
71 0 U 43
72 0 U -1
73 1 U 43
74 1 L 24
75 1 L 14
76 0 L -1
77 1 L 67
78 1 U 28
79
0 0 U -1
1 0 L -1
2 0 U -1
3 0 U -1
4 1 U -1
5 0 L -1
6 0 L 1
7 0 L 5
8 1 L -1
9 0 L 7
10 0 U 0
11 1 L 5
12 1 U 10
13 0 U 2
14 1 L 6
15 1 U 9
16 1 U -1
17 0 U 11
18 0 L 14
19 0 U 3
20 0 U -1
21 0 U 3
22 1 U 13
23 0 U 6
24 0 L 14
25 0 U 13
26 0 L 21
27 0 L 3
28 1 U 1
29 0 L 26
30 1 U -1
31 1 U -1
32 1 L 1
33 1 U 30
34 0 L -1
35 0 L 29
36 1 L 15
37 0 L 20
38 1 L 16
39 1 L 27
40 0 U 35
41 1 L 18
42 0 U 16
43 0 L 41
44 0 U 9
45 0 U -1
46 1 U 21
47 0 L 17
48 0 U -1
49 1 U 39
50 1 L 1
51 1 L 17
52 1 U 41
53 0 L 40
54 1 L 39
55 1 L 28
56 1 U 48
57 1 U 20
58 0 U 21
59 0 L 53
60 1 U -1
61 0 U 31
62 1 L 43
63 1 L 32
64 1 L 62
65 1 L 64
66 0 U 11
67 1 L 43
68 0 U 30
69 0 L 25
70 0 L 27
71 0 U 43
72 0 U -1
73 1 U 43
74 1 L 24
75 1 L 4
76 0 L -1
77 1 L 67
78 1 U 46
79
0 0 U -1
1 0 L -1
2 0 U -1
3 0 U -1
4 1 U -1
5 0 L -1
6 0 L 1
7 0 L 5
8 1 L -1
9 0 L 7
10 0 U 2
11 1 L 5
12 1 U 1
13 0 U 2
14 1 L 6
15 1 U 9
16 1 U -1
17 0 U 11
18 0 L 14
19 0 U 3
20 0 U -1
21 0 U 3
22 1 U 13
23 0 U 6
24 0 L 10
25 0 U 6
26 0 L 21
27 0 L 3
28 1 U 1
29 0 L 26
30 1 U -1
31 1 U -1
32 1 L 1
33 1 U 30
34 0 L -1
35 0 L 29
36 1 L 15
37 0 L 20
38 0 L 16
39 1 L 27
40 0 U 35
41 1 L 18
42 1 U 16
43 0 L 41
44 0 U 9
45 0 U -1
46 1 U 21
47 1 L 17
48 1 U -1
49 1 U 39
50 1 L 34
51 0 L 17
52 0 U 41
53 0 L 40
54 1 L 24
55 1 L 28
56 1 U 48
57 1 U 20
58 0 U 13
59 1 L 53
60 1 U -1
61 1 U 31
62 0 L 43
63 1 L 17
64 1 L 62
65 1 L 64
66 0 U 18
67 0 L 43
68 0 U 30
69 0 L 25
70 0 L 27
71 0 U 38
72 1 U -1
73 1 U 43
74 1 L 70
75 1 L 63
76 0 L -1
77 0 L 67
78 1 U 46
79
0 0 L -1
1 0 L -1
2 0 U -1
3 0 U -1
4 1 U -1
5 0 L -1
6 0 L 1
7 0 L 5
8 1 L -1
9 0 L 7
10 0 U 0
11 1 L 2
12 1 U 1
13 0 U 2
14 1 L 6
15 1 U 9
16 1 U -1
17 0 U 11
18 0 L 14
19 0 U 3
20 0 U -1
21 0 U 3
22 1 U 13
23 0 U 6
24 0 L 10
25 0 U 6
26 0 L 21
27 0 L 3
28 1 U 1
29 0 L 26
30 1 U -1
31 1 U -1
32 1 L 1
33 1 U 30
34 0 L -1
35 0 L 29
36 1 L 15
37 0 L 24
38 1 L 18
39 0 L 14
40 0 U 35
41 1 L 13
42 0 U 16
43 0 L 41
44 0 U 12
45 0 U -1
46 1 U 21
47 1 L 6
48 0 U -1
49 1 U 38
50 1 L 34
51 0 L 17
52 1 U 34
53 0 L 40
54 1 L 24
55 1 L 28
56 1 U 48
57 1 U 20
58 0 U 1
59 0 L 53
60 1 U -1
61 0 U 31
62 0 L 43
63 1 L 17
64 1 L 22
65 1 L 64
66 0 U 26
67 0 L 43
68 0 U 30
69 0 L 25
70 0 L 27
71 0 U 62
72 1 U -1
73 1 U 43
74 1 L 70
75 1 L 63
76 0 L -1
77 0 L 67
78 1 U 46
79
0 0 U -1
1 0 L -1
2 0 U -1
3 0 U -1
4 1 U -1
5 0 L -1
6 0 L 1
7 0 L 5
8 1 L -1
9 0 L 7
10 0 U 2
11 1 L 2
12 1 U 1
13 0 U 2
14 1 L 6
15 1 U 9
16 1 U -1
17 0 U 11
18 0 L 14
19 0 U 3
20 0 U -1
21 0 U 3
22 1 U 6
23 0 U 6
24 0 L 4
25 0 U 10
26 0 L 21
27 0 L 3
28 1 U 1
29 0 L 26
30 1 U -1
31 1 U -1
32 1 L 1
33 1 U 30
34 0 L -1
35 0 L 29
36 1 L 15
37 0 L 24
38 1 L 18
39 0 L 14
40 0 U 35
41 1 L 39
42 0 U 16
43 0 L 41
44 0 U 19
45 0 U -1
46 1 U 21
47 1 L 11
48 0 U -1
49 1 U 38
50 1 L 1
51 0 L 32
52 1 U 34
53 0 L 40
54 1 L 39
55 1 L 28
56 1 U 48
57 1 U 20
58 0 U 1
59 0 L 28
60 0 U -1
61 0 U 31
62 0 L 43
63 1 L 50
64 1 L 22
65 1 L 64
66 0 U 26
67 0 L 43
68 0 U 30
69 0 L 25
70 0 L 27
71 0 U 62
72 1 U -1
73 1 U 43
74 1 L 70
75 1 L 63
76 0 L -1
77 0 L 67
78 1 U 46
79
0 0 U -1
1 0 L -1
2 1 U -1
3 0 U -1
4 1 U -1
5 0 L -1
6 0 L 1
7 0 L 5
8 1 L -1
9 0 L 7
10 0 U 2
11 1 L 2
12 1 U 1
13 0 U 2
14 1 L 6
15 1 U 9
16 1 U -1
17 0 U 11
18 0 L 14
19 0 U 3
20 0 U -1
21 0 U 3
22 1 U 6
23 0 U 6
24 0 L 4
25 0 U 6
26 0 L 21
27 0 L 17
28 1 U 1
29 0 L 26
30 1 U -1
31 1 U -1
32 0 L 1
33 1 U 30
34 0 L -1
35 0 L 29
36 1 L 15
37 0 L 15
38 0 L 18
39 0 L 14
40 0 U 35
41 1 L 13
42 0 U 16
43 0 L 41
44 0 U 19
45 0 U -1
46 1 U 21
47 0 L 11
48 1 U -1
49 1 U 38
50 1 L 1
51 1 L 32
52 1 U 39
53 0 L 40
54 1 L 24
55 1 L 28
56 1 U 48
57 1 U 20
58 0 U 1
59 1 L 28
60 0 U -1
61 1 U 31
62 0 L 43
63 0 L 50
64 1 L 22
65 1 L 64
66 0 U 37
67 0 L 43
68 0 U 0
69 0 L 25
70 0 L 27
71 0 U 38
72 1 U -1
73 1 U 43
74 1 L 39
75 1 L 63
76 0 L -1
77 0 L 67
78 1 U 46
79
0 0 L -1
1 0 L -1
2 0 U -1
3 0 U -1
4 1 U -1
5 0 L -1
6 0 L 1
7 0 L 5
8 1 L -1
9 0 L 7
10 0 U 2
11 1 L 2
12 1 U 1
13 0 U 2
14 1 L 6
15 1 U 9
16 1 U -1
17 0 U 11
18 0 L 14
19 0 U 3
20 0 U -1
21 0 U 3
22 1 U 13
23 0 U 6
24 0 L 4
25 0 U 6
26 0 L 21
27 0 L 17
28 1 U 1
29 0 L 26
30 1 U -1
31 1 U -1
32 0 L 1
33 1 U 30
34 0 L -1
35 0 L 29
36 1 L 15
37 0 L 15
38 1 L 16
39 0 L 14
40 0 U 35
41 1 L 13
42 0 U 16
43 0 L 41
44 0 U 19
45 0 U -1
46 1 U 21
47 1 L 6
48 1 U -1
49 1 U 38
50 1 L 1
51 1 L 32
52 1 U 39
53 0 L 40
54 1 L 24
55 1 L 28
56 1 U 48
57 1 U 20
58 0 U 21
59 0 L 28
60 1 U -1
61 0 U 31
62 0 L 43
63 0 L 50
64 1 L 22
65 1 L 23
66 0 U 37
67 0 L 43
68 0 U 48
69 0 L 25
70 0 L 27
71 0 U 38
72 1 U -1
73 1 U 43
74 1 L 39
75 1 L 63
76 0 L -1
77 0 L 67
78 1 U 11
79
0 0 L -1
1 0 L -1
2 0 U -1
3 0 U -1
4 1 U -1
5 0 L -1
6 0 L 1
7 0 L 5
8 1 L -1
9 0 L 7
10 0 U 2
11 1 L 2
12 1 U 1
13 0 U 2
14 1 L 11
15 1 U 9
16 1 U -1
17 0 U 11
18 0 L 14
19 0 U 3
20 0 U -1
21 0 U 3
22 1 U 6
23 0 U 6
24 0 L 4
25 0 U 6
26 0 L 21
27 0 L 17
28 1 U 1
29 0 L 26
30 1 U -1
31 0 U -1
32 1 L 1
33 1 U 0
34 0 L -1
35 0 L 29
36 1 L 15
37 0 L 20
38 0 L 16
39 0 L 14
40 0 U 18
41 1 L 13
42 1 U 16
43 0 L 41
44 0 U 19
45 0 U -1
46 1 U 21
47 1 L 6
48 1 U -1
49 1 U 38
50 1 L 1
51 0 L 32
52 0 U 51
53 0 L 40
54 1 L 24
55 1 L 28
56 1 U 48
57 1 U 2
58 0 U 21
59 0 L 28
60 0 U -1
61 0 U 30
62 0 L 43
63 1 L 50
64 1 L 22
65 1 L 23
66 0 U 46
67 0 L 43
68 0 U 30
69 0 L 35
70 0 L 27
71 0 U 38
72 0 U -1
73 1 U 43
74 1 L 39
75 1 L 63
76 0 L -1
77 1 L 67
78 1 U 11
79
0 0 U -1
1 0 L -1
2 1 U -1
3 0 U -1
4 1 U -1
5 0 L -1
6 0 L 1
7 0 L 5
8 1 L -1
9 0 L 7
10 0 U 0
11 1 L 2
12 1 U 1
13 0 U 2
14 1 L 11
15 1 U 9
16 1 U -1
17 0 U 11
18 0 L 14
19 0 U 3
20 0 U -1
21 0 U 3
22 1 U 13
23 0 U 6
24 0 L 14
25 0 U 6
26 0 L 21
27 0 L 17
28 1 U 1
29 0 L 26
30 1 U -1
31 1 U -1
32 1 L 1
33 1 U 31
34 0 L -1
35 0 L 29
36 1 L 15
37 0 L 20
38 1 L 16
39 0 L 10
40 0 U 18
41 1 L 13
42 0 U 16
43 0 L 41
44 0 U 21
45 0 U -1
46 1 U 21
47 0 L 6
48 0 U -1
49 1 U 38
50 1 L 1
51 1 L 11
52 0 U 39
53 0 L 40
54 1 L 24
55 1 L 28
56 1 U 48
57 1 U 20
58 0 U 19
59 1 L 28
60 1 U -1
61 0 U 30
62 0 L 43
63 0 L 50
64 1 L 62
65 1 L 23
66 0 U 46
67 0 L 43
68 0 U 30
69 0 L 35
70 0 L 27
71 0 U 62
72 0 U -1
73 1 U 43
74 1 L 70
75 1 U 27
76 0 L -1
77 1 L 67
78 1 U 11
79
0 0 U -1
1 0 L -1
2 1 U -1
3 0 U -1
4 1 U -1
5 0 L -1
6 0 L 1
7 0 L 5
8 1 L -1
9 0 L 7
10 0 U 2
11 1 L 2
12 1 U 1
13 0 U 2
14 1 L 11
15 1 U 7
16 1 U -1
17 0 U 11
18 0 L 10
19 0 U 3
20 0 U -1
21 0 U 3
22 1 U 10
23 0 U 6
24 0 L 14
25 0 U 6
26 0 L 21
27 0 L 17
28 1 U 1
29 0 L 26
30 1 U -1
31 0 U -1
32 0 L 1
33 1 U 20
34 0 L -1
35 0 L 29
36 1 L 20
37 1 L 24
38 0 L 13
39 0 L 10
40 0 U 18
41 1 L 13
42 0 U 16
43 0 L 41
44 0 U 19
45 0 U -1
46 1 U 21
47 0 L 6
48 1 U -1
49 1 U 38
50 1 L 1
51 1 L 32
52 1 U 41
53 0 L 40
54 1 L 24
55 1 L 28
56 1 U 48
57 1 U 20
58 0 U 19
59 0 L 28
60 1 U -1
61 0 U 42
62 0 L 43
63 0 L 50
64 1 L 62
65 1 L 33
66 0 U 46
67 0 L 43
68 0 U 48
69 0 L 35
70 0 L 63
71 0 U 62
72 0 U -1
73 1 U 43
74 1 L 14
75 1 U 27
76 0 L -1
77 1 L 67
78 1 U 11
79
0 0 L -1
1 0 L -1
2 1 U -1
3 0 U -1
4 1 U -1
5 0 L -1
6 0 L 1
7 0 L 5
8 1 L -1
9 0 L 7
10 0 U 2
11 1 L 2
12 1 U 1
13 0 U 2
14 1 L 11
15 1 U 9
16 1 U -1
17 0 U 11
18 0 L 10
19 0 U 3
20 0 U -1
21 0 U 3
22 1 U 10
23 0 U 6
24 0 L 14
25 0 U 6
26 0 L 21
27 0 L 17
28 1 U 1
29 0 L 26
30 1 U -1
31 0 U -1
32 1 L 1
33 1 U 30
34 0 L -1
35 0 L 29
36 1 L 20
37 0 L 24
38 1 L 18
39 0 L 10
40 0 U 18
41 1 L 16
42 1 U 16
43 0 L 41
44 0 U 21
45 0 U -1
46 1 U 21
47 0 L 6
48 0 U -1
49 1 U 43
50 1 L 1
51 1 L 32
52 0 U 39
53 0 L 40
54 0 L 24
55 1 L 28
56 1 U 48
57 1 U 0
58 0 U 19
59 1 L 28
60 0 U -1
61 1 U 30
62 0 L 43
63 0 L 50
64 1 L 62
65 1 L 33
66 0 U 46
67 0 L 52
68 0 U 3
69 0 L 35
70 0 L 63
71 0 U 62
72 0 U -1
73 1 U 38
74 1 L 27
75 1 U 27
76 0 L -1
77 0 L 67
78 1 U 11
79
0 0 L -1
1 0 L -1
2 1 U -1
3 0 U -1
4 1 U -1
5 0 L -1
6 0 L 1
7 0 L 5
8 1 L -1
9 0 L 7
10 0 U 2
11 1 L 2
12 1 U 1
13 0 U 2
14 1 L 11
15 1 U 7
16 1 U -1
17 0 U 11
18 0 L 10
19 0 U 3
20 0 U -1
21 0 U 3
22 1 U 10
23 0 U 6
24 0 L 14
25 0 U 6
26 0 L 21
27 0 L 17
28 1 U 1
29 0 L 26
30 1 U -1
31 1 U -1
32 1 L 1
33 1 U 30
34 0 L -1
35 0 L 29
36 1 L 20
37 0 L 24
38 0 L 18
39 0 L 10
40 0 U 18
41 1 L 16
42 0 U 16
43 0 L 41
44 0 U 21
45 0 U -1
46 1 U 21
47 0 L 6
48 1 U -1
49 1 U 43
50 1 L 1
51 1 L 32
52 0 U 39
53 0 L 40
54 0 L 24
55 1 L 28
56 1 U 48
57 1 U 20
58 0 U 1
59 1 L 53
60 0 U -1
61 1 U 31
62 0 L 43
63 0 L 50
64 1 L 62
65 1 L 33
66 0 U 46
67 0 L 52
68 0 U 3
69 0 L 65
70 0 L 63
71 0 U 62
72 0 U -1
73 1 U 38
74 1 L 27
75 1 U 37
76 0 L -1
77 1 L 67
78 1 U 11
79
0 0 L -1
1 0 L -1
2 1 U -1
3 0 U -1
4 1 U -1
5 0 L -1
6 0 L 1
7 0 L 5
8 1 L -1
9 0 L 7
10 0 U 2
11 1 L 2
12 1 U 1
13 0 U 2
14 1 L 11
15 1 U 9
16 1 U -1
17 0 U 11
18 0 L 10
19 0 U 3
20 0 U -1
21 0 U 3
22 1 U 1
23 0 U 6
24 0 L 14
25 0 U 6
26 0 L 21
27 0 L 17
28 1 U 1
29 0 L 26
30 1 U -1
31 1 U -1
32 1 L 1
33 1 U 30
34 0 L -1
35 0 L 29
36 1 L 20
37 1 L 24
38 1 L 16
39 0 L 10
40 0 U 18
41 1 L 16
42 1 U 16
43 0 L 41
44 0 U 7
45 0 U -1
46 1 U 21
47 0 L 6
48 0 U -1
49 1 U 43
50 1 L 1
51 1 L 32
52 1 U 38
53 0 L 40
54 1 L 24
55 1 L 28
56 1 U 48
57 1 U 20
58 0 U 1
59 0 L 53
60 1 U -1
61 1 U 31
62 0 L 43
63 0 L 50
64 1 L 62
65 1 L 33
66 0 U 46
67 0 L 52
68 0 U 3
69 0 L 65
70 0 L 63
71 0 U 62
72 1 U -1
73 1 U 38
74 1 L 27
75 1 U 66
76 0 L -1
77 1 L 67
78 1 U 46
79
0 0 U -1
1 0 L -1
2 1 U -1
3 0 U -1
4 1 U -1
5 0 L -1
6 0 L 1
7 0 L 5
8 1 L -1
9 0 L 7
10 0 U 2
11 1 L 2
12 1 U 1
13 0 U 2
14 1 L 11
15 1 U 7
16 1 U -1
17 0 U 11
18 0 L 10
19 0 U 3
20 0 U -1
21 0 U 3
22 1 U 1
23 0 U 6
24 0 L 10
25 0 U 6
26 1 L 21
27 0 L 17
28 1 U 1
29 0 L 26
30 1 U -1
31 0 U -1
32 1 L 1
33 1 U 20
34 0 L -1
35 0 L 29
36 1 L 20
37 0 L 24
38 0 L 16
39 0 L 10
40 0 U 18
41 1 L 16
42 1 U 16
43 0 L 41
44 0 U 7
45 0 U -1
46 1 U 21
47 1 L 17
48 0 U -1
49 1 U 43
50 1 L 1
51 0 L 17
52 1 U 32
53 0 L 40
54 0 L 24
55 1 L 28
56 1 U 48
57 1 U 20
58 0 U 1
59 0 L 53
60 1 U -1
61 0 U 3
62 0 L 43
63 0 L 50
64 1 L 62
65 1 L 33
66 0 U 46
67 0 L 52
68 0 U 3
69 0 L 65
70 0 L 63
71 0 U 62
72 1 U -1
73 1 U 38
74 1 L 27
75 1 U 66
76 0 L -1
77 1 L 67
78 1 U 46
79
0 0 L -1
1 0 L -1
2 1 U -1
3 0 U -1
4 1 U -1
5 0 L -1
6 0 L 1
7 0 L 5
8 1 L -1
9 0 L 7
10 0 U 2
11 1 L 5
12 1 U 1
13 0 U 2
14 1 L 11
15 1 U 7
16 1 U -1
17 0 U 11
18 0 L 10
19 0 U 3
20 0 U -1
21 0 U 3
22 1 U 6
23 0 U 6
24 0 L 4
25 0 U 6
26 0 L 21
27 0 L 17
28 1 U 1
29 0 L 26
30 1 U -1
31 0 U -1
32 1 L 1
33 1 U 20
34 0 L -1
35 0 L 29
36 1 L 20
37 1 L 24
38 1 L 15
39 0 L 10
40 0 U 18
41 1 L 13
42 1 U 16
43 0 L 41
44 0 U 9
45 0 U -1
46 1 U 21
47 0 L 3
48 1 U -1
49 1 U 43
50 1 L 1
51 1 L 17
52 1 U 34
53 0 L 40
54 1 L 13
55 1 L 28
56 1 U 48
57 1 U 20
58 0 U 1
59 0 L 53
60 0 U -1
61 1 U 3
62 0 L 43
63 1 L 50
64 1 L 62
65 1 L 33
66 0 U 46
67 0 L 52
68 0 U 20
69 0 L 65
70 0 L 63
71 0 U 62
72 0 U -1
73 1 U 38
74 1 L 27
75 1 U 66
76 0 L -1
77 1 L 67
78 1 U 46
79
0 0 L -1
1 0 L -1
2 1 U -1
3 0 U -1
4 1 U -1
5 0 L -1
6 0 L 1
7 0 L 5
8 1 L -1
9 0 L 7
10 0 U 0
11 1 L 5
12 1 U 1
13 0 U 2
14 1 L 7
15 1 U 9
16 1 U -1
17 0 U 11
18 0 L 10
19 0 U 3
20 0 U -1
21 0 U 3
22 1 U 6
23 0 U 6
24 0 L 4
25 0 U 6
26 0 L 21
27 0 L 17
28 1 U 1
29 0 L 26
30 1 U -1
31 0 U -1
32 1 L 1
33 1 U 20
34 0 L -1
35 0 L 29
36 1 L 20
37 1 L 24
38 0 L 15
39 1 L 10
40 0 U 18
41 1 L 18
42 1 U 16
43 0 L 41
44 0 U 7
45 0 U -1
46 1 U 21
47 0 L 3
48 0 U -1
49 1 U 43
50 1 L 34
51 0 L 17
52 1 U 43
53 0 L 40
54 1 L 24
55 1 L 28
56 1 U 48
57 1 U 31
58 0 U 1
59 1 L 53
60 1 U -1
61 1 U 0
62 0 L 43
63 1 L 50
64 1 L 62
65 1 L 64
66 0 U 46
67 0 L 36
68 0 U 20
69 0 L 25
70 1 L 27
71 0 U 62
72 0 U -1
73 1 U 38
74 0 L 49
75 1 U 66
76 0 L -1
77 1 L 40
78 1 U 46
79
0 0 L -1
1 0 L -1
2 1 U -1
3 0 U -1
4 1 U -1
5 0 L -1
6 0 L 1
7 0 L 5
8 1 L -1
9 0 L 7
10 0 U 0
11 1 L 5
12 1 U 1
13 0 U 2
14 1 L 7
15 1 U 9
16 1 U -1
17 0 U 11
18 0 L 10
19 0 U 3
20 0 U -1
21 0 U 3
22 1 U 6
23 0 U 6
24 0 L 4
25 0 U 6
26 0 L 21
27 0 L 17
28 1 U 1
29 0 L 26
30 1 U -1
31 1 U -1
32 1 L 1
33 1 U 30
34 0 L -1
35 0 L 29
36 1 L 20
37 1 L 24
38 0 L 15
39 1 L 10
40 0 U 18
41 1 L 18
42 0 U 16
43 0 L 41
44 0 U 7
45 0 U -1
46 1 U 21
47 0 L 3
48 1 U -1
49 1 U 43
50 1 L 34
51 0 L 17
52 0 U 43
53 0 L 40
54 1 L 24
55 1 L 28
56 1 U 48
57 1 U 20
58 0 U 1
59 0 L 28
60 1 U -1
61 0 U 30
62 0 L 43
63 1 L 50
64 1 L 62
65 1 L 64
66 0 U 11
67 0 L 52
68 0 U 20
69 0 L 25
70 0 L 27
71 0 U 43
72 0 U -1
73 1 U 38
74 1 L 49
75 1 U 66
76 0 L -1
77 0 L 40
78 1 U 46
79
0 0 L -1
1 0 L -1
2 1 U -1
3 0 U -1
4 1 U -1
5 0 L -1
6 0 L 1
7 0 L 5
8 1 L -1
9 0 L 7
10 0 U 2
11 1 L 1
12 0 U 1
13 0 U 2
14 0 L 11
15 1 U 9
16 1 U -1
17 0 U 11
18 0 L 10
19 0 U 3
20 0 U -1
21 0 U 3
22 1 U 6
23 0 U 6
24 0 L 4
25 0 U 6
26 1 L 21
27 0 L 17
28 1 U 1
29 0 L 26
30 1 U -1
31 1 U -1
32 1 L 1
33 1 U 30
34 0 L -1
35 0 L 29
36 1 L 20
37 1 L 24
38 0 L 15
39 0 L 10
40 0 U 18
41 1 L 18
42 1 U 16
43 0 L 41
44 0 U 21
45 0 U -1
46 1 U 21
47 1 L 3
48 0 U -1
49 1 U 43
50 1 L 34
51 1 L 17
52 0 U 38
53 0 L 40
54 1 L 16
55 1 L 28
56 1 U 48
57 1 U 20
58 0 U 1
59 1 L 28
60 1 U -1
61 0 U 20
62 0 L 43
63 1 L 32
64 1 L 62
65 1 L 64
66 0 U 11
67 0 L 52
68 0 U 20
69 0 L 25
70 0 L 27
71 0 U 43
72 0 U -1
73 1 U 38
74 1 L 49
75 1 U 66
76 0 L -1
77 1 L 40
78 1 U 46
79
0 0 U -1
1 0 L -1
2 1 U -1
3 0 U -1
4 1 U -1
5 0 L -1
6 0 L 1
7 0 L 5
8 1 L -1
9 0 L 7
10 0 U 2
11 1 L 1
12 1 U 1
13 0 U 2
14 0 L 3
15 1 U 7
16 1 U -1
17 0 U 11
18 0 L 10
19 0 U 3
20 0 U -1
21 0 U 3
22 1 U 13
23 0 U 6
24 0 L 10
25 0 U 6
26 0 L 21
27 0 L 3
28 1 U 1
29 0 L 26
30 1 U -1
31 0 U -1
32 1 L 1
33 1 U 0
34 0 L -1
35 0 L 29
36 1 L 20
37 1 L 24
38 0 L 15
39 0 L 10
40 0 U 18
41 1 L 18
42 1 U 16
43 0 L 41
44 0 U 21
45 0 U -1
46 1 U 21
47 1 L 3
48 0 U -1
49 1 U 38
50 0 L 34
51 0 L 3
52 0 U 38
53 0 L 40
54 1 L 16
55 1 L 28
56 1 U 48
57 1 U 20
58 0 U 1
59 0 L 28
60 1 U -1
61 1 U 2
62 0 L 43
63 1 L 32
64 1 L 62
65 1 L 64
66 0 U 11
67 0 L 52
68 0 U 30
69 0 L 25
70 0 L 51
71 0 U 43
72 0 U -1
73 1 U 38
74 1 L 49
75 1 U 66
76 0 L -1
77 1 L 23
78 1 U 46
79
0 0 L -1
1 0 L -1
2 1 U -1
3 0 U -1
4 1 U -1
5 0 L -1
6 0 L 1
7 0 L 5
8 1 L -1
9 0 L 7
10 0 U 0
11 1 L 1
12 0 U 1
13 0 U 2
14 0 L 3
15 1 U 7
16 1 U -1
17 0 U 11
18 0 L 12
19 0 U 3
20 0 U -1
21 0 U 3
22 1 U 6
23 0 U 6
24 0 L 10
25 0 U 6
26 0 L 21
27 0 L 3
28 1 U 1
29 0 L 26
30 1 U -1
31 0 U -1
32 1 L 1
33 1 U 0
34 0 L -1
35 0 L 29
36 1 L 24
37 1 L 24
38 0 L 16
39 0 L 10
40 0 U 18
41 1 L 39
42 1 U 16
43 0 L 41
44 0 U 21
45 0 U -1
46 1 U 21
47 1 L 3
48 1 U -1
49 1 U 38
50 0 L 34
51 0 L 3
52 0 U 38
53 0 L 40
54 1 L 15
55 1 L 28
56 1 U 48
57 1 U 2
58 0 U 6
59 1 L 28
60 1 U -1
61 1 U 0
62 0 L 43
63 1 L 32
64 1 L 62
65 1 L 64
66 0 U 46
67 0 L 52
68 0 U 2
69 0 L 25
70 0 L 4
71 0 U 43
72 0 U -1
73 1 U 43
74 1 L 1
75 1 U 66
76 0 L -1
77 1 L 23
78 1 U 46
79
0 0 L -1
1 0 L -1
2 1 U -1
3 0 U -1
4 1 U -1
5 0 L -1
6 0 L 1
7 0 L 5
8 1 L -1
9 0 L 7
10 0 U 0
11 1 L 1
12 0 U 1
13 0 U 2
14 0 L 3
15 1 U 7
16 1 U -1
17 0 U 11
18 0 L 4
19 0 U 3
20 0 U -1
21 0 U 3
22 1 U 6
23 0 U 6
24 0 L 10
25 0 U 6
26 1 L 21
27 0 L 10
28 1 U 1
29 0 L 26
30 1 U -1
31 0 U -1
32 1 L 1
33 1 U 0
34 0 L -1
35 0 L 29
36 1 L 20
37 0 L 24
38 0 L 16
39 0 L 10
40 0 U 18
41 1 L 39
42 0 U 16
43 0 L 41
44 0 U 19
45 0 U -1
46 1 U 21
47 0 L 17
48 0 U -1
49 1 U 38
50 0 L 34
51 1 L 3
52 1 U 38
53 0 L 40
54 1 L 15
55 1 L 28
56 1 U 48
57 1 U 2
58 0 U 21
59 0 L 28
60 0 U -1
61 1 U 0
62 0 L 43
63 0 L 32
64 1 L 62
65 1 L 64
66 0 U 46
67 0 L 52
68 0 U 2
69 0 L 25
70 0 L 10
71 0 U 43
72 0 U -1
73 1 U 43
74 1 L 1
75 1 U 26
76 0 L -1
77 1 L 23
78 1 U 46
79
0 0 L -1
1 0 L -1
2 1 U -1
3 0 U -1
4 1 U -1
5 0 L -1
6 0 L 1
7 0 L 5
8 1 L -1
9 0 L 7
10 0 U 0
11 1 L 1
12 0 U 1
13 0 U 2
14 0 L 3
15 1 U 7
16 1 U -1
17 0 U 11
18 0 L 4
19 0 U 3
20 0 U -1
21 0 U 3
22 1 U 10
23 0 U 6
24 0 L 12
25 0 U 6
26 1 L 21
27 0 L 12
28 1 U 1
29 0 L 26
30 1 U -1
31 0 U -1
32 1 L 1
33 1 U 0
34 0 L -1
35 0 L 29
36 1 L 24
37 0 L 24
38 1 L 16
39 0 L 10
40 0 U 35
41 1 L 39
42 0 U 16
43 0 L 41
44 0 U 19
45 0 U -1
46 1 U 21
47 0 L 17
48 0 U -1
49 1 U 38
50 0 L 34
51 1 L 3
52 1 U 41
53 0 L 40
54 1 L 15
55 1 L 28
56 1 U 48
57 1 U 2
58 0 U 57
59 1 L 28
60 1 U -1
61 0 U 48
62 0 L 43
63 0 L 32
64 1 L 62
65 1 L 64
66 0 U 46
67 0 L 43
68 0 U 2
69 0 L 25
70 0 L 10
71 0 U 43
72 0 U -1
73 1 U 43
74 1 L 1
75 1 U 26
76 0 L -1
77 1 L 23
78 1 U 46
79
0 0 L -1
1 0 L -1
2 1 U -1
3 0 U -1
4 1 U -1
5 0 L -1
6 0 L 1
7 0 L 5
8 1 L -1
9 0 L 7
10 0 U 0
11 1 L 5
12 0 U 1
13 0 U 2
14 0 L 3
15 1 U 7
16 1 U -1
17 0 U 11
18 0 L 4
19 0 U 3
20 0 U -1
21 0 U 3
22 1 U 10
23 0 U 6
24 0 L 12
25 0 U 6
26 0 L 21
27 0 L 12
28 1 U 1
29 0 L 26
30 1 U -1
31 0 U -1
32 1 L 1
33 1 U 20
34 0 L -1
35 0 L 29
36 1 L 24
37 0 L 24
38 1 L 16
39 0 L 10
40 0 U 35
41 1 L 39
42 0 U 16
43 0 L 41
44 0 U 7
45 0 U -1
46 1 U 21
47 1 L 6
48 1 U -1
49 1 U 38
50 1 L 34
51 0 L 3
52 0 U 43
53 0 L 40
54 0 L 15
55 1 L 28
56 1 U 48
57 1 U 2
58 0 U 21
59 1 L 28
60 1 U -1
61 1 U 48
62 0 L 43
63 0 L 32
64 1 L 62
65 1 L 64
66 0 U 46
67 0 L 43
68 0 U 2
69 0 L 25
70 0 L 10
71 0 U 43
72 0 U -1
73 1 U 43
74 1 L 7
75 1 U 26
76 0 L -1
77 1 L 23
78 1 U 46
79
0 0 U -1
1 0 L -1
2 1 U -1
3 0 U -1
4 1 U -1
5 0 L -1
6 0 L 1
7 0 L 5
8 1 L -1
9 0 L 7
10 0 U 0
11 1 L 1
12 0 U 1
13 0 U 2
14 0 L 3
15 1 U 7
16 1 U -1
17 0 U 11
18 0 L 10
19 0 U 3
20 0 U -1
21 0 U 3
22 1 U 10
23 0 U 6
24 0 L 12
25 0 U 6
26 1 L 21
27 0 L 12
28 1 U 1
29 0 L 26
30 1 U -1
31 0 U -1
32 1 L 1
33 1 U 20
34 0 L -1
35 0 L 29
36 1 L 24
37 0 L 24
38 0 L 16
39 0 L 10
40 0 U 35
41 1 L 39
42 0 U 16
43 0 L 41
44 0 U 7
45 0 U -1
46 1 U 21
47 1 L 6
48 0 U -1
49 1 U 43
50 0 L 34
51 1 L 3
52 0 U 38
53 0 L 40
54 0 L 15
55 1 L 28
56 1 U 48
57 1 U 0
58 0 U 19
59 1 L 28
60 1 U -1
61 1 U 48
62 0 L 43
63 0 L 32
64 1 L 62
65 1 L 64
66 0 U 46
67 0 L 43
68 0 U 2
69 0 L 25
70 0 L 10
71 0 U 43
72 0 U -1
73 1 U 43
74 1 L 7
75 1 U 26
76 0 L -1
77 1 L 23
78 1 U 46
79
0 0 U -1
1 0 L -1
2 1 U -1
3 0 U -1
4 0 U -1
5 0 L -1
6 0 L 1
7 0 L 5
8 1 L -1
9 0 L 7
10 0 U 0
11 1 L 5
12 1 U 1
13 0 U 2
14 0 L 3
15 1 U 7
16 1 U -1
17 0 U 11
18 0 L 10
19 0 U 3
20 0 U -1
21 0 U 3
22 1 U 6
23 0 U 6
24 0 L 12
25 0 U 6
26 0 L 21
27 0 L 12
28 1 U 1
29 0 L 26
30 1 U -1
31 0 U -1
32 1 L 1
33 1 U 20
34 0 L -1
35 0 L 29
36 1 L 24
37 0 L 24
38 1 L 27
39 0 L 10
40 0 U 35
41 1 L 13
42 0 U 16
43 0 L 41
44 0 U 7
45 0 U -1
46 1 U 21
47 1 L 6
48 0 U -1
49 1 U 43
50 1 L 34
51 1 L 3
52 1 U 38
53 0 L 40
54 0 L 20
55 1 L 28
56 1 U 48
57 1 U 0
58 0 U 19
59 1 L 28
60 0 U -1
61 1 U 3
62 1 L 43
63 0 L 3
64 1 L 62
65 1 L 64
66 0 U 46
67 0 L 43
68 0 U 2
69 0 L 25
70 0 L 10
71 0 U 43
72 0 U -1
73 1 U 43
74 1 L 7
75 1 U 26
76 0 L -1
77 1 L 67
78 1 U 46
79
0 0 L -1
1 0 L -1
2 1 U -1
3 0 U -1
4 0 U -1
5 0 L -1
6 0 L 1
7 0 L 5
8 1 L -1
9 0 L 7
10 0 U 4
11 1 L 5
12 1 U 1
13 0 U 2
14 0 L 7
15 1 U 7
16 1 U -1
17 0 U 11
18 0 L 10
19 0 U 3
20 0 U -1
21 0 U 3
22 1 U 6
23 0 U 6
24 0 L 12
25 0 U 6
26 1 L 21
27 0 L 12
28 1 U 1
29 0 L 26
30 1 U -1
31 0 U -1
32 1 L 1
33 1 U 2
34 0 L -1
35 0 L 29
36 1 L 24
37 0 L 24
38 0 L 27
39 0 L 10
40 0 U 35
41 1 L 13
42 0 U 16
43 0 L 41
44 0 U 19
45 0 U -1
46 1 U 21
47 1 L 6
48 0 U -1
49 1 U 43
50 1 L 34
51 1 L 3
52 0 U 38
53 0 L 40
54 1 L 20
55 1 L 28
56 1 U 48
57 1 U 0
58 0 U 6
59 0 L 28
60 1 U -1
61 0 U 25
62 0 L 31
63 1 L 3
64 1 L 62
65 1 L 64
66 0 U 11
67 0 L 43
68 0 U 2
69 0 L 25
70 0 L 10
71 0 U 43
72 0 U -1
73 1 U 43
74 1 L 32
75 1 U 26
76 0 L -1
77 1 L 67
78 1 U 46
79
0 0 U -1
1 0 L -1
2 1 U -1
3 0 U -1
4 0 U -1
5 0 L -1
6 0 L 1
7 0 L 5
8 1 L -1
9 0 L 7
10 0 U 2
11 1 L 5
12 1 U 1
13 0 U 2
14 1 L 7
15 1 U 7
16 1 U -1
17 0 L 11
18 0 L 12
19 0 U 3
20 0 U -1
21 0 U 3
22 1 U 10
23 0 U 6
24 0 L 12
25 0 U 6
26 0 L 21
27 0 L 12
28 1 U 1
29 0 L 26
30 1 U -1
31 0 U -1
32 1 L 1
33 1 U 2
34 0 L -1
35 0 L 29
36 1 L 24
37 0 L 24
38 1 L 27
39 0 L 10
40 0 U 35
41 1 L 13
42 0 U 16
43 0 L 41
44 0 U 9
45 0 U -1
46 1 U 21
47 0 L 43
48 0 U -1
49 1 U 38
50 0 L 34
51 0 L 3
52 1 U 43
53 0 L 40
54 0 L 20
55 1 L 28
56 1 U 48
57 1 U 20
58 0 U 6
59 0 L 28
60 0 U -1
61 1 U 25
62 1 L 43
63 0 L 3
64 1 L 62
65 1 L 29
66 0 U 11
67 0 L 43
68 1 U 2
69 0 L 25
70 0 L 10
71 0 U 43
72 0 U -1
73 1 U 43
74 1 L 3
75 1 U 37
76 0 L -1
77 1 L 67
78 1 U 46
79
0 0 L -1
1 0 L -1
2 1 U -1
3 0 U -1
4 0 U -1
5 0 L -1
6 0 L 1
7 0 L 5
8 1 L -1
9 0 L 7
10 0 U 2
11 1 L 5
12 0 U 1
13 0 U 2
14 0 L 3
15 1 U 9
16 1 U -1
17 0 L 11
18 0 L 12
19 0 U 3
20 0 U -1
21 0 U 3
22 1 U 10
23 0 U 6
24 0 L 12
25 0 U 6
26 0 L 21
27 0 L 16
28 1 U 1
29 0 L 26
30 1 U -1
31 1 U -1
32 1 L 1
33 1 U 30
34 0 L -1
35 0 L 29
36 1 L 24
37 0 L 24
38 1 L 27
39 0 L 10
40 0 U 35
41 1 L 13
42 0 U 16
43 0 L 41
44 0 U 9
45 0 U -1
46 1 U 21
47 0 L 31
48 1 U -1
49 1 U 43
50 0 L 34
51 1 L 3
52 0 U 39
53 0 L 40
54 1 L 20
55 1 L 28
56 1 U 48
57 1 U 20
58 0 U 6
59 0 L 28
60 1 U -1
61 1 U 25
62 1 L 43
63 1 L 3
64 1 L 62
65 1 L 29
66 0 U 11
67 0 L 43
68 1 U 2
69 0 L 25
70 0 L 10
71 0 U 43
72 0 U -1
73 1 U 43
74 1 L 34
75 1 U 37
76 0 L -1
77 1 L 67
78 1 U 46
79
0 0 U -1
1 0 L -1
2 1 U -1
3 0 U -1
4 0 U -1
5 0 L -1
6 0 L 1
7 0 L 5
8 1 L -1
9 0 L 7
10 0 U 0
11 1 L 5
12 1 U 1
13 0 U 2
14 1 L 11
15 1 U 9
16 1 U -1
17 0 L 7
18 0 L 12
19 0 U 3
20 0 U -1
21 0 U 3
22 1 U 10
23 0 U 6
24 0 L 12
25 0 U 6
26 0 L 21
27 0 L 16
28 1 U 1
29 0 L 26
30 1 U -1
31 1 U -1
32 1 L 5
33 1 U 30
34 0 L -1
35 0 L 29
36 1 L 24
37 0 L 24
38 1 L 27
39 0 L 10
40 0 U 35
41 1 L 13
42 1 U 16
43 0 L 41
44 0 U 21
45 0 U -1
46 1 U 21
47 0 L 31
48 0 U -1
49 1 U 43
50 1 L 34
51 1 L 3
52 0 U 50
53 0 L 40
54 0 L 18
55 1 L 28
56 1 U 48
57 1 U 20
58 0 U 31
59 1 L 28
60 0 U -1
61 1 U 25
62 1 L 43
63 0 L 3
64 1 L 62
65 1 L 29
66 0 L 11
67 0 L 43
68 0 U 3
69 0 L 25
70 0 L 10
71 0 U 43
72 0 U -1
73 1 U 43
74 0 L 34
75 1 U 37
76 0 L -1
77 1 L 67
78 1 U 46
79
0 0 U -1
1 0 L -1
2 1 U -1
3 0 U -1
4 1 U -1
5 0 L -1
6 0 L 1
7 0 L 5
8 1 L -1
9 0 L 7
10 0 U 0
11 1 L 5
12 0 U 1
13 0 U 2
14 1 U 11
15 1 U 7
16 1 U -1
17 0 L 14
18 0 L 1
19 0 U 3
20 0 U -1
21 0 U 3
22 1 U 13
23 0 U 6
24 0 L 12
25 0 U 6
26 0 L 21
27 0 L 12
28 1 U 1
29 0 L 26
30 1 U -1
31 0 U -1
32 1 L 1
33 1 U 30
34 0 L -1
35 0 L 29
36 1 L 24
37 0 L 24
38 0 L 27
39 0 L 10
40 0 U 35
41 1 L 13
42 0 U 16
43 0 L 41
44 0 U 21
45 0 U -1
46 1 U 21
47 0 L 43
48 0 U -1
49 1 U 43
50 0 L 34
51 1 L 3
52 1 U 51
53 0 L 40
54 0 L 24
55 1 L 28
56 1 U 48
57 1 U 0
58 0 U 2
59 0 L 28
60 0 U -1
61 1 U 25
62 1 L 43
63 0 L 3
64 1 L 62
65 1 L 23
66 0 U 11
67 0 L 43
68 0 U 20
69 0 L 25
70 0 L 10
71 0 U 43
72 0 U -1
73 1 U 43
74 0 L 70
75 1 U 37
76 0 L -1
77 1 L 67
78 1 U 46
79
0 0 U -1
1 0 L -1
2 1 U -1
3 0 U -1
4 0 U -1
5 0 L -1
6 0 L 1
7 0 L 5
8 1 L -1
9 0 L 7
10 0 U 0
11 1 L 5
12 0 U 1
13 0 U 2
14 1 L 11
15 0 U 1
16 1 U -1
17 0 L 7
18 1 L 1
19 0 U 3
20 0 U -1
21 0 U 3
22 1 U 1
23 0 U 6
24 0 U 12
25 0 U 6
26 0 L 21
27 0 L 12
28 1 U 1
29 0 L 26
30 1 U -1
31 0 U -1
32 1 L 1
33 1 U 0
34 0 L -1
35 0 L 29
36 1 L 24
37 0 L 24
38 1 L 27
39 0 L 10
40 0 U 35
41 1 L 13
42 0 U 16
43 0 L 41
44 0 U 21
45 0 U -1
46 1 U 21
47 1 L 31
48 1 U -1
49 1 U 43
50 1 L 1
51 1 L 32
52 0 U 51
53 0 L 40
54 1 L 24
55 1 L 28
56 1 U 48
57 1 U 2
58 0 U 2
59 0 L 28
60 1 U -1
61 1 U 56
62 1 L 43
63 1 L 3
64 1 L 62
65 1 L 64
66 0 U 11
67 0 L 52
68 0 U 20
69 0 L 25
70 0 L 10
71 0 U 43
72 0 U -1
73 1 U 43
74 1 L 70
75 1 U 37
76 0 L -1
77 1 L 67
78 1 U 46
79
0 0 L -1
1 0 L -1
2 1 U -1
3 0 U -1
4 0 U -1
5 0 L -1
6 0 L 1
7 0 L 5
8 1 L -1
9 0 L 7
10 0 U 2
11 1 L 5
12 0 U 1
13 0 U 2
14 1 U 11
15 0 U 1
16 1 U -1
17 0 L 7
18 0 L 6
19 0 U 3
20 0 U -1
21 0 U 3
22 1 U 1
23 0 U 6
24 0 U 12
25 0 U 6
26 0 L 21
27 0 L 12
28 1 U 1
29 0 L 26
30 1 U -1
31 0 U -1
32 1 L 1
33 1 U 2
34 0 L -1
35 0 L 29
36 1 L 24
37 0 L 24
38 0 L 27
39 0 L 10
40 0 U 35
41 1 L 13
42 1 U 16
43 0 L 41
44 0 U 21
45 0 U -1
46 1 U 21
47 1 L 31
48 0 U -1
49 1 U 32
50 1 L 1
51 0 L 32
52 0 U 51
53 0 L 40
54 1 L 24
55 1 L 28
56 1 U 48
57 1 U 0
58 0 U 2
59 0 L 28
60 1 U -1
61 1 U 7
62 1 L 43
63 0 L 3
64 1 L 62
65 1 L 45
66 0 U 11
67 0 L 52
68 0 U 3
69 0 L 25
70 0 L 10
71 0 U 43
72 0 U -1
73 1 U 43
74 1 L 1
75 1 U 37
76 0 L -1
77 1 L 67
78 1 U 46
79
0 0 L -1
1 0 L -1
2 1 U -1
3 0 U -1
4 0 U -1
5 0 L -1
6 0 L 1
7 0 L 5
8 1 L -1
9 0 L 7
10 0 U 0
11 1 L 5
12 0 U 1
13 0 U 2
14 1 U 11
15 0 U 1
16 1 U -1
17 0 L 7
18 0 U 12
19 0 U 3
20 0 U -1
21 0 U 3
22 1 U 1
23 0 U 6
24 0 L 12
25 0 U 6
26 0 L 21
27 0 L 12
28 1 U 1
29 0 L 26
30 1 U -1
31 0 U -1
32 1 L 1
33 1 U 20
34 0 L -1
35 0 L 29
36 1 L 24
37 0 L 24
38 1 L 6
39 0 L 10
40 0 U 35
41 1 L 13
42 1 U 16
43 0 L 41
44 0 U 7
45 0 U -1
46 1 U 21
47 0 L 31
48 1 U -1
49 1 U 32
50 1 L 1
51 0 L 32
52 0 U 39
53 0 L 40
54 0 L 24
55 1 L 28
56 1 U 48
57 1 U 0
58 0 U 2
59 1 L 28
60 0 U -1
61 1 U 25
62 1 L 43
63 0 L 3
64 1 L 62
65 1 L 45
66 0 U 46
67 0 L 52
68 0 U 2
69 0 L 25
70 0 L 10
71 0 U 34
72 0 U -1
73 1 U 43
74 1 L 1
75 1 U 37
76 0 L -1
77 1 L 67
78 1 U 46
79
0 0 L -1
1 0 L -1
2 1 U -1
3 0 U -1
4 0 U -1
5 0 L -1
6 0 L 1
7 0 L 5
8 1 L -1
9 0 L 7
10 0 U 4
11 1 L 5
12 0 U 1
13 0 U 2
14 1 U 11
15 0 U 1
16 1 U -1
17 0 L 14
18 0 L 12
19 0 U 3
20 0 U -1
21 0 U 3
22 1 U 10
23 0 U 6
24 0 L 12
25 0 U 6
26 0 L 21
27 0 L 12
28 1 U 1
29 0 L 26
30 1 U -1
31 0 U -1
32 1 L 1
33 1 U 30
34 0 L -1
35 0 L 29
36 1 L 24
37 0 L 24
38 1 L 32
39 0 L 10
40 0 U 35
41 1 L 13
42 0 U 16
43 0 L 41
44 0 U 7
45 0 U -1
46 1 U 21
47 1 L 31
48 1 U -1
49 1 U 32
50 1 L 1
51 0 L 32
52 1 U 43
53 0 L 40
54 0 L 24
55 1 L 28
56 1 U 48
57 1 U 0
58 0 U 48
59 0 L 28
60 1 U -1
61 1 U 57
62 1 L 43
63 0 L 3
64 1 L 62
65 1 L 45
66 0 U 46
67 0 L 52
68 0 U 2
69 0 L 25
70 0 L 10
71 0 U 34
72 0 U -1
73 1 U 43
74 1 L 1
75 1 U 37
76 0 L -1
77 1 L 67
78 1 U 46
79
0 0 U -1
1 0 L -1
2 1 U -1
3 0 U -1
4 0 U -1
5 0 L -1
6 0 L 1
7 0 L 5
8 1 L -1
9 0 L 7
10 0 U 4
11 1 L 5
12 0 U 1
13 0 U 2
14 1 U 11
15 0 U 13
16 1 U -1
17 0 L 14
18 0 L 12
19 0 U 3
20 0 U -1
21 0 U 3
22 1 U 10
23 0 U 6
24 0 L 10
25 0 U 6
26 0 L 21
27 0 L 12
28 1 U 1
29 0 L 26
30 1 U -1
31 0 U -1
32 1 L 1
33 1 U 30
34 0 L -1
35 0 L 29
36 1 L 24
37 0 L 24
38 0 L 32
39 0 L 10
40 0 U 35
41 1 L 13
42 1 U 16
43 0 L 41
44 0 U 19
45 0 U -1
46 1 U 21
47 1 L 31
48 0 U -1
49 1 U 32
50 1 L 1
51 0 L 32
52 0 U 50
53 0 L 40
54 0 L 24
55 1 L 28
56 1 U 48
57 1 U 0
58 0 U 3
59 0 L 53
60 1 U -1
61 1 U 7
62 1 L 43
63 0 L 3
64 1 L 62
65 1 L 45
66 0 U 46
67 0 L 43
68 0 U 30
69 0 L 25
70 0 L 10
71 0 U 34
72 0 U -1
73 1 U 43
74 1 L 20
75 1 U 37
76 0 L -1
77 1 L 67
78 1 U 46
79
0 0 L -1
1 0 L -1
2 1 U -1
3 0 U -1
4 0 U -1
5 0 L -1
6 0 L 1
7 0 L 5
8 1 L -1
9 0 L 7
10 0 U 2
11 1 L 5
12 0 U 1
13 0 U 2
14 1 U 11
15 0 U 13
16 1 U -1
17 1 L 14
18 0 U 12
19 0 U 3
20 0 U -1
21 0 U 3
22 1 U 1
23 0 U 6
24 0 L 10
25 0 U 6
26 0 L 21
27 0 L 12
28 1 U 1
29 0 L 26
30 1 U -1
31 0 U -1
32 1 L 1
33 1 U 30
34 0 L -1
35 0 L 29
36 1 L 24
37 0 L 24
38 1 L 32
39 0 L 10
40 0 U 35
41 1 L 13
42 0 U 16
43 0 L 41
44 0 U 9
45 0 U -1
46 1 U 21
47 0 L 31
48 0 U -1
49 1 U 32
50 1 L 1
51 0 L 32
52 0 U 50
53 0 L 40
54 1 L 24
55 1 L 28
56 1 U 48
57 1 U 0
58 0 U 3
59 0 L 53
60 0 U -1
61 1 U 19
62 1 L 43
63 1 L 3
64 1 L 62
65 1 L 45
66 0 U 46
67 0 L 43
68 0 U 0
69 0 L 25
70 0 L 10
71 0 U 41
72 1 U -1
73 1 U 43
74 1 L 20
75 1 U 37
76 0 L -1
77 1 L 67
78 1 U 46
79
0 0 L -1
1 0 L -1
2 1 U -1
3 0 U -1
4 0 U -1
5 0 L -1
6 0 L 1
7 0 L 5
8 1 L -1
9 0 L 7
10 0 U 0
11 0 L 5
12 0 U 1
13 0 U 2
14 1 U 11
15 0 U 13
16 1 U -1
17 0 L 14
18 0 L 12
19 0 U 3
20 0 U -1
21 0 U 3
22 1 U 6
23 0 U 6
24 0 L 10
25 0 U 6
26 0 L 21
27 0 L 12
28 1 U 1
29 0 L 26
30 1 U -1
31 0 U -1
32 1 L 1
33 1 U 31
34 0 L -1
35 0 L 29
36 1 L 24
37 1 L 24
38 0 L 32
39 0 L 10
40 0 U 35
41 1 L 13
42 0 U 16
43 0 L 41
44 0 U 9
45 0 U -1
46 0 U 21
47 1 L 31
48 0 U -1
49 1 U 32
50 1 L 36
51 1 L 18
52 0 U 50
53 0 L 40
54 0 L 34
55 1 L 28
56 1 U 48
57 1 U 4
58 0 U 0
59 1 L 44
60 0 U -1
61 0 L 32
62 1 L 52
63 1 L 32
64 1 L 62
65 1 L 45
66 0 U 46
67 0 L 43
68 0 U 0
69 0 L 25
70 0 L 10
71 0 U 41
72 0 U -1
73 1 U 1
74 1 L 20
75 1 U 26
76 0 L -1
77 1 L 67
78 1 U 14
79
0 0 U -1
1 0 L -1
2 1 U -1
3 0 U -1
4 0 U -1
5 0 L -1
6 0 L 1
7 0 L 5
8 1 L -1
9 0 L 7
10 0 U 4
11 0 L 2
12 0 U 1
13 0 U 2
14 1 U 11
15 0 U 1
16 1 U -1
17 0 L 14
18 0 L 12
19 0 U 3
20 0 U -1
21 0 U 3
22 1 U 13
23 0 U 6
24 0 L 10
25 0 U 6
26 0 L 21
27 0 L 8
28 1 U 1
29 0 L 26
30 1 U -1
31 0 U -1
32 1 L 1
33 1 U 31
34 0 L -1
35 0 L 29
36 1 L 24
37 1 L 24
38 1 L 37
39 0 L 10
40 0 U 35
41 1 L 13
42 1 U 16
43 0 L 41
44 0 U 9
45 0 U -1
46 1 U 21
47 1 L 31
48 1 U -1
49 1 U 32
50 1 L 36
51 1 L 18
52 0 U 50
53 0 L 40
54 0 L 34
55 1 L 28
56 1 U 48
57 1 U 31
58 0 U 0
59 1 L 44
60 0 U -1
61 1 L 32
62 1 L 52
63 1 L 32
64 1 L 62
65 1 L 45
66 0 U 46
67 0 L 43
68 0 U 0
69 1 L 25
70 0 L 10
71 0 U 41
72 1 U -1
73 1 U 1
74 1 L 1
75 1 U 26
76 0 L -1
77 1 L 67
78 1 U 14
79
0 0 L -1
1 0 L -1
2 1 U -1
3 0 U -1
4 0 U -1
5 0 L -1
6 0 L 1
7 0 L 5
8 1 L -1
9 0 L 7
10 0 U 0
11 0 L 2
12 0 U 1
13 0 U 2
14 1 U 11
15 0 U 13
16 1 U -1
17 0 L 14
18 0 L 12
19 0 U 3
20 0 U -1
21 0 U 3
22 1 U 13
23 0 U 6
24 0 L 10
25 0 U 6
26 0 L 21
27 0 L 8
28 1 U 1
29 0 L 26
30 1 U -1
31 1 U -1
32 1 L 1
33 1 U 31
34 0 L -1
35 0 L 29
36 1 L 24
37 1 L 24
38 1 L 37
39 0 L 10
40 0 U 35
41 1 L 13
42 0 U 16
43 0 L 41
44 0 U 7
45 0 U -1
46 1 U 21
47 0 L 31
48 0 U -1
49 1 U 43
50 1 L 36
51 1 L 39
52 0 U 50
53 0 L 40
54 1 L 34
55 1 L 28
56 1 U 48
57 1 U 31
58 0 U 31
59 1 L 44
60 1 U -1
61 0 L 4
62 1 L 52
63 0 L 32
64 1 L 62
65 1 L 23
66 0 U 46
67 0 L 43
68 0 U 0
69 1 L 25
70 1 L 10
71 0 U 41
72 0 U -1
73 1 U 57
74 0 L 3
75 1 U 26
76 0 L -1
77 1 L 67
78 1 U 14
79
0 0 L -1
1 0 L -1
2 1 U -1
3 0 U -1
4 0 U -1
5 0 L -1
6 0 L 1
7 0 L 5
8 1 L -1
9 0 L 7
10 0 U 4
11 0 L 5
12 0 U 1
13 0 U 2
14 1 U 11
15 0 U 1
16 1 U -1
17 0 L 14
18 0 L 7
19 0 U 3
20 0 U -1
21 0 U 3
22 1 U 13
23 0 U 6
24 0 L 10
25 0 U 6
26 0 L 21
27 0 L 8
28 1 U 1
29 0 L 26
30 1 U -1
31 1 U -1
32 0 L 1
33 1 U 31
34 0 L -1
35 0 L 29
36 1 L 24
37 1 L 24
38 1 L 37
39 0 L 10
40 0 U 35
41 1 L 13
42 1 U 16
43 0 L 41
44 0 U 19
45 0 U -1
46 0 U 21
47 1 L 31
48 0 U -1
49 1 U 43
50 1 L 49
51 0 L 13
52 0 U 50
53 0 L 40
54 1 L 34
55 1 L 28
56 1 U 48
57 1 U 4
58 0 U 0
59 1 L 44
60 1 U -1
61 0 L 4
62 1 L 52
63 1 L 32
64 1 L 62
65 1 L 23
66 0 U 46
67 0 L 52
68 0 U 30
69 0 L 25
70 1 L 10
71 0 U 41
72 1 U -1
73 1 U 57
74 0 L 70
75 1 U 26
76 0 L -1
77 1 L 67
78 1 U 14
79
0 0 L -1
1 0 L -1
2 1 U -1
3 0 U -1
4 0 U -1
5 0 L -1
6 0 L 1
7 0 L 5
8 1 L -1
9 0 L 7
10 0 U 2
11 0 L 1
12 0 U 1
13 0 U 2
14 1 U 11
15 0 U 13
16 1 U -1
17 1 L 7
18 0 L 7
19 0 U 3
20 0 U -1
21 0 U 3
22 1 U 13
23 0 U 6
24 0 L 10
25 0 U 6
26 0 L 21
27 0 L 8
28 1 U 1
29 0 L 26
30 1 U -1
31 1 U -1
32 1 L 1
33 1 U 31
34 0 L -1
35 0 L 29
36 1 L 24
37 1 L 24
38 1 L 37
39 0 L 18
40 0 U 35
41 1 L 13
42 0 U 16
43 0 L 41
44 0 U 19
45 0 U -1
46 1 U 21
47 0 L 43
48 0 U -1
49 1 U 43
50 1 L 49
51 1 L 13
52 0 U 50
53 0 L 40
54 1 L 34
55 1 L 28
56 1 U 48
57 1 U 4
58 0 U 0
59 0 L 44
60 0 U -1
61 1 L 4
62 1 L 52
63 0 L 3
64 1 L 62
65 1 L 23
66 0 U 46
67 0 L 52
68 0 U 30
69 0 L 25
70 1 L 10
71 0 U 41
72 0 U -1
73 1 U 13
74 1 L 10
75 1 U 26
76 0 L -1
77 1 L 67
78 1 U 14
79
0 0 L -1
1 0 L -1
2 1 U -1
3 0 U -1
4 0 U -1
5 0 L -1
6 0 L 1
7 0 L 5
8 1 L -1
9 0 L 7
10 0 U 0
11 0 L 2
12 0 U 1
13 0 U 2
14 1 U 11
15 0 U 13
16 1 U -1
17 1 L 7
18 0 L 3
19 0 U 3
20 1 U -1
21 0 U 3
22 1 U 10
23 0 U 6
24 0 L 10
25 0 U 6
26 0 L 21
27 0 L 18
28 1 U 1
29 0 L 26
30 1 U -1
31 0 U -1
32 1 L 1
33 1 U 31
34 0 L -1
35 0 L 29
36 1 L 24
37 1 L 20
38 0 L 37
39 0 L 18
40 0 U 35
41 1 L 13
42 0 U 16
43 0 L 41
44 0 U 9
45 0 U -1
46 1 U 21
47 0 L 43
48 0 U -1
49 1 U 43
50 1 L 49
51 0 L 13
52 0 U 50
53 0 L 40
54 0 L 34
55 1 L 28
56 1 U 48
57 1 U 31
58 0 U 2
59 0 L 44
60 0 U -1
61 0 L 4
62 1 L 43
63 0 L 54
64 1 L 62
65 1 L 23
66 0 U 46
67 0 L 52
68 0 U 30
69 0 L 25
70 1 L 10
71 0 U 41
72 0 U -1
73 1 U 56
74 0 L 70
75 1 U 26
76 0 L -1
77 1 L 67
78 1 U 14
79
0 0 L -1
1 0 L -1
2 1 U -1
3 0 U -1
4 0 U -1
5 0 L -1
6 0 L 1
7 0 L 5
8 1 L -1
9 0 L 7
10 0 U 0
11 0 L 1
12 0 U 1
13 0 U 2
14 1 U 11
15 0 U 13
16 1 U -1
17 1 L 7
18 0 L 3
19 0 U 3
20 0 U -1
21 0 U 3
22 1 U 10
23 0 U 6
24 0 L 12
25 0 U 6
26 0 L 21
27 0 L 18
28 1 U 1
29 0 L 26
30 1 U -1
31 1 U -1
32 1 L 1
33 1 U 31
34 0 L -1
35 0 L 29
36 1 L 24
37 1 L 24
38 0 L 30
39 0 L 18
40 0 U 35
41 1 L 13
42 1 U 16
43 0 L 41
44 0 U 7
45 0 U -1
46 1 U 21
47 1 L 43
48 0 U -1
49 1 U 43
50 1 L 49
51 1 L 13
52 0 U 50
53 0 L 40
54 1 L 34
55 1 L 28
56 1 U 48
57 1 U 31
58 0 U 2
59 1 L 44
60 0 U -1
61 0 L 4
62 1 L 43
63 0 L 3
64 1 L 62
65 1 L 23
66 0 U 46
67 0 L 43
68 0 U 30
69 1 L 25
70 1 L 10
71 0 U 41
72 0 U -1
73 1 U 21
74 1 L 70
75 1 U 26
76 0 L -1
77 1 L 67
78 1 U 14
79
0 0 U -1
1 0 L -1
2 1 U -1
3 0 U -1
4 0 U -1
5 0 L -1
6 0 L 1
7 0 L 5
8 1 L -1
9 0 L 7
10 0 U 4
11 0 L 5
12 0 U 1
13 0 U 2
14 1 U 11
15 0 U 13
16 1 U -1
17 0 L 14
18 0 L 3
19 0 U 3
20 1 U -1
21 0 U 3
22 1 U 1
23 0 U 6
24 0 U 12
25 0 U 6
26 0 L 21
27 0 L 10
28 1 U 1
29 0 L 26
30 1 U -1
31 0 U -1
32 0 L 1
33 1 U 0
34 0 L -1
35 0 L 29
36 1 L 24
37 1 L 24
38 1 L 19
39 0 L 18
40 0 U 35
41 1 L 13
42 0 U 16
43 0 L 41
44 0 U 19
45 0 U -1
46 0 U 21
47 1 L 43
48 1 U -1
49 1 U 43
50 1 L 49
51 1 L 13
52 0 U 50
53 0 L 40
54 1 L 34
55 1 L 28
56 1 U 48
57 1 U 2
58 0 U 2
59 1 L 44
60 1 U -1
61 0 L 4
62 1 L 43
63 0 L 54
64 1 L 62
65 1 L 23
66 0 U 46
67 0 L 43
68 0 U 2
69 0 L 25
70 1 L 12
71 0 U 41
72 0 U -1
73 1 U 68
74 1 L 70
75 1 U 27
76 0 L -1
77 1 L 67
78 1 U 14
79
0 0 L -1
1 0 L -1
2 1 U -1
3 0 U -1
4 1 U -1
5 0 L -1
6 0 L 1
7 0 L 5
8 1 L -1
9 0 L 7
10 0 U 2
11 0 L 5
12 0 U 1
13 0 U 2
14 1 U 11
15 0 U 13
16 1 U -1
17 0 L 14
18 0 L 11
19 0 U 3
20 0 U -1
21 0 U 3
22 1 U 10
23 0 U 6
24 0 U 5
25 0 U 6
26 0 L 21
27 0 L 18
28 1 U 1
29 0 L 26
30 1 U -1
31 0 U -1
32 1 L 1
33 1 U 0
34 0 L -1
35 0 L 29
36 0 L 24
37 1 L 24
38 0 L 19
39 0 L 18
40 0 U 35
41 1 L 13
42 0 U 16
43 0 L 41
44 0 U 19
45 0 U -1
46 0 U 21
47 0 L 43
48 0 U -1
49 1 U 43
50 1 L 49
51 1 L 13
52 0 U 50
53 0 L 40
54 0 L 34
55 1 L 28
56 1 U 48
57 1 U 2
58 0 U 2
59 1 L 44
60 1 U -1
61 1 L 32
62 1 L 43
63 0 L 6
64 1 L 62
65 1 L 23
66 0 U 46
67 0 L 43
68 0 U 3
69 1 L 25
70 1 L 12
71 0 U 34
72 0 U -1
73 1 U 68
74 0 L 69
75 1 U 66
76 0 L -1
77 1 L 67
78 1 U 14
79
0 0 L -1
1 0 L -1
2 1 U -1
3 0 U -1
4 0 U -1
5 0 L -1
6 0 L 1
7 0 L 5
8 1 L -1
9 0 L 7
10 0 U 2
11 0 L 5
12 0 U 1
13 0 U 2
14 1 U 11
15 0 U 1
16 1 U -1
17 0 L 14
18 0 L 11
19 0 U 3
20 0 U -1
21 0 U 3
22 1 U 1
23 0 U 6
24 0 U 5
25 0 U 6
26 0 L 21
27 0 L 18
28 1 U 1
29 0 L 26
30 1 U -1
31 0 U -1
32 0 L 14
33 1 U 0
34 0 L -1
35 0 L 29
36 1 L 24
37 1 L 20
38 1 L 37
39 1 L 18
40 0 U 35
41 1 L 39
42 1 U 16
43 0 L 41
44 1 U 21
45 0 U -1
46 0 U 21
47 1 L 43
48 0 U -1
49 1 U 43
50 1 L 49
51 0 L 39
52 0 U 50
53 0 L 40
54 1 L 34
55 1 L 28
56 1 U 48
57 1 U 2
58 0 U 2
59 0 L 48
60 0 U -1
61 0 L 32
62 1 L 43
63 0 L 6
64 1 L 62
65 1 L 23
66 0 U 46
67 0 L 43
68 0 U 3
69 0 L 25
70 1 L 63
71 0 U 34
72 0 U -1
73 1 U 68
74 1 L 1
75 1 U 66
76 0 L -1
77 1 L 67
78 1 U 28
79
0 0 U -1
1 0 L -1
2 1 U -1
3 0 U -1
4 0 U -1
5 0 L -1
6 0 L 1
7 0 L 5
8 1 L -1
9 0 L 7
10 0 U 0
11 0 L 5
12 0 U 1
13 0 U 4
14 1 U 11
15 0 U 1
16 1 U -1
17 0 L 14
18 0 L 11
19 0 U 3
20 1 U -1
21 0 U 3
22 1 U 1
23 0 U 6
24 0 U 11
25 0 U 6
26 0 L 21
27 0 L 18
28 1 U 1
29 0 L 26
30 1 U -1
31 0 U -1
32 1 L 11
33 1 U 4
34 0 L -1
35 0 L 29
36 1 L 24
37 1 L 20
38 1 L 37
39 1 L 18
40 0 U 35
41 1 L 39
42 1 U 16
43 0 L 41
44 1 U 7
45 0 U -1
46 1 U 21
47 1 L 43
48 0 U -1
49 1 U 43
50 1 L 49
51 0 L 39
52 0 U 50
53 0 L 40
54 0 L 1
55 1 L 28
56 1 U 48
57 1 U 0
58 0 L 2
59 1 L 48
60 0 U -1
61 1 L 39
62 1 L 43
63 1 L 6
64 1 L 62
65 1 L 23
66 0 U 46
67 0 L 43
68 0 U 30
69 0 L 35
70 1 L 63
71 0 U 39
72 1 U -1
73 1 U 68
74 0 L 34
75 1 U 66
76 0 L -1
77 1 L 67
78 1 U 35
79
0 0 U -1
1 0 L -1
2 1 U -1
3 0 U -1
4 0 U -1
5 0 L -1
6 0 L 1
7 0 L 5
8 1 L -1
9 0 L 7
10 0 U 0
11 0 L 5
12 0 U 1
13 0 U 4
14 1 U 11
15 0 U 1
16 1 U -1
17 0 L 14
18 0 L 11
19 0 U 3
20 1 U -1
21 0 U 3
22 1 U 1
23 0 U 6
24 0 U 12
25 0 U 6
26 0 L 21
27 0 L 12
28 1 U 1
29 0 L 26
30 1 U -1
31 0 U -1
32 1 L 11
33 1 U 4
34 0 L -1
35 0 L 29
36 1 L 24
37 1 L 20
38 0 L 37
39 1 L 18
40 0 U 35
41 1 L 39
42 0 U 16
43 0 L 41
44 1 U 7
45 0 U -1
46 1 U 21
47 0 L 43
48 1 U -1
49 1 U 39
50 1 L 49
51 0 L 39
52 0 U 50
53 0 L 40
54 0 L 1
55 1 L 28
56 1 U 48
57 1 U 0
58 0 L 2
59 1 L 48
60 1 U -1
61 0 L 20
62 1 L 43
63 1 L 6
64 1 L 62
65 1 L 23
66 0 U 46
67 0 L 43
68 0 U 2
69 1 L 35
70 1 L 63
71 0 U 39
72 0 U -1
73 1 U 48
74 0 L 34
75 1 U 66
76 0 L -1
77 1 L 67
78 1 U 35
79
0 0 L -1
1 0 L -1
2 1 U -1
3 0 U -1
4 0 U -1
5 0 L -1
6 0 L 1
7 0 L 5
8 1 L -1
9 0 L 7
10 0 U 0
11 0 L 5
12 0 U 1
13 0 U 4
14 1 U 11
15 0 U 1
16 1 U -1
17 0 L 14
18 0 L 11
19 0 U 3
20 1 U -1
21 0 U 3
22 1 U 1
23 0 U 6
24 0 U 12
25 0 U 6
26 0 L 21
27 0 L 16
28 1 U 1
29 0 L 26
30 1 U -1
31 0 U -1
32 1 L 11
33 1 U 4
34 0 L -1
35 0 L 29
36 1 L 20
37 1 L 20
38 1 L 37
39 1 L 18
40 0 U 35
41 1 L 39
42 0 U 16
43 0 L 41
44 1 U 21
45 0 U -1
46 1 U 21
47 0 L 43
48 1 U -1
49 1 U 39
50 1 L 49
51 0 L 24
52 0 U 50
53 0 L 40
54 0 L 1
55 1 L 28
56 1 U 48
57 1 U 0
58 0 L 14
59 0 L 48
60 0 U -1
61 0 L 20
62 1 L 43
63 0 L 58
64 1 L 62
65 1 L 23
66 0 U 46
67 0 L 43
68 0 U 2
69 0 L 35
70 1 L 63
71 0 U 34
72 0 U -1
73 1 U 48
74 0 L 34
75 1 U 66
76 0 L -1
77 1 L 67
78 1 U 35
79
0 0 U -1
1 0 L -1
2 1 U -1
3 0 U -1
4 0 U -1
5 0 L -1
6 0 L 1
7 0 L 5
8 1 L -1
9 0 L 7
10 0 U 0
11 0 L 5
12 0 U 1
13 0 U 2
14 0 U 11
15 0 U 1
16 1 U -1
17 0 L 2
18 0 L 11
19 0 U 3
20 1 U -1
21 0 U 3
22 1 U 1
23 0 U 6
24 0 U 12
25 0 U 6
26 0 L 21
27 0 L 16
28 1 U 1
29 0 L 26
30 1 U -1
31 0 U -1
32 0 L 11
33 1 U 0
34 0 L -1
35 0 L 29
36 1 L 20
37 1 L 20
38 1 L 37
39 1 L 18
40 0 U 35
41 1 L 39
42 0 U 16
43 0 L 41
44 1 U 21
45 0 U -1
46 1 U 21
47 0 L 43
48 0 U -1
49 1 U 39
50 1 L 49
51 0 L 13
52 0 U 50
53 0 L 40
54 0 L 1
55 1 L 28
56 1 U 48
57 1 U 0
58 1 L 14
59 0 L 48
60 0 U -1
61 0 L 15
62 1 L 43
63 1 L 58
64 1 L 62
65 1 L 23
66 0 U 28
67 0 L 43
68 0 U 0
69 0 L 35
70 1 L 63
71 0 U 34
72 0 U -1
73 1 U 2
74 1 L 34
75 1 U 66
76 0 L -1
77 1 L 67
78 1 U 28
79
0 0 U -1
1 0 L -1
2 1 U -1
3 0 U -1
4 0 U -1
5 0 L -1
6 0 L 1
7 0 L 5
8 1 L -1
9 0 L 7
10 0 U 4
11 0 L 5
12 0 U 1
13 0 U 2
14 0 U 11
15 0 U 1
16 1 U -1
17 0 L 2
18 0 L 11
19 0 U 3
20 1 U -1
21 0 U 3
22 1 U 10
23 0 U 6
24 0 U 5
25 0 U 6
26 0 L 21
27 0 L 16
28 1 U 1
29 0 L 26
30 1 U -1
31 0 U -1
32 1 L 11
33 1 U 2
34 0 L -1
35 0 L 29
36 1 L 20
37 1 L 20
38 0 L 37
39 1 L 18
40 0 U 35
41 1 L 39
42 0 U 16
43 0 L 41
44 0 U 21
45 0 U -1
46 1 U 21
47 1 L 43
48 0 U -1
49 1 U 39
50 1 L 49
51 0 L 13
52 0 U 50
53 0 L 40
54 0 L 1
55 1 L 28
56 1 U 48
57 1 U 4
58 1 L 1
59 0 L 48
60 1 U -1
61 0 L 15
62 1 L 43
63 0 L 58
64 1 L 62
65 1 L 23
66 0 U 46
67 0 L 43
68 0 U 0
69 0 L 35
70 1 L 63
71 0 U 34
72 0 U -1
73 1 U 2
74 1 L 34
75 1 U 66
76 0 L -1
77 1 L 67
78 1 U 24
