54
0 0 U -1
1 0 U -1
2 0 U -1
3 0 U -1
4 0 U -1
5 0 U -1
6 0 U -1
7 0 U -1
8 0 U -1
9 0 U -1
10 0 U -1
11 0 U -1
12 0 U -1
13 0 U -1
14 0 U -1
15 0 U -1
16 0 U -1
17 0 U -1
18 0 U -1
19 0 U -1
20 0 U -1
21 0 U -1
22 0 U -1
23 0 U -1
24 0 U -1
25 0 U -1
26 0 U -1
27 0 U -1
28 0 U -1
29 0 U -1
30 0 U -1
31 0 U -1
32 0 U -1
33 0 U -1
34 0 U -1
35 0 U -1
36 0 U -1
37 0 U -1
38 0 U -1
39 0 U -1
40 0 U -1
41 0 U -1
42 0 U -1
43 0 U -1
44 0 U -1
45 0 U -1
46 0 U -1
47 0 U -1
48 0 U -1
49 0 U -1
50 0 U -1
51 0 U -1
52 0 U -1
53 0 U -1
54
0 1 L -1
1 0 U -1
2 0 U 0
3 1 U -1
4 0 L 2
5 0 L 1
6 0 U -1
7 1 U 4
8 0 U -1
9 0 U 3
10 0 U -1
11 1 U -1
12 1 L -1
13 0 U 2
14 0 L 8
15 0 L -1
16 1 U -1
17 0 L 10
18 0 U 3
19 0 U 11
20 1 L 15
21 1 U -1
22 1 L 7
23 1 U 21
24 0 U 2
25 0 U 22
26 0 L 25
27 1 U -1
28 0 U 3
29 0 L 11
30 0 L 21
31 1 U 17
32 0 L 17
33 1 L 0
34 1 L 2
35 0 L 24
36 1 U -1
37 0 L 10
38 1 L 20
39 0 U 7
40 0 U 31
41 0 U 17
42 1 U 35
43 0 U 33
44 0 U 26
45 0 U 11
46 1 U 22
47 0 L 32
48 0 U 15
49 1 U 10
50 0 U -1
51 0 U 32
52 0 U 35
53 1 U 50
54
0 1 U -1
1 0 U -1
2 0 U 0
3 1 U -1
4 1 L 1
5 1 L 1
6 0 U -1
7 0 U 4
8 0 U -1
9 0 U 4
10 0 U -1
11 1 U -1
12 0 L -1
13 1 U 0
14 0 L 8
15 0 L -1
16 0 U -1
17 0 L 10
18 0 U 16
19 0 U 16
20 0 L 1
21 0 U -1
22 1 L 10
23 1 L 21
24 0 U 2
25 1 U 22
26 0 L 11
27 1 U -1
28 0 U 0
29 1 L 25
30 0 L 24
31 0 U 17
32 0 L 17
33 1 L 0
34 0 L 2
35 1 L 24
36 0 L -1
37 1 L -1
38 1 L 5
39 0 U 33
40 1 L 13
41 1 U 35
42 0 U 35
43 0 U 14
44 1 U 19
45 0 U 3
46 0 U -1
47 0 L 32
48 0 L 30
49 1 U 10
50 1 U -1
51 1 U 14
52 0 U 15
53 1 U 50
54
0 1 L -1
1 0 U -1
2 0 U 0
3 1 U -1
4 1 L 1
5 1 L 1
6 0 U -1
7 0 U 4
8 0 U -1
9 0 U 2
10 0 U -1
11 1 U -1
12 0 L -1
13 0 U 0
14 0 L 8
15 0 L -1
16 0 U -1
17 0 L 9
18 0 U 16
19 0 U 16
20 0 L 1
21 0 U -1
22 1 L 9
23 1 L 21
24 0 U 2
25 0 U 22
26 0 L 17
27 1 U -1
28 1 U 3
29 0 L 11
30 0 L 21
31 0 U 17
32 0 L 17
33 0 L 0
34 1 L 15
35 1 L 32
36 0 L -1
37 1 L -1
38 1 L 33
39 0 U 14
40 0 L 33
41 1 L 14
42 0 U 12
43 1 U 35
44 0 U 25
45 0 U 0
46 1 U -1
47 0 L 21
48 0 L 27
49 1 U 10
50 0 U -1
51 1 U 14
52 1 U 39
53 1 U 50
54
0 1 L -1
1 1 U -1
2 0 U 0
3 1 U -1
4 1 L 2
5 0 L 1
6 0 U -1
7 0 U 4
8 0 U -1
9 0 U 4
10 0 U -1
11 1 U -1
12 1 L -1
13 0 U 0
14 0 L 13
15 0 L -1
16 0 U -1
17 0 L 9
18 0 U 16
19 0 U 16
20 0 L 1
21 0 U -1
22 1 L 9
23 1 L 21
24 0 U 2
25 0 U 22
26 0 L 17
27 1 U -1
28 1 U 16
29 1 L 17
30 0 L 21
31 0 U 17
32 0 L 17
33 0 L 0
34 1 L 15
35 1 L 24
36 0 L -1
37 1 L 10
38 1 L 2
39 1 L 34
40 1 U 22
41 1 L 38
42 0 U 17
43 1 U 35
44 0 L 25
45 0 U 11
46 0 U -1
47 0 L 21
48 0 U 30
49 1 U 23
50 0 U -1
51 1 U 14
52 1 U 39
53 1 U 50
54
0 1 L -1
1 1 U -1
2 0 U 0
3 1 U -1
4 1 L 2
5 0 L 1
6 0 U -1
7 0 U 4
8 0 U -1
9 0 U 2
10 0 U -1
11 1 U -1
12 0 L -1
13 1 U 11
14 0 L 7
15 0 L -1
16 0 U -1
17 0 L 9
18 0 U 16
19 0 U 16
20 0 L 2
21 0 U -1
22 1 L 9
23 1 L 21
24 0 U 2
25 0 U 22
26 0 L 17
27 1 U -1
28 1 U 16
29 1 L 22
30 0 L 21
31 0 U 17
32 0 L 22
33 0 L 0
34 1 L 15
35 1 U 24
36 0 L -1
37 1 L 9
38 1 L 2
39 1 L 34
40 1 U 24
41 0 L 38
42 0 U 17
43 1 U 25
44 0 L 13
45 0 U 6
46 0 U 29
47 0 L 24
48 0 L 27
49 1 U 23
50 0 U -1
51 1 U 14
52 0 U 42
53 1 U 50
54
0 1 L -1
1 1 U -1
2 0 U 0
3 1 U -1
4 1 L 2
5 0 L 1
6 0 U -1
7 0 U 4
8 0 U -1
9 0 U 2
10 0 U -1
11 1 U -1
12 0 L -1
13 1 U 0
14 0 L 8
15 0 L -1
16 0 U -1
17 0 L 9
18 0 U 13
19 0 U 16
20 0 L 15
21 1 U -1
22 1 L 10
23 1 L 21
24 0 U 2
25 0 U 22
26 0 L 22
27 1 U -1
28 1 U 16
29 0 L 17
30 0 L 21
31 0 U 17
32 0 L 22
33 0 L 0
34 1 L 15
35 1 U 24
36 0 L -1
37 1 L 22
38 1 L 33
39 1 L 34
40 1 U 22
41 1 L 38
42 0 U 17
43 1 U 14
44 0 L 9
45 0 U 6
46 1 U 24
47 0 L 43
48 0 L 46
49 1 U 21
50 0 U -1
51 1 U 14
52 0 U 20
53 1 U 50
54
0 1 L -1
1 1 U -1
2 0 U 0
3 1 U -1
4 0 L 2
5 0 L 1
6 0 U -1
7 0 U 4
8 0 U -1
9 0 U 2
10 0 U -1
11 1 U -1
12 0 L -1
13 1 U 11
14 0 L 8
15 0 L -1
16 0 U -1
17 0 L 9
18 0 U 13
19 0 U 3
20 0 L 2
21 1 U -1
22 1 L 9
23 1 L 21
24 0 U 2
25 0 U 15
26 0 L 17
27 1 U -1
28 0 U 27
29 1 L 17
30 0 L 24
31 0 U 17
32 0 L 22
33 0 L 0
34 1 L 15
35 1 U 24
36 1 L -1
37 1 L 11
38 1 L 33
39 1 L 34
40 0 U 31
41 0 L 38
42 0 U 17
43 1 L 32
44 0 L 10
45 0 U 8
46 0 U 24
47 0 L 43
48 0 L 46
49 1 U 1
50 0 U -1
51 1 U 48
52 0 U 46
53 1 U 50
54
0 1 L -1
1 1 U -1
2 0 U 0
3 1 U -1
4 0 L 2
5 0 L 1
6 0 U -1
7 0 U 4
8 0 U -1
9 0 U 2
10 0 U -1
11 1 U -1
12 0 L -1
13 1 U 3
14 0 L 8
15 0 L -1
16 0 U -1
17 0 L 9
18 0 U 16
19 0 U 16
20 0 L 2
21 0 U -1
22 1 L 9
23 1 L 21
24 0 U 2
25 0 U 15
26 0 L 17
27 1 U -1
28 1 U 16
29 1 L 17
30 1 L 24
31 0 U 17
32 0 L 22
33 0 L 0
34 1 L 15
35 1 U 24
36 0 L -1
37 0 L 11
38 1 L 1
39 1 L 34
40 1 U 22
41 0 L 38
42 0 U 17
43 1 L 18
44 1 L 25
45 0 U 16
46 0 U 24
47 0 L 24
48 1 L 46
49 1 U -1
50 0 U -1
51 1 U 48
52 0 U 35
53 1 U 50
54
0 1 L -1
1 1 U -1
2 0 U 0
3 1 U -1
4 1 L 2
5 0 L 1
6 0 U -1
7 0 U 4
8 0 U -1
9 0 U 4
10 0 U -1
11 1 U -1
12 1 L -1
13 1 U 11
14 0 L 7
15 0 L -1
16 0 U -1
17 0 L 9
18 0 U 0
19 0 U 16
20 0 L 2
21 1 U -1
22 1 L 9
23 1 L 21
24 0 U 2
25 0 U 22
26 0 L 17
27 1 U -1
28 1 U 16
29 1 L 17
30 1 L 24
31 0 U 17
32 0 L 22
33 0 L 0
34 1 L 15
35 1 U 24
36 0 L -1
37 0 L 11
38 1 L 1
39 1 L 34
40 0 U 22
41 1 L 38
42 0 U 17
43 1 L 18
44 1 L 25
45 0 U 16
46 0 U 24
47 0 L 24
48 0 L 46
49 1 U -1
50 0 U -1
51 1 U 48
52 0 U 39
53 1 U 50
54
0 1 L -1
1 1 U -1
2 0 U 0
3 1 U -1
4 0 L 2
5 0 L 1
6 0 U -1
7 0 U 4
8 0 U -1
9 0 U 4
10 0 U -1
11 1 U -1
12 0 L -1
13 0 U 11
14 0 L 8
15 0 L -1
16 0 U -1
17 0 L 9
18 0 U 16
19 0 U 16
20 0 L 1
21 1 U -1
22 1 L 9
23 1 L 21
24 0 U 4
25 0 U 22
26 0 L 17
27 1 U -1
28 1 U 16
29 1 L 17
30 1 L 24
31 0 U 17
32 0 L 22
33 0 L 0
34 1 L 15
35 1 U 24
36 1 L -1
37 0 L 11
38 1 L 1
39 1 L 34
40 0 L 29
41 0 L 7
42 0 U 17
43 1 L 37
44 1 L 25
45 0 U 27
46 1 U 22
47 0 L 24
48 0 L 46
49 1 U 10
50 0 U -1
51 1 U 48
52 0 U 42
53 1 U 50
54
0 1 L -1
1 1 U -1
2 0 U 0
3 1 U -1
4 0 L 2
5 0 L 1
6 0 U -1
7 0 U 4
8 0 U -1
9 0 U 4
10 0 U -1
11 1 U -1
12 0 L -1
13 1 U 11
14 0 L 7
15 0 L -1
16 0 U -1
17 0 L 9
18 0 U 0
19 0 U 16
20 0 L 15
21 1 U -1
22 1 L 9
23 1 L 21
24 0 U 4
25 0 U 22
26 0 L 17
27 1 U -1
28 0 U 16
29 1 L 17
30 1 L 24
31 0 U 17
32 0 L 22
33 0 L 0
34 1 L 15
35 1 U 24
36 0 L -1
37 0 L 11
38 1 L 1
39 1 L 34
40 0 L 29
41 1 L 34
42 0 U 17
43 1 L 37
44 1 L 25
45 0 U 27
46 0 U 22
47 0 L 24
48 1 L 46
49 1 U 10
50 0 U -1
51 1 U 31
52 0 U 46
53 1 U 50
54
0 1 U -1
1 1 U -1
2 1 U 0
3 1 U -1
4 0 L 2
5 0 L 1
6 0 U -1
7 0 U 4
8 0 U -1
9 0 U 4
10 0 U -1
11 1 U -1
12 0 L -1
13 1 U 11
14 0 L 7
15 0 L -1
16 0 U -1
17 0 L 9
18 0 U 16
19 0 U 16
20 0 L 15
21 1 U -1
22 1 L 9
23 1 L 21
24 0 U 4
25 0 U 22
26 0 L 22
27 1 U -1
28 1 U 8
29 1 L 17
30 0 L 24
31 0 U 17
32 0 L 22
33 0 L 0
34 1 L 15
35 1 U 12
36 0 L -1
37 0 L 11
38 1 L 1
39 1 L 34
40 0 L 29
41 0 L 34
42 0 U 17
43 1 L 37
44 1 L 25
45 0 U 27
46 0 U 20
47 0 L 24
48 1 L 46
49 1 U 23
50 0 U -1
51 0 U 12
52 1 L 46
53 1 U 50
54
0 1 U -1
1 1 U -1
2 1 U 0
3 1 U -1
4 0 L 2
5 0 L 1
6 0 U -1
7 0 U 4
8 0 U -1
9 0 U 4
10 0 U -1
11 1 U -1
12 0 L -1
13 1 U 3
14 0 L 7
15 0 L -1
16 0 U -1
17 0 L 9
18 0 U 0
19 0 U 16
20 0 L 15
21 0 U -1
22 1 L 10
23 1 L 21
24 0 U 4
25 0 U 22
26 1 L 22
27 1 U -1
28 1 U 8
29 1 L 11
30 0 L 21
31 0 U 17
32 0 L 22
33 0 L 0
34 1 L 15
35 1 U 12
36 0 L -1
37 0 L 17
38 1 L 33
39 1 L 34
40 0 L 3
41 0 L 7
42 0 U 17
43 0 L 16
44 1 L 25
45 0 U 27
46 1 U 22
47 0 U 34
48 1 L 46
49 1 U 23
50 0 U -1
51 0 U 24
52 0 L 47
53 1 U 50
54
0 1 U -1
1 1 U -1
2 1 U 0
3 1 U -1
4 1 L 2
5 0 L 1
6 0 U -1
7 0 U 4
8 0 U -1
9 0 U 5
10 1 U -1
11 1 U -1
12 0 L -1
13 0 U 3
14 0 L 8
15 0 L -1
16 0 U -1
17 0 L 9
18 1 L 9
19 0 U 3
20 0 L 15
21 1 U -1
22 1 L 9
23 1 L 21
24 0 U 4
25 0 U 22
26 0 L 22
27 0 U -1
28 0 U 16
29 0 L 22
30 0 L 24
31 0 U 17
32 0 L 22
33 0 L 0
34 0 L 15
35 1 U 12
36 0 L -1
37 0 L 17
38 1 L 2
39 0 L 34
40 1 U 39
41 1 L 20
42 0 U 17
43 0 L 16
44 1 L 43
45 0 U 0
46 0 U 22
47 1 U 30
48 0 L 30
49 1 U 23
50 0 U -1
51 0 U 31
52 0 L 21
53 1 U 50
54
0 1 U -1
1 1 U -1
2 1 U 0
3 1 U -1
4 1 L 1
5 1 L 1
6 0 U -1
7 0 U 4
8 0 U -1
9 0 U 4
10 1 U -1
11 1 U -1
12 0 L -1
13 1 L 5
14 0 L 7
15 0 L -1
16 0 U -1
17 0 L 9
18 1 L 9
19 0 U 0
20 0 L 1
21 0 U -1
22 1 L 9
23 1 L 21
24 0 U 4
25 0 U 22
26 1 L 22
27 0 U -1
28 0 U 16
29 0 L 17
30 0 L 24
31 0 U 17
32 1 L 25
33 0 L 0
34 1 L 15
35 1 U 12
36 0 L -1
37 0 L 26
38 1 L 36
39 0 L 29
40 1 L 6
41 0 L 13
42 0 U 17
43 0 L 16
44 1 L 43
45 0 U 8
46 1 U 9
47 1 U 9
48 0 L 30
49 1 U 27
50 0 U -1
51 0 U 24
52 0 L 31
53 1 U 50
54
0 1 L -1
1 1 U -1
2 1 U 0
3 1 U -1
4 0 L 1
5 1 L 1
6 0 U -1
7 0 U 4
8 0 U -1
9 0 U 4
10 0 U -1
11 1 U -1
12 0 L -1
13 1 L 5
14 0 L 8
15 0 L -1
16 0 U -1
17 0 L 9
18 1 L 9
19 0 U 0
20 0 L 1
21 0 U -1
22 1 L 9
23 1 L 21
24 0 U 4
25 0 U 22
26 1 L 22
27 0 U -1
28 0 U 16
29 1 L 17
30 0 L 24
31 0 U 17
32 1 L 25
33 0 L 0
34 1 L 15
35 1 U 12
36 1 L -1
37 0 L 11
38 1 L 36
39 0 U 29
40 0 L 34
41 1 L 8
42 0 U 19
43 0 L 16
44 0 L 28
45 0 U 8
46 0 U 39
47 0 U 24
48 0 U 35
49 1 U 27
50 0 U -1
51 0 U 24
52 0 L 31
53 1 U 50
54
0 1 U -1
1 1 U -1
2 1 U 0
3 1 U -1
4 1 L 1
5 1 L 1
6 0 U -1
7 0 U 4
8 0 U -1
9 0 U 4
10 0 U -1
11 1 U -1
12 0 L -1
13 1 L 5
14 0 L 8
15 0 L -1
16 0 U -1
17 0 L 9
18 1 L 9
19 0 U 0
20 0 L 1
21 1 U -1
22 1 L 9
23 1 L 21
24 0 U 4
25 0 U 22
26 1 L 22
27 0 U -1
28 1 U 0
29 0 L 17
30 0 L 24
31 0 U 17
32 1 L 25
33 0 L 0
34 1 L 15
35 1 U 12
36 1 L -1
37 0 L 11
38 1 L 1
39 0 L 19
40 0 U 34
41 1 L 20
42 0 U 19
43 1 L 24
44 0 L 24
45 0 U 8
46 0 U 39
47 0 U 12
48 0 U 35
49 1 U 27
50 0 U -1
51 1 U 24
52 0 L 31
53 1 U 50
54
0 1 U -1
1 1 U -1
2 1 U 0
3 1 U -1
4 1 L 2
5 1 L 1
6 0 U -1
7 0 U 4
8 0 U -1
9 0 U 2
10 0 U -1
11 1 U 10
12 0 L -1
13 1 L 2
14 0 L 8
15 0 L -1
16 0 U -1
17 0 L 9
18 1 L 9
19 0 U 0
20 0 L 1
21 1 U -1
22 1 L 9
23 1 L 21
24 0 U 4
25 0 U 22
26 0 L 22
27 0 U -1
28 0 U 16
29 0 L 17
30 0 L 24
31 0 U 17
32 1 L 25
33 0 L 0
34 1 L 15
35 1 U 12
36 1 L -1
37 1 L 19
38 1 L 1
39 0 L 19
40 1 L 26
41 1 L 38
42 0 U 19
43 1 L 21
44 0 L 9
45 0 U 8
46 0 U 39
47 0 U 30
48 0 U 35
49 1 U 27
50 0 U -1
51 0 U 26
52 0 L 31
53 1 U 50
54
0 1 L -1
1 1 U -1
2 1 U 0
3 1 U -1
4 1 L 2
5 1 L 1
6 0 U -1
7 0 U 4
8 0 U -1
9 0 U 2
10 1 U -1
11 1 U 1
12 0 L -1
13 1 L 2
14 0 L 8
15 0 L -1
16 0 U -1
17 0 L 9
18 1 L 9
19 0 U 0
20 0 L 1
21 0 U -1
22 1 L 9
23 0 L 21
24 0 U 4
25 0 U 22
26 0 L 22
27 0 U -1
28 0 U 0
29 0 L 17
30 0 L 24
31 0 U 17
32 1 L 25
33 0 L 0
34 1 L 15
35 1 U 12
36 0 L -1
37 1 L 32
38 1 L 33
39 0 L 32
40 0 U 35
41 1 L 34
42 0 U 19
43 1 L 16
44 0 L 41
45 0 U 6
46 0 L 21
47 0 U 26
48 1 L 30
49 1 U 27
50 0 U -1
51 0 U 9
52 0 L 31
53 1 U 50
54
0 1 L -1
1 1 U -1
2 1 U 0
3 1 U -1
4 0 L 1
5 1 L 1
6 0 U -1
7 0 U 4
8 0 U -1
9 0 U 2
10 0 U -1
11 1 U 10
12 0 L -1
13 1 L 2
14 0 L 7
15 0 L -1
16 0 U -1
17 0 L 9
18 1 L 10
19 0 U 0
20 0 L 15
21 0 U -1
22 1 L 9
23 1 L 21
24 0 U 4
25 0 U 22
26 1 L 22
27 0 U -1
28 0 U 8
29 1 L 17
30 0 L 24
31 0 U 19
32 0 L 25
33 0 L 0
34 1 L 15
35 1 U 30
36 0 L -1
37 1 L 18
38 1 L 33
39 0 U 31
40 1 U 32
41 1 L 7
42 0 U 17
43 1 U 15
44 0 L 29
45 0 U 8
46 0 L 36
47 0 U 39
48 1 L 30
49 1 U 27
50 0 U -1
51 0 U 12
52 0 L 31
53 1 U 50
54
0 1 U -1
1 1 U -1
2 1 U 0
3 1 U -1
4 0 L 2
5 1 L 1
6 0 U -1
7 0 U 4
8 0 U -1
9 0 U 5
10 0 U -1
11 1 U 8
12 0 L -1
13 1 L 5
14 0 U 10
15 0 L -1
16 0 U -1
17 0 L 9
18 1 L 9
19 0 U 0
20 0 L 15
21 0 U -1
22 1 L 9
23 1 L 21
24 0 U 4
25 0 U -1
26 0 L 22
27 0 U -1
28 0 U 8
29 0 L 22
30 0 L 24
31 0 U 19
32 0 L 10
33 0 L 0
34 1 L 15
35 1 U 30
36 0 L -1
37 1 L 29
38 1 L 33
39 0 U 31
40 1 U 33
41 1 L 34
42 0 U 17
43 0 U 35
44 0 L 22
45 0 U 16
46 1 L 40
47 0 U 26
48 0 L 43
49 1 U 27
50 0 U -1
51 0 U 39
52 0 L 31
53 1 U 50
54
0 1 U -1
1 1 U -1
2 1 U 0
3 1 U -1
4 0 L 1
5 1 L 1
6 0 U -1
7 0 U 4
8 0 U -1
9 0 U 5
10 1 U -1
11 1 L 8
12 0 L -1
13 1 L 1
14 0 U 0
15 0 L -1
16 0 U -1
17 0 L 9
18 1 L 9
19 0 U 0
20 0 L 1
21 1 U -1
22 1 L 9
23 1 L 21
24 0 U 4
25 0 U -1
26 1 L 22
27 0 U -1
28 0 U 8
29 1 L 18
30 0 L 24
31 0 U 19
32 0 L 9
33 0 L 0
34 1 L 15
35 0 U 30
36 0 L -1
37 1 L 32
38 1 L 5
39 0 U 12
40 1 U 33
41 0 L 10
42 0 U 2
43 0 U 35
44 0 L 24
45 0 U 6
46 0 L 0
47 0 U 26
48 0 L 43
49 1 U 27
50 0 U -1
51 0 U 26
52 0 L 31
53 1 U 50
54
0 1 U -1
1 1 U -1
2 1 U 0
3 1 U -1
4 0 L 2
5 1 L 1
6 0 U -1
7 0 U 4
8 0 U -1
9 0 U 2
10 1 U -1
11 1 L 8
12 0 L -1
13 1 L 2
14 0 U 1
15 0 L -1
16 0 U -1
17 0 L 9
18 1 L 9
19 0 U 0
20 0 L 1
21 1 U -1
22 1 L 9
23 1 L 21
24 0 U 14
25 0 U -1
26 0 L 22
27 0 U -1
28 0 U 6
29 0 L 18
30 0 L 24
31 0 U 19
32 0 L 9
33 0 L 0
34 1 L 15
35 0 U 30
36 0 L -1
37 0 L 32
38 1 L 6
39 0 U 30
40 1 U 33
41 1 L 38
42 0 U 19
43 0 U 35
44 0 L -1
45 0 U 23
46 1 U 26
47 0 U 26
48 1 L 43
49 1 U 27
50 0 U -1
51 0 U 12
52 0 L 31
53 1 U 50
54
0 1 L -1
1 1 U -1
2 1 U 0
3 1 U -1
4 0 L 2
5 1 L 1
6 0 U -1
7 0 U 4
8 0 U -1
9 0 U 4
10 0 U -1
11 1 L 8
12 0 L -1
13 1 L 12
14 0 U 10
15 0 L -1
16 0 U -1
17 0 L 9
18 1 L 9
19 0 U 0
20 0 L 15
21 1 U -1
22 1 L 9
23 1 L 21
24 0 U 4
25 0 U -1
26 1 L 22
27 0 U -1
28 0 U 6
29 0 L 18
30 0 L 24
31 0 U 17
32 0 L 14
33 0 L 17
34 1 L 15
35 0 U 12
36 1 L -1
37 0 L 29
38 1 L 6
39 0 U 9
40 0 U 35
41 0 L 14
42 0 U 2
43 0 L 35
44 0 L -1
45 0 U 0
46 0 U 42
47 0 U 26
48 1 L 43
49 1 U 27
50 0 U -1
51 0 U 29
52 1 L 12
53 1 U 50
54
0 1 U -1
1 1 U -1
2 1 U 0
3 1 U -1
4 1 L 2
5 1 L 1
6 0 U -1
7 0 U 4
8 0 U 6
9 0 U 4
10 1 U -1
11 1 L 8
12 0 L -1
13 1 L 5
14 0 U 10
15 0 L -1
16 0 U -1
17 0 L 9
18 1 L 9
19 0 U 3
20 0 L 15
21 0 U -1
22 1 L 9
23 1 L 21
24 0 U 4
25 1 U -1
26 1 L 22
27 0 U -1
28 0 U 6
29 1 L 22
30 0 L 24
31 0 U 17
32 0 L 8
33 0 L 0
34 1 L 15
35 0 U 12
36 0 L -1
37 0 U 12
38 1 L 32
39 1 U 30
40 0 U 17
41 0 L 7
42 0 U 2
43 1 L 35
44 0 L 38
45 0 U 27
46 1 U 42
47 0 U 26
48 0 L 43
49 1 U 23
50 0 U -1
51 0 U 29
52 1 L 15
53 1 U 50
54
0 1 L -1
1 1 U -1
2 1 U 0
3 1 U -1
4 0 L 2
5 1 L 1
6 1 U -1
7 0 U 4
8 0 U 6
9 0 U 4
10 0 U -1
11 1 L 8
12 0 L -1
13 1 L 12
14 0 U 10
15 0 L -1
16 0 U -1
17 0 L 9
18 1 L 9
19 0 U 8
20 0 L 15
21 0 U -1
22 1 L 9
23 1 L 21
24 0 U 14
25 0 U -1
26 1 L 22
27 0 U -1
28 0 U 0
29 0 L 22
30 0 L 24
31 0 U 17
32 0 L 7
33 0 L 0
34 1 L 1
35 0 U 12
36 0 L -1
37 0 U 26
38 1 L 32
39 0 U 30
40 1 L 0
41 0 L 7
42 0 U 2
43 0 U 35
44 1 L 43
45 0 U 23
46 1 U 20
47 0 U 26
48 0 L 45
49 1 U 23
50 0 U -1
51 0 U 47
52 1 L 15
53 1 U 50
54
0 1 U -1
1 1 U -1
2 1 U 0
3 1 U -1
4 1 L 2
5 1 L 1
6 1 U -1
7 0 U 4
8 0 U 6
9 0 U 4
10 0 U -1
11 1 L 8
12 0 L -1
13 1 L 2
14 0 U 10
15 0 L -1
16 0 U -1
17 0 L 9
18 1 L 9
19 0 U 8
20 0 L 1
21 0 U -1
22 1 L 9
23 1 L 21
24 0 U 14
25 0 U -1
26 1 L 22
27 0 U -1
28 0 U 16
29 1 L 22
30 0 L 24
31 0 U 17
32 0 L 7
33 0 L 0
34 1 L 15
35 0 U 12
36 0 L -1
37 0 U 12
38 1 L 17
39 0 U 30
40 0 L 12
41 0 L 6
42 0 U 2
43 0 U 35
44 1 L 43
45 0 U 23
46 1 U 26
47 0 U 26
48 0 L 25
49 1 U 23
50 0 U -1
51 0 U 47
52 1 L 40
53 1 U 50
54
0 1 L -1
1 1 U -1
2 1 U 0
3 1 U -1
4 0 L 2
5 1 L 1
6 1 U -1
7 0 U 4
8 0 U 1
9 0 U 5
10 0 U -1
11 1 L 8
12 1 L -1
13 0 L 12
14 0 U 10
15 0 L -1
16 0 U -1
17 0 L 9
18 1 L 9
19 0 U 3
20 0 L 1
21 0 U -1
22 1 L 9
23 1 L 21
24 0 U 14
25 0 U 6
26 1 L 22
27 1 U -1
28 0 U 0
29 1 L 22
30 0 L 24
31 0 U 19
32 0 L 11
33 0 L 0
34 0 L 15
35 0 U 26
36 0 L -1
37 0 U 26
38 1 L 18
39 0 L 5
40 0 L 33
41 0 L 39
42 0 U 2
43 1 U 35
44 1 L 43
45 0 U 3
46 0 U 26
47 0 U 26
48 1 L 25
49 1 U 27
50 0 U -1
51 0 U 47
52 1 L 40
53 1 U 50
54
0 1 L -1
1 1 U -1
2 1 U 0
3 1 U -1
4 0 L 2
5 1 L 1
6 1 U -1
7 0 U 4
8 0 U 6
9 0 U 5
10 0 U -1
11 1 L 8
12 1 L -1
13 0 L 12
14 0 U 10
15 0 L -1
16 0 U -1
17 0 L 9
18 1 L 9
19 0 U 3
20 0 L 1
21 1 U 6
22 1 L 9
23 1 L 21
24 0 U 14
25 0 U 6
26 1 L 22
27 0 U -1
28 0 U 0
29 1 L 22
30 0 L 24
31 0 U 19
32 0 L 11
33 0 L 0
34 1 L 1
35 1 U 26
36 0 L -1
37 0 U 31
38 1 L 18
39 0 L 35
40 0 L 13
41 0 L 8
42 0 U 2
43 1 U 35
44 1 L 43
45 0 U 25
46 0 U 26
47 0 U 26
48 0 L 25
49 1 U 27
50 0 U -1
51 0 U 47
52 1 L 40
53 1 U 50
54
0 1 L -1
1 1 U -1
2 1 U 0
3 1 U -1
4 0 L 2
5 1 L 1
6 1 U -1
7 0 U 4
8 0 U 1
9 0 U 4
10 0 U -1
11 1 L 8
12 1 L -1
13 0 L 12
14 0 U 10
15 0 L -1
16 0 U -1
17 0 L 9
18 1 L 9
19 0 U 3
20 0 L 1
21 1 U 6
22 1 L 9
23 1 L 21
24 0 U 4
25 0 U 6
26 1 L 22
27 1 U -1
28 0 U 21
29 1 L 22
30 0 L 24
31 0 U 19
32 0 L 6
33 0 L 0
34 1 L 1
35 1 U 30
36 0 L -1
37 0 U 31
38 1 L 10
39 0 L 35
40 0 U 34
41 0 L 6
42 0 U 2
43 0 U 15
44 1 L 1
45 0 U 21
46 0 U 13
47 0 U 26
48 0 L 25
49 1 U 27
50 0 U -1
51 0 U 39
52 1 L 5
53 1 U 50
54
0 1 U -1
1 1 U -1
2 1 U 0
3 1 U -1
4 0 L 2
5 1 L 1
6 1 U -1
7 0 U 4
8 0 U 1
9 0 U 5
10 1 U -1
11 1 L 8
12 1 L -1
13 0 L 12
14 0 U 1
15 0 L -1
16 0 U -1
17 0 L 9
18 1 L 9
19 0 U 3
20 0 L 15
21 1 U 6
22 1 L 9
23 1 L 21
24 0 U 8
25 0 U -1
26 1 L 22
27 1 U -1
28 0 U 21
29 0 L 22
30 0 L 24
31 0 U 19
32 0 L 17
33 0 L 0
34 0 L 1
35 1 U 30
36 0 L -1
37 0 U 31
38 1 L 10
39 0 L 35
40 1 L 15
41 1 L 7
42 0 U 2
43 0 U 15
44 0 L 38
45 0 U 0
46 0 U 12
47 0 U 26
48 0 L 25
49 1 U 27
50 0 U -1
51 0 U 39
52 1 L 5
53 1 U 50
54
0 1 U -1
1 1 U -1
2 1 U 0
3 1 U -1
4 0 L 2
5 1 L 1
6 1 U -1
7 0 U 2
8 0 U 0
9 0 U 5
10 1 U -1
11 1 L 8
12 1 L -1
13 1 L 2
14 0 U 1
15 0 L -1
16 0 U -1
17 0 L 9
18 1 L 9
19 0 U 3
20 0 L 15
21 0 U 6
22 1 L 9
23 1 L 21
24 0 U 8
25 0 U -1
26 1 L 22
27 1 U -1
28 0 U 0
29 1 L 22
30 0 L 24
31 0 U 19
32 0 L 17
33 0 L 0
34 1 L 1
35 1 U 30
36 0 L -1
37 0 U 31
38 1 L 17
39 0 L 35
40 0 L 2
41 0 L 34
42 0 U 2
43 0 U 15
44 0 L 38
45 0 U 0
46 0 U 9
47 0 U 26
48 0 L 25
49 1 U 27
50 0 U -1
51 0 U 47
52 0 L 41
53 1 U 50
54
0 1 L -1
1 1 U -1
2 1 U 0
3 1 U -1
4 1 L 2
5 1 L 1
6 1 U -1
7 0 U 2
8 0 U 0
9 0 U 2
10 1 U 6
11 1 L 10
12 0 L -1
13 1 L 2
14 0 U 0
15 0 L -1
16 0 U -1
17 0 L 9
18 1 L 9
19 0 U 3
20 0 L 15
21 0 U 6
22 1 L 9
23 1 L 21
24 0 U 8
25 0 U -1
26 1 L 22
27 1 U -1
28 0 U 0
29 1 L 22
30 0 L 24
31 0 U 19
32 0 L 17
33 0 L 0
34 1 L 15
35 1 U 12
36 0 L -1
37 0 U 31
38 1 L 17
39 0 L 35
40 0 L 4
41 0 L 10
42 0 U 14
43 1 U 15
44 0 L 12
45 0 U 0
46 0 U 9
47 0 U 26
48 0 L 45
49 1 U 27
50 0 U -1
51 0 U 47
52 0 L 41
53 1 U 50
54
0 1 L -1
1 1 U -1
2 1 U 0
3 1 U -1
4 0 L 2
5 1 L 1
6 1 U -1
7 0 U 2
8 0 U 0
9 0 U 5
10 1 U 6
11 1 L 10
12 0 L -1
13 1 L 1
14 0 U 3
15 0 L -1
16 0 U -1
17 0 L 9
18 1 L 9
19 0 U 3
20 0 L 15
21 0 U 6
22 1 L 9
23 1 L 21
24 0 U 8
25 1 U -1
26 1 L 22
27 0 U -1
28 1 U 21
29 1 L 22
30 0 L 24
31 0 U 19
32 0 L 26
33 0 L 0
34 1 L 15
35 1 U 12
36 0 L -1
37 0 U 31
38 1 L 17
39 1 L 35
40 1 L 9
41 0 L 34
42 0 U 14
43 0 U 40
44 0 L 2
45 0 U 21
46 0 U 9
47 0 U 42
48 0 L 43
49 1 U 23
50 0 U -1
51 0 U 29
52 0 L 41
53 1 U 50
54
0 1 U -1
1 1 U -1
2 1 U 0
3 1 U -1
4 0 L 2
5 1 L 1
6 1 U -1
7 0 U 2
8 0 U 3
9 0 U 5
10 1 U 6
11 1 L 10
12 0 L -1
13 1 L 5
14 0 U 3
15 0 L -1
16 0 U -1
17 0 L 9
18 1 L 9
19 0 U 3
20 0 L 15
21 1 U 6
22 1 L 9
23 1 L 21
24 0 U 17
25 0 U -1
26 1 L 22
27 0 U -1
28 1 U 21
29 1 L 22
30 0 L 24
31 0 U 19
32 0 L 17
33 0 L 0
34 1 L 15
35 1 U 12
36 0 L -1
37 0 U 31
38 1 L 17
39 0 L 35
40 1 L 9
41 0 L 8
42 0 U 14
43 1 U 40
44 0 L 36
45 0 U 21
46 0 U 9
47 0 U 42
48 0 L 30
49 1 U 23
50 0 U -1
51 0 U 35
52 0 L 41
53 1 U 50
54
0 1 L -1
1 1 U -1
2 1 U 0
3 1 U -1
4 1 L 2
5 1 L 1
6 1 U -1
7 0 U 2
8 0 U 3
9 0 U 2
10 1 U 6
11 1 L 10
12 0 L -1
13 1 L 1
14 0 U 10
15 0 L -1
16 0 U -1
17 0 L 9
18 1 L 9
19 0 U 3
20 0 L 15
21 0 U 6
22 1 L 9
23 1 L 21
24 0 U 4
25 1 U 6
26 1 L 22
27 0 U -1
28 0 U 0
29 1 L 22
30 0 L 24
31 0 U 19
32 0 L 17
33 0 L 0
34 1 L 15
35 1 U 12
36 0 L -1
37 0 U 24
38 1 L 26
39 1 L 35
40 1 L 11
41 1 L 34
42 0 U 19
43 0 U 39
44 0 L 12
45 0 U 21
46 0 U 9
47 0 U 13
48 1 L 30
49 1 U 23
50 0 U -1
51 0 U 47
52 0 L 41
53 1 U 50
54
0 1 U -1
1 1 U -1
2 1 U 0
3 1 U -1
4 0 L 2
5 1 L 1
6 1 U -1
7 0 U 2
8 0 U 3
9 0 U 2
10 1 U 6
11 1 L 10
12 0 L -1
13 1 L 1
14 0 U 1
15 0 L -1
16 0 U -1
17 0 L 9
18 1 L 9
19 0 U 3
20 0 L 1
21 0 U -1
22 1 L 9
23 1 L 21
24 0 U 4
25 1 U 6
26 1 L 22
27 0 U -1
28 0 U 0
29 1 L 22
30 0 L 24
31 0 U 17
32 0 L 17
33 0 L 0
34 1 L 15
35 1 U 12
36 0 L -1
37 0 U 24
38 1 L 17
39 1 L 35
40 0 L 11
41 0 L 10
42 0 U 17
43 1 U 11
44 0 L 0
45 0 U 10
46 0 U 24
47 0 U 30
48 1 L 30
49 1 U 23
50 0 U -1
51 0 U 35
52 0 L 41
53 1 U 50
54
0 1 L -1
1 1 U -1
2 1 U 0
3 1 U -1
4 0 L 2
5 1 L 1
6 1 U -1
7 0 U 2
8 0 U 3
9 0 U 5
10 1 U 6
11 1 L 8
12 0 L -1
13 1 L 5
14 0 U 10
15 0 L -1
16 0 U -1
17 0 L 9
18 1 L 9
19 0 U 3
20 0 L 15
21 1 U 6
22 1 L 9
23 1 L 21
24 0 U 4
25 0 U 6
26 1 L 22
27 0 U -1
28 0 U 0
29 1 L 16
30 0 L 24
31 0 U 17
32 0 L 18
33 0 L 0
34 1 L 15
35 1 U 30
36 0 L -1
37 0 U 24
38 1 L 17
39 1 L 35
40 0 L 0
41 0 L 10
42 0 U 17
43 0 U 11
44 0 L 0
45 0 U 25
46 0 U 26
47 0 U 26
48 1 L 45
49 1 U 27
50 0 U -1
51 0 U 35
52 0 L 41
53 1 U 50
54
0 1 L -1
1 1 U -1
2 1 U 0
3 1 U -1
4 0 L 2
5 1 L 1
6 1 U -1
7 0 U 2
8 0 U 0
9 0 U 5
10 0 U 6
11 1 L 8
12 0 L -1
13 1 L 2
14 0 U 3
15 0 L -1
16 0 U -1
17 0 L 9
18 1 L 9
19 0 U 3
20 0 L 15
21 0 U 6
22 1 L 9
23 1 L 21
24 0 U 4
25 0 U 6
26 1 L 22
27 0 U -1
28 0 U 0
29 1 L 18
30 0 L 24
31 0 U 17
32 0 L 18
33 0 L 0
34 1 L 15
35 1 U 12
36 0 L -1
37 0 U 24
38 1 L 17
39 1 L 35
40 0 L 25
41 1 L 34
42 0 U 17
43 1 L 23
44 0 L 2
45 0 U 25
46 0 U 13
47 0 U 26
48 0 L 45
49 1 U 23
50 0 U -1
51 0 U 35
52 0 L 41
53 1 U 50
54
0 1 U -1
1 1 U -1
2 1 U 0
3 1 U -1
4 1 L 2
5 0 L 2
6 1 U -1
7 0 L 1
8 0 U 0
9 0 U 4
10 0 U 6
11 1 L 10
12 0 L -1
13 1 L 2
14 0 U 6
15 0 L -1
16 0 U -1
17 0 L 9
18 1 L 9
19 0 U 3
20 0 L 1
21 1 U -1
22 1 L 9
23 1 L 21
24 0 U 8
25 0 U 6
26 1 L 22
27 0 U -1
28 0 U 10
29 0 L 18
30 0 L 24
31 0 U 19
32 0 L 18
33 1 L 11
34 0 L 15
35 1 U 12
36 0 L -1
37 0 U 24
38 1 L 18
39 1 L 35
40 0 L 20
41 1 L 10
42 0 U 17
43 1 L 28
44 1 L 12
45 0 U 3
46 0 U 30
47 0 U 26
48 0 L 45
49 1 U 27
50 0 U -1
51 0 U 29
52 0 L 41
53 1 U 50
54
0 1 U -1
1 1 U -1
2 1 U 0
3 1 U -1
4 1 L 2
5 1 L 2
6 1 U -1
7 0 L 1
8 0 U 0
9 0 U 4
10 0 U 6
11 1 L 10
12 0 L -1
13 1 L 1
14 0 U 1
15 0 L -1
16 0 U -1
17 0 L 9
18 1 L 9
19 0 U 10
20 0 L 1
21 1 U -1
22 1 L 9
23 1 L 21
24 0 U 8
25 0 U -1
26 1 L 22
27 0 U -1
28 0 U 16
29 1 L 18
30 0 L 24
31 0 U 17
32 0 L 17
33 0 L 14
34 0 L 15
35 1 U 12
36 0 L -1
37 0 U 9
38 1 L 18
39 1 L 30
40 0 L 34
41 0 L 10
42 0 U 17
43 1 L 28
44 1 L 0
45 0 U 23
46 0 U 24
47 0 U 9
48 1 L 39
49 1 U 27
50 0 U -1
51 0 U 47
52 0 L 41
53 1 U 50
54
0 1 L -1
1 1 U -1
2 1 U 0
3 1 U -1
4 0 L 2
5 1 L 1
6 1 U -1
7 0 L 2
8 0 U 0
9 0 U 4
10 1 U 6
11 1 L 10
12 0 L -1
13 1 L 12
14 0 U 1
15 0 L -1
16 0 U -1
17 0 L 9
18 1 L 9
19 0 U 0
20 0 L 15
21 1 U -1
22 1 L 9
23 1 L 21
24 0 U 8
25 0 U -1
26 1 L 22
27 0 U -1
28 0 U 16
29 1 L 18
30 0 L 24
31 0 U 17
32 0 L 26
33 1 L 11
34 0 L 15
35 1 U 12
36 0 L -1
37 0 U 9
38 1 L 17
39 1 L 30
40 0 L 20
41 1 L 34
42 0 U 17
43 1 L 28
44 1 L 43
45 0 U 10
46 0 U 24
47 0 U 24
48 0 L 39
49 1 U 23
50 0 U -1
51 0 U 37
52 0 L 0
53 1 U 50
54
0 1 L -1
1 1 U -1
2 1 U 0
3 1 U -1
4 1 L 2
5 1 L 2
6 1 U -1
7 0 U 2
8 0 U 0
9 0 U 4
10 1 U 6
11 1 L 10
12 0 L -1
13 1 L 1
14 0 U 1
15 0 L -1
16 0 U -1
17 0 L 9
18 1 L 9
19 0 U 3
20 0 L 1
21 1 U -1
22 1 L 9
23 1 L 21
24 0 U 8
25 1 U 6
26 0 L 22
27 0 U -1
28 0 U 10
29 1 L 17
30 0 L 24
31 0 U 17
32 0 L 11
33 0 L 11
34 0 L 15
35 1 U 12
36 0 L -1
37 0 U 31
38 1 L 17
39 1 L 30
40 0 L 20
41 1 L 34
42 0 U 17
43 1 L 28
44 1 L 43
45 0 U 16
46 0 U 31
47 0 U 31
48 1 L 39
49 1 U 23
50 0 U -1
51 0 U 37
52 0 L 0
53 1 U 50
54
0 1 U -1
1 1 U -1
2 1 U 0
3 1 U -1
4 1 L 2
5 0 L 2
6 1 U -1
7 0 L 2
8 0 U 3
9 0 U 4
10 0 U 6
11 1 L 10
12 0 L -1
13 1 L 12
14 0 U 6
15 0 L -1
16 0 U -1
17 0 L 9
18 0 L 9
19 0 U 3
20 0 L 1
21 0 U -1
22 1 U 18
23 1 L 21
24 0 U 8
25 1 U -1
26 1 L 22
27 0 U -1
28 1 U 10
29 1 L 16
30 0 L 24
31 0 U 17
32 0 L 11
33 0 L 9
34 0 L 1
35 1 U 30
36 0 L -1
37 0 U 31
38 1 L 17
39 1 L 30
40 0 L 20
41 0 L 34
42 0 U 17
43 0 L 28
44 1 L 43
45 0 U 23
46 0 U 12
47 0 U 31
48 1 L 39
49 1 U 23
50 0 U -1
51 0 U 37
52 0 L 0
53 1 U 50
54
0 1 U -1
1 1 U -1
2 1 U 0
3 1 U -1
4 1 L 2
5 0 L 2
6 1 U -1
7 0 L 2
8 0 U 0
9 0 U 4
10 1 U 6
11 1 L 10
12 0 L -1
13 1 L 5
14 0 U 6
15 0 L -1
16 0 U -1
17 0 L 9
18 1 L 9
19 0 U 3
20 0 L 15
21 0 U -1
22 1 U 7
23 1 L 21
24 0 U 8
25 1 U -1
26 0 L 22
27 0 U -1
28 1 U 10
29 1 L 22
30 0 L 24
31 0 U 17
32 0 L 11
33 1 L 14
34 0 L 15
35 0 U 12
36 0 L -1
37 0 U 31
38 1 L 18
39 1 L 30
40 0 L 20
41 1 L 34
42 0 U 17
43 1 L 23
44 1 L 43
45 0 U 27
46 1 U 12
47 0 U 31
48 0 L 39
49 1 U 23
50 0 U -1
51 0 U 37
52 0 L 0
53 1 U 50
54
0 1 L -1
1 1 U -1
2 1 U 0
3 1 U -1
4 1 L 2
5 0 L 2
6 1 U -1
7 0 L 2
8 0 U 0
9 0 U 4
10 0 U 6
11 1 L 10
12 0 L -1
13 1 L 5
14 0 U 1
15 0 L -1
16 0 U -1
17 0 L 9
18 1 L 9
19 0 U 3
20 0 L 15
21 0 U -1
22 1 U 7
23 1 L 21
24 0 U 4
25 1 U 6
26 0 L 22
27 0 U -1
28 0 U 16
29 1 L 22
30 0 L 24
31 0 U 19
32 0 L 11
33 1 L 14
34 0 L 15
35 1 U 30
36 0 L -1
37 0 U 13
38 1 L 18
39 1 L 37
40 0 L 13
41 1 L 34
42 0 U 17
43 0 L 23
44 1 L 43
45 0 U 27
46 0 U 31
47 0 U 30
48 0 L 39
49 1 U 23
50 0 U -1
51 0 U 47
52 0 L 36
53 1 U 50
54
0 1 U -1
1 1 U -1
2 1 U 0
3 1 U -1
4 1 L 2
5 0 L 2
6 1 U -1
7 0 L 2
8 0 U 3
9 0 U 4
10 0 U 6
11 1 L 10
12 0 L -1
13 1 L 5
14 0 U 1
15 0 L -1
16 0 U -1
17 0 L 9
18 0 L 9
19 0 U 0
20 0 L 1
21 1 U -1
22 1 U 7
23 1 L 21
24 0 U 4
25 1 U 6
26 0 L 22
27 0 U -1
28 0 U 10
29 1 L 22
30 0 L 24
31 0 U 17
32 0 L 11
33 0 L 14
34 0 L 15
35 1 U 13
36 0 L -1
37 0 U 30
38 1 L 16
39 1 L 37
40 1 U 9
41 1 L 34
42 0 U 17
43 0 L 28
44 1 L 43
45 0 U 27
46 0 U 24
47 0 U 12
48 1 L 39
49 1 U 23
50 0 U -1
51 0 U 47
52 0 L 36
53 1 U 50
54
0 1 U -1
1 1 U -1
2 1 U 0
3 1 U -1
4 0 L 2
5 0 L 1
6 1 U -1
7 0 L 2
8 0 U 3
9 0 U 4
10 0 U 6
11 1 L 10
12 0 L -1
13 1 L 12
14 0 U 6
15 0 L -1
16 0 U -1
17 0 L 9
18 0 L 9
19 0 U 3
20 0 L 1
21 1 U -1
22 1 U 18
23 1 L 21
24 0 U 4
25 1 U 6
26 1 L 22
27 0 U -1
28 0 U 10
29 1 L 22
30 0 L 24
31 0 U 17
32 0 L 11
33 0 L 11
34 0 L 15
35 1 U 13
36 0 L -1
37 0 U 30
38 1 L 16
39 1 L 37
40 1 U 9
41 0 L 34
42 0 U 17
43 0 L 28
44 1 L 43
45 0 U 27
46 0 U 9
47 0 U 24
48 1 L 39
49 1 U 23
50 0 U -1
51 0 U 47
52 0 L 36
53 1 U 50
54
0 1 U -1
1 1 U -1
2 1 U 0
3 1 U -1
4 1 L 2
5 0 L 2
6 1 U -1
7 0 L 1
8 0 U 3
9 0 U 4
10 1 U 6
11 1 L 10
12 0 L -1
13 1 L 12
14 0 U 1
15 0 L -1
16 0 U -1
17 0 L 9
18 0 L 9
19 0 U 3
20 0 L 15
21 0 U -1
22 1 U 18
23 1 L 21
24 0 U 4
25 0 U -1
26 0 L 22
27 0 U -1
28 0 U 16
29 0 L 22
30 0 L 24
31 0 U 8
32 0 L 11
33 1 L 11
34 0 L 15
35 1 U 13
36 0 L -1
37 0 U 12
38 1 L 33
39 1 L 37
40 1 U 31
41 0 L 34
42 0 U 17
43 1 L 28
44 1 L 38
45 0 U 10
46 0 U 24
47 0 U 9
48 1 L 39
49 1 U 23
50 0 U -1
51 0 U 37
52 0 L 36
53 1 U 50
54
0 1 L -1
1 1 U -1
2 1 U 0
3 1 U -1
4 1 L 2
5 0 L 1
6 1 U -1
7 0 L 1
8 0 U 3
9 0 U 4
10 1 U 6
11 1 L 10
12 0 L -1
13 1 L 1
14 0 U 1
15 0 L -1
16 0 U -1
17 0 L 9
18 0 L 9
19 0 U 3
20 0 L 15
21 0 U -1
22 1 U 18
23 1 L 21
24 0 U 17
25 0 U -1
26 0 L 22
27 0 U -1
28 0 U 0
29 0 L 22
30 0 L 24
31 0 U 8
32 0 L 9
33 1 L 11
34 0 L 1
35 1 U 13
36 0 L -1
37 0 U 30
38 1 L 17
39 1 L 37
40 1 U 24
41 1 L 34
42 0 U 17
43 1 L 28
44 0 L 23
45 0 U 3
46 1 U 24
47 0 U 30
48 0 L 39
49 1 U 23
50 0 U -1
51 0 U 37
52 0 L 36
53 1 U 50
54
0 1 L -1
1 1 U -1
2 1 U 0
3 1 U -1
4 1 L 2
5 0 L 1
6 1 U -1
7 0 L 2
8 0 U 3
9 0 U 4
10 1 U 6
11 1 L 10
12 0 L -1
13 1 L 1
14 0 U 6
15 0 L -1
16 0 U -1
17 0 L 9
18 0 L 9
19 0 U 3
20 0 L 15
21 1 U -1
22 1 U 18
23 1 L 21
24 0 U 17
25 0 U -1
26 0 L 22
27 0 U -1
28 0 U 0
29 1 L 22
30 0 L 24
31 0 U 19
32 0 L 9
33 1 L 11
34 0 L 1
35 1 U 24
36 0 L -1
37 0 U 24
38 1 L 17
39 1 L 37
40 1 U 12
41 0 L 34
42 0 U 17
43 1 L 38
44 0 L 23
45 0 U 0
46 0 U 24
47 0 U 30
48 1 L 39
49 1 U 23
50 0 U -1
51 0 U 37
52 0 L 36
53 1 U 50
54
0 1 L -1
1 1 U -1
2 1 U 0
3 1 U -1
4 0 L 2
5 0 L 1
6 1 U -1
7 0 L 2
8 0 U 3
9 0 U 4
10 1 U 6
11 1 L 10
12 0 L -1
13 1 L 12
14 0 U 6
15 0 L -1
16 0 U -1
17 0 L 9
18 0 L 9
19 0 U 3
20 0 L 1
21 1 U 6
22 1 U 7
23 1 L 21
24 0 U 4
25 1 U -1
26 0 L 22
27 0 U -1
28 0 U 0
29 1 L 22
30 0 L 24
31 0 U 8
32 0 L 9
33 1 L 14
34 0 L 1
35 1 U 12
36 0 L -1
37 0 U 12
38 1 L 17
39 1 U 30
40 1 U 30
41 1 L 34
42 0 U 17
43 1 L 38
44 0 L 28
45 0 U 16
46 1 U 31
47 0 U 30
48 1 L 39
49 1 U 23
50 0 U -1
51 0 U 22
52 0 L 36
53 1 U 50
54
0 1 L -1
1 1 U -1
2 1 U 0
3 1 U -1
4 1 L 2
5 0 L 1
6 1 U -1
7 0 L 2
8 0 U 3
9 0 U 4
10 0 U 6
11 1 L 10
12 0 L -1
13 1 L 12
14 0 U 1
15 0 L -1
16 0 U -1
17 0 L 9
18 0 L 9
19 0 U 10
20 0 L 1
21 0 U -1
22 1 U 7
23 1 L 21
24 0 U 4
25 0 U 6
26 1 L 22
27 1 U -1
28 0 U 0
29 1 L 22
30 0 L 24
31 0 U 8
32 0 L 9
33 0 L 9
34 0 L 1
35 1 U 12
36 0 L -1
37 0 U 12
38 1 L 17
39 1 U 30
40 0 U -1
41 0 L 34
42 0 U 8
43 0 L 38
44 0 L 38
45 0 U 16
46 1 U 24
47 0 U 9
48 1 L 39
49 1 U 27
50 0 U -1
51 0 U 22
52 0 L 36
53 1 U 50
54
0 1 U -1
1 1 U -1
2 1 U 0
3 1 U -1
4 0 L 2
5 0 L 1
6 1 U -1
7 0 L 2
8 0 U 3
9 0 U 4
10 0 U 6
11 1 L 7
12 0 L -1
13 1 L 2
14 0 U 6
15 0 L -1
16 0 U -1
17 0 L 9
18 0 L 9
19 0 U 10
20 0 L 1
21 0 U -1
22 1 U 18
23 1 L 21
24 0 U 4
25 0 U 6
26 0 L 22
27 0 U -1
28 0 U 0
29 0 L 22
30 0 L 24
31 0 U 19
32 0 L 9
33 1 L 9
34 0 L 1
35 1 U 12
36 0 L -1
37 0 U 12
38 1 L 17
39 1 L 30
40 0 U 31
41 0 L 34
42 0 U 8
43 0 L 23
44 0 L 23
45 0 U 16
46 0 L 39
47 0 U 12
48 0 L 39
49 1 U 27
50 0 U -1
51 0 U 22
52 0 L 36
53 1 U 50
54
0 1 L -1
1 1 U -1
2 1 U 0
3 1 U -1
4 0 L 2
5 0 L 1
6 1 U -1
7 0 L 2
8 0 U 3
9 0 U 4
10 0 U 6
11 1 L 7
12 0 L -1
13 1 L 12
14 0 U 6
15 0 L -1
16 0 U -1
17 0 L 9
18 0 L 9
19 0 U 10
20 0 L 4
21 1 U -1
22 1 U 18
23 1 L 21
24 0 U 4
25 1 U 6
26 1 L 22
27 0 U -1
28 0 U 0
29 0 L 22
30 0 L 24
31 0 U 19
32 0 L 9
33 0 L 8
34 0 L 15
35 0 U 12
36 0 L -1
37 0 U 12
38 1 L 17
39 1 U 12
40 1 U 24
41 1 L 34
42 0 U 8
43 0 L 23
44 0 L 41
45 0 U 23
46 1 U 9
47 0 U 30
48 0 L 39
49 1 U 27
50 0 U -1
51 0 U 22
52 0 L 36
53 1 U 50
54
0 1 L -1
1 1 U -1
2 1 U 0
3 1 U -1
4 1 L 2
5 0 L 2
6 1 U -1
7 0 L 2
8 0 U 3
9 0 U 4
10 1 U 6
11 1 L 10
12 0 L -1
13 1 L 1
14 0 U 1
15 0 L -1
16 0 U -1
17 0 L 9
18 0 L 9
19 0 U 0
20 0 L 15
21 1 U -1
22 1 U 18
23 1 L 21
24 0 U 4
25 0 U 6
26 0 L 22
27 0 U -1
28 0 U 10
29 1 L 22
30 0 L 24
31 0 U 8
32 0 L 9
33 0 L 11
34 0 L 15
35 0 U 24
36 0 L -1
37 0 U 12
38 1 L 16
39 1 U 13
40 1 U 13
41 1 L 34
42 0 U 8
43 0 L 28
44 0 L 39
45 0 U 10
46 1 U 9
47 0 U 30
48 0 L 30
49 1 U 27
50 0 U -1
51 0 U 22
52 0 L 0
53 1 U 50
54
0 1 L -1
1 1 U -1
2 1 U 0
3 1 U -1
4 0 L 2
5 0 L 1
6 1 U -1
7 0 L 1
8 0 U 3
9 0 U 4
10 1 U 6
11 1 L 10
12 0 L -1
13 1 L 1
14 0 U 1
15 0 L -1
16 0 U -1
17 0 L 9
18 0 L 9
19 0 U 16
20 0 L 15
21 0 U -1
22 1 U 18
23 1 L 21
24 0 U 14
25 0 U -1
26 1 L 22
27 1 U -1
28 0 U 27
29 0 L 22
30 0 L 24
31 0 U 8
32 0 L 11
33 0 L 9
34 0 L 1
35 0 U 31
36 0 L -1
37 0 U 12
38 1 L 16
39 1 U 12
40 1 U 13
41 1 L 34
42 0 U 8
43 0 L 28
44 0 L 39
45 0 U 10
46 1 U 12
47 0 U 31
48 0 L 30
49 1 U 27
50 0 U -1
51 0 U 22
52 0 L 0
53 1 U 50
54
0 1 L -1
1 1 U -1
2 1 U 0
3 1 U -1
4 0 L 2
5 0 L 2
6 1 U -1
7 0 L 2
8 0 U 3
9 0 U 4
10 1 U 6
11 1 L 7
12 0 L -1
13 1 L 12
14 0 U 1
15 0 L -1
16 0 U -1
17 0 L 9
18 0 L 9
19 0 U 3
20 0 L 13
21 0 U -1
22 1 U 18
23 0 L 21
24 0 U 14
25 0 U -1
26 1 L 22
27 1 U -1
28 0 U 27
29 0 L 22
30 0 L 24
31 0 U 8
32 0 L 9
33 0 L 11
34 0 L 1
35 0 U 31
36 0 L -1
37 0 U 12
38 1 L 17
39 1 U 20
40 1 U 13
41 0 L 34
42 0 U 8
43 0 L 38
44 0 L 39
45 0 U 10
46 0 U 12
47 0 U 31
48 0 L 25
49 1 U 27
50 0 U -1
51 0 U 47
52 0 L 0
53 1 U 50
54
0 1 L -1
1 1 U -1
2 1 U 0
3 1 U -1
4 0 L 2
5 0 L 1
6 1 U -1
7 0 L 2
8 0 U 3
9 0 U 4
10 1 U 6
11 1 L 7
12 0 L -1
13 1 L 2
14 0 U 1
15 0 L -1
16 0 U -1
17 0 L 9
18 0 L 9
19 0 U 3
20 0 U 13
21 1 U -1
22 1 U 18
23 0 L 21
24 0 U 14
25 0 U -1
26 1 L 22
27 1 U -1
28 0 U 27
29 1 L 22
30 0 L 24
31 0 U 8
32 0 L 9
33 0 L 11
34 0 L 1
35 0 U 31
36 1 L -1
37 0 U 31
38 1 L 17
39 1 U 29
40 1 U 13
41 0 L 34
42 0 U 8
43 1 L 6
44 0 L 39
45 0 U 10
46 0 U 12
47 0 U 31
48 0 L 25
49 1 U 27
50 0 U -1
51 0 U 47
52 0 L 28
53 1 U 50
54
0 1 L -1
1 1 U -1
2 1 U 0
3 1 U -1
4 0 L 2
5 0 L 2
6 1 U -1
7 0 L 2
8 0 U 3
9 0 U 4
10 1 U 6
11 1 L 7
12 0 L -1
13 1 L 12
14 0 U 1
15 0 L -1
16 0 U -1
17 0 L 9
18 0 L 9
19 0 U 3
20 0 U 13
21 0 U -1
22 1 U 18
23 0 L 21
24 0 U 14
25 0 U -1
26 1 L 22
27 1 U -1
28 0 U 27
29 0 L 22
30 0 L 24
31 0 U 8
32 0 L 9
33 0 L 10
34 0 L 1
35 0 U 31
36 1 L -1
37 0 U 13
38 1 L 17
39 1 U 29
40 1 U 13
41 0 L 34
42 0 U 19
43 1 L 11
44 0 L -1
45 0 U 10
46 0 U 12
47 0 U 11
48 0 L 40
49 1 U 27
50 0 U -1
51 0 U 22
52 0 L 28
53 1 U 50
54
0 1 L -1
1 1 U -1
2 1 U 0
3 1 U -1
4 0 L 2
5 1 L 1
6 1 U -1
7 0 L 2
8 0 U 3
9 0 U 4
10 1 U 6
11 1 L 7
12 0 L -1
13 1 L 2
14 0 U 1
15 0 L -1
16 1 U -1
17 0 L 9
18 1 L 9
19 0 U 3
20 0 L 13
21 1 U -1
22 1 U 18
23 1 L 21
24 0 U 14
25 0 U -1
26 0 L 22
27 1 U -1
28 0 U 27
29 1 L 22
30 0 L 24
31 0 U 8
32 0 L 9
33 0 L 11
34 0 L 15
35 0 U 31
36 1 L -1
37 0 U 13
38 1 L 17
39 1 U 29
40 1 U 13
41 0 L 34
42 0 U 19
43 0 L 9
44 0 L -1
45 0 U 10
46 0 U 12
47 0 U 31
48 1 U 40
49 1 U 27
50 0 U -1
51 1 U 33
52 0 L 38
53 1 U 50
54
0 1 U -1
1 1 U -1
2 1 U 0
3 1 U -1
4 0 L 2
5 1 L 2
6 1 U -1
7 0 L 2
8 0 U 3
9 0 U 4
10 1 U 6
11 1 L 7
12 0 L -1
13 1 L 12
14 0 U 1
15 0 L -1
16 1 U -1
17 0 L 9
18 1 L 9
19 0 U 3
20 0 L 13
21 1 U -1
22 1 U 2
23 1 L 21
24 0 U 14
25 0 U -1
26 0 L 22
27 1 U -1
28 0 U 27
29 1 L 22
30 0 L 24
31 0 U 8
32 0 L 9
33 0 L 8
34 0 L 1
35 0 U 31
36 1 L -1
37 0 U 31
38 1 L 18
39 1 U 29
40 1 U 13
41 1 L 34
42 0 U 8
43 0 L 9
44 0 L -1
45 0 U 10
46 0 U 12
47 0 U 31
48 1 U 40
49 1 U 27
50 0 U -1
51 1 U 35
52 0 L 28
53 1 U 50
54
0 1 L -1
1 1 U -1
2 1 U 0
3 1 U -1
4 0 L 2
5 1 L 2
6 1 U -1
7 0 L 2
8 0 U 3
9 0 U 4
10 0 U 6
11 1 L 7
12 0 L -1
13 1 L 12
14 0 U 1
15 0 L -1
16 1 U -1
17 0 L 9
18 1 L 9
19 0 U 0
20 0 L 4
21 1 U -1
22 1 U 5
23 1 L 21
24 0 U 14
25 1 U -1
26 1 L 22
27 1 U -1
28 1 U 27
29 1 L 22
30 0 L 24
31 0 U 8
32 0 L 9
33 1 L 10
34 0 L 15
35 0 U 31
36 1 L -1
37 0 U 12
38 1 L 18
39 1 U 13
40 1 U 31
41 1 L 34
42 0 U 8
43 0 L 9
44 0 L -1
45 0 U 27
46 1 U 11
47 0 U 31
48 0 L 40
49 1 U 27
50 0 U -1
51 0 U 47
52 0 L 23
53 1 U 50
54
0 1 U -1
1 1 U -1
2 1 U 0
3 1 U -1
4 0 L 2
5 1 L 1
6 1 U -1
7 0 L 2
8 0 U 3
9 0 U 4
10 0 U 6
11 1 L 7
12 0 L -1
13 1 L 12
14 0 U 1
15 0 L -1
16 0 U -1
17 0 L 9
18 1 L 1
19 0 U 16
20 0 L 4
21 1 U -1
22 1 U 8
23 1 L 21
24 0 U 14
25 0 U -1
26 0 L 22
27 1 U -1
28 0 U 27
29 0 L 22
30 0 L 24
31 0 U 8
32 0 L 9
33 0 L 11
34 0 L 1
35 0 U 31
36 1 L -1
37 0 U 12
38 1 L 16
39 1 U 31
40 1 U 13
41 1 L 34
42 0 U 8
43 0 L 9
44 0 L -1
45 0 U 27
46 0 U 11
47 0 U 31
48 0 L 30
49 1 U 27
50 0 U -1
51 0 U 29
52 0 L 23
53 1 U 50
54
0 1 U -1
1 1 U -1
2 1 U 0
3 1 U -1
4 0 L 2
5 0 L 2
6 1 U -1
7 0 L 2
8 0 U 3
9 0 U 4
10 0 U 6
11 1 L 7
12 0 L -1
13 1 L 2
14 0 U 1
15 0 L -1
16 0 U -1
17 0 L 9
18 1 L 1
19 0 U 3
20 0 L 7
21 1 U -1
22 1 U 2
23 1 L 21
24 0 U 14
25 0 U -1
26 1 L 22
27 1 U -1
28 0 U 27
29 1 L 22
30 0 L 24
31 0 U 8
32 0 L 9
33 0 L 11
34 0 L 1
35 0 U 31
36 1 L -1
37 0 U 12
38 1 L 16
39 1 U 31
40 1 U 13
41 1 L 34
42 0 U 8
43 0 L 9
44 0 L -1
45 0 U 27
46 0 U 11
47 0 U 31
48 1 L 30
49 1 U 27
50 0 U -1
51 0 U 29
52 1 L 23
53 1 U 50
54
0 1 L -1
1 1 U -1
2 1 U 0
3 1 U -1
4 0 L 2
5 0 L 1
6 1 U -1
7 0 L 2
8 0 U 3
9 0 U 4
10 1 U 6
11 1 L 7
12 0 L -1
13 1 L 2
14 0 U 1
15 0 L -1
16 1 U -1
17 0 L 9
18 1 L 15
19 0 U 3
20 0 L 7
21 0 U -1
22 1 U 2
23 1 L 21
24 0 U 14
25 1 U 6
26 0 L 22
27 1 U -1
28 0 U 27
29 1 L 22
30 0 L 24
31 0 U 8
32 0 L 20
33 0 L 11
34 0 L 15
35 0 U 31
36 1 L -1
37 0 U 31
38 1 L 16
39 1 U 18
40 0 U 11
41 0 L 34
42 0 U 19
43 0 L 9
44 0 L -1
45 0 U 10
46 1 U 13
47 0 U 31
48 0 L 30
49 1 U 27
50 0 U -1
51 0 U 29
52 0 L 23
53 1 U 50
54
0 1 U -1
1 1 U -1
2 1 U 0
3 1 U -1
4 0 L 2
5 1 L 2
6 1 U -1
7 0 L 2
8 0 U 3
9 0 U 4
10 1 U 6
11 1 L 7
12 0 L -1
13 1 L 2
14 0 U 1
15 0 L -1
16 0 U -1
17 0 L 9
18 1 L 15
19 0 U 3
20 0 L 7
21 1 U -1
22 1 U 5
23 1 L 21
24 0 U 14
25 1 U -1
26 1 L 22
27 1 U -1
28 0 U 27
29 0 L 22
30 0 L 24
31 0 U 8
32 0 L 20
33 0 L 11
34 0 L 1
35 0 U 31
36 1 L -1
37 0 U 11
38 1 L 16
39 1 U 18
40 1 U 20
41 0 L 34
42 0 U 8
43 0 L 20
44 0 L -1
45 0 U 10
46 0 U 13
47 0 U 31
48 1 L 40
49 1 U 27
50 0 U -1
51 0 U 29
52 0 L 23
53 1 U 50
54
0 1 U -1
1 1 U -1
2 1 U 0
3 1 U -1
4 0 L 2
5 1 L 2
6 1 U -1
7 0 L 2
8 0 U 3
9 0 U 4
10 1 U 6
11 1 L 7
12 0 L -1
13 1 L 12
14 0 U 1
15 0 L -1
16 0 U -1
17 0 L 9
18 1 L 5
19 0 U 10
20 0 L 7
21 1 U -1
22 1 U 8
23 1 L 21
24 0 U 14
25 1 U 6
26 1 L 22
27 1 U -1
28 0 U 27
29 0 L 22
30 0 L 24
31 0 U 8
32 0 L 9
33 0 L 8
34 0 L 5
35 0 U 31
36 1 L -1
37 0 U 12
38 1 L 17
39 1 U 20
40 1 U 20
41 1 L 34
42 0 U 8
43 1 L 9
44 0 L -1
45 0 U 10
46 0 U 13
47 0 U 31
48 1 L 40
49 1 U 27
50 0 U -1
51 0 U 29
52 0 L 23
53 1 U 50
54
0 1 U -1
1 1 U -1
2 1 U 0
3 1 U -1
4 0 L 2
5 1 L 2
6 1 U -1
7 0 L 2
8 0 U 3
9 0 U 4
10 1 U 6
11 1 L 7
12 0 L -1
13 1 L 12
14 0 U 1
15 0 L -1
16 1 U -1
17 0 L 9
18 1 L 1
19 0 U 0
20 0 L 7
21 0 U -1
22 1 U 8
23 1 L 21
24 0 U 14
25 1 U 6
26 0 L 22
27 1 U -1
28 0 U 27
29 1 L 22
30 0 L 24
31 0 U 8
32 0 L 9
33 0 L 8
34 0 L 5
35 0 U 11
36 1 L -1
37 0 U 13
38 1 L 17
39 1 U 13
40 1 U 20
41 1 L 34
42 0 U 8
43 1 L 41
44 0 L -1
45 0 U 10
46 0 U 22
47 0 U 31
48 1 L 40
49 1 U 27
50 0 U -1
51 0 U 47
52 1 L 28
53 1 U 50
54
0 1 L -1
1 1 U -1
2 1 U 0
3 1 U -1
4 0 L 2
5 0 L 2
6 1 U -1
7 0 L 2
8 0 U 3
9 0 U 4
10 0 U 6
11 1 L 7
12 0 L -1
13 1 L 12
14 0 U 1
15 0 L -1
16 1 U -1
17 0 L 9
18 1 L 1
19 0 U 10
20 0 L 13
21 1 U -1
22 1 U 19
23 1 L 21
24 0 U 17
25 1 U -1
26 1 L 22
27 1 U -1
28 0 U 27
29 0 L 22
30 0 L 24
31 0 U 8
32 0 L 9
33 0 L 8
34 0 L 5
35 0 U 31
36 1 L -1
37 0 U 11
38 1 L 17
39 1 U 13
40 1 U 13
41 0 L 8
42 0 U 8
43 0 L 41
44 0 L -1
45 0 U 27
46 1 U 11
47 0 U 12
48 0 L 40
49 1 U 27
50 0 U -1
51 0 U 47
52 1 L 28
53 1 U 50
54
0 1 L -1
1 1 U -1
2 1 U 0
3 1 U -1
4 0 L 2
5 0 L 2
6 1 U -1
7 0 L 2
8 0 U 3
9 0 U 4
10 0 U 6
11 1 L 7
12 0 L -1
13 1 L 2
14 0 U 1
15 0 L -1
16 1 U -1
17 0 L 9
18 1 L 1
19 0 U 10
20 0 L 13
21 1 U -1
22 1 U 19
23 1 L 21
24 0 U 17
25 1 U -1
26 1 L 22
27 1 U -1
28 0 U 27
29 0 L 22
30 0 L 24
31 0 U 8
32 0 L 9
33 0 L 8
34 1 L 15
35 1 U 31
36 1 L -1
37 0 U 18
38 1 L 17
39 1 U 13
40 1 U 22
41 1 L 8
42 0 U 8
43 0 L 41
44 0 L 1
45 0 U 27
46 1 U 12
47 0 U 12
48 0 L 45
49 1 U 27
50 0 U -1
51 0 U 47
52 1 L 28
53 1 U 50
54
0 1 L -1
1 1 U -1
2 1 U 0
3 1 U -1
4 0 L 2
5 1 L 2
6 1 U -1
7 0 L 2
8 0 U 3
9 0 U 4
10 1 U 6
11 1 L 7
12 0 L -1
13 1 L 12
14 0 U 6
15 0 L -1
16 1 U -1
17 0 L 9
18 1 L 1
19 0 U 10
20 0 L 13
21 0 U -1
22 1 U 4
23 1 L 21
24 0 U 17
25 0 U -1
26 1 L 22
27 0 U -1
28 0 U 10
29 0 L 22
30 0 L 24
31 0 U 8
32 0 L 9
33 0 L 8
34 1 L 15
35 1 U 13
36 1 L -1
37 0 U 13
38 1 L 17
39 1 U 30
40 1 U 11
41 1 L 34
42 0 U 8
43 0 L 41
44 0 L 1
45 0 U 0
46 1 U 13
47 0 U 12
48 0 L 39
49 1 U 27
50 0 U -1
51 0 U 47
52 1 L 28
53 1 U 50
54
0 1 U -1
1 1 U -1
2 1 U 0
3 1 U -1
4 0 L 2
5 1 L 2
6 1 U -1
7 0 L 2
8 0 U 3
9 0 U 4
10 1 U 6
11 1 L 7
12 0 L -1
13 1 L 12
14 0 U 6
15 0 L -1
16 1 U -1
17 0 L 9
18 1 L 15
19 0 U 10
20 0 L 7
21 1 U -1
22 1 U 2
23 1 L 21
24 0 U 17
25 0 U -1
26 1 L 22
27 0 U -1
28 0 U 10
29 1 L 22
30 0 L 24
31 0 U 8
32 0 L 9
33 0 L 8
34 1 L 15
35 1 U 13
36 1 L -1
37 0 U 11
38 1 L 17
39 1 U 29
40 1 U 30
41 0 L 8
42 0 U 8
43 0 L 41
44 0 L 38
45 0 U 0
46 0 U 31
47 0 U 31
48 0 L 39
49 1 U 23
50 0 U -1
51 0 U 47
52 1 L 28
53 1 U 50
54
0 1 L -1
1 1 U -1
2 1 U 0
3 1 U -1
4 0 L 2
5 0 L 2
6 1 U -1
7 0 L 2
8 0 U 3
9 0 U 4
10 1 U 6
11 1 L 7
12 1 L -1
13 1 L 2
14 0 U 6
15 0 L -1
16 1 U -1
17 0 L 9
18 0 L 5
19 0 U 10
20 0 L 7
21 1 U -1
22 1 U 2
23 1 L 21
24 0 U 17
25 0 U -1
26 1 L 22
27 1 U -1
28 0 U 10
29 0 L 22
30 0 L 24
31 0 U 8
32 0 L 9
33 0 L 8
34 1 L 15
35 1 U 30
36 1 L -1
37 0 U 30
38 1 L 17
39 1 U 22
40 1 U 13
41 0 L 34
42 0 U 8
43 0 L 41
44 0 L 38
45 0 U 0
46 0 U 31
47 0 U 31
48 0 L 39
49 1 U 27
50 0 U -1
51 0 U 18
52 1 L 28
53 1 U 50
54
0 1 U -1
1 1 U -1
2 1 U 0
3 1 U -1
4 0 L 2
5 0 L 2
6 1 U -1
7 0 L 2
8 0 U 3
9 0 U 4
10 1 U 6
11 1 L 7
12 0 L -1
13 1 L 12
14 0 U 1
15 0 L -1
16 1 U -1
17 0 L 9
18 0 L 5
19 0 U 3
20 0 L 4
21 0 U -1
22 1 U 5
23 1 L 21
24 0 U 17
25 1 U -1
26 0 L 22
27 0 U -1
28 0 U 10
29 0 L 22
30 0 L 24
31 0 U 8
32 0 L 9
33 0 L 8
34 1 L 15
35 1 U 11
36 1 L -1
37 0 U 30
38 1 L 17
39 1 U 30
40 1 U 11
41 0 L 10
42 0 U 8
43 0 L 41
44 0 L 38
45 0 U 10
46 0 U 12
47 0 U 30
48 1 L 45
49 1 U 27
50 0 U -1
51 0 U 18
52 1 L 38
53 1 U 50
54
0 1 U -1
1 1 U -1
2 1 U 0
3 1 U -1
4 0 L 2
5 0 L 2
6 1 U -1
7 0 L 2
8 0 U 3
9 0 U 4
10 1 U 6
11 1 L 7
12 0 L -1
13 1 L 12
14 0 U 1
15 0 L -1
16 1 U -1
17 0 L 9
18 0 L 5
19 0 U 3
20 0 L 7
21 0 U -1
22 1 U 5
23 1 L 21
24 0 U 17
25 0 U 6
26 0 L 22
27 1 U -1
28 0 U 10
29 0 L 22
30 0 L 24
31 0 U 8
32 0 L 9
33 0 L 11
34 1 L 15
35 1 U 13
36 0 L -1
37 0 U -1
38 1 L 17
39 0 U 30
40 1 U 31
41 0 L 8
42 0 U 8
43 0 L 41
44 0 L 22
45 0 U 0
46 1 U 22
47 0 U 12
48 0 L 46
49 1 U 27
50 0 U -1
51 0 U 47
52 1 L 23
53 1 U 50
54
0 1 U -1
1 1 U -1
2 1 U 0
3 1 U -1
4 0 L 2
5 0 L 2
6 1 U -1
7 0 L 2
8 0 U 3
9 0 U 4
10 1 U 6
11 1 L 7
12 0 L -1
13 1 L 2
14 0 U 1
15 0 L -1
16 1 U -1
17 0 L 9
18 1 L 5
19 0 U 3
20 0 L 18
21 0 U -1
22 1 U 5
23 1 L 21
24 0 U 17
25 0 U 6
26 0 L 22
27 1 U -1
28 0 U 10
29 0 L 22
30 0 L 24
31 0 U 19
32 0 L 11
33 0 L 0
34 1 L 15
35 1 U 13
36 0 L -1
37 0 U -1
38 1 L 17
39 0 U 38
40 1 L 27
41 0 L 10
42 0 U 19
43 0 L 41
44 0 L 4
45 0 U 0
46 1 U 29
47 0 U 12
48 1 L 46
49 1 U 27
50 0 U -1
51 0 U 47
52 1 L 23
53 1 U 50
54
0 1 U -1
1 1 U -1
2 1 U 0
3 1 U -1
4 0 L 2
5 0 L 2
6 1 U -1
7 0 L 2
8 0 U 0
9 0 U 4
10 1 U 6
11 1 L 7
12 0 L -1
13 1 L 2
14 0 U 1
15 0 L -1
16 1 U -1
17 0 L 9
18 0 L 5
19 0 U 3
20 0 L 18
21 1 U -1
22 1 U 5
23 1 L 21
24 0 U 17
25 0 U -1
26 1 L 22
27 1 U -1
28 0 U 10
29 1 L 22
30 0 L 24
31 0 U 19
32 0 L 6
33 0 L 0
34 1 L 15
35 1 U 13
36 0 L -1
37 0 U -1
38 1 L 17
39 1 U 31
40 1 L 27
41 0 L 10
42 0 U 19
43 0 L 41
44 0 L 32
45 0 U 10
46 0 U 22
47 0 U 12
48 0 L 46
49 1 U 27
50 0 U -1
51 0 U 47
52 0 L 38
53 1 U 50
54
0 1 L -1
1 1 U -1
2 1 U 0
3 1 U -1
4 0 L 2
5 0 L 1
6 1 U -1
7 0 L 2
8 0 U 0
9 0 U 4
10 1 U 6
11 1 L 7
12 0 L -1
13 1 L 12
14 0 U 1
15 0 L -1
16 0 U -1
17 0 L 9
18 1 L 1
19 0 U 3
20 0 U 12
21 1 U -1
22 1 U 2
23 1 L 21
24 0 U 14
25 0 U -1
26 0 L 22
27 1 U -1
28 0 U 10
29 0 L 22
30 0 L 24
31 0 U 19
32 0 L 6
33 0 L 0
34 1 L 15
35 1 U 13
36 0 L -1
37 0 U -1
38 1 L 17
39 0 U 31
40 0 L 35
41 0 L 10
42 0 U 19
43 0 L 41
44 0 L 28
45 0 U 27
46 1 U 18
47 0 U 31
48 0 L 46
49 1 U 27
50 0 U -1
51 0 U 31
52 1 L 48
53 1 U 50
54
0 1 L -1
1 1 U -1
2 1 U 0
3 1 U -1
4 0 L 2
5 0 L 2
6 1 U -1
7 0 L 2
8 0 U 0
9 0 U 4
10 1 U 6
11 1 L 7
12 0 L -1
13 1 L 2
14 0 U 1
15 0 L -1
16 1 U -1
17 0 L 9
18 1 L 5
19 0 U 3
20 0 U 13
21 1 U -1
22 1 U 2
23 1 L 21
24 0 U 17
25 0 U -1
26 0 L 22
27 1 U -1
28 0 U 27
29 0 L 22
30 0 L 24
31 0 U 19
32 0 L 9
33 0 L 0
34 1 L 15
35 0 U 13
36 0 L -1
37 0 U -1
38 1 L 26
39 1 U 22
40 1 U 11
41 1 L 34
42 0 U 19
43 1 L 22
44 0 L 7
45 0 U 10
46 0 U 12
47 0 U 12
48 1 L 46
49 1 U 27
50 0 U -1
51 0 U 13
52 0 L 31
53 1 U 50
54
0 1 L -1
1 1 U -1
2 1 U 0
3 1 U -1
4 0 L 2
5 0 L 2
6 1 U -1
7 0 L 2
8 0 U 0
9 0 U 4
10 1 U 6
11 1 L 7
12 0 L -1
13 1 L 12
14 0 U 1
15 0 L -1
16 1 U -1
17 0 L 9
18 1 L 5
19 0 U 3
20 0 U 12
21 0 U -1
22 1 U 2
23 1 L 21
24 0 U 17
25 0 U -1
26 0 L 22
27 1 U -1
28 0 U 27
29 0 L 22
30 0 L 24
31 0 U 19
32 0 L 10
33 0 L 0
34 1 L 15
35 0 U 13
36 0 L -1
37 0 U -1
38 1 L 26
39 1 U 11
40 0 U 13
41 1 L 10
42 0 U 19
43 1 L 41
44 0 L 4
45 0 U 10
46 1 U 20
47 0 U 12
48 0 L 30
49 1 U 27
50 0 U -1
51 0 U 12
52 0 L 31
53 1 U 50
54
0 1 U -1
1 1 U -1
2 1 U 0
3 1 U -1
4 0 L 2
5 0 L 1
6 1 U -1
7 0 L 2
8 0 U 0
9 0 U 4
10 1 U 6
11 1 L 7
12 0 L -1
13 1 L 2
14 0 U 1
15 0 L -1
16 1 U -1
17 0 L 9
18 1 L 1
19 0 U 3
20 0 U 12
21 1 U -1
22 1 U 2
23 1 L 21
24 0 U 17
25 0 U -1
26 0 L 22
27 1 U -1
28 0 U 27
29 0 L 22
30 0 L 24
31 0 U 19
32 0 L 10
33 0 L 0
34 1 L 15
35 0 U 13
36 0 L -1
37 0 U -1
38 1 L 24
39 1 U 11
40 0 L 12
41 0 L 34
42 0 U 19
43 0 L 41
44 0 L 10
45 0 U 10
46 0 U 20
47 0 U 12
48 0 L 30
49 1 U 27
50 0 U -1
51 0 U 12
52 0 L 32
53 1 U 50
54
0 1 U -1
1 1 U -1
2 1 U 0
3 1 U -1
4 0 L 2
5 0 L 2
6 1 U -1
7 0 L 2
8 0 U 0
9 0 U 4
10 1 U 6
11 1 L 7
12 0 L -1
13 1 L 12
14 0 U 1
15 0 L -1
16 1 U -1
17 0 L 9
18 1 L 1
19 0 U 3
20 0 U 11
21 0 U -1
22 1 U 5
23 1 L 21
24 0 U 17
25 0 U -1
26 1 L 22
27 1 U -1
28 0 U 27
29 0 L 22
30 0 L 24
31 0 U 19
32 0 L 8
33 0 L 0
34 1 L 15
35 0 U 13
36 0 L -1
37 0 U -1
38 1 L 29
39 0 U 31
40 0 L 12
41 0 L 10
42 0 U 19
43 0 L 41
44 0 L 18
45 0 U 10
46 1 U 12
47 0 U 12
48 1 L 25
49 1 U 27
50 0 U -1
51 0 U 29
52 0 L 32
53 1 U 50
54
0 1 L -1
1 1 U -1
2 1 U 0
3 1 U -1
4 0 L 2
5 0 L 2
6 1 U -1
7 0 L 2
8 0 U 0
9 0 U 4
10 0 U 6
11 1 L 7
12 0 L -1
13 1 L 2
14 0 U 1
15 0 L -1
16 1 U -1
17 0 L 9
18 1 L 1
19 0 U 3
20 0 U 12
21 0 U -1
22 1 U 5
23 1 L 21
24 0 U 17
25 0 U -1
26 1 L 22
27 1 U -1
28 0 U 27
29 0 L 22
30 0 L 24
31 0 U 19
32 0 L 6
33 0 L 0
34 1 L 15
35 0 U 13
36 0 L -1
37 0 U -1
38 1 L 29
39 1 U 31
40 0 L 15
41 0 L 11
42 0 U 19
43 1 L 41
44 0 L 9
45 0 U 27
46 0 U 12
47 0 U 12
48 1 L 25
49 1 U 27
50 0 U -1
51 0 U 31
52 1 L 48
53 1 U 50
54
0 1 L -1
1 1 U -1
2 1 U 0
3 1 U -1
4 0 L 2
5 0 L 2
6 1 U -1
7 0 L 2
8 0 U 0
9 0 U 4
10 1 U 6
11 1 L 7
12 0 L -1
13 1 L 2
14 0 U 1
15 0 L -1
16 0 U -1
17 0 L 9
18 1 L 15
19 0 U 3
20 0 U 13
21 0 U -1
22 1 U 5
23 1 L 21
24 0 U 14
25 0 U -1
26 0 L 22
27 1 U -1
28 0 U 10
29 0 L 22
30 0 L 24
31 0 U 19
32 0 L 10
33 0 L 0
34 1 L 15
35 0 U 13
36 0 L -1
37 0 U -1
38 1 L 21
39 1 U 31
40 1 L 8
41 1 L 9
42 0 U 19
43 1 L 17
44 0 L 1
45 0 U 27
46 0 U 39
47 0 U 12
48 0 L 46
49 1 U 27
50 0 U -1
51 1 U 31
52 0 L 31
53 1 U 50
54
0 1 U -1
1 1 U -1
2 1 U 0
3 1 U -1
4 0 L 2
5 0 L 1
6 1 U -1
7 0 L 2
8 0 U 0
9 0 U 4
10 1 U 6
11 1 L 7
12 0 L -1
13 1 L 12
14 0 U 1
15 0 L -1
16 0 U 6
17 0 L 9
18 1 L 15
19 0 U 3
20 0 L 18
21 0 U -1
22 1 U 5
23 1 L 10
24 0 U 14
25 0 U -1
26 0 L 22
27 1 U -1
28 0 U 10
29 1 L 16
30 0 L 24
31 0 U 19
32 0 L 9
33 0 L 0
34 1 L 15
35 0 U 13
36 0 L -1
37 0 U -1
38 1 L 21
39 1 U 11
40 0 L 10
41 0 L 9
42 0 U 19
43 0 L 17
44 0 L 1
45 0 U 27
46 0 U 15
47 0 U 12
48 1 L 46
49 1 U 27
50 0 U -1
51 0 U 31
52 0 L 48
53 1 U 50
54
0 1 U -1
1 1 U -1
2 1 U 0
3 1 U -1
4 0 L 2
5 0 L 2
6 1 U -1
7 0 L 2
8 0 U 0
9 0 U 4
10 1 U 6
11 1 L 7
12 0 L -1
13 1 L 12
14 0 U 1
15 0 L -1
16 0 U 6
17 0 L 9
18 1 L 1
19 0 U 3
20 0 L 4
21 1 U -1
22 1 U 5
23 1 L 8
24 0 U 14
25 0 U -1
26 1 L 22
27 1 U -1
28 0 U 10
29 1 L 16
30 0 L 24
31 0 U 19
32 0 L 9
33 0 L 0
34 1 L 15
35 0 U 13
36 0 L -1
37 0 U -1
38 1 L 21
39 0 U 31
40 0 L 10
41 1 L 9
42 0 U 19
43 1 L 41
44 0 L 5
45 0 U 0
46 1 U 15
47 0 U 12
48 0 L 46
49 1 U 27
50 0 U -1
51 1 U 12
52 0 L 48
53 1 U 50
54
0 1 U -1
1 1 U -1
2 1 U 0
3 1 U -1
4 0 L 2
5 0 L 2
6 1 U -1
7 0 L 2
8 0 U 0
9 0 U 4
10 1 U 6
11 1 L 7
12 0 L -1
13 1 L 12
14 0 U 1
15 0 L -1
16 0 U 6
17 0 L 9
18 1 L 15
19 0 U 3
20 0 L 13
21 1 U -1
22 1 U 2
23 1 L 10
24 0 U 14
25 1 U -1
26 0 L 22
27 1 U -1
28 0 U 10
29 1 L 16
30 0 L 24
31 0 U 19
32 0 L 9
33 0 L 0
34 1 L 15
35 1 U 13
36 0 L -1
37 0 U -1
38 1 L 29
39 0 U 38
40 1 L 32
41 0 L 9
42 0 U 19
43 1 L 41
44 0 L 18
45 0 U 0
46 0 U 15
47 0 U 11
48 0 L 46
49 1 U 27
50 0 U -1
51 1 U 11
52 0 L 48
53 1 U 16
54
0 1 L -1
1 1 U -1
2 1 U 0
3 1 U -1
4 0 L 2
5 0 L 1
6 1 U -1
7 0 L 2
8 0 U 0
9 0 U 4
10 1 U 6
11 1 L 7
12 0 L -1
13 1 L 12
14 0 U 1
15 0 L -1
16 0 U 6
17 0 L 9
18 1 L 1
19 0 U 3
20 0 L 4
21 0 U -1
22 1 U 17
23 1 L 10
24 0 U 4
25 1 U -1
26 0 L 22
27 1 U -1
28 0 U 10
29 1 L 16
30 0 L 24
31 0 U 19
32 0 L 20
33 0 L 0
34 1 L 15
35 1 U 13
36 0 L -1
37 0 U -1
38 1 L 29
39 0 U 38
40 1 L 32
41 0 L 14
42 0 U 19
43 1 L 41
44 0 L 4
45 0 U 10
46 0 U 40
47 0 U 11
48 1 L 46
49 1 U 27
50 0 U -1
51 1 U 11
52 0 L 48
53 1 U 50
54
0 1 L -1
1 1 U -1
2 1 U 0
3 1 U -1
4 0 L 2
5 0 L 1
6 1 U -1
7 0 L 2
8 0 U 0
9 0 U 4
10 1 U 6
11 1 L 7
12 0 L -1
13 1 L 2
14 0 U 1
15 0 L -1
16 0 U 6
17 0 L 9
18 1 L 15
19 0 U 3
20 0 L 13
21 0 U -1
22 1 U 2
23 1 L 10
24 0 U 4
25 0 U -1
26 0 L 22
27 1 U -1
28 0 U 10
29 0 L 16
30 0 L 24
31 0 U 19
32 0 L 20
33 0 L 0
34 1 L 15
35 1 U 12
36 0 L -1
37 1 U -1
38 1 L 29
39 0 U 38
40 1 L 32
41 1 L 14
42 0 U 19
43 1 L 17
44 0 L 29
45 0 U 10
46 0 U 29
47 0 U 12
48 0 L 46
49 1 U 37
50 0 U -1
51 1 U 11
52 0 L 31
53 1 U 50
54
0 1 L -1
1 1 U -1
2 1 U 0
3 1 U -1
4 0 L 2
5 0 L 1
6 1 U -1
7 0 L 2
8 0 U 3
9 0 U 4
10 1 U 6
11 1 L 7
12 0 L -1
13 1 L 2
14 0 U 1
15 0 L -1
16 0 U 6
17 0 L 9
18 1 L 15
19 0 U 3
20 0 L 13
21 1 U -1
22 1 U 5
23 1 L 10
24 0 U 4
25 0 U -1
26 0 L 22
27 1 U -1
28 0 U 0
29 1 L 16
30 0 L 24
31 0 U 19
32 0 L 20
33 0 L 0
34 1 L 15
35 1 U 13
36 0 L -1
37 1 U 6
38 1 L 29
39 0 U 38
40 1 L 32
41 1 L 14
42 0 U 19
43 1 L 17
44 0 L 13
45 0 U 10
46 0 U 29
47 0 U 12
48 1 L 46
49 1 U 37
50 0 U -1
51 1 U 12
52 0 L 31
53 1 U 50
54
0 1 L -1
1 1 U -1
2 1 U 0
3 1 U -1
4 0 L 2
5 0 L 1
6 1 U -1
7 0 L 2
8 0 U 3
9 0 U 4
10 1 U 6
11 1 L 7
12 0 L -1
13 1 L 2
14 0 U 1
15 0 L -1
16 0 U -1
17 0 L 9
18 1 L 15
19 0 U 0
20 0 L 13
21 0 U -1
22 1 U 2
23 1 L 10
24 0 U 4
25 0 U -1
26 0 L 22
27 1 U -1
28 0 U 16
29 0 L 16
30 0 L 24
31 0 U 8
32 0 L 23
33 0 L 0
34 1 L 15
35 1 U 13
36 0 L -1
37 1 U 6
38 1 L 21
39 0 U 38
40 1 L 32
41 1 L 14
42 0 U 19
43 1 L 41
44 0 L 25
45 0 U 3
46 1 U 29
47 0 U 12
48 1 L 46
49 1 U 37
50 0 U -1
51 1 U 12
52 0 L 31
53 1 U 50
54
0 1 L -1
1 1 U -1
2 1 U 0
3 1 U -1
4 0 L 2
5 0 L 2
6 1 U -1
7 0 L 2
8 0 U 3
9 0 U 4
10 1 U 6
11 1 L 7
12 0 L -1
13 1 L 2
14 0 U 6
15 0 L -1
16 0 U -1
17 0 L 9
18 1 L 15
19 0 U 0
20 0 L 4
21 0 U -1
22 1 U 5
23 1 L 10
24 0 U 4
25 0 U -1
26 0 L 22
27 1 U -1
28 0 U 16
29 1 L 16
30 0 L 24
31 0 U 19
32 0 L 23
33 0 L 0
34 1 L 15
35 1 U 13
36 0 L -1
37 1 U -1
38 1 L 21
39 0 U 38
40 1 L 32
41 1 L 14
42 0 U 8
43 1 L 41
44 0 L 25
45 0 U 27
46 1 U 35
47 0 U 12
48 0 L 46
49 1 U 37
50 0 U -1
51 1 U 31
52 0 L 31
53 1 U 50
54
0 1 U -1
1 1 U -1
2 1 U 0
3 1 U -1
4 0 L 2
5 0 L 2
6 1 U -1
7 0 L 2
8 0 U 3
9 0 U 4
10 1 U 6
11 1 L 7
12 0 L -1
13 1 L 2
14 0 U 6
15 0 L -1
16 0 U 6
17 0 L 9
18 1 L 15
19 0 U 0
20 0 L 4
21 1 U -1
22 1 U 17
23 1 L 10
24 0 U 4
25 0 U -1
26 1 L 22
27 1 U -1
28 0 U 10
29 1 L 16
30 0 L 24
31 0 U 19
32 0 L 23
33 0 L 0
34 1 L 15
35 1 U 13
36 0 L -1
37 0 U -1
38 1 L 21
39 0 U 38
40 1 L 32
41 1 L 20
42 0 U 8
43 1 L 17
44 0 L 28
45 0 U 27
46 1 U 35
47 0 U 30
48 1 L 46
49 1 U 37
50 0 U -1
51 1 U 31
52 0 L 31
53 1 U 50
54
0 1 U -1
1 1 U -1
2 1 U 0
3 1 U -1
4 0 L 2
5 0 L 2
6 1 U -1
7 0 L 2
8 0 U 3
9 0 U 4
10 1 U 6
11 1 L 7
12 0 L -1
13 1 L 2
14 0 U 6
15 0 L -1
16 0 U -1
17 0 L 9
18 1 L 15
19 0 U 0
20 0 L 7
21 1 U -1
22 1 U 2
23 1 L 10
24 0 U 4
25 0 U -1
26 0 L 22
27 1 U -1
28 0 U 16
29 1 L 16
30 0 L 24
31 0 U 19
32 0 L 23
33 0 L 0
34 1 L 15
35 1 U 13
36 0 L -1
37 1 U -1
38 1 L 29
39 0 U 38
40 1 L 32
41 1 L 20
42 0 U 17
43 1 L 17
44 0 L 28
45 0 U 27
46 0 U 35
47 0 U 30
48 0 L 46
49 1 U 37
50 0 U -1
51 1 U 30
52 0 L 31
53 1 U 50
54
0 1 U -1
1 1 U -1
2 1 U 0
3 1 U -1
4 0 L 2
5 0 L 2
6 1 U -1
7 0 L 2
8 0 U 0
9 0 U 4
10 1 U 6
11 1 L 7
12 0 L -1
13 1 L 2
14 0 U 1
15 0 L -1
16 0 U -1
17 0 L 9
18 1 L 15
19 0 U 3
20 0 L 7
21 0 U -1
22 1 U 2
23 1 L 10
24 0 U 4
25 0 U -1
26 0 L 22
27 1 U -1
28 0 U 16
29 0 L 16
30 0 L 24
31 0 U 19
32 0 L 23
33 0 L 0
34 1 L 15
35 1 U 13
36 0 L -1
37 1 U -1
38 1 L 21
39 0 U 38
40 1 L 32
41 1 L 14
42 0 U 19
43 1 L 17
44 0 L 29
45 0 U 27
46 0 U 32
47 0 U 30
48 1 L 46
49 1 U 21
50 0 U -1
51 1 U 30
52 0 L 31
53 1 U 50
54
0 1 L -1
1 1 U -1
2 1 U 0
3 1 U -1
4 0 L 2
5 0 L 1
6 1 U -1
7 0 L 2
8 0 U 3
9 0 U 4
10 1 U 6
11 1 L 7
12 0 L -1
13 1 L 12
14 0 U 1
15 0 L -1
16 0 U -1
17 0 L 9
18 1 L 1
19 0 U 0
20 0 L 4
21 0 U -1
22 1 U 2
23 1 L 10
24 0 U 4
25 0 U -1
26 0 L 22
27 1 U -1
28 0 U 16
29 1 L 16
30 0 L 24
31 0 U 19
32 0 L 23
33 0 L 0
34 1 L 15
35 1 U 13
36 0 L -1
37 1 U -1
38 1 L 21
39 0 U 38
40 1 L 19
41 1 L 14
42 0 U 17
43 1 L 17
44 0 L 24
45 0 U 27
46 0 U 32
47 0 U 30
48 1 L 46
49 1 U 21
50 0 U -1
51 0 U 24
52 0 L 31
53 1 U 50
54
0 1 L -1
1 1 U -1
2 1 U 0
3 1 U -1
4 0 L 2
5 0 L 1
6 1 U -1
7 0 L 2
8 0 U 0
9 0 U 4
10 1 U 6
11 1 L 7
12 0 L -1
13 1 L 2
14 0 U 6
15 0 L -1
16 0 U -1
17 0 L 9
18 1 L 1
19 0 U 16
20 0 L 13
21 1 U -1
22 1 U 5
23 1 L 10
24 0 U 4
25 0 U -1
26 1 L 22
27 1 U -1
28 0 U 10
29 1 L 16
30 0 L 24
31 0 U 17
32 0 L 14
33 0 L 0
34 1 L 15
35 1 U 13
36 0 L -1
37 1 U -1
38 1 L 21
39 0 U 38
40 1 L 19
41 1 L 14
42 0 U 17
43 1 L 41
44 0 L 40
45 0 U 10
46 0 U 32
47 0 U 30
48 0 L 46
49 1 U 21
50 0 U -1
51 1 U 24
52 0 L 31
53 1 U 50
54
0 1 L -1
1 1 U -1
2 1 U 0
3 1 U -1
4 0 L 2
5 0 L 1
6 1 U -1
7 0 L 2
8 0 U 3
9 0 U 4
10 1 U 6
11 1 L 7
12 0 L -1
13 1 L 12
14 0 U 6
15 0 L -1
16 0 U -1
17 0 L 9
18 1 L 15
19 0 U 0
20 0 L 4
21 1 U -1
22 1 U 2
23 1 L 8
24 0 U 4
25 0 U -1
26 0 L 22
27 1 U -1
28 0 U 16
29 1 L 16
30 0 L 24
31 0 U 8
32 0 L 23
33 0 L 0
34 1 L 15
35 1 U 13
36 0 L -1
37 1 U -1
38 1 L 21
39 0 U 38
40 1 L 19
41 1 L 23
42 0 U 17
43 1 L 16
44 0 L 21
45 0 U 0
46 0 U 40
47 0 U 12
48 1 L 46
49 1 U 21
50 0 U -1
51 1 U 30
52 0 L 31
53 1 U 50
54
0 1 U -1
1 1 U -1
2 1 U 0
3 1 U -1
4 0 L 2
5 0 L 1
6 1 U -1
7 0 L 2
8 0 U 3
9 0 U 4
10 0 U 6
11 1 L 7
12 0 L -1
13 1 L 2
14 0 U 6
15 0 L -1
16 0 U -1
17 0 L 9
18 1 L 1
19 0 U 10
20 0 L 4
21 0 U -1
22 1 U 2
23 1 L 8
24 0 U 4
25 0 U -1
26 0 L 22
27 1 U -1
28 0 U 10
29 1 L 16
30 0 L 24
31 0 U 19
32 0 L 23
33 0 L 0
34 1 L 15
35 1 U 13
36 0 L -1
37 1 U -1
38 1 L 21
39 0 U 31
40 1 L 19
41 0 L 23
42 0 U 17
43 1 L 16
44 0 L 43
45 0 U 3
46 0 U 40
47 0 U 12
48 1 L 46
49 1 U 25
50 0 U -1
51 1 U 12
52 0 L 48
53 1 U 50
54
0 1 U -1
1 1 U -1
2 1 U 0
3 1 U -1
4 0 L 2
5 0 L 2
6 1 U -1
7 0 L 2
8 0 U 0
9 0 U 4
10 0 U 6
11 1 L 7
12 0 L -1
13 1 L 2
14 0 U 1
15 0 L -1
16 0 U -1
17 0 L 9
18 1 L 5
19 0 U 10
20 0 L 18
21 0 U -1
22 1 U 5
23 1 L 8
24 0 U 14
25 0 U -1
26 1 L 22
27 1 U -1
28 0 U 0
29 0 L 16
30 0 L 24
31 0 U 19
32 0 L 14
33 0 L 0
34 1 L 15
35 0 U 30
36 0 L -1
37 1 U 6
38 1 L 21
39 0 U 31
40 1 L 32
41 0 L 23
42 0 U 17
43 1 L 41
44 0 L 13
45 0 U 27
46 1 U 40
47 0 U 30
48 1 L 46
49 1 U 25
50 0 U -1
51 1 U 12
52 0 L 48
53 1 U 50
54
0 1 L -1
1 1 U -1
2 1 U 0
3 1 U -1
4 0 L 2
5 0 L 1
6 1 U -1
7 0 L 2
8 0 U 3
9 0 U 4
10 0 U 6
11 1 L 7
12 0 L -1
13 1 L 12
14 0 U 1
15 0 L -1
16 0 U -1
17 0 L 9
18 0 L 15
19 0 U 10
20 0 U 13
21 0 U -1
22 1 U 17
23 1 L 8
24 0 U 14
25 0 U -1
26 0 L 22
27 1 U -1
28 0 U 0
29 0 L 16
30 0 L 24
31 0 U 19
32 0 L 14
33 0 L 0
34 1 L 1
35 1 U 30
36 0 L -1
37 1 U 6
38 1 L 29
39 0 U 27
40 1 L 19
41 1 L 23
42 0 U 17
43 0 L 41
44 0 L 24
45 0 U 0
46 1 U 40
47 0 U 30
48 0 L 46
49 1 U 1
50 0 U -1
51 1 U 24
52 0 L 48
53 1 U 50
54
0 1 L -1
1 1 U -1
2 1 U 0
3 1 U -1
4 0 L 2
5 0 L 2
6 1 U -1
7 0 L 2
8 0 U 0
9 0 U 4
10 0 U 6
11 1 L 7
12 0 L -1
13 1 L 12
14 0 U 1
15 0 L -1
16 0 U -1
17 0 L 9
18 1 L 15
19 0 U 10
20 0 L 13
21 0 U -1
22 1 U 17
23 1 L 8
24 0 U 14
25 0 U -1
26 0 L 22
27 1 U -1
28 0 U 0
29 0 L 16
30 0 L 24
31 0 U 19
32 0 L 23
33 0 L 0
34 0 L 1
35 1 U 30
36 0 L -1
37 1 U 6
38 1 L 29
39 0 U 27
40 1 L 19
41 0 L 14
42 0 U 17
43 0 L 41
44 0 L 43
45 0 U 3
46 0 U 40
47 0 U 30
48 0 L 46
49 1 U 1
50 0 U -1
51 1 U 11
52 0 L 31
53 1 U 50
54
0 1 L -1
1 1 U -1
2 1 U 0
3 1 U -1
4 0 L 2
5 0 L 1
6 1 U -1
7 0 L 2
8 0 U 3
9 0 U 4
10 0 U 6
11 1 L 7
12 0 L -1
13 1 L 12
14 0 U 1
15 0 L -1
16 0 U -1
17 0 L 9
18 0 L 15
19 0 U 0
20 0 L 5
21 0 U -1
22 1 U 2
23 1 L 8
24 0 U 14
25 0 U -1
26 1 L 22
27 1 U -1
28 0 U 10
29 1 L 16
30 0 L 24
31 0 U 19
32 0 L 23
33 0 L 0
34 1 L 1
35 1 U 12
36 0 L -1
37 1 U 6
38 1 L 21
39 0 U 27
40 1 L 19
41 0 L 14
42 0 U 17
43 1 L 41
44 0 L 43
45 0 U 3
46 0 U 40
47 0 U 12
48 1 L 46
49 1 U 1
50 0 U -1
51 1 U 11
52 0 L 31
53 1 U 50
54
0 1 L -1
1 1 U -1
2 1 U 0
3 1 U -1
4 0 L 2
5 0 L 2
6 1 U -1
7 0 L 2
8 0 U 3
9 0 U 4
10 1 U 6
11 1 L 7
12 0 L -1
13 1 L 2
14 0 U 1
15 0 L -1
16 0 U -1
17 0 L 9
18 1 L 1
19 0 U 0
20 0 L 7
21 0 U -1
22 1 U 2
23 1 L 8
24 0 U 14
25 0 U -1
26 0 L 22
27 1 U -1
28 0 U 0
29 1 L 16
30 0 L 24
31 0 U 17
32 0 L 23
33 0 L 0
34 1 L 15
35 1 U 11
36 0 L -1
37 1 U 6
38 1 L 29
39 0 U 27
40 1 L 19
41 0 L 20
42 0 U 8
43 1 L 17
44 0 L 1
45 0 U 3
46 0 U 32
47 0 U 12
48 1 L 46
49 1 U 1
50 0 U -1
51 1 U 30
52 0 L 48
53 1 U 50
54
0 1 L -1
1 1 U -1
2 1 U 0
3 1 U -1
4 0 L 2
5 0 L 2
6 1 U -1
7 0 L 2
8 0 U 3
9 0 U 4
10 0 U 6
11 1 L 7
12 0 L -1
13 1 L 2
14 0 U 1
15 0 L -1
16 0 U -1
17 0 L 9
18 1 L 1
19 0 U 16
20 0 L 18
21 0 U -1
22 1 U 8
23 1 L 11
24 0 U 14
25 0 U -1
26 0 L 22
27 1 U -1
28 0 U 0
29 1 L 17
30 0 L 24
31 0 U 8
32 0 L 23
33 0 L 0
34 1 L 15
35 0 U 11
36 0 L -1
37 1 U 6
38 1 L 29
39 0 U 27
40 1 L 19
41 1 L 20
42 0 U 8
43 1 L 17
44 0 L 13
45 0 U 3
46 0 U 15
47 0 U 12
48 1 L 46
49 1 U 1
50 0 U -1
51 1 U 11
52 0 L 31
53 1 U 50
54
0 1 U -1
1 1 U -1
2 1 U 0
3 1 U -1
4 0 L 2
5 0 L 1
6 1 U -1
7 0 L 2
8 0 U 3
9 0 U 4
10 0 U 6
11 1 L 7
12 0 L -1
13 1 L 2
14 0 U 1
15 0 L -1
16 0 U -1
17 0 L 9
18 1 L 15
19 0 U 0
20 0 L 7
21 0 U -1
22 1 U 17
23 1 L 8
24 0 U 14
25 0 U -1
26 0 L 22
27 1 U -1
28 0 U 0
29 0 L 16
30 0 L 24
31 0 U 17
32 0 L 14
33 0 L 0
34 1 L 1
35 0 U 11
36 0 L -1
37 1 U 6
38 1 L 29
39 0 U 27
40 1 L 19
41 0 L 20
42 0 U 17
43 1 L 41
44 0 L 0
45 0 U 3
46 1 U 15
47 0 U 30
48 1 L 46
49 1 U 1
50 0 U -1
51 1 U 11
52 0 L 31
53 1 U 50
54
0 1 U -1
1 1 U -1
2 1 U 0
3 1 U -1
4 0 L 2
5 0 L 2
6 1 U -1
7 0 L 2
8 0 U 3
9 0 U 4
10 0 U 6
11 1 L 7
12 0 L -1
13 1 L 12
14 0 U 1
15 0 L -1
16 0 U -1
17 0 L 9
18 1 L 15
19 0 U 0
20 0 L 7
21 0 U -1
22 1 U 5
23 1 L 8
24 0 U 14
25 0 U -1
26 0 L 22
27 1 U -1
28 0 U 0
29 1 L 16
30 0 L 24
31 0 U 8
32 0 L 14
33 0 L 0
34 1 L 15
35 0 U 30
36 0 L -1
37 1 U 6
38 1 L 21
39 0 U 27
40 1 L 19
41 0 L 20
42 0 U 8
43 1 L 41
44 0 L 18
45 0 U 3
46 0 U 15
47 0 U 12
48 1 L 46
49 1 U 1
50 0 U -1
51 1 U 11
52 0 L 48
53 1 U 50
54
0 1 L -1
1 1 U -1
2 1 U 0
3 1 U -1
4 0 L 2
5 0 L 1
6 1 U -1
7 0 L 2
8 0 U 3
9 0 U 4
10 0 U 6
11 1 L 7
12 0 L -1
13 1 L 2
14 0 U 1
15 0 L -1
16 0 U -1
17 0 L 9
18 1 L 1
19 0 U 0
20 0 L 18
21 0 U -1
22 1 U 17
23 1 L 11
24 0 U 14
25 0 U -1
26 1 L 22
27 1 U -1
28 0 U 10
29 1 L 16
30 0 L 24
31 0 U 8
32 0 L 20
33 0 L 0
34 1 L 15
35 0 U 13
36 0 L -1
37 1 U 6
38 1 L 29
39 0 U 27
40 1 L 19
41 0 L 9
42 0 U 8
43 1 L 41
44 0 L 2
45 0 U 3
46 1 U 15
47 0 U 12
48 1 L 46
49 1 U 1
50 0 U -1
51 1 U 31
52 0 L 48
53 1 U 50
54
0 1 U -1
1 1 U -1
2 1 U 0
3 1 U -1
4 0 L 2
5 0 L 1
6 1 U -1
7 0 L 2
8 0 U 3
9 0 U 4
10 1 U 6
11 1 L 7
12 0 L -1
13 1 L 12
14 0 U 1
15 0 L -1
16 0 U -1
17 0 L 9
18 1 L 1
19 0 U 10
20 0 L 7
21 0 U -1
22 1 U 17
23 1 L 11
24 0 U 14
25 0 U -1
26 0 L 22
27 1 U -1
28 0 U 0
29 0 L 16
30 0 L 24
31 0 U 8
32 0 L 23
33 0 L 0
34 1 L 15
35 1 U 12
36 0 L -1
37 1 U 6
38 1 L 29
39 0 U 27
40 0 L 19
41 1 L 23
42 0 U 8
43 0 L 41
44 0 L 36
45 0 U 3
46 0 U 15
47 0 U 12
48 1 L 46
49 1 U 1
50 0 U -1
51 1 U 31
52 0 L 48
53 1 U 50
54
0 1 U -1
1 1 U -1
2 1 U 0
3 1 U -1
4 0 L 2
5 0 L 1
6 1 U -1
7 0 L 2
8 0 U 3
9 0 U 4
10 1 U 6
11 1 L 7
12 0 L -1
13 1 L 2
14 0 U 1
15 0 L -1
16 0 U -1
17 0 L 9
18 0 L 1
19 0 U 10
20 0 L 13
21 1 U -1
22 1 U 8
23 0 L 8
24 0 U 14
25 0 U -1
26 0 L 22
27 1 U -1
28 0 U 0
29 1 L 16
30 0 L 24
31 0 U 8
32 0 L 23
33 0 L 0
34 1 L 15
35 0 U 12
36 0 L -1
37 1 U -1
38 1 L 29
39 0 U 27
40 1 L 19
41 1 L 34
42 0 U 8
43 1 L 22
44 1 L 41
45 0 U 3
46 1 U 15
47 0 U 12
48 1 L 46
49 1 U 25
50 0 U -1
51 1 U 31
52 0 L 48
53 1 U 50
54
0 1 L -1
1 1 U -1
2 1 U 0
3 1 U -1
4 0 L 2
5 0 L 2
6 1 U -1
7 0 L 2
8 0 U 3
9 0 U 4
10 0 U 6
11 1 L 7
12 0 L -1
13 1 L 12
14 0 U 1
15 0 L -1
16 0 U -1
17 0 L 9
18 1 L 5
19 0 U 0
20 0 U 13
21 1 U -1
22 1 U 2
23 0 L 10
24 0 U 14
25 0 U -1
26 0 L 22
27 1 U -1
28 0 U 0
29 1 L 16
30 0 L 24
31 0 U 8
32 0 L 23
33 0 L 0
34 0 L 15
35 0 U 11
36 0 L -1
37 1 U -1
38 1 L 29
39 0 U 27
40 0 L 36
41 0 L 34
42 0 U 8
43 1 L 14
44 0 L 23
45 0 U 3
46 0 U 15
47 0 U 11
48 0 L 46
49 1 U 21
50 0 U -1
51 1 U 30
52 0 L 48
53 1 U 50
54
0 1 U -1
1 1 U -1
2 1 U 0
3 1 U -1
4 0 L 2
5 0 L 2
6 1 U -1
7 0 L 2
8 0 U 3
9 0 U 4
10 0 U 6
11 1 L 7
12 0 L -1
13 1 L 12
14 0 U 1
15 0 L -1
16 0 U 6
17 0 L 9
18 1 L 1
19 0 U 3
20 0 L 13
21 1 U -1
22 1 U 17
23 0 L 11
24 0 U 14
25 0 U -1
26 1 L 22
27 1 U -1
28 0 U 0
29 1 L 22
30 0 L 24
31 0 U 8
32 0 L 23
33 0 L 0
34 1 L 15
35 0 U 11
36 0 L -1
37 1 U -1
38 1 L 32
39 0 U 27
40 0 L 36
41 1 L 34
42 0 U 19
43 1 L 16
44 0 L 6
45 0 U 3
46 0 U 15
47 0 U 11
48 0 L 46
49 1 U 25
50 0 U -1
51 1 U 12
52 0 L 48
53 1 U 50
54
0 1 U -1
1 1 U -1
2 1 U 0
3 1 U -1
4 0 L 2
5 0 L 2
6 1 U -1
7 0 L 2
8 0 U 3
9 0 U 4
10 0 U 6
11 1 L 7
12 0 L -1
13 1 L 12
14 0 U 1
15 0 L -1
16 0 U 6
17 0 L 9
18 1 L 15
19 0 U 10
20 0 L 4
21 0 U -1
22 1 U 17
23 0 L 8
24 0 U 14
25 0 U -1
26 0 L 22
27 1 U -1
28 0 U 0
29 1 L 16
30 0 L 24
31 0 U 8
32 0 L 23
33 1 L 0
34 0 L 5
35 0 U 11
36 0 L -1
37 1 U -1
38 1 L 21
39 0 U 27
40 0 L 36
41 0 L 11
42 0 U 19
43 1 L 16
44 0 L 8
45 0 U 10
46 0 U 15
47 0 U 12
48 1 L 46
49 1 U 25
50 0 U -1
51 1 U 11
52 0 L 48
53 1 U 50
54
0 1 U -1
1 1 U -1
2 1 U 0
3 1 U -1
4 0 L 2
5 0 L 2
6 1 U -1
7 0 L 2
8 0 U 3
9 0 U 4
10 1 U 6
11 1 L 7
12 0 L -1
13 1 L 12
14 0 U 1
15 0 L -1
16 0 U 6
17 0 L 9
18 1 L 1
19 0 U 3
20 0 L 4
21 1 U -1
22 1 U 2
23 0 L 10
24 0 U 8
25 0 U -1
26 1 L 22
27 1 U -1
28 0 U 0
29 1 L 16
30 0 L 24
31 0 U 8
32 0 L 23
33 1 L 0
34 0 L 5
35 0 U 12
36 0 L -1
37 1 U -1
38 1 L 21
39 0 U 27
40 0 L 0
41 0 L 34
42 0 U 19
43 1 L 17
44 0 L 34
45 0 U 10
46 1 U 32
47 0 U 12
48 1 L 46
49 1 U 25
50 0 U -1
51 1 U 26
52 0 L 48
53 1 U 50
54
0 1 L -1
1 1 U -1
2 1 U 0
3 1 U -1
4 0 L 2
5 0 L 2
6 1 U -1
7 0 L 2
8 0 U 3
9 0 U 4
10 1 U 6
11 1 L 7
12 0 L -1
13 1 L 2
14 0 U 1
15 0 L -1
16 0 U 6
17 0 L 9
18 1 L 15
19 0 U 3
20 0 L 13
21 0 U 6
22 1 U 2
23 0 L 10
24 0 U 8
25 0 U -1
26 1 L 22
27 1 U -1
28 0 U 3
29 1 L 22
30 0 L 24
31 0 U 8
32 0 L 22
33 0 L 0
34 1 L 15
35 0 U 30
36 0 L -1
37 1 U -1
38 1 L 21
39 0 U 27
40 0 L 0
41 1 L 11
42 0 U 19
43 1 L 41
44 0 L 33
45 0 U 3
46 1 U 35
47 0 U 30
48 0 L 46
49 1 U 1
50 0 U -1
51 1 U 26
52 0 L 48
53 1 U 50
54
0 1 L -1
1 1 U -1
2 1 U 0
3 1 U -1
4 0 L 2
5 0 L 2
6 1 U -1
7 0 L 2
8 0 U 3
9 0 U 4
10 1 U 6
11 1 L 7
12 0 L -1
13 1 L 2
14 0 U 1
15 0 L -1
16 0 U 6
17 0 L 9
18 1 L 15
19 0 U 3
20 0 U 11
21 0 U 6
22 1 U 5
23 0 L 10
24 0 U 8
25 0 U -1
26 1 L 22
27 1 U -1
28 0 U 0
29 0 L 16
30 0 L 24
31 0 U 8
32 0 L 22
33 0 L 0
34 1 L 15
35 0 U 30
36 0 L -1
37 1 U -1
38 1 L 29
39 0 U 27
40 0 L 10
41 0 L 10
42 0 U 19
43 1 L 16
44 0 L 12
45 0 U 39
46 0 U 35
47 0 U 30
48 1 L 46
49 1 U 1
50 0 U -1
51 0 U 12
52 0 L 48
53 1 U 50
54
0 1 U -1
1 1 U -1
2 1 U 0
3 1 U -1
4 0 L 2
5 0 L 2
6 1 U -1
7 0 L 2
8 0 U 3
9 0 U 4
10 1 U 6
11 1 L 7
12 0 L -1
13 1 L 12
14 0 U 1
15 0 L -1
16 0 U 6
17 0 L 9
18 1 L 1
19 0 U 3
20 0 U 11
21 0 U 6
22 1 U 17
23 0 L 8
24 0 U 8
25 0 U -1
26 1 L 22
27 1 U -1
28 0 U 0
29 1 L 16
30 0 L 24
31 0 U 8
32 0 L 23
33 0 L 0
34 1 L 15
35 0 U 12
36 0 L -1
37 1 U 6
38 1 L 29
39 0 U 27
40 0 L 13
41 1 L 10
42 0 U 8
43 1 L 16
44 0 L 34
45 0 U 3
46 0 U 35
47 0 U 24
48 0 L 46
49 1 U 25
50 0 U -1
51 1 U 26
52 0 L 48
53 1 U 50
54
0 1 L -1
1 1 U -1
2 1 U 0
3 1 U -1
4 0 L 2
5 0 L 2
6 1 U -1
7 0 L 2
8 0 U 3
9 0 U 4
10 1 U 6
11 1 L 7
12 0 L -1
13 1 L 12
14 0 U 6
15 0 L -1
16 0 U 6
17 0 L 9
18 1 L 1
19 0 U 3
20 0 U 11
21 1 U -1
22 1 U 5
23 0 L 8
24 0 U 8
25 0 U -1
26 1 L 22
27 1 U -1
28 0 U 0
29 0 L 17
30 0 L 24
31 0 U 8
32 0 L 23
33 0 L 0
34 1 L 15
35 0 U 30
36 0 L -1
37 1 U 6
38 1 L 29
39 0 U 27
40 0 L 7
41 0 L 8
42 0 U 8
43 1 L 16
44 0 L 11
45 0 U 0
46 1 U 32
47 0 U 12
48 0 L 46
49 1 U 25
50 0 U -1
51 1 U 12
52 0 L 48
53 1 U 50
54
0 1 U -1
1 1 U -1
2 1 U 0
3 1 U -1
4 0 L 2
5 0 L 2
6 1 U -1
7 0 L 2
8 0 U 3
9 0 U 4
10 1 U 6
11 1 L 7
12 0 L -1
13 1 L 12
14 0 U 6
15 0 L -1
16 0 U 6
17 0 L 9
18 1 L 5
19 0 U 3
20 0 U 11
21 0 U -1
22 1 U 2
23 0 L 10
24 0 U 8
25 0 U -1
26 1 L 22
27 1 U -1
28 0 U 0
29 1 L 17
30 0 L 24
31 0 U 19
32 0 L 23
33 0 L 0
34 1 L 15
35 0 U 11
36 0 L -1
37 1 U 6
38 1 L 21
39 0 U 27
40 0 L 4
41 0 L 8
42 0 U 8
43 1 L 16
44 0 L 8
45 0 U 3
46 1 U 35
47 0 U 30
48 1 L 46
49 1 U 1
50 0 U -1
51 1 U 12
52 0 L 48
53 1 U 50
54
0 1 L -1
1 1 U -1
2 1 U 0
3 1 U -1
4 0 L 2
5 0 L 2
6 1 U -1
7 0 L 2
8 0 U 3
9 0 U 4
10 1 U 6
11 1 L 7
12 0 L -1
13 1 L 2
14 0 U 6
15 0 L -1
16 0 U 6
17 0 L 9
18 1 L 15
19 0 U 14
20 0 U 11
21 0 U -1
22 1 U 19
23 0 L 8
24 0 U 8
25 0 U -1
26 1 L 22
27 1 U -1
28 0 U 0
29 0 L 22
30 0 L 24
31 0 U 8
32 0 L 23
33 0 L 0
34 1 L 15
35 0 U 12
36 0 L -1
37 1 U 6
38 1 L 21
39 0 U 27
40 0 L 2
41 0 L 11
42 0 U 8
43 1 L 17
44 0 L 40
45 0 U 0
46 1 U 32
47 0 U 30
48 0 L 46
49 1 U 27
50 0 U -1
51 1 U 24
52 0 L 48
53 1 U 50
54
0 1 L -1
1 1 U -1
2 1 U 0
3 1 U -1
4 0 L 2
5 0 L 1
6 1 U -1
7 0 L 2
8 0 U 3
9 0 U 4
10 0 U 6
11 1 L 7
12 0 L -1
13 1 L 12
14 0 U 6
15 0 L -1
16 0 U -1
17 0 L 9
18 1 L 15
19 0 U 14
20 0 U 11
21 1 U -1
22 1 U 19
23 0 L 11
24 0 U 8
25 0 U -1
26 1 L 22
27 1 U -1
28 0 U 10
29 1 L 16
30 0 L 24
31 0 U 8
32 0 L 22
33 0 L 0
34 0 L 15
35 0 U 26
36 0 L -1
37 1 U 6
38 1 L 19
39 0 U 27
40 0 L 0
41 1 L 34
42 0 U 8
43 1 L 22
44 0 L 11
45 0 U 10
46 0 U 23
47 0 U 11
48 0 L 46
49 1 U 37
50 0 U -1
51 1 U 30
52 0 L 31
53 1 U 50
54
0 1 U -1
1 1 U -1
2 1 U 0
3 1 U -1
4 0 L 2
5 0 L 1
6 1 U -1
7 0 L 2
8 0 U 3
9 0 U 4
10 0 U 6
11 1 L 7
12 0 L -1
13 1 L 2
14 0 U 6
15 0 L -1
16 0 U -1
17 0 L 9
18 1 L 15
19 0 U 14
20 0 U 11
21 1 U -1
22 1 U 19
23 0 L 8
24 0 U 17
25 0 U -1
26 0 L 22
27 1 U -1
28 0 U 10
29 0 L 17
30 0 L 24
31 0 U 8
32 0 L 22
33 0 L 0
34 0 L 1
35 0 U 13
36 0 L -1
37 1 U -1
38 1 L 19
39 0 U 27
40 0 L 6
41 0 L 6
42 0 U 8
43 1 L 22
44 1 L 35
45 0 U 10
46 1 U 35
47 0 U 26
48 1 L 30
49 1 U 21
50 0 U -1
51 0 U 26
52 1 L 47
53 1 U 50
54
0 1 L -1
1 1 U -1
2 1 U 0
3 1 U -1
4 0 L 2
5 0 L 2
6 1 U -1
7 0 L 2
8 0 U 3
9 0 U 4
10 0 U 6
11 1 L 7
12 0 L -1
13 1 L 2
14 0 U 6
15 0 L -1
16 0 U -1
17 0 L 9
18 1 L 1
19 0 U 10
20 0 U 11
21 0 U -1
22 1 U 2
23 0 L 8
24 0 U 4
25 0 U -1
26 1 L 22
27 1 U -1
28 0 U 10
29 1 L 17
30 0 L 24
31 0 U 19
32 0 L 22
33 0 L 0
34 1 L 1
35 0 U 11
36 0 L -1
37 1 U -1
38 1 L 19
39 0 U 27
40 0 L 0
41 0 L 6
42 0 U 8
43 1 L 41
44 1 L 35
45 0 U 10
46 0 U 35
47 0 U 24
48 1 L 30
49 1 U 21
50 0 U -1
51 0 U 13
52 1 L 47
53 1 U 50
54
0 1 L -1
1 1 U -1
2 1 U 0
3 1 U -1
4 0 L 2
5 0 L 2
6 1 U -1
7 0 L 2
8 0 U 3
9 0 U 4
10 0 U 6
11 1 L 7
12 0 L -1
13 1 L 12
14 0 U 1
15 0 L -1
16 0 U -1
17 0 L 9
18 1 L 15
19 0 U 10
20 0 L 13
21 1 U -1
22 1 U 8
23 0 L 10
24 0 U 4
25 0 U -1
26 0 L 22
27 1 U -1
28 0 U 10
29 1 L 16
30 0 L 24
31 0 U 17
32 0 L 22
33 0 L 0
34 0 L 1
35 0 U 13
36 0 L -1
37 1 U -1
38 1 L 26
39 0 U 27
40 0 L 0
41 1 L 6
42 0 U 19
43 0 L 22
44 1 L 35
45 0 U 0
46 1 U 35
47 0 U 31
48 1 L 30
49 1 U 25
50 0 U -1
51 0 U 12
52 0 L 47
53 1 U 50
54
0 1 L -1
1 1 U -1
2 1 U 0
3 1 U -1
4 0 L 2
5 0 L 2
6 1 U -1
7 0 L 2
8 0 U 3
9 0 U 4
10 0 U 6
11 1 L 7
12 0 L -1
13 1 L 12
14 0 U 1
15 0 L -1
16 0 U -1
17 0 L 9
18 1 L 5
19 0 U 10
20 0 U 13
21 0 U -1
22 1 U 2
23 0 L 10
24 0 U 4
25 0 U -1
26 0 L 22
27 1 U -1
28 0 U 10
29 1 L 22
30 0 L 24
31 0 U 19
32 0 L 23
33 0 L 0
34 0 L 5
35 0 U 11
36 0 L -1
37 1 U 6
38 1 L 26
39 0 U 27
40 0 L 0
41 1 L 34
42 0 U 19
43 0 L 41
44 1 L 35
45 0 U 10
46 1 U 35
47 0 U 31
48 0 L 30
49 1 U 21
50 0 U -1
51 0 U 31
52 1 L 47
53 1 U 50
54
0 1 U -1
1 1 U -1
2 1 U 0
3 1 U -1
4 0 L 2
5 0 L 2
6 1 U -1
7 0 L 2
8 0 U 0
9 0 U 4
10 0 U 6
11 1 L 7
12 0 L -1
13 1 L 2
14 0 U 1
15 0 L -1
16 0 U -1
17 0 L 9
18 1 L 15
19 0 U 0
20 0 U 13
21 1 U -1
22 1 U 5
23 0 L 11
24 0 U 4
25 0 U -1
26 0 L 22
27 1 U -1
28 0 U 0
29 1 L 16
30 0 L 24
31 0 U 19
32 0 L 23
33 1 L 0
34 0 L 5
35 0 U 30
36 0 L -1
37 1 U 6
38 1 L 19
39 0 U 27
40 0 L 36
41 0 L 34
42 0 U 19
43 1 L 41
44 1 L 35
45 0 U 10
46 1 U 32
47 0 U 9
48 0 L 30
49 1 U 1
50 0 U -1
51 0 U 13
52 1 L 47
53 1 U 50
54
0 1 U -1
1 1 U -1
2 1 U 0
3 1 U -1
4 0 L 2
5 0 L 1
6 1 U -1
7 0 L 2
8 0 U 3
9 0 U 4
10 1 U 6
11 1 L 7
12 0 L -1
13 1 L 12
14 0 U 1
15 0 L -1
16 0 U -1
17 0 L 9
18 1 L 1
19 0 U 0
20 0 U 13
21 1 U -1
22 1 U 8
23 1 L 8
24 0 U 4
25 0 U -1
26 0 L 22
27 1 U -1
28 0 U 0
29 1 L 16
30 0 L 24
31 0 U 17
32 0 L 23
33 0 L 0
34 1 L 1
35 0 U 30
36 0 L -1
37 1 U 6
38 1 L 19
39 0 U 27
40 0 L 0
41 1 L 14
42 0 U 17
43 0 L 41
44 1 L 35
45 0 U 39
46 0 U 32
47 0 U 11
48 0 L 30
49 1 U 1
50 0 U -1
51 1 U 31
52 1 L 48
53 1 U 50
54
0 1 U -1
1 1 U -1
2 1 U 0
3 1 U -1
4 0 L 2
5 0 L 2
6 1 U -1
7 0 L 2
8 0 U 3
9 0 U 4
10 0 U 6
11 1 L 7
12 0 L -1
13 1 L 2
14 0 U 1
15 0 L -1
16 0 U -1
17 0 L 9
18 1 L 15
19 0 U 0
20 0 U 13
21 0 U -1
22 1 U 5
23 0 L 8
24 0 U 4
25 0 U -1
26 0 L 22
27 1 U -1
28 0 U 0
29 1 L 16
30 0 L 24
31 0 U 19
32 0 L 23
33 0 L 0
34 0 L 1
35 0 U 30
36 0 L -1
37 1 U 6
38 1 L 19
39 0 U 27
40 1 L 8
41 0 L 20
42 0 U 17
43 0 L 41
44 1 L 35
45 0 U 39
46 1 U 32
47 0 L 30
48 0 L 45
49 1 U 1
50 0 U -1
51 0 U 31
52 0 L 31
53 1 U 50
54
0 1 L -1
1 1 U -1
2 1 U 0
3 1 U -1
4 0 L 2
5 0 L 2
6 1 U -1
7 0 L 2
8 0 U 0
9 0 U 4
10 0 U 6
11 1 L 7
12 0 L -1
13 1 L 2
14 0 U 6
15 0 L -1
16 0 U -1
17 0 L 9
18 0 L 15
19 0 U 0
20 0 U 12
21 0 U -1
22 1 U 2
23 0 L 8
24 0 U 4
25 0 U -1
26 0 L 22
27 1 U -1
28 0 U 0
29 1 L 22
30 0 L 24
31 0 U 17
32 0 L 23
33 0 L 0
34 1 L 1
35 0 U 30
36 0 L -1
37 1 U 6
38 1 L 19
39 0 U 27
40 0 L 8
41 1 L 20
42 0 U 17
43 0 L 41
44 1 L 35
45 0 U 39
46 1 U 32
47 0 U 30
48 1 L 45
49 1 U 25
50 0 U -1
51 0 U 9
52 0 L 31
53 1 U 50
54
0 1 U -1
1 1 U -1
2 1 U 0
3 1 U -1
4 0 L 2
5 0 L 1
6 1 U -1
7 0 L 2
8 0 U 0
9 0 U 4
10 1 U 6
11 1 L 7
12 0 L -1
13 1 L 2
14 0 U 1
15 0 L -1
16 0 U -1
17 0 L 9
18 1 L 1
19 0 U 16
20 0 U 11
21 0 U -1
22 1 U 17
23 0 L 8
24 0 U 4
25 0 U -1
26 1 L 22
27 1 U -1
28 0 U 0
29 1 L 22
30 0 L 24
31 0 U 17
32 0 L 23
33 0 L 0
34 0 L 1
35 0 U 30
36 0 L -1
37 1 U 6
38 1 L 19
39 0 U 27
40 0 L 8
41 1 L 20
42 0 U 17
43 0 L 41
44 1 L 35
45 0 U 39
46 1 U 32
47 0 L 45
48 1 L 30
49 1 U 25
50 0 U -1
51 0 U 9
52 0 L 31
53 1 U 50
54
0 1 U -1
1 1 U -1
2 1 U 0
3 1 U -1
4 0 L 2
5 0 L 2
6 1 U -1
7 0 L 2
8 0 U 0
9 0 U 4
10 0 U 6
11 1 L 7
12 0 L -1
13 1 L 12
14 0 U 1
15 0 L -1
16 0 U -1
17 0 L 9
18 1 L 15
19 0 U 0
20 0 U 11
21 1 U -1
22 1 U 5
23 0 L 10
24 0 U 14
25 0 U -1
26 0 L 22
27 1 U -1
28 0 U 3
29 0 L 16
30 0 L 24
31 0 U 17
32 0 L 22
33 0 L 0
34 0 L 5
35 0 U 30
36 0 L -1
37 1 U 6
38 1 L 19
39 0 U 27
40 1 L 6
41 1 L 40
42 0 U 17
43 0 L 41
44 1 L 34
45 0 U 3
46 0 U 35
47 0 L 45
48 1 L 46
49 1 U 1
50 0 U -1
51 0 U 9
52 0 L 31
53 1 U 50
54
0 1 U -1
1 1 U -1
2 1 U 0
3 1 U -1
4 0 L 2
5 0 L 2
6 1 U -1
7 0 L 2
8 0 U 0
9 0 U 4
10 0 U 6
11 1 L 7
12 0 L -1
13 1 L 2
14 0 U 1
15 0 L -1
16 0 U -1
17 0 L 9
18 1 L 15
19 0 U 16
20 0 U 12
21 1 U -1
22 1 U 17
23 0 L 11
24 0 U 14
25 0 U -1
26 0 L 22
27 1 U -1
28 0 U 3
29 0 L 16
30 0 L 24
31 0 U 17
32 0 L 22
33 1 L 0
34 0 L 5
35 0 U 30
36 0 L -1
37 1 U 6
38 1 L 19
39 0 U 27
40 0 L 36
41 1 L 14
42 0 U 17
43 0 L 41
44 1 L 34
45 0 U 3
46 1 U 35
47 0 L 46
48 0 L 46
49 1 U 1
50 0 U -1
51 0 U 31
52 0 L 31
53 1 U 50
54
0 1 L -1
1 1 U -1
2 1 U 0
3 1 U -1
4 0 L 2
5 0 L 2
6 1 U -1
7 0 L 2
8 0 U 0
9 0 U 4
10 0 U 6
11 1 L 7
12 0 L -1
13 1 L 12
14 0 U 1
15 0 L -1
16 0 U -1
17 0 L 9
18 1 L 1
19 0 U 0
20 0 U 11
21 0 U -1
22 1 U 17
23 0 L 8
24 0 U 14
25 0 U -1
26 1 L 22
27 1 U -1
28 0 U 0
29 0 L 16
30 0 L 24
31 0 U 19
32 0 L 23
33 0 L 0
34 0 L 5
35 0 U 13
36 0 L -1
37 1 U 6
38 1 L 19
39 0 U 27
40 1 L 6
41 1 L 14
42 0 U 17
43 0 L 41
44 1 L 10
45 0 U 39
46 1 U 35
47 0 L 46
48 1 L 46
49 1 U 21
50 0 U -1
51 0 U 31
52 0 L 47
53 1 U 50
54
0 1 L -1
1 1 U -1
2 1 U 0
3 1 U -1
4 0 L 2
5 0 L 2
6 1 U -1
7 0 L 2
8 0 U 3
9 0 U 4
10 0 U 6
11 1 L 7
12 0 L -1
13 1 L 12
14 0 U 1
15 0 L -1
16 0 U -1
17 0 L 9
18 1 L 5
19 0 U 10
20 0 U 11
21 1 U -1
22 1 U 8
23 0 L 10
24 0 U 14
25 0 U -1
26 1 L 22
27 1 U -1
28 0 U 10
29 1 L 16
30 0 L 24
31 0 U 19
32 0 L 23
33 1 L 0
34 0 L 5
35 1 U 30
36 0 L -1
37 1 U -1
38 1 L 19
39 0 U 27
40 0 L 6
41 0 L 14
42 0 U 17
43 0 L 41
44 1 L 10
45 0 U 0
46 1 U 35
47 0 U 12
48 0 L 46
49 1 U 1
50 0 U -1
51 0 U 11
52 0 L 31
53 1 U 50
54
0 1 L -1
1 1 U -1
2 1 U 0
3 1 U -1
4 0 L 2
5 0 L 2
6 1 U -1
7 0 L 2
8 0 U 0
9 0 U 4
10 0 U 6
11 1 L 7
12 0 L -1
13 1 L 12
14 0 U 1
15 0 L -1
16 0 U -1
17 0 L 9
18 1 L 15
19 0 U 10
20 0 U 11
21 1 U -1
22 1 U 2
23 0 L 8
24 0 U 14
25 0 U 6
26 0 L 22
27 1 U -1
28 0 U 0
29 1 L 17
30 0 L 24
31 0 U 19
32 0 L 23
33 0 L 0
34 0 L 5
35 1 U 12
36 0 L -1
37 1 U -1
38 1 L 19
39 0 U 24
40 1 L 6
41 1 L 40
42 0 U 17
43 0 L 41
44 1 L 34
45 0 U 3
46 0 L 38
47 0 U 39
48 1 L 30
49 1 U 1
50 0 U -1
51 0 U 12
52 0 L 31
53 1 U 50
54
0 1 L -1
1 1 U -1
2 1 U 0
3 1 U -1
4 0 L 2
5 0 L 2
6 1 U -1
7 0 L 2
8 0 U 3
9 0 U 4
10 1 U 6
11 1 L 7
12 0 L -1
13 1 L 12
14 0 U 1
15 0 L -1
16 0 U -1
17 0 L 9
18 1 L 5
19 0 U 0
20 0 U 11
21 1 U -1
22 1 U 8
23 0 L 8
24 0 U 14
25 0 U 6
26 0 L 22
27 1 U -1
28 0 U 10
29 0 L 17
30 0 L 24
31 0 U 19
32 0 L 23
33 0 L 0
34 0 L 1
35 0 U 11
36 0 L -1
37 1 U -1
38 1 L 19
39 0 U 31
40 1 L 6
41 1 L 40
42 0 U 17
43 1 L 41
44 1 L 34
45 0 U 10
46 0 L 38
47 0 U 11
48 0 L 46
49 1 U 21
50 0 U -1
51 0 U 13
52 0 L 48
53 1 U 50
54
0 1 L -1
1 1 U -1
2 1 U 0
3 1 U -1
4 0 L 2
5 0 L 1
6 1 U -1
7 0 L 2
8 0 U 3
9 0 U 4
10 1 U 6
11 1 L 7
12 0 L -1
13 1 L 2
14 0 U 1
15 0 L -1
16 0 U -1
17 0 L 9
18 1 L 15
19 0 U 0
20 0 U 11
21 0 U -1
22 1 U 17
23 0 L 8
24 0 U 14
25 0 U 6
26 0 L 22
27 1 U -1
28 0 U 0
29 0 L 17
30 0 L 24
31 0 U 19
32 0 L 23
33 0 L 0
34 0 L 1
35 0 U 11
36 0 L -1
37 1 U 6
38 1 L 19
39 0 U 31
40 1 L 6
41 1 L 20
42 0 U 19
43 0 L 41
44 1 L 34
45 0 U 16
46 0 L 38
47 0 U 11
48 0 L 46
49 1 U 37
50 0 U -1
51 0 U 30
52 0 L 31
53 1 U 50
54
0 1 U -1
1 1 U -1
2 1 U 0
3 1 U -1
4 0 L 2
5 0 L 2
6 1 U -1
7 0 L 2
8 0 U 3
9 0 U 4
10 0 U 6
11 1 L 7
12 0 L -1
13 1 L 2
14 0 U 6
15 0 L -1
16 0 U -1
17 0 L 9
18 1 L 1
19 0 U 10
20 0 U 11
21 1 U -1
22 1 U 8
23 0 L 8
24 0 U 4
25 0 U 6
26 1 L 22
27 1 U -1
28 0 U 0
29 1 L 16
30 0 L 24
31 0 U 19
32 0 L 22
33 0 L 0
34 0 L 1
35 0 U 30
36 0 L -1
37 1 U 6
38 1 L 19
39 0 U 31
40 1 L 6
41 1 L 20
42 0 U 19
43 0 L 41
44 1 L 34
45 0 U 10
46 1 L 38
47 0 U 11
48 0 L 46
49 1 U 1
50 0 U -1
51 1 U 30
52 1 L 39
53 1 U 50
54
0 1 U -1
1 1 U -1
2 1 U 0
3 1 U -1
4 0 L 2
5 0 L 1
6 1 U -1
7 0 L 2
8 0 U 3
9 0 U 4
10 1 U 6
11 1 L 7
12 0 L -1
13 1 L 2
14 0 U 1
15 0 L -1
16 0 U -1
17 0 L 9
18 1 L 1
19 0 U 0
20 0 U 11
21 0 U -1
22 1 U 5
23 0 L 11
24 0 U 4
25 0 U -1
26 0 L 22
27 1 U -1
28 0 U 0
29 1 L 16
30 0 L 24
31 0 U 17
32 0 L 23
33 0 L 0
34 0 L 1
35 0 U 30
36 0 L -1
37 1 U -1
38 1 L 19
39 0 U 9
40 1 L 6
41 1 L 20
42 0 U 19
43 0 L 41
44 1 L 34
45 0 U 10
46 0 L 38
47 0 U 11
48 0 L 46
49 1 U 1
50 0 U -1
51 0 U 11
52 0 L 39
53 1 U 50
54
0 1 U -1
1 1 U -1
2 1 U 0
3 1 U -1
4 0 L 2
5 0 L 1
6 1 U -1
7 0 L 2
8 0 U 0
9 0 U 4
10 0 U 6
11 1 L 7
12 0 L -1
13 1 L 12
14 0 U 1
15 0 L -1
16 0 U -1
17 0 L 9
18 1 L 1
19 0 U 0
20 0 U 11
21 0 U -1
22 1 U 2
23 0 L 11
24 0 U 4
25 0 U -1
26 1 L 22
27 1 U -1
28 0 U 10
29 1 L 16
30 0 L 24
31 0 U 17
32 0 L 23
33 0 L 0
34 0 L 1
35 0 U 13
36 0 L -1
37 1 U 6
38 1 L 19
39 0 U 9
40 1 L 6
41 1 L 40
42 0 U 19
43 0 L 41
44 1 L 34
45 0 U 16
46 0 L 38
47 0 U 39
48 0 L 46
49 1 U 25
50 0 U -1
51 0 U 39
52 1 L 39
53 1 U 50
54
0 1 L -1
1 1 U -1
2 1 U 0
3 1 U -1
4 0 L 2
5 0 L 2
6 1 U -1
7 0 L 2
8 0 U 0
9 0 U 4
10 0 U 6
11 1 L 7
12 0 L -1
13 1 L 12
14 0 U 1
15 0 L -1
16 0 U -1
17 0 L 9
18 1 L 1
19 0 U 3
20 0 U 12
21 1 U -1
22 1 U 2
23 0 L 8
24 0 U 4
25 0 U -1
26 1 L 22
27 1 U -1
28 0 U 3
29 1 L 17
30 0 L 24
31 0 U 17
32 0 L 22
33 1 L 0
34 0 L 33
35 0 U 30
36 0 L -1
37 1 U 6
38 1 L 19
39 0 U 9
40 1 L 6
41 1 L 40
42 0 U 19
43 0 L 41
44 1 L 34
45 0 U 27
46 0 L 38
47 0 U 39
48 0 L 46
49 1 U 1
50 0 U -1
51 0 U 11
52 0 L 47
53 1 U 50
54
0 1 L -1
1 1 U -1
2 1 U 0
3 1 U -1
4 0 L 2
5 0 L 2
6 1 U -1
7 0 L 2
8 0 U 0
9 0 U 4
10 1 U 6
11 1 L 7
12 0 L -1
13 1 L 2
14 0 U 1
15 0 L -1
16 0 U -1
17 0 L 9
18 1 L 5
19 0 U 0
20 0 U 12
21 0 U -1
22 1 U 5
23 0 L 8
24 0 U 8
25 0 U -1
26 1 L 22
27 0 U -1
28 0 U 3
29 0 L 22
30 0 L 24
31 0 U 19
32 0 L 23
33 0 L 0
34 0 L 15
35 1 U 30
36 0 L -1
37 0 U -1
38 1 L 29
39 0 U 9
40 1 L 11
41 0 L 40
42 0 U 19
43 1 L 41
44 1 L 34
45 0 U 0
46 0 L 38
47 0 U 39
48 0 L 46
49 1 U 37
50 0 U -1
51 0 U 39
52 0 L 47
53 1 U 50
54
0 1 U -1
1 1 U -1
2 1 U 0
3 1 U -1
4 0 L 2
5 0 L 2
6 1 U -1
7 0 L 2
8 0 U 0
9 0 U 4
10 0 U 6
11 1 L 7
12 0 L -1
13 1 L 2
14 0 U 1
15 0 L -1
16 1 U -1
17 0 L 9
18 1 L 9
19 0 U 0
20 0 U 12
21 0 U -1
22 1 U 5
23 0 L 11
24 0 U 14
25 0 U 6
26 0 L 22
27 1 U -1
28 0 U 3
29 0 L 22
30 0 L 24
31 0 U 19
32 0 L 23
33 0 L 0
34 0 L 15
35 1 U 30
36 0 L -1
37 0 U -1
38 1 L 29
39 0 U 9
40 1 L 11
41 0 L 40
42 0 U 19
43 1 L 22
44 0 L 10
45 0 U 0
46 1 L 38
47 0 U 39
48 0 L 46
49 1 U 37
50 0 U -1
51 0 L 39
52 0 L 47
53 1 U 50
54
0 1 U -1
1 1 U -1
2 1 U 0
3 1 U -1
4 0 L 2
5 0 L 2
6 1 U -1
7 0 L 2
8 0 U 0
9 0 U 4
10 1 U 6
11 1 L 7
12 0 L -1
13 1 L 12
14 0 U 1
15 0 L -1
16 1 U -1
17 0 L 9
18 1 L 1
19 0 U 0
20 0 L 7
21 1 U -1
22 1 U 19
23 0 L 11
24 0 U 8
25 1 U 6
26 0 L 22
27 0 U -1
28 0 U 3
29 1 L 22
30 0 L 24
31 0 U 19
32 0 L 23
33 0 L 0
34 1 L 15
35 1 U 30
36 0 L -1
37 0 U -1
38 1 L 29
39 0 U 9
40 1 L 34
41 1 L 40
42 0 U 19
43 1 L 22
44 0 L 4
45 0 U 37
46 0 L 38
47 0 U 39
48 0 L 46
49 1 U 37
50 0 U -1
51 0 U 39
52 0 L 47
53 1 U 50
54
0 1 U -1
1 1 U -1
2 1 U 0
3 1 U -1
4 0 L 2
5 0 L 2
6 1 U -1
7 0 L 2
8 0 U 0
9 0 U 4
10 0 U 6
11 1 L 7
12 0 L -1
13 1 L 12
14 0 U 1
15 0 L -1
16 0 U -1
17 0 L 9
18 1 L 1
19 0 U 3
20 0 L 7
21 1 U -1
22 1 U 5
23 0 L 11
24 0 U 14
25 0 U -1
26 0 L 22
27 1 U -1
28 0 U 3
29 1 L 22
30 0 L 24
31 0 U 17
32 0 L 23
33 0 L 0
34 1 L 15
35 0 U 30
36 0 L -1
37 1 U -1
38 1 L 29
39 0 U 31
40 1 L 34
41 1 L 40
42 0 U 19
43 1 L 22
44 0 L 3
45 0 U 16
46 0 L 38
47 0 U 39
48 0 L 46
49 1 U 37
50 0 U -1
51 0 U 9
52 0 L 31
53 1 U 50
54
0 1 L -1
1 1 U -1
2 1 U 0
3 1 U -1
4 0 L 2
5 0 L 1
6 1 U -1
7 0 L 2
8 0 U 3
9 0 U 4
10 0 U 6
11 1 L 7
12 0 L -1
13 1 L 2
14 0 U 1
15 0 L -1
16 0 U -1
17 0 L 9
18 1 L 1
19 0 U 3
20 0 L 7
21 0 U -1
22 1 U 19
23 0 L 8
24 0 U 4
25 0 U -1
26 1 L 22
27 1 U -1
28 0 U 3
29 1 L 22
30 0 L 24
31 0 U 17
32 0 L 23
33 0 L 0
34 1 L 15
35 1 U 30
36 0 L -1
37 1 U 6
38 1 L 29
39 0 U 31
40 1 L 34
41 0 L 40
42 0 U 2
43 1 L 22
44 0 L 34
45 0 U 3
46 0 L 38
47 0 L 30
48 0 L 46
49 1 U 25
50 0 U -1
51 0 L 39
52 1 L 48
53 1 U 50
54
0 1 L -1
1 1 U -1
2 1 U 0
3 1 U -1
4 0 L 2
5 0 L 1
6 1 U -1
7 0 L 2
8 0 U 3
9 0 U 4
10 0 U 6
11 1 L 7
12 0 L -1
13 1 L 2
14 0 U 1
15 0 L -1
16 0 U -1
17 0 L 9
18 1 L 1
19 0 U 3
20 0 L 7
21 1 U -1
22 1 U 19
23 0 L 11
24 0 U 17
25 0 U -1
26 1 L 22
27 1 U -1
28 0 U 10
29 1 L 22
30 0 L 24
31 0 U 17
32 0 L 23
33 0 L 0
34 0 L 15
35 0 U 30
36 0 L -1
37 1 U 6
38 1 L 29
39 0 U 31
40 0 L 34
41 1 L 40
42 0 U 2
43 1 L 22
44 0 L 11
45 0 U 0
46 1 L 38
47 0 L 46
48 0 L 46
49 1 U 25
50 0 U -1
51 0 L 47
52 1 L 48
53 1 U 50
54
0 1 L -1
1 1 U -1
2 1 U 0
3 1 U -1
4 0 L 2
5 0 L 1
6 1 U -1
7 0 L 2
8 0 U 3
9 0 U 4
10 0 U 6
11 1 L 7
12 0 L -1
13 1 L 12
14 0 U 1
15 0 L -1
16 0 U -1
17 0 L 9
18 1 L 1
19 0 U 3
20 0 L 7
21 1 U -1
22 1 U 2
23 0 L 8
24 0 U 14
25 0 U -1
26 0 L 22
27 1 U -1
28 0 U 16
29 0 L 16
30 0 L 24
31 0 U 17
32 0 L 23
33 0 L 0
34 1 L 15
35 0 U 30
36 0 L -1
37 1 U 6
38 1 L 26
39 0 U 31
40 1 L 34
41 1 L 40
42 0 U 19
43 0 L 23
44 0 L 18
45 0 U 0
46 1 L 38
47 0 L 46
48 0 L 46
49 1 U 25
50 0 U -1
51 0 U 30
52 1 L 47
53 1 U 50
54
0 1 U -1
1 1 U -1
2 1 U 0
3 1 U -1
4 0 L 2
5 0 L 1
6 1 U -1
7 0 L 2
8 0 U 3
9 0 U 4
10 0 U 6
11 1 L 7
12 0 L -1
13 1 L 12
14 0 U 1
15 0 L -1
16 0 U -1
17 0 L 9
18 1 L 1
19 0 U 0
20 0 L 4
21 0 U -1
22 1 U 8
23 0 L 11
24 0 U 14
25 1 U -1
26 1 L 22
27 1 U -1
28 0 U 3
29 0 L 17
30 0 L 24
31 0 U 8
32 0 L 23
33 0 L 0
34 0 L 15
35 0 U 30
36 0 L -1
37 0 U -1
38 1 L 26
39 0 U 31
40 1 L 34
41 1 L 40
42 0 U 8
43 0 L 23
44 0 L 10
45 0 U 3
46 0 L 38
47 0 L 46
48 0 L 46
49 1 U 27
50 0 U -1
51 1 U 30
52 0 L 47
53 1 U 50
54
0 1 L -1
1 1 U -1
2 1 U 0
3 1 U -1
4 0 L 2
5 0 L 1
6 1 U -1
7 0 L 2
8 0 U 3
9 0 U 4
10 0 U 6
11 1 L 7
12 0 L -1
13 1 L 12
14 0 U 1
15 0 L -1
16 0 U -1
17 0 L 9
18 1 L 1
19 0 U 0
20 0 L 13
21 1 U -1
22 1 U 8
23 0 L 11
24 0 U 4
25 0 U -1
26 0 L 22
27 1 U -1
28 0 U 3
29 1 L 16
30 0 L 24
31 0 U 8
32 0 L 23
33 0 L 0
34 0 L 15
35 0 U 30
36 0 L -1
37 1 U 6
38 1 L 19
39 0 U 31
40 1 L 34
41 0 L 6
42 0 U 8
43 1 L 23
44 0 L 40
45 0 U 0
46 0 L 38
47 0 L 27
48 0 L 46
49 1 U 25
50 0 U -1
51 0 U 11
52 1 L 48
53 1 U 50
54
0 1 L -1
1 1 U -1
2 1 U 0
3 1 U -1
4 0 L 2
5 0 L 2
6 1 U -1
7 0 L 2
8 0 U 3
9 0 U 4
10 0 U 6
11 1 L 7
12 0 L -1
13 1 L 2
14 0 U 1
15 0 L -1
16 0 U -1
17 0 L 9
18 1 L 1
19 0 U 16
20 0 L 13
21 0 U -1
22 1 U 5
23 0 L 11
24 0 U 4
25 0 U -1
26 0 L 22
27 1 U -1
28 0 U 0
29 1 L 16
30 0 L 24
31 0 U 8
32 0 L 22
33 0 L 0
34 0 L 15
35 0 U 30
36 0 L -1
37 1 U 6
38 1 L 19
39 0 U 31
40 1 L 34
41 0 L 40
42 0 U 8
43 1 L 23
44 0 L 40
45 0 U 3
46 0 L 38
47 0 L 45
48 0 L 46
49 1 U 27
50 0 U -1
51 0 U 11
52 0 L 48
53 1 U 50
