37
0 1 U -1
1 0 U -1
2 0 U -1
3 0 U -1
4 1 U -1
5 0 U -1
6 1 U -1
7 0 U -1
8 1 U -1
9 1 U -1
10 0 U -1
11 1 U -1
12 1 U -1
13 0 U -1
14 1 U -1
15 1 U -1
16 0 U -1
17 1 U -1
18 1 U -1
19 0 U -1
20 0 U -1
21 1 U -1
22 0 U -1
23 0 U -1
24 1 U -1
25 0 U -1
26 0 U -1
27 0 U -1
28 0 U -1
29 1 U -1
30 1 U -1
31 0 U -1
32 0 U -1
33 0 U -1
34 1 U -1
35 1 U -1
36 1 U -1
37
0 1 U -1
1 0 U -1
2 0 U -1
3 0 U -1
4 1 U -1
5 0 U -1
6 1 U -1
7 0 U -1
8 1 U -1
9 1 U -1
10 0 U -1
11 1 U -1
12 1 U -1
13 0 U -1
14 1 U -1
15 1 U -1
16 0 U -1
17 1 U -1
18 1 U -1
19 0 U -1
20 0 U -1
21 1 U -1
22 0 U -1
23 0 U -1
24 1 U -1
25 0 U -1
26 0 U -1
27 0 U -1
28 0 U -1
29 1 U -1
30 1 U -1
31 0 U -1
32 0 U -1
33 0 U -1
34 1 U -1
35 1 U -1
36 1 U -1
37
0 1 U -1
1 0 U -1
2 0 U -1
3 0 U -1
4 1 U -1
5 0 U -1
6 1 U -1
7 0 U -1
8 1 U -1
9 1 U -1
10 0 U -1
11 1 U -1
12 1 U -1
13 0 U -1
14 1 U -1
15 1 U -1
16 0 U -1
17 1 U -1
18 1 U -1
19 0 U -1
20 0 U -1
21 1 U -1
22 0 U -1
23 0 U -1
24 1 U -1
25 0 U -1
26 0 U -1
27 0 U -1
28 0 U -1
29 1 U -1
30 1 U -1
31 0 U -1
32 0 U -1
33 0 U -1
34 1 U -1
35 1 U -1
36 1 U -1
37
0 1 U -1
1 0 U -1
2 0 U -1
3 0 U -1
4 1 U -1
5 0 U -1
6 1 U -1
7 0 U -1
8 1 U -1
9 1 U -1
10 0 U -1
11 1 U -1
12 1 U -1
13 0 U -1
14 1 U -1
15 1 U -1
16 0 U -1
17 1 U -1
18 1 U -1
19 0 U -1
20 0 U -1
21 1 U -1
22 0 U -1
23 0 U -1
24 1 U -1
25 0 U -1
26 0 U -1
27 0 U -1
28 0 U -1
29 1 U -1
30 1 U -1
31 0 U -1
32 0 U -1
33 0 U -1
34 1 U -1
35 1 U -1
36 1 U -1
37
0 1 U -1
1 0 U -1
2 0 U -1
3 0 U -1
4 1 U -1
5 0 U -1
6 1 U -1
7 0 U -1
8 1 U -1
9 1 U -1
10 0 U -1
11 1 U -1
12 1 U -1
13 0 U -1
14 1 U -1
15 1 U -1
16 0 U -1
17 1 U -1
18 1 U -1
19 0 U -1
20 0 U -1
21 1 U -1
22 0 U -1
23 0 U -1
24 1 U -1
25 0 U -1
26 0 U -1
27 0 U -1
28 0 U -1
29 1 U -1
30 1 U -1
31 0 U -1
32 0 U -1
33 0 U -1
34 1 U -1
35 1 U -1
36 1 U -1
37
0 1 U -1
1 0 U -1
2 0 U -1
3 0 U -1
4 1 U -1
5 0 U -1
6 1 U -1
7 0 U -1
8 1 U -1
9 1 U -1
10 0 U -1
11 1 U -1
12 1 U -1
13 0 U -1
14 1 U -1
15 1 U -1
16 0 U -1
17 1 U -1
18 1 U -1
19 0 U -1
20 0 U -1
21 1 U -1
22 0 U -1
23 0 U -1
24 1 U -1
25 0 U -1
26 0 U -1
27 0 U -1
28 0 U -1
29 1 U -1
30 1 U -1
31 0 U -1
32 0 U -1
33 0 U -1
34 1 U -1
35 1 U -1
36 1 U -1
37
0 1 U -1
1 0 U -1
2 0 U -1
3 0 U -1
4 1 U -1
5 0 U -1
6 1 U -1
7 0 U -1
8 1 U -1
9 1 U -1
10 0 U -1
11 1 U -1
12 1 U -1
13 0 U -1
14 1 U -1
15 1 U -1
16 0 U -1
17 1 U -1
18 1 U -1
19 0 U -1
20 0 U -1
21 1 U -1
22 0 U -1
23 0 U -1
24 1 U -1
25 0 U -1
26 0 U -1
27 0 U -1
28 0 U -1
29 1 U -1
30 1 U -1
31 0 U -1
32 0 U -1
33 0 U -1
34 1 U -1
35 1 U -1
36 1 U -1
37
0 1 U -1
1 0 U -1
2 0 U -1
3 0 U -1
4 1 U -1
5 0 U -1
6 1 U -1
7 0 U -1
8 1 U -1
9 1 U -1
10 0 U -1
11 1 U -1
12 1 U -1
13 0 U -1
14 1 U -1
15 1 U -1
16 0 U -1
17 1 U -1
18 1 U -1
19 0 U -1
20 0 U -1
21 1 U -1
22 0 U -1
23 0 U -1
24 1 U -1
25 0 U -1
26 0 U -1
27 0 U -1
28 0 U -1
29 1 U -1
30 1 U -1
31 0 U -1
32 0 U -1
33 0 U -1
34 1 U -1
35 1 U -1
36 1 U -1
37
0 1 U -1
1 0 U -1
2 0 U -1
3 0 U -1
4 1 U -1
5 0 U -1
6 1 U -1
7 0 U -1
8 1 U -1
9 1 U -1
10 0 U -1
11 1 U -1
12 1 U -1
13 0 U -1
14 1 U -1
15 1 U -1
16 0 U -1
17 1 U -1
18 1 U -1
19 0 U -1
20 0 U -1
21 1 U -1
22 0 U -1
23 0 U -1
24 1 U -1
25 0 U -1
26 0 U -1
27 0 U -1
28 0 U -1
29 1 U -1
30 1 U -1
31 0 U -1
32 0 U -1
33 0 U -1
34 1 U -1
35 1 U -1
36 1 U -1
37
0 1 U -1
1 0 U -1
2 0 U -1
3 0 U -1
4 1 U -1
5 0 U -1
6 1 U -1
7 0 U -1
8 1 U -1
9 1 U -1
10 0 U -1
11 1 U -1
12 1 U -1
13 0 U -1
14 1 U -1
15 1 U -1
16 0 U -1
17 1 U -1
18 1 U -1
19 0 U -1
20 0 U -1
21 1 U -1
22 0 U -1
23 0 U -1
24 1 U -1
25 0 U -1
26 0 U -1
27 0 U -1
28 0 U -1
29 1 U -1
30 1 U -1
31 0 U -1
32 0 U -1
33 0 U -1
34 1 U -1
35 1 U -1
36 1 U -1
37
0 1 U -1
1 0 U -1
2 0 U -1
3 0 U -1
4 1 U -1
5 0 U -1
6 1 U -1
7 0 U -1
8 1 U -1
9 1 U -1
10 0 U -1
11 1 U -1
12 1 U -1
13 0 U -1
14 1 U -1
15 1 U -1
16 0 U -1
17 1 U -1
18 1 U -1
19 0 U -1
20 0 U -1
21 1 U -1
22 0 U -1
23 0 U -1
24 1 U -1
25 0 U -1
26 0 U -1
27 0 U -1
28 0 U -1
29 1 U -1
30 1 U -1
31 0 U -1
32 0 U -1
33 0 U -1
34 1 U -1
35 1 U -1
36 1 U -1
37
0 1 U -1
1 0 U -1
2 0 U -1
3 0 U -1
4 1 U -1
5 0 U -1
6 1 U -1
7 0 U -1
8 1 U -1
9 1 U -1
10 0 U -1
11 1 U -1
12 1 U -1
13 0 U -1
14 1 U -1
15 1 U -1
16 0 U -1
17 1 U -1
18 1 U -1
19 0 U -1
20 0 U -1
21 1 U -1
22 0 U -1
23 0 U -1
24 1 U -1
25 0 U -1
26 0 U -1
27 0 U -1
28 0 U -1
29 1 U -1
30 1 U -1
31 0 U -1
32 0 U -1
33 0 U -1
34 1 U -1
35 1 U -1
36 1 U -1
37
0 1 U -1
1 0 U -1
2 0 U -1
3 0 U -1
4 1 U -1
5 0 U -1
6 1 U -1
7 0 U -1
8 1 U -1
9 1 U -1
10 0 U -1
11 1 U -1
12 1 U -1
13 0 U -1
14 1 U -1
15 1 U -1
16 0 U -1
17 1 U -1
18 1 U -1
19 0 U -1
20 0 U -1
21 1 U -1
22 0 U -1
23 0 U -1
24 1 U -1
25 0 U -1
26 0 U -1
27 0 U -1
28 0 U -1
29 1 U -1
30 1 U -1
31 0 U -1
32 0 U -1
33 0 U -1
34 1 U -1
35 1 U -1
36 1 U -1
37
0 1 U -1
1 0 U -1
2 0 U -1
3 0 U -1
4 1 U -1
5 0 U -1
6 1 U -1
7 0 U -1
8 1 U -1
9 1 U -1
10 0 U -1
11 1 U -1
12 1 U -1
13 0 U -1
14 1 U -1
15 1 U -1
16 0 U -1
17 1 U -1
18 1 U -1
19 0 U -1
20 0 U -1
21 1 U -1
22 0 U -1
23 0 U -1
24 1 U -1
25 0 U -1
26 0 U -1
27 0 U -1
28 0 U -1
29 1 U -1
30 1 U -1
31 0 U -1
32 0 U -1
33 0 U -1
34 1 U -1
35 1 U -1
36 1 U -1
37
0 1 U -1
1 0 U -1
2 0 U -1
3 0 U -1
4 1 U -1
5 0 U -1
6 1 U -1
7 0 U -1
8 1 U -1
9 1 U -1
10 0 U -1
11 1 U -1
12 1 U -1
13 0 U -1
14 1 U -1
15 1 U -1
16 0 U -1
17 1 U -1
18 1 U -1
19 0 U -1
20 0 U -1
21 1 U -1
22 0 U -1
23 0 U -1
24 1 U -1
25 0 U -1
26 0 U -1
27 0 U -1
28 0 U -1
29 1 U -1
30 1 U -1
31 0 U -1
32 0 U -1
33 0 U -1
34 1 U -1
35 1 U -1
36 1 U -1
37
0 1 U -1
1 0 U -1
2 0 U -1
3 0 U -1
4 1 U -1
5 0 U -1
6 1 U -1
7 0 U -1
8 1 U -1
9 1 U -1
10 0 U -1
11 1 U -1
12 1 U -1
13 0 U -1
14 1 U -1
15 1 U -1
16 0 U -1
17 1 U -1
18 1 U -1
19 0 U -1
20 0 U -1
21 1 U -1
22 0 U -1
23 0 U -1
24 1 U -1
25 0 U -1
26 0 U -1
27 0 U -1
28 0 U -1
29 1 U -1
30 1 U -1
31 0 U -1
32 0 U -1
33 0 U -1
34 1 U -1
35 1 U -1
36 1 U -1
37
0 1 U -1
1 0 U -1
2 0 U -1
3 0 U -1
4 1 U -1
5 0 U -1
6 1 U -1
7 0 U -1
8 1 U -1
9 1 U -1
10 0 U -1
11 1 U -1
12 1 U -1
13 0 U -1
14 1 U -1
15 1 U -1
16 0 U -1
17 1 U -1
18 1 U -1
19 0 U -1
20 0 U -1
21 1 U -1
22 0 U -1
23 0 U -1
24 1 U -1
25 0 U -1
26 0 U -1
27 0 U -1
28 0 U -1
29 1 U -1
30 1 U -1
31 0 U -1
32 0 U -1
33 0 U -1
34 1 U -1
35 1 U -1
36 1 U -1
37
0 1 U -1
1 0 U -1
2 0 U -1
3 0 U -1
4 1 U -1
5 0 U -1
6 1 U -1
7 0 U -1
8 1 U -1
9 1 U -1
10 0 U -1
11 1 U -1
12 1 U -1
13 0 U -1
14 1 U -1
15 1 U -1
16 0 U -1
17 1 U -1
18 1 U -1
19 0 U -1
20 0 U -1
21 1 U -1
22 0 U -1
23 0 U -1
24 1 U -1
25 0 U -1
26 0 U -1
27 0 U -1
28 0 U -1
29 1 U -1
30 1 U -1
31 0 U -1
32 0 U -1
33 0 U -1
34 1 U -1
35 1 U -1
36 1 U -1
37
0 1 U -1
1 0 U -1
2 0 U -1
3 0 U -1
4 1 U -1
5 0 U -1
6 1 U -1
7 0 U -1
8 1 U -1
9 1 U -1
10 0 U -1
11 1 U -1
12 1 U -1
13 0 U -1
14 1 U -1
15 1 U -1
16 0 U -1
17 1 U -1
18 1 U -1
19 0 U -1
20 0 U -1
21 1 U -1
22 0 U -1
23 0 U -1
24 1 U -1
25 0 U -1
26 0 U -1
27 0 U -1
28 0 U -1
29 1 U -1
30 1 U -1
31 0 U -1
32 0 U -1
33 0 U -1
34 1 U -1
35 1 U -1
36 1 U -1
37
0 1 U -1
1 0 U -1
2 0 U -1
3 0 U -1
4 1 U -1
5 0 U -1
6 1 U -1
7 0 U -1
8 1 U -1
9 1 U -1
10 0 U -1
11 1 U -1
12 1 U -1
13 0 U -1
14 1 U -1
15 1 U -1
16 0 U -1
17 1 U -1
18 1 U -1
19 0 U -1
20 0 U -1
21 1 U -1
22 0 U -1
23 0 U -1
24 1 U -1
25 0 U -1
26 0 U -1
27 0 U -1
28 0 U -1
29 1 U -1
30 1 U -1
31 0 U -1
32 0 U -1
33 0 U -1
34 1 U -1
35 1 U -1
36 1 U -1
37
0 1 U -1
1 0 U -1
2 0 U -1
3 0 U -1
4 1 U -1
5 0 U -1
6 1 U -1
7 0 U -1
8 1 U -1
9 1 U -1
10 0 U -1
11 1 U -1
12 1 U -1
13 0 U -1
14 1 U -1
15 1 U -1
16 0 U -1
17 1 U -1
18 1 U -1
19 0 U -1
20 0 U -1
21 1 U -1
22 0 U -1
23 0 U -1
24 1 U -1
25 0 U -1
26 0 U -1
27 0 U -1
28 0 U -1
29 1 U -1
30 1 U -1
31 0 U -1
32 0 U -1
33 0 U -1
34 1 U -1
35 1 U -1
36 1 U -1
37
0 1 U -1
1 0 U -1
2 0 U -1
3 0 U -1
4 1 U -1
5 0 U -1
6 1 U -1
7 0 U -1
8 1 U -1
9 1 U -1
10 0 U -1
11 1 U -1
12 1 U -1
13 0 U -1
14 1 U -1
15 1 U -1
16 0 U -1
17 1 U -1
18 1 U -1
19 0 U -1
20 0 U -1
21 1 U -1
22 0 U -1
23 0 U -1
24 1 U -1
25 0 U -1
26 0 U -1
27 0 U -1
28 0 U -1
29 1 U -1
30 1 U -1
31 0 U -1
32 0 U -1
33 0 U -1
34 1 U -1
35 1 U -1
36 1 U -1
37
0 1 U -1
1 0 U -1
2 0 U -1
3 0 U -1
4 1 U -1
5 0 U -1
6 1 U -1
7 0 U -1
8 1 U -1
9 1 U -1
10 0 U -1
11 1 U -1
12 1 U -1
13 0 U -1
14 1 U -1
15 1 U -1
16 0 U -1
17 1 U -1
18 1 U -1
19 0 U -1
20 0 U -1
21 1 U -1
22 0 U -1
23 0 U -1
24 1 U -1
25 0 U -1
26 0 U -1
27 0 U -1
28 0 U -1
29 1 U -1
30 1 U -1
31 0 U -1
32 0 U -1
33 0 U -1
34 1 U -1
35 1 U -1
36 1 U -1
37
0 1 U -1
1 0 U -1
2 0 U -1
3 0 U -1
4 1 U -1
5 0 U -1
6 1 U -1
7 0 U -1
8 1 U -1
9 1 U -1
10 0 U -1
11 1 U -1
12 1 U -1
13 0 U -1
14 1 U -1
15 1 U -1
16 0 U -1
17 1 U -1
18 1 U -1
19 0 U -1
20 0 U -1
21 1 U -1
22 0 U -1
23 0 U -1
24 1 U -1
25 0 U -1
26 0 U -1
27 0 U -1
28 0 U -1
29 1 U -1
30 1 U -1
31 0 U -1
32 0 U -1
33 0 U -1
34 1 U -1
35 1 U -1
36 1 U -1
37
0 1 U -1
1 0 U -1
2 0 U -1
3 0 U -1
4 1 U -1
5 0 U -1
6 1 U -1
7 0 U -1
8 1 U -1
9 1 U -1
10 0 U -1
11 1 U -1
12 1 U -1
13 0 U -1
14 1 U -1
15 1 U -1
16 0 U -1
17 1 U -1
18 1 U -1
19 0 U -1
20 0 U -1
21 1 U -1
22 0 U -1
23 0 U -1
24 1 U -1
25 0 U -1
26 0 U -1
27 0 U -1
28 0 U -1
29 1 U -1
30 1 U -1
31 0 U -1
32 0 U -1
33 0 U -1
34 1 U -1
35 1 U -1
36 1 U -1
37
0 1 U -1
1 0 U -1
2 0 U -1
3 0 U -1
4 1 U -1
5 0 U -1
6 1 U -1
7 0 U -1
8 1 U -1
9 1 U -1
10 0 U -1
11 1 U -1
12 1 U -1
13 0 U -1
14 1 U -1
15 1 U -1
16 0 U -1
17 1 U -1
18 1 U -1
19 0 U -1
20 0 U -1
21 1 U -1
22 0 U -1
23 0 U -1
24 1 U -1
25 0 U -1
26 0 U -1
27 0 U -1
28 0 U -1
29 1 U -1
30 1 U -1
31 0 U -1
32 0 U -1
33 0 U -1
34 1 U -1
35 1 U -1
36 1 U -1
37
0 1 U -1
1 0 U -1
2 0 U -1
3 0 U -1
4 1 U -1
5 0 U -1
6 1 U -1
7 0 U -1
8 1 U -1
9 1 U -1
10 0 U -1
11 1 U -1
12 1 U -1
13 0 U -1
14 1 U -1
15 1 U -1
16 0 U -1
17 1 U -1
18 1 U -1
19 0 U -1
20 0 U -1
21 1 U -1
22 0 U -1
23 0 U -1
24 1 U -1
25 0 U -1
26 0 U -1
27 0 U -1
28 0 U -1
29 1 U -1
30 1 U -1
31 0 U -1
32 0 U -1
33 0 U -1
34 1 U -1
35 1 U -1
36 1 U -1
37
0 1 U -1
1 0 U -1
2 0 U -1
3 0 U -1
4 1 U -1
5 0 U -1
6 1 U -1
7 0 U -1
8 1 U -1
9 1 U -1
10 0 U -1
11 1 U -1
12 1 U -1
13 0 U -1
14 1 U -1
15 1 U -1
16 0 U -1
17 1 U -1
18 1 U -1
19 0 U -1
20 0 U -1
21 1 U -1
22 0 U -1
23 0 U -1
24 1 U -1
25 0 U -1
26 0 U -1
27 0 U -1
28 0 U -1
29 1 U -1
30 1 U -1
31 0 U -1
32 0 U -1
33 0 U -1
34 1 U -1
35 1 U -1
36 1 U -1
37
0 1 U -1
1 0 U -1
2 0 U -1
3 0 U -1
4 1 U -1
5 0 U -1
6 1 U -1
7 0 U -1
8 1 U -1
9 1 U -1
10 0 U -1
11 1 U -1
12 1 U -1
13 0 U -1
14 1 U -1
15 1 U -1
16 0 U -1
17 1 U -1
18 1 U -1
19 0 U -1
20 0 U -1
21 1 U -1
22 0 U -1
23 0 U -1
24 1 U -1
25 0 U -1
26 0 U -1
27 0 U -1
28 0 U -1
29 1 U -1
30 1 U -1
31 0 U -1
32 0 U -1
33 0 U -1
34 1 U -1
35 1 U -1
36 1 U -1
37
0 1 U -1
1 0 U -1
2 0 U -1
3 0 U -1
4 1 U -1
5 0 U -1
6 1 U -1
7 0 U -1
8 1 U -1
9 1 U -1
10 0 U -1
11 1 U -1
12 1 U -1
13 0 U -1
14 1 U -1
15 1 U -1
16 0 U -1
17 1 U -1
18 1 U -1
19 0 U -1
20 0 U -1
21 1 U -1
22 0 U -1
23 0 U -1
24 1 U -1
25 0 U -1
26 0 U -1
27 0 U -1
28 0 U -1
29 1 U -1
30 1 U -1
31 0 U -1
32 0 U -1
33 0 U -1
34 1 U -1
35 1 U -1
36 1 U -1
37
0 1 U -1
1 0 U -1
2 0 U -1
3 0 U -1
4 1 U -1
5 0 U -1
6 1 U -1
7 0 U -1
8 1 U -1
9 1 U -1
10 0 U -1
11 1 U -1
12 1 U -1
13 0 U -1
14 1 U -1
15 1 U -1
16 0 U -1
17 1 U -1
18 1 U -1
19 0 U -1
20 0 U -1
21 1 U -1
22 0 U -1
23 0 U -1
24 1 U -1
25 0 U -1
26 0 U -1
27 0 U -1
28 0 U -1
29 1 U -1
30 1 U -1
31 0 U -1
32 0 U -1
33 0 U -1
34 1 U -1
35 1 U -1
36 1 U -1
37
0 1 U -1
1 0 U -1
2 0 U -1
3 0 U -1
4 1 U -1
5 0 U -1
6 1 U -1
7 0 U -1
8 1 U -1
9 1 U -1
10 0 U -1
11 1 U -1
12 1 U -1
13 0 U -1
14 1 U -1
15 1 U -1
16 0 U -1
17 1 U -1
18 1 U -1
19 0 U -1
20 0 U -1
21 1 U -1
22 0 U -1
23 0 U -1
24 1 U -1
25 0 U -1
26 0 U -1
27 0 U -1
28 0 U -1
29 1 U -1
30 1 U -1
31 0 U -1
32 0 U -1
33 0 U -1
34 1 U -1
35 1 U -1
36 1 U -1
37
0 1 U -1
1 0 U -1
2 0 U -1
3 0 U -1
4 1 U -1
5 0 U -1
6 1 U -1
7 0 U -1
8 1 U -1
9 1 U -1
10 0 U -1
11 1 U -1
12 1 U -1
13 0 U -1
14 1 U -1
15 1 U -1
16 0 U -1
17 1 U -1
18 1 U -1
19 0 U -1
20 0 U -1
21 1 U -1
22 0 U -1
23 0 U -1
24 1 U -1
25 0 U -1
26 0 U -1
27 0 U -1
28 0 U -1
29 1 U -1
30 1 U -1
31 0 U -1
32 0 U -1
33 0 U -1
34 1 U -1
35 1 U -1
36 1 U -1
37
0 1 U -1
1 0 U -1
2 0 U -1
3 0 U -1
4 1 U -1
5 0 U -1
6 1 U -1
7 0 U -1
8 1 U -1
9 1 U -1
10 0 U -1
11 1 U -1
12 1 U -1
13 0 U -1
14 1 U -1
15 1 U -1
16 0 U -1
17 1 U -1
18 1 U -1
19 0 U -1
20 0 U -1
21 1 U -1
22 0 U -1
23 0 U -1
24 1 U -1
25 0 U -1
26 0 U -1
27 0 U -1
28 0 U -1
29 1 U -1
30 1 U -1
31 0 U -1
32 0 U -1
33 0 U -1
34 1 U -1
35 1 U -1
36 1 U -1
37
0 1 U -1
1 0 U -1
2 0 U -1
3 0 U -1
4 1 U -1
5 0 U -1
6 1 U -1
7 0 U -1
8 1 U -1
9 1 U -1
10 0 U -1
11 1 U -1
12 1 U -1
13 0 U -1
14 1 U -1
15 1 U -1
16 0 U -1
17 1 U -1
18 1 U -1
19 0 U -1
20 0 U -1
21 1 U -1
22 0 U -1
23 0 U -1
24 1 U -1
25 0 U -1
26 0 U -1
27 0 U -1
28 0 U -1
29 1 U -1
30 1 U -1
31 0 U -1
32 0 U -1
33 0 U -1
34 1 U -1
35 1 U -1
36 1 U -1
37
0 1 U -1
1 0 U -1
2 0 U -1
3 0 U -1
4 1 U -1
5 0 U -1
6 1 U -1
7 0 U -1
8 1 U -1
9 1 U -1
10 0 U -1
11 1 U -1
12 1 U -1
13 0 U -1
14 1 U -1
15 1 U -1
16 0 U -1
17 1 U -1
18 1 U -1
19 0 U -1
20 0 U -1
21 1 U -1
22 0 U -1
23 0 U -1
24 1 U -1
25 0 U -1
26 0 U -1
27 0 U -1
28 0 U -1
29 1 U -1
30 1 U -1
31 0 U -1
32 0 U -1
33 0 U -1
34 1 U -1
35 1 U -1
36 1 U -1
37
0 1 U -1
1 0 U -1
2 0 U -1
3 0 U -1
4 1 U -1
5 0 U -1
6 1 U -1
7 0 U -1
8 1 U -1
9 1 U -1
10 0 U -1
11 1 U -1
12 1 U -1
13 0 U -1
14 1 U -1
15 1 U -1
16 0 U -1
17 1 U -1
18 1 U -1
19 0 U -1
20 0 U -1
21 1 U -1
22 0 U -1
23 0 U -1
24 1 U -1
25 0 U -1
26 0 U -1
27 0 U -1
28 0 U -1
29 1 U -1
30 1 U -1
31 0 U -1
32 0 U -1
33 0 U -1
34 1 U -1
35 1 U -1
36 1 U -1
37
0 1 U -1
1 0 U -1
2 0 U -1
3 0 U -1
4 1 U -1
5 0 U -1
6 1 U -1
7 0 U -1
8 1 U -1
9 1 U -1
10 0 U -1
11 1 U -1
12 1 U -1
13 0 U -1
14 1 U -1
15 1 U -1
16 0 U -1
17 1 U -1
18 1 U -1
19 0 U -1
20 0 U -1
21 1 U -1
22 0 U -1
23 0 U -1
24 1 U -1
25 0 U -1
26 0 U -1
27 0 U -1
28 0 U -1
29 1 U -1
30 1 U -1
31 0 U -1
32 0 U -1
33 0 U -1
34 1 U -1
35 1 U -1
36 1 U -1
37
0 1 U -1
1 0 U -1
2 0 U -1
3 0 U -1
4 1 U -1
5 0 U -1
6 1 U -1
7 0 U -1
8 1 U -1
9 1 U -1
10 0 U -1
11 1 U -1
12 1 U -1
13 0 U -1
14 1 U -1
15 1 U -1
16 0 U -1
17 1 U -1
18 1 U -1
19 0 U -1
20 0 U -1
21 1 U -1
22 0 U -1
23 0 U -1
24 1 U -1
25 0 U -1
26 0 U -1
27 0 U -1
28 0 U -1
29 1 U -1
30 1 U -1
31 0 U -1
32 0 U -1
33 0 U -1
34 1 U -1
35 1 U -1
36 1 U -1
37
0 1 U -1
1 0 U -1
2 0 U -1
3 0 U -1
4 1 U -1
5 0 U -1
6 1 U -1
7 0 U -1
8 1 U -1
9 1 U -1
10 0 U -1
11 1 U -1
12 1 U -1
13 0 U -1
14 1 U -1
15 1 U -1
16 0 U -1
17 1 U -1
18 1 U -1
19 0 U -1
20 0 U -1
21 1 U -1
22 0 U -1
23 0 U -1
24 1 U -1
25 0 U -1
26 0 U -1
27 0 U -1
28 0 U -1
29 1 U -1
30 1 U -1
31 0 U -1
32 0 U -1
33 0 U -1
34 1 U -1
35 1 U -1
36 1 U -1
37
0 1 U -1
1 0 U -1
2 0 U -1
3 0 U -1
4 1 U -1
5 0 U -1
6 1 U -1
7 0 U -1
8 1 U -1
9 1 U -1
10 0 U -1
11 1 U -1
12 1 U -1
13 0 U -1
14 1 U -1
15 1 U -1
16 0 U -1
17 1 U -1
18 1 U -1
19 0 U -1
20 0 U -1
21 1 U -1
22 0 U -1
23 0 U -1
24 1 U -1
25 0 U -1
26 0 U -1
27 0 U -1
28 0 U -1
29 1 U -1
30 1 U -1
31 0 U -1
32 0 U -1
33 0 U -1
34 1 U -1
35 1 U -1
36 1 U -1
37
0 1 U -1
1 0 U -1
2 0 U -1
3 0 U -1
4 1 U -1
5 0 U -1
6 1 U -1
7 0 U -1
8 1 U -1
9 1 U -1
10 0 U -1
11 1 U -1
12 1 U -1
13 0 U -1
14 1 U -1
15 1 U -1
16 0 U -1
17 1 U -1
18 1 U -1
19 0 U -1
20 0 U -1
21 1 U -1
22 0 U -1
23 0 U -1
24 1 U -1
25 0 U -1
26 0 U -1
27 0 U -1
28 0 U -1
29 1 U -1
30 1 U -1
31 0 U -1
32 0 U -1
33 0 U -1
34 1 U -1
35 1 U -1
36 1 U -1
37
0 1 U -1
1 0 U -1
2 0 U -1
3 0 U -1
4 1 U -1
5 0 U -1
6 1 U -1
7 0 U -1
8 1 U -1
9 1 U -1
10 0 U -1
11 1 U -1
12 1 U -1
13 0 U -1
14 1 U -1
15 1 U -1
16 0 U -1
17 1 U -1
18 1 U -1
19 0 U -1
20 0 U -1
21 1 U -1
22 0 U -1
23 0 U -1
24 1 U -1
25 0 U -1
26 0 U -1
27 0 U -1
28 0 U -1
29 1 U -1
30 1 U -1
31 0 U -1
32 0 U -1
33 0 U -1
34 1 U -1
35 1 U -1
36 1 U -1
37
0 1 U -1
1 0 U -1
2 0 U -1
3 0 U -1
4 1 U -1
5 0 U -1
6 1 U -1
7 0 U -1
8 1 U -1
9 1 U -1
10 0 U -1
11 1 U -1
12 1 U -1
13 0 U -1
14 1 U -1
15 1 U -1
16 0 U -1
17 1 U -1
18 1 U -1
19 0 U -1
20 0 U -1
21 1 U -1
22 0 U -1
23 0 U -1
24 1 U -1
25 0 U -1
26 0 U -1
27 0 U -1
28 0 U -1
29 1 U -1
30 1 U -1
31 0 U -1
32 0 U -1
33 0 U -1
34 1 U -1
35 1 U -1
36 1 U -1
37
0 1 U -1
1 0 U -1
2 0 U -1
3 0 U -1
4 1 U -1
5 0 U -1
6 1 U -1
7 0 U -1
8 1 U -1
9 1 U -1
10 0 U -1
11 1 U -1
12 1 U -1
13 0 U -1
14 1 U -1
15 1 U -1
16 0 U -1
17 1 U -1
18 1 U -1
19 0 U -1
20 0 U -1
21 1 U -1
22 0 U -1
23 0 U -1
24 1 U -1
25 0 U -1
26 0 U -1
27 0 U -1
28 0 U -1
29 1 U -1
30 1 U -1
31 0 U -1
32 0 U -1
33 0 U -1
34 1 U -1
35 1 U -1
36 1 U -1
