63
0 0 U -1
1 0 U -1
2 0 U -1
3 0 U -1
4 0 U -1
5 0 U -1
6 0 U -1
7 0 U -1
8 0 U -1
9 0 U -1
10 0 U -1
11 0 U -1
12 0 U -1
13 0 U -1
14 0 U -1
15 0 U -1
16 0 U -1
17 0 U -1
18 0 U -1
19 0 U -1
20 0 U -1
21 0 U -1
22 0 U -1
23 0 U -1
24 0 U -1
25 0 U -1
26 0 U -1
27 0 U -1
28 0 U -1
29 0 U -1
30 0 U -1
31 0 U -1
32 0 U -1
33 0 U -1
34 0 U -1
35 0 U -1
36 0 U -1
37 0 U -1
38 0 U -1
39 0 U -1
40 0 U -1
41 0 U -1
42 0 U -1
43 0 U -1
44 0 U -1
45 0 U -1
46 0 U -1
47 0 U -1
48 0 U -1
49 0 U -1
50 0 U -1
51 0 U -1
52 0 U -1
53 0 U -1
54 0 U -1
55 0 U -1
56 0 U -1
57 0 U -1
58 0 U -1
59 0 U -1
60 0 U -1
61 0 U -1
62 0 U -1
63
0 0 L -1
1 0 U -1
2 0 U 0
3 1 L 1
4 1 U 2
5 1 U -1
6 0 U 5
7 0 L 0
8 0 U 5
9 0 U 1
10 1 U -1
11 0 L 2
12 0 U 4
13 0 L 7
14 0 U 1
15 0 L 12
16 0 L 6
17 1 U 5
18 0 L -1
19 1 U 18
20 1 U -1
21 0 U 0
22 1 U 16
23 1 U 21
24 1 U 2
25 0 U 9
26 0 U 11
27 1 U 4
28 1 U -1
29 0 U 25
30 1 L 22
31 1 L 7
32 1 U 1
33 0 L 18
34 1 U 27
35 1 U 17
36 0 L -1
37 0 U -1
38 1 U 24
39 0 U 25
40 1 U 7
41 1 L 9
42 1 U 36
43 0 L 34
44 0 L 36
45 0 U -1
46 1 U -1
47 1 L 28
48 0 L 11
49 0 L 29
50 1 L 21
51 1 L 13
52 0 L 45
53 0 U 46
54 1 U 17
55 1 L 48
56 1 U 11
57 0 L 41
58 1 L -1
59 1 U 35
60 0 L 58
61 1 L 49
62 1 L 51
63
0 0 L -1
1 0 U -1
2 1 U 0
3 1 L 1
4 1 U 2
5 1 U -1
6 0 U 5
7 0 L 0
8 0 U -1
9 0 U 1
10 1 U -1
11 0 L 2
12 0 U 4
13 0 L 7
14 0 U 10
15 0 L 12
16 1 L 6
17 1 U 5
18 0 L -1
19 1 L 13
20 1 U -1
21 0 U 0
22 1 U 16
23 1 U 4
24 1 U 17
25 1 U 18
26 0 U 11
27 1 U 21
28 1 U -1
29 0 U 25
30 0 L 22
31 1 L 7
32 0 L 14
33 0 L 0
34 1 U 27
35 1 U 0
36 0 L -1
37 0 U -1
38 1 U 3
39 0 U 15
40 1 U 7
41 1 L 9
42 1 U 36
43 1 L 34
44 0 L 36
45 0 U -1
46 1 U -1
47 1 L 28
48 0 L 11
49 1 L 29
50 1 L 24
51 1 L 13
52 1 L 45
53 0 U 46
54 0 U 20
55 0 L 12
56 0 L 32
57 0 L 41
58 1 L -1
59 1 U 36
60 0 L 58
61 1 L 49
62 0 L 51
63
0 0 L -1
1 0 U -1
2 1 U 0
3 1 L 1
4 1 U 2
5 1 U -1
6 0 U 5
7 0 L 0
8 0 U -1
9 0 U 1
10 0 U -1
11 0 L 2
12 0 U 4
13 1 L 1
14 0 U 1
15 0 L 12
16 0 L 12
17 0 L 5
18 0 L -1
19 0 L 2
20 1 U -1
21 0 U 20
22 1 U 16
23 0 U 4
24 1 L 20
25 1 U 9
26 0 U 11
27 1 U 21
28 0 U -1
29 0 U 25
30 0 L 22
31 0 L 1
32 0 L 1
33 0 L 30
34 1 L 27
35 1 L 18
36 0 L -1
37 1 U -1
38 1 U 0
39 0 U 36
40 1 U 7
41 1 L 9
42 0 U 36
43 0 L 34
44 0 L 36
45 0 U -1
46 1 U -1
47 1 L 28
48 1 L 11
49 1 L 38
50 1 L 24
51 1 L 43
52 0 U 42
53 0 U 46
54 0 U 20
55 0 L 48
56 0 U 17
57 0 L 41
58 0 L -1
59 1 U 15
60 0 L 44
61 1 L -1
62 1 L 4
63
0 0 U -1
1 0 U -1
2 1 U 0
3 1 L 1
4 1 U 2
5 1 U -1
6 0 U 5
7 1 L 0
8 0 U 5
9 0 U 1
10 1 U -1
11 0 L 2
12 0 U 4
13 1 L 1
14 0 U 1
15 0 L 12
16 0 L 6
17 0 L 2
18 0 L -1
19 0 L 0
20 1 U -1
21 0 U 20
22 1 U 16
23 0 U 4
24 1 L 21
25 1 U 2
26 0 U 11
27 1 U 21
28 0 U -1
29 0 U 25
30 0 L 22
31 0 L 1
32 0 L 19
33 0 L 30
34 1 U 27
35 1 L 18
36 0 L -1
37 1 L 29
38 1 U -1
39 0 U 36
40 1 U 7
41 1 L 9
42 1 U 36
43 1 L 34
44 0 L 36
45 0 U 5
46 1 U -1
47 1 L 28
48 1 L 4
49 0 L 38
50 1 L 27
51 1 L 43
52 0 U 13
53 0 U 46
54 0 U 20
55 0 L 48
56 0 U 13
57 0 L 41
58 1 L -1
59 1 U 21
60 0 L 31
61 0 L -1
62 1 L 4
63
0 0 U -1
1 0 U -1
2 0 U 0
3 1 L 1
4 1 U 2
5 1 U -1
6 0 U 5
7 1 L 0
8 0 U 5
9 0 U 2
10 1 U -1
11 0 L 2
12 0 U 4
13 1 L 1
14 0 U 10
15 0 L 12
16 1 L 12
17 1 L 10
18 0 L -1
19 1 L 0
20 1 U -1
21 0 U 20
22 1 U 16
23 0 U 4
24 1 L 21
25 1 U 2
26 0 L 0
27 1 U 21
28 0 U -1
29 0 U 25
30 0 L 22
31 0 L 19
32 0 L 28
33 0 L 30
34 0 U 27
35 1 L 18
36 0 L -1
37 1 L 20
38 1 U 1
39 0 U 3
40 1 U 7
41 1 L 9
42 0 U 40
43 0 U 34
44 0 L 36
45 0 U 5
46 1 U -1
47 1 L 43
48 1 L 4
49 0 L 38
50 1 L 27
51 0 L 18
52 0 U 12
53 0 U 20
54 0 U 46
55 0 L 48
56 0 U 39
57 0 L 41
58 1 L -1
59 1 U 40
60 1 L 31
61 1 L -1
62 0 L 50
63
0 0 L -1
1 0 U -1
2 0 U 0
3 1 L 1
4 1 U 2
5 1 U -1
6 1 U 5
7 1 L 0
8 0 U 5
9 0 U 2
10 1 U -1
11 1 L 2
12 0 U 4
13 1 L 1
14 0 U 10
15 0 L 12
16 1 L 8
17 1 L 10
18 0 L -1
19 0 L 18
20 1 U -1
21 0 U 20
22 1 U 16
23 0 U 4
24 1 L 21
25 1 U 2
26 0 L 0
27 1 U 21
28 0 U -1
29 0 U 25
30 1 L 22
31 0 L 1
32 0 U -1
33 1 L 9
34 0 U 27
35 1 L 0
36 0 L -1
37 0 L 20
38 1 U 18
39 0 U 3
40 1 U 7
41 0 L 9
42 1 U 21
43 0 L 37
44 0 L 36
45 0 U 5
46 1 U -1
47 1 L 43
48 0 L 4
49 0 L 38
50 1 L 27
51 0 L 18
52 1 U 12
53 0 U 0
54 0 U 0
55 1 L 48
56 0 U 34
57 1 L 41
58 1 L -1
59 1 U 40
60 0 L 31
61 1 L 36
62 0 L 50
63
0 0 U -1
1 0 U -1
2 0 U 0
3 1 L 1
4 0 U 1
5 1 U -1
6 1 U 5
7 1 L 0
8 0 U 5
9 0 U 1
10 1 U -1
11 1 L 3
12 0 U 4
13 1 L 1
14 0 U 10
15 0 L 12
16 0 L 8
17 1 L 6
18 0 L -1
19 0 L 18
20 1 U -1
21 0 U 20
22 1 U 16
23 0 U 21
24 1 L 21
25 1 U 2
26 0 L 18
27 1 U 21
28 0 U -1
29 0 U 25
30 1 L 22
31 0 L 26
32 0 L 8
33 1 L 9
34 0 U 27
35 1 L 0
36 0 L -1
37 1 L 31
38 1 U 0
39 0 U 3
40 1 U 7
41 0 L 9
42 1 U 21
43 1 L 25
44 0 L 36
45 0 U 5
46 1 U -1
47 1 L 43
48 1 L 4
49 0 L 38
50 0 L 24
51 0 L 19
52 0 U 32
53 0 U 0
54 0 U 46
55 1 L 48
56 0 U 48
57 1 L 41
58 1 L -1
59 1 U 36
60 1 L 31
61 0 L 36
62 1 L 34
63
0 0 L -1
1 0 U -1
2 1 U 0
3 1 L 1
4 1 U 1
5 1 U -1
6 1 U 5
7 1 L 0
8 0 U 5
9 0 U 1
10 0 U -1
11 1 L 2
12 0 U 4
13 1 L 1
14 0 U 10
15 0 L 12
16 0 L 8
17 1 L 6
18 0 L -1
19 0 L 5
20 1 U -1
21 0 U 20
22 1 U 16
23 0 U 21
24 1 L 20
25 1 U 2
26 0 L 18
27 1 U 21
28 0 U -1
29 0 U 25
30 1 L 22
31 0 L 26
32 0 L 22
33 1 L 15
34 0 U 27
35 1 L 0
36 0 L -1
37 0 U 18
38 1 U 5
39 0 U 26
40 1 U 7
41 0 L 15
42 0 U 40
43 1 L 11
44 0 L 36
45 0 U -1
46 1 U -1
47 1 L 44
48 0 L 4
49 1 L 38
50 1 L 27
51 0 L 9
52 0 U 32
53 0 U 0
54 0 U 20
55 0 L 48
56 0 U 32
57 0 L 41
58 1 L -1
59 1 U 15
60 1 L 47
61 1 L -1
62 0 L 25
63
0 0 L -1
1 0 U -1
2 1 U 0
3 1 L 1
4 1 U 1
5 1 U -1
6 1 U 5
7 1 L 0
8 0 U 5
9 0 U 1
10 1 U -1
11 1 L 2
12 0 U 4
13 1 L 1
14 0 U 1
15 0 L 12
16 0 L 8
17 1 L 12
18 0 L -1
19 0 L 5
20 1 U -1
21 0 U 20
22 1 U 16
23 0 U 21
24 1 L 20
25 1 U 9
26 0 L 18
27 1 U 21
28 1 U -1
29 1 L 25
30 1 L 22
31 0 L 26
32 0 L 6
33 1 L 15
34 0 U 27
35 1 L 0
36 0 L -1
37 1 L 18
38 1 U 14
39 0 U 26
40 1 U 7
41 0 L 15
42 0 U 40
43 1 L 5
44 0 L 36
45 0 U -1
46 1 U -1
47 1 L 44
48 0 L 4
49 0 L 38
50 0 L 27
51 0 L 9
52 1 U 19
53 0 U 0
54 0 U 20
55 0 L 48
56 0 U 42
57 1 L 41
58 1 L -1
59 1 U 15
60 1 L 47
61 1 L -1
62 0 L 25
63
0 0 U -1
1 0 U -1
2 0 U 0
3 1 L 1
4 1 U 1
5 1 U -1
6 1 U 5
7 0 L 0
8 0 U 5
9 0 U 1
10 1 U -1
11 1 L 2
12 0 U 4
13 1 L 1
14 0 U 1
15 0 L 12
16 0 L 8
17 0 L 12
18 0 L -1
19 0 L 11
20 1 U -1
21 0 U 20
22 1 U 16
23 0 U 21
24 1 L 20
25 0 U 18
26 0 L 18
27 1 U 21
28 1 U -1
29 1 L 25
30 1 L 22
31 0 L 1
32 0 L 6
33 1 L 16
34 0 U 27
35 1 L 0
36 0 L -1
37 1 L 32
38 1 U 17
39 0 U 26
40 1 U 7
41 1 L 9
42 1 U 26
43 0 L 31
44 0 L 36
45 0 U -1
46 1 U -1
47 0 U 0
48 0 L 4
49 1 L 38
50 0 L 27
51 0 L 38
52 1 U 19
53 1 L 0
54 0 U 46
55 0 L 48
56 0 U 34
57 1 L 41
58 1 L -1
59 1 U 3
60 1 L 3
61 1 L -1
62 0 L 50
63
0 0 U -1
1 0 U -1
2 0 U -1
3 1 L 1
4 1 U 1
5 1 U -1
6 1 U 5
7 0 L 0
8 0 U 5
9 0 U 1
10 1 U -1
11 1 L 2
12 0 U 4
13 1 L 1
14 0 U 1
15 0 L 12
16 0 L 12
17 1 L 1
18 0 L -1
19 0 L 11
20 1 U -1
21 0 U 20
22 1 U 16
23 1 U 21
24 1 L 20
25 0 U 1
26 0 L 18
27 1 U 21
28 1 U -1
29 1 L 25
30 1 L 22
31 0 L 1
32 0 L 4
33 1 L 9
34 0 U 27
35 1 L 18
36 0 L -1
37 0 L 32
38 0 L 26
39 0 U 29
40 1 U 7
41 0 L 9
42 1 U 21
43 0 L 31
44 0 L 36
45 0 U -1
46 1 U -1
47 0 U 0
48 0 L 4
49 1 L 34
50 0 L 27
51 0 L 9
52 0 U 39
53 0 L 44
54 0 U 46
55 0 L 48
56 1 U 12
57 1 L 41
58 1 L -1
59 0 U 40
60 1 L 1
61 0 L -1
62 1 L 52
63
0 0 U -1
1 0 U -1
2 0 U -1
3 1 L 1
4 1 U 1
5 1 U -1
6 1 U 2
7 0 L 0
8 0 U 5
9 0 U 7
10 1 U -1
11 1 L 2
12 0 U 4
13 1 L 1
14 0 U 3
15 0 L 12
16 1 L 6
17 0 L 16
18 0 L -1
19 0 L 1
20 1 U -1
21 0 U 20
22 1 U 16
23 1 U 21
24 1 L 20
25 0 U 7
26 0 L 0
27 1 U 26
28 0 U -1
29 1 L 25
30 1 L 22
31 0 L 1
32 0 L 30
33 1 L 15
34 0 U 27
35 1 L 0
36 0 L -1
37 1 L 8
38 1 L 31
39 0 U 29
40 1 U 3
41 0 L 15
42 0 U 21
43 0 L 31
44 0 L 36
45 1 U 5
46 1 U -1
47 0 U 24
48 0 L 4
49 0 L 34
50 0 L 27
51 0 L 9
52 0 L 39
53 0 L 0
54 0 U 46
55 0 L 48
56 1 U 21
57 1 L 33
58 1 L -1
59 0 U 32
60 1 U 44
61 1 L -1
62 1 L 0
63
0 0 L -1
1 0 U -1
2 0 U -1
3 1 L 1
4 1 U 1
5 1 U -1
6 1 U 5
7 0 L 0
8 0 U 5
9 0 U 1
10 1 U -1
11 1 L 3
12 0 U 4
13 1 L 1
14 0 U 10
15 0 L 12
16 1 L 8
17 1 L 1
18 0 L -1
19 1 L 1
20 1 U -1
21 0 U 20
22 1 U 16
23 1 U 21
24 1 L 20
25 0 U 7
26 0 L 18
27 1 U 21
28 0 U -1
29 1 L 25
30 1 L 22
31 1 L 7
32 1 L 31
33 1 L 15
34 0 U 27
35 1 L 18
36 0 L -1
37 0 L 22
38 0 U 32
39 1 U 29
40 1 U 3
41 0 L 15
42 0 U 21
43 1 L 31
44 0 L 36
45 0 U -1
46 1 U -1
47 0 U 20
48 0 L 38
49 0 L 34
50 0 L 27
51 0 L 30
52 0 U 39
53 0 L 0
54 0 U 46
55 0 L 48
56 1 U 15
57 1 L 33
58 1 L -1
59 0 U 19
60 0 U 13
61 1 L -1
62 0 L 0
63
0 0 L -1
1 0 U -1
2 0 U -1
3 1 L 1
4 0 U 1
5 1 U -1
6 1 U 5
7 0 L 0
8 0 U -1
9 0 U 3
10 1 U -1
11 1 L 3
12 0 U 4
13 1 L 1
14 0 U 10
15 0 L 12
16 1 L 8
17 0 L 12
18 0 L -1
19 0 L 1
20 1 U -1
21 0 U 20
22 1 U 16
23 1 U 21
24 1 L 20
25 0 U 7
26 0 L 18
27 1 U 21
28 0 U -1
29 1 L 25
30 1 L 22
31 1 L 26
32 1 L 31
33 1 L 15
34 0 U 27
35 1 L 0
36 0 L -1
37 1 L 22
38 1 L 32
39 0 U 29
40 1 U 3
41 0 L 9
42 0 U 21
43 0 L 31
44 0 L 36
45 1 U 5
46 1 U -1
47 0 U 21
48 1 L 38
49 0 L 34
50 0 L 24
51 0 L 14
52 1 L 39
53 0 L 37
54 0 U 6
55 0 L 48
56 0 U 9
57 1 L 33
58 1 L -1
59 1 U 39
60 0 U 13
61 0 L -1
62 1 L 0
63
0 0 L -1
1 0 U -1
2 0 U -1
3 1 L 1
4 1 U 1
5 1 U -1
6 1 U 5
7 0 L 2
8 0 U 5
9 0 U 1
10 1 U -1
11 1 L 3
12 0 U 4
13 1 L 1
14 0 U 10
15 0 L 12
16 0 L 8
17 1 L 12
18 0 L -1
19 0 L 0
20 1 U -1
21 0 U 20
22 1 U 16
23 0 U 21
24 1 L 20
25 0 U 3
26 0 L 18
27 1 U 21
28 0 U -1
29 1 L 25
30 1 L 0
31 0 L 19
32 1 L 31
33 1 L 16
34 0 U 27
35 1 L 0
36 0 L -1
37 1 L 22
38 1 L 32
39 0 U 29
40 1 U 3
41 0 L 9
42 1 U 21
43 0 L 31
44 0 L 36
45 1 U 5
46 1 U -1
47 0 U 40
48 1 L 38
49 0 L 34
50 0 L 24
51 0 L 9
52 1 U 39
53 0 L 5
54 1 U 6
55 1 L 48
56 0 U 7
57 1 L 33
58 1 L -1
59 0 U 22
60 0 U 54
61 0 L -1
62 1 L 61
63
0 0 U -1
1 0 U -1
2 0 U -1
3 1 L 1
4 1 U 1
5 1 U -1
6 1 U 5
7 0 L 2
8 0 U 5
9 0 U 3
10 1 U -1
11 1 L 3
12 0 U 4
13 1 L 1
14 0 U 1
15 0 L 12
16 1 L 8
17 0 L 11
18 0 L -1
19 1 L 0
20 1 U -1
21 0 U 20
22 1 U 16
23 0 U 21
24 1 L 20
25 1 U 3
26 0 L 18
27 1 U 21
28 0 U -1
29 1 L 25
30 1 L 0
31 0 L 1
32 1 L 31
33 1 L 16
34 0 U 27
35 1 L 0
36 0 L -1
37 0 L 30
38 1 L 32
39 0 U 29
40 1 U 3
41 0 L 9
42 0 U 7
43 0 L 8
44 0 L 36
45 0 U -1
46 1 U -1
47 0 U 4
48 1 L -1
49 0 L 34
50 0 L 24
51 0 L 9
52 1 L 49
53 0 L 38
54 0 U 46
55 1 L 22
56 0 U 44
57 1 L 41
58 1 L -1
59 1 U 34
60 0 U 14
61 0 L -1
62 0 L 61
63
0 1 L -1
1 0 U -1
2 0 U -1
3 1 L 1
4 1 U 1
5 1 U -1
6 1 U 2
7 0 L 2
8 0 U 2
9 0 U 3
10 1 U -1
11 1 L 3
12 0 U 4
13 1 L 1
14 0 U 10
15 0 L 12
16 1 L 8
17 1 L 11
18 0 L -1
19 0 L 16
20 1 U -1
21 0 U 20
22 1 U 16
23 1 U 21
24 1 L 20
25 0 U 3
26 0 L 0
27 1 U 21
28 0 U -1
29 1 L 25
30 1 L 0
31 0 L 1
32 1 L 31
33 1 L 16
34 0 U 27
35 1 L 0
36 0 L -1
37 0 L 30
38 1 L 32
39 0 U 29
40 1 U 3
41 1 L 9
42 0 U 25
43 1 L 23
44 0 L 36
45 0 U -1
46 1 U -1
47 0 U 25
48 1 L -1
49 1 L 34
50 0 L 24
51 0 L 49
52 0 L 49
53 0 L 38
54 1 U 46
55 1 L 22
56 1 U 54
57 0 L 41
58 1 L -1
59 1 U 34
60 0 U 25
61 0 L -1
62 0 L 26
63
0 0 L -1
1 0 U -1
2 0 U -1
3 1 L 1
4 0 U 1
5 1 U -1
6 1 U 5
7 0 L 3
8 0 U 2
9 0 U 1
10 1 U -1
11 1 L 3
12 0 U 4
13 1 L 1
14 0 U 3
15 0 L 12
16 1 L 8
17 1 L 6
18 0 L -1
19 0 L -1
20 1 U -1
21 0 U 20
22 1 U 16
23 0 U 21
24 1 L 20
25 0 U 3
26 0 L 18
27 1 U 21
28 0 U -1
29 1 L 25
30 1 L 0
31 0 L 26
32 1 L 31
33 1 L 16
34 0 U 27
35 1 L 0
36 0 L -1
37 0 L 3
38 1 L 32
39 0 U 29
40 1 U 28
41 1 L 9
42 1 U 25
43 1 L 23
44 0 L 36
45 0 U -1
46 1 U -1
47 0 U 25
48 1 L 35
49 1 L 34
50 0 L 27
51 0 L 49
52 1 L 49
53 0 L 8
54 0 U 46
55 1 L 22
56 1 U 49
57 0 L 41
58 1 L -1
59 1 U 11
60 0 U 54
61 0 L -1
62 1 L 4
63
0 0 U -1
1 0 U -1
2 0 U -1
3 1 L 1
4 1 U 1
5 1 U -1
6 1 U 5
7 0 L 0
8 0 U 2
9 0 U 1
10 0 U -1
11 1 L 2
12 0 U 4
13 1 L 1
14 0 U 10
15 0 L 12
16 0 L 6
17 1 L 11
18 0 L -1
19 0 U 13
20 1 U -1
21 0 U 20
22 1 U 11
23 1 U 21
24 1 L 1
25 1 U 3
26 0 L 18
27 1 U 26
28 1 U -1
29 1 L 25
30 0 L 0
31 0 L 26
32 1 L 31
33 1 L 9
34 0 U 27
35 1 L 0
36 0 L -1
37 0 L 31
38 0 U 22
39 1 U 29
40 1 U 7
41 1 L 9
42 0 U 4
43 1 L 41
44 0 L 36
45 0 U -1
46 1 U -1
47 0 U 25
48 1 L 1
49 1 L 34
50 0 L 27
51 0 L 49
52 0 L 49
53 0 L 8
54 0 U 46
55 1 L 22
56 1 U 31
57 0 L 41
58 1 L -1
59 1 U 47
60 0 U 36
61 1 L -1
62 0 L 5
63
0 0 U -1
1 0 U -1
2 0 U -1
3 1 L 1
4 1 U 1
5 1 U -1
6 1 U 5
7 0 L 0
8 0 U 2
9 0 U 3
10 0 U -1
11 1 L 2
12 0 U 4
13 1 L 1
14 0 U 10
15 0 L 12
16 1 L 8
17 1 L 1
18 0 L -1
19 0 U 13
20 1 U -1
21 0 U 20
22 1 U 11
23 0 U 21
24 0 L 1
25 1 U 3
26 0 L 0
27 1 U 21
28 1 U -1
29 1 L 25
30 0 L 0
31 0 L 1
32 0 L 31
33 1 L 15
34 0 U 27
35 1 L 18
36 0 L -1
37 1 L 31
38 0 U 22
39 0 U 15
40 1 U 3
41 1 L 9
42 0 U 25
43 1 L 33
44 0 L 36
45 0 U -1
46 1 U -1
47 0 U 25
48 1 L 7
49 0 L 34
50 0 L 27
51 0 U 49
52 0 L 49
53 0 L 22
54 0 U 46
55 1 L 22
56 1 U 31
57 0 L 41
58 1 L -1
59 1 U 47
60 0 U 36
61 1 L 36
62 0 L 37
63
0 0 L -1
1 0 U -1
2 0 U -1
3 1 L 1
4 1 U 1
5 1 U -1
6 1 U 5
7 1 U 6
8 0 U 2
9 0 U 3
10 1 U -1
11 1 L 3
12 0 U 4
13 1 L 1
14 0 U 10
15 0 L 12
16 0 L 8
17 0 L 2
18 0 L -1
19 0 U 14
20 1 U -1
21 0 U 20
22 1 U 11
23 0 U 21
24 1 L 1
25 1 U 3
26 0 L 0
27 1 U 21
28 1 U -1
29 1 L 25
30 0 L 0
31 0 L 30
32 0 L 31
33 1 L 16
34 0 U 27
35 1 L 18
36 0 L -1
37 0 L 3
38 0 U 22
39 0 U 29
40 1 U 3
41 1 L 9
42 0 U 4
43 1 L 41
44 0 L 36
45 0 U -1
46 1 U -1
47 0 U 25
48 1 L 22
49 0 L 34
50 0 L 27
51 0 U 49
52 0 L 49
53 1 L 22
54 0 U 46
55 1 L 22
56 1 U 31
57 0 L 41
58 1 L -1
59 1 U 48
60 0 U 36
61 1 L 36
62 1 L 37
63
0 0 L -1
1 0 U -1
2 0 U -1
3 1 L 1
4 1 U 1
5 1 U -1
6 1 U 2
7 1 U 1
8 0 U 2
9 0 U 3
10 1 U -1
11 1 L 2
12 0 U 4
13 1 L 1
14 0 U 1
15 0 L 3
16 1 L 8
17 0 L 12
18 0 L -1
19 0 U 14
20 1 U -1
21 0 U 20
22 1 U 11
23 0 U 21
24 1 L 1
25 0 U 3
26 0 L 18
27 1 U 21
28 1 U -1
29 1 L 25
30 0 L 0
31 0 L 26
32 1 L 31
33 1 L 16
34 0 U 27
35 1 L 18
36 0 L -1
37 0 L 24
38 0 U 18
39 0 U 29
40 1 U 7
41 1 L 9
42 1 U 36
43 1 L 41
44 0 L 36
45 0 U -1
46 1 U -1
47 0 U 25
48 1 L 22
49 0 L 34
50 0 L 27
51 0 U 49
52 0 L 49
53 0 L 32
54 0 U 46
55 1 L 22
56 1 U 31
57 0 L 41
58 1 L -1
59 1 U 48
60 0 U 17
61 1 L 36
62 1 L 44
63
0 0 U -1
1 0 U -1
2 0 U -1
3 1 L 1
4 1 U 1
5 1 U -1
6 1 U 2
7 1 U 6
8 0 U 2
9 0 U 3
10 1 U -1
11 1 L 3
12 0 U 4
13 1 L 1
14 0 U 1
15 0 L 3
16 1 L 8
17 0 L 12
18 0 L -1
19 0 U 14
20 1 U -1
21 0 U 20
22 1 U 11
23 0 U 16
24 1 L 1
25 0 U 3
26 0 L 0
27 1 U 16
28 1 U -1
29 1 L 25
30 0 L 0
31 0 L 30
32 0 L 19
33 1 L 16
34 0 U 27
35 1 L 0
36 0 L -1
37 0 L 13
38 0 U 18
39 0 U 17
40 1 U 7
41 1 L 32
42 0 U 36
43 1 L 41
44 0 L 36
45 0 U -1
46 1 U -1
47 0 U 25
48 1 L 22
49 0 L 34
50 0 L 27
51 0 U 31
52 0 L 49
53 0 L 4
54 0 U 46
55 1 L 22
56 1 U 55
57 0 L 41
58 1 L -1
59 1 U 48
60 0 U 40
61 1 L 36
62 1 L 44
63
0 0 U -1
1 0 U -1
2 0 U -1
3 1 L 1
4 1 U 1
5 1 U -1
6 1 U 2
7 1 L 1
8 0 U 2
9 0 U 3
10 1 U -1
11 1 L 2
12 0 U 4
13 1 L 1
14 0 U 1
15 0 L 2
16 1 L 8
17 0 L 12
18 0 L -1
19 0 U 14
20 1 U -1
21 0 U 20
22 1 U 11
23 0 U 16
24 1 L 1
25 0 U 3
26 0 L 0
27 1 U 16
28 1 U -1
29 1 L 25
30 0 L 0
31 0 L 13
32 0 L 19
33 1 L 16
34 0 U 27
35 1 L 0
36 0 L -1
37 0 L 1
38 0 U 18
39 0 U 17
40 1 U 38
41 1 L 32
42 0 U 36
43 1 L 23
44 0 L 36
45 0 U -1
46 1 U -1
47 0 U 25
48 0 L 22
49 0 L 34
50 0 L 27
51 0 U 31
52 0 L 49
53 0 L 15
54 0 U 46
55 1 L 22
56 1 U 49
57 0 L 41
58 1 L -1
59 1 U 47
60 0 U 29
61 1 L 36
62 1 L 18
63
0 1 U -1
1 0 U -1
2 0 U -1
3 1 L 1
4 1 U 1
5 1 U -1
6 1 U 5
7 1 L 1
8 0 U 2
9 0 U 3
10 1 U -1
11 1 L 3
12 0 U 4
13 1 L 1
14 0 U 10
15 0 L 2
16 1 L 8
17 0 L 12
18 0 L -1
19 1 U 14
20 1 U -1
21 0 U 20
22 1 L 15
23 0 U 21
24 1 L 1
25 0 U 3
26 0 L 0
27 1 U 16
28 1 U -1
29 1 L 25
30 0 L 0
31 0 L 24
32 0 L 19
33 1 L 16
34 0 U 27
35 1 L 18
36 0 L -1
37 1 L 26
38 0 U 18
39 0 U 17
40 1 U 38
41 1 L 9
42 0 U 16
43 1 L 23
44 0 L 36
45 0 U -1
46 1 U -1
47 0 U 25
48 0 L 8
49 0 L 34
50 0 L 27
51 0 U 31
52 0 L 49
53 0 L 5
54 0 U 46
55 1 L 22
56 1 U 49
57 0 L 41
58 1 L -1
59 1 U 47
60 0 U 29
61 1 L 36
62 1 L 0
63
0 1 U -1
1 0 U -1
2 0 U -1
3 1 L 1
4 1 U 1
5 1 U -1
6 1 U 2
7 1 L 0
8 0 U 2
9 0 U 3
10 1 U -1
11 1 L 3
12 0 U 4
13 1 L 1
14 0 U 10
15 0 L 2
16 1 L 8
17 0 L 12
18 0 L -1
19 0 U 14
20 1 U -1
21 0 U 20
22 1 U 11
23 0 U 16
24 1 L 19
25 0 U 3
26 0 L 18
27 1 U 16
28 1 U -1
29 1 L 25
30 0 L 0
31 0 L 2
32 0 U 17
33 1 L 13
34 0 U 27
35 1 L 18
36 0 L -1
37 1 L 26
38 0 U 18
39 0 U 17
40 1 U 38
41 1 L 9
42 0 U 36
43 1 L 41
44 0 L 36
45 0 U -1
46 1 U -1
47 0 U 25
48 1 L 22
49 0 L 34
50 0 L 27
51 0 U 31
52 0 L 49
53 0 L 26
54 0 U 20
55 1 L 22
56 1 U 49
57 0 L 41
58 1 L -1
59 1 U 47
60 0 U 25
61 1 L 36
62 0 L 26
63
0 0 U -1
1 0 U -1
2 0 U -1
3 1 L 1
4 1 U 1
5 1 U -1
6 1 U 2
7 1 L 4
8 0 U 2
9 0 U 3
10 1 U -1
11 1 L 2
12 0 U 4
13 1 L 1
14 0 U 3
15 0 L 2
16 1 L 8
17 0 L 12
18 0 L -1
19 0 U 14
20 1 U -1
21 0 U 20
22 1 U 19
23 0 U 16
24 1 L 19
25 0 U 3
26 0 L 18
27 1 U 16
28 1 U -1
29 1 L 25
30 0 L 0
31 0 L 3
32 0 L 14
33 1 L 2
34 0 U 27
35 1 L 18
36 0 L -1
37 1 L 26
38 0 U 18
39 0 U 17
40 1 U 9
41 1 L 9
42 1 U 29
43 1 L 32
44 0 L 36
45 0 U -1
46 1 U -1
47 0 U 25
48 1 L 17
49 0 L 34
50 0 L 27
51 0 U 49
52 0 L 49
53 0 L 26
54 0 U 46
55 1 L 22
56 1 U 49
57 0 L 41
58 1 L -1
59 1 U 47
60 0 U 36
61 1 L 36
62 0 L 1
63
0 0 L -1
1 0 U -1
2 0 U -1
3 1 L 1
4 1 U 1
5 1 U -1
6 1 U 2
7 1 U -1
8 0 U 2
9 0 U 3
10 1 U -1
11 1 L 3
12 0 U 4
13 1 L 1
14 0 U 3
15 0 L 3
16 1 L 8
17 0 L 12
18 0 L -1
19 0 U 14
20 1 U -1
21 0 U 20
22 1 U 19
23 0 U 17
24 0 L 19
25 0 U 3
26 0 L 0
27 1 U 16
28 1 U -1
29 1 L 25
30 0 L 0
31 0 L 13
32 0 L 24
33 1 L 2
34 0 U 27
35 1 L 18
36 0 L -1
37 1 L 26
38 0 U 18
39 0 U 17
40 1 U 38
41 1 L 9
42 0 U 17
43 1 L 32
44 0 L 36
45 0 U -1
46 1 U -1
47 0 U 25
48 1 L 17
49 1 L 34
50 0 L 27
51 0 U 49
52 0 L 49
53 0 L 26
54 0 U 46
55 1 L 22
56 1 U 31
57 0 L 41
58 1 L -1
59 1 U 47
60 0 U 21
61 1 L -1
62 0 L 35
63
0 0 U -1
1 0 U -1
2 0 U -1
3 1 L 1
4 1 U 1
5 1 U -1
6 1 U 5
7 0 L 6
8 0 U 2
9 0 U 3
10 1 U -1
11 1 L 3
12 0 U 4
13 1 L 1
14 0 U 1
15 0 L 2
16 1 L 8
17 1 L 12
18 0 L -1
19 0 L 12
20 1 U -1
21 0 U 20
22 1 U 12
23 0 U 16
24 1 L 19
25 0 U 3
26 0 L 0
27 1 U 16
28 1 U -1
29 1 L 25
30 0 L 0
31 0 L 13
32 1 L 9
33 1 L 3
34 0 U 27
35 1 L 18
36 0 L -1
37 1 L 26
38 0 U 18
39 1 U 17
40 1 U 38
41 1 L 9
42 1 U 36
43 1 L 41
44 0 L 36
45 0 U -1
46 1 U -1
47 0 U 25
48 1 L 17
49 0 L 34
50 0 L 27
51 0 U 49
52 0 L 49
53 0 L 30
54 0 U 46
55 1 L 22
56 1 U 31
57 0 L 41
58 1 L -1
59 1 U 47
60 0 U 54
61 1 L -1
62 1 L 58
63
0 0 U -1
1 0 U -1
2 0 U -1
3 1 L 1
4 0 U 1
5 1 U -1
6 1 U 5
7 1 U 1
8 0 U 2
9 0 U 3
10 1 U -1
11 1 L 2
12 0 U 4
13 1 L 1
14 0 U 10
15 0 L 2
16 1 L 8
17 0 L 12
18 0 L -1
19 0 L 12
20 1 U -1
21 0 U 20
22 1 L 12
23 0 U 16
24 0 L 17
25 0 U 3
26 0 L 5
27 1 U 16
28 1 U -1
29 1 L 25
30 0 L 18
31 0 L 3
32 0 L 24
33 1 L 3
34 0 U 27
35 1 L 0
36 0 L -1
37 0 L 30
38 0 U 18
39 1 U 17
40 1 U 38
41 1 L 9
42 1 U 40
43 0 L 0
44 0 L 36
45 0 U -1
46 1 U -1
47 0 U 25
48 1 L 19
49 0 L 34
50 0 L 20
51 0 U 49
52 0 L 49
53 0 L 30
54 0 U 46
55 1 L 22
56 1 U 31
57 1 L 41
58 1 L -1
59 1 U 47
60 0 U 21
61 1 L -1
62 0 L 58
63
0 0 L -1
1 0 U -1
2 0 U -1
3 1 L 1
4 1 U 1
5 1 U -1
6 1 U 5
7 1 U 3
8 0 U -1
9 0 U 3
10 1 U -1
11 1 L 3
12 0 U 4
13 1 L 1
14 0 U 8
15 0 L 2
16 1 L 8
17 0 L 12
18 0 L -1
19 0 L 12
20 1 U -1
21 0 U 20
22 1 L 12
23 0 U 21
24 0 L 17
25 0 U 3
26 0 L 5
27 1 U 16
28 1 U -1
29 1 L 25
30 0 L 18
31 0 L 2
32 0 L 14
33 1 L 3
34 0 U 27
35 1 L 18
36 0 L -1
37 0 L 30
38 0 U 18
39 0 U 30
40 1 U 38
41 1 L 9
42 0 U 40
43 1 L 30
44 0 L 36
45 0 U -1
46 1 U -1
47 0 U 25
48 1 L 17
49 1 L 34
50 0 L 21
51 0 U 49
52 0 L 49
53 0 L 1
54 0 U 46
55 1 L 22
56 1 U 31
57 1 L 41
58 1 L -1
59 1 U 47
60 0 U 16
61 0 L -1
62 0 L 58
63
0 0 L -1
1 0 U -1
2 0 U -1
3 1 L 1
4 1 U 1
5 1 U -1
6 1 U 2
7 1 U 3
8 0 U -1
9 0 U 3
10 1 U -1
11 1 L 3
12 0 U 4
13 1 L 1
14 0 U 1
15 0 L 13
16 1 L 7
17 0 L 7
18 0 L -1
19 1 L 16
20 1 U -1
21 0 U 20
22 1 L 12
23 0 U 16
24 0 L 17
25 0 U 8
26 0 L 4
27 1 U 16
28 1 U -1
29 1 L 25
30 0 L 18
31 0 L 2
32 1 L 30
33 1 L 3
34 0 U 27
35 1 L 18
36 0 L -1
37 0 U 30
38 0 U 18
39 0 U 29
40 1 U 38
41 1 L 9
42 1 U 16
43 0 L 30
44 0 L 36
45 0 U -1
46 1 U -1
47 0 U 25
48 1 L 17
49 0 L 34
50 0 L 20
51 0 U 26
52 0 L 49
53 0 L 1
54 0 U 20
55 1 L 22
56 1 U 31
57 1 L 41
58 1 L -1
59 1 U 47
60 0 U 30
61 1 L -1
62 1 L 0
63
0 0 U -1
1 0 U -1
2 0 U -1
3 1 L 1
4 1 U 1
5 1 U -1
6 1 U 5
7 1 U 1
8 0 U -1
9 0 U 3
10 1 U -1
11 1 L 3
12 0 U 4
13 1 L 1
14 0 U 10
15 0 L 2
16 1 L 12
17 0 L 6
18 0 L -1
19 0 L 17
20 1 U -1
21 0 U 20
22 1 L 12
23 0 U 21
24 1 L 17
25 0 U 3
26 0 L 5
27 1 U 16
28 1 U -1
29 1 L 25
30 0 L 18
31 0 L 2
32 1 L 19
33 1 L 2
34 0 U 27
35 1 L 18
36 0 L -1
37 0 U 30
38 0 U 18
39 0 U 30
40 1 U 7
41 1 L 9
42 1 U 40
43 1 L 18
44 0 L 36
45 0 U -1
46 1 U -1
47 0 U 25
48 0 L 18
49 1 L 34
50 0 L 21
51 0 U 49
52 0 L 49
53 0 L 1
54 0 U 20
55 1 L 22
56 1 U 31
57 1 L 41
58 1 L -1
59 1 U 47
60 0 U 16
61 1 L -1
62 1 L 30
63
0 0 U -1
1 0 U -1
2 0 U -1
3 1 L 1
4 1 U 1
5 1 U -1
6 1 U 5
7 1 U 1
8 0 U -1
9 0 U 3
10 1 U -1
11 1 L 2
12 0 U 4
13 1 L 1
14 0 U 3
15 0 L 13
16 1 L 8
17 1 U 11
18 0 L -1
19 0 L 8
20 1 U -1
21 0 U 20
22 1 L 1
23 0 U 21
24 0 L 17
25 0 U 3
26 0 L 5
27 1 U 16
28 1 U -1
29 1 L 25
30 0 L 0
31 0 L 3
32 1 L 24
33 1 L 2
34 0 U 27
35 1 L 18
36 0 L -1
37 0 L 8
38 0 U 18
39 1 U 30
40 1 U 7
41 1 L 9
42 0 U 21
43 0 L 18
44 0 L 36
45 0 U -1
46 1 U -1
47 0 U 25
48 1 L 18
49 1 L 34
50 0 L 21
51 0 U 49
52 0 L 49
53 0 L 48
54 0 U 20
55 1 L 26
56 1 U 31
57 1 L 41
58 1 L -1
59 1 U 47
60 0 U 21
61 1 L -1
62 1 L 1
63
0 0 L -1
1 0 U -1
2 0 U -1
3 1 L 1
4 1 U 1
5 1 U -1
6 1 U 5
7 1 U 6
8 0 U -1
9 0 U 3
10 1 U -1
11 1 L 3
12 0 U 4
13 1 L 1
14 0 U 7
15 0 L 3
16 1 L 7
17 0 U 11
18 0 L -1
19 0 L 17
20 1 U -1
21 0 U 20
22 1 L 1
23 0 U 21
24 0 L 16
25 0 U 3
26 0 L 4
27 1 U 16
28 1 U -1
29 1 L 25
30 0 L 0
31 0 L 3
32 0 L 24
33 1 L 3
34 0 U 27
35 1 L 0
36 0 L -1
37 0 L 8
38 0 U 18
39 1 U 30
40 1 U 38
41 1 L 37
42 0 U 16
43 1 L 18
44 0 L 36
45 0 U -1
46 1 U -1
47 0 U 25
48 1 L 18
49 0 L 34
50 0 L 21
51 0 U 49
52 0 L 49
53 0 L 48
54 0 U 20
55 1 L 26
56 1 U 31
57 1 L 41
58 1 L -1
59 1 U 47
60 0 U 30
61 1 L -1
62 1 L 1
63
0 1 L -1
1 0 U -1
2 0 U -1
3 1 L 1
4 1 U 1
5 1 U -1
6 1 U 5
7 1 U 6
8 0 U -1
9 0 U 7
10 1 U -1
11 1 L 3
12 0 U 4
13 1 L 1
14 0 U 8
15 0 L 3
16 1 L 12
17 0 U 14
18 0 L -1
19 0 L 16
20 1 U -1
21 0 U 20
22 1 L 1
23 0 U 21
24 1 L 16
25 0 U 3
26 0 L 5
27 1 U 21
28 1 U -1
29 1 L 25
30 0 L 0
31 0 L 3
32 0 L 16
33 1 L 2
34 0 U 27
35 1 L 0
36 0 L -1
37 0 L 8
38 0 U 18
39 0 U 29
40 1 U 38
41 1 L 32
42 1 U 16
43 0 L 18
44 0 L 36
45 0 U -1
46 1 U -1
47 0 U 25
48 1 L 44
49 0 L 34
50 0 L 21
51 0 U 49
52 0 L 49
53 0 L 48
54 0 U 46
55 1 L 26
56 1 U 31
57 1 L 41
58 1 L -1
59 1 U 47
60 0 U 30
61 1 L -1
62 0 L 48
63
0 0 U -1
1 0 U -1
2 0 U -1
3 1 L 1
4 1 U 1
5 1 U -1
6 1 U 5
7 1 U 6
8 0 U 5
9 0 U 7
10 1 U -1
11 1 L 3
12 0 U 4
13 1 L 1
14 0 U 7
15 0 L 13
16 1 L 12
17 1 U 11
18 0 L -1
19 0 L 16
20 1 U -1
21 0 U 20
22 1 L 1
23 0 U 21
24 1 L 16
25 0 U 7
26 0 L 15
27 1 U 21
28 1 U -1
29 1 L 25
30 0 L 0
31 0 L 2
32 0 L 17
33 1 L 2
34 0 U 27
35 1 L 18
36 0 L -1
37 0 L 16
38 0 U 18
39 1 U 29
40 1 U 38
41 1 L 9
42 1 U 16
43 0 L 18
44 0 L 36
45 0 U -1
46 1 U -1
47 0 U 4
48 1 L 18
49 0 L 34
50 0 L 20
51 0 U 49
52 0 L 49
53 0 L 48
54 0 U 46
55 1 L 17
56 1 U 48
57 1 L 41
58 1 L -1
59 1 U 47
60 0 U 54
61 1 L -1
62 1 L 48
63
0 0 U -1
1 0 U -1
2 0 U -1
3 1 L 1
4 1 U 1
5 1 U -1
6 1 U 2
7 1 U 6
8 0 U -1
9 0 U 1
10 1 U -1
11 1 L 2
12 0 U 4
13 1 L 1
14 0 U 3
15 0 L 13
16 0 L 12
17 1 U 14
18 0 L -1
19 0 L 17
20 1 U -1
21 0 U 20
22 1 L 1
23 0 U 21
24 0 L 17
25 0 U 8
26 0 L 4
27 1 U 21
28 1 U -1
29 1 L 25
30 0 L 18
31 0 L 2
32 0 U 17
33 1 L 13
34 0 U 27
35 1 L 18
36 0 L -1
37 0 L 8
38 0 U 18
39 0 U 29
40 1 U 38
41 1 L 37
42 0 U 40
43 0 L 0
44 0 L 36
45 0 U -1
46 1 U -1
47 0 U 4
48 1 L 44
49 1 L 34
50 0 L 20
51 0 U 49
52 0 L 49
53 0 L 48
54 0 U 46
55 1 L 17
56 1 U 48
57 1 L 41
58 1 L -1
59 1 U 47
60 0 U 4
61 1 L 36
62 0 L 48
63
0 0 L -1
1 0 U -1
2 0 U -1
3 1 L 1
4 1 U 1
5 1 U -1
6 1 U 2
7 1 U 3
8 0 U -1
9 0 U 3
10 1 U -1
11 1 L 3
12 0 U 4
13 1 L 1
14 0 U 10
15 0 L 2
16 0 L 6
17 1 U 14
18 0 L -1
19 0 L 8
20 1 U -1
21 0 U 20
22 1 L 1
23 0 U 21
24 0 L 8
25 0 U 8
26 0 L 4
27 1 U 21
28 1 U -1
29 1 L 25
30 0 L 18
31 0 L 13
32 0 U 29
33 1 L 13
34 0 U 27
35 1 L 0
36 0 L -1
37 0 L 16
38 0 U 18
39 0 U 29
40 1 U 38
41 1 L 37
42 1 U 36
43 0 L 18
44 0 L 36
45 0 U -1
46 1 U -1
47 0 U 4
48 1 L 44
49 0 L 34
50 0 L 20
51 0 U 49
52 0 L 49
53 0 L 48
54 0 U 46
55 1 L 26
56 1 U 48
57 1 L 41
58 1 L -1
59 1 U 47
60 0 U 4
61 1 L -1
62 0 L 48
63
0 0 L -1
1 0 U -1
2 0 U -1
3 1 L 1
4 1 U 1
5 1 U -1
6 1 U 2
7 1 U 6
8 0 U -1
9 0 U 3
10 1 U -1
11 1 L 2
12 0 U 4
13 1 L 1
14 0 U 1
15 0 L 3
16 0 L 12
17 1 U 14
18 0 L -1
19 0 U 17
20 1 U -1
21 0 U 20
22 1 L 1
23 0 U 21
24 0 L 16
25 0 U 8
26 0 L 15
27 1 U 21
28 1 U -1
29 1 L 25
30 0 L 18
31 0 L 2
32 0 U 30
33 1 L 13
34 0 U 27
35 1 L 0
36 0 L -1
37 0 L 16
38 0 U 18
39 0 U 30
40 1 U 38
41 1 L 37
42 0 U 30
43 0 L 18
44 0 L 36
45 0 U -1
46 1 U -1
47 0 U 4
48 1 L 44
49 1 L 34
50 0 L 20
51 0 U 49
52 0 L 49
53 0 L 48
54 0 U 46
55 1 L 26
56 1 U 41
57 1 L 41
58 1 L -1
59 1 U 22
60 0 U 4
61 1 L -1
62 0 L 48
63
0 0 U -1
1 0 U -1
2 0 U -1
3 1 L 1
4 1 U 1
5 1 U -1
6 1 U 5
7 1 U 1
8 0 U -1
9 0 U 1
10 1 U -1
11 1 L 3
12 0 U 4
13 1 L 1
14 0 U 1
15 0 L 13
16 0 L 6
17 1 L 6
18 0 L -1
19 0 L 17
20 1 U -1
21 0 U 20
22 1 L 1
23 0 U 21
24 0 L 7
25 0 U 9
26 0 L 15
27 1 U 21
28 1 U -1
29 1 L 25
30 0 L 0
31 0 L 13
32 0 U 14
33 1 L 3
34 0 U 27
35 1 L 18
36 0 L -1
37 0 L 8
38 0 U 18
39 0 U 30
40 1 U 38
41 1 L 37
42 1 U 21
43 1 L 18
44 0 L 36
45 0 U -1
46 1 U -1
47 0 U 4
48 1 L 44
49 1 L 34
50 0 L 21
51 0 U 48
52 0 L 49
53 0 L 48
54 0 U 46
55 1 L 26
56 1 U 41
57 1 L 41
58 1 L -1
59 1 U 22
60 0 U 4
61 1 L 36
62 0 L 48
63
0 0 U -1
1 0 U -1
2 0 U -1
3 1 L 1
4 1 U 1
5 1 U -1
6 1 U 2
7 1 U 6
8 0 U -1
9 0 U 1
10 1 U -1
11 1 L 3
12 0 U 4
13 1 L 1
14 0 U 3
15 0 L 2
16 0 L 6
17 0 L 6
18 0 L -1
19 0 L 16
20 1 U -1
21 0 U 20
22 1 L 1
23 0 U 21
24 1 L 6
25 0 U 8
26 0 L 15
27 1 U 21
28 1 U -1
29 1 L 25
30 0 L 0
31 0 L 13
32 0 U 30
33 1 L 3
34 0 U 27
35 1 L 18
36 0 L -1
37 0 L 16
38 0 U 18
39 0 U 30
40 1 U 38
41 1 L 37
42 0 U 21
43 1 L 18
44 0 L 36
45 0 U -1
46 1 U -1
47 0 U 25
48 1 L 44
49 1 L 34
50 0 L 21
51 0 U 48
52 0 L 49
53 0 L 48
54 0 U 20
55 1 L 26
56 1 U 41
57 1 L 41
58 1 L -1
59 1 U 47
60 0 U 4
61 1 L 36
62 0 L 48
63
0 0 U -1
1 0 U -1
2 0 U -1
3 1 L 1
4 1 U 1
5 1 U -1
6 1 U 2
7 1 U 6
8 0 U -1
9 0 U 1
10 1 U -1
11 1 L 3
12 0 U 4
13 1 L 1
14 0 U 3
15 0 L 1
16 1 L 6
17 1 L 7
18 0 L -1
19 0 L 16
20 1 U -1
21 0 U 20
22 1 L 16
23 0 U 21
24 1 L 6
25 0 U 8
26 0 L 5
27 1 U 21
28 1 U -1
29 1 L 25
30 0 L 0
31 0 L 13
32 0 U 17
33 1 L 2
34 0 U 27
35 1 L 18
36 0 L -1
37 0 L 16
38 0 U 18
39 0 U 29
40 1 U 38
41 1 L 37
42 1 U 29
43 0 L 18
44 0 L 36
45 0 U -1
46 1 U -1
47 0 U 25
48 1 L 44
49 0 L 34
50 0 L 27
51 0 U 26
52 0 L 49
53 0 L 48
54 0 U 20
55 1 L 26
56 1 U 48
57 0 L 41
58 1 L -1
59 1 U 47
60 0 U 21
61 1 L 36
62 0 L 48
63
0 0 U -1
1 0 U -1
2 0 U -1
3 1 L 1
4 1 U 1
5 1 U -1
6 1 U 2
7 1 U 1
8 0 U -1
9 0 U 1
10 1 U -1
11 1 L 2
12 0 U 4
13 1 L 1
14 0 U 8
15 0 L 2
16 0 L 6
17 1 L 1
18 0 L -1
19 0 L 8
20 1 U -1
21 0 U 20
22 0 L 8
23 0 U 19
24 1 L 6
25 0 U 8
26 0 L 5
27 1 U 21
28 1 U -1
29 1 L 25
30 0 L 18
31 0 L 13
32 0 U 19
33 1 L 13
34 0 U 27
35 1 L 18
36 0 L -1
37 0 L 16
38 0 U 18
39 0 U 29
40 1 U 38
41 1 L 37
42 0 U 29
43 0 L 18
44 0 L 36
45 0 U -1
46 1 U -1
47 0 U 25
48 1 L 44
49 1 L 34
50 0 L 20
51 0 U 49
52 0 L 49
53 0 L 1
54 0 U 20
55 1 L 24
56 1 U 48
57 1 L 41
58 1 L -1
59 1 U 47
60 0 U 54
61 1 L 36
62 0 L 48
63
0 0 U -1
1 0 U -1
2 1 U -1
3 1 L 1
4 1 U 1
5 1 U -1
6 1 U 2
7 1 U 1
8 0 U -1
9 0 U 1
10 1 U -1
11 1 L 2
12 0 U 4
13 1 L 1
14 0 U 8
15 0 L 1
16 0 L 6
17 0 L 11
18 0 L -1
19 0 L 6
20 1 U -1
21 0 U 20
22 1 L 12
23 0 U 21
24 1 L 6
25 0 U 3
26 0 L 24
27 1 U 21
28 1 U -1
29 1 L 25
30 0 L 18
31 0 L 13
32 0 U 19
33 1 L 13
34 0 U 27
35 1 L 18
36 0 L -1
37 0 L 16
38 0 U 18
39 0 U 29
40 1 U 38
41 1 L 37
42 0 U 40
43 1 L 18
44 0 L 36
45 0 U -1
46 1 U -1
47 0 U 25
48 1 L 44
49 1 L 34
50 0 L 20
51 0 U 49
52 0 L 49
53 0 L 1
54 0 U 20
55 1 L 24
56 1 U 31
57 1 L 41
58 1 L -1
59 1 U 47
60 0 U 54
61 1 L 36
62 0 L 48
63
0 0 U -1
1 0 U -1
2 0 U -1
3 1 L 1
4 1 U 1
5 1 U -1
6 1 U 5
7 1 U 3
8 0 U -1
9 0 U 1
10 1 U -1
11 1 L 2
12 0 U 4
13 1 L 1
14 0 U 1
15 0 L 1
16 0 L 7
17 0 L 15
18 0 L -1
19 0 L 6
20 1 U -1
21 0 U 20
22 1 L 12
23 0 U 19
24 1 L 12
25 0 U 3
26 1 L 8
27 1 U 21
28 1 U -1
29 1 L 25
30 0 L 18
31 0 L 2
32 0 U 19
33 1 L 3
34 0 U 27
35 1 L 18
36 0 L -1
37 0 L 16
38 0 U 18
39 0 U 29
40 1 U 38
41 1 L 37
42 0 U 29
43 1 L 0
44 0 L 36
45 0 U -1
46 1 U -1
47 0 U 25
48 1 L 44
49 0 L 34
50 0 L 21
51 0 U 48
52 0 L 49
53 0 L 1
54 0 U 20
55 1 L 24
56 1 U 31
57 1 L 41
58 1 L -1
59 1 U 23
60 0 U 21
61 1 L -1
62 1 L 48
63
0 0 L -1
1 0 U -1
2 0 U -1
3 1 L 1
4 1 U 1
5 1 U -1
6 1 U 2
7 1 U 6
8 0 U -1
9 0 U 1
10 1 U -1
11 1 L 3
12 0 U 4
13 1 L 1
14 0 U 10
15 0 L 1
16 1 L 6
17 0 L 15
18 0 L -1
19 0 L 7
20 1 U -1
21 0 U 20
22 1 L 6
23 0 U 21
24 1 L 7
25 0 U 3
26 1 L 8
27 1 U 21
28 1 U -1
29 1 L 25
30 0 L 0
31 0 L 2
32 0 U 29
33 1 L 2
34 0 U 27
35 1 L 18
36 0 L -1
37 0 L 16
38 0 U 18
39 0 U 30
40 1 U 38
41 1 L 37
42 0 U 29
43 1 L 0
44 0 L 36
45 0 U -1
46 1 U -1
47 0 U 25
48 1 L 18
49 0 L 34
50 0 L 27
51 0 U 48
52 0 L 49
53 0 L 48
54 0 U 46
55 1 L 24
56 1 U 41
57 0 L 41
58 1 L -1
59 1 U 42
60 0 U 4
61 1 L -1
62 0 L 48
63
0 0 L -1
1 0 U -1
2 0 U -1
3 1 L 1
4 1 U 1
5 1 U -1
6 1 U 2
7 1 U 1
8 0 U -1
9 0 U 1
10 1 U -1
11 1 L 3
12 0 U 4
13 1 L 1
14 0 U 1
15 0 L 1
16 1 L 6
17 0 L 15
18 0 L -1
19 0 L 7
20 1 U -1
21 0 U 20
22 1 L 12
23 0 U 19
24 1 L 12
25 0 U 9
26 1 L 19
27 1 U 21
28 1 U -1
29 1 L 25
30 0 L 18
31 0 L 2
32 0 U 29
33 1 L 2
34 0 U 27
35 1 L 0
36 0 L -1
37 0 L 16
38 0 U 18
39 0 U 30
40 1 U 7
41 1 L 37
42 0 U 21
43 1 L 0
44 0 L 36
45 0 U -1
46 1 U -1
47 0 U 25
48 1 L 44
49 1 L 34
50 0 L 27
51 0 U 48
52 0 L 49
53 0 L 1
54 0 U 46
55 1 L 24
56 1 L 41
57 0 L 41
58 1 L -1
59 1 U 58
60 0 U 14
61 1 L -1
62 1 L 1
63
0 0 U -1
1 0 U -1
2 0 U -1
3 1 L 1
4 1 U 1
5 1 U -1
6 1 U 5
7 1 U 1
8 0 U -1
9 0 U 1
10 1 U -1
11 1 L 3
12 0 U 4
13 1 L 1
14 0 U 8
15 0 L 1
16 1 L 6
17 0 L 11
18 0 L -1
19 0 L 12
20 1 U -1
21 0 U 20
22 1 L 6
23 0 U 19
24 1 L 17
25 0 U 10
26 0 L 19
27 1 U 21
28 1 U -1
29 1 L 25
30 0 L 18
31 0 L 2
32 0 L 19
33 1 L 2
34 0 U 27
35 1 L 0
36 0 L -1
37 0 L 16
38 0 U 18
39 1 U 29
40 1 U 38
41 1 L 37
42 1 U 21
43 1 L 0
44 0 L 36
45 0 U -1
46 1 U -1
47 0 U 36
48 0 L 18
49 1 L 34
50 0 L 27
51 0 U 24
52 0 L 49
53 0 L 1
54 0 U 20
55 1 L 24
56 1 L 23
57 0 L 41
58 1 L -1
59 1 U 58
60 0 U 54
61 1 L -1
62 1 L 1
63
0 0 L -1
1 0 U -1
2 1 U -1
3 1 L 1
4 1 U 1
5 1 U -1
6 1 U 2
7 1 U 1
8 0 U -1
9 0 U 1
10 1 U -1
11 1 L 3
12 0 U 4
13 1 L 1
14 0 U 10
15 0 L 1
16 1 L 7
17 0 L 11
18 0 L -1
19 0 L 12
20 1 U -1
21 0 U 20
22 1 L 7
23 0 U 21
24 1 L 17
25 0 U 18
26 0 L 19
27 1 U 21
28 1 U -1
29 1 L 25
30 0 L 18
31 0 L 3
32 0 U 22
33 1 L 2
34 0 U 27
35 1 L 18
36 0 L -1
37 0 U 19
38 0 U 18
39 0 U 30
40 1 U 38
41 1 L 26
42 0 U 30
43 1 L 0
44 0 L 36
45 0 U -1
46 1 U -1
47 0 U 4
48 0 L 44
49 0 L 34
50 0 L 27
51 0 U 31
52 0 L 49
53 0 L 43
54 0 U 46
55 1 L 24
56 1 L 55
57 1 L 41
58 1 L -1
59 1 U 17
60 0 U 14
61 1 L -1
62 1 L 1
63
0 0 L -1
1 0 U -1
2 0 U -1
3 1 L 1
4 1 U 1
5 1 U -1
6 1 U 2
7 1 U 6
8 0 U -1
9 0 U 1
10 1 U -1
11 1 L 3
12 0 U 4
13 1 L 1
14 0 U 1
15 0 L 1
16 1 L 6
17 0 L 15
18 0 L -1
19 0 L 12
20 1 U -1
21 0 U 20
22 1 L 7
23 0 U 21
24 1 L 17
25 0 U 9
26 0 L 19
27 1 U 21
28 1 U -1
29 1 L 25
30 0 L 18
31 0 L 3
32 0 L 14
33 1 L 2
34 0 U 27
35 1 L 18
36 0 L -1
37 0 L 22
38 0 U 18
39 1 U 30
40 1 U 38
41 0 L 26
42 1 U 21
43 1 L 0
44 0 L 36
45 0 U -1
46 1 U -1
47 0 U 25
48 0 L 44
49 1 L 34
50 0 L 27
51 0 U 31
52 0 L 49
53 0 L 43
54 0 U 46
55 1 L 24
56 1 L 55
57 1 L 41
58 1 L -1
59 1 U 17
60 0 U 36
61 1 L -1
62 0 L 48
63
0 0 U -1
1 0 U -1
2 0 U -1
3 1 L 1
4 1 U 1
5 1 U -1
6 1 U 5
7 1 L 1
8 0 U 5
9 0 U 1
10 1 U -1
11 1 L 3
12 0 U 4
13 1 L 1
14 0 U 10
15 0 L 1
16 0 L 8
17 0 L 15
18 0 L -1
19 1 L 1
20 1 U -1
21 0 U 20
22 1 L 6
23 0 U 21
24 1 L 17
25 0 U 18
26 0 L 8
27 1 U 21
28 1 U -1
29 1 L 25
30 0 L 18
31 0 L 3
32 0 U 29
33 1 L 2
34 0 U 26
35 1 L 18
36 0 L -1
37 1 L 16
38 0 U 18
39 0 U 29
40 1 U 38
41 1 L 26
42 0 U 29
43 1 L 0
44 0 L 36
45 0 U -1
46 1 U -1
47 0 U 30
48 0 L 44
49 1 L 34
50 0 L 27
51 0 U 31
52 0 L 49
53 0 L 22
54 0 U 46
55 1 L 24
56 1 L 26
57 0 L 41
58 1 L -1
59 1 U 47
60 0 U 30
61 1 L -1
62 0 L 1
63
0 0 U -1
1 0 U -1
2 0 U -1
3 1 L 1
4 1 U 1
5 1 U -1
6 1 U 2
7 0 L 1
8 0 U 2
9 0 U 1
10 1 U -1
11 1 L 3
12 0 U 4
13 1 L 1
14 0 U 1
15 0 L 1
16 0 L 8
17 0 L 11
18 0 L -1
19 1 L 12
20 1 U -1
21 0 U 20
22 1 L 6
23 0 U 21
24 1 L 17
25 0 U 18
26 0 L 8
27 1 U 21
28 1 U -1
29 1 L 25
30 0 L 18
31 0 L 2
32 0 U 29
33 1 L 3
34 0 U 26
35 1 L 18
36 0 L -1
37 1 L 26
38 0 U 18
39 0 U 29
40 1 U 38
41 1 L 26
42 1 U 36
43 1 L 0
44 0 L 36
45 0 U -1
46 1 U -1
47 0 U 36
48 1 L 44
49 1 L 34
50 0 L 27
51 0 U 31
52 0 L 49
53 0 L 22
54 0 U 0
55 1 L 24
56 1 L 14
57 1 L 23
58 1 L -1
59 1 U 53
60 0 U 14
61 1 L 36
62 1 L 1
63
0 0 U -1
1 0 U -1
2 0 U -1
3 1 L 1
4 1 U 1
5 1 U -1
6 1 U 5
7 1 U 6
8 0 U -1
9 0 U 1
10 1 U -1
11 1 L 3
12 0 U 4
13 1 L 1
14 0 U 10
15 0 L 1
16 0 L 8
17 0 L 11
18 0 L -1
19 1 L 16
20 1 U -1
21 0 U 20
22 1 L 12
23 0 U 21
24 1 L 17
25 0 U 9
26 0 L 8
27 1 U 21
28 1 U -1
29 1 L 25
30 0 L 18
31 0 L 13
32 0 U 30
33 1 L 2
34 0 U 26
35 1 L 18
36 0 L -1
37 0 L 19
38 0 U 18
39 0 U 22
40 1 U 38
41 0 L 26
42 1 U 36
43 0 L 30
44 0 L 36
45 0 U -1
46 1 U -1
47 0 U 29
48 0 L 44
49 0 L 34
50 0 L 27
51 0 U 31
52 0 L 49
53 0 L 8
54 0 U 20
55 1 L 24
56 1 L 9
57 1 L 23
58 1 L -1
59 1 U 58
60 0 U 30
61 1 L 36
62 0 L 35
63
0 0 L -1
1 0 U -1
2 0 U -1
3 1 L 1
4 1 U 1
5 1 U -1
6 1 U 2
7 0 L 1
8 0 U -1
9 0 U 1
10 1 U -1
11 1 L 3
12 0 U 4
13 1 L 1
14 0 U 3
15 0 L 1
16 0 L 8
17 0 L 15
18 0 L -1
19 1 L 16
20 1 U -1
21 0 U 20
22 1 L 12
23 0 U 21
24 1 L 17
25 0 U 10
26 0 L 8
27 1 U 21
28 1 U -1
29 1 L 25
30 0 L 18
31 0 L 2
32 0 U 30
33 1 L 7
34 0 U 26
35 1 L 18
36 0 L -1
37 0 L 19
38 0 U 18
39 0 U 29
40 1 U 38
41 0 L 26
42 0 U 36
43 1 L 18
44 0 L 36
45 0 U -1
46 1 U -1
47 0 U 29
48 0 L 43
49 1 L 34
50 0 L 27
51 0 U 31
52 0 L 49
53 0 L 8
54 0 U 20
55 1 L 24
56 1 L 9
57 1 L 23
58 1 L -1
59 1 U 34
60 0 U 44
61 1 L 36
62 1 L 0
63
0 0 U -1
1 0 U -1
2 0 U -1
3 1 L 1
4 1 U 1
5 1 U -1
6 1 U 2
7 0 L 1
8 0 U -1
9 0 U 1
10 1 U -1
11 1 L 2
12 0 U 4
13 1 L 1
14 0 U 3
15 0 L 1
16 0 L 8
17 0 L 11
18 0 L -1
19 1 L 9
20 1 U -1
21 0 U 20
22 1 L 6
23 0 U 21
24 1 L 17
25 0 U 3
26 0 L 8
27 1 U 21
28 1 U -1
29 1 L 25
30 0 L 0
31 0 L 7
32 0 U 22
33 1 L 13
34 0 U 26
35 1 L 18
36 0 L -1
37 0 L 14
38 0 U 18
39 0 U 29
40 1 U 38
41 0 L 26
42 0 U 22
43 0 L 18
44 0 L 36
45 0 U -1
46 1 U -1
47 0 U 4
48 0 L 43
49 1 L 34
50 0 L 27
51 0 U 31
52 0 L 49
53 0 L 8
54 0 U 20
55 1 L 24
56 1 L 9
57 1 L 23
58 1 L -1
59 1 U 17
60 0 U 4
61 1 L -1
62 0 L 61
63
0 0 U -1
1 0 U -1
2 0 U -1
3 1 L 1
4 1 U 1
5 1 U -1
6 1 U 2
7 0 L 1
8 0 U -1
9 0 U 1
10 1 U -1
11 1 L 3
12 0 U 4
13 1 L 1
14 0 U 8
15 0 L 1
16 1 L 8
17 0 L 11
18 0 L -1
19 1 L 1
20 1 U -1
21 0 U 20
22 1 L 6
23 0 U 21
24 1 L 17
25 0 U 8
26 0 L 8
27 1 U 21
28 1 U -1
29 1 L 25
30 0 L 0
31 0 L 7
32 0 U 22
33 1 L 19
34 0 U 13
35 1 L 18
36 0 L -1
37 0 L 14
38 0 U 18
39 0 U 22
40 1 U 38
41 0 L 26
42 1 U 29
43 1 L 18
44 0 L 36
45 0 U -1
46 1 U -1
47 0 U 4
48 0 L 43
49 1 L 34
50 0 L 27
51 0 U 31
52 0 L 49
53 0 L 8
54 0 U 46
55 1 L 24
56 1 L 16
57 1 L 23
58 1 L -1
59 1 U 34
60 0 U 32
61 1 L -1
62 1 L 61
63
0 0 U -1
1 0 U -1
2 0 U -1
3 1 L 1
4 1 U 1
5 1 U -1
6 1 U 2
7 0 L 1
8 0 U -1
9 0 U 1
10 1 U -1
11 1 L 3
12 0 U 4
13 1 L 1
14 0 U 10
15 1 L 1
16 1 L 8
17 0 L 11
18 0 L -1
19 1 L 9
20 1 U -1
21 0 U 20
22 1 L 6
23 0 U 21
24 1 L 17
25 0 U 1
26 0 L 8
27 1 U 21
28 1 U -1
29 1 L 25
30 0 L 0
31 0 L 2
32 0 L 22
33 1 L 13
34 0 U 13
35 1 L 18
36 0 L -1
37 0 L 14
38 0 U 18
39 1 U 22
40 1 U 38
41 0 L 26
42 1 U 21
43 1 L 0
44 0 L 36
45 0 U -1
46 1 U -1
47 0 U 16
48 0 L 43
49 0 L 34
50 0 L 27
51 0 U 31
52 0 L 49
53 1 L 24
54 0 U 46
55 1 L 24
56 1 L 16
57 1 L 23
58 1 L -1
59 1 U 58
60 0 U 4
61 1 L 36
62 1 L 61
63
0 0 L -1
1 0 U -1
2 1 U -1
3 1 L 1
4 1 U 1
5 1 U -1
6 1 U 2
7 1 L 1
8 0 U -1
9 0 U 1
10 1 U -1
11 1 L 2
12 0 U 4
13 1 L 1
14 0 U 1
15 0 L 1
16 1 L 8
17 0 L 11
18 0 L -1
19 1 L 9
20 1 U -1
21 0 U 20
22 1 L 12
23 0 U 21
24 1 L 17
25 0 U 3
26 0 L 8
27 1 U 21
28 1 U -1
29 1 L 25
30 0 L 0
31 0 L 2
32 0 L -1
33 1 L 3
34 0 U 27
35 1 L 18
36 0 L -1
37 0 L 16
38 0 U 18
39 0 U 22
40 1 U 38
41 0 L 26
42 1 U 30
43 0 L 18
44 0 L 36
45 0 U -1
46 1 U -1
47 0 U 16
48 1 L 22
49 0 L 34
50 0 L 27
51 0 U 31
52 0 L 49
53 1 L 24
54 0 U 46
55 1 L 24
56 1 L 19
57 1 L 23
58 1 L -1
59 1 U 39
60 0 U 25
61 0 L 36
62 1 L 61
63
0 0 U -1
1 0 U -1
2 1 U -1
3 1 L 1
4 1 U 1
5 1 U -1
6 1 U 2
7 0 L 1
8 0 U -1
9 0 U 1
10 1 U -1
11 1 L 2
12 0 U 4
13 1 L 1
14 0 U 1
15 1 L 1
16 0 L 8
17 0 L 11
18 0 L -1
19 1 L 9
20 1 U -1
21 0 U 20
22 1 L 12
23 0 U 21
24 1 L 17
25 0 U 1
26 0 L 8
27 1 U 21
28 1 U -1
29 1 L 25
30 0 L 0
31 0 L 15
32 1 L 1
33 1 L 32
34 0 U 27
35 1 L 18
36 0 L -1
37 1 L 16
38 0 U 18
39 1 U 22
40 1 U 38
41 0 L 26
42 1 U 21
43 1 L 18
44 0 L 36
45 0 U -1
46 1 U -1
47 0 U 21
48 1 L 22
49 1 L 34
50 0 L 27
51 0 U 31
52 0 L 49
53 1 L 24
54 0 U 46
55 1 L 24
56 1 U 16
57 1 L 23
58 1 L -1
59 1 U 17
60 0 U 36
61 0 L -1
62 0 L 61
63
0 0 L -1
1 0 U -1
2 0 U -1
3 1 L 1
4 1 U 1
5 1 U -1
6 1 U 2
7 1 L 3
8 0 U -1
9 0 U 1
10 1 U -1
11 1 L 3
12 0 U 4
13 1 L 1
14 0 U 10
15 1 L 1
16 1 L 8
17 0 L 11
18 0 L -1
19 1 L 9
20 1 U -1
21 0 U 20
22 1 L 6
23 0 U 21
24 1 L 17
25 0 U 1
26 0 L 8
27 1 U 21
28 1 U -1
29 1 L 25
30 0 L 0
31 0 L 3
32 1 L 1
33 1 L 15
34 0 U 27
35 1 L 0
36 0 L -1
37 0 L 19
38 0 U 18
39 1 U 22
40 1 U 38
41 0 L 26
42 0 U 22
43 1 L 18
44 0 L 36
45 0 U -1
46 1 U -1
47 0 U 21
48 1 L 22
49 1 L 34
50 0 L 27
51 0 U 31
52 0 L 49
53 1 L -1
54 0 U 0
55 1 L 24
56 1 L 10
57 1 L 23
58 1 L -1
59 1 U 34
60 0 U 29
61 0 L -1
62 0 L 61
63
0 0 L -1
1 0 U -1
2 1 U -1
3 1 L 1
4 0 U 1
5 1 U -1
6 1 U 2
7 0 L 2
8 0 U -1
9 0 U 1
10 1 U -1
11 1 L 3
12 0 L 4
13 1 L 1
14 0 U 3
15 1 L 1
16 1 L 12
17 0 L 11
18 0 L -1
19 1 L 9
20 1 U -1
21 0 U 20
22 1 L 6
23 0 U 21
24 1 L 17
25 0 U 1
26 0 L 8
27 1 U 21
28 1 U -1
29 1 L 25
30 0 L 0
31 0 L 13
32 1 L 27
33 1 L 3
34 0 U 27
35 1 L 18
36 0 L -1
37 0 L 9
38 0 U 18
39 1 U 29
40 1 U 38
41 0 L 26
42 0 U 36
43 1 L 18
44 0 L 36
45 0 U -1
46 1 U -1
47 0 U 21
48 1 L 22
49 1 L 34
50 0 L 27
51 0 U 31
52 0 L 49
53 1 L 24
54 0 U 46
55 1 L 24
56 1 L 18
57 1 L 41
58 1 L -1
59 1 U 34
60 0 U 54
61 0 L -1
62 1 L 35
63
0 0 U -1
1 0 U -1
2 0 U -1
3 1 L 1
4 1 U 1
5 1 U -1
6 1 U 5
7 1 L 2
8 0 U -1
9 0 U 1
10 1 U -1
11 1 L 2
12 0 L 4
13 1 L 1
14 0 U 3
15 1 L 1
16 0 L 8
17 0 L 11
18 0 L -1
19 1 L 11
20 1 U -1
21 0 U 20
22 1 L 6
23 0 U 21
24 1 L 17
25 0 U 3
26 0 L 8
27 1 U 21
28 1 U -1
29 1 L 25
30 0 L 0
31 0 L 2
32 1 L 26
33 1 L 3
34 0 U 27
35 1 L 0
36 0 L -1
37 0 L 32
38 0 U 18
39 1 U 30
40 1 U 38
41 0 L 26
42 1 U 30
43 1 L 0
44 0 L 36
45 0 U -1
46 1 U -1
47 0 U 40
48 1 L 22
49 1 L 34
50 0 L 27
51 0 U 24
52 0 L 49
53 1 L 24
54 0 U 46
55 1 L 24
56 1 L 18
57 1 L 41
58 1 L -1
59 1 U 34
60 0 U 40
61 1 L -1
62 1 L 1
63
0 0 U -1
1 0 U -1
2 0 U -1
3 1 L 1
4 1 U 1
5 1 U -1
6 1 U 5
7 1 L 2
8 0 U -1
9 0 U 1
10 1 U -1
11 1 L 2
12 0 L 4
13 1 L 1
14 0 U 3
15 1 L 1
16 0 L 8
17 1 L 11
18 0 L -1
19 0 L 8
20 1 U -1
21 0 U 20
22 1 L 6
23 0 U 21
24 1 L 4
25 0 U 3
26 0 L 8
27 1 U 21
28 1 U -1
29 1 L 25
30 0 L 0
31 0 L 3
32 1 L 26
33 1 L 3
34 0 U 27
35 1 L 18
36 0 L -1
37 0 L 10
38 0 U 18
39 1 U 30
40 1 U 38
41 0 L 26
42 0 U 29
43 0 L 0
44 0 L 36
45 0 U -1
46 1 U -1
47 0 U 29
48 1 L -1
49 0 L 34
50 0 L 27
51 0 U 24
52 0 L 49
53 1 L 24
54 0 U 20
55 1 L 24
56 1 L 9
57 1 L 43
58 1 L -1
59 1 U 37
60 0 U 19
61 0 L -1
62 1 L 41
63
0 0 L -1
1 0 U -1
2 0 U -1
3 1 L 1
4 1 U 1
5 1 U -1
6 1 U 2
7 0 L 3
8 0 U -1
9 0 U 1
10 1 U -1
11 1 L 3
12 0 L 4
13 1 L 1
14 0 U 8
15 1 L 1
16 0 L 8
17 1 L 11
18 0 L -1
19 0 L 8
20 1 U -1
21 0 U 20
22 1 L 5
23 0 U 21
24 1 L 17
25 0 U 10
26 0 L 12
27 1 U 21
28 1 U -1
29 1 L 25
30 0 L 18
31 0 L 3
32 1 L 16
33 1 L 2
34 0 U 27
35 1 L 18
36 0 L -1
37 0 L 10
38 0 U 18
39 1 U 30
40 1 U 38
41 0 L 16
42 0 U 30
43 0 L 0
44 0 L 36
45 0 U -1
46 1 U -1
47 0 U 29
48 1 L -1
49 1 L 34
50 0 L 27
51 0 U 24
52 0 L 49
53 1 L 24
54 0 U 20
55 1 L 24
56 1 L 32
57 1 L 43
58 1 L -1
59 1 U 37
60 0 U 4
61 0 L -1
62 1 L 41
63
0 0 L -1
1 0 U -1
2 1 U -1
3 1 L 1
4 0 U 1
5 1 U -1
6 1 U 2
7 0 L -1
8 0 U -1
9 0 U 7
10 1 U -1
11 1 L 3
12 0 L 5
13 1 L 1
14 0 U 7
15 1 L 1
16 1 L 12
17 1 L 11
18 0 L -1
19 0 L 3
20 1 U -1
21 0 U 20
22 1 L 5
23 0 U 21
24 1 L 17
25 0 U 1
26 0 L 12
27 1 U 21
28 1 U -1
29 1 L 25
30 0 L 0
31 0 L 3
32 1 L 26
33 1 L 3
34 0 U 27
35 1 L 18
36 0 L -1
37 0 L 14
38 0 U 3
39 1 U 30
40 1 U 38
41 0 L 16
42 1 U 30
43 0 L 18
44 0 L 36
45 0 U -1
46 1 U -1
47 0 U 29
48 1 L 23
49 0 L 34
50 0 L 27
51 0 U 24
52 0 L 49
53 1 L 24
54 0 U 46
55 1 L 24
56 1 L 16
57 1 L 43
58 1 L -1
59 1 U 37
60 0 U 30
61 0 L -1
62 0 L 41
63
0 0 U -1
1 0 U -1
2 1 U -1
3 1 L 1
4 1 U 1
5 1 U -1
6 1 U 2
7 0 L 1
8 0 U -1
9 0 U 1
10 1 U -1
11 1 L 3
12 0 L 5
13 1 L 1
14 0 U 8
15 0 L 1
16 0 L 12
17 1 L 11
18 0 L -1
19 0 L 8
20 1 U -1
21 0 U 20
22 1 L 17
23 0 U 21
24 1 L 17
25 0 U 3
26 0 L 12
27 1 U 21
28 1 U -1
29 1 L 25
30 0 L 0
31 0 L 3
32 1 L 26
33 1 L 3
34 0 U 27
35 1 L 18
36 0 L -1
37 0 L 14
38 0 U 3
39 1 U 29
40 1 U 38
41 0 L 16
42 1 U 30
43 0 L 0
44 0 L 36
45 0 U -1
46 1 U -1
47 0 U 29
48 1 L 23
49 1 L 34
50 0 L 48
51 0 U 24
52 0 L 49
53 1 L 24
54 0 U 46
55 1 L 24
56 1 U 16
57 1 L 43
58 1 L -1
59 1 U 34
60 0 U 29
61 0 L 36
62 1 L 41
63
0 0 L -1
1 0 U -1
2 1 U -1
3 1 L 1
4 0 U 1
5 1 U -1
6 1 U 2
7 0 L -1
8 0 U -1
9 0 U 7
10 1 U -1
11 1 L 3
12 0 L 5
13 1 L 1
14 0 U 8
15 1 L 1
16 0 L 12
17 1 L 11
18 0 L -1
19 0 L 8
20 1 U -1
21 0 U 20
22 1 L 5
23 0 U 21
24 1 L 17
25 0 U 10
26 0 L 22
27 1 U 21
28 1 U -1
29 1 L 25
30 0 L 0
31 1 L 3
32 1 L 26
33 1 L 2
34 0 U 27
35 1 L 18
36 0 L -1
37 1 L 32
38 0 U 3
39 1 U 29
40 1 U 38
41 0 L 16
42 1 U 30
43 0 L 0
44 0 L 36
45 0 U -1
46 1 U -1
47 0 U 30
48 1 L 23
49 1 L 34
50 0 L 27
51 0 U 24
52 0 L 49
53 1 L 24
54 0 U 46
55 1 L 24
56 1 U 16
57 1 L 43
58 1 L -1
59 1 U 47
60 0 U 36
61 0 L -1
62 1 L 41
63
0 0 U -1
1 0 U -1
2 1 U -1
3 1 L 1
4 1 U 1
5 1 U -1
6 1 U 2
7 0 L -1
8 0 U -1
9 0 U 1
10 1 U -1
11 0 L 3
12 0 L 5
13 1 L 1
14 0 U 10
15 1 L 1
16 1 L 8
17 1 L 9
18 0 L -1
19 0 L 8
20 1 U -1
21 0 U 20
22 1 L 5
23 0 U 14
24 1 L 4
25 0 U 18
26 0 L 22
27 1 U 21
28 1 U -1
29 1 L 25
30 0 L 0
31 0 L 3
32 1 L 26
33 1 L 2
34 0 U 27
35 1 L 18
36 0 L -1
37 1 L 19
38 0 U 3
39 1 U 29
40 1 U 38
41 0 L 16
42 1 U 30
43 0 L 18
44 0 L 36
45 0 U -1
46 1 U -1
47 0 U 30
48 1 L 23
49 1 L 34
50 0 L 27
51 0 U 24
52 0 L 49
53 1 L 24
54 0 U 46
55 1 L 24
56 1 U 54
57 1 L 43
58 1 L -1
59 1 U 47
60 0 U 19
61 0 L -1
62 1 L 41
63
0 0 L -1
1 0 U -1
2 0 U -1
3 1 L 1
4 1 U 1
5 1 U -1
6 1 U 5
7 1 L 1
8 0 U -1
9 0 U 1
10 1 U -1
11 1 L 3
12 0 L 4
13 1 L 1
14 0 U 3
15 0 L 1
16 0 L 8
17 1 L 9
18 0 L -1
19 0 L 8
20 1 U -1
21 0 U 20
22 1 L 4
23 0 L 14
24 1 L 4
25 0 U 9
26 0 L 12
27 1 U 21
28 1 U -1
29 1 L 25
30 0 L 18
31 0 L 2
32 1 L 26
33 1 L 3
34 0 U 27
35 1 L 0
36 0 L -1
37 0 L 32
38 0 U 18
39 1 U 30
40 1 U 38
41 0 L 16
42 0 U 30
43 0 L 0
44 0 L 36
45 0 U -1
46 1 U -1
47 0 U 19
48 1 L 23
49 0 L 34
50 1 L 25
51 0 L 24
52 0 L 49
53 1 L -1
54 0 U 46
55 1 L 24
56 1 U 54
57 1 L 43
58 1 L -1
59 0 U 47
60 0 U 30
61 0 L -1
62 0 L 41
63
0 0 U -1
1 0 U -1
2 0 U -1
3 1 L 1
4 1 U 1
5 1 U -1
6 1 U 2
7 0 L 1
8 0 U -1
9 0 U 1
10 1 U -1
11 0 L 2
12 0 L 4
13 1 L 1
14 0 U 1
15 0 L 1
16 0 L 12
17 1 L 9
18 0 L -1
19 0 L 8
20 1 U -1
21 0 U 20
22 1 L 4
23 0 L 14
24 1 L 4
25 0 U 9
26 1 L 22
27 1 U 21
28 1 U -1
29 1 L 25
30 0 L 0
31 0 L 2
32 0 L 22
33 1 L 2
34 0 U 26
35 1 L 0
36 0 L -1
37 0 L 10
38 0 U 18
39 1 U 30
40 1 U 7
41 0 L 19
42 1 U 30
43 0 L 18
44 0 L 36
45 0 U -1
46 1 U -1
47 0 U 36
48 1 L 23
49 1 L 34
50 1 L 25
51 0 L 22
52 0 L 49
53 1 L 41
54 0 U 46
55 1 L 22
56 1 U 54
57 1 L 43
58 1 L -1
59 1 U 47
60 0 U 12
61 1 L -1
62 1 L 61
63
0 0 L -1
1 0 U -1
2 0 U -1
3 1 L 1
4 1 U 1
5 1 U -1
6 1 U 2
7 0 L 1
8 0 U -1
9 0 U 1
10 1 U -1
11 0 L 7
12 0 L 4
13 1 L 1
14 0 U 10
15 0 L 1
16 0 L 12
17 1 L 9
18 0 L -1
19 0 L 8
20 1 U -1
21 0 U 20
22 1 L 4
23 0 L 10
24 1 L 4
25 0 U 9
26 1 L 22
27 1 L 23
28 1 U -1
29 1 L 25
30 0 L 0
31 0 L 2
32 0 L 2
33 1 L 7
34 0 U 27
35 1 L 0
36 0 L -1
37 0 L 10
38 0 U 18
39 1 U 30
40 1 U 7
41 0 L 19
42 1 U 29
43 0 L 18
44 0 L 36
45 0 U -1
46 1 U -1
47 0 U 36
48 1 L 20
49 1 L 34
50 1 L 25
51 0 L 22
52 0 L 49
53 1 L 23
54 0 U 46
55 1 L 22
56 1 U 16
57 1 L 43
58 1 L -1
59 1 U 47
60 0 U 12
61 1 L -1
62 1 L 44
63
0 0 U -1
1 0 U -1
2 0 U -1
3 1 L 1
4 1 U 1
5 1 U -1
6 1 U 5
7 1 L 1
8 0 U -1
9 0 U 1
10 1 U -1
11 0 L 3
12 0 L 4
13 1 L 1
14 0 U 10
15 0 L 7
16 0 L 12
17 1 L 9
18 0 L -1
19 0 L 8
20 1 U -1
21 0 U 20
22 1 L 4
23 0 L 10
24 1 L 4
25 0 U 10
26 1 L 22
27 0 L 23
28 1 U -1
29 1 L 25
30 0 L 0
31 0 L 3
32 1 U 29
33 1 L 3
34 0 U 26
35 1 L 0
36 0 L -1
37 0 L 10
38 0 U 18
39 1 U 30
40 1 U 38
41 0 L 19
42 0 U 40
43 0 L 0
44 0 L 36
45 0 U -1
46 1 U -1
47 0 U 36
48 0 L 27
49 1 L 34
50 1 L 25
51 0 L 22
52 0 L 49
53 0 L 23
54 0 U 46
55 1 L 24
56 1 U 16
57 1 L 43
58 1 L -1
59 1 U 47
60 0 U 12
61 1 L -1
62 0 L 44
63
0 0 L -1
1 0 U -1
2 0 U -1
3 1 L 1
4 1 U 1
5 1 U -1
6 1 U 2
7 1 L 1
8 0 U -1
9 0 U 1
10 1 U -1
11 0 L 3
12 0 L 5
13 1 L 1
14 0 U 8
15 0 L 7
16 0 L 8
17 1 L 9
18 0 L -1
19 0 L 8
20 1 U -1
21 0 U 20
22 1 L 4
23 0 L 10
24 1 L 4
25 0 U 10
26 1 L 22
27 0 L 23
28 1 U -1
29 1 L 25
30 0 L 0
31 0 L 2
32 1 U 29
33 1 L 2
34 0 U 13
35 1 L 0
36 0 L -1
37 0 L 19
38 0 U 18
39 1 U 29
40 1 U 38
41 0 L 19
42 0 U 40
43 0 L 0
44 0 L 36
45 0 U -1
46 1 U -1
47 0 U 21
48 0 L 27
49 1 L 34
50 1 L 25
51 0 L 22
52 0 L 49
53 0 L 41
54 0 U 46
55 1 L 24
56 1 U 54
57 1 L 43
58 1 L -1
59 1 U 47
60 0 U 12
61 0 L -1
62 0 L 61
63
0 0 U -1
1 0 U -1
2 0 U -1
3 1 L 1
4 1 U 1
5 1 U -1
6 1 U 5
7 0 L 1
8 0 U -1
9 0 U 1
10 1 U -1
11 0 L 2
12 0 L 4
13 1 L 1
14 0 U 8
15 0 L 1
16 0 L 8
17 1 L 15
18 0 L -1
19 0 L 8
20 1 U -1
21 0 U 20
22 1 L 4
23 0 L 14
24 1 L 17
25 0 U 3
26 0 L 22
27 0 L 23
28 1 U -1
29 1 L 25
30 0 L 0
31 0 L 3
32 0 U 12
33 1 L 2
34 0 U 27
35 1 L 0
36 0 L -1
37 1 L 26
38 0 U 18
39 1 U 29
40 1 U 38
41 1 L 19
42 1 U 40
43 0 L 18
44 0 L 36
45 0 U -1
46 1 U -1
47 0 U 21
48 0 L 27
49 1 L 32
50 1 L 25
51 0 L 22
52 0 L 49
53 0 L 41
54 0 U 46
55 1 L 24
56 1 U 54
57 1 L 43
58 1 L -1
59 1 U 47
60 0 U 19
61 1 L 36
62 1 L 61
63
0 0 L -1
1 0 U -1
2 0 U -1
3 1 L 1
4 1 U 1
5 1 U -1
6 1 U 5
7 0 L 1
8 0 U -1
9 0 U 1
10 1 U -1
11 0 L 7
12 0 L 4
13 1 L 1
14 0 U 10
15 0 L 1
16 0 L 12
17 1 L 15
18 0 L -1
19 0 L 8
20 1 U -1
21 0 U 20
22 0 L 4
23 0 L 10
24 1 L 17
25 0 U 8
26 0 L 22
27 0 L 23
28 1 U -1
29 1 L 25
30 0 L 0
31 0 L 2
32 0 U 29
33 1 L 7
34 0 U 27
35 1 L 0
36 0 L -1
37 1 L 26
38 0 U 18
39 1 U 29
40 1 U 38
41 0 L 19
42 1 U 40
43 0 L 18
44 0 L 36
45 0 U -1
46 1 U -1
47 0 U 21
48 1 L 21
49 0 L 32
50 1 L 9
51 0 L 20
52 0 L 49
53 0 L 23
54 0 U 46
55 1 L 24
56 1 U 54
57 1 L 43
58 1 L -1
59 1 U 47
60 0 U 32
61 1 L -1
62 0 L 61
63
0 0 L -1
1 0 U -1
2 0 U -1
3 1 L 1
4 1 U 1
5 1 U -1
6 1 U 5
7 0 L 1
8 0 U -1
9 0 U 1
10 1 U -1
11 0 L 2
12 0 L 4
13 1 L 1
14 0 U 1
15 0 L 1
16 0 L 12
17 1 L 15
18 0 L -1
19 0 L 8
20 1 U -1
21 0 U 20
22 0 L 4
23 0 L 14
24 1 L 4
25 0 U 1
26 0 L 22
27 0 L 23
28 1 U -1
29 1 L 25
30 0 L 0
31 0 L 2
32 0 U 29
33 1 L 2
34 0 U 27
35 1 L 0
36 0 L -1
37 1 L 26
38 0 U 18
39 1 U 29
40 1 U 38
41 0 L 19
42 0 U 40
43 0 L 18
44 0 L 36
45 0 U -1
46 1 U -1
47 0 U 21
48 1 L 21
49 0 L 32
50 1 L 9
51 0 L 21
52 0 L 49
53 0 L 41
54 0 U 46
55 1 L 24
56 1 U 16
57 1 L 43
58 1 L -1
59 1 U 47
60 0 U 12
61 1 L -1
62 0 L 61
63
0 0 U -1
1 0 U -1
2 0 U -1
3 1 L 1
4 1 U 1
5 1 U -1
6 1 U 2
7 0 L 1
8 0 U -1
9 0 U 1
10 1 U -1
11 0 L 2
12 0 L 5
13 1 L 1
14 0 U 1
15 0 L 1
16 0 L 12
17 1 L 15
18 0 L -1
19 0 L 8
20 1 U -1
21 0 U 20
22 0 L 4
23 0 L 14
24 1 L 4
25 0 U 8
26 0 L 22
27 0 L 23
28 1 U -1
29 1 L 25
30 0 L 0
31 0 L 3
32 0 U 29
33 1 L 2
34 0 U 27
35 1 L 0
36 0 L -1
37 1 L 26
38 0 U 18
39 1 U 30
40 1 U 38
41 0 L 19
42 0 U 40
43 0 L 18
44 0 L 36
45 0 U -1
46 1 U -1
47 0 U 21
48 1 L 21
49 1 L 32
50 1 L 9
51 0 L 20
52 0 L 49
53 0 L 41
54 0 U 46
55 1 L 24
56 1 U 16
57 1 L 43
58 1 L -1
59 1 U 47
60 0 U 12
61 1 L -1
62 1 L 44
63
0 0 U -1
1 0 U -1
2 1 U -1
3 1 L 1
4 1 U 1
5 1 U -1
6 1 U 2
7 0 L 1
8 0 U -1
9 0 U 1
10 1 U -1
11 0 L 3
12 0 L 4
13 1 L 1
14 0 U 1
15 0 L 1
16 0 L 8
17 1 L 15
18 0 L -1
19 0 L 8
20 1 U -1
21 0 U 20
22 0 L 17
23 0 L 14
24 1 L 4
25 0 U 10
26 0 L 22
27 0 L 23
28 1 U -1
29 1 L 25
30 0 L 0
31 0 L 7
32 0 U 19
33 1 L 7
34 0 U 27
35 1 L 0
36 0 L -1
37 1 L 26
38 0 U 18
39 1 U 29
40 1 U 38
41 0 L 19
42 0 U 40
43 0 L 18
44 0 L 36
45 0 U -1
46 1 U -1
47 0 U 36
48 1 L 27
49 1 L 32
50 1 L 19
51 0 L 20
52 0 L 49
53 0 L 41
54 0 U 46
55 1 L 24
56 1 U 16
57 1 L 43
58 1 L -1
59 1 U 47
60 0 U 12
61 1 L -1
62 1 L 58
63
0 0 U -1
1 0 U -1
2 0 U -1
3 1 L 1
4 1 U 1
5 1 U -1
6 1 U 2
7 0 L 1
8 0 U -1
9 0 U 1
10 1 U -1
11 0 L 2
12 0 L 5
13 1 L 1
14 0 U 10
15 0 L 1
16 0 L 12
17 1 L 15
18 0 L -1
19 0 L 8
20 1 U -1
21 0 U 20
22 0 L 4
23 0 L 14
24 1 L 5
25 0 U 3
26 0 L 22
27 0 L 23
28 1 U -1
29 1 L 25
30 0 L 18
31 0 L 7
32 0 U 19
33 1 L 7
34 0 U 27
35 1 L 18
36 0 L -1
37 1 L 26
38 0 U 18
39 1 U 30
40 1 U 38
41 0 L 19
42 1 U 40
43 0 L 18
44 0 L 36
45 0 U -1
46 1 U -1
47 0 U 36
48 1 L 27
49 0 L 32
50 1 L 19
51 0 L 32
52 0 L 49
53 0 L 41
54 0 U 46
55 1 L 24
56 1 U 16
57 1 L 43
58 1 L -1
59 1 U 47
60 0 U 12
61 1 L -1
62 0 L 44
