34
0 0 U -1
1 0 U -1
2 0 U -1
3 0 U -1
4 0 U -1
5 0 U -1
6 0 U -1
7 0 U -1
8 0 U -1
9 0 U -1
10 0 U -1
11 0 U -1
12 0 U -1
13 0 U -1
14 0 U -1
15 0 U -1
16 0 U -1
17 0 U -1
18 0 U -1
19 0 U -1
20 0 U -1
21 0 U -1
22 0 U -1
23 0 U -1
24 0 U -1
25 0 U -1
26 0 U -1
27 0 U -1
28 0 U -1
29 0 U -1
30 0 U -1
31 0 U -1
32 0 U -1
33 0 U -1
34
0 1 U -1
1 0 U -1
2 1 L -1
3 0 L -1
4 0 U -1
5 0 U 0
6 0 U -1
7 0 U 2
8 1 L 1
9 0 L 4
10 1 U 0
11 1 U 4
12 1 L 1
13 0 L -1
14 0 U 8
15 1 L 0
16 0 L 0
17 1 L 15
18 1 U 15
19 0 L -1
20 1 L -1
21 0 U -1
22 1 L 3
23 1 U 5
24 0 U 23
25 1 U 10
26 1 L 18
27 0 L 22
28 1 L 9
29 1 U -1
30 1 U 25
31 1 U 26
32 1 U 24
33 1 L -1
34
0 1 L -1
1 0 U -1
2 1 L -1
3 0 L -1
4 0 U -1
5 0 U 0
6 0 U -1
7 1 U 2
8 1 L 5
9 0 L 8
10 1 U 4
11 1 U 0
12 1 L 7
13 0 L -1
14 0 U 9
15 1 L 0
16 0 L 0
17 1 L 15
18 1 L 4
19 1 L -1
20 0 L -1
21 0 U -1
22 1 L 3
23 1 U 11
24 0 U 12
25 1 U 8
26 0 L 17
27 0 L 15
28 1 L 27
29 0 U -1
30 0 L 24
31 0 L 23
32 0 L 26
33 1 L -1
34
0 1 U -1
1 0 U -1
2 1 L -1
3 0 L -1
4 0 U -1
5 0 L 2
6 0 U -1
7 0 L 0
8 1 L 5
9 0 U 4
10 0 U 4
11 1 U 0
12 1 L 7
13 0 L -1
14 0 U 2
15 1 L 0
16 0 L 0
17 1 L 15
18 1 U 17
19 0 L -1
20 0 L -1
21 0 U -1
22 1 L 20
23 1 U 11
24 0 U 12
25 1 U 8
26 0 L 6
27 0 L 15
28 1 L 17
29 1 U -1
30 0 L 24
31 0 U 30
32 0 L 24
33 1 L -1
34
0 1 U -1
1 0 U -1
2 1 L -1
3 0 L -1
4 0 U -1
5 0 L 2
6 0 U -1
7 0 U 2
8 1 L 5
9 0 L 4
10 1 U 0
11 1 U 4
12 1 L 7
13 0 L -1
14 0 U 9
15 1 L 0
16 0 L 0
17 0 L 15
18 1 L 15
19 0 L -1
20 0 L -1
21 0 U -1
22 1 L 3
23 1 L 9
24 0 U 12
25 1 U 10
26 0 L 6
27 0 L 16
28 1 L 27
29 0 U -1
30 1 U 3
31 0 L 23
32 0 L 26
33 1 L -1
34
0 1 U -1
1 0 U -1
2 1 L -1
3 0 L -1
4 0 U -1
5 0 L 2
6 0 U -1
7 0 U 5
8 1 L 1
9 0 L 4
10 1 U 0
11 1 U 4
12 1 L 7
13 1 L -1
14 0 U 5
15 1 L 2
16 0 L 3
17 1 L 15
18 1 L 15
19 1 L 12
20 1 L -1
21 0 U -1
22 1 L 3
23 1 L 9
24 0 U 23
25 1 U 11
26 0 L 14
27 0 L 15
28 1 L 19
29 0 U -1
30 1 U 7
31 0 U 30
32 0 L 26
33 0 L -1
34
0 1 U -1
1 0 U -1
2 1 L -1
3 0 L -1
4 0 U -1
5 0 L 2
6 1 U -1
7 1 U 2
8 1 L 5
9 0 L 4
10 1 U 0
11 1 U 4
12 1 L 7
13 1 L -1
14 0 U 2
15 1 L 2
16 0 L 2
17 1 L 15
18 0 U 17
19 1 L 18
20 1 L -1
21 0 U -1
22 1 L 3
23 1 L 14
24 0 U 14
25 1 U 9
26 0 L 14
27 0 L 16
28 1 L 9
29 0 U -1
30 1 L 23
31 0 U 24
32 0 L 23
33 1 L -1
34
0 1 U -1
1 0 U -1
2 1 L -1
3 0 L -1
4 0 U -1
5 0 L 2
6 0 U -1
7 0 L 2
8 1 L 1
9 0 U 4
10 0 U 0
11 1 U 0
12 1 L 7
13 1 L -1
14 0 U 9
15 1 L 2
16 0 L 2
17 1 L 15
18 1 U 17
19 0 L 18
20 1 L -1
21 0 U -1
22 1 L 3
23 1 L 9
24 0 L 19
25 1 U 11
26 0 L 6
27 0 L 16
28 1 L 27
29 1 U -1
30 1 U 14
31 0 U 30
32 0 L 26
33 0 L -1
34
0 1 U -1
1 0 U -1
2 1 L -1
3 1 L -1
4 0 U -1
5 0 L 2
6 0 U -1
7 0 U 2
8 1 L 5
9 0 U 4
10 0 U 0
11 1 U 4
12 1 L 7
13 0 L -1
14 1 U 2
15 1 L 2
16 0 L 2
17 1 L 15
18 0 L 15
19 0 L 18
20 1 L -1
21 0 U -1
22 1 L 7
23 1 L 9
24 0 L 6
25 1 U 10
26 0 L 6
27 0 L 16
28 1 L 14
29 0 U -1
30 1 L 23
31 1 L 24
32 0 L 26
33 1 L -1
34
0 1 U -1
1 0 U -1
2 1 L -1
3 1 L -1
4 0 U -1
5 0 U 0
6 0 U -1
7 0 U 2
8 1 L 1
9 0 U 0
10 0 U 4
11 1 U 0
12 1 L 7
13 0 L -1
14 1 U 9
15 1 L 2
16 0 L 2
17 1 L 15
18 0 U 15
19 0 L 18
20 1 L -1
21 0 U -1
22 1 L 0
23 1 L 9
24 0 L 19
25 1 U 11
26 0 L 6
27 0 L 16
28 1 L 27
29 0 U -1
30 1 U 23
31 0 L 26
32 0 L 26
33 1 L -1
34
0 1 L -1
1 0 U -1
2 1 L -1
3 1 L -1
4 0 U -1
5 0 U 0
6 0 U -1
7 0 U 2
8 1 L 5
9 0 U 4
10 1 U 4
11 1 U 4
12 1 L 7
13 0 L -1
14 0 U 2
15 1 L 2
16 0 L 2
17 1 L 15
18 0 U 15
19 0 L 18
20 1 L -1
21 0 U -1
22 1 L 7
23 1 L 9
24 1 L 19
25 1 U 11
26 0 L 19
27 0 L 12
28 1 L 27
29 0 U -1
30 0 U 23
31 0 L 26
32 0 L 26
33 1 L -1
34
0 0 U -1
1 0 U -1
2 1 L -1
3 1 L -1
4 0 U -1
5 0 U 0
6 0 U -1
7 0 L 3
8 1 L 5
9 0 U 4
10 0 U 0
11 1 U 4
12 1 L 7
13 0 L -1
14 1 U 9
15 1 L 2
16 0 L 2
17 1 L 15
18 0 L 16
19 0 L 18
20 1 L -1
21 0 U -1
22 1 L 2
23 1 L 9
24 0 L 19
25 1 U 11
26 1 L 19
27 0 L 15
28 1 L 27
29 0 U -1
30 1 U 25
31 1 L 23
32 0 L 26
33 0 L -1
34
0 1 L -1
1 0 U -1
2 1 L -1
3 1 L -1
4 0 U -1
5 0 U 0
6 0 U -1
7 0 L 3
8 1 L 5
9 0 U 0
10 0 U 4
11 1 U 4
12 1 L 7
13 0 L -1
14 1 U 9
15 1 L 0
16 0 L 2
17 0 L 15
18 1 U 17
19 1 L 18
20 1 L -1
21 0 U -1
22 1 L 20
23 1 L 9
24 0 L 19
25 1 U 8
26 0 L 6
27 0 L 12
28 1 L 27
29 1 U -1
30 1 U 3
31 0 L 22
32 0 L 26
33 0 L -1
34
0 1 U -1
1 0 U -1
2 1 L -1
3 1 L -1
4 0 U -1
5 0 U 0
6 0 U -1
7 0 L 3
8 1 L 1
9 0 U 0
10 0 U 4
11 1 U 4
12 1 L 7
13 0 L -1
14 1 U 9
15 1 L 2
16 0 L 2
17 1 L 15
18 0 U 17
19 0 L 18
20 1 L -1
21 0 U -1
22 1 L 2
23 1 L 9
24 0 L 19
25 1 U 11
26 0 L 6
27 0 L 12
28 1 L 27
29 1 U -1
30 1 U 23
31 0 L 22
32 0 L 26
33 1 L -1
34
0 1 L -1
1 0 U -1
2 1 L -1
3 1 L -1
4 0 U -1
5 0 U 0
6 0 U -1
7 0 L 3
8 1 L 5
9 0 U 4
10 0 U 4
11 1 U 4
12 1 L 7
13 0 L -1
14 1 U 9
15 1 L 2
16 0 L 2
17 1 L 15
18 0 L 16
19 0 L 18
20 1 L -1
21 0 U -1
22 1 L 2
23 1 L 9
24 0 L 6
25 1 U 10
26 0 L 19
27 0 L 15
28 1 L 27
29 0 U -1
30 1 U 7
31 0 L 26
32 0 L 26
33 1 L -1
34
0 1 L -1
1 0 U -1
2 1 L -1
3 1 L -1
4 0 U -1
5 0 U 0
6 0 U -1
7 1 L 3
8 1 L 5
9 0 U 0
10 1 U 0
11 1 U 4
12 1 L 7
13 0 L -1
14 0 U 9
15 1 L 2
16 0 L 2
17 1 L 15
18 1 L 15
19 0 L 18
20 1 L -1
21 0 U -1
22 1 L 2
23 1 L 9
24 0 L 19
25 1 U 10
26 0 L 19
27 0 L 15
28 1 L 27
29 1 U -1
30 1 U 25
31 1 U 24
32 0 L 26
33 1 L -1
34
0 1 L -1
1 0 U -1
2 1 L -1
3 0 L -1
4 0 U -1
5 0 U 0
6 0 U -1
7 0 L 2
8 1 L 1
9 0 U 4
10 0 U 4
11 1 U 4
12 1 L 7
13 1 L -1
14 0 U 2
15 1 L 2
16 0 L 2
17 1 L 15
18 0 U 17
19 0 L 18
20 1 L -1
21 0 U -1
22 1 L 2
23 1 L 9
24 0 L 19
25 1 U 11
26 0 L 6
27 0 L 15
28 1 L 27
29 1 U -1
30 1 U 3
31 0 U 24
32 0 L 26
33 1 L -1
34
0 1 L -1
1 0 U -1
2 1 L -1
3 1 L -1
4 0 U -1
5 0 U 0
6 0 U -1
7 0 L 3
8 1 L 5
9 0 U 4
10 0 U 4
11 1 U 4
12 1 L 7
13 0 L -1
14 0 U 2
15 1 L 0
16 0 L 2
17 1 L 15
18 0 U 15
19 1 L 18
20 1 L -1
21 0 U -1
22 1 L 2
23 1 L 9
24 0 L 19
25 1 U 11
26 0 L 19
27 0 L 15
28 1 L 17
29 0 U -1
30 1 U 7
31 0 U 30
32 0 L 26
33 1 L -1
34
0 1 L -1
1 0 U -1
2 1 L -1
3 1 L -1
4 0 U -1
5 0 U 0
6 0 U -1
7 0 L 3
8 1 L 5
9 0 U 4
10 0 U 0
11 1 U 0
12 1 L 7
13 0 L -1
14 0 U 2
15 1 L 0
16 0 L 2
17 1 L 15
18 1 U 15
19 0 L 18
20 1 L -1
21 0 U -1
22 1 L 7
23 1 L 9
24 0 L 6
25 1 U 11
26 0 L 6
27 0 L 12
28 1 L 17
29 0 U -1
30 1 L 23
31 0 L 26
32 0 L 26
33 1 L -1
34
0 1 L -1
1 0 U -1
2 1 L -1
3 1 L -1
4 0 U -1
5 0 U 0
6 0 U -1
7 1 L 3
8 1 L 5
9 0 U 0
10 0 U 0
11 1 U 4
12 1 L 7
13 0 L -1
14 0 U 9
15 1 L 2
16 0 L 2
17 1 L 15
18 1 U 15
19 0 L 18
20 1 L -1
21 0 U -1
22 1 L 7
23 1 L 9
24 0 L 6
25 1 U 11
26 0 L 6
27 0 L 16
28 1 L 19
29 1 U -1
30 1 L 23
31 0 L 26
32 0 L 26
33 1 L -1
34
0 1 U -1
1 0 U -1
2 1 L -1
3 1 L -1
4 0 U -1
5 0 L 2
6 0 U -1
7 0 L 3
8 1 L 1
9 0 U 0
10 0 U 4
11 1 U 4
12 1 L 7
13 0 L -1
14 0 U 9
15 1 L 2
16 0 L 2
17 1 L 15
18 1 U 15
19 1 L 18
20 1 L -1
21 0 U -1
22 1 L 2
23 1 L 9
24 0 L 19
25 1 U 11
26 0 L 19
27 0 L 12
28 1 L 27
29 1 U -1
30 1 U 7
31 0 L 22
32 0 L 26
33 1 L -1
34
0 1 U -1
1 0 U -1
2 1 L -1
3 1 L -1
4 0 U -1
5 0 L 2
6 0 U -1
7 1 L 3
8 1 L 1
9 0 U 0
10 0 U 0
11 1 U 4
12 1 L 7
13 0 L -1
14 0 U 9
15 1 L 2
16 0 L 2
17 1 L 15
18 1 U 17
19 0 L 18
20 1 L -1
21 0 U -1
22 1 L 0
23 1 L 9
24 0 L 6
25 1 U 10
26 0 L 19
27 0 L 16
28 1 L 14
29 1 U -1
30 1 U 7
31 0 L 23
32 0 L 26
33 1 L -1
34
0 1 L -1
1 0 U -1
2 1 L -1
3 1 L -1
4 0 U -1
5 0 L 2
6 0 U -1
7 1 L 3
8 1 L 5
9 0 U 4
10 0 U 0
11 1 U 0
12 1 L 7
13 0 L -1
14 1 U 9
15 1 L 2
16 0 L 2
17 1 L 15
18 0 L 16
19 0 L 18
20 1 L -1
21 0 U -1
22 1 L 0
23 1 L 9
24 0 L 6
25 1 U 10
26 0 L 19
27 0 L 15
28 1 L 27
29 1 U -1
30 1 U 7
31 0 U 24
32 0 L 26
33 1 L -1
34
0 1 L -1
1 0 U -1
2 1 L -1
3 1 L -1
4 0 U -1
5 0 L 2
6 0 U -1
7 1 L 3
8 1 L 5
9 0 U 0
10 0 U 4
11 1 U 4
12 1 L 7
13 0 L -1
14 0 U 9
15 1 L 2
16 0 L 2
17 1 L 15
18 0 L 15
19 0 L 18
20 1 L -1
21 0 U -1
22 1 L 2
23 1 L 9
24 0 L 19
25 1 U 11
26 0 L 6
27 0 L 16
28 1 L 14
29 0 U -1
30 1 U 23
31 0 L 26
32 0 L 26
33 1 L -1
34
0 1 U -1
1 0 U -1
2 1 L -1
3 1 L -1
4 0 U -1
5 0 L 2
6 0 U -1
7 0 L 3
8 1 L 5
9 0 U 4
10 0 U 0
11 1 U 0
12 1 L 7
13 0 L -1
14 1 U 2
15 1 L 2
16 0 L 2
17 1 L 15
18 0 U 17
19 0 L 18
20 1 L -1
21 0 U -1
22 1 L 0
23 1 L 9
24 0 L 19
25 1 U 11
26 0 L 19
27 0 L 15
28 1 L 27
29 0 U -1
30 1 L 23
31 0 L 26
32 0 L 26
33 1 L -1
34
0 1 U -1
1 0 U -1
2 1 L -1
3 1 L -1
4 0 U -1
5 0 L 2
6 0 U -1
7 1 L 3
8 1 L 1
9 0 U 0
10 0 U 4
11 1 U 4
12 1 L 7
13 0 L -1
14 0 U 9
15 1 L 2
16 0 L 2
17 1 L 15
18 1 L 16
19 0 L 18
20 1 L -1
21 0 U -1
22 1 L 7
23 1 L 9
24 0 L 6
25 1 U 10
26 0 L 6
27 0 L 15
28 1 L 19
29 1 U -1
30 1 U 14
31 0 L 24
32 0 L 26
33 1 L -1
34
0 1 U -1
1 0 U -1
2 1 L -1
3 1 L -1
4 0 U -1
5 0 L 2
6 0 U -1
7 1 L 3
8 1 L 5
9 0 U 0
10 0 U 0
11 1 U 0
12 1 L 7
13 0 L -1
14 1 U 9
15 1 L 0
16 0 L 2
17 1 L 15
18 1 U 15
19 1 L 18
20 1 L -1
21 0 U -1
22 1 L 2
23 1 L 9
24 0 L 19
25 1 U 10
26 0 L 19
27 0 L 15
28 1 L 27
29 1 U -1
30 1 U 14
31 0 U 24
32 0 L 26
33 1 L -1
34
0 1 L -1
1 0 U -1
2 1 L -1
3 1 L -1
4 0 U -1
5 0 L 2
6 0 U -1
7 1 L 3
8 1 L 1
9 0 U 0
10 0 U 0
11 1 U 0
12 1 L 7
13 0 L -1
14 1 U 9
15 1 L 0
16 0 L 2
17 1 L 15
18 0 U 15
19 0 L 18
20 1 L -1
21 0 U -1
22 1 L 2
23 1 L 9
24 0 L 6
25 1 U 10
26 0 L 6
27 0 L 16
28 1 L 27
29 0 U -1
30 1 U 14
31 0 U 30
32 0 L 26
33 1 L -1
34
0 1 U -1
1 0 U -1
2 1 L -1
3 1 L -1
4 0 U -1
5 0 L 2
6 0 U -1
7 1 L 3
8 1 L 5
9 0 U 0
10 0 U 0
11 1 U 0
12 1 L 7
13 0 L -1
14 0 U 9
15 1 L 2
16 0 L 2
17 1 L 15
18 1 L 15
19 0 L 18
20 1 L -1
21 0 U -1
22 1 L 7
23 1 L 9
24 0 L 6
25 1 U 10
26 0 L 19
27 0 L 16
28 1 L 14
29 1 U -1
30 1 U 7
31 1 L 24
32 0 L 26
33 1 L -1
34
0 1 L -1
1 0 U -1
2 1 L -1
3 1 L -1
4 0 U -1
5 0 L 2
6 0 U -1
7 1 L 3
8 1 L 1
9 0 U 4
10 0 U 4
11 1 U 4
12 1 L 7
13 0 L -1
14 1 U 9
15 1 L 0
16 0 L 2
17 1 L 15
18 0 L 16
19 0 L 18
20 1 L -1
21 0 U -1
22 1 L 2
23 1 L 9
24 0 L 6
25 1 U 10
26 0 L 6
27 0 L 15
28 1 L 27
29 0 U -1
30 1 U 23
31 0 L 24
32 0 L 26
33 1 L -1
34
0 1 L -1
1 0 U -1
2 1 L -1
3 1 L -1
4 0 U -1
5 0 L 2
6 0 U -1
7 0 L 3
8 1 L 1
9 0 U 4
10 0 U 0
11 1 U 0
12 1 L 7
13 0 L -1
14 0 U 9
15 1 L 2
16 0 L 2
17 1 L 15
18 0 L 15
19 1 L 18
20 1 L -1
21 0 U -1
22 1 L 7
23 1 L 9
24 0 L 19
25 1 U 11
26 0 L 19
27 0 L 15
28 1 L 14
29 1 U -1
30 1 L 23
31 0 U 24
32 0 L 26
33 1 L -1
34
0 1 L -1
1 0 U -1
2 1 L -1
3 1 L -1
4 0 U -1
5 0 L 2
6 0 U -1
7 1 L 3
8 1 L 1
9 0 U 0
10 0 U 4
11 1 U 4
12 1 L 7
13 0 L -1
14 0 U 9
15 1 L 2
16 0 L 2
17 1 L 15
18 1 L 16
19 0 L 18
20 1 L -1
21 0 U -1
22 1 L 0
23 1 L 9
24 0 L 6
25 1 U 10
26 0 L 6
27 0 L 16
28 1 L 19
29 0 U -1
30 1 L 23
31 1 U 13
32 0 L 26
33 1 L -1
34
0 1 U -1
1 0 U -1
2 1 L -1
3 1 L -1
4 0 U -1
5 0 L 2
6 0 U -1
7 1 L 3
8 1 L 1
9 0 U 0
10 0 U 4
11 1 U 4
12 1 L 7
13 0 L -1
14 1 U 9
15 1 L 2
16 0 L 2
17 1 L 15
18 0 L 16
19 0 L 18
20 1 L -1
21 0 U -1
22 1 L 0
23 1 L 9
24 0 L 19
25 1 U 10
26 0 L 19
27 0 L 16
28 1 L 17
29 0 U -1
30 1 L 24
31 0 U 30
32 0 L 26
33 1 L -1
34
0 1 U -1
1 0 U -1
2 1 L -1
3 1 L -1
4 0 U -1
5 0 L 2
6 0 U -1
7 1 L 3
8 1 L 5
9 0 U 4
10 0 U 4
11 1 U 4
12 1 L 7
13 0 L -1
14 0 U 9
15 1 L 0
16 0 L 2
17 1 L 15
18 0 L 16
19 0 L 18
20 1 L -1
21 0 U -1
22 1 L 7
23 1 L 9
24 0 L 19
25 1 U 11
26 0 L 6
27 0 L 16
28 1 L 17
29 0 U -1
30 1 L 24
31 0 U 30
32 0 L 26
33 1 L -1
34
0 1 U -1
1 0 U -1
2 1 L -1
3 1 L -1
4 0 U -1
5 0 L 2
6 0 U -1
7 0 L 3
8 1 L 1
9 0 U 4
10 0 U 0
11 1 U 0
12 1 L 7
13 0 L -1
14 1 U 9
15 1 L 0
16 0 L 2
17 1 L 15
18 1 U 15
19 0 L 18
20 1 L -1
21 0 U -1
22 1 L 2
23 1 L 9
24 0 L 19
25 1 U 2
26 0 L 19
27 0 L 12
28 1 L 27
29 0 U -1
30 1 L 24
31 0 L 22
32 0 L 26
33 1 L -1
34
0 1 U -1
1 0 U -1
2 1 L -1
3 1 L -1
4 0 U -1
5 0 L 2
6 0 U -1
7 0 L 3
8 1 L 5
9 0 U 0
10 0 U 0
11 1 U 0
12 1 L 7
13 0 L -1
14 1 U 9
15 1 L 2
16 0 L 2
17 1 L 15
18 1 L 15
19 0 L 18
20 1 L -1
21 0 U -1
22 1 L 0
23 1 L 9
24 0 L 19
25 1 U 8
26 0 L 6
27 0 L 12
28 1 L 19
29 0 U -1
30 1 L 24
31 1 L 22
32 0 L 26
33 1 L -1
34
0 1 U -1
1 0 U -1
2 1 L -1
3 1 L -1
4 0 U -1
5 0 L 2
6 0 U -1
7 0 L 3
8 1 L 1
9 0 U 4
10 0 U 4
11 1 U 4
12 1 L 7
13 0 L -1
14 0 U 2
15 1 L 2
16 0 L 2
17 1 L 15
18 0 U 17
19 0 L 18
20 1 L -1
21 0 U -1
22 1 L 0
23 1 L 9
24 0 L 19
25 1 U 10
26 0 L 19
27 0 L 12
28 1 L 27
29 0 U -1
30 1 U 12
31 1 L 22
32 0 L 26
33 1 L -1
34
0 1 U -1
1 0 U -1
2 1 L -1
3 1 L -1
4 0 U -1
5 0 L 2
6 0 U -1
7 0 L 3
8 1 L 5
9 0 U 4
10 0 U 0
11 1 U 0
12 1 L 7
13 0 L -1
14 0 U 2
15 1 L 0
16 0 L 2
17 1 L 15
18 1 L 16
19 0 L 18
20 1 L -1
21 0 U -1
22 1 L 0
23 1 L 9
24 0 L 19
25 1 U 8
26 0 L 6
27 0 L 12
28 1 L 17
29 0 U -1
30 1 U 25
31 1 L 22
32 0 L 26
33 1 L -1
34
0 1 L -1
1 0 U -1
2 1 L -1
3 1 L -1
4 0 U -1
5 0 L 2
6 0 U -1
7 0 L 3
8 1 L 1
9 0 U 4
10 0 U 4
11 1 U 0
12 1 L 7
13 0 L -1
14 1 U 2
15 1 L 0
16 0 L 2
17 1 L 15
18 1 U 15
19 0 L 18
20 1 L -1
21 0 U -1
22 1 L 2
23 1 L 9
24 0 L 19
25 1 U 5
26 0 L 6
27 0 L 12
28 1 L 27
29 0 U -1
30 1 U 3
31 1 L 22
32 0 L 26
33 1 L -1
34
0 1 L -1
1 0 U -1
2 1 L -1
3 1 L -1
4 0 U -1
5 0 L 2
6 0 U -1
7 1 L 3
8 1 L 5
9 0 U 4
10 0 U 4
11 1 U 4
12 1 L 7
13 0 L -1
14 0 U 2
15 1 L 2
16 0 L 2
17 1 L 15
18 0 L 15
19 0 L 18
20 1 L -1
21 0 U -1
22 1 L 0
23 1 L 9
24 0 L 19
25 1 U 11
26 0 L 6
27 0 L 15
28 1 L 14
29 0 U -1
30 1 U 23
31 0 L 23
32 0 L 26
33 1 L -1
34
0 1 L -1
1 0 U -1
2 1 L -1
3 1 L -1
4 0 U -1
5 0 L 2
6 0 U -1
7 0 L 3
8 1 L 1
9 0 U 4
10 0 U 4
11 1 U 4
12 1 L 7
13 0 L -1
14 0 U 9
15 1 L 0
16 0 L 2
17 1 L 15
18 1 U 15
19 0 L 18
20 1 L -1
21 0 U -1
22 1 L 2
23 1 L 9
24 0 L 19
25 1 U 10
26 0 L 19
27 0 L 16
28 1 L 14
29 0 U -1
30 1 L 24
31 0 L 26
32 0 L 26
33 1 L -1
34
0 1 L -1
1 0 U -1
2 1 L -1
3 1 L -1
4 0 U -1
5 0 L 2
6 0 U -1
7 0 L 3
8 1 L 5
9 0 U 0
10 0 U 4
11 1 U 4
12 1 L 7
13 0 L -1
14 0 U 9
15 1 L 2
16 0 L 2
17 1 L 15
18 1 L 15
19 0 L 18
20 1 L -1
21 0 U -1
22 1 L 0
23 1 L 9
24 0 L 19
25 1 U 11
26 0 L 19
27 0 L 15
28 1 L 27
29 0 U -1
30 1 L 24
31 0 L 23
32 0 L 26
33 1 L -1
34
0 1 U -1
1 0 U -1
2 1 L -1
3 1 L -1
4 0 U -1
5 0 L 2
6 0 U -1
7 0 L 3
8 1 L 1
9 0 U 0
10 0 U 4
11 1 U 4
12 1 L 7
13 0 L -1
14 1 U 9
15 1 L 0
16 0 L 2
17 1 L 15
18 1 U 15
19 0 L 18
20 1 L -1
21 0 U -1
22 1 L 0
23 1 L 9
24 0 L 19
25 1 U 11
26 0 L 6
27 0 L 16
28 1 L 27
29 0 U -1
30 1 L 24
31 0 L 26
32 0 L 26
33 1 L -1
34
0 1 L -1
1 0 U -1
2 1 L -1
3 1 L -1
4 0 U -1
5 0 L 2
6 0 U -1
7 1 L 3
8 1 L 1
9 0 U 4
10 0 U 4
11 1 U 4
12 1 L 7
13 0 L -1
14 1 U 9
15 1 L 2
16 0 L 2
17 1 L 15
18 1 L 15
19 0 L 18
20 1 L -1
21 0 U -1
22 1 L 7
23 1 L 9
24 0 L 19
25 1 U 10
26 0 L 6
27 0 L 15
28 1 L 17
29 0 U -1
30 1 L 24
31 0 L 24
32 0 L 26
33 1 L -1
34
0 1 L -1
1 0 U -1
2 1 L -1
3 1 L -1
4 0 U -1
5 0 L 2
6 0 U -1
7 1 L 3
8 1 L 5
9 0 U 0
10 0 U 4
11 1 U 4
12 1 L 7
13 0 L -1
14 1 U 9
15 1 L 2
16 0 L 2
17 1 L 15
18 1 U 15
19 0 L 18
20 1 L -1
21 0 U -1
22 1 L 0
23 1 L 9
24 0 L 19
25 1 U 10
26 0 L 6
27 0 L 16
28 1 L 27
29 0 U -1
30 1 L 24
31 0 L 24
32 0 L 26
33 1 L -1
34
0 1 L -1
1 0 U -1
2 1 L -1
3 1 L -1
4 0 U -1
5 0 L 2
6 0 U -1
7 0 L 3
8 1 L 5
9 0 U 0
10 0 U 0
11 1 U 0
12 1 L 7
13 0 L -1
14 1 U 9
15 1 L 0
16 0 L 2
17 1 L 15
18 0 L 16
19 0 L 18
20 1 L -1
21 0 U -1
22 1 L 2
23 1 L 9
24 0 L 19
25 1 U 11
26 0 L 6
27 0 L 12
28 1 L 17
29 0 U -1
30 1 L 24
31 0 L 22
32 0 L 26
33 1 L -1
34
0 1 U -1
1 0 U -1
2 1 L -1
3 1 L -1
4 0 U -1
5 0 L 2
6 0 U -1
7 0 L 3
8 1 L 1
9 0 U 4
10 0 U 4
11 1 U 4
12 1 L 7
13 0 L -1
14 1 U 9
15 1 L 2
16 0 L 2
17 1 L 15
18 1 L 15
19 0 L 18
20 1 L -1
21 0 U -1
22 1 L 2
23 1 L 9
24 0 L 19
25 1 U 11
26 0 L 19
27 0 L 16
28 1 L 27
29 0 U -1
30 1 L 24
31 0 L 26
32 0 L 26
33 1 L -1
34
0 1 L -1
1 0 U -1
2 1 L -1
3 1 L -1
4 0 U -1
5 0 L 2
6 0 U -1
7 0 L 3
8 1 L 5
9 0 U 4
10 0 U 4
11 1 U 4
12 1 L 7
13 0 L -1
14 0 U 2
15 1 L 2
16 0 L 2
17 1 L 15
18 1 U 15
19 0 L 18
20 1 L -1
21 0 U -1
22 1 L 7
23 1 L 9
24 0 L 19
25 1 U 10
26 0 L 6
27 0 L 12
28 1 L 19
29 0 U -1
30 1 L 24
31 0 L 23
32 0 L 26
33 1 L -1
34
0 1 U -1
1 0 U -1
2 1 L -1
3 1 L -1
4 0 U -1
5 0 L 2
6 0 U -1
7 0 L 3
8 1 L 5
9 0 U 4
10 0 U 4
11 1 U 4
12 1 L 7
13 0 L -1
14 1 U 9
15 1 L 2
16 0 L 2
17 1 L 15
18 1 L 16
19 0 L 18
20 1 L -1
21 0 U -1
22 1 L 0
23 1 L 9
24 0 L 19
25 1 U 11
26 0 L 6
27 0 L 16
28 1 L 14
29 0 U -1
30 1 L 24
31 0 L 26
32 0 L 26
33 1 L -1
34
0 1 L -1
1 0 U -1
2 1 L -1
3 1 L -1
4 0 U -1
5 0 L 2
6 0 U -1
7 0 L 3
8 1 L 5
9 0 U 4
10 0 U 4
11 1 U 4
12 1 L 7
13 0 L -1
14 1 U 2
15 1 L 2
16 0 L 2
17 1 L 15
18 1 L 16
19 0 L 18
20 1 L -1
21 0 U -1
22 1 L 0
23 1 L 9
24 0 L 19
25 1 U 10
26 0 L 19
27 0 L 12
28 1 L 27
29 0 U -1
30 1 L 24
31 1 L 22
32 0 L 26
33 1 L -1
