61
0 0 U -1
1 0 U -1
2 0 U -1
3 0 U -1
4 0 U -1
5 0 U -1
6 0 U -1
7 0 U -1
8 0 U -1
9 0 U -1
10 0 U -1
11 0 U -1
12 0 U -1
13 0 U -1
14 0 U -1
15 0 U -1
16 0 U -1
17 0 U -1
18 0 U -1
19 0 U -1
20 0 U -1
21 0 U -1
22 0 U -1
23 0 U -1
24 0 U -1
25 0 U -1
26 0 U -1
27 0 U -1
28 0 U -1
29 0 U -1
30 0 U -1
31 0 U -1
32 0 U -1
33 0 U -1
34 0 U -1
35 0 U -1
36 0 U -1
37 0 U -1
38 0 U -1
39 0 U -1
40 0 U -1
41 0 U -1
42 0 U -1
43 0 U -1
44 0 U -1
45 0 U -1
46 0 U -1
47 0 U -1
48 0 U -1
49 0 U -1
50 0 U -1
51 0 U -1
52 0 U -1
53 0 U -1
54 0 U -1
55 0 U -1
56 0 U -1
57 0 U -1
58 0 U -1
59 0 U -1
60 0 U -1
61
0 0 U -1
1 0 U -1
2 0 U -1
3 0 L 0
4 0 L -1
5 0 U -1
6 1 U 5
7 0 U 3
8 0 U 1
9 1 U -1
10 0 L 3
11 0 U -1
12 1 U 6
13 0 L -1
14 1 U -1
15 0 L -1
16 0 U 12
17 0 L 1
18 0 U 4
19 0 L 7
20 1 U 3
21 0 L 11
22 0 U -1
23 0 U 21
24 1 U 22
25 0 L 21
26 1 U 25
27 0 U 13
28 0 U 24
29 1 U 21
30 1 U 22
31 1 L 6
32 0 U 10
33 1 U 32
34 1 L 27
35 0 L 7
36 1 U 12
37 0 U 21
38 1 U -1
39 0 L 16
40 0 L 17
41 0 L 33
42 0 L 15
43 1 L 39
44 0 L 0
45 1 U 18
46 0 U 34
47 0 U 5
48 0 L 43
49 1 U 8
50 1 U 20
51 0 U 18
52 1 L 1
53 1 L 24
54 1 L -1
55 0 U 14
56 1 L 17
57 1 U 34
58 1 L 57
59 0 U 33
60 0 U 37
61
0 0 L -1
1 0 U -1
2 0 U -1
3 0 L 0
4 0 L -1
5 0 U -1
6 1 U 0
7 0 U 3
8 0 U 1
9 1 U -1
10 0 L 3
11 0 U -1
12 1 U 6
13 0 L -1
14 1 L 13
15 0 L -1
16 0 U 3
17 0 L 16
18 0 U 4
19 1 U 8
20 1 U 17
21 0 U 11
22 0 U -1
23 0 U 4
24 1 U 22
25 1 U 12
26 1 U 25
27 0 U 13
28 0 U 24
29 1 U 19
30 1 U 0
31 1 L 6
32 0 U 10
33 1 U 32
34 1 L 27
35 1 L 7
36 1 L 25
37 0 L 7
38 0 L -1
39 0 L 12
40 1 U -1
41 0 U 11
42 1 L 15
43 1 L 39
44 0 L 20
45 0 U 15
46 1 U 5
47 1 U 0
48 1 L 1
49 0 U 30
50 1 L 7
51 0 U 18
52 1 L 1
53 1 L 24
54 1 L -1
55 0 L 54
56 1 L 1
57 1 U 15
58 1 L 57
59 0 U 39
60 1 U -1
61
0 0 U -1
1 0 U -1
2 0 U -1
3 0 L 0
4 0 L -1
5 0 U -1
6 1 U 5
7 0 U 3
8 0 U 6
9 0 U -1
10 0 L 3
11 0 U -1
12 1 U 6
13 0 L -1
14 0 U 13
15 0 L -1
16 0 U 10
17 0 L -1
18 1 U 12
19 1 U 8
20 1 U 18
21 1 U 11
22 0 U 21
23 0 U 19
24 1 U 0
25 0 U -1
26 1 U 4
27 0 U 13
28 1 U 8
29 1 U 12
30 0 U -1
31 1 L 6
32 0 U 10
33 1 U 32
34 1 L 27
35 1 L 7
36 0 L 3
37 1 L 7
38 0 L -1
39 0 L 35
40 0 L 38
41 0 U 19
42 0 U 5
43 0 L 14
44 1 U 19
45 1 U 15
46 0 U 24
47 0 U 25
48 0 L 14
49 1 U 5
50 1 L 34
51 0 U 34
52 1 L 1
53 1 L 24
54 1 L -1
55 0 L 43
56 1 L 40
57 1 U 10
58 1 L 57
59 0 U 52
60 1 U -1
61
0 0 L -1
1 0 U -1
2 0 U -1
3 0 L 0
4 0 L -1
5 0 U -1
6 1 U 0
7 0 U 3
8 0 U 6
9 1 U -1
10 0 L 3
11 0 U -1
12 1 U 6
13 0 L -1
14 0 U 13
15 0 L -1
16 0 U 10
17 0 L -1
18 1 U 12
19 1 U 3
20 1 L 10
21 1 U 11
22 0 U 3
23 0 U 19
24 1 U 9
25 1 U -1
26 0 U 18
27 0 U 13
28 1 U 6
29 1 U 21
30 1 U -1
31 1 L 6
32 0 U 10
33 1 U 32
34 1 L 27
35 1 L 16
36 1 L 15
37 1 L 2
38 0 L 0
39 1 L 5
40 1 L 38
41 0 L 8
42 0 U 5
43 1 L 14
44 1 U 21
45 1 U 10
46 0 U 3
47 0 U 5
48 1 L 38
49 1 U 42
50 1 L 25
51 0 U 10
52 1 L 4
53 1 L 24
54 0 L -1
55 0 L 15
56 1 L 40
57 1 U 15
58 1 L 57
59 0 U 38
60 1 U -1
61
0 0 U -1
1 0 U -1
2 0 U -1
3 0 L 0
4 0 L -1
5 0 U -1
6 1 U 5
7 0 U 3
8 0 U 6
9 0 U -1
10 0 L 3
11 0 U -1
12 1 U 6
13 0 L -1
14 0 U 13
15 0 L -1
16 1 U 10
17 0 L -1
18 1 U 3
19 1 U 12
20 1 L 10
21 1 U 11
22 0 U 21
23 0 U 19
24 1 U 9
25 0 U -1
26 1 U 24
27 0 U 13
28 1 U 3
29 1 U 12
30 1 U -1
31 1 L 6
32 1 U 15
33 1 U 32
34 1 L 27
35 1 L 16
36 0 L 16
37 0 L 3
38 0 L 0
39 0 U 0
40 0 L 1
41 0 U 20
42 1 U 0
43 1 L 5
44 1 U 28
45 1 U 34
46 0 U 16
47 0 U 5
48 1 L 38
49 1 U 8
50 0 U -1
51 0 U 34
52 1 L 17
53 1 L 24
54 1 L -1
55 0 L 16
56 1 L 54
57 1 U 34
58 1 L 57
59 0 U 48
60 1 U -1
61
0 0 L -1
1 0 U -1
2 0 U -1
3 0 L 0
4 0 L -1
5 0 U -1
6 1 U 5
7 0 U 3
8 0 U 6
9 0 U -1
10 0 L 4
11 0 U -1
12 1 U 6
13 0 L -1
14 0 U 5
15 0 L -1
16 1 U 10
17 0 L -1
18 1 U 12
19 1 U 8
20 0 L 6
21 1 U 11
22 0 U 12
23 0 U 19
24 1 U 2
25 0 L 16
26 0 U 18
27 0 U 13
28 0 U 8
29 1 U 12
30 1 U -1
31 1 L 6
32 1 U 15
33 1 U 32
34 1 L 27
35 0 L 16
36 1 U 13
37 0 U -1
38 0 L 0
39 0 U 37
40 1 L 38
41 1 U 30
42 0 U 9
43 0 L 5
44 1 U 42
45 1 U 10
46 0 U 34
47 1 U 37
48 1 L -1
49 0 U 21
50 0 L 32
51 0 U 15
52 1 L 13
53 1 L 24
54 0 L -1
55 0 L 3
56 0 L 17
57 1 U 34
58 1 L 57
59 0 U 38
60 1 U -1
61
0 0 U -1
1 0 U -1
2 0 U -1
3 0 L 0
4 0 L -1
5 0 U -1
6 1 U 5
7 0 U 3
8 0 U 6
9 1 U -1
10 0 L 4
11 0 U -1
12 1 U 6
13 0 L -1
14 0 U 7
15 0 L -1
16 0 U 10
17 0 L -1
18 1 U 12
19 0 U 8
20 0 L -1
21 1 U 11
22 0 U 21
23 0 U 19
24 1 U 5
25 0 L 8
26 0 U 22
27 0 U 7
28 1 U 22
29 1 U 21
30 0 U -1
31 1 L 6
32 0 U 15
33 1 U 32
34 1 L 27
35 0 L 8
36 0 L 35
37 1 U -1
38 0 L 0
39 0 U 32
40 1 L 38
41 1 L 2
42 0 U 5
43 1 L 5
44 0 U 8
45 1 U 34
46 0 U 32
47 1 U 0
48 0 L 22
49 0 U 19
50 1 L 7
51 0 U 15
52 0 L 13
53 1 L 24
54 1 L 0
55 0 L 16
56 0 L 40
57 1 U 10
58 1 L 57
59 0 U 51
60 1 U -1
61
0 0 U -1
1 0 U -1
2 0 U -1
3 0 L 0
4 0 L -1
5 0 U -1
6 1 U 5
7 0 U 3
8 0 U 6
9 0 U -1
10 0 L 3
11 0 U -1
12 1 U 6
13 0 L -1
14 1 U 7
15 1 L -1
16 1 U 10
17 0 U -1
18 0 U 3
19 1 U 12
20 1 U 12
21 1 U 11
22 0 L 16
23 0 U 19
24 1 U 17
25 1 U 6
26 0 U 19
27 0 U 13
28 0 U 21
29 1 U 8
30 0 U -1
31 1 L 6
32 1 U 27
33 1 U 32
34 1 L 27
35 1 L 8
36 1 U 34
37 1 U 9
38 1 L 0
39 0 U 16
40 0 L 3
41 1 L 14
42 0 U 5
43 0 L 5
44 0 U 8
45 1 U 34
46 0 U 34
47 0 U 5
48 0 L 43
49 0 U 44
50 1 U 28
51 0 U 34
52 1 L 13
53 1 L 24
54 0 L 0
55 0 L 3
56 0 L -1
57 1 U 10
58 1 L 57
59 0 U 51
60 1 U -1
61
0 0 L -1
1 0 U -1
2 0 U -1
3 0 L 0
4 0 L -1
5 0 U -1
6 1 U 5
7 0 U 3
8 0 U 6
9 1 U -1
10 0 L 3
11 0 U -1
12 1 U 6
13 0 L -1
14 1 U 13
15 1 L -1
16 1 U 10
17 0 U -1
18 0 U 3
19 1 U 12
20 1 U 8
21 1 U 11
22 0 L -1
23 0 U 19
24 1 U 5
25 1 U 6
26 1 U 19
27 0 U 13
28 1 U 24
29 1 U 8
30 0 U -1
31 1 L 6
32 0 U 23
33 1 U 32
34 1 L 27
35 0 L 8
36 1 U 13
37 0 U 30
38 0 U 5
39 0 L 14
40 0 U 12
41 0 L 14
42 1 L 13
43 0 L 5
44 0 L 43
45 1 U 34
46 0 L 45
47 0 U 5
48 0 L -1
49 1 U 44
50 1 U 48
51 0 U 15
52 1 L 13
53 1 L 24
54 0 L -1
55 0 L 3
56 1 L -1
57 1 U 17
58 1 L 47
59 0 U 51
60 1 L -1
61
0 0 L -1
1 0 U -1
2 0 U -1
3 0 L 0
4 0 L -1
5 0 U -1
6 1 U 5
7 0 U 3
8 0 U 6
9 1 U -1
10 0 L 4
11 0 U -1
12 1 U 6
13 0 L -1
14 0 U 13
15 1 L -1
16 1 U 10
17 0 U -1
18 1 U 3
19 1 U 12
20 1 U 12
21 1 U 11
22 0 L 1
23 0 U 19
24 1 U 5
25 1 L 0
26 1 U 19
27 0 U 13
28 1 U 8
29 1 U 21
30 0 U -1
31 1 L 6
32 0 U 27
33 1 U 32
34 1 L 27
35 0 L 8
36 0 U 16
37 1 U 34
38 0 U -1
39 1 L 14
40 1 U 8
41 1 U 15
42 1 U -1
43 1 L 5
44 0 L 23
45 1 U 34
46 1 L 24
47 0 U 5
48 1 L -1
49 1 U 22
50 0 U 40
51 0 U 15
52 1 L 22
53 1 L 33
54 0 L 7
55 1 L 13
56 1 L -1
57 1 U 42
58 0 L -1
59 0 U 51
60 1 L -1
61
0 0 L -1
1 0 U -1
2 0 U -1
3 0 L -1
4 0 L -1
5 0 U -1
6 1 U 0
7 0 U 3
8 0 U 6
9 1 U -1
10 0 L 4
11 0 U -1
12 1 U 6
13 0 L -1
14 1 U 11
15 0 L -1
16 1 U 10
17 0 U -1
18 1 U 3
19 1 U 12
20 1 U 14
21 1 U 11
22 0 L 1
23 0 U 19
24 1 U 5
25 1 L 6
26 1 U 4
27 0 U 7
28 1 U 6
29 1 U 21
30 0 U -1
31 1 L 12
32 0 U 27
33 1 U 32
34 1 L 27
35 1 L 16
36 1 U 34
37 1 L 36
38 0 L 0
39 1 L 35
40 0 U 8
41 1 L 17
42 1 U -1
43 1 L 5
44 0 L 23
45 1 U 34
46 1 L 19
47 1 U 42
48 1 L -1
49 1 U -1
50 0 L 24
51 0 U 15
52 1 L 22
53 1 L 33
54 0 L 16
55 1 L 13
56 1 L -1
57 1 U 42
58 0 L -1
59 0 U 51
60 1 L -1
61
0 0 U -1
1 0 U -1
2 0 U -1
3 0 L -1
4 0 L -1
5 0 U -1
6 1 U 0
7 0 U 3
8 0 U 6
9 1 U -1
10 0 L 4
11 0 U -1
12 1 U 6
13 0 L -1
14 1 L 6
15 0 L -1
16 1 U 10
17 1 U -1
18 1 U 12
19 0 U 8
20 1 U 18
21 1 U 11
22 0 L 1
23 0 U 19
24 1 U 0
25 1 L 20
26 1 U 4
27 0 U 13
28 0 U 8
29 1 U 21
30 0 U -1
31 1 L 12
32 0 U 27
33 1 U 32
34 1 L 27
35 0 L 16
36 0 U 10
37 0 U 36
38 0 L 0
39 1 L -1
40 1 U 12
41 1 L 33
42 1 U 30
43 0 L 5
44 1 L 43
45 1 U 34
46 1 L 25
47 0 U 5
48 1 L 44
49 1 U -1
50 1 U 42
51 0 U 10
52 1 L 22
53 1 L 33
54 0 L 16
55 1 L 13
56 1 L -1
57 1 U 5
58 0 L -1
59 0 U 56
60 1 L -1
61
0 0 U -1
1 0 U -1
2 0 U -1
3 0 L -1
4 0 L -1
5 0 U -1
6 1 U 5
7 0 U 3
8 0 U 6
9 1 U -1
10 0 L 4
11 0 U -1
12 1 U 6
13 0 L -1
14 1 L 5
15 0 L -1
16 1 U 10
17 0 U -1
18 1 U 12
19 0 U 14
20 1 U 18
21 1 U 11
22 1 L 1
23 0 U 19
24 1 U 5
25 1 L 20
26 1 U 19
27 0 U 7
28 0 U 21
29 1 U 21
30 1 U -1
31 1 L 12
32 0 U 27
33 1 U 32
34 1 L 27
35 1 L 16
36 1 U 10
37 0 U 30
38 0 L 0
39 1 L 10
40 0 U 8
41 1 L 16
42 1 U 30
43 1 L 35
44 1 L 31
45 1 U 34
46 1 U 38
47 0 U 5
48 1 L 45
49 0 U 33
50 0 U 31
51 0 U 34
52 1 L 22
53 1 L 33
54 0 L 7
55 1 L 13
56 1 L 53
57 1 U 5
58 0 L -1
59 0 U 56
60 1 U -1
61
0 0 U -1
1 0 U -1
2 0 U -1
3 0 L -1
4 0 L -1
5 0 U -1
6 1 U 5
7 0 U 3
8 0 U 6
9 1 U -1
10 0 L 4
11 0 U -1
12 1 U 6
13 0 L -1
14 1 L 6
15 1 L -1
16 1 U 10
17 0 U -1
18 1 U 3
19 0 U 12
20 0 U 18
21 1 U 11
22 1 U 17
23 0 U 19
24 1 U 0
25 1 L 6
26 1 U 4
27 0 U 13
28 0 U 21
29 1 U 21
30 0 U -1
31 1 L 12
32 1 U 27
33 1 U 32
34 1 L 27
35 1 L 16
36 0 U 10
37 0 U 3
38 1 L 0
39 1 L 38
40 1 U 36
41 0 U 15
42 1 U 30
43 1 L 12
44 0 L 6
45 1 U 34
46 1 L 9
47 1 U 5
48 0 L 23
49 1 L 33
50 1 U 12
51 0 U 10
52 1 L 13
53 1 L 33
54 0 L 7
55 1 L 13
56 1 L 30
57 1 U 5
58 0 L -1
59 0 U 56
60 1 U -1
61
0 0 U -1
1 0 U -1
2 0 U -1
3 0 L -1
4 0 L -1
5 0 U -1
6 1 U 5
7 0 U 3
8 0 U 6
9 0 U -1
10 0 L 4
11 0 U -1
12 1 U 6
13 0 L -1
14 0 L 6
15 0 L -1
16 1 U 10
17 0 L -1
18 1 U 12
19 0 U 12
20 0 U 13
21 1 U 11
22 1 L 1
23 0 U 19
24 1 U 0
25 1 L 20
26 1 U 4
27 0 U 7
28 0 U 12
29 1 U 21
30 0 U -1
31 1 L 12
32 1 U 27
33 1 U 32
34 1 L 27
35 1 L 16
36 1 U 15
37 1 L 24
38 0 L 0
39 0 L 22
40 1 U 12
41 0 U 32
42 1 U 30
43 0 L 6
44 0 L 16
45 1 U 34
46 1 L 13
47 1 U 9
48 0 L 0
49 1 L 11
50 1 L 48
51 0 U 10
52 1 L 39
53 0 L 36
54 1 L 16
55 1 L 13
56 1 L 28
57 1 U 5
58 0 L -1
59 0 U 56
60 1 U -1
61
0 0 U -1
1 0 U -1
2 0 U -1
3 0 L -1
4 0 L -1
5 0 U -1
6 1 U 0
7 0 U 3
8 0 U 6
9 1 U -1
10 0 L 4
11 0 U -1
12 1 U 6
13 0 L -1
14 0 L 12
15 0 L -1
16 1 U 10
17 0 L -1
18 1 U 12
19 1 U 8
20 0 U 13
21 1 U 11
22 1 L 1
23 0 U 19
24 1 U -1
25 1 L 5
26 1 U 3
27 0 U 13
28 0 U 21
29 1 U 21
30 1 U -1
31 1 L 12
32 1 U 27
33 1 U 32
34 1 L 27
35 1 L 16
36 1 U 34
37 0 L 36
38 0 L 0
39 0 L 22
40 0 U 37
41 1 U 32
42 1 U 30
43 1 L 6
44 0 L 16
45 1 U 34
46 1 L 20
47 0 U 5
48 0 L 39
49 1 L 31
50 1 L 23
51 0 U 10
52 1 L 39
53 0 L 36
54 1 L 16
55 1 L 13
56 1 L 28
57 1 U 30
58 0 L -1
59 0 U 56
60 1 U -1
61
0 0 L -1
1 0 U -1
2 0 U -1
3 0 L -1
4 0 L -1
5 0 U -1
6 1 U 5
7 0 U 3
8 0 U 6
9 1 U -1
10 0 L 4
11 0 U -1
12 1 U 6
13 0 L -1
14 0 L -1
15 0 L -1
16 1 U 10
17 0 U -1
18 1 U 3
19 0 U 8
20 0 U 13
21 1 U 11
22 1 U 17
23 0 U 19
24 1 U 5
25 1 L 6
26 1 U 3
27 0 U 7
28 0 U 12
29 1 U 21
30 1 U -1
31 1 L 12
32 1 U 27
33 1 U 32
34 1 L 27
35 0 L 16
36 1 U 34
37 0 L 36
38 0 L 0
39 0 L 13
40 0 U 37
41 0 U -1
42 1 U 30
43 1 L 12
44 0 U 32
45 1 U 34
46 0 L 43
47 0 U 17
48 0 L 12
49 1 U 0
50 1 U 46
51 0 U 10
52 1 L 39
53 1 L 36
54 1 L 7
55 1 L 39
56 1 L 53
57 1 U 22
58 0 L -1
59 0 U 56
60 1 L -1
61
0 0 L -1
1 0 U -1
2 0 U -1
3 0 L -1
4 0 L -1
5 0 U -1
6 1 U 5
7 0 U 3
8 0 U 6
9 1 U -1
10 0 L 4
11 0 U -1
12 1 U 6
13 0 L -1
14 1 L -1
15 1 L 0
16 1 U 10
17 0 U 0
18 1 U 3
19 0 L 12
20 1 U 19
21 1 U 11
22 1 U 9
23 0 U 3
24 1 U 17
25 1 U 8
26 1 U 25
27 0 U 7
28 0 U 22
29 1 U 21
30 1 U -1
31 1 L 12
32 0 U 27
33 1 U 32
34 1 L 27
35 0 L 16
36 1 U 34
37 1 L 33
38 0 L 1
39 0 L 13
40 1 L 14
41 1 L 31
42 1 U 30
43 0 L 6
44 0 L 31
45 1 U 34
46 0 L 45
47 0 U 5
48 0 L 39
49 0 U 0
50 0 L 44
51 0 U 10
52 1 L 39
53 0 L 33
54 0 L 7
55 1 L 39
56 1 L 53
57 1 U 49
58 1 L -1
59 0 U 56
60 1 L -1
61
0 0 U -1
1 0 U -1
2 0 U -1
3 0 L -1
4 0 L -1
5 0 U -1
6 1 U 5
7 0 U 3
8 0 U 6
9 1 U -1
10 0 L 8
11 0 U -1
12 1 U 6
13 0 L -1
14 1 L -1
15 1 L 14
16 1 U 10
17 0 U 5
18 1 U 12
19 1 L 12
20 0 U 19
21 1 U 11
22 1 U 2
23 0 U 4
24 1 U 17
25 1 U 8
26 1 U 25
27 0 U 7
28 0 U 12
29 1 U 8
30 0 U -1
31 1 L 12
32 0 U 20
33 1 U 32
34 1 L 27
35 0 L 16
36 1 U 12
37 0 L 31
38 0 L 1
39 0 L 13
40 0 L 14
41 0 L 1
42 1 U 30
43 1 L 10
44 0 L 11
45 1 U 34
46 0 L 40
47 1 U 0
48 1 L 44
49 0 U 17
50 1 L 4
51 0 U 10
52 1 L 39
53 1 L 33
54 1 L 7
55 1 L 39
56 1 L 30
57 1 U 23
58 1 L -1
59 0 U 56
60 1 U -1
61
0 0 U -1
1 0 U -1
2 0 U -1
3 0 L -1
4 0 L -1
5 0 U -1
6 1 U 5
7 0 U 3
8 0 U 6
9 1 U -1
10 0 L 4
11 0 U -1
12 1 U 6
13 0 L -1
14 1 L -1
15 1 L 14
16 0 U 10
17 0 U -1
18 1 U 12
19 1 L 5
20 0 U 19
21 0 U 11
22 1 U 1
23 0 U 4
24 1 U 17
25 0 U 22
26 1 U 25
27 0 U 19
28 0 U 12
29 1 U 8
30 0 U -1
31 1 L 12
32 0 U 20
33 1 U 32
34 1 L 27
35 1 L 7
36 1 U 34
37 1 U 24
38 0 L 1
39 0 L 38
40 1 L 0
41 0 U 30
42 1 U 30
43 1 L 6
44 0 L 14
45 1 U 34
46 1 U 42
47 0 U 5
48 1 L 25
49 0 U 0
50 0 U 8
51 0 U 10
52 1 L 39
53 1 L 33
54 0 L 7
55 1 L 39
56 1 L 53
57 1 U 23
58 1 L -1
59 0 U 56
60 1 U -1
61
0 0 L -1
1 0 U -1
2 0 U -1
3 0 L -1
4 0 L -1
5 0 U -1
6 1 U 5
7 0 U 3
8 0 U 6
9 1 U -1
10 0 L 4
11 0 U -1
12 1 U 6
13 0 L -1
14 1 L -1
15 1 L 0
16 0 U 10
17 0 U -1
18 1 U 12
19 1 L 12
20 0 U 19
21 1 U 11
22 1 U 11
23 0 U 4
24 1 U 5
25 0 U 24
26 1 U 24
27 0 U 19
28 0 U 8
29 1 U 8
30 1 U -1
31 1 L 20
32 0 U 23
33 1 U 32
34 1 L 27
35 0 L 16
36 1 U 10
37 1 U 30
38 0 L 1
39 0 L 38
40 1 L 33
41 0 U 30
42 1 U 30
43 1 L 20
44 0 L 14
45 1 U 34
46 1 U 17
47 1 U 5
48 0 L 31
49 0 U 12
50 0 U 8
51 0 U 34
52 1 L 39
53 1 L 33
54 0 L 7
55 1 L 39
56 1 L 53
57 1 U 23
58 1 L 0
59 0 U 56
60 1 U -1
61
0 0 U -1
1 0 U -1
2 0 U -1
3 0 L -1
4 0 L -1
5 0 U -1
6 1 U 5
7 0 U 3
8 0 U 6
9 1 U -1
10 0 L 4
11 0 U -1
12 1 U 6
13 0 L -1
14 1 L 5
15 1 L 0
16 0 U 10
17 0 L -1
18 1 U 12
19 1 L 10
20 0 U 19
21 0 U 11
22 1 L 21
23 0 U 4
24 1 U -1
25 0 U 22
26 1 U 4
27 0 U 19
28 0 U 12
29 1 U 8
30 0 U -1
31 1 L 20
32 1 L 23
33 1 U 16
34 1 L 27
35 0 L 16
36 1 L 1
37 1 U 0
38 0 L 1
39 0 L 38
40 1 U -1
41 1 U -1
42 1 U 30
43 1 L 6
44 0 U -1
45 1 U 34
46 1 U 42
47 1 U 5
48 1 L 37
49 0 U 46
50 0 U 32
51 0 U 34
52 1 L 39
53 1 L 33
54 0 L 7
55 1 L 13
56 1 L 53
57 1 U 23
58 1 L -1
59 0 U 56
60 0 U 44
61
0 0 L -1
1 0 U -1
2 0 U -1
3 0 L -1
4 0 L -1
5 0 U -1
6 1 U 5
7 0 U 3
8 0 U 6
9 1 U -1
10 0 L 4
11 0 U -1
12 1 U 6
13 0 L -1
14 1 L 5
15 1 L 0
16 0 U 10
17 0 L -1
18 1 U 12
19 1 L 10
20 0 U 19
21 0 U 11
22 1 U 16
23 0 U 4
24 1 U 5
25 0 U -1
26 1 U 21
27 0 U 19
28 0 U 14
29 1 U 8
30 0 U -1
31 1 L 20
32 0 L 23
33 1 U 16
34 1 L 27
35 0 L 16
36 1 L -1
37 0 U 32
38 0 L 1
39 0 L 38
40 1 U 12
41 1 U 37
42 1 U 30
43 1 L 12
44 0 U -1
45 1 U 34
46 1 U 42
47 0 U 44
48 1 U 8
49 0 U 25
50 1 U 11
51 0 U 34
52 1 L 39
53 1 L 33
54 0 L 16
55 1 L 13
56 1 L 46
57 1 U 23
58 1 L 0
59 0 U 56
60 0 U 44
61
0 0 L -1
1 0 U -1
2 0 U -1
3 0 L -1
4 0 L -1
5 0 U -1
6 1 U 5
7 0 U 3
8 0 U 6
9 1 U -1
10 0 L 4
11 0 U -1
12 1 U 6
13 0 L -1
14 0 L 6
15 1 L 0
16 0 U 10
17 0 L -1
18 1 U 12
19 0 L 10
20 0 U 19
21 0 U 11
22 1 U 11
23 0 U 4
24 1 U 0
25 0 U -1
26 1 U 21
27 0 U 19
28 0 U 8
29 1 U 8
30 0 U -1
31 1 L 20
32 1 L 23
33 1 U 16
34 1 L 27
35 0 L 16
36 0 L 0
37 1 U 32
38 0 L 1
39 0 L 12
40 0 U 10
41 0 L -1
42 1 U 30
43 1 L 6
44 0 U 17
45 1 U 34
46 1 U 42
47 1 U 25
48 1 U 46
49 1 U 5
50 1 U 33
51 0 U 34
52 1 L 13
53 1 L 33
54 0 L 16
55 1 L 4
56 1 L 53
57 1 U 10
58 1 L -1
59 0 U 56
60 0 U 49
61
0 0 L -1
1 0 U -1
2 0 U -1
3 0 U 1
4 0 L -1
5 0 U -1
6 1 U 5
7 0 U 3
8 0 U 6
9 1 U -1
10 0 L 4
11 0 U -1
12 1 U 6
13 0 L -1
14 1 L -1
15 1 L 0
16 0 U 10
17 0 L -1
18 1 U 12
19 0 L 10
20 0 U 19
21 0 U 11
22 1 L 5
23 0 U 4
24 1 U -1
25 0 U 24
26 1 U 3
27 0 U 19
28 0 U 8
29 1 U 8
30 1 U -1
31 1 L 20
32 1 L 23
33 1 U 15
34 1 L 27
35 0 L 16
36 0 U 30
37 1 U 17
38 0 L 1
39 0 L 12
40 1 U 34
41 1 L 14
42 1 U 30
43 1 L 6
44 0 U 1
45 1 U 34
46 1 U 42
47 1 U -1
48 0 U 2
49 1 U 0
50 0 L -1
51 0 U 34
52 1 L 13
53 1 L 33
54 1 L 16
55 1 L 13
56 1 L 53
57 1 U 10
58 1 L -1
59 0 U 56
60 0 U 49
61
0 0 L -1
1 0 U -1
2 0 U -1
3 0 U 1
4 0 L -1
5 0 U -1
6 1 U 0
7 0 U 3
8 0 U 6
9 1 U -1
10 0 L 4
11 0 U -1
12 1 U 6
13 0 L -1
14 1 L -1
15 1 L 0
16 0 U 10
17 0 L -1
18 1 U 12
19 0 L 12
20 0 U 19
21 1 U 11
22 1 L 20
23 0 U 4
24 1 U -1
25 0 U 24
26 1 U 3
27 0 U 19
28 1 U 8
29 1 U 21
30 0 U -1
31 1 L 20
32 0 L 25
33 1 U 10
34 1 L 27
35 0 L 16
36 0 U 30
37 1 U 17
38 0 L 23
39 1 L 3
40 1 U 0
41 0 L -1
42 1 U 30
43 1 L 12
44 1 U 32
45 1 U 32
46 1 U 40
47 1 U -1
48 1 U 2
49 0 U 0
50 0 L 3
51 0 U 23
52 1 L 13
53 1 L 33
54 0 L 16
55 1 L 13
56 1 L 42
57 1 U 34
58 1 L 14
59 0 U 56
60 1 U 11
61
0 0 L -1
1 0 U -1
2 0 U -1
3 0 U 1
4 0 L -1
5 0 U -1
6 1 U 5
7 0 U 3
8 0 U 6
9 1 U -1
10 0 L 4
11 0 U -1
12 1 U 6
13 0 L -1
14 1 L 6
15 1 L 0
16 0 U 10
17 0 L -1
18 1 U 12
19 0 L -1
20 0 U 7
21 1 U 11
22 1 L 5
23 0 U 4
24 1 U -1
25 0 U 8
26 1 U 3
27 0 U 13
28 0 U 12
29 1 U 21
30 0 U -1
31 1 L 20
32 0 L 23
33 1 U 23
34 1 L 27
35 0 L 16
36 0 U 30
37 1 U 32
38 0 L 23
39 1 L 14
40 1 U -1
41 1 L -1
42 1 U 30
43 1 L 12
44 1 U 42
45 1 U 34
46 1 U 36
47 1 U -1
48 1 L 33
49 0 U 0
50 1 L 15
51 0 U 32
52 1 L 15
53 1 L 33
54 0 L 16
55 0 L 17
56 1 L 40
57 1 U 23
58 1 L 41
59 0 U 56
60 1 U 11
61
0 0 U -1
1 0 U -1
2 0 U -1
3 0 U 1
4 0 L -1
5 0 U -1
6 1 U 0
7 0 U 3
8 0 U 6
9 1 U -1
10 0 L 4
11 0 U -1
12 1 U 6
13 0 L -1
14 1 L -1
15 1 L 0
16 0 U 10
17 0 L -1
18 1 U 12
19 1 L 5
20 0 U 19
21 1 U 11
22 1 L 20
23 0 U 4
24 1 U -1
25 0 U 21
26 0 U 3
27 0 U 13
28 1 U 21
29 1 U 21
30 0 U -1
31 1 L 20
32 0 L 23
33 1 U 10
34 1 L 27
35 0 L 16
36 0 U 30
37 1 L 32
38 0 L 31
39 1 U 32
40 1 U -1
41 0 L 14
42 1 U 30
43 1 L 12
44 1 L 32
45 1 U 34
46 1 U 6
47 1 U -1
48 1 L 33
49 0 U 0
50 1 U -1
51 0 U 32
52 1 L 17
53 1 L 32
54 1 L 16
55 1 L 15
56 1 L 40
57 1 U 23
58 0 L -1
59 0 U 56
60 1 U 11
61
0 0 U -1
1 0 U -1
2 0 U -1
3 0 U 1
4 0 L -1
5 0 U -1
6 1 U 0
7 0 U 3
8 0 U 6
9 1 U -1
10 0 L 4
11 0 U -1
12 1 U 6
13 0 L -1
14 1 L -1
15 1 L 0
16 0 U 10
17 0 L -1
18 1 U 12
19 1 L 5
20 0 U 19
21 1 U 11
22 1 L 5
23 0 U 4
24 1 U -1
25 0 U 21
26 1 U 3
27 0 U 13
28 0 U 21
29 1 U 21
30 0 U -1
31 1 L 20
32 0 L 23
33 1 U 10
34 1 L 27
35 0 L 16
36 0 U 30
37 1 L 32
38 0 L 0
39 0 U 20
40 1 U 21
41 1 L 38
42 1 U 30
43 1 L 6
44 1 L 38
45 1 U 34
46 1 U 6
47 1 U -1
48 0 L 8
49 1 L -1
50 0 U 35
51 0 U 32
52 1 L 17
53 1 L 39
54 0 L 16
55 1 L 23
56 1 L 45
57 1 U 20
58 0 L 38
59 0 U 56
60 1 U 11
61
0 0 L -1
1 0 U -1
2 0 U -1
3 0 U 1
4 0 L -1
5 0 U -1
6 1 U 0
7 0 U 3
8 0 U 6
9 1 U -1
10 0 L 4
11 0 U -1
12 1 U 6
13 0 L -1
14 1 L -1
15 0 L 14
16 0 U 10
17 0 L 11
18 1 U 12
19 1 L 5
20 0 U 19
21 1 U 11
22 1 L 21
23 0 U 4
24 1 U 5
25 0 U 3
26 1 U 3
27 0 U 13
28 1 U 3
29 1 U 21
30 1 U -1
31 1 L 20
32 0 L 23
33 1 U 23
34 1 L 27
35 0 L 16
36 0 U 30
37 1 L 32
38 0 L 14
39 0 U 20
40 1 U -1
41 1 L 1
42 1 U 30
43 1 L 12
44 0 L 13
45 1 U 34
46 1 L 0
47 1 U -1
48 0 L 44
49 1 L -1
50 1 U 32
51 0 U 10
52 1 L 38
53 1 L 39
54 1 L 16
55 1 L 23
56 0 L 42
57 1 U 10
58 0 L 1
59 0 U 56
60 1 U 9
61
0 0 U -1
1 0 U -1
2 0 U -1
3 0 U 1
4 0 L -1
5 0 U -1
6 1 U 5
7 0 U 3
8 0 U 6
9 1 U -1
10 0 L 4
11 0 U -1
12 1 U 6
13 0 L -1
14 1 L -1
15 1 L 14
16 0 U 10
17 0 L 11
18 1 U 12
19 0 L 5
20 0 U 19
21 1 U 11
22 1 L -1
23 0 U 4
24 1 U 5
25 0 U 3
26 1 U 3
27 0 U 7
28 0 U 21
29 1 U 21
30 0 U -1
31 1 L 20
32 0 L 23
33 1 U 23
34 1 L 27
35 0 L 16
36 0 U 30
37 1 L 7
38 0 L 14
39 0 U 16
40 1 U 0
41 0 L 8
42 1 U 30
43 1 L 6
44 1 L -1
45 1 U 34
46 1 L 30
47 0 U -1
48 0 L -1
49 1 L 2
50 0 U 36
51 0 U 46
52 0 L 38
53 1 L 39
54 1 L 16
55 1 L 23
56 1 L 45
57 1 U 23
58 0 L 38
59 0 U 56
60 1 U 47
61
0 0 U -1
1 0 U -1
2 0 U -1
3 0 U 1
4 0 L -1
5 0 U -1
6 1 U 0
7 0 U 3
8 0 U 6
9 1 U -1
10 0 L 4
11 0 U -1
12 1 U 6
13 0 L -1
14 1 L -1
15 0 L 14
16 0 U 10
17 0 L 11
18 1 U 12
19 0 L 12
20 0 U 19
21 1 U 11
22 1 L -1
23 0 U 4
24 1 U 17
25 0 U 3
26 1 U 3
27 0 U 7
28 0 U 12
29 1 U 21
30 0 U -1
31 1 L 20
32 0 L 23
33 1 U 10
34 1 L 27
35 0 L 16
36 0 U 30
37 0 U 24
38 0 L 0
39 0 U 35
40 1 L 15
41 1 L 40
42 1 U 30
43 1 L 6
44 1 L 14
45 1 U 34
46 1 L 30
47 0 U -1
48 1 L 45
49 1 U 0
50 0 U 20
51 0 U 46
52 0 L 1
53 1 L 39
54 0 L 16
55 1 L 43
56 1 L 30
57 1 U 15
58 0 L 38
59 0 U 56
60 1 U 30
61
0 0 L -1
1 0 U -1
2 0 U -1
3 0 U 2
4 0 L -1
5 0 U -1
6 1 U 0
7 0 U 3
8 0 U 6
9 1 U -1
10 0 L 4
11 0 U -1
12 1 U 8
13 0 L -1
14 1 L -1
15 0 L 14
16 0 U 10
17 0 L 11
18 1 U 12
19 0 L 10
20 0 U 19
21 1 U 11
22 1 L -1
23 0 U 4
24 1 U 17
25 0 U 6
26 1 U 25
27 0 U 7
28 0 U 8
29 1 U 21
30 1 U -1
31 1 L 20
32 0 L 23
33 1 U 15
34 1 L 27
35 0 L 4
36 0 U 30
37 1 U 8
38 0 L 0
39 0 U 16
40 0 L 2
41 1 L 4
42 1 U 30
43 1 L 6
44 0 L 14
45 1 U 34
46 1 L 45
47 0 U -1
48 1 U 46
49 0 U 0
50 0 L 8
51 0 U 46
52 0 L 44
53 1 L 39
54 0 L 16
55 1 L 11
56 1 L 45
57 1 U 15
58 0 L -1
59 0 U 56
60 1 U 30
61
0 0 U -1
1 0 U -1
2 0 U -1
3 0 U 2
4 0 L -1
5 0 U -1
6 1 U 5
7 0 U 3
8 0 U 6
9 1 U -1
10 0 L 4
11 0 U -1
12 1 U 8
13 0 L -1
14 1 L -1
15 0 L 14
16 0 U 10
17 0 L 11
18 1 U 12
19 0 L 10
20 0 U 19
21 1 U 11
22 1 L 2
23 0 U 3
24 1 U 17
25 0 U 8
26 1 U 25
27 0 U 7
28 0 U 21
29 1 U 21
30 0 U -1
31 1 L 20
32 0 L 31
33 1 U 20
34 1 L 27
35 0 L 15
36 0 U 30
37 1 U 8
38 0 L 14
39 0 U 10
40 0 L 13
41 1 L 14
42 1 U 30
43 0 L 6
44 0 L 14
45 1 U 34
46 1 L 42
47 0 U -1
48 1 U 46
49 1 U 5
50 0 L 8
51 0 U 46
52 0 L 44
53 1 L 39
54 1 L 16
55 1 L 11
56 1 L 42
57 1 U 10
58 0 L -1
59 0 U 56
60 1 U 47
61
0 0 L -1
1 0 U -1
2 0 U -1
3 0 U 2
4 0 L -1
5 0 U -1
6 1 U 5
7 0 U 3
8 0 U 6
9 1 U -1
10 0 L 4
11 0 U -1
12 1 U 8
13 0 L -1
14 1 L -1
15 0 L 14
16 0 U 10
17 0 L 11
18 1 U 12
19 0 L 8
20 0 U 19
21 1 U 11
22 1 L 2
23 0 U 21
24 1 U 5
25 0 U 8
26 1 U 25
27 0 U 7
28 0 U 8
29 1 U 21
30 1 U -1
31 1 L 20
32 0 L 31
33 1 U 32
34 1 L 27
35 0 L 13
36 0 U 30
37 1 L 16
38 0 L 0
39 0 U 15
40 0 L 0
41 1 L 37
42 1 U 30
43 0 L 6
44 0 L 14
45 1 U 34
46 1 L 42
47 1 U -1
48 1 U 31
49 0 L 9
50 0 L 45
51 0 U 46
52 0 L 44
53 1 L 39
54 1 L 16
55 1 L 23
56 1 L 45
57 1 U 20
58 0 L -1
59 0 U 56
60 1 U 9
61
0 0 U -1
1 0 U -1
2 0 U -1
3 0 U 2
4 0 L -1
5 0 U -1
6 1 U 5
7 0 U 3
8 0 U 6
9 1 U -1
10 0 L 4
11 0 U -1
12 1 U 8
13 0 L -1
14 1 L -1
15 0 L 14
16 0 U 10
17 0 L 11
18 1 U 12
19 0 L 8
20 0 U 19
21 1 U 11
22 1 L -1
23 0 U 21
24 1 U 17
25 0 U 8
26 1 U 25
27 0 U 13
28 0 U 21
29 1 U 21
30 1 U -1
31 1 L 20
32 0 L 31
33 1 U 32
34 1 L 27
35 0 L 4
36 0 U 30
37 1 L 8
38 0 L 0
39 0 U 22
40 1 U 0
41 0 L 8
42 1 U 30
43 0 L 6
44 0 L 14
45 1 U 34
46 1 L 45
47 1 U -1
48 0 L 35
49 1 L 9
50 0 U 30
51 0 U 46
52 0 L 1
53 1 L 39
54 0 L 16
55 1 L 31
56 1 L 45
57 1 U 10
58 0 L -1
59 0 U 56
60 1 U 2
61
0 0 L -1
1 0 U -1
2 0 U -1
3 0 U 2
4 0 L -1
5 0 U -1
6 1 U 0
7 0 U 3
8 0 U 6
9 1 U -1
10 0 L 4
11 0 U -1
12 1 U 8
13 0 L -1
14 1 L -1
15 0 L 0
16 0 U 10
17 0 L 11
18 1 U 12
19 0 L 8
20 0 U 19
21 1 U 11
22 1 L -1
23 0 U 21
24 1 U 17
25 0 U 6
26 1 U 25
27 0 U 13
28 0 U 8
29 1 U 21
30 0 U -1
31 1 L 20
32 1 L 23
33 1 U 32
34 1 L 27
35 0 L 13
36 0 U 30
37 1 L 0
38 0 U 0
39 0 U 20
40 0 U -1
41 0 L 39
42 1 U 30
43 1 L 6
44 0 L -1
45 1 U 34
46 1 L 30
47 0 U -1
48 1 U 47
49 1 L 18
50 1 L 8
51 0 U 46
52 0 L 1
53 1 L 39
54 1 L 16
55 1 L 43
56 1 L 53
57 1 U 15
58 1 L -1
59 0 U 56
60 1 L 44
61
0 0 U -1
1 0 U -1
2 0 U -1
3 0 U 1
4 0 L -1
5 0 U -1
6 1 U 5
7 0 U 3
8 0 U 6
9 1 U -1
10 0 L 4
11 0 U -1
12 1 U 8
13 0 L -1
14 1 L -1
15 1 L 0
16 0 U 10
17 0 L 11
18 1 U 12
19 1 L 10
20 0 U 19
21 1 U 11
22 1 U 11
23 0 U 3
24 1 U 0
25 0 L 20
26 1 U 24
27 0 U 18
28 0 U 6
29 1 U 21
30 0 U -1
31 1 L 20
32 0 L 22
33 1 U 32
34 1 L 27
35 0 L 15
36 0 L 31
37 0 L 14
38 0 U 0
39 0 U 16
40 1 U -1
41 1 L 35
42 1 U 30
43 1 L 20
44 1 L 41
45 1 U 34
46 1 L 30
47 0 U -1
48 1 L 44
49 0 L 2
50 0 U 8
51 0 U 46
52 0 L 37
53 1 L 39
54 0 L 35
55 0 L 43
56 1 L 45
57 1 U 32
58 1 L -1
59 0 U 56
60 1 L 58
61
0 0 L -1
1 0 U -1
2 0 U -1
3 0 U 2
4 0 L -1
5 0 U -1
6 1 U 5
7 0 U 3
8 0 U 6
9 1 U -1
10 0 L 4
11 0 U -1
12 1 U 8
13 0 L -1
14 1 L -1
15 1 L 14
16 1 U 10
17 0 L 11
18 1 U 12
19 0 L 8
20 0 U 19
21 1 U 11
22 1 U 0
23 0 U 3
24 1 U 0
25 0 L 19
26 1 U 24
27 0 U 13
28 0 U 6
29 1 U 21
30 0 U -1
31 1 L 20
32 0 L 23
33 1 U 10
34 1 L 27
35 0 L 15
36 0 L 31
37 0 L 0
38 0 U 17
39 0 U 20
40 0 U 24
41 1 L 36
42 1 U 30
43 1 L 20
44 1 L 3
45 1 U 34
46 0 L 28
47 0 U -1
48 1 U 37
49 0 L 2
50 1 U 42
51 0 U 25
52 0 L 37
53 1 L 39
54 0 L 35
55 0 L 43
56 1 L 53
57 1 U 25
58 1 L -1
59 0 U 56
60 1 L 0
61
0 0 U -1
1 0 U -1
2 0 U -1
3 0 U 2
4 0 L -1
5 0 U -1
6 0 U 5
7 0 U 3
8 0 U 6
9 1 U -1
10 0 L 4
11 0 U -1
12 1 U 8
13 0 L -1
14 1 L -1
15 1 L 0
16 0 U 10
17 0 L 11
18 1 U 12
19 1 L 8
20 0 U 19
21 1 U 11
22 1 U 17
23 0 U 21
24 1 U 17
25 0 L 18
26 1 U 3
27 0 U 13
28 0 U 8
29 1 U 21
30 0 U -1
31 1 L 20
32 0 L 11
33 1 U 32
34 1 L 27
35 0 L 13
36 1 L 21
37 0 U 22
38 0 L 0
39 0 L -1
40 1 L 36
41 1 U 39
42 0 U 22
43 1 L 20
44 0 L 20
45 1 U 34
46 0 L 38
47 1 U -1
48 0 L 39
49 0 L 2
50 0 U -1
51 0 U 20
52 0 L 1
53 1 L 33
54 1 L 16
55 0 L 43
56 1 L 28
57 1 U 34
58 0 L -1
59 0 U 56
60 1 L 58
61
0 0 L -1
1 0 U -1
2 0 U -1
3 0 L 1
4 0 L -1
5 0 U -1
6 0 U 5
7 0 U 3
8 0 U 6
9 1 U -1
10 0 L 4
11 0 U -1
12 1 U 8
13 0 L -1
14 1 L -1
15 1 L 14
16 1 U 10
17 0 L 11
18 1 U 12
19 1 L 8
20 0 U 14
21 1 U 11
22 1 U 17
23 0 U 21
24 1 U 5
25 1 L 16
26 1 U 3
27 0 U 19
28 0 U 21
29 1 U 21
30 1 U -1
31 1 L 20
32 0 L 21
33 1 U 15
34 1 L 27
35 0 L 15
36 1 L 25
37 1 U 9
38 0 L 0
39 0 L -1
40 1 L 33
41 1 U 10
42 0 U 2
43 1 L 20
44 1 L 33
45 1 U 34
46 0 L 38
47 1 U -1
48 0 L 43
49 0 L 20
50 0 L 39
51 0 U 34
52 0 L 46
53 1 L 33
54 1 L 3
55 0 L 6
56 1 L 28
57 1 U 32
58 0 L 39
59 0 U 56
60 1 L 15
61
0 0 U -1
1 0 U -1
2 0 U -1
3 0 L 1
4 0 L -1
5 0 U -1
6 0 U 0
7 0 U 3
8 0 U 6
9 1 U -1
10 0 L 4
11 0 U -1
12 1 U 8
13 0 L -1
14 1 L -1
15 1 L 14
16 0 U 10
17 0 L 11
18 1 U 3
19 0 L 14
20 0 U 7
21 1 U 11
22 1 U 5
23 0 U 21
24 1 U 0
25 1 L 16
26 1 U 24
27 0 U 13
28 0 U 6
29 1 U 21
30 1 U -1
31 1 L 20
32 0 L 11
33 1 U 10
34 1 L 27
35 0 L 15
36 1 L 33
37 1 L 31
38 0 L 14
39 1 L 24
40 1 U 21
41 1 U 36
42 1 U 30
43 1 L 20
44 1 L -1
45 1 U 34
46 0 L 38
47 0 U -1
48 1 L 10
49 1 L 11
50 1 U 22
51 0 U 20
52 0 L 46
53 1 L 33
54 0 L 3
55 0 L 20
56 1 L 28
57 1 U 10
58 0 L -1
59 0 U 56
60 1 L 4
61
0 0 L -1
1 0 U -1
2 0 U -1
3 0 U 1
4 0 L -1
5 0 U -1
6 0 U 0
7 0 U 3
8 0 U 6
9 1 U -1
10 0 L 4
11 0 U -1
12 1 U 8
13 0 L -1
14 1 L -1
15 0 L 14
16 0 U 10
17 0 L 11
18 1 U 12
19 0 L 1
20 0 U 7
21 1 U 11
22 1 U 0
23 0 U 21
24 1 U 5
25 0 L 16
26 1 U 24
27 0 U 13
28 0 U 22
29 1 U 21
30 1 U -1
31 1 L 20
32 0 L 11
33 1 U 10
34 1 L 27
35 0 L 15
36 1 L 1
37 1 L 21
38 0 L -1
39 1 L 17
40 1 U 15
41 1 U 21
42 1 U 30
43 0 L 20
44 0 L 9
45 1 U 34
46 0 L 38
47 1 U -1
48 1 L 2
49 1 U 11
50 1 L 43
51 0 U 20
52 0 L 46
53 1 L 33
54 1 L 35
55 0 L 20
56 1 L 28
57 1 U 10
58 0 L -1
59 0 U 56
60 1 L 15
61
0 0 U -1
1 0 U -1
2 0 U -1
3 0 L 0
4 0 L -1
5 1 U -1
6 0 U 5
7 0 U 3
8 0 U 6
9 1 U -1
10 0 L 4
11 0 U -1
12 1 U 6
13 0 L -1
14 1 L -1
15 1 L 0
16 0 U 10
17 0 L 11
18 1 U 12
19 0 L 2
20 0 U 7
21 1 U 11
22 1 U 0
23 0 U 8
24 1 U 0
25 1 L 16
26 1 U 24
27 0 U 18
28 0 U 22
29 1 U 21
30 0 U -1
31 1 L 20
32 0 L 23
33 1 U 32
34 1 L 27
35 0 L 15
36 0 L 11
37 0 L 17
38 0 L 0
39 0 L 19
40 0 L 37
41 1 U 24
42 1 U 30
43 1 L 20
44 0 L -1
45 1 U 34
46 0 L 38
47 0 U -1
48 1 L 9
49 0 L 11
50 0 U 43
51 0 U 20
52 0 L 46
53 1 L 33
54 1 L 16
55 0 L 5
56 1 L 28
57 1 U 10
58 0 L -1
59 0 U 56
60 1 L 15
61
0 0 L -1
1 0 U -1
2 0 U -1
3 0 L -1
4 0 L -1
5 1 U -1
6 0 U 5
7 0 U 3
8 0 U 6
9 0 U -1
10 0 L 4
11 0 U -1
12 1 U 6
13 0 L -1
14 1 L -1
15 1 L 0
16 0 U 10
17 0 L 11
18 1 U 3
19 1 L 16
20 0 U 7
21 1 U 11
22 1 U 0
23 0 U 8
24 1 U 5
25 1 L 2
26 1 U 24
27 0 U 18
28 1 U 22
29 1 U 21
30 1 U -1
31 1 L 20
32 0 L 23
33 1 U 32
34 1 L 27
35 0 L 15
36 0 L 21
37 1 L 32
38 0 L 0
39 0 L 5
40 1 L 32
41 1 U 15
42 1 U 30
43 0 L 12
44 1 L -1
45 1 U 34
46 0 L 38
47 0 U -1
48 0 U 17
49 1 L 12
50 1 U 48
51 0 U 20
52 0 L 46
53 1 L 32
54 0 L 7
55 0 L 9
56 1 L 28
57 1 U 50
58 0 L -1
59 0 U 56
60 1 L 4
61
0 0 U -1
1 0 U -1
2 0 U -1
3 0 L 0
4 0 L -1
5 1 U -1
6 0 U 5
7 0 U 3
8 0 U 6
9 0 U -1
10 0 L 4
11 0 U -1
12 1 U 6
13 0 L -1
14 1 L -1
15 1 L 14
16 0 U 10
17 0 L 11
18 1 U 12
19 1 L 16
20 0 U 7
21 1 U 11
22 1 U 17
23 0 U 21
24 1 U 17
25 1 L 19
26 1 U 24
27 0 U 13
28 0 U 8
29 1 U 21
30 0 U -1
31 1 L 20
32 0 L 23
33 1 U 20
34 1 L 27
35 0 L 15
36 0 L 2
37 0 L -1
38 0 L 0
39 0 L 5
40 1 L 33
41 0 U -1
42 1 U 30
43 1 L 36
44 1 L 32
45 1 U 34
46 0 L 38
47 1 U -1
48 0 U 46
49 1 L 23
50 1 U 36
51 0 U 20
52 0 L 46
53 1 L 32
54 1 L 35
55 0 L 48
56 1 L 28
57 1 U 1
58 0 L -1
59 0 U 56
60 1 L 13
61
0 0 L -1
1 0 U -1
2 0 U -1
3 0 L 0
4 0 L -1
5 1 U -1
6 0 U 5
7 0 U 3
8 0 U 6
9 1 U -1
10 0 L 4
11 0 U -1
12 1 U 6
13 0 L -1
14 1 L -1
15 1 L 14
16 0 U 10
17 0 L 11
18 1 U 3
19 1 L 16
20 0 U 18
21 1 U 11
22 1 U 5
23 0 U 8
24 1 U 17
25 1 L 19
26 1 U 3
27 0 U 13
28 0 U 21
29 1 U 21
30 1 U -1
31 1 L 20
32 1 L 31
33 1 U 32
34 1 L 27
35 0 L 15
36 0 L 10
37 0 U 30
38 0 L 0
39 0 L 20
40 0 L 14
41 1 L 8
42 1 U 30
43 0 L 36
44 1 L 33
45 1 U 34
46 0 L 38
47 0 U -1
48 1 L 33
49 0 L 39
50 0 L -1
51 1 U 34
52 0 L 46
53 1 L 33
54 1 L 35
55 0 L 18
56 1 L 53
57 1 U 5
58 0 L -1
59 0 U 56
60 1 L 3
61
0 0 U -1
1 0 U -1
2 0 U -1
3 0 L 0
4 0 L -1
5 1 U -1
6 0 U 5
7 0 U 3
8 0 U 6
9 0 U -1
10 0 L 4
11 0 U -1
12 1 U 6
13 0 L -1
14 1 L -1
15 1 L 14
16 0 U 10
17 0 L 11
18 1 U 12
19 0 L 16
20 0 U 7
21 1 U 11
22 0 U 19
23 0 U 8
24 1 U 17
25 1 L 20
26 1 U 3
27 0 U 13
28 0 U 21
29 1 U 21
30 1 U -1
31 1 L 20
32 1 L 23
33 1 U 19
34 1 L 27
35 0 L 15
36 0 L 2
37 0 U 3
38 0 L -1
39 0 L 22
40 0 L 33
41 0 L 16
42 1 U 20
43 1 L 36
44 0 L 33
45 1 U 34
46 0 L 38
47 1 U -1
48 0 L 22
49 0 L 18
50 1 U 21
51 0 U 20
52 0 L 46
53 1 L 24
54 1 L 35
55 0 L 43
56 1 L 30
57 0 U 47
58 0 L -1
59 0 U 56
60 1 L 3
61
0 0 U -1
1 0 U -1
2 0 U -1
3 0 L -1
4 0 L -1
5 1 U -1
6 0 U 5
7 0 U 3
8 0 U 6
9 0 U -1
10 0 L 4
11 0 U -1
12 1 U 6
13 0 L -1
14 1 L -1
15 1 L 0
16 0 U 10
17 0 L 11
18 1 U 12
19 0 L 2
20 0 U 13
21 1 U 11
22 1 U 19
23 0 U 12
24 1 U 17
25 1 L 1
26 1 U 24
27 0 U 13
28 0 U 6
29 1 U 21
30 1 U -1
31 1 L 20
32 1 L 31
33 1 U 19
34 1 L 27
35 0 L 15
36 0 L 2
37 0 L 2
38 0 L -1
39 0 L 22
40 0 L 33
41 1 U 11
42 1 U 34
43 1 L 36
44 0 L 6
45 1 U 34
46 0 L 38
47 1 U -1
48 0 L 30
49 0 L 36
50 0 L 3
51 0 U 34
52 0 L 46
53 1 L 24
54 0 L 35
55 0 L 43
56 1 L 30
57 1 U 47
58 0 L -1
59 0 U 56
60 1 L 13
61
0 0 L -1
1 0 U -1
2 0 U -1
3 0 L 1
4 0 L -1
5 1 U -1
6 0 U 5
7 0 U 3
8 0 U 5
9 0 U -1
10 0 L 4
11 0 U -1
12 1 U 6
13 0 L -1
14 1 L 6
15 1 L 0
16 0 U 10
17 0 L 11
18 1 U 12
19 1 L 2
20 0 U 18
21 1 U 11
22 0 U 19
23 0 U 12
24 1 U 17
25 1 L 1
26 1 U 3
27 0 U 13
28 0 U 6
29 1 U 21
30 0 U -1
31 1 L 20
32 1 L 31
33 1 U 19
34 1 L 27
35 0 L 25
36 0 L 2
37 0 U 2
38 0 L -1
39 0 L 22
40 0 L 24
41 1 L 1
42 0 U -1
43 1 L 36
44 0 L 33
45 1 U 34
46 0 L 38
47 0 U -1
48 0 L 18
49 0 L 5
50 1 L 6
51 0 U 34
52 0 L 46
53 1 L 33
54 1 L 35
55 0 L 43
56 1 L 30
57 1 U 47
58 0 L -1
59 0 U 56
60 1 L 13
61
0 0 L -1
1 0 U -1
2 0 U -1
3 0 L 1
4 0 L -1
5 1 U -1
6 0 U 5
7 0 U 3
8 0 U 5
9 0 U -1
10 0 L 4
11 0 U -1
12 1 U 6
13 0 L -1
14 1 L 6
15 1 L 0
16 1 U 10
17 0 L 11
18 1 U 12
19 1 L 16
20 0 U 13
21 1 U 11
22 0 U 18
23 0 U 12
24 1 U 17
25 1 L 1
26 1 U 3
27 0 U 7
28 0 U 14
29 1 U 21
30 0 U -1
31 1 L 20
32 0 L 31
33 1 U 15
34 1 L 27
35 0 L 25
36 0 L 2
37 1 U 15
38 0 L -1
39 0 L 22
40 0 U 37
41 0 L 1
42 0 U 0
43 1 L 36
44 0 L 11
45 1 U 34
46 0 L 38
47 0 U -1
48 0 L 25
49 0 L 6
50 0 L -1
51 0 U 34
52 0 L 46
53 1 L 33
54 1 L 35
55 0 L 43
56 1 L 30
57 1 U 47
58 0 L -1
59 0 U 56
60 1 L 35
61
0 0 L -1
1 0 U -1
2 0 U -1
3 0 U 2
4 0 L -1
5 1 U -1
6 0 U 5
7 0 U 3
8 0 U 5
9 0 U -1
10 0 L 4
11 0 U -1
12 1 U 6
13 0 L -1
14 1 L 6
15 0 L -1
16 0 U 10
17 0 L 11
18 1 U 12
19 0 L 7
20 0 U 7
21 1 U 11
22 0 U 18
23 0 U 14
24 1 U 17
25 1 L 1
26 1 U 24
27 0 U 13
28 0 U 14
29 1 U 21
30 0 U -1
31 1 L 20
32 0 L 23
33 1 U 10
34 1 L 27
35 0 L 25
36 1 L -1
37 0 U 2
38 0 L -1
39 0 U 10
40 0 U 34
41 1 L 13
42 0 U -1
43 0 L 20
44 0 L 23
45 1 U 34
46 0 L 38
47 0 U -1
48 0 L 28
49 0 L 14
50 0 U 24
51 0 U 34
52 0 L 46
53 1 L 33
54 0 L 7
55 0 L 43
56 1 L 30
57 1 U 47
58 0 L -1
59 0 U 56
60 1 L 41
61
0 0 U -1
1 0 U -1
2 0 U -1
3 0 U 2
4 0 L -1
5 1 U -1
6 0 U 5
7 0 U 3
8 0 U 5
9 0 U -1
10 0 L 4
11 0 U -1
12 1 U 6
13 0 L -1
14 1 L 6
15 0 L -1
16 0 U 10
17 0 L 11
18 1 U 12
19 1 L -1
20 0 U 13
21 1 U 11
22 1 U 18
23 0 U 14
24 1 U 17
25 1 L 1
26 1 U 24
27 0 U 13
28 0 U 12
29 1 U 21
30 0 U -1
31 1 L 20
32 0 L 31
33 1 U 10
34 1 L 27
35 0 L 25
36 1 L 35
37 1 L 35
38 0 L -1
39 1 U 30
40 0 U 8
41 0 L 25
42 0 U -1
43 1 L 5
44 0 L 23
45 1 U 34
46 0 L 38
47 0 U -1
48 1 L 43
49 0 L 12
50 1 U 16
51 1 U 10
52 0 L 46
53 1 L 33
54 0 L 3
55 0 L 43
56 1 U 33
57 1 U 47
58 0 L -1
59 0 U 52
60 1 L 41
61
0 0 U -1
1 0 U -1
2 0 U -1
3 0 L 0
4 0 L -1
5 1 U -1
6 0 U 5
7 0 U 3
8 0 U 5
9 0 U -1
10 0 L 3
11 0 U -1
12 1 U 6
13 0 L -1
14 1 L 6
15 0 L -1
16 0 U 10
17 0 L 11
18 1 U 12
19 0 L -1
20 0 U 13
21 1 U 11
22 0 U 18
23 0 U 14
24 1 U 0
25 1 L 1
26 1 U 24
27 0 U 7
28 0 U 12
29 1 U 21
30 1 U -1
31 1 L 20
32 0 L 11
33 1 U 32
34 1 L 27
35 0 L 25
36 0 L 22
37 1 L 18
38 0 L -1
39 1 U 6
40 1 U 2
41 0 L 35
42 0 U -1
43 1 L 5
44 1 L 10
45 1 U 34
46 0 L 38
47 0 U -1
48 1 U 41
49 1 L 31
50 1 L -1
51 1 U 31
52 0 L 46
53 1 L 32
54 1 L 7
55 0 L 43
56 1 L 48
57 1 U 30
58 0 L -1
59 0 U 38
60 1 L 58
61
0 0 U -1
1 0 U -1
2 0 U -1
3 0 L 0
4 0 L -1
5 1 U -1
6 0 U 5
7 0 U 3
8 0 U 5
9 0 U -1
10 0 L 3
11 0 U -1
12 1 U 6
13 0 L -1
14 1 L 6
15 0 L -1
16 0 U 10
17 0 L 11
18 1 U 12
19 1 L -1
20 0 U 13
21 1 U 11
22 1 U 18
23 0 U 14
24 1 U 17
25 1 L 1
26 1 U 24
27 0 U 13
28 1 U 21
29 1 U 21
30 1 U -1
31 1 L 5
32 0 L 11
33 1 U 32
34 1 L 27
35 0 L 25
36 0 L 6
37 1 L 32
38 0 L -1
39 0 L 20
40 1 L 2
41 0 L 20
42 0 U -1
43 0 L 5
44 1 L 10
45 1 U 34
46 0 L 38
47 0 U -1
48 0 U 45
49 0 L 7
50 0 U 36
51 1 U 31
52 0 L 46
53 1 L 33
54 0 L 7
55 1 L 43
56 1 U 15
57 0 U 30
58 0 L -1
59 0 U 38
60 1 L 58
61
0 0 L -1
1 0 U -1
2 0 U -1
3 0 L 0
4 0 L -1
5 1 U -1
6 0 U 5
7 0 U 3
8 0 U 5
9 0 U -1
10 0 L 3
11 0 U -1
12 1 U 6
13 0 L -1
14 1 L 6
15 0 L -1
16 0 U 10
17 0 L 11
18 1 U 12
19 0 L -1
20 0 U 18
21 1 U 11
22 0 U 7
23 0 U 14
24 1 U 17
25 1 L 1
26 1 U 24
27 0 U 13
28 0 U 6
29 1 U 21
30 1 U -1
31 1 L 5
32 0 L 23
33 1 U 32
34 1 L 27
35 0 L 25
36 0 L 18
37 0 L 23
38 0 L -1
39 1 L 2
40 1 L 20
41 1 L 7
42 0 U 0
43 1 L 5
44 1 U 10
45 1 U 34
46 0 L 38
47 0 U -1
48 1 U 45
49 0 L 35
50 1 L 7
51 1 U 39
52 0 L 46
53 1 L 33
54 0 L 7
55 0 L 43
56 1 U 34
57 1 U 30
58 0 L -1
59 0 U 38
60 1 L 13
