37
0 0 U -1
1 0 U -1
2 0 U -1
3 0 U -1
4 0 U -1
5 0 U -1
6 0 U -1
7 0 U -1
8 0 U -1
9 0 U -1
10 0 U -1
11 0 U -1
12 0 U -1
13 0 U -1
14 0 U -1
15 0 U -1
16 0 U -1
17 0 U -1
18 0 U -1
19 0 U -1
20 0 U -1
21 0 U -1
22 0 U -1
23 0 U -1
24 0 U -1
25 0 U -1
26 0 U -1
27 0 U -1
28 0 U -1
29 0 U -1
30 0 U -1
31 0 U -1
32 0 U -1
33 0 U -1
34 0 U -1
35 0 U -1
36 0 U -1
37
0 1 U -1
1 0 U -1
2 0 U -1
3 0 L -1
4 0 U -1
5 0 U 2
6 0 U 4
7 1 U -1
8 0 L 2
9 1 U 5
10 1 L -1
11 0 U 2
12 1 L 5
13 1 U 7
14 0 U -1
15 1 L 0
16 1 L 2
17 0 U 7
18 1 U 15
19 1 U -1
20 1 L -1
21 0 U 17
22 0 L 20
23 0 U 9
24 1 U 19
25 1 U -1
26 1 U 13
27 0 U 17
28 1 L 27
29 0 L 20
30 1 U -1
31 1 U 9
32 1 U 26
33 1 U 30
34 0 U 22
35 1 U 21
36 1 U 35
37
0 1 U -1
1 0 U -1
2 0 U -1
3 0 L -1
4 1 U -1
5 0 U 2
6 0 L 0
7 1 U -1
8 1 L 2
9 1 U 5
10 1 L -1
11 0 U 8
12 1 L 8
13 1 U 7
14 0 U -1
15 1 L 3
16 1 L 15
17 1 U 13
18 1 U 0
19 1 U -1
20 1 L -1
21 0 U 17
22 0 L 20
23 0 U 9
24 1 U 0
25 0 U -1
26 0 U 24
27 0 U 25
28 1 L 27
29 1 L 26
30 1 U -1
31 1 U 8
32 1 U 8
33 1 U 30
34 0 U 10
35 1 U 33
36 0 U 11
37
0 1 L -1
1 0 U -1
2 0 U -1
3 0 L -1
4 0 U -1
5 0 U 2
6 0 L 3
7 1 U -1
8 1 L 2
9 1 U 5
10 1 L -1
11 0 U 2
12 1 L 8
13 1 U 7
14 0 U -1
15 1 L 0
16 1 L 15
17 0 U 1
18 1 U 7
19 1 U -1
20 1 L -1
21 0 U 15
22 0 L 20
23 0 U 9
24 0 U 7
25 1 U -1
26 0 U 24
27 0 U 25
28 1 L 27
29 1 L 19
30 1 U -1
31 1 U 8
32 1 U 29
33 1 U 30
34 1 U 10
35 1 U 27
36 1 U 22
37
0 1 U -1
1 0 U -1
2 0 U -1
3 1 L -1
4 0 U 1
5 0 U 2
6 0 L 4
7 1 U -1
8 1 L 2
9 1 U 5
10 1 L -1
11 0 L 10
12 1 L 8
13 1 U 7
14 0 U -1
15 1 L 0
16 1 L 15
17 0 U 7
18 0 U 13
19 1 U -1
20 1 L -1
21 0 U 18
22 0 L 20
23 0 U 9
24 0 U 1
25 1 U -1
26 0 U 5
27 0 U 25
28 1 L 27
29 1 L 26
30 1 U -1
31 1 U 15
32 1 U 15
33 1 U 30
34 1 U 15
35 1 U 27
36 0 U 15
37
0 1 U -1
1 0 U -1
2 0 U -1
3 0 L -1
4 0 U 1
5 0 U 2
6 0 L 0
7 0 U -1
8 1 L 2
9 1 U 3
10 1 L -1
11 1 L -1
12 1 L 8
13 1 U 1
14 0 U -1
15 1 L 3
16 1 L 15
17 1 U 1
18 0 U 5
19 0 U -1
20 1 L -1
21 1 U 18
22 0 L 20
23 0 U 8
24 0 U 1
25 1 U -1
26 1 U 24
27 0 U 25
28 1 L 27
29 1 L 26
30 1 U -1
31 1 U 26
32 1 U 10
33 1 U 30
34 1 U 10
35 1 U 27
36 0 U 15
37
0 1 L -1
1 0 U -1
2 0 U -1
3 0 L -1
4 1 U 1
5 0 U 2
6 0 L 0
7 1 U -1
8 1 L 2
9 1 U 3
10 1 L -1
11 0 U 7
12 1 L 8
13 1 U 7
14 0 U -1
15 1 L 0
16 1 L 15
17 1 U 7
18 0 U 3
19 0 U -1
20 1 L -1
21 1 U 18
22 0 L 20
23 0 U 9
24 0 U 1
25 1 U -1
26 1 U 24
27 0 U 25
28 1 L 27
29 1 L 26
30 1 U -1
31 1 U 15
32 1 U 10
33 1 U 30
34 1 U 10
35 1 U 27
36 0 U 35
37
0 1 L -1
1 0 U -1
2 0 U -1
3 0 L -1
4 1 U 1
5 0 U 2
6 0 L 4
7 1 U -1
8 1 L 2
9 1 U 5
10 1 L -1
11 1 L -1
12 1 L 8
13 1 U 7
14 0 U -1
15 1 L 0
16 1 L 15
17 0 U 1
18 1 U 13
19 0 U -1
20 1 L -1
21 1 U 18
22 0 L 20
23 0 U 8
24 0 U 19
25 1 U -1
26 1 U 24
27 0 U 25
28 1 L 27
29 1 L 26
30 1 U -1
31 1 U 26
32 1 U 10
33 1 U 30
34 1 U 15
35 1 U 33
36 1 U 35
37
0 1 U -1
1 0 U -1
2 0 U -1
3 0 L -1
4 0 U -1
5 0 U 2
6 0 L 0
7 1 U -1
8 1 L 2
9 1 U 3
10 1 L -1
11 1 L -1
12 1 L 4
13 1 U 1
14 0 U -1
15 1 L 0
16 1 L 15
17 1 U 7
18 1 U 5
19 0 U -1
20 1 L -1
21 1 U 18
22 0 L 20
23 0 U 9
24 0 U 7
25 0 U -1
26 1 U 24
27 0 U 25
28 1 L 27
29 1 L 26
30 1 U -1
31 1 U 9
32 1 U 10
33 1 U 30
34 1 U 15
35 1 U 33
36 1 U 35
37
0 1 U -1
1 0 U -1
2 0 U -1
3 0 L -1
4 0 U -1
5 0 U 2
6 0 L 0
7 1 U -1
8 1 L 2
9 1 U 3
10 1 L -1
11 1 L 6
12 1 L 8
13 1 U 7
14 0 U -1
15 1 L 0
16 1 L 15
17 0 U 1
18 0 U 3
19 0 U -1
20 0 L -1
21 1 U 18
22 1 L 0
23 0 U 9
24 0 U 7
25 1 U -1
26 1 U 24
27 0 U 25
28 1 L 27
29 1 L 26
30 1 U -1
31 1 U 9
32 1 U 15
33 1 U 30
34 1 U 15
35 1 U 11
36 0 U 35
37
0 1 L -1
1 0 U -1
2 0 U -1
3 0 L -1
4 1 U -1
5 0 U 2
6 0 L 3
7 1 U -1
8 1 L 2
9 1 U 3
10 1 L -1
11 1 L 1
12 1 L 8
13 1 U 1
14 0 U -1
15 1 L 3
16 1 L 15
17 0 U 14
18 0 U 13
19 1 U -1
20 0 L -1
21 1 U 18
22 1 L 3
23 0 U 9
24 1 U 0
25 0 U -1
26 1 U 24
27 0 U 1
28 1 L 27
29 1 L 20
30 1 U -1
31 1 U 26
32 1 U 10
33 1 U 30
34 1 U 10
35 1 U 6
36 1 U 10
37
0 1 U -1
1 0 U -1
2 0 U -1
3 0 L -1
4 0 U -1
5 0 U 2
6 0 L 3
7 1 U -1
8 1 L 2
9 1 U 3
10 1 L -1
11 1 U 3
12 1 L 8
13 1 U 7
14 0 U -1
15 1 L 0
16 1 L 15
17 1 U 14
18 0 U 14
19 1 U -1
20 0 L -1
21 1 L 0
22 0 L 3
23 0 U 9
24 0 U 14
25 1 U -1
26 1 U 24
27 0 U 24
28 1 L 27
29 1 L 20
30 1 U -1
31 1 U 10
32 1 U 10
33 1 U 30
34 1 U 10
35 1 U 33
36 0 U 35
37
0 1 U -1
1 0 U -1
2 0 U -1
3 0 L -1
4 1 U 1
5 0 U 2
6 0 L 4
7 1 U -1
8 1 L 2
9 1 U 3
10 1 L -1
11 1 L 3
12 1 L 8
13 1 U 7
14 0 U -1
15 1 L 3
16 1 L 15
17 0 U 1
18 0 U 1
19 0 U -1
20 0 L -1
21 1 U 1
22 0 L 3
23 0 U 8
24 0 U 7
25 1 U -1
26 1 U 24
27 0 U 5
28 1 L 27
29 1 L 20
30 1 U -1
31 1 U 27
32 1 U 27
33 1 U 30
34 1 U 10
35 1 U 33
36 0 U 10
37
0 1 L -1
1 0 U -1
2 0 U -1
3 0 L -1
4 0 U -1
5 0 U 2
6 0 L 0
7 1 U -1
8 1 L 2
9 1 U 3
10 1 L -1
11 1 L 1
12 1 L 8
13 1 U 7
14 0 U -1
15 1 L 0
16 1 L 11
17 1 U 7
18 1 U 0
19 1 U -1
20 0 L -1
21 0 U 14
22 0 L 3
23 0 U 9
24 0 U 7
25 1 U -1
26 1 U 24
27 0 U 5
28 1 L 27
29 1 L 20
30 1 U -1
31 1 U 15
32 1 U 15
33 1 U 30
34 1 U 15
35 1 U 11
36 0 U 35
37
0 1 U -1
1 0 U -1
2 0 U -1
3 0 L -1
4 1 U 1
5 0 U 2
6 0 L 0
7 1 U -1
8 1 L 2
9 1 U 5
10 1 L -1
11 1 L 1
12 1 L 8
13 1 U 1
14 0 U -1
15 1 L 3
16 1 L 11
17 0 U 1
18 1 U 0
19 1 U -1
20 0 L -1
21 1 U 5
22 1 L 3
23 0 U 8
24 0 U 0
25 1 U -1
26 1 U 13
27 0 U 3
28 1 L 27
29 1 L 20
30 1 U -1
31 1 U 15
32 1 U 15
33 1 U 30
34 1 U 15
35 1 U 11
36 0 U 15
37
0 1 U -1
1 0 U -1
2 0 U -1
3 0 L -1
4 1 U -1
5 0 U 2
6 0 L 3
7 1 U -1
8 1 L 2
9 1 U 3
10 1 L -1
11 0 L 1
12 1 L 4
13 1 U 7
14 0 U -1
15 1 L 10
16 1 L 15
17 0 U 1
18 1 L 10
19 1 U -1
20 0 L -1
21 1 U 7
22 0 L 20
23 0 U 8
24 0 U 0
25 0 U -1
26 1 U 21
27 0 U 24
28 1 U 14
29 0 L 20
30 1 U -1
31 1 U 9
32 1 U 10
33 1 U 30
34 1 U 10
35 1 U 33
36 0 U 35
37
0 1 L -1
1 0 U -1
2 0 U -1
3 0 L -1
4 0 U -1
5 0 U 2
6 0 L 3
7 1 U -1
8 1 L 2
9 0 U 6
10 1 L -1
11 1 L 3
12 0 L 4
13 0 U 7
14 0 U -1
15 1 L 3
16 1 L 15
17 0 U 7
18 0 L 0
19 0 U -1
20 0 L -1
21 1 L 17
22 1 L 3
23 0 U 10
24 0 U 19
25 1 U -1
26 1 U 3
27 0 U 24
28 1 U 19
29 0 L 20
30 1 U -1
31 1 U 18
32 1 U 18
33 1 U 30
34 1 U 18
35 1 U 33
36 0 U 35
37
0 1 U -1
1 0 U -1
2 0 U -1
3 0 L -1
4 1 U -1
5 0 U 2
6 0 L 3
7 1 U -1
8 1 L 2
9 1 U 5
10 1 L -1
11 0 L 10
12 0 L 4
13 1 U 7
14 0 U -1
15 1 L 10
16 1 L 15
17 1 U 7
18 1 L 11
19 0 U -1
20 0 L -1
21 1 L 17
22 1 L 20
23 0 U 18
24 0 U 1
25 0 U -1
26 1 U 3
27 0 U 24
28 1 U 25
29 0 L 3
30 1 U -1
31 1 U 27
32 1 U 10
33 1 U 30
34 1 U 10
35 1 U 33
36 0 U 26
37
0 1 L -1
1 0 U -1
2 0 U -1
3 0 L -1
4 1 U -1
5 0 U 2
6 0 L 3
7 1 U -1
8 1 L 2
9 1 U 5
10 1 L -1
11 1 L 1
12 1 L 4
13 1 U 1
14 0 U -1
15 1 L 10
16 1 L 15
17 1 U 7
18 1 L 3
19 0 U -1
20 0 L -1
21 1 L 17
22 0 L 20
23 0 U 9
24 0 U 1
25 0 U -1
26 0 U 24
27 0 U 24
28 1 U 19
29 0 L 3
30 1 U -1
31 1 U 27
32 1 U 10
33 1 U 30
34 1 U 27
35 1 U 33
36 0 U 35
37
0 1 U -1
1 0 U -1
2 0 U -1
3 0 L -1
4 1 U -1
5 0 U 2
6 0 L 3
7 1 U -1
8 1 L 2
9 1 U 5
10 1 L -1
11 1 L 1
12 1 L 4
13 1 U 1
14 0 U -1
15 1 L 10
16 1 L 15
17 1 U 7
18 1 L 10
19 0 U -1
20 0 L -1
21 1 L 17
22 0 L 20
23 0 U 9
24 0 U 19
25 0 U -1
26 0 U 17
27 0 U 5
28 1 U 14
29 0 L 3
30 1 U -1
31 1 U 10
32 1 U 10
33 1 U 30
34 1 U 27
35 1 U 33
36 0 U 35
37
0 1 L -1
1 0 U -1
2 0 U -1
3 0 L -1
4 1 U -1
5 0 U 2
6 0 L 3
7 1 U -1
8 1 L 2
9 1 U 3
10 1 L -1
11 0 L 10
12 1 L 4
13 1 U 7
14 0 U -1
15 1 L 10
16 1 L 15
17 1 U 1
18 1 L 11
19 0 U -1
20 0 L -1
21 1 L 17
22 1 L 20
23 0 U 9
24 0 U 1
25 0 U -1
26 0 U 3
27 0 U 5
28 1 U 19
29 0 L 3
30 1 U -1
31 1 U 10
32 1 U 27
33 1 U 30
34 1 U 27
35 1 U 33
36 0 U 27
37
0 1 U -1
1 0 U -1
2 0 U -1
3 0 L -1
4 1 U -1
5 0 U 2
6 0 L 3
7 1 U -1
8 1 L 2
9 1 U 5
10 1 L -1
11 0 L 1
12 1 L 4
13 1 U 1
14 0 U -1
15 1 L 10
16 1 L 15
17 1 U 7
18 1 L 10
19 0 U -1
20 0 L -1
21 1 L 17
22 0 L 20
23 0 U 9
24 0 U 1
25 0 U -1
26 0 U 5
27 0 U 5
28 1 U 14
29 0 L 20
30 1 U -1
31 1 U 10
32 1 U 27
33 1 U 30
34 1 U 10
35 1 U 33
36 0 U 27
37
0 1 L -1
1 0 U -1
2 0 U -1
3 0 L -1
4 1 U -1
5 0 U 2
6 0 L 3
7 1 U -1
8 1 L 2
9 1 U 3
10 1 L -1
11 0 L 6
12 1 L 4
13 1 U 1
14 0 U -1
15 1 L 10
16 1 L 15
17 1 U 1
18 0 L 3
19 0 U -1
20 0 L -1
21 1 L 17
22 1 L 20
23 0 U 9
24 0 U 19
25 0 U -1
26 0 U 5
27 0 U 5
28 1 U 0
29 0 L 3
30 1 U -1
31 1 U 10
32 1 U 10
33 1 U 30
34 1 U 10
35 1 U 6
36 0 U 10
37
0 1 U -1
1 0 U -1
2 0 U -1
3 0 L -1
4 1 U -1
5 0 U 2
6 0 L 3
7 1 U -1
8 1 L 2
9 1 U 3
10 1 L -1
11 0 L 6
12 1 L 4
13 1 U 7
14 0 U -1
15 1 L 10
16 1 L 15
17 1 U 1
18 0 L 0
19 0 U -1
20 0 L -1
21 1 L 17
22 1 L 20
23 0 U 8
24 0 U 7
25 0 U -1
26 0 U 17
27 0 U 24
28 1 U 1
29 0 L 20
30 1 U -1
31 1 U 10
32 1 U 10
33 1 U 30
34 1 U 10
35 1 U 6
36 1 U 10
37
0 1 U -1
1 0 U -1
2 0 U -1
3 0 L -1
4 1 U -1
5 0 U 2
6 0 L 3
7 1 U -1
8 1 L 2
9 1 U 3
10 1 L -1
11 1 L 1
12 1 L 4
13 1 U 1
14 0 U -1
15 1 L 10
16 1 L 15
17 1 U 7
18 0 L 10
19 0 U -1
20 0 L -1
21 1 L 17
22 0 L 20
23 0 U 8
24 1 U 19
25 0 U -1
26 0 U 24
27 0 U 24
28 1 U 7
29 0 L 3
30 1 U -1
31 1 U 10
32 1 U 10
33 1 U 30
34 1 U 10
35 1 U 11
36 0 U 35
37
0 1 U -1
1 0 U -1
2 0 U -1
3 0 L -1
4 1 U -1
5 0 U 2
6 0 L 3
7 1 U -1
8 1 L 2
9 1 U 5
10 1 L -1
11 0 L 6
12 1 L 4
13 1 U 1
14 0 U -1
15 1 L 10
16 1 L 15
17 1 U 1
18 1 L 3
19 0 U -1
20 0 L -1
21 1 L 17
22 1 L 20
23 0 U 18
24 1 U 7
25 0 U -1
26 0 U 24
27 0 U 24
28 1 U 25
29 0 L 20
30 1 U -1
31 1 U 27
32 1 U 27
33 1 U 30
34 1 U 10
35 1 U 6
36 1 U 27
37
0 1 U -1
1 0 U -1
2 0 U -1
3 0 L -1
4 1 U -1
5 0 U 2
6 0 L 3
7 1 U -1
8 1 L 2
9 0 U 5
10 1 L -1
11 1 L 8
12 1 L 4
13 1 U 1
14 0 U -1
15 1 L 10
16 1 L 15
17 1 U 1
18 0 L 3
19 0 U -1
20 0 L -1
21 1 L 17
22 1 L 20
23 0 U 8
24 0 U 19
25 0 U -1
26 1 U 17
27 0 U 24
28 1 U 14
29 0 L 3
30 1 U -1
31 1 U 27
32 1 U 10
33 1 U 30
34 1 U 10
35 1 U 6
36 1 U 10
37
0 1 L -1
1 0 U -1
2 0 U -1
3 1 L -1
4 1 U -1
5 0 U 2
6 0 L 3
7 1 U -1
8 1 L 2
9 1 U 5
10 1 L -1
11 1 L 1
12 1 L 4
13 1 U 7
14 0 U -1
15 1 L 3
16 1 L 15
17 1 U 1
18 1 L 10
19 0 U -1
20 0 L -1
21 1 L 18
22 0 L 3
23 0 U 18
24 0 U 19
25 0 U -1
26 0 U 17
27 0 U 7
28 1 U 1
29 0 L 6
30 1 U -1
31 1 U 10
32 1 U 10
33 1 U 30
34 1 U 10
35 1 U 6
36 0 U 10
37
0 1 L -1
1 0 U -1
2 0 U -1
3 0 L -1
4 1 U -1
5 0 U 2
6 0 L 3
7 1 U -1
8 1 L 2
9 1 U 3
10 1 L -1
11 0 L 10
12 1 L 4
13 1 U 1
14 0 U -1
15 1 L 10
16 1 L 15
17 1 U 1
18 0 L 10
19 0 U -1
20 0 L -1
21 1 L 17
22 1 L 20
23 0 U 9
24 0 U 1
25 0 U -1
26 0 U 5
27 0 U 24
28 1 U 7
29 0 L 20
30 1 U -1
31 1 U 10
32 1 U 10
33 1 U 30
34 1 U 10
35 1 U 28
36 0 U 35
37
0 1 U -1
1 0 U -1
2 0 U -1
3 0 L -1
4 1 U -1
5 0 U 2
6 0 L 3
7 1 U -1
8 1 L 2
9 1 U 3
10 1 L -1
11 0 L 10
12 1 L 4
13 1 U 1
14 0 U -1
15 1 L 10
16 1 L 15
17 1 U 1
18 0 L 10
19 0 U -1
20 0 L -1
21 1 L 17
22 1 L 20
23 0 U 8
24 0 U 19
25 0 U -1
26 0 U 5
27 0 U 5
28 1 U 25
29 0 L 18
30 1 U -1
31 1 U 27
32 1 U 10
33 1 U 30
34 1 U 10
35 1 U 6
36 0 U 35
37
0 1 U -1
1 0 U -1
2 0 U -1
3 0 L -1
4 1 U -1
5 0 U 2
6 0 L 3
7 1 U -1
8 1 L 2
9 1 U 5
10 1 L -1
11 1 L 6
12 0 L 4
13 1 U 1
14 0 U -1
15 1 L 10
16 1 L 15
17 1 U 1
18 1 L 3
19 0 U -1
20 0 L -1
21 1 L 17
22 0 L 20
23 0 U 18
24 0 U 19
25 0 U -1
26 0 U 5
27 0 U 3
28 1 U 0
29 0 L 0
30 1 U -1
31 1 U 27
32 1 U 27
33 1 U 30
34 1 U 27
35 1 U 11
36 0 U 35
37
0 1 U -1
1 0 U -1
2 0 U -1
3 0 L -1
4 1 U -1
5 0 U 2
6 0 L 3
7 1 U -1
8 1 L 2
9 1 U 5
10 1 L -1
11 1 L 6
12 1 L 4
13 1 U 7
14 0 U -1
15 1 L 10
16 1 L 15
17 1 U 7
18 0 L 10
19 0 U -1
20 0 L -1
21 1 L 17
22 1 L 20
23 0 U 8
24 0 U 7
25 0 U -1
26 0 U 5
27 0 U 5
28 1 U 25
29 0 L 3
30 1 U -1
31 1 U 10
32 1 U 27
33 1 U 30
34 1 U 10
35 1 U 11
36 0 U 27
37
0 1 L -1
1 0 U -1
2 0 U -1
3 0 L -1
4 1 U -1
5 0 U 2
6 0 L 3
7 1 U -1
8 1 L 2
9 1 U 3
10 1 L -1
11 0 L 1
12 1 L 4
13 1 U 1
14 0 U -1
15 1 L 10
16 1 L 15
17 1 U 1
18 0 L 0
19 0 U -1
20 0 L -1
21 1 L 17
22 1 L 20
23 0 U 9
24 0 U 19
25 0 U -1
26 0 U 17
27 0 U 17
28 1 U 25
29 0 L 0
30 1 U -1
31 1 U 10
32 1 U 10
33 1 U 30
34 1 U 27
35 1 U 33
36 0 U 35
37
0 1 L -1
1 0 U -1
2 0 U -1
3 0 L -1
4 1 U -1
5 0 U 2
6 0 L 3
7 1 U -1
8 1 L 2
9 1 U 3
10 1 L -1
11 1 L 3
12 0 L 4
13 1 U 7
14 0 U -1
15 1 L 10
16 1 L 15
17 1 U 1
18 0 L 0
19 0 U -1
20 0 L -1
21 1 L 17
22 1 L 20
23 0 U 10
24 0 U 19
25 0 U -1
26 0 U 3
27 0 U 5
28 1 U 25
29 0 L 3
30 1 U -1
31 1 U 18
32 1 U 18
33 1 U 30
34 1 U 27
35 1 U 33
36 0 U 35
37
0 1 U -1
1 0 U -1
2 0 U -1
3 0 L -1
4 1 U -1
5 0 U 2
6 0 L 3
7 1 U -1
8 1 L 2
9 1 U 3
10 1 L -1
11 1 L 6
12 1 L 4
13 1 U 7
14 0 U -1
15 1 L 10
16 1 L 15
17 1 U 1
18 0 L 10
19 0 U -1
20 0 L -1
21 1 L 17
22 1 L 20
23 0 U 18
24 0 U 19
25 0 U -1
26 0 U 17
27 0 U 5
28 1 U 1
29 0 L 20
30 1 U -1
31 1 U 27
32 1 U 27
33 1 U 30
34 1 U 27
35 1 U 28
36 0 U 10
37
0 1 U -1
1 0 U -1
2 0 U -1
3 0 L -1
4 1 U -1
5 0 U 2
6 0 L 3
7 1 U -1
8 1 L 2
9 1 U 3
10 1 L -1
11 0 L 10
12 1 L 4
13 1 U 7
14 0 U -1
15 1 L 10
16 1 L 15
17 1 U 7
18 0 L 0
19 0 U -1
20 0 L -1
21 1 L 17
22 1 L 20
23 0 U 18
24 0 U 19
25 0 U -1
26 1 U 17
27 0 U 5
28 1 U 1
29 0 L 3
30 1 U -1
31 1 U 27
32 1 U 10
33 1 U 30
34 1 U 10
35 1 U 28
36 0 U 27
37
0 1 U -1
1 0 U -1
2 0 U -1
3 0 L -1
4 1 U -1
5 0 U 2
6 0 L 3
7 1 U -1
8 1 L 2
9 1 U 5
10 1 L -1
11 0 L 1
12 1 L 4
13 1 U 7
14 0 U -1
15 1 L 10
16 1 L 15
17 1 U 7
18 0 L 3
19 0 U -1
20 0 L -1
21 0 L 17
22 1 L 20
23 0 U 8
24 1 U 19
25 0 U -1
26 0 U 24
27 0 U 24
28 1 U 25
29 0 L 3
30 1 U -1
31 1 U 10
32 1 U 10
33 1 U 30
34 1 U 10
35 1 U 6
36 0 U 27
37
0 1 L -1
1 0 U -1
2 0 U -1
3 0 L -1
4 1 U -1
5 0 U 2
6 0 L 3
7 1 U -1
8 1 L 2
9 1 U 5
10 1 L -1
11 1 L 1
12 1 L 4
13 1 U 7
14 0 U -1
15 1 L 10
16 1 L 15
17 1 U 7
18 0 L 10
19 0 U -1
20 0 L -1
21 1 L 17
22 0 L 20
23 0 U 18
24 1 U 19
25 0 U -1
26 0 U 24
27 0 U 24
28 1 U 14
29 0 L 18
30 1 U -1
31 1 U 10
32 1 U 10
33 1 U 30
34 1 U 27
35 1 U 6
36 0 U 35
37
0 1 L -1
1 0 U -1
2 0 U -1
3 0 L -1
4 1 U -1
5 0 U 2
6 0 L 3
7 1 U -1
8 1 L 2
9 1 U 3
10 1 L -1
11 0 L 6
12 1 L 4
13 1 U 7
14 0 U -1
15 1 L 10
16 1 L 15
17 1 U 7
18 1 L 10
19 0 U -1
20 0 L -1
21 1 L 17
22 0 L 20
23 0 U 18
24 1 U 19
25 0 U -1
26 1 U 24
27 0 U 24
28 1 U 25
29 0 L 0
30 1 U -1
31 1 U 27
32 1 U 27
33 1 U 30
34 1 U 10
35 1 U 33
36 0 U 35
37
0 1 L -1
1 0 U -1
2 0 U -1
3 0 L -1
4 1 U -1
5 0 U 2
6 0 L 3
7 1 U -1
8 1 L 2
9 1 U 5
10 1 L -1
11 1 L 1
12 1 L 4
13 1 U 1
14 0 U -1
15 1 L 10
16 1 L 15
17 1 U 1
18 1 L 10
19 0 U -1
20 0 L -1
21 1 L 17
22 1 L 20
23 0 U 18
24 0 U 7
25 0 U -1
26 0 U 17
27 0 U 17
28 1 U 14
29 0 L 3
30 1 U -1
31 1 U 10
32 1 U 10
33 1 U 30
34 1 U 27
35 1 U 33
36 0 U 10
37
0 1 U -1
1 0 U -1
2 0 U -1
3 0 L -1
4 1 U -1
5 0 U 2
6 0 L 3
7 1 U -1
8 1 L 2
9 1 U 5
10 1 L -1
11 0 L 10
12 1 L 4
13 1 U 1
14 0 U -1
15 1 L 10
16 1 L 15
17 1 U 1
18 0 L 3
19 0 U -1
20 0 L -1
21 1 L 17
22 1 L 20
23 0 U 9
24 0 U 19
25 0 U -1
26 0 U 17
27 0 U 5
28 1 U 14
29 0 L 20
30 1 U -1
31 1 U 27
32 1 U 10
33 1 U 30
34 1 U 27
35 1 U 33
36 0 U 27
37
0 1 L -1
1 0 U -1
2 0 U -1
3 0 L -1
4 1 U -1
5 0 U 2
6 0 L 3
7 1 U -1
8 1 L 2
9 1 U 5
10 1 L -1
11 1 L 1
12 1 L 4
13 1 U 7
14 0 U -1
15 1 L 10
16 1 L 15
17 1 U 7
18 1 L 10
19 0 U -1
20 0 L -1
21 1 L 17
22 1 L 20
23 0 U 8
24 0 U 19
25 0 U -1
26 0 U 5
27 0 U 5
28 1 U 19
29 0 L 3
30 1 U -1
31 1 U 27
32 1 U 27
33 1 U 30
34 1 U 27
35 1 U 33
36 0 U 35
37
0 1 U -1
1 0 U -1
2 0 U -1
3 0 L -1
4 1 U -1
5 0 U 2
6 0 L 3
7 1 U -1
8 1 L 2
9 1 U 5
10 1 L -1
11 0 U 5
12 1 L 4
13 1 U 1
14 0 U -1
15 1 L 10
16 1 L 15
17 1 U 7
18 1 L 10
19 0 U -1
20 0 L -1
21 1 L 17
22 0 L 20
23 0 U 8
24 0 U 1
25 0 U -1
26 1 U 24
27 0 U 5
28 1 U 25
29 0 L 20
30 1 U -1
31 1 U 27
32 1 U 10
33 1 U 30
34 1 U 27
35 1 U 33
36 0 U 35
37
0 1 U -1
1 0 U -1
2 0 U -1
3 0 L -1
4 1 U -1
5 0 U 2
6 0 L 3
7 1 U -1
8 1 L 2
9 1 U 5
10 1 L -1
11 1 L 6
12 1 L 4
13 1 U 1
14 0 U -1
15 1 L 10
16 1 L 15
17 1 U 1
18 0 L 0
19 0 U -1
20 0 L -1
21 1 L 17
22 0 L 20
23 0 U 8
24 0 U 1
25 0 U -1
26 0 U 24
27 0 U 24
28 1 U 0
29 0 L 20
30 1 U -1
31 1 U 27
32 1 U 10
33 1 U 30
34 1 U 10
35 1 U 6
36 0 U 35
37
0 1 U -1
1 0 U -1
2 0 U -1
3 0 L -1
4 1 U -1
5 0 U 2
6 0 L 3
7 1 U -1
8 1 L 2
9 1 U 3
10 1 L -1
11 0 L 1
12 1 L 4
13 1 U 7
14 0 U -1
15 1 L 10
16 1 L 15
17 1 U 1
18 1 L 3
19 0 U -1
20 0 L -1
21 1 L 17
22 1 L 20
23 0 U 9
24 0 U 7
25 0 U -1
26 0 U 3
27 0 U 5
28 1 U 14
29 0 L 0
30 1 U -1
31 1 U 27
32 1 U 27
33 1 U 30
34 1 U 10
35 1 U 33
36 0 U 35
37
0 1 U -1
1 0 U -1
2 0 U -1
3 0 L -1
4 1 U -1
5 0 U 2
6 0 L 3
7 1 U -1
8 1 L 2
9 1 U 5
10 1 L -1
11 0 L 6
12 1 L 4
13 1 U 7
14 0 U -1
15 1 L 10
16 1 L 15
17 1 U 1
18 0 L 10
19 0 U -1
20 0 L -1
21 1 L 17
22 1 L 20
23 0 U 18
24 0 U 7
25 0 U -1
26 0 U 17
27 0 U 17
28 1 U 7
29 0 L 18
30 1 U -1
31 1 U 10
32 1 U 10
33 1 U 30
34 1 U 10
35 1 U 6
36 0 U 10
37
0 1 L -1
1 0 U -1
2 0 U -1
3 0 L -1
4 1 U -1
5 0 U 2
6 0 L 3
7 1 U -1
8 1 L 2
9 1 U 5
10 1 L -1
11 0 L 1
12 1 L 4
13 1 U 7
14 0 U -1
15 1 L 10
16 1 L 15
17 1 U 1
18 0 L 10
19 0 U -1
20 0 L -1
21 1 L 17
22 1 L 20
23 0 U 8
24 0 U 19
25 0 U -1
26 0 U 5
27 0 U 5
28 1 U 14
29 0 L 18
30 1 U -1
31 1 U 10
32 1 U 10
33 1 U 30
34 1 U 10
35 1 U 6
36 0 U 35
37
0 1 U -1
1 0 U -1
2 0 U -1
3 0 L -1
4 1 U -1
5 0 U 2
6 0 L 3
7 1 U -1
8 1 L 2
9 1 U 3
10 1 L -1
11 0 L 10
12 1 L 4
13 1 U 7
14 0 U -1
15 1 L 10
16 1 L 15
17 1 U 1
18 0 L 10
19 0 U -1
20 0 L -1
21 1 L 17
22 1 L 20
23 0 U 18
24 0 U 7
25 0 U -1
26 1 U 3
27 0 U 17
28 1 U 25
29 0 L 20
30 1 U -1
31 1 U 27
32 1 U 10
33 1 U 30
34 1 U 27
35 1 U 33
36 0 U 18
37
0 1 L -1
1 0 U -1
2 0 U -1
3 0 L -1
4 1 U -1
5 0 U 2
6 0 L 3
7 1 U -1
8 1 L 2
9 1 U 5
10 1 L -1
11 1 L 6
12 1 L 4
13 1 U 7
14 0 U -1
15 1 L 10
16 1 L 15
17 1 U 1
18 0 L 0
19 0 U -1
20 0 L -1
21 1 L 17
22 1 L 20
23 0 U 18
24 0 U 7
25 0 U -1
26 0 U 17
27 0 U 3
28 1 U 0
29 0 L 0
30 1 U -1
31 1 U 27
32 1 U 27
33 1 U 30
34 1 U 10
35 1 U 33
36 0 U 27
37
0 1 L -1
1 0 U -1
2 0 U -1
3 0 L -1
4 1 U -1
5 0 U 2
6 0 L 3
7 1 U -1
8 1 L 2
9 1 U 5
10 1 L -1
11 0 L 10
12 1 L 4
13 1 U 1
14 0 U -1
15 1 L 10
16 1 L 15
17 1 U 1
18 0 L 10
19 0 U -1
20 0 L -1
21 1 L 17
22 1 L 20
23 0 U 9
24 0 U 1
25 0 U -1
26 0 U 24
27 0 U 3
28 1 U 19
29 0 L 3
30 1 U -1
31 1 U 27
32 1 U 27
33 1 U 30
34 1 U 27
35 1 U 6
36 0 U 35
37
0 1 L -1
1 0 U -1
2 0 U -1
3 0 L -1
4 1 U -1
5 0 U 2
6 0 L 3
7 1 U -1
8 1 L 2
9 1 U 3
10 1 L -1
11 0 L 1
12 1 L 4
13 1 U 1
14 0 U -1
15 1 L 10
16 1 L 15
17 1 U 1
18 1 L 3
19 0 U -1
20 0 L -1
21 1 L 17
22 0 L 20
23 0 U 18
24 0 U 19
25 0 U -1
26 1 U 5
27 0 U 5
28 1 U 7
29 0 L 0
30 1 U -1
31 1 U 10
32 1 U 27
33 1 U 30
34 1 U 10
35 1 U 28
36 0 U 27
37
0 1 L -1
1 0 U -1
2 0 U -1
3 0 L -1
4 1 U -1
5 0 U 2
6 0 L 3
7 1 U -1
8 1 L 2
9 1 U 3
10 1 L -1
11 1 L 1
12 1 L 4
13 1 U 1
14 0 U -1
15 1 L 10
16 1 L 15
17 1 U 7
18 1 L 0
19 0 U -1
20 0 L -1
21 1 L 17
22 0 L 20
23 0 U 8
24 0 U 19
25 0 U -1
26 0 U 17
27 0 U 3
28 1 U 7
29 0 L 0
30 1 U -1
31 1 U 27
32 1 U 27
33 1 U 30
34 1 U 27
35 1 U 6
36 0 U 27
37
0 1 L -1
1 0 U -1
2 0 U -1
3 0 L -1
4 1 U -1
5 0 U 2
6 0 L 3
7 1 U -1
8 1 L 2
9 1 U 3
10 1 L -1
11 1 L 6
12 1 L 4
13 1 U 1
14 0 U -1
15 1 L 10
16 1 L 15
17 1 U 7
18 0 L 3
19 0 U -1
20 0 L -1
21 1 L 17
22 1 L 20
23 0 U 18
24 0 U 1
25 0 U -1
26 0 U 24
27 0 U 24
28 1 U 25
29 0 L 20
30 1 U -1
31 1 U 27
32 1 U 10
33 1 U 30
34 1 U 10
35 1 U 11
36 0 U 10
37
0 1 L -1
1 0 U -1
2 0 U -1
3 0 L -1
4 1 U -1
5 0 U 2
6 0 L 3
7 1 U -1
8 1 L 2
9 1 U 5
10 1 L -1
11 0 L 10
12 1 L 4
13 1 U 1
14 0 U -1
15 1 L 10
16 1 L 15
17 1 U 7
18 0 L 0
19 0 U -1
20 0 L -1
21 1 L 17
22 1 L 20
23 0 U 18
24 1 U 19
25 0 U -1
26 0 U 3
27 0 U 3
28 1 U 25
29 0 L 20
30 1 U -1
31 1 U 27
32 1 U 27
33 1 U 30
34 1 U 27
35 1 U 6
36 0 U 10
37
0 1 U -1
1 0 U -1
2 0 U -1
3 0 L -1
4 1 U -1
5 0 U 2
6 0 L 3
7 1 U -1
8 1 L 2
9 1 U 5
10 1 L -1
11 0 L 10
12 1 L 4
13 1 U 1
14 0 U -1
15 1 L 10
16 1 L 15
17 1 U 1
18 0 L 11
19 0 U -1
20 0 L -1
21 0 L 17
22 1 L 20
23 0 U 18
24 1 U 19
25 0 U -1
26 0 U 24
27 0 U 24
28 1 U 19
29 0 L 0
30 1 U -1
31 1 U 27
32 1 U 27
33 1 U 30
34 1 U 27
35 1 U 33
36 0 U 35
37
0 1 L -1
1 0 U -1
2 0 U -1
3 0 L -1
4 1 U -1
5 0 U 2
6 0 L 3
7 1 U -1
8 1 L 2
9 1 U 3
10 1 L -1
11 1 L 6
12 1 L 4
13 1 U 7
14 0 U -1
15 1 L 10
16 1 L 15
17 1 U 7
18 0 L 10
19 0 U -1
20 0 L -1
21 1 L 17
22 0 L 20
23 0 U 18
24 1 U 19
25 0 U -1
26 0 U 24
27 0 U 24
28 1 U 0
29 0 L 18
30 1 U -1
31 1 U 27
32 1 U 10
33 1 U 30
34 1 U 10
35 1 U 6
36 0 U 10
37
0 1 L -1
1 0 U -1
2 0 U -1
3 0 L -1
4 1 U -1
5 0 U 2
6 0 L 3
7 1 U -1
8 1 L 2
9 1 U 5
10 1 L -1
11 0 L 1
12 1 L 4
13 1 U 7
14 0 U -1
15 1 L 10
16 1 L 15
17 1 U 7
18 1 L 3
19 0 U -1
20 0 L -1
21 1 L 17
22 0 L 20
23 0 U 18
24 0 U 19
25 0 U -1
26 0 U 5
27 0 U 5
28 1 U 0
29 0 L 20
30 1 U -1
31 1 U 10
32 1 U 27
33 1 U 30
34 1 U 27
35 1 U 33
36 0 U 10
37
0 1 U -1
1 0 U -1
2 0 U -1
3 0 L -1
4 1 U -1
5 0 U 2
6 0 L 3
7 1 U -1
8 1 L 2
9 1 U 5
10 1 L -1
11 0 L 10
12 1 L 4
13 1 U 1
14 0 U -1
15 1 L 10
16 1 L 15
17 1 U 7
18 0 L 11
19 0 U -1
20 0 L -1
21 1 L 17
22 1 L 20
23 0 U 18
24 0 U 1
25 0 U -1
26 0 U 5
27 0 U 5
28 1 U 0
29 0 L 20
30 1 U -1
31 1 U 27
32 1 U 10
33 1 U 30
34 1 U 18
35 1 U 33
36 0 U 18
37
0 1 U -1
1 0 U -1
2 0 U -1
3 0 L -1
4 1 U -1
5 0 U 2
6 0 L 3
7 1 U -1
8 1 L 2
9 1 U 5
10 1 L -1
11 0 L 6
12 1 L 4
13 1 U 7
14 0 U -1
15 1 L 10
16 1 L 15
17 1 U 7
18 0 L 3
19 0 U -1
20 0 L -1
21 1 L 17
22 0 L 20
23 0 U 9
24 0 U 1
25 0 U -1
26 0 U 5
27 0 U 24
28 1 U 0
29 0 L 20
30 1 U -1
31 1 U 27
32 1 U 10
33 1 U 30
34 1 U 10
35 1 U 33
36 0 U 10
37
0 1 L -1
1 0 U -1
2 0 U -1
3 0 L -1
4 1 U -1
5 0 U 2
6 0 L 3
7 1 U -1
8 1 L 2
9 1 U 3
10 1 L -1
11 0 L 6
12 1 L 4
13 1 U 1
14 0 U -1
15 1 L 10
16 1 L 15
17 1 U 1
18 1 L 3
19 0 U -1
20 0 L -1
21 1 L 17
22 0 L 20
23 0 U 18
24 0 U 7
25 0 U -1
26 0 U 17
27 0 U 5
28 1 U 19
29 0 L 20
30 1 U -1
31 1 U 27
32 1 U 10
33 1 U 30
34 1 U 10
35 1 U 33
36 0 U 10
37
0 1 L -1
1 0 U -1
2 0 U -1
3 0 L -1
4 1 U -1
5 0 U 2
6 0 L 3
7 1 U -1
8 1 L 2
9 1 U 3
10 1 L -1
11 0 L 10
12 1 L 4
13 1 U 1
14 0 U -1
15 1 L 10
16 1 L 15
17 1 U 1
18 0 L 11
19 0 U -1
20 0 L -1
21 1 L 17
22 1 L 20
23 0 U 9
24 0 U 7
25 0 U -1
26 0 U 17
27 0 U 5
28 1 U 25
29 0 L 0
30 1 U -1
31 1 U 10
32 1 U 10
33 1 U 30
34 1 U 27
35 1 U 33
36 0 U 35
37
0 1 L -1
1 0 U -1
2 0 U -1
3 0 L -1
4 1 U -1
5 0 U 2
6 0 L 3
7 1 U -1
8 1 L 2
9 1 U 5
10 1 L -1
11 0 L 6
12 1 L 4
13 1 U 7
14 0 U -1
15 1 L 10
16 1 L 15
17 1 U 1
18 1 L 10
19 0 U -1
20 0 L -1
21 1 L 17
22 0 L 20
23 0 U 18
24 0 U 7
25 0 U -1
26 1 U 5
27 0 U 3
28 1 U 19
29 0 L 18
30 1 U -1
31 1 U 27
32 1 U 27
33 1 U 30
34 1 U 27
35 1 U 33
36 0 U 35
37
0 1 L -1
1 0 U -1
2 0 U -1
3 0 L -1
4 1 U -1
5 0 U 2
6 0 L 3
7 1 U -1
8 1 L 2
9 1 U 5
10 1 L -1
11 0 L 10
12 1 L 4
13 1 U 1
14 0 U -1
15 1 L 10
16 1 L 15
17 1 U 1
18 0 L 3
19 0 U -1
20 0 L -1
21 1 L 17
22 1 L 20
23 0 U 18
24 0 U 19
25 0 U -1
26 1 U 3
27 0 U 24
28 1 U 14
29 0 L 11
30 1 U -1
31 1 U 18
32 1 U 10
33 1 U 30
34 1 U 10
35 1 U 33
36 0 U 26
37
0 1 U -1
1 0 U -1
2 0 U -1
3 0 L -1
4 1 U -1
5 0 U 2
6 0 L 3
7 1 U -1
8 1 L 2
9 1 U 5
10 1 L -1
11 0 L 10
12 1 L 4
13 1 U 7
14 0 U -1
15 1 L 10
16 1 L 15
17 1 U 1
18 0 L 11
19 0 U -1
20 0 L -1
21 1 L 17
22 1 L 20
23 0 U 18
24 0 U 7
25 0 U -1
26 1 U 5
27 0 U 24
28 1 U 14
29 0 L 3
30 1 U -1
31 1 U 10
32 1 U 18
33 1 U 30
34 1 U 10
35 1 U 33
36 0 U 35
37
0 1 L -1
1 0 U -1
2 0 U -1
3 0 L -1
4 1 U -1
5 0 U 2
6 0 L 3
7 1 U -1
8 1 L 2
9 1 U 3
10 1 L -1
11 0 L 10
12 1 L 4
13 1 U 1
14 0 U -1
15 1 L 10
16 1 L 15
17 1 U 1
18 0 L 10
19 0 U -1
20 0 L -1
21 1 L 17
22 1 L 20
23 0 U 9
24 0 U 19
25 0 U -1
26 1 U 17
27 0 U 17
28 1 U 25
29 0 L 11
30 1 U -1
31 1 U 10
32 1 U 27
33 1 U 30
34 1 U 18
35 1 U 33
36 0 U 27
37
0 1 U -1
1 0 U -1
2 0 U -1
3 0 L -1
4 1 U -1
5 0 U 2
6 0 L 3
7 1 U -1
8 1 L 2
9 1 U 5
10 1 L -1
11 0 L 10
12 1 L 4
13 1 U 7
14 0 U -1
15 1 L 10
16 1 L 15
17 1 U 7
18 0 L 11
19 0 U -1
20 0 L -1
21 1 L 17
22 1 L 20
23 0 U 18
24 0 U 1
25 0 U -1
26 0 U 24
27 0 U 5
28 1 U 14
29 0 L 20
30 1 U -1
31 1 U 27
32 1 U 10
33 1 U 30
34 1 U 18
35 1 U 33
36 0 U 10
37
0 1 L -1
1 0 U -1
2 0 U -1
3 0 L -1
4 1 U -1
5 0 U 2
6 0 L 3
7 1 U -1
8 1 L 2
9 1 U 5
10 1 L -1
11 0 L 6
12 1 L 4
13 1 U 1
14 0 U -1
15 1 L 10
16 1 L 15
17 1 U 1
18 0 L 0
19 0 U -1
20 0 L -1
21 1 L 17
22 1 L 20
23 0 U 8
24 0 U 19
25 0 U -1
26 0 U 5
27 0 U 5
28 1 U 25
29 0 L 0
30 1 U -1
31 1 U 27
32 1 U 10
33 1 U 30
34 1 U 27
35 1 U 33
36 0 U 10
