97
0 0 U -1
1 0 U -1
2 0 U -1
3 0 U -1
4 0 U -1
5 0 U -1
6 0 U -1
7 0 U -1
8 0 U -1
9 0 U -1
10 0 U -1
11 0 U -1
12 0 U -1
13 0 U -1
14 0 U -1
15 0 U -1
16 0 U -1
17 0 U -1
18 0 U -1
19 0 U -1
20 0 U -1
21 0 U -1
22 0 U -1
23 0 U -1
24 0 U -1
25 0 U -1
26 0 U -1
27 0 U -1
28 0 U -1
29 0 U -1
30 0 U -1
31 0 U -1
32 0 U -1
33 0 U -1
34 0 U -1
35 0 U -1
36 0 U -1
37 0 U -1
38 0 U -1
39 0 U -1
40 0 U -1
41 0 U -1
42 0 U -1
43 0 U -1
44 0 U -1
45 0 U -1
46 0 U -1
47 0 U -1
48 0 U -1
49 0 U -1
50 0 U -1
51 0 U -1
52 0 U -1
53 0 U -1
54 0 U -1
55 0 U -1
56 0 U -1
57 0 U -1
58 0 U -1
59 0 U -1
60 0 U -1
61 0 U -1
62 0 U -1
63 0 U -1
64 0 U -1
65 0 U -1
66 0 U -1
67 0 U -1
68 0 U -1
69 0 U -1
70 0 U -1
71 0 U -1
72 0 U -1
73 0 U -1
74 0 U -1
75 0 U -1
76 0 U -1
77 0 U -1
78 0 U -1
79 0 U -1
80 0 U -1
81 0 U -1
82 0 U -1
83 0 U -1
84 0 U -1
85 0 U -1
86 0 U -1
87 0 U -1
88 0 U -1
89 0 U -1
90 0 U -1
91 0 U -1
92 0 U -1
93 0 U -1
94 0 U -1
95 0 U -1
96 0 U -1
97
0 1 L -1
1 0 U 0
2 0 U -1
3 0 U -1
4 1 U -1
5 0 U 3
6 0 L -1
7 0 U 3
8 1 U 7
9 1 U -1
10 1 U -1
11 1 U 9
12 0 L -1
13 1 L 4
14 0 L 9
15 0 U 7
16 0 U 7
17 0 L 12
18 1 U 3
19 0 U -1
20 0 U 5
21 0 U 7
22 0 L 6
23 0 L 12
24 1 U -1
25 1 U 23
26 1 L 13
27 0 L -1
28 0 L 20
29 0 L 17
30 0 U -1
31 1 L 1
32 0 L 20
33 1 U 8
34 1 U -1
35 0 U 30
36 1 L 20
37 1 U 9
38 1 U 27
39 0 L 30
40 0 L 11
41 0 U 38
42 0 U 33
43 0 U -1
44 1 L 5
45 0 U 4
46 1 U 12
47 1 U 27
48 1 L 16
49 0 U 20
50 0 L 11
51 1 L 41
52 0 L 46
53 0 L -1
54 1 L 30
55 0 L 51
56 1 L 20
57 1 L 44
58 0 L 5
59 0 L 12
60 1 L 9
61 1 L 16
62 0 L 15
63 0 U 20
64 0 L 39
65 1 U 57
66 1 U -1
67 0 U 43
68 1 L 53
69 1 L 4
70 0 U 68
71 0 L 31
72 0 L 17
73 0 L 72
74 0 L 5
75 1 U 50
76 1 L 18
77 1 U 73
78 1 U 7
79 0 U 59
80 0 L 53
81 0 L 74
82 0 U 11
83 0 U 70
84 0 U 44
85 1 L 17
86 1 U 82
87 0 L 19
88 1 L -1
89 0 L 8
90 0 L 6
91 0 L 8
92 0 L 29
93 1 U 3
94 1 U 69
95 1 U 48
96 1 L 31
97
0 1 U -1
1 0 U 0
2 0 U -1
3 1 U -1
4 1 U -1
5 0 U 3
6 0 L -1
7 0 U 3
8 1 U 7
9 1 U -1
10 1 U -1
11 1 U 9
12 0 L -1
13 1 L 4
14 0 L 9
15 1 U 7
16 0 U 7
17 1 L 12
18 1 U 3
19 0 U -1
20 0 U 5
21 0 U 6
22 0 L 12
23 0 L 15
24 1 U -1
25 1 U 23
26 0 U 20
27 0 L -1
28 0 U 20
29 1 L 17
30 0 U -1
31 1 L 6
32 0 L 19
33 1 U 21
34 1 L -1
35 0 U 30
36 0 L 26
37 1 U 2
38 0 U 27
39 1 L 30
40 1 L 11
41 0 U 38
42 0 U 28
43 1 L -1
44 1 L 5
45 0 U 4
46 1 U 12
47 0 U 27
48 1 L 40
49 0 U 26
50 0 L 11
51 1 L 41
52 0 L 46
53 0 L -1
54 0 L 4
55 1 L 51
56 0 L 20
57 1 L 48
58 0 U 5
59 0 L 1
60 1 L 9
61 1 U 60
62 0 L 15
63 0 U 20
64 0 L 38
65 1 L 10
66 0 U 63
67 1 U 43
68 1 L 53
69 1 L 19
70 1 L 3
71 1 L 31
72 1 L 17
73 0 L 72
74 0 L 5
75 1 U 50
76 0 U 18
77 1 U 36
78 0 U 7
79 0 L 59
80 0 L 53
81 1 L 74
82 0 L 60
83 1 U 17
84 0 U 44
85 1 L 17
86 0 U -1
87 1 L 19
88 1 L 25
89 0 L 74
90 0 L 21
91 0 U 11
92 0 L 29
93 1 U 9
94 0 U 29
95 0 L 14
96 1 L 31
97
0 1 U -1
1 0 U 0
2 0 U -1
3 1 U -1
4 1 U -1
5 0 U 3
6 0 L -1
7 0 U 3
8 1 U 7
9 1 U -1
10 1 U -1
11 1 U 9
12 1 L -1
13 1 L 4
14 0 L 9
15 1 U 6
16 1 U 5
17 1 L 6
18 1 U 9
19 0 U 2
20 0 U 5
21 1 U 6
22 1 L 12
23 0 L 15
24 1 U -1
25 1 U 23
26 0 U 20
27 0 L -1
28 0 U 20
29 1 L 17
30 0 U -1
31 1 L 6
32 0 L 26
33 1 U 15
34 1 L -1
35 1 U 30
36 0 L 26
37 0 U 2
38 0 U 27
39 1 L 30
40 0 U 37
41 0 U 38
42 0 L 32
43 1 L -1
44 0 L 5
45 0 U 4
46 1 U 16
47 0 U 27
48 0 L 18
49 1 U -1
50 0 L 11
51 1 L 41
52 0 L 46
53 0 L -1
54 1 L 4
55 1 L 51
56 0 U 13
57 1 L 48
58 1 U 5
59 0 L 1
60 1 L 9
61 1 U 29
62 1 L 15
63 0 U 20
64 0 L 38
65 1 L 10
66 1 U 23
67 0 L 62
68 1 L 53
69 0 L 19
70 0 L 3
71 0 L 31
72 0 L 17
73 0 L 70
74 1 L 5
75 1 U 50
76 0 U 40
77 1 U 36
78 1 U 7
79 1 U 59
80 0 L 0
81 0 U 74
82 0 L 60
83 0 U 0
84 0 U 28
85 0 L 17
86 0 U -1
87 1 L 19
88 1 L 25
89 1 L 44
90 0 L 35
91 1 U 11
92 1 L 29
93 1 L 9
94 0 U 10
95 1 L 14
96 1 L 31
97
0 1 U -1
1 0 U 0
2 0 U -1
3 1 U -1
4 1 U -1
5 0 U 3
6 0 L -1
7 0 U 3
8 1 U 7
9 1 U -1
10 1 U -1
11 1 U 9
12 0 L -1
13 1 L 4
14 0 L 9
15 1 U 6
16 0 L 12
17 1 L 12
18 1 U 3
19 0 U 2
20 0 U 5
21 0 U 7
22 0 L -1
23 0 L 15
24 1 U -1
25 1 U 23
26 1 U 20
27 0 L -1
28 0 U 20
29 1 L 17
30 0 U -1
31 1 L 6
32 0 L 23
33 1 L 3
34 1 L -1
35 1 U 30
36 1 L 26
37 0 U 2
38 0 U 27
39 1 L 30
40 0 U 37
41 0 U 38
42 0 U 32
43 1 U -1
44 1 L 5
45 0 U 35
46 1 U 21
47 0 U 27
48 0 L 44
49 0 U 24
50 0 L 11
51 1 L 41
52 0 L 49
53 0 L -1
54 1 L 4
55 1 L 51
56 0 U 13
57 0 L 0
58 1 U 40
59 0 L 1
60 0 L 9
61 0 U 24
62 1 L 15
63 0 U 20
64 0 L 38
65 0 L 10
66 1 U 44
67 1 L 62
68 0 L 44
69 1 L 19
70 0 L 3
71 0 L 31
72 1 L 17
73 1 L 70
74 1 L 31
75 0 U 34
76 0 U 7
77 1 U 36
78 1 U 7
79 1 L 59
80 0 L 0
81 0 U 53
82 0 L 22
83 0 U -1
84 1 U 28
85 1 L 17
86 1 L -1
87 1 L 23
88 1 L 67
89 0 L 44
90 1 L 21
91 0 U 11
92 0 L 4
93 1 L 48
94 0 U 43
95 1 L 21
96 0 L 82
97
0 1 L -1
1 0 U 0
2 0 U -1
3 0 U -1
4 1 U -1
5 0 U 3
6 0 L -1
7 0 U 3
8 1 U 7
9 0 U -1
10 1 U -1
11 0 U 9
12 1 L -1
13 1 L 4
14 0 L 9
15 1 U 7
16 0 L 6
17 1 L 12
18 1 U 3
19 0 U 10
20 0 U 5
21 0 U 5
22 0 L 0
23 0 L 15
24 1 U -1
25 1 U 23
26 0 U 20
27 0 L -1
28 0 U 20
29 1 L 17
30 0 U -1
31 1 L 25
32 0 L 23
33 1 U 4
34 1 L -1
35 0 U 30
36 1 L 26
37 1 U 0
38 0 U 27
39 1 L 32
40 0 L 37
41 1 U 38
42 0 U 32
43 1 U -1
44 1 L 5
45 1 U 7
46 1 U 29
47 0 U 27
48 1 L 44
49 0 U 24
50 0 L 48
51 1 L 41
52 0 L 41
53 0 L -1
54 0 L 50
55 0 U 39
56 1 U 21
57 1 L 53
58 1 U 18
59 0 L 5
60 1 L 9
61 0 U 30
62 1 L 15
63 0 U 20
64 0 L 38
65 1 L 60
66 0 U 44
67 1 L 20
68 0 L 44
69 1 L 65
70 0 L 3
71 1 L 31
72 0 L 17
73 1 L 70
74 0 L 31
75 0 U 34
76 1 U 7
77 1 U 42
78 1 U 7
79 1 L 10
80 0 L 79
81 1 L 53
82 0 L 27
83 0 U 49
84 0 U 28
85 1 L 17
86 1 L 71
87 1 L 23
88 1 L 26
89 1 L 44
90 1 L 21
91 1 L 11
92 1 L 8
93 1 L 48
94 0 U 43
95 0 L 88
96 0 L 82
97
0 1 L -1
1 0 U 0
2 0 U -1
3 0 U -1
4 1 U -1
5 0 U 3
6 1 L -1
7 1 U 3
8 1 U 7
9 0 U -1
10 1 U -1
11 0 U 9
12 1 L -1
13 1 L 4
14 0 L 7
15 1 U 7
16 0 U 10
17 0 L 12
18 1 U 3
19 0 U 0
20 0 U 5
21 0 U 19
22 1 L 0
23 0 L 15
24 1 U -1
25 1 U 23
26 0 U 20
27 0 L -1
28 1 U 17
29 1 L 17
30 0 L -1
31 1 L 25
32 0 L 23
33 1 U 4
34 1 L 1
35 0 U 9
36 1 L 26
37 1 U 10
38 0 U 27
39 1 L 32
40 0 L 37
41 0 U 38
42 0 U 27
43 1 U -1
44 1 L 5
45 0 U 7
46 1 U 17
47 0 U 27
48 0 L 44
49 1 U 24
50 0 L 48
51 1 L 41
52 0 L 41
53 1 L 29
54 0 L 18
55 1 U 39
56 1 U 8
57 0 L 6
58 1 U 49
59 0 L 20
60 1 L 9
61 1 U 3
62 1 L 15
63 0 U 20
64 0 L 38
65 1 L 60
66 0 U 46
67 1 L 20
68 1 L 50
69 1 L 65
70 0 L 3
71 0 L 31
72 0 L 27
73 1 L 70
74 0 L 22
75 1 U 54
76 0 U 61
77 0 U 62
78 1 U 7
79 0 L 10
80 0 L 17
81 1 L 58
82 1 L 27
83 0 L 17
84 0 U 44
85 1 U 17
86 1 L 71
87 1 U 23
88 1 L 26
89 0 L 7
90 1 L 15
91 1 L -1
92 1 L 4
93 1 L 7
94 0 U 43
95 1 L 88
96 0 L 57
97
0 1 U -1
1 0 U 0
2 0 U -1
3 0 U -1
4 1 U -1
5 0 U 3
6 0 L -1
7 1 U 3
8 1 U 7
9 1 U -1
10 1 U -1
11 0 U 9
12 1 L -1
13 0 L 4
14 0 L 7
15 1 U 11
16 0 U 9
17 1 L 1
18 1 U 12
19 1 U 0
20 0 U 5
21 1 U 19
22 1 L 0
23 0 L 15
24 1 U -1
25 1 U 23
26 0 U 13
27 0 L -1
28 1 U 13
29 1 L 17
30 1 U -1
31 1 L 25
32 0 L 24
33 0 U 9
34 1 L 12
35 0 L -1
36 1 L 26
37 1 U 0
38 0 U 27
39 1 L 32
40 1 L 37
41 0 U 38
42 0 U 27
43 0 L -1
44 1 L 5
45 0 U 7
46 0 U 20
47 0 U 27
48 0 L 3
49 0 U 9
50 0 L 48
51 1 L 41
52 0 L 41
53 0 L 50
54 0 L 18
55 1 U 39
56 1 U 8
57 0 L 6
58 0 U 49
59 0 U 5
60 0 L 9
61 1 U 46
62 1 L 15
63 0 U 20
64 0 L 38
65 1 L 60
66 1 U 46
67 1 L 20
68 0 L 7
69 1 L 65
70 1 L 3
71 1 L 31
72 0 L 6
73 0 U 16
74 0 L 22
75 1 U 54
76 1 U 55
77 1 U 62
78 1 U 7
79 0 L 0
80 1 L 17
81 1 L 27
82 0 L 79
83 0 L 5
84 1 U 44
85 0 U 17
86 1 L 71
87 0 L 21
88 1 L 26
89 1 L 7
90 1 L 15
91 0 L -1
92 1 L 4
93 1 L 7
94 1 U 85
95 0 L 88
96 0 L 57
97
0 1 U -1
1 0 U 0
2 0 U -1
3 0 U -1
4 1 U -1
5 0 U 3
6 1 L -1
7 1 U 3
8 1 U 7
9 1 U -1
10 1 U -1
11 0 U 9
12 0 L -1
13 0 L 4
14 0 L 7
15 1 U 11
16 0 U 9
17 0 L 1
18 1 U 15
19 0 U 0
20 0 U 5
21 0 U 19
22 1 L 0
23 0 L 15
24 1 U -1
25 1 U 23
26 0 U 13
27 0 L -1
28 0 U 3
29 1 L 17
30 0 U -1
31 1 L 25
32 0 L 24
33 1 U 21
34 1 L 12
35 1 U -1
36 1 L 26
37 1 U 9
38 0 U 27
39 1 L 32
40 0 L 37
41 0 U 38
42 0 U 27
43 0 L -1
44 1 L 5
45 1 U 7
46 0 U 20
47 0 U 27
48 0 L 3
49 0 U 0
50 0 L 48
51 1 L 41
52 0 L 41
53 1 L 17
54 1 L 18
55 1 U 39
56 1 U 8
57 1 L 6
58 1 U 49
59 0 U 5
60 1 L 13
61 1 U 5
62 1 L 15
63 0 U 12
64 0 L 45
65 0 L 60
66 1 U 46
67 1 L 20
68 0 L 16
69 1 L 65
70 0 L 3
71 0 L 31
72 1 L 70
73 1 U 30
74 0 L 22
75 1 U -1
76 1 U 27
77 1 U 62
78 1 U 0
79 0 L 0
80 1 L 17
81 1 L 43
82 1 L 79
83 0 L 5
84 1 U 44
85 0 U 21
86 1 U 71
87 0 L 50
88 1 L 26
89 0 L 7
90 0 L 0
91 1 U 29
92 1 L 53
93 1 L 44
94 0 U 85
95 1 L 88
96 1 L 57
97
0 1 L -1
1 0 U 0
2 0 U -1
3 0 U -1
4 1 U -1
5 0 U 3
6 1 L -1
7 1 U 3
8 1 U 7
9 1 U -1
10 1 U -1
11 0 U 9
12 0 L -1
13 0 L 4
14 0 L 7
15 1 U 11
16 0 U 9
17 1 L 1
18 0 U 16
19 0 U 0
20 0 U 5
21 0 U 19
22 1 L 0
23 0 L 15
24 1 U -1
25 1 U 23
26 0 U 13
27 0 L -1
28 0 U 4
29 1 L 17
30 0 U -1
31 1 L 25
32 0 L 23
33 1 U 21
34 1 L 22
35 1 U -1
36 1 L 26
37 1 U -1
38 0 U 27
39 1 L 28
40 1 U 37
41 0 U 38
42 0 U 34
43 0 L -1
44 1 L 5
45 1 U 7
46 1 U 20
47 1 U 27
48 1 L 3
49 0 U 0
50 0 L 48
51 0 L 42
52 0 L 41
53 0 L 17
54 1 L 18
55 0 U 39
56 1 U 8
57 1 L 6
58 0 U 49
59 0 U 5
60 0 L 13
61 1 U 5
62 1 L 15
63 1 U 56
64 0 L 38
65 1 L 60
66 0 U 46
67 1 L 20
68 0 L 16
69 1 L 65
70 1 U 3
71 0 L 68
72 1 L 35
73 1 U 56
74 0 U -1
75 1 U -1
76 1 L 31
77 0 U 62
78 1 U 10
79 0 L 0
80 1 L 2
81 1 L 43
82 1 L 81
83 1 L 5
84 0 U 44
85 0 U 21
86 1 L 71
87 0 L 50
88 1 L 86
89 0 L 7
90 0 L 0
91 1 U 29
92 0 L 53
93 1 L 48
94 0 U 66
95 1 L 81
96 1 L 57
97
0 1 L -1
1 0 U 0
2 0 U -1
3 0 U -1
4 1 U -1
5 0 U 3
6 0 L -1
7 1 U 3
8 1 U 7
9 1 U -1
10 1 U -1
11 1 U 9
12 1 L -1
13 0 L 4
14 0 L 7
15 1 U 6
16 1 U 9
17 1 L 6
18 0 U 16
19 0 U 0
20 0 U 5
21 0 U 19
22 0 L -1
23 0 L 15
24 1 L -1
25 1 U 23
26 0 U 13
27 0 L -1
28 0 U 4
29 1 L 5
30 0 L -1
31 1 L 25
32 0 L 23
33 1 U 29
34 1 L 27
35 1 U -1
36 1 L 26
37 1 U -1
38 0 U 27
39 1 L 28
40 0 U 37
41 0 U 38
42 0 U 27
43 1 L -1
44 1 L 5
45 0 U 18
46 1 U 13
47 1 U 27
48 1 L 3
49 1 U 0
50 0 L 48
51 0 L 42
52 0 L 41
53 0 L 31
54 1 L 18
55 0 U 41
56 1 U 8
57 1 L 6
58 0 U 49
59 0 U 5
60 1 L 9
61 1 U 5
62 0 L 15
63 1 U 56
64 0 L 38
65 0 L 60
66 0 U 63
67 1 L 44
68 0 L 16
69 1 L 54
70 0 U 3
71 1 L 68
72 0 L 33
73 0 U 56
74 0 U -1
75 1 U -1
76 1 L 31
77 1 U 62
78 1 U 10
79 1 L 0
80 0 L 2
81 0 L 12
82 0 L 79
83 1 L 5
84 0 U 44
85 0 U 21
86 0 L 71
87 1 L 50
88 0 L -1
89 0 L 7
90 1 L -1
91 1 L 29
92 1 L 53
93 1 L 48
94 0 U 46
95 1 L 81
96 0 L 82
97
0 1 L -1
1 0 U 0
2 0 U -1
3 0 U -1
4 1 U -1
5 0 U 3
6 0 L -1
7 1 U 3
8 1 U 7
9 1 U -1
10 1 U -1
11 1 U 9
12 1 L -1
13 0 L 4
14 0 L 7
15 1 U 6
16 1 U 9
17 1 L 6
18 0 U 16
19 0 U 0
20 0 U 5
21 0 U 19
22 0 L -1
23 0 L 15
24 1 L -1
25 1 U 23
26 0 U 13
27 0 L -1
28 0 U 4
29 1 L 5
30 1 L 16
31 1 L 25
32 0 L 23
33 1 U 29
34 1 L 22
35 1 U -1
36 1 L 26
37 1 U -1
38 0 U 27
39 1 L 28
40 1 U 37
41 0 U 38
42 0 U 27
43 1 L -1
44 1 L 5
45 1 U 18
46 1 U 13
47 1 U 27
48 0 L 3
49 0 U 0
50 0 L 48
51 0 L 42
52 0 L 41
53 1 L 31
54 1 L 18
55 0 U 41
56 1 U 8
57 0 L 6
58 0 U 49
59 0 U 5
60 0 L 9
61 1 U 5
62 1 L 15
63 1 U 56
64 0 L 38
65 0 L 54
66 0 U 46
67 1 L 44
68 0 L 16
69 1 L 30
70 1 U -1
71 1 L 18
72 0 L 33
73 1 U 56
74 0 L -1
75 1 U 25
76 1 L 31
77 1 U 57
78 0 U 10
79 1 L 0
80 0 L 2
81 1 L 12
82 1 L 79
83 1 L 5
84 0 U 44
85 0 U 21
86 1 L 71
87 0 L 83
88 1 L 50
89 0 L 7
90 0 L -1
91 1 L 29
92 0 L 3
93 1 L 48
94 1 U 78
95 1 L 81
96 0 L 82
97
0 1 L -1
1 0 U 0
2 0 U -1
3 0 U -1
4 1 U -1
5 0 U 3
6 0 L -1
7 1 U 3
8 1 U 7
9 1 U -1
10 1 U -1
11 1 U 9
12 0 L -1
13 0 L 4
14 0 L 4
15 1 U 6
16 0 U 0
17 1 L 12
18 0 U 16
19 0 U 0
20 0 U 5
21 0 U 19
22 0 L -1
23 0 L 15
24 1 L -1
25 1 U 23
26 0 U 13
27 1 L -1
28 0 U 4
29 1 L 5
30 0 L 14
31 1 L 25
32 0 L 23
33 1 U 15
34 0 L 27
35 0 U -1
36 1 L 26
37 0 U -1
38 1 U 27
39 1 L 28
40 0 U 4
41 0 U 38
42 0 U 27
43 1 U -1
44 1 L 5
45 1 U 18
46 1 U 13
47 1 U 27
48 0 L 3
49 0 U 0
50 0 L 11
51 1 L 42
52 0 L 41
53 1 L 31
54 1 L 30
55 0 U 41
56 1 U 8
57 1 L 6
58 1 U 49
59 0 U 5
60 0 L 13
61 1 U 5
62 0 L 30
63 1 U 56
64 0 L 38
65 0 L 54
66 0 U 46
67 1 L 44
68 0 L 19
69 0 L 10
70 1 U -1
71 0 L 18
72 0 L 33
73 1 U 56
74 1 L -1
75 1 U 46
76 1 L 31
77 0 L 57
78 0 U 10
79 1 L 0
80 1 L 32
81 0 L 12
82 0 L 79
83 1 L 5
84 0 U 73
85 1 U 21
86 0 L 71
87 0 L 53
88 0 L 60
89 0 L 7
90 1 L -1
91 1 L 29
92 0 L 3
93 1 L 48
94 1 U 78
95 0 L 81
96 0 L 82
97
0 1 L -1
1 0 U 0
2 0 U -1
3 0 U -1
4 1 U -1
5 0 U 3
6 1 L -1
7 1 U 3
8 1 U 7
9 0 U -1
10 1 U -1
11 0 U 0
12 0 L -1
13 0 L 4
14 0 L 4
15 1 U 7
16 0 U 13
17 0 L 12
18 1 U 10
19 0 U 0
20 0 U 5
21 0 U 19
22 0 L -1
23 0 L 15
24 1 U -1
25 1 U 23
26 0 U 13
27 1 L -1
28 0 U 4
29 1 L 5
30 0 L 14
31 1 L 25
32 1 L 23
33 1 U 4
34 0 L 27
35 1 U -1
36 1 L 26
37 0 U -1
38 1 U 27
39 1 L 28
40 1 U 35
41 0 U 38
42 0 U 34
43 1 U -1
44 1 L 5
45 1 U 33
46 1 U 13
47 1 U 27
48 0 L 29
49 0 U 9
50 0 L 11
51 1 L 43
52 0 L 41
53 1 L 31
54 1 L 16
55 0 U 41
56 1 U 8
57 0 L 6
58 0 U 49
59 0 U 18
60 0 L 13
61 1 U 5
62 0 L 30
63 0 U 20
64 0 L 38
65 0 L 54
66 0 U 46
67 1 L 44
68 0 L 19
69 0 L 10
70 1 L -1
71 1 L 16
72 0 L 33
73 0 U 56
74 1 L -1
75 1 U 46
76 1 L 31
77 0 L 57
78 0 U 10
79 1 L 0
80 1 L 32
81 0 L 12
82 0 L 79
83 1 L 5
84 1 U 14
85 0 U 21
86 0 L 71
87 0 L 44
88 0 L 60
89 0 L 7
90 1 L -1
91 1 U 29
92 0 L 3
93 1 L 48
94 1 U 78
95 1 L 81
96 1 L 82
97
0 1 L -1
1 0 U 0
2 0 U -1
3 0 U -1
4 1 U -1
5 0 U 3
6 0 L -1
7 1 U 3
8 1 U 7
9 0 U -1
10 1 U -1
11 0 U 0
12 0 L -1
13 0 L 4
14 0 L 4
15 1 U 7
16 0 U 13
17 1 L 12
18 1 U 10
19 0 U 0
20 0 U 5
21 0 U 19
22 0 L 6
23 0 L 15
24 1 L -1
25 1 U 23
26 0 U 13
27 1 L 0
28 0 U 4
29 1 L 5
30 0 L 14
31 1 L 25
32 0 L 23
33 1 U 4
34 0 L 27
35 1 U -1
36 1 L 26
37 0 U -1
38 1 U 27
39 1 L 28
40 1 U 35
41 0 U 38
42 0 U 27
43 1 U -1
44 1 L 5
45 0 U 33
46 1 U 13
47 1 U 27
48 0 L 29
49 0 U 9
50 0 L 11
51 1 L 42
52 0 L 41
53 0 L 31
54 1 L 16
55 0 U 41
56 1 U 8
57 0 L 6
58 1 U 49
59 0 U 18
60 0 L 13
61 1 U 5
62 1 L 15
63 1 U 20
64 0 L 45
65 0 L 54
66 0 U 46
67 1 L 44
68 0 L 19
69 0 L 10
70 1 U -1
71 1 L 16
72 0 L 21
73 0 U 16
74 1 L -1
75 1 U 46
76 1 L 31
77 1 L 31
78 0 U 10
79 1 L 0
80 1 L 21
81 0 L 12
82 0 L 79
83 1 L 5
84 1 U 63
85 1 U 29
86 0 L 71
87 0 L 44
88 0 L 60
89 0 L 7
90 0 L -1
91 1 L 29
92 0 L 3
93 1 L 48
94 1 U 78
95 1 L 81
96 0 L 2
97
0 1 L -1
1 0 U 0
2 0 U -1
3 1 U -1
4 1 U -1
5 0 U 3
6 0 L -1
7 1 U 3
8 1 U 7
9 1 U -1
10 1 U -1
11 0 U 0
12 0 L -1
13 0 L 4
14 0 L 4
15 1 U 6
16 0 U 15
17 0 L 12
18 1 U 10
19 0 U 0
20 0 U 5
21 0 U 19
22 0 L 6
23 0 L 15
24 1 U -1
25 1 U 23
26 1 U 16
27 1 L 0
28 0 U 4
29 1 L 5
30 0 L 14
31 1 L 25
32 0 L 24
33 1 U 4
34 0 L 27
35 1 U -1
36 1 L 26
37 0 U -1
38 0 U 27
39 1 L 28
40 1 U 35
41 0 U 38
42 1 U 27
43 1 U -1
44 1 L 5
45 0 U 28
46 1 U 13
47 1 U 27
48 0 L 29
49 0 U 9
50 0 L 11
51 1 L 41
52 0 L 41
53 1 L 31
54 1 L 16
55 0 U 41
56 1 U 8
57 1 L 6
58 1 U 49
59 0 U 18
60 0 L 13
61 0 U 5
62 1 L 16
63 1 U 20
64 0 L 45
65 0 L 54
66 1 U 46
67 1 L 44
68 0 L 19
69 0 L 10
70 0 U 62
71 1 L 16
72 0 L 21
73 1 U 16
74 1 L -1
75 1 U 46
76 1 L 31
77 0 L 31
78 0 U 10
79 1 L 0
80 1 L 21
81 0 L 12
82 0 L 79
83 1 L 5
84 1 U 63
85 0 U 29
86 1 L 71
87 0 L 29
88 0 L 18
89 0 L 7
90 0 L -1
91 1 L 29
92 0 L 3
93 1 L 92
94 0 U 78
95 1 L 81
96 0 L 2
97
0 1 L -1
1 0 U 0
2 0 U -1
3 0 U -1
4 1 U -1
5 0 U 3
6 0 L -1
7 1 U 3
8 1 U 7
9 0 U -1
10 1 U -1
11 0 U 9
12 0 L -1
13 0 L 4
14 0 L 4
15 1 U 6
16 0 U 15
17 1 L -1
18 1 U 10
19 0 U 0
20 0 U 5
21 0 U 19
22 1 L 2
23 0 L 15
24 1 U -1
25 1 U 23
26 1 U 16
27 1 L 0
28 0 U 4
29 0 L 5
30 0 L 14
31 1 L 25
32 0 L 24
33 1 U 4
34 0 L 25
35 1 U -1
36 1 L 26
37 0 U -1
38 0 U 27
39 1 L 28
40 1 U 37
41 0 U 38
42 1 U 27
43 1 U -1
44 1 L 5
45 0 U 33
46 1 U 13
47 1 U 27
48 0 L 4
49 0 U 1
50 0 L 11
51 1 L 41
52 0 L 41
53 0 L 22
54 1 L 16
55 0 U 41
56 1 U 8
57 1 L 6
58 0 U 38
59 0 U 18
60 0 L 13
61 1 U 5
62 0 L 16
63 1 U 20
64 0 L 45
65 0 L 54
66 1 U 46
67 1 L 44
68 0 L 53
69 0 L 10
70 1 L 20
71 0 L 50
72 0 L 21
73 1 U 16
74 1 L -1
75 1 U 46
76 1 L 31
77 1 L 31
78 0 U 10
79 1 L -1
80 1 L 21
81 0 L 12
82 1 L 79
83 1 L 5
84 0 U 73
85 1 U 56
86 1 L 71
87 0 L 76
88 1 L 60
89 0 L 7
90 1 L -1
91 1 L 90
92 0 L 3
93 1 L 92
94 0 U 78
95 0 L 81
96 0 L 2
97
0 1 L -1
1 0 U 0
2 0 U -1
3 1 U -1
4 1 U -1
5 0 U 3
6 0 L -1
7 1 U 3
8 1 U 7
9 1 U -1
10 1 U -1
11 1 U 9
12 1 L -1
13 0 L 4
14 0 L 4
15 1 U 6
16 0 U 15
17 0 L -1
18 1 U 0
19 0 U 4
20 0 U 5
21 0 U 19
22 1 L 17
23 0 L 15
24 1 U -1
25 1 U 23
26 0 U 13
27 1 L -1
28 0 U 4
29 1 L 22
30 0 L 14
31 1 L 25
32 1 L 23
33 0 U 4
34 0 L 25
35 1 U -1
36 1 L 26
37 0 U -1
38 0 U 27
39 1 L 28
40 1 U 4
41 0 U 38
42 1 U 32
43 1 U -1
44 1 L 5
45 1 U 6
46 0 U 13
47 1 U 27
48 0 L 4
49 0 U 40
50 0 L 11
51 1 L 41
52 0 L 41
53 1 L 34
54 1 L 30
55 0 U 41
56 1 U 8
57 1 L 6
58 1 U 24
59 1 L 18
60 0 L 13
61 0 U 8
62 1 L 16
63 1 U 47
64 0 L 45
65 0 L 54
66 0 U 46
67 1 L 44
68 0 L 25
69 1 L 10
70 0 L 20
71 1 L 50
72 0 L 21
73 1 U 16
74 1 L -1
75 1 U 30
76 1 L 31
77 0 L 31
78 0 U 10
79 1 L -1
80 1 L 21
81 0 L 12
82 0 L 79
83 1 L 5
84 1 U 73
85 1 U 56
86 1 L 71
87 0 L 76
88 1 U 45
89 0 L 7
90 0 L -1
91 1 L 90
92 0 L 3
93 1 L 92
94 0 U 78
95 0 L 2
96 0 L 17
97
0 1 L -1
1 0 U 0
2 0 U -1
3 0 U -1
4 1 U -1
5 0 U 3
6 0 L -1
7 1 U 3
8 1 U 7
9 1 U -1
10 1 U -1
11 0 U 9
12 1 L -1
13 0 L 4
14 0 L 7
15 1 U 6
16 0 U 15
17 0 L -1
18 1 U 4
19 0 U 4
20 0 U 19
21 0 U 5
22 1 L 17
23 0 L 18
24 0 U -1
25 1 U 23
26 0 U 13
27 0 L -1
28 0 U 4
29 0 L 22
30 0 L 14
31 1 L 25
32 1 L 23
33 0 U 4
34 0 L 25
35 0 U -1
36 1 L 19
37 0 U -1
38 0 U 27
39 1 L 28
40 1 U 4
41 0 U 38
42 0 U 32
43 0 U 30
44 1 L 5
45 1 U 6
46 0 U 13
47 1 U 27
48 0 L 4
49 0 U 34
50 0 L 11
51 1 L 41
52 0 L 41
53 1 L 13
54 1 L 16
55 0 U 41
56 1 U 8
57 1 L 6
58 1 U 24
59 1 L 18
60 0 L 13
61 0 U -1
62 0 L 16
63 0 U 42
64 0 L 45
65 0 L 54
66 0 U 46
67 1 L 44
68 0 L 25
69 0 L 30
70 0 L 43
71 1 L 50
72 0 L 10
73 1 U 16
74 1 L -1
75 1 U -1
76 1 L 31
77 0 L 31
78 1 U 10
79 1 L 34
80 0 U 21
81 0 L 12
82 0 L 79
83 1 L 5
84 1 U 73
85 1 U 56
86 1 L 71
87 0 L 76
88 1 U 45
89 1 L 7
90 0 L -1
91 1 L 90
92 0 L 3
93 1 L 92
94 1 U 78
95 1 L 2
96 0 L 31
97
0 1 U -1
1 0 U 0
2 0 U -1
3 0 U -1
4 1 U -1
5 0 U 3
6 0 L -1
7 1 U 3
8 1 U 7
9 1 U -1
10 1 U -1
11 0 U 0
12 0 L -1
13 0 L 4
14 0 L 4
15 1 U 6
16 0 U 15
17 0 L -1
18 1 U 3
19 0 U 4
20 0 U 19
21 0 U 5
22 1 L 17
23 0 L 18
24 1 U -1
25 1 U 23
26 0 U 13
27 0 L -1
28 0 U 4
29 1 L 22
30 0 L 14
31 1 L 25
32 1 L 23
33 1 U 32
34 0 L 25
35 1 L -1
36 1 L 19
37 0 U -1
38 0 U 27
39 1 L 28
40 0 U 4
41 0 U 38
42 0 U 32
43 0 U 30
44 1 L 5
45 1 U 18
46 0 U 20
47 1 U 34
48 0 L 31
49 1 U 34
50 0 L 11
51 1 L 41
52 0 L 41
53 1 L 13
54 1 L 16
55 0 U 41
56 1 U 5
57 0 L 35
58 1 U 24
59 1 L 18
60 0 L 9
61 0 L -1
62 0 L 16
63 1 U 42
64 0 L 45
65 0 L 54
66 0 L 59
67 1 L 44
68 0 L 1
69 1 L 53
70 0 L 43
71 0 L 20
72 0 U 30
73 1 U 21
74 0 U -1
75 1 U -1
76 1 L 31
77 0 L 31
78 0 U 0
79 0 L 34
80 0 U 56
81 0 L 12
82 1 L 79
83 1 L 70
84 0 U 73
85 1 U 56
86 0 L 71
87 0 L 76
88 1 U 12
89 0 L 7
90 0 L 31
91 1 L 27
92 0 L 3
93 1 L 44
94 1 U 78
95 0 U 74
96 1 L 31
97
0 1 L -1
1 0 U 0
2 0 U -1
3 0 U -1
4 1 U -1
5 0 U 3
6 0 L -1
7 1 U 3
8 1 U 7
9 1 U -1
10 1 U -1
11 0 U 0
12 0 L -1
13 0 L 4
14 0 L 4
15 1 U 6
16 0 U 15
17 0 L -1
18 1 U 3
19 0 U 4
20 0 U 19
21 0 U 5
22 1 L 17
23 0 L 18
24 0 U -1
25 1 U 23
26 0 U 13
27 1 L -1
28 0 U 4
29 0 L 22
30 0 L 14
31 1 L 25
32 1 L 23
33 1 U 13
34 0 L 25
35 0 L -1
36 1 L 19
37 0 U -1
38 0 U 32
39 1 L 36
40 1 L 4
41 0 U 38
42 0 U 32
43 0 U 14
44 1 L 5
45 0 U 18
46 0 U 20
47 1 U 34
48 0 L 31
49 1 U 34
50 0 L 11
51 1 L 41
52 0 L 41
53 1 L 13
54 1 L 16
55 0 U 41
56 1 U 5
57 0 L 35
58 1 U 24
59 1 L 18
60 0 L 13
61 0 U -1
62 0 L 30
63 0 U 42
64 0 L 45
65 0 L 62
66 0 L 59
67 1 L 44
68 0 L 6
69 1 L 53
70 0 L 43
71 0 L 20
72 0 U 30
73 1 U 21
74 0 U 30
75 1 U -1
76 1 L 31
77 1 L 31
78 1 U 61
79 1 L 68
80 0 U 56
81 1 L 27
82 1 L 79
83 1 L 70
84 0 U 73
85 0 U 12
86 1 L 21
87 0 L 79
88 0 U 58
89 0 L 7
90 1 L 31
91 1 L 90
92 0 L 12
93 1 L 44
94 0 U 75
95 1 U 5
96 0 L 31
97
0 1 U -1
1 0 U 0
2 0 U -1
3 0 U -1
4 1 U -1
5 0 U 3
6 0 L -1
7 1 U 3
8 1 U 7
9 0 U -1
10 1 U -1
11 0 U 0
12 1 L -1
13 0 L 4
14 0 L 4
15 1 U 6
16 0 U 15
17 1 L -1
18 1 U 3
19 0 U 4
20 0 U 19
21 0 U 19
22 1 L 2
23 0 L 18
24 0 U -1
25 1 U 23
26 0 U 13
27 0 L -1
28 0 U 4
29 0 L 22
30 0 L 14
31 1 L 25
32 1 L 23
33 1 U 13
34 0 L 25
35 0 L -1
36 1 L 20
37 0 U -1
38 0 U 27
39 1 L 36
40 0 U 3
41 0 U 38
42 0 U 32
43 0 U 30
44 1 L 5
45 1 U 18
46 1 U 20
47 1 U 34
48 0 L 31
49 0 U 34
50 0 L 11
51 1 L 41
52 0 L 45
53 1 L 13
54 0 L 53
55 0 U 41
56 1 U 5
57 0 L 35
58 1 U 24
59 0 L 29
60 1 L 13
61 0 U -1
62 1 L 16
63 0 U 42
64 0 L 45
65 0 L 62
66 1 L 62
67 1 L 44
68 0 L 6
69 0 L 53
70 0 L 43
71 0 U -1
72 0 U 46
73 1 U 21
74 0 U 30
75 1 U -1
76 1 L 31
77 1 L 3
78 1 U 2
79 1 L 34
80 0 U 29
81 0 L 6
82 1 L 77
83 1 L 70
84 0 U 73
85 0 U 12
86 0 L 21
87 1 L 79
88 1 U 58
89 0 L 7
90 1 L 22
91 1 L 68
92 0 L 12
93 1 L 44
94 1 U 71
95 0 U 5
96 0 L 31
97
0 1 U -1
1 0 U 0
2 0 U -1
3 0 U -1
4 1 U -1
5 0 U 3
6 0 L -1
7 1 U 3
8 1 U 7
9 1 U -1
10 1 U -1
11 0 U 0
12 0 L -1
13 0 L 4
14 0 L 4
15 1 U 6
16 0 U 15
17 0 L -1
18 1 U 3
19 0 U 4
20 0 U 19
21 0 U 19
22 1 L 2
23 0 L 16
24 0 U -1
25 1 U 23
26 1 U 21
27 0 L -1
28 0 U 4
29 0 L 22
30 0 L 14
31 1 L 25
32 1 L 23
33 0 L 20
34 0 L 25
35 0 L -1
36 1 L 20
37 0 U -1
38 0 U 27
39 1 L 36
40 0 U 24
41 0 U 38
42 0 U 32
43 0 U 26
44 1 L 5
45 1 U 6
46 0 U 20
47 1 U -1
48 0 L 31
49 0 U 27
50 0 L 14
51 1 L 41
52 0 L 45
53 1 L 13
54 0 L 53
55 0 U 51
56 1 U 5
57 1 L 35
58 0 U 24
59 0 L 29
60 1 L 13
61 1 U -1
62 1 L 15
63 0 U 42
64 0 L 45
65 0 L 62
66 0 L 62
67 1 L 44
68 0 L 6
69 1 L 53
70 0 L 43
71 1 L -1
72 1 U 46
73 1 U 21
74 0 U 46
75 1 U -1
76 0 L 31
77 1 L 48
78 1 U 37
79 1 L 34
80 0 U 29
81 0 L 6
82 0 L 77
83 1 L 70
84 0 U 73
85 0 U 12
86 0 L -1
87 1 L 79
88 1 U 58
89 1 L 7
90 0 L 22
91 1 L 48
92 1 L 17
93 1 L 82
94 1 U 2
95 0 U 5
96 0 L -1
97
0 1 U -1
1 0 U 0
2 0 U -1
3 0 U -1
4 1 U -1
5 0 U 3
6 0 L -1
7 1 U 3
8 1 U 7
9 1 U -1
10 1 U -1
11 1 U 9
12 0 L -1
13 0 L 4
14 0 L 7
15 1 U 7
16 0 U 15
17 0 L -1
18 1 U 3
19 0 U 4
20 0 U 19
21 0 U 19
22 1 L 2
23 0 L 16
24 0 U -1
25 1 U 23
26 1 U 21
27 0 L -1
28 0 U 4
29 0 L 22
30 0 L 14
31 1 L 25
32 1 L 23
33 1 L 20
34 0 L 17
35 1 L -1
36 1 L 20
37 0 U -1
38 1 U 27
39 1 L 26
40 1 U 24
41 0 U 38
42 0 U 32
43 0 U 26
44 1 L 5
45 0 U 18
46 0 U 20
47 1 U -1
48 1 L 31
49 0 U 27
50 0 L 14
51 1 L 41
52 0 L 45
53 1 L 13
54 0 L 53
55 0 U 51
56 1 U 5
57 1 L 35
58 1 U 24
59 0 L 29
60 1 L 13
61 0 U -1
62 1 L 15
63 0 U 42
64 0 L 45
65 0 L 62
66 0 L 62
67 1 L 44
68 1 L 52
69 1 L 60
70 0 L 43
71 1 L -1
72 0 U 46
73 1 U 21
74 0 U 46
75 1 U -1
76 0 L 22
77 1 L 48
78 0 U 37
79 0 L 34
80 0 U 15
81 1 L 1
82 0 L 77
83 1 L 70
84 0 U 80
85 0 U 12
86 0 L 22
87 1 L 1
88 0 U 58
89 0 L 7
90 1 L 87
91 0 L 23
92 1 L 29
93 1 L 82
94 1 U 2
95 0 U 94
96 0 L -1
97
0 1 L -1
1 0 U 0
2 0 U -1
3 0 U -1
4 1 U -1
5 0 U 3
6 0 L -1
7 1 U 3
8 1 U 7
9 1 U -1
10 1 U -1
11 0 U 9
12 1 L -1
13 0 L 4
14 0 L 7
15 1 U 7
16 0 U 13
17 1 L -1
18 1 U 3
19 0 U 4
20 0 U 19
21 0 U 19
22 1 L 2
23 0 L 16
24 0 U -1
25 1 U 23
26 1 U 21
27 0 L -1
28 0 U 4
29 1 L 22
30 0 L 25
31 1 L 25
32 1 L 23
33 1 L 20
34 0 L 1
35 1 L -1
36 1 L 20
37 0 U -1
38 1 U 27
39 1 L 26
40 1 U 24
41 0 U 38
42 0 U 31
43 0 U 17
44 1 L 5
45 0 U 18
46 0 U 13
47 1 U -1
48 1 L 31
49 0 U 32
50 0 L 14
51 1 L 41
52 0 L 45
53 1 L 13
54 0 L 53
55 0 U 39
56 1 U 5
57 0 L 1
58 1 U 24
59 0 L 29
60 1 L 13
61 0 L -1
62 1 L 15
63 0 U 42
64 0 L 58
65 0 L 62
66 0 L 62
67 1 L 44
68 1 L 66
69 1 L 60
70 0 L 43
71 0 U -1
72 0 U 46
73 1 U 29
74 0 U 23
75 1 U -1
76 0 L 22
77 1 L 48
78 0 U 24
79 0 L 22
80 0 U 21
81 0 L 1
82 0 L 77
83 1 L 70
84 0 U 80
85 0 U 12
86 0 L 34
87 1 L 1
88 0 U 58
89 0 L 79
90 0 L 87
91 0 L 76
92 1 L 90
93 1 L 82
94 0 U 9
95 1 U 94
96 0 L -1
97
0 1 U -1
1 0 U 0
2 0 U -1
3 0 U -1
4 1 U -1
5 0 U 3
6 0 L -1
7 1 U 3
8 1 U 7
9 1 U -1
10 1 U -1
11 0 U 9
12 1 L -1
13 0 L 4
14 0 L 7
15 1 U 7
16 0 U 13
17 0 L -1
18 1 U 3
19 0 U 4
20 0 U 19
21 0 U 19
22 1 L 2
23 0 L 16
24 0 U -1
25 1 U 23
26 0 U 13
27 0 L -1
28 0 U 4
29 0 L 22
30 0 L 25
31 1 L 25
32 1 L 23
33 0 L 20
34 0 L 1
35 1 U -1
36 1 L 20
37 0 U -1
38 1 U 27
39 1 L 36
40 1 U 37
41 0 U 38
42 0 U 31
43 0 U 17
44 1 L 5
45 1 U 18
46 0 U 20
47 0 L -1
48 1 L 31
49 1 U 31
50 0 L 14
51 1 L 41
52 0 L 45
53 1 L 9
54 0 L 53
55 0 U 39
56 1 U 5
57 0 L 6
58 1 U 24
59 0 L 3
60 1 L 13
61 0 L -1
62 1 L 15
63 0 U 42
64 0 L 58
65 0 L 62
66 0 L 62
67 1 L 44
68 1 L 66
69 1 L 60
70 0 L 43
71 1 L -1
72 0 U 46
73 0 U 20
74 0 U 23
75 1 U -1
76 0 L 22
77 1 L 48
78 0 U 0
79 0 L 22
80 0 U 21
81 0 L 1
82 0 L 77
83 1 L 70
84 0 U 72
85 0 U 12
86 0 L 57
87 1 L 1
88 0 U 58
89 0 L 77
90 0 L 30
91 0 L 76
92 1 L 90
93 1 L 82
94 1 U 2
95 0 U 7
96 0 L -1
97
0 1 U -1
1 0 U 0
2 0 U -1
3 0 U -1
4 1 U -1
5 0 U 3
6 0 L -1
7 1 U 3
8 1 U 7
9 1 U -1
10 1 U -1
11 1 U 9
12 1 L -1
13 0 L 4
14 0 L 7
15 1 U 7
16 0 U 15
17 1 L -1
18 1 U 4
19 0 U 4
20 0 U 19
21 0 U 19
22 1 L 2
23 0 L 16
24 0 U -1
25 1 U 23
26 1 U 13
27 0 L -1
28 0 U 3
29 0 L 22
30 0 L 25
31 1 L 25
32 1 L 23
33 0 L 6
34 0 L 1
35 1 U -1
36 1 L 20
37 0 U -1
38 1 U 27
39 1 L 36
40 1 U 37
41 1 U 38
42 0 U 31
43 0 U 17
44 1 L 31
45 1 U 7
46 0 U 16
47 1 L -1
48 1 L 31
49 1 U 31
50 0 L 14
51 1 L 41
52 0 L 45
53 1 L 13
54 0 L 53
55 0 U 39
56 0 U 5
57 1 L 47
58 1 U 24
59 1 L 48
60 1 L 13
61 1 L -1
62 1 L 60
63 0 U 42
64 0 L 58
65 0 L 62
66 1 L 62
67 0 L 44
68 1 L 31
69 1 L 60
70 0 L 43
71 1 U -1
72 0 U 24
73 0 U 20
74 0 U 23
75 1 U -1
76 0 L 22
77 1 L 48
78 0 U 37
79 0 L 26
80 0 U 21
81 0 L 1
82 0 L 77
83 0 L -1
84 0 U 25
85 0 U 12
86 1 L 30
87 1 L 5
88 0 U 78
89 0 L 8
90 0 L 30
91 0 L 76
92 1 L 90
93 1 L 82
94 1 U 85
95 1 U 7
96 1 L -1
97
0 1 U -1
1 0 U 0
2 0 U -1
3 0 U -1
4 1 U -1
5 0 U 3
6 0 L -1
7 1 U 3
8 1 U 7
9 0 U -1
10 1 U -1
11 0 U 9
12 1 L -1
13 0 L 4
14 0 L 7
15 1 U 7
16 0 U 15
17 1 L -1
18 1 U 4
19 0 U 4
20 0 U 19
21 0 U 19
22 1 L 2
23 0 L 15
24 0 U -1
25 1 U 23
26 0 U 13
27 0 L -1
28 0 U 3
29 0 L 22
30 0 L 25
31 1 L 25
32 1 L 23
33 0 L 27
34 0 L 1
35 1 U -1
36 0 L 20
37 0 U -1
38 1 U 27
39 1 L 36
40 0 U 35
41 1 U 38
42 0 U 31
43 0 U 30
44 0 L 22
45 0 U 18
46 0 U 16
47 0 L -1
48 0 L 31
49 0 U -1
50 0 L 9
51 1 L 41
52 0 L 45
53 1 L 13
54 0 L 50
55 0 U 39
56 1 U 5
57 0 L 12
58 1 U 24
59 1 L 48
60 1 L 13
61 0 L -1
62 1 L 60
63 1 U 42
64 0 L 45
65 1 L 20
66 0 L 62
67 1 L 44
68 0 L 31
69 0 L 53
70 0 L 28
71 1 U -1
72 0 U 24
73 1 U 20
74 0 U 23
75 1 U -1
76 0 L 22
77 1 L 48
78 0 U 37
79 0 L 26
80 0 U 20
81 1 L 1
82 0 L 77
83 0 L -1
84 0 U 25
85 0 U 12
86 1 L 22
87 1 L 68
88 0 U 78
89 0 L 8
90 1 L 81
91 0 L 54
92 0 L 90
93 1 L 82
94 0 U 85
95 1 U 58
96 0 L -1
97
0 1 U -1
1 0 U 0
2 0 U -1
3 0 U -1
4 1 U -1
5 0 U 3
6 0 L -1
7 1 U 3
8 1 U 7
9 1 U -1
10 1 U -1
11 0 U 9
12 1 L -1
13 0 L 4
14 0 L 7
15 1 U 7
16 0 U 15
17 0 L -1
18 1 U 4
19 0 U 4
20 0 U 5
21 0 U 19
22 1 L 2
23 0 L 15
24 0 U -1
25 1 U 23
26 0 U 13
27 0 L -1
28 0 U 3
29 0 L 22
30 0 L 25
31 1 L 25
32 1 L 23
33 1 L 29
34 0 L 6
35 1 U -1
36 1 L 20
37 0 U -1
38 0 U 27
39 1 L 36
40 0 U 35
41 0 U 38
42 0 U 31
43 0 U 30
44 1 L 22
45 1 U 7
46 0 U 16
47 1 L -1
48 0 L 31
49 1 U -1
50 0 L 9
51 1 L 41
52 0 L 45
53 1 L 13
54 0 L 50
55 0 U 39
56 0 U 5
57 0 L 12
58 1 U 24
59 1 L 48
60 1 L 9
61 1 L -1
62 1 L 53
63 0 U 42
64 0 L 45
65 0 L 16
66 1 U 6
67 0 L 44
68 1 L 31
69 0 L 24
70 0 L 28
71 0 U -1
72 0 U 4
73 1 U 20
74 0 U 23
75 1 U -1
76 0 L 70
77 1 L 48
78 0 U 9
79 0 L 54
80 0 U 13
81 0 L 17
82 0 L 77
83 0 L -1
84 0 U 25
85 0 U 12
86 1 L 22
87 1 L 68
88 1 U 78
89 0 L 8
90 1 L 81
91 0 L 90
92 1 L 30
93 1 L 82
94 1 U 85
95 1 U 31
96 0 L -1
97
0 1 U -1
1 0 U 0
2 0 U -1
3 1 U -1
4 1 U -1
5 0 U 3
6 0 L -1
7 1 U 3
8 1 U 7
9 1 U -1
10 1 U -1
11 1 U 9
12 0 L -1
13 0 L 4
14 0 L 7
15 1 U 7
16 0 U 15
17 0 L -1
18 0 U 3
19 0 U 4
20 0 U 5
21 0 U 19
22 1 L 2
23 0 L 15
24 0 U -1
25 1 U 23
26 0 U 13
27 0 L -1
28 0 U 3
29 0 L 22
30 0 L 25
31 1 L 25
32 1 L 23
33 1 L 29
34 0 L 17
35 1 U -1
36 1 L 20
37 0 U -1
38 0 U 31
39 1 L 32
40 1 U 35
41 0 U 38
42 0 U 31
43 0 U 26
44 1 L 22
45 0 U 7
46 0 U 16
47 0 L -1
48 1 L 22
49 1 U -1
50 0 L 9
51 1 L 41
52 0 L 45
53 1 L 13
54 0 L 50
55 0 U 41
56 0 U 6
57 0 L 12
58 1 U 24
59 1 L 52
60 1 L 9
61 0 L -1
62 1 L 18
63 0 U 42
64 0 L 45
65 1 L 16
66 1 U 6
67 0 L 48
68 0 L 31
69 1 L 16
70 1 L 28
71 0 U 46
72 0 L 6
73 1 U 45
74 0 U 23
75 1 U -1
76 0 L 70
77 0 L 48
78 0 U 37
79 1 L 23
80 0 U 13
81 1 L 17
82 1 L 48
83 0 L -1
84 1 U 48
85 0 U 29
86 1 L 22
87 1 L 68
88 1 U 78
89 0 L 8
90 0 L 81
91 0 L 90
92 1 L 1
93 1 L 82
94 0 U 85
95 1 U 31
96 0 L -1
97
0 1 U -1
1 0 U 0
2 0 U -1
3 0 U -1
4 1 U -1
5 0 U 3
6 0 L -1
7 1 U 3
8 1 U 7
9 1 U -1
10 1 U -1
11 1 U 9
12 0 L -1
13 0 L 4
14 0 L 7
15 1 U 7
16 0 U 15
17 0 L -1
18 0 U 3
19 0 U 4
20 0 U 5
21 0 U 19
22 1 L 2
23 0 L 15
24 0 U -1
25 1 U 23
26 1 U 16
27 1 L 0
28 1 U 3
29 0 L 22
30 0 L 25
31 1 L 25
32 1 L 23
33 1 L 29
34 0 L 25
35 1 U -1
36 1 L 20
37 0 U -1
38 0 U 31
39 0 L 32
40 0 L 0
41 0 U 38
42 0 U 31
43 1 L 26
44 1 L 31
45 1 U 6
46 0 U 16
47 1 L -1
48 1 L 22
49 0 U -1
50 0 L 9
51 1 L 41
52 0 L 45
53 1 L 13
54 0 L 50
55 0 U 41
56 1 U 6
57 0 L 6
58 1 U 24
59 1 L 52
60 1 L 9
61 1 U 5
62 1 L 53
63 0 U 40
64 0 L 45
65 1 L 16
66 1 U -1
67 0 L 48
68 1 U 31
69 1 L 10
70 0 L 28
71 0 U 44
72 0 L 47
73 1 U 33
74 0 U 23
75 1 U -1
76 0 L 70
77 0 L 29
78 0 U 37
79 0 U 23
80 1 U 13
81 1 L 17
82 1 L 48
83 0 L -1
84 1 U 48
85 0 U 29
86 0 L 22
87 0 L 65
88 1 U 78
89 0 L 8
90 1 L 81
91 0 L 62
92 1 L 83
93 1 L 82
94 1 U 85
95 0 L 31
96 1 L -1
97
0 1 U -1
1 0 U 0
2 0 U -1
3 1 U -1
4 1 U -1
5 0 U 3
6 0 L -1
7 1 U 3
8 1 U 7
9 0 U -1
10 1 U -1
11 1 U 9
12 1 L -1
13 0 L 4
14 0 L 7
15 1 U 7
16 0 U 15
17 0 L -1
18 1 U 4
19 0 U 4
20 0 U 5
21 0 U 19
22 1 L 2
23 0 L 15
24 1 U -1
25 1 U 23
26 0 U 13
27 1 L 0
28 0 U 3
29 1 L 22
30 0 L 25
31 1 L 25
32 0 L 20
33 1 L 29
34 0 L 25
35 0 U -1
36 1 L 20
37 1 U -1
38 0 U 31
39 1 L 26
40 0 L 0
41 0 U 34
42 0 U 31
43 0 L 26
44 1 L 31
45 1 U 11
46 1 U 16
47 1 L -1
48 1 L 22
49 1 U -1
50 0 L 11
51 1 L 41
52 0 L 45
53 1 L 13
54 0 L 31
55 0 U 41
56 0 U 6
57 0 L 6
58 1 U 4
59 1 L 52
60 1 L 9
61 1 U 5
62 1 L 53
63 0 U 40
64 0 L 45
65 0 L 18
66 0 U -1
67 1 L 48
68 1 U 48
69 1 L 60
70 1 L 28
71 1 U 66
72 0 L 47
73 0 U 33
74 0 U 14
75 1 U -1
76 0 L 70
77 0 L 29
78 0 U 37
79 0 U 10
80 0 U 15
81 1 L 17
82 0 L 48
83 0 L -1
84 1 U 48
85 0 U 29
86 0 L 22
87 1 L 65
88 0 U 78
89 0 L 67
90 1 L 81
91 1 L 62
92 1 L 83
93 1 L 82
94 1 U 14
95 1 L 31
96 1 L -1
97
0 1 L -1
1 0 U 0
2 0 U -1
3 1 U -1
4 1 U -1
5 0 U 3
6 0 L -1
7 1 U 3
8 1 U 7
9 0 U -1
10 1 U -1
11 1 U 0
12 1 L -1
13 0 L 4
14 0 L 4
15 1 U 6
16 1 U 15
17 1 L -1
18 1 U 9
19 0 U 4
20 0 U 5
21 0 U 5
22 1 L 2
23 0 L 16
24 1 U -1
25 1 U 23
26 0 U 13
27 0 L 0
28 0 U 1
29 1 L 22
30 0 L 25
31 1 L 25
32 0 L 20
33 1 L 29
34 0 L 25
35 0 U -1
36 1 L 20
37 1 U -1
38 0 U 32
39 1 L 26
40 0 L 0
41 0 U 40
42 0 U 31
43 1 L 7
44 1 L 31
45 0 U 11
46 0 U 15
47 1 L -1
48 0 L 22
49 1 U -1
50 0 L 11
51 1 L 41
52 0 L 45
53 1 L 13
54 0 L 31
55 0 U 41
56 1 U 6
57 0 L 6
58 1 U 35
59 0 L 32
60 1 L 9
61 0 U 17
62 1 L 53
63 0 U 40
64 0 L 45
65 0 L 15
66 1 U -1
67 1 L 48
68 1 U 48
69 0 L 10
70 1 L 28
71 1 U 66
72 0 L 3
73 1 U 56
74 0 U 44
75 1 U -1
76 0 L 70
77 1 L 34
78 0 U 37
79 0 U 10
80 0 U 15
81 1 L 1
82 1 L 3
83 0 L -1
84 1 U 48
85 0 U 73
86 1 L 18
87 0 L 62
88 1 U 78
89 0 L 67
90 0 L 57
91 0 L 62
92 0 L 6
93 1 L 82
94 1 L 80
95 1 L 31
96 1 L -1
97
0 1 L -1
1 0 U 0
2 0 U -1
3 1 U -1
4 1 U -1
5 0 U 3
6 0 L -1
7 1 U 3
8 1 U 7
9 1 U -1
10 1 U -1
11 0 U 0
12 0 L -1
13 0 L 4
14 0 L 4
15 1 U 6
16 1 U 15
17 1 L -1
18 1 U 3
19 0 U 4
20 0 U 5
21 0 U 5
22 1 L 2
23 0 L 16
24 0 U -1
25 1 U 23
26 0 U 13
27 1 L 0
28 0 U 3
29 0 L 22
30 0 L 25
31 1 L 25
32 0 L 20
33 1 L 29
34 0 L 25
35 0 U -1
36 1 L 20
37 1 U -1
38 0 U 32
39 1 L 26
40 0 L 0
41 0 U 38
42 0 U 31
43 1 L 7
44 1 L 31
45 0 U 11
46 0 U 29
47 1 L -1
48 0 L 22
49 1 U -1
50 0 L 11
51 0 L 41
52 1 L 45
53 1 L 13
54 0 L 31
55 1 U 39
56 0 U 6
57 0 L 6
58 1 U 38
59 0 L 39
60 1 L 9
61 1 U 17
62 1 L 53
63 0 U 40
64 0 L 54
65 1 L 15
66 1 U -1
67 1 L 48
68 1 U 48
69 0 L 10
70 1 L 28
71 0 U 24
72 1 U 3
73 1 U 56
74 0 U 44
75 1 U -1
76 0 L 37
77 1 L 34
78 1 U 4
79 1 U 10
80 0 U 15
81 1 L 1
82 0 L 3
83 0 L -1
84 1 U 48
85 0 U 30
86 0 L 10
87 0 L 62
88 1 U 78
89 1 L 67
90 0 L 57
91 0 L 62
92 0 L 6
93 1 L 82
94 0 L 58
95 1 L 31
96 1 L -1
97
0 1 U -1
1 0 U 0
2 0 U -1
3 1 U -1
4 1 U -1
5 0 U 3
6 0 L -1
7 1 U 3
8 1 U 7
9 1 U -1
10 1 U -1
11 0 U 0
12 0 L -1
13 0 L 4
14 0 L 4
15 1 U 6
16 1 U 3
17 1 L -1
18 0 U 3
19 0 U 4
20 0 U 5
21 0 U 5
22 1 L 2
23 0 L 16
24 0 U -1
25 1 U 23
26 0 U 13
27 0 L 0
28 1 U 3
29 1 L 22
30 0 L 25
31 1 L 25
32 0 L 20
33 1 L 29
34 0 L 25
35 1 U -1
36 1 L 20
37 1 U -1
38 0 U 32
39 1 L 26
40 0 L 0
41 0 U 34
42 0 U 31
43 1 L 7
44 0 L 22
45 1 U 11
46 0 U 29
47 1 L -1
48 0 L 31
49 0 U -1
50 0 L 11
51 0 L 37
52 1 L 45
53 1 L 13
54 0 L 31
55 1 U 39
56 0 U 6
57 1 L 6
58 1 U 38
59 1 L 39
60 1 L 9
61 0 U 17
62 1 L 53
63 0 U 40
64 0 L 54
65 1 L 15
66 0 U 4
67 1 L 48
68 1 U 50
69 0 L 18
70 0 L 32
71 1 U 24
72 1 L 3
73 1 U 56
74 0 U 44
75 1 U -1
76 0 L 70
77 1 L 34
78 1 U 4
79 1 U 0
80 1 U 15
81 0 L 12
82 0 L 3
83 0 L -1
84 1 U 48
85 1 U 30
86 1 L 10
87 0 L 62
88 1 U 8
89 0 L 67
90 0 L 57
91 1 L 18
92 1 L 6
93 1 L 82
94 1 L 58
95 0 L 93
96 1 L -1
97
0 1 L -1
1 0 U 0
2 0 U -1
3 0 U -1
4 1 U -1
5 0 U 3
6 0 L -1
7 1 U 3
8 1 U 7
9 0 U -1
10 1 U -1
11 0 U 9
12 0 L -1
13 0 L 4
14 0 L 4
15 1 U 7
16 1 U 3
17 0 L -1
18 1 U 0
19 0 U 4
20 0 U 5
21 0 U 5
22 1 L 2
23 0 L 16
24 1 U -1
25 1 U 23
26 0 U 13
27 0 L -1
28 1 U 3
29 0 L 22
30 0 L 25
31 1 L 25
32 0 L 20
33 1 L 29
34 0 L 25
35 1 U -1
36 1 L 20
37 1 U -1
38 0 U 32
39 1 L 26
40 0 L 0
41 0 U 34
42 0 U 31
43 1 L 8
44 0 L 22
45 1 U 11
46 0 U 29
47 1 L -1
48 0 L 31
49 0 U -1
50 0 L 43
51 1 L 37
52 1 L 45
53 1 L 13
54 0 L 31
55 1 U 39
56 0 U 11
57 0 L 6
58 1 U 54
59 1 L 12
60 1 L 9
61 0 U 5
62 1 L 53
63 0 U 42
64 1 L 3
65 0 L 15
66 0 U 4
67 1 L 3
68 1 U 31
69 0 L 18
70 0 L 32
71 0 U 4
72 0 L 3
73 1 U 15
74 1 U 73
75 1 U -1
76 0 L 70
77 1 L 34
78 1 U 24
79 1 U 0
80 1 U 15
81 1 L 66
82 1 L 3
83 0 L 39
84 0 U 48
85 1 U 30
86 1 L 10
87 0 L 65
88 1 U 22
89 0 L 67
90 0 L 22
91 0 L 50
92 1 L 6
93 1 L 82
94 1 L 58
95 1 L 93
96 1 L -1
97
0 1 L -1
1 0 U 0
2 0 U -1
3 0 U -1
4 1 U -1
5 0 U 3
6 0 L -1
7 1 U 3
8 1 U 7
9 0 U -1
10 1 U -1
11 0 U 9
12 1 L -1
13 0 L 4
14 0 L 4
15 1 U 11
16 1 U 9
17 0 L -1
18 1 U 9
19 0 U 4
20 0 U 19
21 0 U 5
22 1 L 2
23 0 L 16
24 1 U -1
25 1 U 23
26 0 U 13
27 0 L -1
28 1 U 13
29 0 L 22
30 0 L 25
31 1 L 25
32 0 L 24
33 1 L 29
34 0 L 25
35 1 U -1
36 1 L 20
37 1 U -1
38 0 U 32
39 1 L 26
40 1 L 38
41 0 U 34
42 1 U 31
43 1 L 7
44 0 L 22
45 0 U 11
46 1 U 29
47 0 L -1
48 1 L 31
49 0 U -1
50 0 L 43
51 1 L 37
52 1 L 45
53 1 L 13
54 0 L 31
55 1 U 39
56 0 U 11
57 0 L 6
58 1 U 54
59 0 L 0
60 1 L 9
61 0 U 5
62 1 L 53
63 0 U 62
64 0 L 3
65 0 L 15
66 0 U 4
67 1 L 3
68 0 U 31
69 0 L 18
70 0 L 41
71 1 U 4
72 1 L 3
73 1 U 45
74 0 U 26
75 1 U -1
76 0 L 6
77 1 L 34
78 1 U 24
79 1 U 75
80 1 U 15
81 1 L 40
82 0 L 3
83 0 L 32
84 0 U 48
85 0 U 30
86 1 L 10
87 0 L 65
88 1 U 13
89 0 L 67
90 0 L 22
91 0 L 23
92 1 L 12
93 1 L 72
94 1 L 58
95 1 L 93
96 1 L -1
97
0 1 U -1
1 0 U 0
2 0 U -1
3 0 U -1
4 1 U -1
5 0 U 3
6 0 L -1
7 1 U 3
8 1 U 7
9 0 U -1
10 1 U -1
11 0 U 9
12 1 L -1
13 0 L 4
14 0 L 7
15 1 U 7
16 1 U 9
17 1 L -1
18 1 U 9
19 0 U 4
20 0 U 19
21 0 U 5
22 1 L 2
23 0 L 16
24 1 U -1
25 1 U 23
26 0 U 13
27 1 L -1
28 1 U 13
29 0 L 22
30 0 L 25
31 1 L 25
32 0 L 24
33 1 L 29
34 0 L 25
35 1 U -1
36 1 L 20
37 1 U -1
38 0 U 32
39 1 L 20
40 1 L 38
41 0 U 34
42 1 U 31
43 1 L 7
44 0 L 31
45 1 U 11
46 1 U 45
47 0 L -1
48 1 L 31
49 1 U -1
50 0 L 43
51 1 L 37
52 1 L 45
53 1 L 13
54 0 L 31
55 1 U 39
56 0 U 11
57 0 L 6
58 1 U 54
59 0 L 0
60 1 L 9
61 0 U 5
62 1 L 53
63 0 U 62
64 1 L 48
65 0 L 53
66 0 U 4
67 1 L 3
68 0 U 31
69 0 L 18
70 0 L 38
71 0 U 4
72 1 L 3
73 1 U 20
74 0 U 26
75 1 U -1
76 0 L 25
77 1 L 34
78 1 U 24
79 1 U 9
80 1 U 15
81 1 L 40
82 0 L 3
83 1 L 32
84 0 U 48
85 0 U 30
86 1 L 10
87 1 L 65
88 1 U 33
89 0 L 67
90 0 L 31
91 0 L 36
92 1 L 12
93 1 L 72
94 1 L 58
95 1 L 60
96 1 L -1
97
0 1 L -1
1 0 U 0
2 0 U -1
3 0 U -1
4 1 U -1
5 0 U 3
6 0 L -1
7 1 U 3
8 1 U 7
9 0 U -1
10 1 U -1
11 0 U 0
12 1 L -1
13 0 L 4
14 0 L 7
15 1 U 7
16 1 U 9
17 0 L -1
18 1 U 9
19 0 U 4
20 0 U 19
21 0 U 5
22 1 L 2
23 0 L 16
24 1 U -1
25 1 U 23
26 1 U 13
27 1 L -1
28 1 U 13
29 0 L 22
30 0 L 25
31 1 L 25
32 0 L 20
33 1 L 29
34 0 L 25
35 1 U -1
36 1 L 20
37 1 U 10
38 0 U 32
39 1 L 20
40 0 L 38
41 0 U 34
42 0 U 32
43 1 L 7
44 0 L 22
45 1 U 11
46 1 U 21
47 0 L -1
48 0 L 31
49 1 L -1
50 0 L 43
51 1 L 37
52 1 L 45
53 1 L 13
54 0 L 31
55 1 U 39
56 0 U 11
57 1 L 6
58 1 U 42
59 0 L 3
60 1 L 9
61 1 U 5
62 1 L 53
63 0 U 38
64 0 L 48
65 0 L 53
66 0 U 4
67 0 L 29
68 1 U 43
69 0 L 18
70 1 L 38
71 1 U 4
72 1 L 3
73 0 U 20
74 0 U 26
75 1 U -1
76 0 L 17
77 1 L 34
78 1 U 24
79 1 U 9
80 1 U 15
81 1 L 40
82 1 L 3
83 1 L 32
84 1 U 48
85 1 U 30
86 1 L 83
87 1 L 65
88 1 U 11
89 0 L 67
90 0 L 30
91 0 L 32
92 1 L 12
93 1 L 67
94 1 L 56
95 1 L 60
96 1 L -1
97
0 1 L -1
1 0 U 0
2 0 U -1
3 0 U -1
4 1 U -1
5 0 U 3
6 0 L -1
7 1 U 3
8 1 U 7
9 0 U -1
10 1 U -1
11 0 U 0
12 0 L -1
13 0 L 4
14 0 L 4
15 1 U 7
16 1 U 13
17 1 L -1
18 0 U 9
19 0 U 4
20 0 U 19
21 0 U 5
22 1 L 2
23 0 L 16
24 1 U -1
25 1 U 23
26 0 U 13
27 0 L -1
28 1 U 20
29 1 L 22
30 0 L 25
31 1 L 25
32 0 L 20
33 1 L 29
34 0 L 25
35 1 U -1
36 1 L 20
37 1 U 10
38 0 U 32
39 1 L 20
40 0 L 38
41 0 U 34
42 0 U 32
43 1 L 7
44 0 L 22
45 0 U 11
46 0 U 45
47 1 L -1
48 0 L 31
49 0 L -1
50 0 L 43
51 1 L 37
52 1 L 45
53 1 L 9
54 0 L 22
55 1 U 39
56 0 U 11
57 0 L 47
58 1 U 42
59 0 L 3
60 1 L 9
61 1 U 5
62 1 L 53
63 0 U 34
64 1 L 48
65 0 L 53
66 0 U 24
67 1 L 29
68 1 U 48
69 0 L 24
70 1 L 60
71 1 U 4
72 1 L 3
73 1 U 20
74 0 U 26
75 1 U -1
76 0 L 47
77 1 L 34
78 1 U 10
79 1 U 9
80 1 U 15
81 1 L 40
82 1 L 3
83 1 L 69
84 0 U 48
85 1 U 30
86 1 L 83
87 0 L 20
88 1 U 78
89 0 L 67
90 0 L 31
91 0 L 21
92 1 L 12
93 1 L 67
94 1 L 56
95 1 L 60
96 1 L -1
97
0 1 U -1
1 0 U 0
2 0 U -1
3 0 U -1
4 1 U -1
5 0 U 3
6 0 L -1
7 1 U 3
8 1 U 7
9 0 U -1
10 1 U -1
11 0 U 0
12 1 L -1
13 0 L 4
14 0 L 7
15 1 U 7
16 1 U 1
17 1 L -1
18 1 U 0
19 0 U 4
20 0 U 19
21 0 U 5
22 1 L 2
23 0 L 10
24 1 U -1
25 1 U 23
26 0 U 13
27 0 L 0
28 1 U 13
29 0 L 22
30 0 L 25
31 1 L 25
32 0 L 20
33 1 L 29
34 0 L 25
35 1 U -1
36 1 L 20
37 1 U 10
38 0 U 32
39 1 L 20
40 1 L 38
41 0 U 34
42 0 U 32
43 1 L 7
44 0 L 22
45 0 U 11
46 1 U 33
47 1 L -1
48 1 L 31
49 0 L -1
50 0 L 43
51 1 L 41
52 1 L 45
53 1 L 9
54 0 L 22
55 1 U 39
56 0 U 16
57 1 L 47
58 1 U 42
59 0 L 3
60 1 L 9
61 1 U 5
62 1 L 53
63 0 U 38
64 0 L 48
65 1 L 60
66 0 U 24
67 1 L 29
68 1 L 48
69 0 L 24
70 0 L 10
71 1 U 0
72 0 L 42
73 1 U 29
74 1 U 44
75 1 U -1
76 0 L 47
77 1 L 34
78 1 U 10
79 1 U 9
80 1 U 15
81 1 L 41
82 1 L 3
83 1 L 69
84 1 U 48
85 0 U 30
86 1 L 83
87 1 L 20
88 1 U 78
89 0 L 67
90 0 L 31
91 0 L 21
92 1 L 12
93 1 L 67
94 1 L 56
95 0 L 93
96 1 L -1
97
0 1 U -1
1 0 U 0
2 0 U -1
3 0 U -1
4 1 U -1
5 0 U 3
6 0 L -1
7 1 U 3
8 1 U 7
9 0 U -1
10 1 U -1
11 0 U 9
12 0 L -1
13 0 L 4
14 0 L 8
15 1 U 7
16 1 U 1
17 1 L -1
18 1 U 3
19 0 U 4
20 0 U 19
21 0 U 5
22 1 L 2
23 0 L 10
24 1 U -1
25 1 U 23
26 0 U 13
27 0 L 0
28 1 U 13
29 0 L 22
30 0 L 25
31 1 L 25
32 0 L 24
33 1 L 29
34 0 L 25
35 1 U -1
36 1 L 20
37 1 U 10
38 0 U 32
39 1 L 20
40 1 L 38
41 0 U 38
42 0 U 32
43 0 L 4
44 0 L 22
45 0 U 11
46 1 U 33
47 1 L -1
48 0 L 31
49 0 L -1
50 0 L 13
51 1 L 41
52 1 L 42
53 1 L 43
54 0 L 34
55 1 U 39
56 0 U 16
57 1 L 47
58 1 U 42
59 0 L 3
60 1 L 9
61 1 U 5
62 0 L 53
63 0 U 38
64 0 L 48
65 0 L 60
66 1 U 9
67 0 L 29
68 1 L 3
69 0 L 24
70 0 L 53
71 0 U 0
72 0 L 42
73 1 U 29
74 1 U 44
75 1 U -1
76 0 L 6
77 1 L 34
78 1 U 10
79 1 U 0
80 1 U 15
81 1 L 41
82 1 L 3
83 1 L 69
84 1 U 48
85 1 U 30
86 1 L 83
87 0 L 24
88 1 U 8
89 0 L 67
90 0 L 31
91 0 L 21
92 1 L -1
93 1 L 67
94 1 L 56
95 0 L 93
96 1 L -1
97
0 1 U -1
1 0 U 0
2 0 U -1
3 0 U -1
4 1 U -1
5 0 U 3
6 0 L -1
7 1 U 3
8 1 U 7
9 0 U -1
10 1 U -1
11 0 U 9
12 1 L -1
13 0 L 4
14 0 L 7
15 1 U 7
16 1 U 1
17 1 L -1
18 0 U 9
19 0 U 4
20 0 U 19
21 0 U 5
22 1 L 2
23 0 L 10
24 1 U -1
25 1 U 23
26 0 U 20
27 0 L 0
28 1 U 21
29 1 L 22
30 0 L 25
31 1 L 25
32 0 L 24
33 1 L 29
34 0 L 25
35 1 U -1
36 1 L 20
37 1 U 10
38 0 U 32
39 1 L 20
40 1 L 38
41 0 U 34
42 0 U 32
43 0 L 4
44 0 L 22
45 1 U 11
46 1 U 33
47 1 L -1
48 0 L 31
49 0 L -1
50 0 L 13
51 1 L 41
52 1 L 42
53 1 L 43
54 0 L 31
55 1 U 39
56 0 U 16
57 0 L 6
58 1 U 42
59 0 L 3
60 1 L 9
61 1 U 5
62 1 L 53
63 0 U 38
64 0 L 48
65 1 L 60
66 1 U 9
67 0 L 3
68 1 L 3
69 0 L 24
70 1 L 53
71 0 U 9
72 0 L 46
73 1 U 29
74 0 U 44
75 1 U -1
76 0 L 6
77 1 L 34
78 1 U 10
79 1 U 75
80 1 U 15
81 1 L 28
82 0 L 77
83 1 L 69
84 1 U 48
85 1 U 30
86 1 L 83
87 0 L 24
88 1 U 8
89 0 L 67
90 0 L 31
91 0 L 22
92 1 L -1
93 1 L 67
94 1 L 56
95 0 L 93
96 1 L -1
97
0 1 U -1
1 0 U 0
2 0 U -1
3 0 U -1
4 1 U -1
5 0 U 3
6 0 L -1
7 1 U 3
8 1 U 7
9 0 U -1
10 1 U -1
11 0 U 9
12 1 L -1
13 0 L 4
14 0 L 4
15 1 U 7
16 1 U 1
17 1 L -1
18 0 U 0
19 0 U 4
20 0 U 19
21 0 U 5
22 1 L 2
23 0 L 16
24 1 U -1
25 1 U 23
26 0 U 20
27 0 L 0
28 1 U 21
29 1 L 22
30 0 L 25
31 1 L 25
32 0 L 24
33 1 L 3
34 0 L 25
35 1 U -1
36 1 L 20
37 1 U 9
38 0 U 32
39 1 L 20
40 1 L 38
41 0 U 34
42 0 U 32
43 0 L 4
44 0 L 22
45 1 U 7
46 1 U 33
47 1 L -1
48 0 L 31
49 0 L -1
50 0 L 13
51 1 L 41
52 1 L 42
53 1 L 43
54 0 L 31
55 1 U 39
56 0 U 16
57 0 L 6
58 1 U 42
59 0 L 3
60 1 L 9
61 1 U 19
62 0 L 53
63 0 U 38
64 0 L 48
65 1 L 60
66 1 U 40
67 1 L 3
68 0 L 3
69 0 L 24
70 0 L 53
71 0 U 9
72 0 L 46
73 0 U 29
74 0 U 44
75 1 U -1
76 0 L 6
77 1 L 34
78 1 U 10
79 1 U -1
80 0 U 15
81 1 L 28
82 0 U 30
83 1 L 19
84 1 U 74
85 0 U 74
86 1 L 83
87 0 L 23
88 1 U 8
89 0 L 67
90 0 L 76
91 0 L 30
92 1 L -1
93 1 L 68
94 1 L 72
95 0 L 93
96 1 L -1
97
0 1 U -1
1 0 U 0
2 0 U -1
3 0 U -1
4 1 U -1
5 0 U 3
6 0 L -1
7 1 U 3
8 1 U 7
9 0 U -1
10 1 U -1
11 0 U 9
12 1 L -1
13 0 L 4
14 0 L 7
15 1 U 7
16 1 U 1
17 1 L -1
18 1 U 4
19 0 U 4
20 0 U 19
21 0 U 19
22 1 L 2
23 0 L 16
24 0 U -1
25 1 U 23
26 0 U 20
27 1 L 0
28 1 U 21
29 1 L 22
30 0 L 25
31 1 L 25
32 0 L 24
33 1 L 3
34 0 L 25
35 1 U -1
36 1 L 20
37 1 U 9
38 0 U 32
39 1 L 20
40 1 L 38
41 0 U 34
42 0 U 32
43 0 L 4
44 0 L 22
45 1 U 7
46 1 U 33
47 1 L -1
48 1 L 31
49 0 L -1
50 0 L 13
51 1 L 41
52 1 L 42
53 1 L 43
54 0 L 34
55 1 U 41
56 0 U 16
57 0 L 27
58 1 U 42
59 0 L 3
60 1 L 9
61 1 U 19
62 0 L 53
63 0 U 38
64 1 L 54
65 1 L 60
66 1 U 40
67 0 L 3
68 0 L 3
69 0 L 24
70 0 L 29
71 0 U 0
72 0 L 46
73 0 U 13
74 0 U 44
75 1 U -1
76 0 L 6
77 1 L 34
78 1 U 10
79 1 U 75
80 1 U 15
81 1 L 28
82 0 U 73
83 1 L 19
84 1 U 74
85 0 U 74
86 0 L 83
87 1 L 18
88 1 U 79
89 0 L 67
90 1 L 76
91 0 L 25
92 1 L -1
93 1 L 68
94 1 L 72
95 1 L 93
96 1 L -1
97
0 1 U -1
1 0 U 0
2 0 U -1
3 0 U -1
4 1 U -1
5 0 U 3
6 0 L -1
7 1 U 3
8 1 U 7
9 0 U -1
10 1 U -1
11 0 U 0
12 0 L -1
13 0 L 4
14 0 L 8
15 1 U 7
16 1 U 1
17 0 L -1
18 0 U 4
19 0 U 4
20 0 U 19
21 0 U 5
22 1 L 2
23 0 L 10
24 0 U -1
25 1 U 23
26 0 U 20
27 1 L 0
28 1 U 21
29 1 L 22
30 0 L 25
31 1 L 25
32 0 L 20
33 1 L 29
34 0 L 25
35 0 U -1
36 1 L 20
37 1 U 9
38 0 U 32
39 1 L 20
40 0 L 38
41 0 U 34
42 0 U 32
43 0 L 4
44 0 L 31
45 0 U 16
46 1 U 33
47 1 L -1
48 0 L 31
49 0 L -1
50 0 L 13
51 1 L 41
52 1 L 42
53 1 L 43
54 0 L 34
55 1 U 41
56 0 U 16
57 1 L 27
58 0 U 42
59 0 L 3
60 1 L 9
61 1 U 19
62 0 L 53
63 1 U 38
64 1 L 3
65 0 L 60
66 1 U 40
67 0 L 3
68 0 L 48
69 0 L 24
70 1 L 48
71 0 U 0
72 0 L 46
73 1 U 45
74 0 U 44
75 1 U -1
76 0 L 6
77 1 L 34
78 1 U 10
79 1 U 75
80 1 U 15
81 1 L 28
82 0 U 73
83 1 L 19
84 1 U 74
85 0 U 74
86 1 L 83
87 0 L 18
88 1 U 15
89 0 L 67
90 1 L 76
91 0 L 25
92 1 L -1
93 1 L 68
94 1 L 72
95 0 L 93
96 1 L -1
97
0 1 L -1
1 0 U 0
2 0 U -1
3 0 U -1
4 1 U -1
5 0 U 3
6 0 L -1
7 1 U 3
8 1 U 7
9 0 U -1
10 1 U -1
11 0 U 9
12 0 L -1
13 0 L 4
14 0 L 4
15 1 U 6
16 1 U 1
17 1 L -1
18 1 U 10
19 0 U 4
20 0 U 19
21 0 U 19
22 1 L 2
23 0 L 10
24 1 U 3
25 1 U 23
26 0 U 20
27 1 L 0
28 1 U 21
29 0 L 22
30 0 L 25
31 1 L 25
32 0 L 20
33 1 L 29
34 0 L 25
35 0 U -1
36 1 L 20
37 1 U -1
38 0 U 32
39 1 L 20
40 0 L 38
41 0 U 34
42 0 U 32
43 0 L 4
44 0 L 22
45 1 U 16
46 1 U 20
47 1 L -1
48 0 L 31
49 0 L -1
50 0 L 11
51 1 L 41
52 1 L 46
53 1 L 43
54 0 L 34
55 1 U 41
56 0 U 16
57 1 L 27
58 0 U 42
59 0 L 3
60 1 L 9
61 0 U 19
62 1 L 53
63 1 U 38
64 0 L 3
65 1 L 60
66 1 U 40
67 1 L 29
68 0 L 48
69 0 L 15
70 1 L 20
71 0 U 0
72 0 L 40
73 1 U 20
74 0 U 44
75 1 U -1
76 0 L 6
77 1 L 34
78 1 U 10
79 1 U 75
80 1 U 15
81 0 L 28
82 1 U 73
83 0 L 69
84 1 U 74
85 0 U 74
86 0 L 83
87 1 L 18
88 1 U 15
89 0 L 67
90 1 L 76
91 0 L 76
92 1 L -1
93 1 L 68
94 1 L 72
95 1 L 93
96 1 L -1
97
0 1 U -1
1 0 U 0
2 0 U -1
3 0 U -1
4 1 U -1
5 0 U 3
6 0 L -1
7 1 U 3
8 1 U 7
9 0 U -1
10 1 U -1
11 0 U 9
12 0 L -1
13 0 L 4
14 0 L 4
15 1 U 7
16 1 U 1
17 1 L -1
18 1 U 0
19 0 U 4
20 0 U 19
21 0 U 19
22 1 L 2
23 0 L 10
24 1 U 3
25 1 U 23
26 0 U 20
27 1 L 0
28 1 U 21
29 1 L 22
30 0 L 25
31 1 L 25
32 0 L 20
33 1 L 29
34 0 L 25
35 1 U -1
36 1 L 20
37 1 U -1
38 0 U 32
39 1 L 26
40 0 L 38
41 0 U 34
42 0 U 32
43 0 L 4
44 0 L 22
45 0 U 24
46 1 U 20
47 1 L -1
48 1 L 31
49 0 L -1
50 0 L 11
51 1 L 41
52 1 L 45
53 1 L 43
54 0 L 34
55 1 U 41
56 0 U 16
57 1 L 6
58 1 U 42
59 0 L 29
60 1 L 9
61 1 U 6
62 0 L 53
63 1 U 38
64 1 L 29
65 1 L 53
66 0 U 40
67 0 L 29
68 1 L 29
69 0 L 15
70 0 L 50
71 1 U 0
72 0 L 51
73 1 U 29
74 0 U 17
75 1 U -1
76 0 L 6
77 1 L 34
78 1 U 75
79 1 U 10
80 1 U 15
81 1 L 2
82 1 U 73
83 1 L 32
84 1 U 74
85 0 U 74
86 0 L 32
87 0 L 48
88 1 U 29
89 0 L 67
90 1 L 76
91 1 L 70
92 1 L -1
93 1 L 68
94 1 L 72
95 1 L 93
96 1 L -1
97
0 1 L -1
1 0 U 0
2 0 U -1
3 0 U -1
4 1 U -1
5 0 U 3
6 0 L -1
7 1 U 3
8 1 U 7
9 0 U -1
10 1 U -1
11 0 U 9
12 1 L -1
13 0 L 4
14 0 L 4
15 1 U 7
16 1 U 1
17 0 L -1
18 0 U 9
19 0 U 4
20 0 U 19
21 0 U 19
22 1 L 2
23 0 L 10
24 1 U 3
25 1 U 23
26 0 U 20
27 0 L 0
28 1 U 13
29 0 L 22
30 0 L 25
31 1 L 25
32 0 L 20
33 1 L 29
34 0 L 25
35 1 U -1
36 1 L 20
37 0 U -1
38 0 U 32
39 1 L 26
40 0 L 38
41 0 U 34
42 0 U 32
43 0 L 4
44 1 L 22
45 1 U 24
46 1 U 15
47 1 L -1
48 1 L 31
49 0 L -1
50 0 L 11
51 1 L 41
52 1 L 45
53 0 L 43
54 0 L 31
55 1 U 41
56 1 U 16
57 0 L 6
58 1 U 42
59 0 L 44
60 1 L 9
61 1 U 6
62 1 L 15
63 1 U 38
64 0 L 44
65 1 L 60
66 1 U 40
67 0 L 29
68 1 L 29
69 0 L 15
70 0 L 23
71 1 U 0
72 0 L 51
73 1 U 29
74 0 U 17
75 1 U -1
76 0 L 6
77 1 L 34
78 1 U 75
79 1 U -1
80 1 U 33
81 0 L 2
82 0 U 80
83 0 L 28
84 0 U 74
85 0 U 74
86 0 L 32
87 0 L 48
88 1 U 29
89 1 L 67
90 1 L 21
91 1 L 70
92 1 L -1
93 1 L 68
94 1 L 25
95 0 L 10
96 1 L -1
97
0 1 L -1
1 0 U 0
2 0 U -1
3 0 U -1
4 1 U -1
5 0 U 3
6 0 L -1
7 1 U 3
8 1 U 7
9 0 U -1
10 1 U -1
11 0 U 9
12 0 L -1
13 0 L 4
14 0 L 4
15 1 U 7
16 1 U 1
17 0 L -1
18 1 U 0
19 0 U 4
20 0 U 19
21 0 U 19
22 1 L 2
23 0 L 10
24 1 U 4
25 1 U 23
26 0 U 20
27 1 L 0
28 1 U 20
29 1 L 22
30 0 L 25
31 1 L 25
32 0 L 20
33 1 L 29
34 0 L 25
35 1 U -1
36 1 L 20
37 0 U -1
38 0 U 32
39 1 L 26
40 1 L 38
41 0 U 34
42 0 U 32
43 0 L 4
44 1 L 22
45 1 U 24
46 1 U 21
47 1 L -1
48 1 L 31
49 1 L -1
50 0 L 11
51 1 L 41
52 1 L 45
53 0 L 43
54 0 L 31
55 1 U 41
56 0 U 16
57 1 L 25
58 1 U 42
59 0 L 44
60 1 L 9
61 1 U 19
62 1 L 15
63 1 U 38
64 1 L 54
65 1 L 60
66 1 U 0
67 0 L 29
68 1 L 29
69 0 L 15
70 1 L 23
71 1 U 10
72 0 L 51
73 1 U 29
74 0 U 17
75 1 U -1
76 1 L 27
77 1 L 34
78 1 U 75
79 1 U 11
80 1 U 33
81 0 U 2
82 1 U 80
83 0 L 69
84 0 U 74
85 0 U 74
86 1 L 41
87 0 L 48
88 1 U 29
89 1 L 67
90 0 L 19
91 1 L 70
92 1 L -1
93 1 L 68
94 0 L 37
95 0 L 10
96 0 L -1
97
0 1 U -1
1 0 U 0
2 0 U -1
3 0 U -1
4 1 U -1
5 0 U 3
6 0 L -1
7 1 U 3
8 1 U 7
9 0 U -1
10 1 U -1
11 0 U 0
12 1 L -1
13 0 L 4
14 0 L 4
15 1 U 6
16 1 U 10
17 0 L -1
18 1 U 9
19 0 U 4
20 0 U 19
21 0 U 19
22 1 L 2
23 0 L 10
24 1 U 4
25 1 U 23
26 0 U 20
27 1 L 0
28 1 U 13
29 1 L 22
30 0 L 25
31 1 L 25
32 0 L 20
33 1 L 29
34 0 L 25
35 0 U -1
36 1 L 20
37 0 U -1
38 0 U 32
39 1 L 26
40 1 L 38
41 0 U 34
42 0 U 32
43 0 L 7
44 1 L 31
45 1 U 24
46 1 U 29
47 0 L -1
48 0 L 31
49 0 L -1
50 0 L 16
51 1 L 41
52 1 L 45
53 0 L 43
54 0 L 31
55 1 U 41
56 0 U 7
57 0 L 25
58 1 U 42
59 0 L 44
60 1 L 13
61 1 U 11
62 1 L 15
63 1 U 38
64 0 L 54
65 0 L 15
66 1 U 9
67 0 L 29
68 1 L 44
69 0 L 15
70 0 L 23
71 1 U 3
72 0 L 58
73 1 U 29
74 0 U 17
75 1 U -1
76 1 L 25
77 1 L 34
78 1 U 75
79 1 U 11
80 1 U 33
81 0 U 0
82 1 U 80
83 0 L 69
84 0 U 74
85 0 U 74
86 1 L 41
87 0 L 48
88 1 U 15
89 1 L 67
90 0 L 27
91 0 L 31
92 1 L 40
93 1 L 67
94 0 L 37
95 0 L 36
96 0 L -1
97
0 1 L -1
1 0 U 0
2 0 U -1
3 0 U -1
4 1 U -1
5 0 U 3
6 0 L -1
7 1 U 3
8 1 U 7
9 0 U -1
10 1 U -1
11 0 U 9
12 0 L -1
13 0 L 4
14 0 L 4
15 1 U 6
16 1 U 4
17 0 L -1
18 1 U 0
19 0 U 4
20 0 U 19
21 0 U 19
22 1 L 2
23 0 L 10
24 1 U 3
25 1 U 23
26 0 U 20
27 1 L 0
28 1 U -1
29 1 L 22
30 0 L 25
31 1 L 25
32 0 L 20
33 1 L 29
34 0 L 25
35 1 U -1
36 1 L 20
37 1 U -1
38 0 U 32
39 1 L 26
40 1 L 38
41 0 U 34
42 0 U 32
43 1 L 7
44 1 L 31
45 0 U 24
46 1 U 15
47 1 L -1
48 1 L 31
49 0 L -1
50 0 L 16
51 1 L 41
52 1 L 45
53 0 L 43
54 0 L 31
55 1 U 41
56 0 U 7
57 1 L 25
58 1 U 42
59 0 L 44
60 1 L 13
61 1 U 11
62 1 L 15
63 1 U 38
64 0 L 54
65 0 L 15
66 1 U 0
67 0 L 29
68 1 L 44
69 0 L 15
70 0 L 60
71 1 U 10
72 0 L 58
73 1 U 29
74 0 U 17
75 1 U -1
76 1 L 25
77 1 L 34
78 0 U 10
79 1 U 7
80 1 U 33
81 0 L 0
82 1 U 80
83 0 L 69
84 0 U 74
85 0 U 74
86 1 L 41
87 0 L 48
88 1 U 56
89 0 L 67
90 0 L 27
91 0 L 15
92 1 L 40
93 1 L 67
94 0 L 37
95 1 L 36
96 0 L -1
97
0 1 U -1
1 0 U 0
2 0 U -1
3 0 U -1
4 1 U -1
5 0 U 3
6 0 L -1
7 1 U 3
8 1 U 7
9 0 U -1
10 1 U -1
11 0 U 0
12 1 L -1
13 0 L 4
14 0 L 4
15 1 U 6
16 1 U 0
17 0 L -1
18 1 U 4
19 0 U 4
20 0 U 19
21 0 U 5
22 1 L 2
23 0 L 10
24 1 U 3
25 1 U 23
26 0 U 20
27 1 L 0
28 1 U -1
29 0 L 22
30 0 L 25
31 1 L 25
32 0 L 20
33 1 L 29
34 0 L 25
35 1 U -1
36 1 L 20
37 1 U -1
38 0 U 32
39 1 L 26
40 1 L 38
41 0 U 34
42 0 U 32
43 0 L 7
44 0 L 31
45 0 U 11
46 1 U 13
47 1 L -1
48 0 L 22
49 1 L -1
50 0 L 16
51 1 L 41
52 1 L 40
53 0 L 43
54 1 L 31
55 1 U 41
56 0 U 7
57 1 L 49
58 1 U 42
59 1 L 3
60 1 L 9
61 1 U 24
62 1 L 60
63 1 U 38
64 1 L 3
65 1 L 15
66 1 U 0
67 0 L 29
68 0 L 30
69 0 L 15
70 0 L 60
71 1 U 10
72 0 L 58
73 1 U 29
74 0 U 17
75 1 U -1
76 1 L 47
77 1 L 34
78 0 U 75
79 1 U 7
80 1 U 15
81 1 L -1
82 0 U 80
83 0 L 35
84 0 U 74
85 0 U 74
86 1 L 41
87 0 L 48
88 1 U 29
89 0 L 67
90 0 L 27
91 1 L 62
92 1 L 40
93 1 L 67
94 0 L 37
95 1 L 19
96 0 L -1
97
0 1 U -1
1 0 U 0
2 0 U -1
3 0 U -1
4 1 U -1
5 0 U 3
6 0 L -1
7 1 U 3
8 1 U 7
9 0 U -1
10 1 U -1
11 0 U 0
12 0 L -1
13 0 L 4
14 0 L 4
15 1 U 6
16 1 U 4
17 0 L -1
18 0 U 3
19 0 U 4
20 0 U 19
21 0 U 5
22 1 L 2
23 0 L 10
24 0 U 3
25 1 U 23
26 0 U 20
27 0 L 0
28 1 U -1
29 0 L 22
30 0 L 25
31 1 L 25
32 0 L 20
33 1 L 29
34 0 L 25
35 1 U -1
36 1 L 20
37 1 U -1
38 0 U 32
39 1 L 26
40 1 L 38
41 0 U 34
42 0 U 32
43 0 L 7
44 0 L 31
45 1 U 24
46 1 U 13
47 1 L -1
48 1 L 22
49 0 L -1
50 0 L 16
51 1 L 41
52 1 L 45
53 0 L 13
54 0 L 31
55 1 U 41
56 0 U 7
57 1 L 49
58 1 U 42
59 0 L 3
60 1 L 9
61 1 U 11
62 1 L 60
63 1 U 38
64 0 L 3
65 1 L 15
66 1 U 0
67 1 L 29
68 1 L 30
69 1 L 15
70 1 L 18
71 1 U 10
72 0 L 58
73 0 L 29
74 0 U 17
75 1 U -1
76 1 L 49
77 1 L 34
78 0 U 75
79 1 U 7
80 1 U 15
81 1 L -1
82 0 U 79
83 0 L 35
84 0 U 74
85 0 U 74
86 1 L 41
87 0 L 48
88 1 U 29
89 0 L 67
90 0 L 27
91 0 L 26
92 1 L 40
93 1 L 8
94 0 L 24
95 0 L 19
96 0 L -1
97
0 1 L -1
1 0 U 0
2 0 U -1
3 0 U -1
4 1 U -1
5 0 U 3
6 0 L -1
7 1 U 3
8 1 U 7
9 0 U -1
10 1 U -1
11 0 U 0
12 1 L -1
13 0 L 4
14 0 L 4
15 1 U 6
16 1 U 4
17 0 L -1
18 0 U 3
19 0 U 4
20 0 U 19
21 0 U 5
22 1 L 2
23 0 L 10
24 0 U 3
25 1 U 23
26 0 U 20
27 1 L 0
28 0 U -1
29 0 L 22
30 0 L 25
31 1 L 25
32 0 L 20
33 1 L 29
34 0 L 25
35 0 U -1
36 1 L 20
37 1 U -1
38 0 U 32
39 1 L 26
40 1 L 38
41 0 U 34
42 0 U 32
43 0 L 7
44 1 L 31
45 1 U 24
46 1 U 20
47 1 L -1
48 0 L 31
49 0 L -1
50 0 L 16
51 1 L 41
52 1 L 45
53 0 L 13
54 0 L 22
55 1 U 41
56 0 U 7
57 1 L 49
58 1 U 42
59 0 L 29
60 1 L 9
61 0 U 19
62 0 L 60
63 1 U 38
64 1 L 3
65 0 L 15
66 1 U 40
67 0 L 29
68 0 L 30
69 0 L 15
70 1 L 15
71 1 U 40
72 0 L 58
73 0 L 29
74 0 U 17
75 1 U -1
76 1 L 49
77 1 L 34
78 0 U 3
79 1 U -1
80 1 U 15
81 0 L -1
82 0 U 29
83 0 L 35
84 0 U 74
85 0 U 74
86 1 L 41
87 0 L 48
88 1 U 29
89 1 L 67
90 0 L 27
91 1 L 26
92 1 L 40
93 1 L 8
94 1 L 24
95 0 L 19
96 0 L -1
