53
0 0 U -1
1 0 U -1
2 0 U -1
3 0 U -1
4 0 U -1
5 0 U -1
6 0 U -1
7 0 U -1
8 0 U -1
9 0 U -1
10 0 U -1
11 0 U -1
12 0 U -1
13 0 U -1
14 0 U -1
15 0 U -1
16 0 U -1
17 0 U -1
18 0 U -1
19 0 U -1
20 0 U -1
21 0 U -1
22 0 U -1
23 0 U -1
24 0 U -1
25 0 U -1
26 0 U -1
27 0 U -1
28 0 U -1
29 0 U -1
30 0 U -1
31 0 U -1
32 0 U -1
33 0 U -1
34 0 U -1
35 0 U -1
36 0 U -1
37 0 U -1
38 0 U -1
39 0 U -1
40 0 U -1
41 0 U -1
42 0 U -1
43 0 U -1
44 0 U -1
45 0 U -1
46 0 U -1
47 0 U -1
48 0 U -1
49 0 U -1
50 0 U -1
51 0 U -1
52 0 U -1
53
0 1 U -1
1 1 L -1
2 0 U -1
3 1 U -1
4 1 U 3
5 1 U -1
6 1 U 5
7 1 L 1
8 0 U 3
9 0 U -1
10 1 L 1
11 1 U 5
12 1 U -1
13 0 U 4
14 0 L 2
15 0 U 13
16 0 U 1
17 1 L -1
18 0 L 6
19 0 U 7
20 0 U 19
21 0 U 15
22 0 U -1
23 1 U 12
24 0 U 4
25 0 L 6
26 0 U -1
27 0 U 26
28 1 L 25
29 0 L 11
30 0 U 1
31 0 U -1
32 1 U 18
33 1 L 3
34 0 U 31
35 1 U 8
36 1 U 11
37 0 L 3
38 0 U 2
39 0 U 23
40 1 L 2
41 0 L 19
42 1 L 3
43 1 L 7
44 1 L 32
45 1 L -1
46 0 L 32
47 1 L 15
48 1 U 46
49 1 U 29
50 1 L 45
51 0 L 24
52 0 U 9
53
0 0 U -1
1 1 L -1
2 0 U -1
3 1 U -1
4 1 U 3
5 1 U -1
6 1 U 5
7 1 L 1
8 0 U 3
9 1 L 7
10 0 L 9
11 1 U 5
12 1 U -1
13 0 U 4
14 0 L 4
15 0 U 10
16 0 U 1
17 0 L -1
18 1 L 14
19 0 U 7
20 0 U 3
21 0 U 1
22 0 U -1
23 1 U -1
24 0 U 20
25 1 L 2
26 0 U -1
27 1 U 8
28 1 L -1
29 0 L 11
30 1 U 1
31 0 U -1
32 1 L 3
33 1 U 11
34 0 L 33
35 1 U 8
36 0 L 15
37 0 L 5
38 1 U -1
39 1 U 13
40 0 U 2
41 1 L 19
42 1 L 16
43 1 L 17
44 0 U 11
45 0 L -1
46 0 U 19
47 0 L 16
48 1 U 46
49 1 L 7
50 0 L 5
51 0 L 9
52 1 U 44
53
0 0 L -1
1 1 L -1
2 0 U -1
3 0 U -1
4 1 U 3
5 1 U -1
6 1 U 5
7 0 L 1
8 0 U 3
9 1 L 7
10 0 L 9
11 0 U 8
12 0 U -1
13 0 L 2
14 0 L 3
15 0 U 10
16 0 U 10
17 0 L -1
18 1 L 2
19 0 U 11
20 0 U 3
21 0 U 1
22 0 U -1
23 1 U -1
24 0 U 20
25 0 L 2
26 0 U 2
27 1 U 8
28 1 L 26
29 0 L 25
30 1 U 10
31 0 U -1
32 1 L 14
33 0 L 28
34 0 U 0
35 1 L 20
36 1 L 15
37 0 L 13
38 0 U -1
39 1 U 38
40 0 U 5
41 1 L 19
42 1 L 3
43 0 L 33
44 0 U 10
45 1 L -1
46 0 U 38
47 1 L 23
48 1 U 37
49 1 L 17
50 0 L 4
51 0 L 4
52 1 U 5
53
0 0 U -1
1 1 L -1
2 0 U -1
3 0 U -1
4 1 U 3
5 1 U -1
6 1 U 5
7 1 L 1
8 0 U 3
9 1 L 7
10 0 L 9
11 1 L 5
12 1 U -1
13 1 L 9
14 0 L 13
15 0 U 5
16 1 U 11
17 0 L -1
18 0 L 0
19 1 U 1
20 0 U 3
21 0 U 11
22 0 U -1
23 1 U -1
24 0 U 20
25 0 L 7
26 0 U -1
27 1 U 8
28 0 U 26
29 0 U 25
30 1 U 1
31 0 U -1
32 0 L 14
33 0 L 11
34 0 L 25
35 0 U 26
36 0 L 33
37 0 L 6
38 0 U -1
39 1 L 29
40 0 U 5
41 1 L 26
42 1 L 4
43 0 L 16
44 1 U 40
45 0 L -1
46 0 U 3
47 0 L 36
48 1 U 25
49 1 L 18
50 0 L 4
51 0 L 33
52 1 U 44
53
0 0 L -1
1 1 L -1
2 0 U -1
3 0 U -1
4 1 U 3
5 1 U -1
6 1 U 5
7 1 L 1
8 0 U 3
9 1 L 7
10 0 L 9
11 0 L 6
12 0 U -1
13 1 L 9
14 1 L 6
15 0 L 13
16 1 U 10
17 0 L -1
18 0 L 1
19 1 U 1
20 0 U 12
21 0 U 10
22 0 U -1
23 1 U -1
24 0 U 20
25 0 L 2
26 0 U -1
27 1 U 26
28 0 U 6
29 0 U 25
30 1 U 27
31 1 U -1
32 1 L 14
33 0 L 32
34 0 L 18
35 0 U 8
36 0 L 8
37 0 L 15
38 0 U -1
39 1 U 29
40 1 U 5
41 1 L 26
42 1 L 12
43 0 L 28
44 1 U 10
45 0 L -1
46 0 U 38
47 0 L 36
48 1 U 25
49 1 L 39
50 0 L 15
51 0 L 33
52 1 U 0
53
0 0 L -1
1 1 L -1
2 0 U -1
3 0 U -1
4 1 U 3
5 1 U -1
6 1 U 5
7 1 L 1
8 0 U 3
9 1 L 7
10 0 L 9
11 1 L 5
12 0 U -1
13 1 L 9
14 0 L 6
15 0 L 3
16 1 U 1
17 0 L -1
18 0 L 1
19 1 U 10
20 0 U 3
21 0 U 11
22 0 U -1
23 1 U -1
24 0 U 4
25 0 L 2
26 0 U -1
27 1 U 8
28 0 U 11
29 0 U 25
30 0 U 27
31 0 U -1
32 0 L 15
33 0 U 32
34 0 L 25
35 0 U 26
36 0 L 8
37 0 L 29
38 0 U -1
39 0 U 6
40 1 U 31
41 1 L 26
42 1 L 12
43 1 L 34
44 1 U 6
45 0 L -1
46 0 U 38
47 0 L 36
48 1 U 25
49 0 L 45
50 0 L 42
51 0 L 14
52 0 U -1
53
0 0 L -1
1 1 L -1
2 0 U -1
3 0 U -1
4 1 U 3
5 1 U -1
6 1 U 5
7 1 L 1
8 0 U 3
9 1 L 7
10 0 L 9
11 1 U 8
12 0 U -1
13 1 L 9
14 0 L 5
15 0 L 6
16 1 U 1
17 0 L -1
18 0 L 1
19 1 U 10
20 0 U 3
21 0 U 11
22 0 U -1
23 1 U -1
24 0 U 5
25 0 L 13
26 0 U -1
27 1 U 8
28 0 U 8
29 0 U 25
30 1 U 11
31 0 U -1
32 1 L 15
33 1 U 27
34 1 L 28
35 0 U 8
36 0 L 8
37 0 L 6
38 0 U -1
39 0 L 25
40 1 U 31
41 1 L 26
42 1 L 14
43 1 L 7
44 1 U 35
45 0 L -1
46 0 U 38
47 1 L 36
48 1 U 25
49 0 L 47
50 0 L 42
51 0 L 14
52 1 U 16
53
0 0 U -1
1 1 L -1
2 0 U -1
3 0 U -1
4 1 U 3
5 1 U -1
6 1 U 5
7 1 L 1
8 0 U 3
9 1 L 7
10 0 L 7
11 1 U 8
12 0 U -1
13 1 L 9
14 0 L 5
15 0 L 6
16 1 U 1
17 0 L -1
18 0 L 1
19 1 U 11
20 0 U 12
21 0 U 14
22 0 U -1
23 1 U -1
24 0 U 4
25 0 L 4
26 0 U -1
27 1 U 26
28 0 U 6
29 0 U 25
30 1 U 1
31 0 U -1
32 1 L 15
33 0 L 31
34 0 U -1
35 0 U 20
36 1 L 11
37 0 L 29
38 0 U -1
39 0 L 29
40 0 U 8
41 1 L 26
42 1 L 14
43 0 L 17
44 1 U 27
45 0 L -1
46 1 U 0
47 0 L 24
48 1 U 25
49 1 L 3
50 0 L 42
51 0 L 14
52 1 U 44
53
0 0 U -1
1 1 L -1
2 0 U -1
3 0 U -1
4 1 U 3
5 1 U -1
6 1 U 5
7 1 L 1
8 0 U 3
9 1 L 2
10 0 L 2
11 0 U 8
12 0 U -1
13 1 L 9
14 0 L 6
15 0 L 6
16 1 U 1
17 0 L -1
18 0 L 1
19 1 U 1
20 0 U 12
21 0 U 11
22 0 U -1
23 1 U -1
24 0 U 5
25 0 L 4
26 0 U -1
27 1 U 26
28 0 U 11
29 0 U 25
30 1 U 1
31 0 U -1
32 1 L 15
33 1 L 15
34 1 U 33
35 1 U 20
36 0 L 11
37 0 L 29
38 1 U -1
39 1 L 29
40 1 U 31
41 1 L 26
42 1 L 32
43 1 L 17
44 1 U 1
45 1 L -1
46 0 U 2
47 0 L 42
48 1 U 21
49 1 L 36
50 0 L 16
51 0 L 14
52 0 L 13
53
0 0 L -1
1 1 L -1
2 0 U -1
3 0 U -1
4 1 U 3
5 1 U -1
6 1 U 5
7 1 L 1
8 0 U 3
9 1 L 2
10 0 L 9
11 0 U 8
12 0 U -1
13 1 L 9
14 0 U 5
15 0 L 5
16 1 U 1
17 0 L -1
18 0 L 0
19 1 U 1
20 0 U 12
21 0 U 11
22 0 U -1
23 1 U -1
24 0 U 4
25 0 L 10
26 0 U -1
27 1 U 26
28 0 U 11
29 0 U 25
30 1 U 24
31 1 U -1
32 1 L 15
33 0 L -1
34 0 U 31
35 0 U 8
36 0 L 32
37 0 L 29
38 0 U -1
39 1 L 6
40 0 U 31
41 1 L 26
42 1 L 32
43 1 L 39
44 1 U 24
45 0 L -1
46 0 L 17
47 1 L 42
48 1 U 30
49 1 L 41
50 0 U 47
51 0 L 11
52 0 U 4
53
0 0 L -1
1 1 L -1
2 0 U -1
3 0 U -1
4 1 U 3
5 1 U -1
6 1 U 5
7 1 L 1
8 0 U 3
9 1 L 7
10 0 L 9
11 0 U 8
12 0 U -1
13 1 L 9
14 0 U 11
15 0 L 5
16 1 U 10
17 0 L -1
18 0 L 0
19 1 U 1
20 0 U 12
21 0 U 1
22 0 U -1
23 1 U -1
24 0 U 4
25 0 L 4
26 0 U -1
27 1 U 26
28 0 U 5
29 0 U 25
30 1 U 5
31 1 U -1
32 1 L 15
33 0 L 6
34 1 L 15
35 1 U 3
36 0 L 32
37 0 L 25
38 0 U 2
39 0 L 6
40 1 U 8
41 1 L 26
42 1 L 32
43 0 L 39
44 1 U 24
45 0 L -1
46 1 L 7
47 0 L 42
48 1 U 21
49 1 L 36
50 0 L 41
51 0 L 11
52 0 L 3
53
0 0 L -1
1 1 L -1
2 0 U -1
3 0 U -1
4 1 U 3
5 1 U -1
6 1 U 5
7 1 L 1
8 0 U 3
9 1 L 2
10 0 L 9
11 0 U 8
12 0 U -1
13 1 L 10
14 0 U 7
15 0 L 6
16 1 U 10
17 0 L -1
18 0 L 0
19 1 U 1
20 0 U 12
21 0 U 7
22 0 U -1
23 1 U -1
24 0 U 4
25 0 L 13
26 0 U -1
27 1 U 26
28 0 U 5
29 0 U 25
30 1 U 1
31 1 U -1
32 1 L 15
33 0 L 21
34 0 U 31
35 1 U 12
36 0 L 11
37 0 L 25
38 1 U -1
39 0 L 6
40 1 U 20
41 1 L 26
42 1 L 32
43 1 L 39
44 1 U 40
45 0 L -1
46 1 L 2
47 1 L 42
48 1 U 21
49 1 L 24
50 0 L 41
51 0 L 43
52 0 L 29
53
0 0 L -1
1 1 L -1
2 0 U -1
3 0 U -1
4 1 U 3
5 1 U -1
6 1 U 5
7 1 L 1
8 0 U 3
9 1 L 2
10 0 L 9
11 1 U 8
12 0 U -1
13 1 L 10
14 0 U 7
15 0 L 5
16 1 U 1
17 0 L -1
18 0 L 0
19 1 U 1
20 0 U 12
21 0 U 7
22 0 U -1
23 1 U -1
24 0 U 20
25 0 L 13
26 0 U -1
27 1 U 8
28 0 U 7
29 0 U 25
30 1 U 26
31 0 U -1
32 1 L 15
33 1 U 12
34 0 U 21
35 0 U -1
36 0 L 8
37 0 L 29
38 1 U -1
39 0 U 30
40 0 U 26
41 1 L 26
42 1 L 32
43 0 L 37
44 1 U 27
45 0 L -1
46 0 L 45
47 1 L 42
48 1 U 17
49 1 U 9
50 0 L 31
51 0 L 46
52 0 U 31
53
0 0 L -1
1 1 L -1
2 0 U -1
3 0 U -1
4 1 U 3
5 1 U 2
6 1 U 5
7 1 L 1
8 0 U 3
9 1 L 2
10 0 L 9
11 0 U 8
12 0 U -1
13 1 L 10
14 0 U 11
15 0 L 6
16 0 U 10
17 1 L -1
18 0 L 15
19 1 U 10
20 0 U 12
21 0 U 11
22 0 U -1
23 1 U -1
24 0 U 20
25 0 L 3
26 0 U -1
27 1 U 8
28 0 L 7
29 0 U 25
30 1 U 20
31 0 U -1
32 1 L 15
33 0 U 20
34 1 L 19
35 0 U 2
36 1 L 32
37 1 L 29
38 1 U -1
39 1 U 30
40 1 U 38
41 1 L 26
42 1 L 32
43 0 L 35
44 1 U 27
45 1 L -1
46 0 L 45
47 1 L 42
48 1 U 34
49 1 U 9
50 0 L 27
51 0 L 45
52 0 U 6
53
0 0 L -1
1 1 L -1
2 0 U -1
3 0 U -1
4 1 U 3
5 1 U -1
6 1 U 5
7 1 L 1
8 0 U 3
9 1 L 2
10 0 L 9
11 0 U 8
12 0 U -1
13 1 L 10
14 0 U 11
15 0 L 6
16 1 U 10
17 1 L -1
18 0 L 15
19 1 U 10
20 0 U 3
21 0 U 11
22 0 U -1
23 1 U -1
24 0 U 4
25 0 L 17
26 0 U -1
27 1 U 8
28 0 L 7
29 0 U 25
30 1 U 8
31 0 U -1
32 1 L 15
33 1 L 30
34 0 U 20
35 0 U 33
36 0 L 11
37 1 L 15
38 1 U -1
39 0 U 7
40 1 U 38
41 1 L 26
42 1 L 37
43 0 L 18
44 1 U 1
45 1 L -1
46 0 L 45
47 0 L 42
48 1 U 32
49 1 U 9
50 0 L 42
51 0 L 45
52 0 U 14
53
0 0 L -1
1 1 L -1
2 0 U -1
3 0 U -1
4 1 U 3
5 1 U -1
6 1 U 5
7 1 L 1
8 0 U 3
9 1 L 2
10 0 L 9
11 0 U 8
12 0 U -1
13 1 L 10
14 0 U 11
15 0 L 5
16 0 U 10
17 1 L -1
18 0 L 15
19 1 U 10
20 0 U 3
21 0 U 10
22 0 U -1
23 1 U -1
24 0 U 4
25 0 L 17
26 0 U -1
27 1 U 8
28 0 L 7
29 0 U 25
30 1 U 8
31 0 U -1
32 1 L 15
33 0 L 30
34 0 U 18
35 0 U 33
36 0 L 11
37 1 L 15
38 1 U 33
39 0 U 6
40 0 U 20
41 1 L 26
42 1 L 37
43 1 L 6
44 0 U 10
45 1 L -1
46 0 L 35
47 0 L 42
48 1 U 19
49 1 L 2
50 0 L 42
51 1 L 45
52 0 U 20
53
0 0 U -1
1 1 L -1
2 0 U -1
3 0 U -1
4 1 U 3
5 1 U 2
6 1 U 5
7 1 L 1
8 0 U 3
9 1 L 2
10 0 L 9
11 1 U 8
12 0 U -1
13 1 L 10
14 0 U 11
15 0 L 5
16 0 U 10
17 1 L -1
18 1 U 13
19 1 U 10
20 0 U 3
21 0 U 10
22 0 U -1
23 1 U -1
24 0 U 4
25 0 L 17
26 0 U -1
27 1 U 8
28 0 L 2
29 0 U 16
30 1 U 20
31 0 U -1
32 1 L 15
33 0 L 30
34 0 U 29
35 0 U 33
36 0 L 11
37 1 L 15
38 1 U 33
39 0 U 6
40 1 U 31
41 1 L 26
42 1 L 37
43 1 U 6
44 0 U 40
45 1 L -1
46 1 L 35
47 0 L 18
48 1 U 19
49 1 L 4
50 0 L 2
51 1 L 45
52 1 U 38
53
0 0 L -1
1 1 L -1
2 0 U -1
3 0 U -1
4 1 U 3
5 1 U 2
6 1 U 5
7 1 L 1
8 0 U 3
9 1 L 2
10 0 L 9
11 0 U 8
12 0 U -1
13 1 L 10
14 0 U 11
15 0 L 5
16 0 U 1
17 0 L -1
18 1 U 13
19 1 U 11
20 0 U 3
21 0 U 1
22 0 U -1
23 1 U -1
24 0 U 5
25 1 L 17
26 0 U -1
27 1 U 8
28 0 L 7
29 0 U 17
30 1 U 26
31 0 U -1
32 1 L 15
33 0 L 30
34 0 U 29
35 0 U 2
36 0 L 8
37 1 L 15
38 1 U 33
39 1 U 6
40 0 U 35
41 1 L 26
42 1 L 32
43 0 U 14
44 0 U 40
45 0 L -1
46 1 L 35
47 1 L 18
48 1 U 15
49 1 L 31
50 0 L 7
51 1 L 45
52 1 U 38
53
0 0 U -1
1 1 L -1
2 0 U -1
3 0 U -1
4 1 U 3
5 1 U 2
6 1 U 5
7 1 L 1
8 0 U 3
9 1 L 2
10 0 L 9
11 1 U 8
12 0 U -1
13 1 L 10
14 0 U 11
15 0 L 6
16 0 U 1
17 1 L -1
18 1 U 1
19 1 U 10
20 0 U 12
21 0 U 1
22 0 U -1
23 1 U -1
24 0 U 5
25 1 L 17
26 0 U -1
27 1 U 26
28 0 L 7
29 0 U 25
30 1 U 20
31 0 U -1
32 1 L 15
33 1 L 4
34 0 U 20
35 0 U 2
36 0 L 8
37 1 L 29
38 1 U -1
39 1 U 6
40 0 U 35
41 1 L 26
42 1 L 37
43 0 U 14
44 0 U 40
45 0 L -1
46 0 L 35
47 1 L 18
48 1 U 15
49 1 L 43
50 0 L 7
51 1 L 45
52 1 U 46
53
0 0 U -1
1 1 L -1
2 0 U -1
3 0 U -1
4 1 U 3
5 1 U 2
6 1 U 5
7 1 L 1
8 0 U 3
9 1 L 2
10 0 L 9
11 1 U 8
12 0 U -1
13 1 L 10
14 0 U 11
15 0 L 6
16 0 U 1
17 1 L -1
18 1 U 10
19 1 U 10
20 0 U 12
21 0 U 11
22 0 U -1
23 1 U -1
24 0 U 5
25 0 L 17
26 0 U -1
27 1 U 8
28 0 L 7
29 0 U 15
30 1 U 8
31 0 U -1
32 1 L 15
33 0 U 6
34 0 L 4
35 0 U 2
36 0 L 32
37 1 L 29
38 1 U -1
39 0 U 6
40 1 L 35
41 1 L 26
42 1 L 37
43 0 U 14
44 0 U 40
45 0 L -1
46 1 L 35
47 0 L 42
48 1 U 15
49 1 L 42
50 0 L 7
51 1 L 45
52 1 U 46
53
0 0 U -1
1 1 L -1
2 0 U -1
3 0 U -1
4 1 U 3
5 1 U 2
6 1 U 5
7 1 L 1
8 0 U 3
9 1 L 2
10 0 L 9
11 1 U 8
12 0 U -1
13 1 L 10
14 0 U 11
15 0 L 6
16 0 U 1
17 1 L -1
18 1 U 14
19 1 U 10
20 0 U 3
21 0 U 1
22 0 U -1
23 1 U -1
24 0 U 20
25 0 L 17
26 0 U -1
27 1 U 8
28 0 L 7
29 0 U 17
30 1 U 8
31 0 U -1
32 1 L 15
33 0 L 7
34 1 U 7
35 0 U 2
36 0 L 8
37 1 L 15
38 1 U -1
39 0 U 6
40 1 U 31
41 1 L 26
42 1 L 32
43 1 U 14
44 1 U 40
45 1 L -1
46 1 L 35
47 0 L 42
48 1 U 16
49 1 L 30
50 0 L 9
51 1 L 45
52 0 U 26
53
0 0 L -1
1 1 L -1
2 0 U -1
3 0 U -1
4 1 U 3
5 1 U -1
6 1 U 5
7 1 L 1
8 0 U 3
9 1 L 2
10 0 L 9
11 1 U 8
12 0 U -1
13 1 L 10
14 0 U 11
15 0 L 6
16 0 U 1
17 1 L -1
18 0 L 9
19 1 U 10
20 0 U 3
21 0 U 1
22 0 U -1
23 1 U -1
24 0 U 4
25 0 L 17
26 0 U -1
27 1 U 8
28 0 L 7
29 0 U 15
30 1 U 26
31 0 U -1
32 1 L 15
33 0 L 28
34 0 U 27
35 0 U 2
36 0 L 8
37 1 L 15
38 1 U -1
39 1 U 7
40 0 U 8
41 1 L 26
42 1 L 32
43 1 U 14
44 1 U 40
45 0 L -1
46 0 L 31
47 0 L 42
48 1 U 25
49 1 L 10
50 0 L 7
51 1 L 17
52 0 U 26
53
0 0 U -1
1 1 L -1
2 0 U -1
3 0 U -1
4 1 U 3
5 1 U -1
6 1 U 5
7 1 L 1
8 0 U 3
9 1 L 2
10 0 L 9
11 1 U 8
12 0 U -1
13 1 L 9
14 0 U 11
15 0 L 5
16 0 U 1
17 1 L -1
18 0 L 4
19 1 U 10
20 0 U 12
21 0 U 11
22 0 U -1
23 1 U -1
24 0 U 4
25 0 L 17
26 0 U -1
27 1 U 20
28 0 L 7
29 0 U 15
30 0 U 20
31 0 U -1
32 1 L 15
33 0 L 18
34 0 U 11
35 0 U 2
36 0 L 11
37 1 L 15
38 1 U -1
39 0 U 18
40 1 L 35
41 1 L 26
42 1 L 37
43 1 U 30
44 1 U 4
45 0 L -1
46 0 L 31
47 0 L 42
48 1 U 17
49 1 L 13
50 0 L 7
51 1 L 17
52 0 U 9
53
0 0 U -1
1 1 L -1
2 0 U -1
3 0 U -1
4 1 U 3
5 1 U 2
6 1 U 5
7 1 L 1
8 0 U 3
9 1 L 2
10 0 L 4
11 0 U 8
12 0 U -1
13 1 L 9
14 0 U 11
15 0 L 6
16 0 U 1
17 1 L -1
18 1 L 10
19 1 U 11
20 0 U 12
21 0 U 11
22 0 U -1
23 1 U -1
24 0 U 5
25 0 L 17
26 0 U -1
27 1 U 20
28 0 L 7
29 0 U 25
30 1 U 20
31 0 U -1
32 1 L 15
33 1 U 30
34 0 U 13
35 0 U 23
36 0 L 11
37 1 L 15
38 0 U -1
39 1 U 6
40 1 L 35
41 1 L 26
42 1 L 37
43 1 U 27
44 1 U 40
45 0 L -1
46 0 L 39
47 1 L 42
48 1 U 17
49 1 U 18
50 0 L 7
51 1 L 45
52 1 U 18
53
0 0 U -1
1 1 L -1
2 0 U -1
3 0 U -1
4 1 U 3
5 1 U 2
6 1 U 5
7 1 L 1
8 0 U 3
9 1 L 2
10 1 L 4
11 0 U 8
12 0 U -1
13 1 L 9
14 0 U 11
15 0 L 6
16 0 U 1
17 1 L -1
18 0 L 13
19 1 U 11
20 0 U 12
21 0 U 11
22 0 U -1
23 1 U -1
24 0 U 5
25 0 L 17
26 0 U -1
27 1 U 20
28 0 L 7
29 0 U 25
30 1 U 3
31 1 U -1
32 1 L 15
33 0 U 11
34 0 L 4
35 0 U 12
36 0 L 11
37 1 L 15
38 0 U -1
39 1 U 6
40 0 L 35
41 1 L 26
42 1 L 37
43 1 U 35
44 1 U 40
45 0 L -1
46 1 U 33
47 0 L 42
48 1 U 17
49 1 U 32
50 0 L 9
51 1 L 45
52 1 U 9
53
0 0 U -1
1 1 L -1
2 0 U -1
3 0 U -1
4 1 U 3
5 1 U 2
6 1 U 5
7 1 L 1
8 0 U 3
9 1 L 2
10 1 L 4
11 1 U 8
12 0 U -1
13 1 L 9
14 0 U 11
15 0 L 6
16 0 U 1
17 1 L -1
18 1 L 3
19 1 U 11
20 0 U 12
21 0 U 11
22 0 U -1
23 1 U -1
24 0 U 5
25 0 L 17
26 0 U -1
27 1 U 20
28 0 L 7
29 0 U 18
30 1 U 8
31 0 U -1
32 1 L 15
33 0 U 30
34 0 L 10
35 0 U 31
36 0 L 11
37 1 L 15
38 1 U 2
39 1 U 33
40 0 L 35
41 1 L 26
42 1 L 37
43 1 L 39
44 1 U 40
45 0 L -1
46 1 U 13
47 0 L 42
48 1 U 25
49 1 L 9
50 0 L 9
51 1 L 45
52 0 U 0
53
0 0 L -1
1 1 L -1
2 0 U -1
3 0 U -1
4 1 U 3
5 1 U 2
6 1 U 5
7 1 L 1
8 0 U 3
9 1 L 2
10 1 L 4
11 1 U 8
12 0 U -1
13 1 L 9
14 0 U 11
15 0 L 6
16 0 U 1
17 1 L -1
18 1 L 4
19 1 U 11
20 0 U 3
21 0 U 11
22 0 U -1
23 1 U -1
24 0 U 4
25 0 L 17
26 0 U -1
27 1 U 20
28 0 L 7
29 0 U 25
30 1 U 20
31 1 U -1
32 1 L 15
33 1 U 31
34 1 U 12
35 0 U 31
36 0 L 11
37 1 L 15
38 0 U 2
39 1 L 33
40 1 L 35
41 1 L 26
42 1 L 37
43 1 U 39
44 1 L 31
45 0 L -1
46 1 U 13
47 0 L 42
48 1 U 17
49 1 L 4
50 0 L 9
51 1 L 45
52 1 U 13
53
0 0 L -1
1 1 L -1
2 0 U -1
3 0 U -1
4 1 U 3
5 1 U 2
6 1 U 5
7 1 L 1
8 0 U 3
9 1 L 2
10 1 L -1
11 1 U 8
12 0 U -1
13 1 L 9
14 0 U 13
15 0 L 5
16 0 U 1
17 1 L -1
18 0 L 9
19 1 U 11
20 0 U 12
21 0 U 11
22 0 U -1
23 1 U -1
24 0 U 4
25 0 L 17
26 0 U -1
27 1 U 20
28 0 L 7
29 0 U 17
30 0 U 20
31 0 U -1
32 1 L 15
33 0 U 31
34 1 U -1
35 1 U 11
36 0 L 11
37 1 L 15
38 0 U 2
39 1 L 33
40 1 U 3
41 1 L 26
42 1 L 37
43 0 U 30
44 1 L 35
45 0 L -1
46 0 U 44
47 0 L 42
48 1 U 17
49 1 L 13
50 0 L 9
51 1 L 45
52 1 U 46
53
0 0 U -1
1 1 L -1
2 0 U -1
3 0 U -1
4 1 U 3
5 1 U -1
6 1 U 5
7 1 L 1
8 0 U 3
9 1 L 2
10 1 L -1
11 1 U 8
12 0 U -1
13 1 L 9
14 0 U 10
15 0 L 6
16 0 U 1
17 1 L -1
18 0 L 13
19 1 U 11
20 0 U 12
21 1 U 11
22 0 U -1
23 1 U -1
24 0 U 5
25 0 L 17
26 0 U -1
27 1 U 20
28 0 L 7
29 0 U 25
30 0 U 20
31 1 U -1
32 1 L 15
33 1 L 16
34 1 L 5
35 1 U 31
36 0 L 11
37 1 L 15
38 0 U 2
39 1 L 35
40 1 U 38
41 1 L 26
42 1 L 11
43 0 U 4
44 0 L 21
45 0 L -1
46 1 L 21
47 1 L 42
48 1 U 17
49 1 U 13
50 0 L 9
51 1 L 45
52 1 U 32
53
0 0 L -1
1 1 L -1
2 0 U -1
3 0 U -1
4 1 U 3
5 1 U -1
6 1 U 5
7 1 L 1
8 0 U 3
9 1 L 2
10 1 L -1
11 1 U 8
12 0 U -1
13 1 L 9
14 0 U 10
15 0 L 6
16 0 U 1
17 1 L -1
18 1 L 13
19 1 U 11
20 0 U 12
21 1 U 11
22 0 U -1
23 1 U -1
24 0 U 20
25 0 L 17
26 0 U -1
27 1 U 20
28 0 L 7
29 0 U 25
30 0 U 20
31 1 U -1
32 1 L 15
33 1 L 19
34 1 L 4
35 1 U 31
36 0 L 11
37 1 L 15
38 0 U 2
39 1 U 21
40 1 U 38
41 1 L 26
42 1 L 32
43 0 U 24
44 0 L 21
45 0 L -1
46 1 U 21
47 0 L 42
48 1 U 19
49 1 U 13
50 0 L 9
51 1 L 45
52 1 U 43
53
0 0 L -1
1 1 L -1
2 0 U -1
3 0 U -1
4 1 U 3
5 1 U 2
6 1 U 5
7 1 L 1
8 0 U 3
9 1 L 2
10 1 L -1
11 1 U 8
12 0 U -1
13 1 L 9
14 0 U 13
15 0 L 6
16 0 U 1
17 1 L -1
18 0 L 9
19 1 U 11
20 0 U 12
21 1 U 11
22 0 U -1
23 1 U -1
24 0 U 20
25 0 L 17
26 0 U -1
27 1 U 20
28 0 L 7
29 0 U 25
30 0 U 20
31 1 U -1
32 1 L 15
33 0 L 5
34 1 L 28
35 1 U 31
36 0 L 11
37 1 L 15
38 0 U -1
39 1 L 21
40 0 U 38
41 1 L 26
42 1 L 37
43 0 U 4
44 0 L 21
45 0 L -1
46 1 L 41
47 1 L 42
48 1 U 19
49 1 U 44
50 0 L 9
51 1 L 45
52 0 U 40
53
0 0 U -1
1 1 L -1
2 0 U -1
3 0 U -1
4 1 U 3
5 1 U 2
6 1 U 5
7 1 L 1
8 0 U 3
9 1 L 2
10 1 L -1
11 1 U 8
12 0 U -1
13 1 L 9
14 0 U 10
15 0 L 6
16 0 U 1
17 1 L -1
18 1 L 4
19 1 U 11
20 0 U 3
21 1 U 11
22 0 U -1
23 1 U -1
24 0 U 4
25 0 L 17
26 0 U -1
27 1 U 20
28 0 L 7
29 0 U 17
30 0 U 20
31 1 U -1
32 1 L 15
33 1 L 19
34 1 L 33
35 1 U 31
36 0 L 32
37 1 L 15
38 0 U -1
39 1 L 35
40 0 U 38
41 1 L 26
42 1 L 37
43 0 U 5
44 0 L 21
45 0 L -1
46 1 L 35
47 1 L 42
48 1 U 25
49 0 L 33
50 0 L 9
51 1 L 45
52 0 U 9
53
0 0 L -1
1 1 L -1
2 0 U -1
3 0 U -1
4 1 U 3
5 1 U -1
6 1 U 5
7 1 L 1
8 0 U 3
9 1 L 2
10 1 L -1
11 0 U 8
12 0 U -1
13 1 L 9
14 0 U 5
15 0 L 6
16 0 U 1
17 1 L -1
18 1 L 4
19 1 U 11
20 0 U 3
21 1 U 11
22 0 U -1
23 1 U -1
24 0 U 14
25 0 L 17
26 0 U -1
27 1 U 20
28 0 L 7
29 0 U 17
30 0 U 20
31 1 U -1
32 1 L 15
33 1 L 19
34 1 L 33
35 1 U 31
36 0 L 11
37 1 L 29
38 0 U -1
39 1 L 27
40 0 U 3
41 1 L 26
42 1 L 37
43 0 U 30
44 1 L 31
45 0 L -1
46 0 L 35
47 0 L 42
48 1 U 25
49 0 L 33
50 0 L 9
51 1 L 45
52 0 U 33
53
0 0 L -1
1 1 L -1
2 0 U -1
3 0 U -1
4 1 U 3
5 1 U -1
6 1 U 5
7 1 L 1
8 0 U 3
9 1 L 2
10 0 L 9
11 1 U 8
12 0 U -1
13 1 L 9
14 0 U 5
15 0 L 6
16 0 U 1
17 1 L -1
18 0 L 3
19 1 U 11
20 0 U 3
21 1 U 10
22 0 U -1
23 1 U -1
24 0 U 4
25 0 L 17
26 0 U -1
27 1 U 26
28 0 L 7
29 0 U 17
30 1 U 20
31 1 U -1
32 1 L 15
33 1 U 3
34 1 U 31
35 1 U 31
36 0 L 32
37 1 L 29
38 0 U -1
39 1 L 26
40 0 U 23
41 1 L 26
42 1 L 37
43 0 U 32
44 1 L 43
45 0 L -1
46 1 L 35
47 0 L 42
48 1 U 25
49 0 L 47
50 0 L 9
51 1 L 45
52 0 U 44
53
0 0 U -1
1 1 L -1
2 0 U -1
3 0 U -1
4 1 U 3
5 1 U -1
6 1 U 5
7 1 L 1
8 0 U 3
9 1 L 2
10 0 L 9
11 0 U 8
12 0 U -1
13 1 L 10
14 0 U 5
15 0 L 5
16 0 U 1
17 1 L -1
18 0 L 15
19 1 U 10
20 0 U 3
21 1 U 1
22 0 U -1
23 1 U -1
24 0 U 14
25 0 L 17
26 0 U -1
27 1 U 26
28 0 L 7
29 0 U 16
30 1 U 20
31 1 U -1
32 1 L 15
33 0 L 28
34 1 U -1
35 1 U 31
36 0 L 18
37 1 L 29
38 1 U -1
39 0 L 19
40 0 U 38
41 1 L 26
42 1 L 37
43 0 U 30
44 1 L 43
45 1 L -1
46 1 L 43
47 0 L 42
48 1 U 17
49 0 L 47
50 0 U 15
51 0 L 2
52 0 U 44
53
0 0 U -1
1 1 L -1
2 0 U -1
3 0 U -1
4 1 U 3
5 1 U -1
6 1 U 5
7 1 L 1
8 0 U 3
9 1 L 2
10 0 L 9
11 0 L 5
12 0 U -1
13 1 L 10
14 0 U 5
15 0 L 6
16 0 U 1
17 1 L -1
18 1 L 13
19 1 U 1
20 0 U 12
21 1 U 10
22 0 U -1
23 1 U -1
24 0 U 14
25 0 L 17
26 0 U -1
27 1 U 8
28 0 L 7
29 0 U 16
30 1 U 5
31 1 U -1
32 1 L 15
33 1 L 19
34 0 U 31
35 1 U 12
36 0 L 32
37 1 L 29
38 0 U -1
39 0 L 28
40 1 U 38
41 1 L 26
42 1 L 37
43 0 U 9
44 1 U 35
45 0 L -1
46 1 L 26
47 0 L 42
48 1 U 17
49 0 L 33
50 0 U 13
51 1 L 17
52 0 U 6
53
0 0 U -1
1 1 L -1
2 0 U -1
3 0 U -1
4 1 U 3
5 1 U -1
6 1 U 5
7 1 L 1
8 0 U 3
9 1 L 2
10 0 L 9
11 0 U 8
12 0 U -1
13 1 L 10
14 0 L 5
15 0 L 5
16 0 U 1
17 1 L -1
18 0 L 13
19 1 U 1
20 0 U 12
21 1 U 10
22 0 U -1
23 1 U -1
24 0 U 4
25 0 L 17
26 0 U -1
27 1 U 8
28 0 L 7
29 0 U 16
30 1 U 5
31 1 U -1
32 1 L 15
33 1 L 19
34 1 L 19
35 1 U 18
36 0 L 32
37 1 L 15
38 0 U -1
39 1 L 10
40 1 U 0
41 1 L 26
42 1 L 37
43 1 U 13
44 1 U 40
45 0 L -1
46 1 L 31
47 1 L 42
48 1 U 43
49 0 L 33
50 0 L 13
51 1 L 17
52 0 U 30
53
0 0 U -1
1 1 L -1
2 0 U -1
3 0 U -1
4 1 U 3
5 1 U -1
6 1 U 5
7 1 L 1
8 0 U 3
9 1 L 2
10 0 L 9
11 1 L 5
12 0 U -1
13 1 L 10
14 1 U 8
15 0 L 5
16 0 U 1
17 1 L -1
18 0 L 13
19 1 U 1
20 0 U 1
21 1 U 10
22 0 U -1
23 1 U -1
24 0 U 4
25 0 L 17
26 0 U -1
27 1 U 8
28 0 L 2
29 0 U 16
30 1 U 3
31 1 U -1
32 1 L 15
33 1 L 19
34 1 L 19
35 1 U 18
36 0 L 11
37 1 L 15
38 0 U -1
39 1 L 4
40 0 U 38
41 1 L 26
42 1 L 37
43 1 U 32
44 0 U 40
45 0 L -1
46 0 L 31
47 1 L 42
48 1 U 43
49 0 L 33
50 0 L 4
51 0 L 45
52 1 U 13
53
0 0 U -1
1 1 L -1
2 0 U -1
3 0 U -1
4 1 U 3
5 1 U -1
6 1 U 5
7 1 L 1
8 0 U 3
9 1 L 2
10 0 L 9
11 0 U 5
12 0 U -1
13 1 L 10
14 0 U 5
15 0 L 5
16 0 U 1
17 1 L -1
18 0 L 9
19 1 U 1
20 0 U 1
21 1 U 10
22 0 U -1
23 1 U -1
24 1 U 12
25 0 L 17
26 0 U -1
27 1 U 8
28 0 L 7
29 0 U 16
30 0 U 3
31 1 U -1
32 1 L 15
33 1 L 19
34 1 U 9
35 1 U 30
36 0 L 11
37 1 L 15
38 0 U -1
39 1 L 4
40 1 U 38
41 1 L 26
42 1 L 37
43 1 U 13
44 0 U 5
45 1 L -1
46 0 L 43
47 1 L 42
48 1 U 43
49 0 L 33
50 0 L 3
51 1 L 45
52 1 U 32
53
0 0 L -1
1 1 L -1
2 0 U -1
3 0 U -1
4 1 U 3
5 1 U -1
6 1 U 5
7 1 L 1
8 0 U 3
9 1 L 2
10 0 L 9
11 1 U 8
12 0 U -1
13 1 L 10
14 0 U 13
15 0 L 6
16 0 U 1
17 1 L -1
18 0 U 12
19 1 U 1
20 0 U 10
21 1 U 10
22 0 U -1
23 1 U -1
24 1 U 12
25 0 L 17
26 0 U -1
27 1 U 8
28 0 L 7
29 0 U 16
30 0 U 3
31 1 U -1
32 1 L 15
33 1 L 19
34 0 U 32
35 0 U 30
36 0 L 11
37 1 L 15
38 0 U -1
39 1 L 13
40 1 U 38
41 0 L 26
42 1 L 37
43 0 U 13
44 0 U 5
45 0 L -1
46 0 L 26
47 1 L 42
48 1 U 25
49 0 L 33
50 0 L 4
51 1 L 45
52 0 U 4
53
0 0 L -1
1 1 L -1
2 0 U -1
3 0 U -1
4 1 U 3
5 1 U -1
6 1 U 5
7 1 L 1
8 0 U 3
9 1 L 2
10 0 L 9
11 1 U 8
12 0 U -1
13 1 L 10
14 0 U 4
15 0 L 5
16 0 U 1
17 1 L -1
18 1 L 13
19 1 U 1
20 0 U 10
21 1 U 10
22 0 U -1
23 1 U -1
24 0 U 23
25 0 L 17
26 0 U -1
27 1 U 8
28 0 L 25
29 0 U 16
30 0 U 12
31 1 U -1
32 1 L 15
33 0 L 19
34 1 L 33
35 1 U 5
36 0 L 11
37 1 L 15
38 0 U -1
39 1 L 13
40 0 U 38
41 0 L 33
42 1 L 37
43 1 U 34
44 0 U 40
45 0 L -1
46 0 L 26
47 1 L 42
48 1 U 17
49 0 L 27
50 0 L 13
51 0 L 17
52 0 U 4
53
0 0 L -1
1 1 L -1
2 0 U -1
3 0 U -1
4 1 U 3
5 1 U -1
6 1 U 5
7 1 L 1
8 0 U 3
9 1 L 2
10 0 L 9
11 1 U 8
12 0 U -1
13 1 L 10
14 0 U 8
15 0 L 5
16 0 U 1
17 1 L -1
18 1 L 9
19 1 U 1
20 0 U 11
21 1 U 11
22 0 U -1
23 1 U -1
24 0 U 23
25 0 L 17
26 0 U -1
27 1 U 26
28 0 L 25
29 0 U 16
30 0 U 12
31 1 U -1
32 1 L 15
33 0 L 19
34 1 L 33
35 1 U 34
36 0 L 32
37 1 L 15
38 0 U -1
39 1 L 10
40 1 U 38
41 0 U 21
42 1 L 37
43 1 U 21
44 0 U 40
45 1 L -1
46 1 L 26
47 1 L 42
48 1 U 17
49 0 L 27
50 0 L 3
51 1 L 45
52 0 U 4
53
0 0 L -1
1 1 L -1
2 0 U -1
3 0 U -1
4 1 U 3
5 1 U 2
6 1 U 5
7 1 L 1
8 0 U 3
9 1 L 2
10 0 L 9
11 1 U 8
12 0 U -1
13 1 L 10
14 0 U 8
15 0 L 5
16 0 U 1
17 1 L -1
18 1 L 9
19 1 U 1
20 0 U 11
21 1 U 11
22 0 U -1
23 1 U -1
24 0 U 23
25 0 L 17
26 0 U -1
27 1 U 26
28 0 L 25
29 0 U 16
30 0 U 12
31 1 U -1
32 1 L 15
33 1 L 19
34 0 L 33
35 1 U 32
36 0 L 32
37 1 L 15
38 0 U -1
39 1 L 13
40 0 U 38
41 0 U 13
42 1 L 37
43 0 U 14
44 0 U 14
45 0 L -1
46 0 L 26
47 1 L 42
48 1 U 35
49 0 L 27
50 0 L 10
51 0 L 45
52 1 U 43
53
0 0 U -1
1 1 L -1
2 0 U -1
3 0 U -1
4 1 U 3
5 1 U -1
6 1 U 5
7 1 L 1
8 0 U 3
9 1 L 2
10 0 L 9
11 1 U 8
12 0 U -1
13 1 L 10
14 0 U 8
15 0 L 5
16 0 U 1
17 1 L -1
18 1 L 3
19 1 U 1
20 0 U 7
21 1 U 11
22 0 U -1
23 1 U -1
24 0 U 23
25 0 L 17
26 0 U -1
27 1 U 26
28 0 L 2
29 0 U 16
30 0 U 12
31 1 U -1
32 1 L 15
33 1 L 27
34 1 U 15
35 1 U 32
36 0 L 11
37 1 L 15
38 0 U -1
39 1 L 13
40 1 U 38
41 0 U 13
42 1 L 37
43 0 U 4
44 0 U 14
45 0 L -1
46 0 L 26
47 1 L 42
48 1 U 35
49 0 L 27
50 0 L 13
51 0 L 45
52 1 U 40
53
0 0 L -1
1 1 L -1
2 0 U -1
3 0 U -1
4 1 U 3
5 1 U 2
6 1 U 5
7 1 L 1
8 0 U 3
9 1 L 2
10 0 L 9
11 1 U 8
12 0 U -1
13 1 L 10
14 0 U 8
15 0 L 5
16 0 U 1
17 1 L -1
18 0 L 13
19 1 U 1
20 0 U 10
21 1 U 11
22 0 U -1
23 1 U -1
24 0 U 23
25 0 L 17
26 0 U -1
27 1 U 26
28 0 L 2
29 0 U 16
30 0 U 12
31 1 U -1
32 1 L 15
33 1 U 30
34 1 U 21
35 1 U 32
36 0 L 32
37 1 L 15
38 0 U -1
39 1 L 3
40 1 U 0
41 0 U 13
42 1 L 37
43 0 U 14
44 0 U 14
45 0 L -1
46 1 L 26
47 1 L 42
48 1 U 35
49 0 L 27
50 0 L 4
51 0 L 17
52 0 U 40
53
0 0 L -1
1 1 L -1
2 0 U -1
3 0 U -1
4 1 U 3
5 1 U 2
6 1 U 5
7 1 L 1
8 0 U 3
9 1 L 2
10 0 L 9
11 1 U 8
12 0 U -1
13 1 L 10
14 0 U 8
15 0 L 5
16 0 U 1
17 1 L -1
18 0 U 4
19 1 U 1
20 0 U 11
21 1 U 10
22 0 U -1
23 1 U -1
24 0 U 23
25 0 L 17
26 0 U -1
27 1 U 26
28 0 L 25
29 0 U 16
30 0 U 12
31 1 U -1
32 1 L 15
33 0 L 9
34 0 U 32
35 1 U 32
36 0 L 32
37 1 L 15
38 0 U -1
39 1 L 33
40 0 U 0
41 0 U 6
42 1 L 37
43 0 U 4
44 0 U 40
45 0 L -1
46 0 L 26
47 1 L 42
48 1 U 35
49 0 L 27
50 0 L 13
51 0 L 17
52 0 U 5
53
0 0 U -1
1 1 L -1
2 0 U -1
3 0 U -1
4 1 U 3
5 1 U 2
6 1 U 5
7 1 L 1
8 0 U 3
9 1 L 2
10 0 L 9
11 1 U 8
12 0 U -1
13 1 L 10
14 0 U 8
15 0 L 6
16 0 U 1
17 1 L -1
18 0 U 5
19 1 U 1
20 0 U 10
21 1 U 10
22 0 U -1
23 1 U -1
24 0 U 23
25 0 L 17
26 0 U -1
27 1 U 26
28 0 L 25
29 0 U 16
30 0 U 3
31 1 U -1
32 1 L 15
33 0 U 9
34 1 U 21
35 1 U 32
36 0 L 32
37 1 L 15
38 0 U -1
39 1 L 4
40 1 U 0
41 0 U 21
42 1 L 37
43 0 U 4
44 0 U 14
45 0 L -1
46 0 L 26
47 1 L 42
48 1 U 35
49 0 L 27
50 0 L 13
51 0 L 17
52 1 U 14
53
0 0 L -1
1 1 L -1
2 0 U -1
3 0 U -1
4 1 U 3
5 1 U 2
6 1 U 5
7 1 L 1
8 0 U 3
9 1 L 2
10 0 L 9
11 1 U 8
12 0 U -1
13 1 L 10
14 0 U 8
15 0 L 5
16 0 U 1
17 1 L -1
18 0 U 14
19 1 U 10
20 0 U 10
21 1 U 10
22 0 U -1
23 1 U -1
24 0 U 23
25 0 L 17
26 0 U -1
27 1 U 26
28 0 L 7
29 0 U 16
30 0 U 12
31 1 U -1
32 1 L 15
33 0 L 27
34 0 U 33
35 1 U 32
36 0 L 32
37 1 L 15
38 0 U -1
39 1 L 3
40 1 U 0
41 0 U 6
42 1 L 37
43 1 U 14
44 0 U 14
45 0 L -1
46 1 L 26
47 1 L 42
48 1 U 17
49 0 L 47
50 0 L 4
51 1 L 45
52 0 U 40
53
0 0 L -1
1 1 L -1
2 0 U -1
3 0 U -1
4 1 U 3
5 1 U 2
6 1 U 5
7 1 L 1
8 0 U 3
9 1 L 2
10 0 L 9
11 1 U 8
12 0 U -1
13 1 L 10
14 0 U 8
15 0 L 5
16 0 U 1
17 1 L -1
18 0 L 9
19 1 U 10
20 0 U 10
21 1 U 10
22 0 U -1
23 1 U -1
24 0 U 23
25 0 L 17
26 0 U -1
27 1 U 8
28 0 L 7
29 0 U 16
30 0 U 12
31 1 U -1
32 1 L 15
33 0 U 5
34 1 U 30
35 1 U 6
36 0 L 11
37 1 L 15
38 0 U -1
39 1 L 28
40 0 U 38
41 0 U 21
42 1 L 37
43 1 U 14
44 0 U 14
45 0 L -1
46 0 L 26
47 1 L 42
48 1 U 17
49 0 L 47
50 0 L 3
51 1 L 45
52 0 U 40
53
0 0 L -1
1 1 L -1
2 0 U -1
3 0 U -1
4 1 U 3
5 1 U 2
6 1 U 5
7 1 L 1
8 0 U 3
9 1 L 2
10 0 L 9
11 1 U 8
12 0 U -1
13 1 L 10
14 0 U 8
15 0 L 6
16 0 U 1
17 1 L -1
18 1 L 9
19 1 U 10
20 0 U 1
21 1 U 10
22 0 U -1
23 1 U -1
24 0 U 23
25 0 L 17
26 0 U -1
27 1 U 8
28 0 L 25
29 0 U 16
30 0 U 12
31 1 U -1
32 1 L 15
33 1 U 5
34 0 U 14
35 1 U 6
36 0 L 32
37 1 L 15
38 0 U -1
39 1 L 10
40 0 U 38
41 0 U 13
42 1 L 37
43 0 U 34
44 0 U 14
45 0 L -1
46 0 L 26
47 0 L 42
48 1 U 17
49 0 L 47
50 0 L 4
51 0 L 45
52 0 U 6
53
0 0 U -1
1 1 L -1
2 0 U -1
3 0 U -1
4 1 U 3
5 1 U 2
6 1 U 5
7 1 L 1
8 0 U 3
9 1 L 2
10 0 L 9
11 1 U 8
12 0 U -1
13 1 L 10
14 0 U 8
15 0 L 6
16 0 U 1
17 1 L -1
18 1 L 17
19 1 U 10
20 0 U 10
21 1 U 10
22 0 U -1
23 1 U -1
24 0 U 23
25 0 L 17
26 0 U -1
27 1 U 8
28 0 L 25
29 0 U 16
30 0 U 26
31 1 U 2
32 1 L 15
33 1 U 15
34 1 U 30
35 0 U 21
36 0 L 11
37 1 L 15
38 0 U -1
39 1 L 13
40 0 U 38
41 0 U 21
42 1 L 37
43 0 U 30
44 0 U 14
45 0 L -1
46 1 L 26
47 0 L 42
48 1 U 19
49 0 L 47
50 0 L 3
51 0 L 45
52 1 U 13
53
0 0 L -1
1 1 L -1
2 0 U -1
3 0 U -1
4 1 U 3
5 1 U 2
6 1 U 5
7 1 L 1
8 0 U 3
9 1 L 2
10 0 L 9
11 1 U 8
12 0 U -1
13 1 L 10
14 0 U 8
15 0 L 5
16 0 U 1
17 1 L -1
18 0 U 4
19 1 U 10
20 0 U 10
21 1 U 10
22 0 U -1
23 1 U -1
24 0 U 23
25 0 L 17
26 0 U -1
27 1 U 26
28 0 L 2
29 0 U 16
30 0 U 26
31 1 U 2
32 1 L 15
33 1 U 13
34 1 U 24
35 0 U 21
36 0 L 11
37 1 L 15
38 0 U -1
39 1 L 13
40 1 U 38
41 0 U 21
42 1 L 37
43 0 U 30
44 0 U 14
45 0 L -1
46 0 L 26
47 1 L 42
48 1 U 19
49 0 L 27
50 0 L 4
51 0 L 17
52 1 U 13
53
0 0 L -1
1 1 L -1
2 0 U -1
3 0 U -1
4 1 U 3
5 1 U 2
6 1 U 5
7 1 L 1
8 0 U 3
9 1 L 2
10 0 L 9
11 1 U 8
12 0 U -1
13 1 L 10
14 0 U 8
15 0 L 6
16 0 U 1
17 1 L -1
18 0 L 4
19 1 U 10
20 0 U 1
21 1 U 10
22 0 U -1
23 1 U -1
24 0 U 23
25 0 L 17
26 0 U -1
27 1 U 26
28 0 L 2
29 0 U 17
30 0 U 8
31 1 U 2
32 1 L 15
33 0 U 21
34 1 U 31
35 0 U 21
36 0 L 11
37 1 L 15
38 0 U -1
39 1 L 26
40 1 U 0
41 0 U 21
42 1 L 37
43 0 U 4
44 0 U 14
45 0 L -1
46 0 L 26
47 0 L 42
48 1 U 41
49 0 L 47
50 0 L 4
51 0 L 17
52 0 U 33
53
0 0 L -1
1 1 L -1
2 0 U -1
3 0 U -1
4 1 U 3
5 1 U -1
6 1 U 5
7 1 L 1
8 0 U 3
9 1 L 2
10 0 L 9
11 1 U 8
12 0 U -1
13 1 L 10
14 0 U 8
15 0 L 6
16 0 U 1
17 1 L -1
18 1 L 13
19 1 U 1
20 0 U 11
21 1 U 10
22 0 U -1
23 1 U -1
24 0 U 23
25 0 L 17
26 0 U -1
27 1 U 26
28 0 L 2
29 0 U 16
30 0 U 8
31 0 U -1
32 1 L 15
33 0 U 21
34 0 L 13
35 0 U 21
36 0 L 11
37 1 L 15
38 0 U -1
39 1 L 33
40 0 U 0
41 0 U 21
42 1 L 37
43 0 U 4
44 0 U 14
45 0 L -1
46 0 L 26
47 1 L 42
48 1 U 16
49 0 L 47
50 0 L 4
51 0 L 17
52 0 U 18
53
0 0 L -1
1 1 L -1
2 0 U -1
3 0 U -1
4 1 U 3
5 1 U 2
6 1 U 5
7 1 L 1
8 0 U 3
9 1 L 2
10 0 L 9
11 1 U 8
12 0 U -1
13 1 L 9
14 0 U 8
15 0 L 5
16 0 U 1
17 1 L -1
18 0 L 10
19 1 U 1
20 0 U 11
21 1 U 10
22 0 U -1
23 1 U -1
24 0 U 23
25 0 L 17
26 0 U -1
27 1 U 26
28 1 L 13
29 0 L 17
30 0 U 8
31 0 U -1
32 1 L 15
33 0 U 32
34 1 L 6
35 0 U 32
36 0 L 11
37 1 L 15
38 0 U -1
39 1 L 18
40 1 U 38
41 0 U 21
42 1 L 37
43 0 U 30
44 0 U 14
45 0 L -1
46 0 L 33
47 1 L 42
48 1 U 28
49 0 L 47
50 0 L 13
51 0 L 45
52 0 U 38
53
0 0 L -1
1 1 L -1
2 0 U -1
3 0 U -1
4 1 U 3
5 1 U 2
6 1 U 5
7 1 L 1
8 0 U 3
9 1 L 2
10 0 L 9
11 1 U 8
12 1 U -1
13 1 L 9
14 0 U 8
15 0 L 6
16 0 U 1
17 1 L -1
18 0 L 13
19 1 U 1
20 0 U 10
21 1 U 10
22 0 U -1
23 1 U -1
24 0 U 23
25 0 L 17
26 0 U -1
27 1 U 26
28 1 L 25
29 0 L 17
30 0 U 8
31 0 U -1
32 1 L 15
33 0 U 32
34 0 L 26
35 0 U 34
36 0 L 12
37 1 L 15
38 0 U -1
39 1 L 18
40 1 U 0
41 0 U 6
42 1 L 37
43 0 U 30
44 0 U 14
45 0 L -1
46 0 L 29
47 1 L 42
48 1 U 41
49 0 L 47
50 0 L 13
51 0 L 45
52 0 U 6
53
0 0 L -1
1 1 L -1
2 0 U -1
3 0 U -1
4 1 U 3
5 1 U 2
6 1 U 5
7 1 L 1
8 0 U 3
9 1 L 2
10 0 L 9
11 1 U 8
12 1 U -1
13 1 L 10
14 0 U 12
15 0 L 6
16 0 U 1
17 1 L -1
18 0 L 10
19 1 U 11
20 0 U 10
21 1 U 10
22 0 U -1
23 1 U -1
24 0 U 23
25 0 L 17
26 0 U -1
27 1 U 26
28 1 L 25
29 0 L 17
30 0 U 26
31 0 U -1
32 1 L 15
33 0 U 32
34 1 L 26
35 0 U 32
36 0 L 11
37 1 L 15
38 0 U -1
39 1 L 18
40 1 U 12
41 0 U 6
42 1 L 37
43 0 U 30
44 0 U 40
45 0 L -1
46 0 L 18
47 1 L 42
48 1 U 19
49 0 L 47
50 0 L 10
51 0 L 45
52 0 U 31
53
0 0 U -1
1 1 L -1
2 0 U -1
3 0 U -1
4 1 U 3
5 1 U 2
6 1 U 5
7 1 L 1
8 0 U 3
9 1 L 2
10 0 L 9
11 0 U 8
12 1 U -1
13 1 L 10
14 0 U 12
15 0 L 6
16 0 U 1
17 1 L -1
18 0 L 10
19 1 U 11
20 0 U 11
21 1 U 10
22 0 U -1
23 1 U -1
24 0 U 23
25 1 L 17
26 0 U -1
27 1 U 26
28 1 L 19
29 0 L 17
30 0 U 26
31 0 U -1
32 1 L 15
33 0 U 15
34 0 L 13
35 0 U 18
36 0 L 12
37 1 L 15
38 0 U -1
39 0 L 18
40 0 U 12
41 0 U 6
42 1 L 37
43 0 U 5
44 0 U 40
45 0 L -1
46 0 L 34
47 1 L 42
48 1 U 19
49 0 L 47
50 0 L 10
51 0 L 45
52 0 U 4
53
0 0 L -1
1 1 L -1
2 0 U -1
3 0 U -1
4 1 U 3
5 1 U -1
6 1 U 5
7 1 L 1
8 0 U 3
9 1 L 2
10 0 L 9
11 1 U 8
12 1 U -1
13 1 L 10
14 0 U 12
15 0 L 6
16 0 U 1
17 0 L -1
18 0 L 10
19 1 U 10
20 0 U 10
21 1 U 11
22 0 U -1
23 0 U -1
24 1 U 23
25 1 L 17
26 0 U -1
27 1 U 26
28 1 L 19
29 0 L 17
30 0 U 3
31 1 U -1
32 1 L 15
33 0 U 9
34 1 U 13
35 0 U 9
36 0 L 12
37 1 L 15
38 0 U -1
39 1 L 18
40 1 U 0
41 0 U 21
42 1 L 14
43 1 U 40
44 0 U 40
45 0 L -1
46 0 L 26
47 1 L 42
48 1 U 41
49 0 L 47
50 0 L 13
51 0 L 45
52 0 U 5
53
0 0 L -1
1 1 L -1
2 0 U -1
3 0 U -1
4 1 U 3
5 1 U 2
6 1 U 5
7 1 L 1
8 0 U 3
9 1 L 2
10 0 L 9
11 1 U 8
12 1 U -1
13 1 L 10
14 0 U 12
15 0 L 5
16 0 U 1
17 0 L -1
18 1 L 13
19 1 U 1
20 0 U 10
21 1 U 10
22 0 U -1
23 0 U -1
24 1 U 23
25 1 L 2
26 0 U -1
27 1 U 8
28 1 L 19
29 0 L 17
30 0 U 3
31 1 U -1
32 1 L 15
33 0 U 15
34 0 U 28
35 0 U 28
36 0 L 12
37 1 L 15
38 0 U -1
39 0 L 29
40 1 U 38
41 0 U 21
42 1 L 14
43 1 U 40
44 0 U 40
45 1 L -1
46 0 L 26
47 0 L 42
48 1 U 33
49 0 L 45
50 0 L 13
51 0 L 17
52 0 U 28
53
0 0 L -1
1 1 L -1
2 0 U -1
3 0 U -1
4 1 U 3
5 1 U -1
6 1 U 5
7 1 L 1
8 0 U 3
9 1 L 2
10 0 L 9
11 1 U 8
12 1 U -1
13 1 L 10
14 0 U 12
15 0 L 5
16 0 U 1
17 0 L -1
18 0 U 5
19 1 U 1
20 0 U 1
21 1 U 1
22 0 U -1
23 0 U -1
24 1 U 23
25 1 L 2
26 0 U -1
27 1 U 8
28 1 L 19
29 0 L 17
30 0 U 14
31 1 U -1
32 1 L 15
33 0 U 9
34 0 L 5
35 0 U 30
36 0 L 11
37 1 L 15
38 0 U -1
39 1 L 29
40 1 U 38
41 0 U 21
42 1 L 12
43 1 U 5
44 0 U 40
45 0 L -1
46 0 L 26
47 1 L 42
48 1 U 33
49 1 L 28
50 0 L 13
51 0 L 17
52 0 U 28
53
0 0 L -1
1 1 L -1
2 0 U -1
3 0 U -1
4 1 U 3
5 1 U -1
6 1 U 5
7 1 L 1
8 0 U 3
9 1 L 2
10 0 L 9
11 1 U 8
12 1 U -1
13 1 L 10
14 0 U 12
15 1 L 4
16 0 U 1
17 0 L -1
18 0 U 4
19 1 U 11
20 0 U 10
21 1 U 1
22 0 U -1
23 0 U -1
24 1 U 23
25 1 L 9
26 0 U -1
27 1 U 8
28 1 L 19
29 0 L 2
30 0 U 14
31 1 U -1
32 1 L 25
33 0 U 9
34 0 L 9
35 0 U 30
36 0 L 32
37 1 L 26
38 0 U -1
39 0 L 29
40 1 U 38
41 0 U 21
42 1 L 32
43 1 U 5
44 0 U 40
45 0 L -1
46 0 L 26
47 1 L 42
48 1 U 33
49 1 L 43
50 0 L 9
51 1 L 17
52 1 U 28
53
0 0 U -1
1 1 L -1
2 0 U -1
3 0 U -1
4 1 U 3
5 1 U 2
6 1 U 5
7 1 L 1
8 0 U 3
9 1 L 2
10 0 L 9
11 1 U 4
12 1 U -1
13 0 L 4
14 0 U 13
15 1 L 7
16 0 U 1
17 1 L -1
18 1 U 8
19 1 U 10
20 0 U 1
21 1 U 1
22 0 U -1
23 0 U -1
24 1 U 23
25 1 L 9
26 0 U -1
27 1 U 8
28 1 L 19
29 0 L 7
30 0 U 3
31 1 U -1
32 1 L 25
33 0 U 9
34 1 L 25
35 0 U 30
36 0 L 11
37 1 L 26
38 0 U -1
39 1 L 25
40 0 U 38
41 0 U 21
42 1 L 39
43 1 U 40
44 0 U 40
45 0 L -1
46 0 L 33
47 0 L 42
48 1 U 33
49 1 L 43
50 0 L 7
51 1 L 17
52 0 U 21
53
0 0 L -1
1 1 L -1
2 0 U -1
3 0 U -1
4 1 U 3
5 1 U 2
6 1 U 5
7 1 L 1
8 0 U 3
9 1 L 2
10 1 L 3
11 1 U 4
12 1 U -1
13 1 L 9
14 0 L 13
15 1 L 7
16 0 U 1
17 0 L -1
18 0 U 8
19 1 U 1
20 0 U 1
21 1 U 1
22 0 U -1
23 0 U -1
24 1 U 23
25 1 L 9
26 0 U -1
27 1 U 26
28 1 L 19
29 0 L 7
30 0 U 3
31 1 U -1
32 1 L 25
33 0 U 9
34 1 L 18
35 1 U 30
36 0 L 11
37 1 L 26
38 0 U -1
39 1 L 25
40 1 U 38
41 0 U 21
42 1 L 39
43 1 U 18
44 0 U 40
45 0 L -1
46 0 L 33
47 0 L 42
48 1 U 33
49 1 L 31
50 0 L 4
51 1 L 45
52 0 U 13
53
0 0 U -1
1 1 L -1
2 0 U -1
3 0 U -1
4 1 U 3
5 1 U 2
6 1 U 5
7 1 L 1
8 0 U 3
9 1 L 7
10 1 L 5
11 1 U 4
12 1 U -1
13 1 L 9
14 1 L 6
15 1 L 2
16 0 U 1
17 1 L -1
18 0 U 8
19 1 U 1
20 0 U 1
21 1 U 1
22 0 U -1
23 0 U -1
24 1 U 23
25 1 L 9
26 0 U -1
27 1 U 26
28 1 L 19
29 0 L 7
30 0 U 3
31 1 U -1
32 1 L 25
33 0 U 15
34 0 L 17
35 1 U 30
36 0 L 11
37 1 L 26
38 0 U -1
39 0 L 10
40 1 U 38
41 0 U 21
42 1 L 12
43 1 U 10
44 0 U 40
45 0 L -1
46 0 L 33
47 0 L 42
48 1 U 19
49 1 L 46
50 0 L 13
51 1 L 45
52 0 U 21
53
0 0 L -1
1 1 L -1
2 0 U -1
3 0 U -1
4 1 U 3
5 1 U -1
6 1 U 5
7 1 L 1
8 0 U 3
9 1 L 7
10 1 L 5
11 1 U 4
12 1 U -1
13 1 L 9
14 0 L 13
15 1 L 7
16 0 U 1
17 0 L -1
18 0 U 10
19 1 U 1
20 0 U 1
21 1 U 1
22 0 U -1
23 0 U -1
24 1 U 23
25 1 L 9
26 0 U -1
27 1 U 26
28 1 L 19
29 0 L 7
30 0 U 3
31 1 U -1
32 1 L 25
33 0 U 13
34 1 L 6
35 1 U 10
36 0 L 11
37 1 L 33
38 0 U -1
39 0 L 18
40 1 U 38
41 0 U 21
42 1 L 12
43 0 U 10
44 0 U 40
45 1 L -1
46 0 L 33
47 0 L 42
48 1 U 19
49 1 L 46
50 0 L 13
51 1 L 45
52 0 U 28
53
0 0 U -1
1 1 L -1
2 0 U -1
3 0 U -1
4 1 U 3
5 1 U -1
6 1 U 5
7 1 L 1
8 0 U 3
9 1 L 7
10 1 U 5
11 1 U 4
12 1 U -1
13 1 L 9
14 0 L 4
15 0 L 2
16 0 U 1
17 1 L -1
18 1 U 3
19 1 U 1
20 0 U 1
21 1 U 1
22 0 U -1
23 0 U -1
24 1 U 23
25 1 L 9
26 0 U -1
27 1 U 26
28 1 L 19
29 0 L 7
30 0 U 3
31 1 U -1
32 1 L 25
33 1 U 28
34 1 U 15
35 1 U 5
36 0 L 11
37 1 L 33
38 0 U -1
39 1 L 34
40 0 U 38
41 0 U 21
42 1 L 12
43 0 L 6
44 0 U 40
45 0 L -1
46 0 L 33
47 1 L 42
48 1 U 41
49 1 L 46
50 0 L 3
51 1 L 45
52 1 U 5
53
0 0 L -1
1 1 L -1
2 0 U -1
3 0 U -1
4 1 U 3
5 1 U -1
6 1 U 5
7 1 L 1
8 0 U 3
9 1 L 7
10 1 L 6
11 1 U 4
12 1 U -1
13 0 L 9
14 0 L 4
15 0 L 2
16 0 U 1
17 0 L -1
18 1 U 3
19 1 U 1
20 0 U 1
21 1 U 1
22 0 U -1
23 0 U -1
24 1 U 23
25 1 L 9
26 0 U -1
27 1 U 8
28 1 L 19
29 0 L 7
30 0 U 3
31 1 U -1
32 1 L 25
33 0 U 14
34 1 U 32
35 1 U 5
36 0 L 11
37 1 L 33
38 0 U -1
39 0 L 34
40 1 U 38
41 0 U 21
42 1 L 12
43 0 L 4
44 0 U 40
45 1 L -1
46 1 L 27
47 1 L 42
48 1 U 41
49 1 L 35
50 0 L 15
51 0 L 45
52 0 U 28
53
0 0 U -1
1 1 L -1
2 0 U -1
3 0 U -1
4 1 U 3
5 1 U -1
6 1 U 5
7 1 L 1
8 0 U 3
9 1 L 7
10 0 L 5
11 1 U 10
12 1 U -1
13 0 L 4
14 1 L 9
15 0 L 2
16 0 U 1
17 0 L -1
18 1 U 3
19 1 U 1
20 0 U 1
21 1 U 1
22 0 U -1
23 0 U -1
24 1 U 23
25 1 L 9
26 0 U -1
27 1 U 8
28 1 L 19
29 0 L 2
30 0 U 3
31 1 U -1
32 1 L 25
33 1 U 10
34 0 U 11
35 0 U 30
36 0 L 11
37 1 L 33
38 0 U -1
39 1 L 5
40 1 U 38
41 0 U 21
42 1 L 12
43 0 L 9
44 0 U 40
45 1 L -1
46 1 L 27
47 1 L 42
48 1 U 19
49 1 L 46
50 0 L 15
51 1 L 45
52 0 U 40
53
0 0 U -1
1 1 L -1
2 0 U -1
3 0 U -1
4 1 U 3
5 1 U -1
6 1 U 5
7 1 L 1
8 0 U 3
9 1 L 7
10 0 L 5
11 1 U 10
12 0 U -1
13 0 L 4
14 0 L 9
15 0 L 2
16 0 U 1
17 0 L -1
18 1 U 3
19 1 U 1
20 0 U 1
21 1 U 1
22 0 U -1
23 0 U -1
24 1 U 23
25 1 L 15
26 0 U -1
27 1 U 8
28 0 L 19
29 0 L 2
30 0 U 3
31 1 U -1
32 1 L 25
33 1 U 11
34 1 U 18
35 1 U 5
36 0 L 32
37 1 L 33
38 0 U -1
39 1 L 14
40 0 U 38
41 0 U 11
42 1 L 12
43 0 L 9
44 0 U 40
45 1 L -1
46 1 L 27
47 1 L 42
48 1 U 25
49 1 L 28
50 0 L 15
51 0 L 45
52 0 U 21
53
0 0 U -1
1 1 L -1
2 0 U -1
3 0 U -1
4 1 U 3
5 1 U -1
6 1 U 5
7 1 L 1
8 0 U 3
9 1 L 7
10 1 U 8
11 1 U 10
12 0 U -1
13 0 L 9
14 0 L 3
15 0 L 2
16 0 U 1
17 0 L -1
18 1 U 3
19 1 U 1
20 0 U 1
21 1 U 1
22 0 U -1
23 1 U -1
24 1 U 3
25 1 L 9
26 0 U -1
27 1 U 8
28 1 L 19
29 0 L 2
30 1 U 3
31 1 U -1
32 1 L 25
33 1 U 14
34 0 L 33
35 1 L 5
36 0 L 32
37 1 U 14
38 0 U -1
39 1 L 14
40 0 U 38
41 0 U 21
42 1 L 39
43 0 L 3
44 0 U 18
45 1 L -1
46 0 L 7
47 1 L 42
48 1 U 19
49 0 L 27
50 0 L 49
51 1 L 45
52 0 U 14
53
0 0 L -1
1 1 L -1
2 0 U -1
3 0 U -1
4 1 U 3
5 1 U -1
6 1 U 5
7 1 L 1
8 0 U 3
9 1 L 7
10 1 U 8
11 1 U 10
12 0 U -1
13 0 L 3
14 0 L 4
15 0 L 2
16 0 U 1
17 1 L -1
18 1 U 12
19 1 U 1
20 0 U 1
21 1 U 1
22 0 U -1
23 0 U -1
24 1 U 23
25 1 L 9
26 0 U -1
27 1 U 8
28 1 L 15
29 0 L 7
30 0 U 12
31 1 U -1
32 1 L 25
33 1 U 14
34 1 U 14
35 1 L 29
36 0 L 32
37 1 U 14
38 1 U 2
39 1 L 14
40 0 U 30
41 0 U 21
42 1 L 39
43 0 L 3
44 0 U 18
45 0 L -1
46 0 L 7
47 1 L 42
48 1 U 19
49 0 L 27
50 0 L 40
51 1 L 45
52 1 U 38
53
0 0 L -1
1 1 L -1
2 0 U -1
3 0 U -1
4 1 U 3
5 1 U -1
6 1 U 5
7 1 L 1
8 0 U 3
9 1 L 7
10 1 U 8
11 1 U 10
12 0 U -1
13 0 L 4
14 0 L 3
15 0 L 2
16 0 U 1
17 0 L -1
18 1 U 12
19 1 U 1
20 0 U 1
21 1 U 1
22 0 U -1
23 1 U -1
24 0 U 23
25 1 L 15
26 0 U -1
27 1 U 8
28 1 L 19
29 0 L 2
30 0 U 3
31 1 U -1
32 1 L 25
33 1 U 23
34 1 U 14
35 1 L 6
36 0 L 11
37 1 U 28
38 1 U 2
39 1 L 14
40 0 U 30
41 0 U 21
42 1 L 39
43 1 L 4
44 0 U 18
45 1 L -1
46 0 L 2
47 1 L 42
48 1 U 19
49 0 L 17
50 0 L 28
51 1 L 45
52 0 U 26
53
0 0 L -1
1 1 L -1
2 0 U -1
3 0 U -1
4 1 U 3
5 1 U -1
6 1 U 5
7 1 L 1
8 0 U 3
9 1 L 7
10 1 U 8
11 1 U 10
12 0 U -1
13 0 L 3
14 0 L 9
15 0 L 2
16 0 U 4
17 0 L -1
18 1 U 12
19 1 U 1
20 0 U 1
21 1 U 1
22 0 U -1
23 1 U -1
24 0 U 23
25 1 L 15
26 0 U -1
27 1 U 26
28 1 L 15
29 0 L 2
30 0 U 3
31 1 U -1
32 1 L 25
33 0 U 13
34 1 U 25
35 1 L 28
36 1 L 32
37 1 U 19
38 0 U -1
39 1 L 6
40 0 U 18
41 0 U 13
42 1 L 32
43 1 L 3
44 0 U 30
45 1 L -1
46 0 L 2
47 1 L 42
48 1 U 41
49 0 U 25
50 0 L 12
51 1 L 45
52 1 U 13
53
0 0 U -1
1 1 L -1
2 0 U -1
3 0 U -1
4 1 U 3
5 1 U -1
6 1 U 5
7 1 L 1
8 0 U 3
9 1 L 7
10 1 U 8
11 1 U 10
12 0 U -1
13 0 L 4
14 0 L 9
15 0 L 2
16 0 U 10
17 0 L -1
18 1 U 12
19 1 U 1
20 0 U 1
21 1 U 1
22 0 U -1
23 1 U -1
24 0 U 23
25 1 L 15
26 0 U -1
27 1 U 26
28 1 L 15
29 0 L 2
30 0 U 3
31 1 U -1
32 1 L 25
33 0 L 32
34 1 U 33
35 1 L 6
36 1 L 11
37 1 U 16
38 1 U 2
39 1 L 28
40 1 U 30
41 0 U 13
42 1 L 32
43 0 L 34
44 0 U 18
45 1 L -1
46 1 L 2
47 1 L 42
48 1 U 28
49 0 U 22
50 0 L 12
51 1 L 45
52 0 U 33
53
0 0 L -1
1 1 L -1
2 0 U -1
3 0 U -1
4 1 U 3
5 1 U -1
6 1 U 5
7 1 L 1
8 0 U 3
9 1 L 7
10 1 U 8
11 1 U 10
12 0 U -1
13 0 L 4
14 0 L 9
15 0 L 2
16 0 U 10
17 0 L -1
18 1 U 12
19 1 U 1
20 0 U 1
21 1 U 1
22 0 U -1
23 1 U -1
24 0 U 23
25 1 L 15
26 0 U -1
27 1 U 26
28 1 L 15
29 0 L 2
30 0 U 3
31 1 U -1
32 1 L 25
33 1 L 32
34 1 U 25
35 1 L 14
36 0 L 11
37 1 U 14
38 1 U 2
39 1 L 6
40 1 U 18
41 0 U 13
42 1 L 32
43 1 L 3
44 0 U 18
45 1 L -1
46 0 L 2
47 1 L 42
48 1 U 28
49 0 U 15
50 0 L 13
51 1 L 45
52 0 U 21
53
0 0 U -1
1 1 L -1
2 0 U -1
3 0 U -1
4 1 U 3
5 1 U -1
6 1 U 5
7 1 L 1
8 0 U 3
9 1 L 7
10 1 U 8
11 1 U 10
12 0 U -1
13 0 L 9
14 0 L 9
15 0 L 2
16 0 U 10
17 0 L -1
18 1 U 3
19 1 U 1
20 0 U 1
21 1 U 1
22 0 U -1
23 1 U -1
24 0 U 23
25 1 L 15
26 0 U -1
27 1 U 8
28 1 L 15
29 0 L 2
30 0 U 3
31 1 U -1
32 1 L 25
33 0 U 13
34 1 U 25
35 1 L 29
36 1 L 11
37 1 U 25
38 1 U 2
39 1 L 5
40 1 U 18
41 0 U 13
42 1 L 32
43 1 L 3
44 0 U 18
45 1 L -1
46 1 L 2
47 1 L 42
48 1 U 17
49 0 L 17
50 0 L 35
51 1 L 45
52 0 U 0
53
0 0 U -1
1 1 L -1
2 0 U -1
3 0 U -1
4 1 U 3
5 1 U -1
6 1 U 5
7 1 L 1
8 0 U 3
9 1 L 7
10 1 U 8
11 1 U 10
12 0 U -1
13 0 L 4
14 0 L 3
15 0 L 2
16 0 U 5
17 0 L -1
18 1 U 3
19 1 U 1
20 0 U 1
21 1 U 1
22 0 U -1
23 1 U -1
24 0 U 23
25 1 L 15
26 0 U -1
27 1 U 8
28 1 L 9
29 0 L 7
30 0 U 3
31 1 U -1
32 1 L 25
33 0 U 25
34 1 U 14
35 1 L 29
36 1 L 32
37 1 U 14
38 1 U 2
39 1 L 25
40 1 U 18
41 0 U 13
42 1 L 32
43 0 L 3
44 0 U 18
45 1 L -1
46 1 L 2
47 1 L 42
48 1 U 33
49 0 U 26
50 0 L 39
51 1 L 45
52 1 U -1
53
0 0 L -1
1 1 L -1
2 0 U -1
3 0 U -1
4 1 U 3
5 1 U -1
6 1 U 5
7 1 L 1
8 0 U 3
9 1 L 7
10 1 L 5
11 1 U 10
12 0 U -1
13 1 L 9
14 0 L 4
15 0 L 2
16 0 U 4
17 0 L -1
18 1 U 12
19 1 U 1
20 0 U 1
21 1 U 1
22 0 U -1
23 1 U -1
24 0 U 23
25 1 L 15
26 0 U -1
27 1 U 8
28 1 L 19
29 0 L 7
30 0 U 3
31 1 U -1
32 1 L 25
33 0 U 25
34 0 U 21
35 1 L 29
36 1 L 32
37 1 U 32
38 0 U 2
39 1 L 3
40 0 U 18
41 0 U 21
42 1 L 32
43 0 U 3
44 0 U 18
45 1 L -1
46 0 L 2
47 1 L 42
48 1 U 41
49 0 L 17
50 0 L 10
51 1 L 45
52 1 U -1
53
0 0 L -1
1 1 L -1
2 0 U -1
3 0 U -1
4 1 U 3
5 1 U -1
6 1 U 5
7 1 L 1
8 0 U 3
9 1 L 7
10 1 L 5
11 1 U 10
12 0 U -1
13 1 L 9
14 0 L 9
15 0 L 2
16 0 U 4
17 0 L -1
18 1 U 12
19 1 U 1
20 0 U 1
21 1 U 1
22 0 U -1
23 1 U -1
24 0 U 23
25 1 L 15
26 0 U -1
27 1 U 26
28 0 L 19
29 0 L 7
30 0 U 3
31 1 U -1
32 1 L 25
33 0 L 32
34 1 U 21
35 0 L 29
36 1 L 11
37 1 U 14
38 0 U 2
39 1 L 3
40 0 U 18
41 0 U 21
42 1 L 35
43 0 U 3
44 0 U 18
45 0 L -1
46 1 L 45
47 0 L 42
48 1 U 41
49 0 L 48
50 0 L 37
51 0 L 45
52 1 U -1
53
0 0 L -1
1 1 L -1
2 0 U -1
3 0 U -1
4 1 U 3
5 1 U 2
6 1 U 5
7 1 L 1
8 0 U 3
9 1 L 7
10 0 L 5
11 1 U 10
12 0 U -1
13 1 L 9
14 0 L 10
15 0 L 2
16 0 U 4
17 0 L -1
18 1 U 3
19 1 U 1
20 0 U 1
21 1 U 1
22 0 U -1
23 1 U -1
24 0 U 23
25 1 L 15
26 0 U -1
27 1 U 26
28 0 L 19
29 0 L 7
30 0 U 3
31 1 U -1
32 1 L 25
33 0 L 32
34 1 U 11
35 0 L 29
36 0 L 32
37 1 U 34
38 0 U 2
39 0 L 37
40 0 U 18
41 0 U 21
42 1 L 35
43 0 U 38
44 0 U 18
45 0 L -1
46 0 L 45
47 0 L 42
48 1 U 41
49 0 L 48
50 0 L 34
51 0 L 45
52 1 U -1
53
0 0 U -1
1 1 L -1
2 0 U -1
3 0 U -1
4 1 U 3
5 1 U -1
6 1 U 5
7 1 L 1
8 0 U 3
9 1 L 7
10 0 L 5
11 1 U 10
12 0 U -1
13 1 L 9
14 1 L 4
15 0 L 2
16 0 U 5
17 0 L -1
18 1 U 3
19 1 U 1
20 0 U 1
21 1 U 1
22 0 U -1
23 1 U -1
24 0 U 23
25 1 L 9
26 0 U -1
27 1 U 26
28 0 L 19
29 0 L 7
30 0 U 3
31 1 U -1
32 1 L 25
33 1 U 18
34 1 U 11
35 0 L 29
36 1 L 32
37 1 U 34
38 0 U 2
39 0 L 37
40 1 U 18
41 0 U 21
42 1 L 35
43 0 U 3
44 0 U 30
45 1 L -1
46 1 L 45
47 0 L 42
48 1 U 41
49 0 L 48
50 0 L 47
51 0 L 46
52 1 U -1
53
0 0 U -1
1 1 L -1
2 0 U -1
3 0 U -1
4 1 U 3
5 1 U -1
6 1 U 5
7 1 L 1
8 0 U 3
9 1 L 7
10 1 U 8
11 1 U 4
12 0 U -1
13 1 L 9
14 0 L 5
15 0 L 2
16 0 U 10
17 0 L -1
18 1 U 12
19 1 U 1
20 0 U 1
21 1 U 1
22 0 U -1
23 1 U -1
24 0 U 23
25 1 L 15
26 0 U -1
27 1 U 8
28 0 L 19
29 0 L 7
30 0 U 3
31 1 U -1
32 1 L 25
33 1 U 17
34 1 L 26
35 0 L 25
36 0 L 8
37 1 U 13
38 1 U -1
39 1 L 9
40 0 U 30
41 0 U 21
42 1 L 35
43 1 L 41
44 0 U 30
45 1 L -1
46 1 L 45
47 1 L 42
48 1 U 41
49 0 L 48
50 0 L 28
51 0 L 45
52 0 U -1
53
0 0 U -1
1 1 L -1
2 0 U -1
3 0 U -1
4 1 U 3
5 1 U -1
6 1 U 5
7 1 L 1
8 0 U 3
9 1 L 7
10 1 U 8
11 1 U 1
12 0 U -1
13 1 L 9
14 0 U 10
15 0 L 2
16 0 U 5
17 0 L -1
18 0 L 12
19 1 U 1
20 0 U 1
21 1 U 1
22 0 U -1
23 1 U -1
24 0 U 23
25 1 L 15
26 0 U -1
27 1 U 8
28 0 L 19
29 0 L 7
30 0 U 12
31 1 U -1
32 0 L 8
33 1 U 17
34 1 L 33
35 0 L 25
36 0 L 18
37 1 U 16
38 1 U -1
39 0 L 9
40 1 U 30
41 0 U 16
42 1 L 35
43 1 L 39
44 0 U 30
45 1 L -1
46 1 L 45
47 1 L 42
48 1 U 41
49 0 L 44
50 0 L 47
51 0 L 45
52 0 U 22
53
0 0 U -1
1 1 L -1
2 0 U -1
3 0 U -1
4 1 U 3
5 1 U 2
6 1 U 5
7 1 L 1
8 0 U 3
9 1 L 7
10 1 L 5
11 1 U 4
12 0 U -1
13 0 L 9
14 0 U 10
15 0 L 2
16 0 U 10
17 0 L -1
18 0 L 12
19 1 U 1
20 0 U 1
21 1 U 1
22 0 U -1
23 1 U -1
24 0 U 23
25 1 L 15
26 0 U -1
27 1 U 8
28 0 L 19
29 0 L 7
30 0 U 12
31 1 U -1
32 0 L 18
33 1 U 17
34 0 L 12
35 0 L 33
36 0 L 35
37 1 U 21
38 1 U -1
39 0 L 15
40 1 U 30
41 0 U 21
42 1 L 35
43 0 L 5
44 0 U 30
45 1 L -1
46 1 L 41
47 1 L 42
48 1 U 19
49 0 L 44
50 0 L 26
51 1 L 45
52 0 U 38
53
0 0 U -1
1 1 L -1
2 0 U -1
3 0 U -1
4 1 U 3
5 1 U -1
6 1 U 5
7 1 L 1
8 0 U 3
9 1 L 7
10 1 L 5
11 1 U 4
12 0 U -1
13 1 L 9
14 0 U 10
15 0 L 2
16 0 U 10
17 0 L -1
18 1 U 16
19 1 U 1
20 0 U 1
21 1 U 1
22 0 U -1
23 1 U -1
24 0 U 23
25 1 L 15
26 0 U -1
27 1 U 26
28 0 L 19
29 0 L 17
30 0 U 3
31 1 U -1
32 0 L 14
33 0 L 29
34 0 U 12
35 0 L 25
36 0 L 35
37 1 U 16
38 0 U -1
39 0 L 4
40 1 U 30
41 0 U 21
42 1 L 14
43 1 L 28
44 0 U 30
45 1 L -1
46 1 L 41
47 0 L 42
48 1 U 19
49 0 L 44
50 0 L 43
51 0 L 17
52 0 U 12
53
0 0 U -1
1 1 L -1
2 0 U -1
3 0 U -1
4 1 U 3
5 1 U -1
6 1 U 5
7 1 L 1
8 0 U 3
9 1 L 7
10 1 L 5
11 1 U 10
12 0 U -1
13 0 L 3
14 0 U 8
15 0 L 2
16 0 U 10
17 0 L -1
18 0 L 4
19 1 U 1
20 0 U 1
21 1 U 1
22 0 U -1
23 1 U -1
24 0 U 23
25 1 L 15
26 0 U -1
27 1 U 26
28 0 L 19
29 0 L 7
30 0 U 12
31 1 U -1
32 0 L 25
33 1 L 32
34 0 L 7
35 0 L 25
36 0 L 35
37 1 U 13
38 0 U -1
39 0 L 34
40 0 U 30
41 0 U 21
42 1 L 12
43 1 L 27
44 0 U 30
45 0 L -1
46 1 L 41
47 0 L 42
48 1 U 19
49 0 L 44
50 0 L 43
51 1 L 45
52 0 U 38
53
0 0 U -1
1 1 L -1
2 0 U -1
3 0 U -1
4 1 U 3
5 1 U -1
6 1 U 5
7 1 L 1
8 0 U 3
9 1 L 7
10 1 L 5
11 1 U 10
12 0 U -1
13 0 L 3
14 0 U 8
15 0 L 2
16 0 U 10
17 0 L -1
18 1 L 5
19 1 U 1
20 0 U 1
21 1 U 1
22 0 U -1
23 1 U -1
24 0 U 23
25 1 L 15
26 0 U -1
27 1 U 8
28 0 L 19
29 0 L 7
30 0 U 12
31 1 U -1
32 0 L 13
33 0 L 32
34 1 L 10
35 0 L 25
36 0 L 11
37 1 U 13
38 0 U -1
39 1 L 4
40 1 U 30
41 0 U 21
42 1 L 12
43 1 L 26
44 0 U 30
45 0 L -1
46 1 L 41
47 0 L 33
48 1 U 41
49 0 L 29
50 0 L 43
51 1 L 45
52 0 U 31
53
0 0 U -1
1 1 L -1
2 0 U -1
3 0 U -1
4 1 U 3
5 1 U -1
6 1 U 5
7 1 L 1
8 0 U 3
9 1 L 7
10 0 U 8
11 1 U 10
12 0 U -1
13 0 L 3
14 0 U 8
15 0 L 2
16 0 U 14
17 0 L -1
18 0 L 9
19 1 U 1
20 0 U 1
21 1 U 1
22 0 U -1
23 1 U -1
24 0 U 23
25 1 L 9
26 0 U -1
27 1 U 8
28 0 L 19
29 0 L 7
30 0 U 12
31 1 U -1
32 0 L 11
33 0 L 25
34 0 L 25
35 0 L 25
36 0 L 11
37 1 U 13
38 1 U -1
39 0 L 9
40 0 U 30
41 0 U 21
42 1 L 12
43 0 L 28
44 0 U 30
45 0 L -1
46 1 L 41
47 0 L 36
48 1 U 41
49 0 L 29
50 0 L 43
51 1 L 45
52 0 U 2
53
0 0 L -1
1 1 L -1
2 0 U -1
3 0 U -1
4 1 U 3
5 1 U -1
6 1 U 5
7 1 L 1
8 0 U 3
9 1 L 7
10 0 L 5
11 1 U 10
12 0 U -1
13 0 L 3
14 0 U 8
15 0 L 2
16 0 U 5
17 1 L -1
18 0 L 9
19 1 U 1
20 0 U 1
21 1 U 1
22 0 U -1
23 1 U -1
24 0 U 23
25 1 L 9
26 0 U -1
27 1 U 8
28 0 L 19
29 0 L 7
30 0 U 12
31 1 U -1
32 0 L 11
33 1 L 7
34 0 L 15
35 0 L 25
36 0 L 11
37 1 U 16
38 0 U -1
39 0 L 3
40 0 U 30
41 0 U 11
42 1 L 12
43 0 L 28
44 0 U 30
45 0 L -1
46 1 L 41
47 0 L 36
48 1 U 41
49 0 L 29
50 0 L 28
51 1 L 45
52 0 U 38
53
0 0 U -1
1 1 L -1
2 0 U -1
3 0 U -1
4 1 U 3
5 1 U -1
6 1 U 5
7 1 L 1
8 0 U 3
9 1 L 7
10 0 L 5
11 1 U 10
12 0 U -1
13 0 L 7
14 0 L 13
15 1 L 7
16 0 U 5
17 1 L -1
18 1 U 12
19 1 U 1
20 0 U 1
21 1 U 1
22 0 U -1
23 1 U -1
24 0 U 23
25 1 L 9
26 0 U -1
27 1 U 26
28 0 L 19
29 0 L 7
30 0 U 12
31 1 U -1
32 0 L 11
33 0 L 16
34 0 L 12
35 0 L 25
36 0 L 35
37 1 U 13
38 1 U 2
39 1 L 3
40 1 U 18
41 0 U 11
42 1 L 12
43 1 L 17
44 0 U 30
45 0 L -1
46 1 L 41
47 0 L 16
48 1 U 41
49 0 U 46
50 0 L 37
51 0 L 45
52 0 L 29
53
0 0 U -1
1 1 L -1
2 0 U -1
3 0 U -1
4 1 U 3
5 1 U -1
6 1 U 5
7 1 L 1
8 0 U 3
9 1 L 7
10 0 L 5
11 1 U 10
12 0 U -1
13 0 L 9
14 0 L 4
15 0 L 2
16 0 U 5
17 0 L -1
18 1 U 3
19 1 U 1
20 0 U 1
21 1 U 1
22 0 U -1
23 1 U -1
24 0 U 23
25 1 L 9
26 0 U -1
27 1 U 8
28 0 L 19
29 0 L 7
30 0 U 12
31 1 U -1
32 0 L 11
33 0 L 5
34 0 U 3
35 0 L 33
36 0 L 35
37 1 U 21
38 1 U -1
39 0 L 3
40 0 U 18
41 0 U 11
42 1 L 33
43 1 L 17
44 0 U 30
45 0 L -1
46 1 L 41
47 0 L 16
48 1 U 41
49 0 U 17
50 0 L 26
51 0 L 45
52 1 L 39
53
0 0 U -1
1 1 L -1
2 0 U -1
3 0 U -1
4 1 U 3
5 1 U -1
6 1 U 5
7 1 L 1
8 0 U 3
9 1 L 7
10 0 L 5
11 1 U 10
12 0 U -1
13 0 L 9
14 0 U 8
15 0 L 2
16 0 U 5
17 0 L -1
18 1 U 12
19 1 U 1
20 0 U 1
21 1 U 1
22 0 U -1
23 1 U -1
24 0 U 23
25 1 L 9
26 0 U -1
27 1 U 26
28 0 L 19
29 0 L 7
30 0 U 12
31 1 U -1
32 0 L 13
33 0 L 5
34 0 U 12
35 0 L 25
36 0 L 35
37 1 U 16
38 0 U -1
39 0 L 3
40 0 U 18
41 0 U 11
42 1 L 12
43 1 L 17
44 0 U 30
45 0 L -1
46 1 L 41
47 0 L 42
48 1 U 41
49 0 U 3
50 0 L 28
51 0 L 45
52 0 L 39
53
0 0 L -1
1 1 L -1
2 0 U -1
3 0 U -1
4 1 U 3
5 1 U -1
6 1 U 5
7 1 L 1
8 0 U 3
9 1 L 7
10 0 L 5
11 1 U 10
12 0 U -1
13 1 L 9
14 0 U 8
15 0 L 2
16 0 U 5
17 1 L -1
18 1 U 12
19 1 U 1
20 0 U 1
21 1 U 1
22 0 U -1
23 1 U -1
24 0 U 23
25 1 L 9
26 0 U -1
27 1 U 8
28 0 L 19
29 0 L 7
30 0 U 12
31 1 U -1
32 0 L 8
33 1 U 5
34 0 U 15
35 0 L 25
36 0 L 35
37 1 U 11
38 1 U -1
39 0 L 13
40 1 U 18
41 0 U 11
42 1 L 12
43 1 L 17
44 0 U 18
45 0 L -1
46 1 L 29
47 0 L 42
48 1 U 41
49 0 U 32
50 0 L 37
51 0 L 45
52 0 L 48
53
0 0 U -1
1 1 L -1
2 0 U -1
3 0 U -1
4 1 U 3
5 1 U -1
6 1 U 5
7 1 L 1
8 0 U 3
9 1 L 7
10 0 L 5
11 1 U 10
12 0 U -1
13 1 L 9
14 0 U 8
15 1 L 2
16 0 U 14
17 1 L -1
18 1 U 3
19 1 U 1
20 0 U 1
21 1 U 1
22 0 U -1
23 1 U -1
24 0 U 23
25 1 L 9
26 0 U -1
27 1 U 8
28 0 L 19
29 0 L 7
30 0 U 12
31 1 U -1
32 0 L 14
33 0 U 23
34 1 U 23
35 0 L 25
36 0 L 35
37 1 U 13
38 0 U -1
39 1 L 13
40 0 U 18
41 0 U 11
42 1 L 12
43 1 L 33
44 0 U 18
45 0 L -1
46 1 L 29
47 0 L 42
48 1 U 41
49 0 U 24
50 0 L 37
51 1 L 17
52 0 U 29
53
0 0 L -1
1 1 L -1
2 0 U -1
3 0 U -1
4 1 U 3
5 1 U 2
6 1 U 5
7 1 L 1
8 0 U 3
9 1 L 2
10 0 L 5
11 1 U 10
12 0 U -1
13 1 L 9
14 0 U 8
15 1 L 9
16 0 U 14
17 1 L -1
18 1 U 3
19 1 U 1
20 0 U 1
21 1 U 1
22 0 U -1
23 1 U -1
24 0 U 23
25 1 L 9
26 0 U -1
27 1 U 8
28 0 L 19
29 0 L 7
30 0 U 3
31 1 U -1
32 0 L 14
33 0 U 12
34 0 U 0
35 0 L 25
36 0 L 35
37 1 U 32
38 0 U -1
39 1 L 3
40 1 U 18
41 0 U 11
42 1 L 12
43 1 L 33
44 0 U 18
45 0 L -1
46 1 L 29
47 0 L 42
48 1 U 41
49 0 U 22
50 0 L 37
51 0 L 17
52 0 L 25
53
0 0 L -1
1 1 L -1
2 0 U -1
3 0 U -1
4 1 U 3
5 1 U -1
6 1 U 5
7 1 L 1
8 0 U 3
9 1 L 7
10 0 L 5
11 1 U 10
12 0 U -1
13 1 L 9
14 0 U 8
15 1 L 9
16 0 U 5
17 1 L -1
18 1 U 3
19 1 U 1
20 0 U 1
21 1 U 1
22 0 U -1
23 1 U -1
24 0 U 23
25 1 L 9
26 0 U -1
27 1 U 26
28 0 L 19
29 0 L 7
30 0 U 12
31 1 U -1
32 0 L 14
33 1 U 13
34 1 L 33
35 0 L 25
36 0 L 35
37 1 U 33
38 0 U -1
39 1 U 31
40 1 U 18
41 0 U 11
42 1 L 12
43 0 L 3
44 0 U 18
45 0 L -1
46 1 L 29
47 0 L 42
48 1 U 41
49 0 U 16
50 0 L 34
51 1 L 17
52 0 U 17
53
0 0 U -1
1 1 L -1
2 0 U -1
3 0 U -1
4 1 U 3
5 1 U -1
6 1 U 5
7 1 L 1
8 0 U 3
9 1 L 7
10 0 L 5
11 1 U 10
12 0 U -1
13 0 L 9
14 0 U 8
15 1 L 7
16 0 U 14
17 1 L -1
18 1 U 3
19 1 U 1
20 0 U 1
21 1 U 1
22 0 U -1
23 1 U -1
24 0 U 23
25 1 L 9
26 0 U -1
27 1 U 26
28 0 L 19
29 0 L 7
30 0 U 12
31 1 U -1
32 0 L 8
33 1 L 13
34 1 L 17
35 0 L 25
36 0 L 35
37 1 U 33
38 0 U -1
39 1 U 12
40 1 U 18
41 0 U 11
42 1 L 12
43 0 L 9
44 0 U 18
45 0 L -1
46 1 L 29
47 0 L 16
48 1 U 41
49 0 U 12
50 0 L 47
51 1 L 17
52 0 U 35
53
0 0 L -1
1 1 L -1
2 0 U -1
3 0 U -1
4 1 U 3
5 1 U 2
6 1 U 5
7 1 L 1
8 0 U 3
9 1 L 2
10 0 L 5
11 1 U 10
12 0 U -1
13 0 L 4
14 0 U 8
15 1 L 9
16 0 U 14
17 0 L -1
18 1 U 12
19 1 U 1
20 0 U 1
21 1 U 1
22 0 U -1
23 1 U -1
24 0 U 23
25 1 L 9
26 0 U -1
27 1 U 26
28 0 L 19
29 0 L 7
30 0 U 12
31 1 U -1
32 0 L 14
33 0 L 27
34 1 L 17
35 0 L 25
36 0 L 35
37 1 U 13
38 0 U -1
39 1 U 3
40 1 U 39
41 0 U 21
42 1 L 12
43 0 L 9
44 0 U 18
45 0 L -1
46 1 L 29
47 0 L 16
48 1 U 41
49 0 U 23
50 0 L 47
51 1 L 45
52 1 U 16
53
0 0 L -1
1 1 L -1
2 0 U -1
3 0 U -1
4 1 U 3
5 1 U -1
6 1 U 5
7 1 L 1
8 0 U 3
9 1 L 2
10 0 L 5
11 1 U 10
12 0 U -1
13 0 L 4
14 0 U 8
15 0 L 9
16 0 U 14
17 0 L -1
18 1 U 12
19 1 U 1
20 0 U 1
21 1 U 1
22 0 U -1
23 1 U -1
24 0 U 23
25 1 L 9
26 0 U -1
27 1 U 26
28 0 L 19
29 0 L 7
30 0 U 3
31 1 U -1
32 0 L 14
33 0 L 15
34 1 L 27
35 0 L 25
36 0 L 35
37 1 U 13
38 0 U -1
39 1 L 3
40 1 U 18
41 0 U 21
42 1 L 12
43 0 L 2
44 0 U 18
45 0 L -1
46 1 L 39
47 0 L 16
48 1 U 41
49 1 U 3
50 0 L 26
51 0 L 45
52 0 U 28
53
0 0 U -1
1 1 L -1
2 0 U -1
3 0 U -1
4 1 U 3
5 1 U -1
6 1 U 5
7 1 L 1
8 0 U 3
9 1 L 2
10 0 L 5
11 1 U 10
12 0 U -1
13 0 L 4
14 0 U 8
15 0 L 9
16 0 U 5
17 1 L -1
18 1 U 3
19 1 U 1
20 0 U 1
21 1 U 1
22 0 U -1
23 1 U -1
24 0 U 23
25 1 L 9
26 0 U -1
27 1 U 26
28 0 L 19
29 0 L 7
30 0 U 12
31 1 U -1
32 0 L 14
33 0 L 3
34 0 L 33
35 0 L 25
36 0 L 14
37 1 U 21
38 1 U 2
39 1 L 3
40 1 U 18
41 0 U 21
42 1 L 12
43 0 L 2
44 0 U 18
45 0 L -1
46 1 L 29
47 0 L 16
48 1 U 41
49 0 U 0
50 0 L 26
51 0 L 17
52 1 U 11
53
0 0 L -1
1 1 L -1
2 0 U -1
3 0 U -1
4 1 U 3
5 1 U -1
6 1 U 5
7 1 L 1
8 0 U 3
9 1 L 2
10 0 U 5
11 1 U 10
12 0 U -1
13 0 L 4
14 0 U 8
15 0 L 9
16 0 U 14
17 1 L -1
18 1 U 3
19 1 U 1
20 0 U 1
21 1 U 1
22 0 U -1
23 1 U -1
24 0 U 23
25 1 L 9
26 0 U -1
27 1 U 26
28 0 L 19
29 0 L 7
30 0 U 3
31 1 U -1
32 0 L 8
33 1 L 13
34 0 U 9
35 0 L 25
36 0 L 35
37 1 U 21
38 1 U 2
39 0 L 3
40 0 U 30
41 0 U 21
42 1 L 12
43 0 L 7
44 0 U 18
45 0 L -1
46 0 L 28
47 0 L 16
48 1 U 41
49 0 U 23
50 0 L 37
51 1 L 17
52 0 L 2
53
0 0 U -1
1 1 L -1
2 0 U -1
3 0 U -1
4 1 U 3
5 1 U -1
6 1 U 5
7 1 L 1
8 0 U 3
9 1 L 2
10 1 U 5
11 1 U 10
12 0 U -1
13 0 L 3
14 0 U 8
15 0 L 9
16 0 U 14
17 1 L -1
18 1 U 3
19 1 U 1
20 0 U 1
21 1 U 1
22 0 U -1
23 1 U -1
24 0 U 23
25 1 L 9
26 0 U -1
27 1 U 26
28 0 L 19
29 1 L 17
30 0 U 12
31 1 U -1
32 0 L 11
33 1 U 21
34 1 U 32
35 0 L 25
36 0 L 35
37 1 U 13
38 1 U 2
39 0 L 9
40 1 U 18
41 0 U 21
42 1 L 6
43 0 L 7
44 0 U 18
45 0 L -1
46 0 L 28
47 1 L 32
48 1 U 41
49 0 U 8
50 0 L 40
51 1 L 39
52 1 L 14
53
0 0 U -1
1 1 L -1
2 0 U -1
3 0 U -1
4 1 U 3
5 1 U -1
6 1 U 5
7 1 L 1
8 0 U 3
9 1 L 2
10 0 L 5
11 1 U 10
12 0 U -1
13 0 L 3
14 0 U 8
15 0 L 9
16 0 U 14
17 0 L -1
18 1 U 3
19 1 U 1
20 0 U 1
21 1 U 1
22 0 U -1
23 1 U -1
24 0 U 23
25 1 L 4
26 0 U -1
27 1 U 26
28 0 L 23
29 1 L 17
30 0 U 12
31 1 U -1
32 0 L 8
33 1 L 25
34 0 U 31
35 0 L 5
36 0 L 25
37 0 U 11
38 1 U 2
39 0 L 29
40 0 U 18
41 0 U 21
42 1 L 6
43 1 L 26
44 0 U 18
45 0 L -1
46 1 L 28
47 1 L 36
48 1 U 41
49 0 U 8
50 0 L 40
51 1 L 39
52 1 L 3
53
0 0 U -1
1 1 L -1
2 0 U -1
3 0 U -1
4 1 U 3
5 1 U -1
6 1 U 5
7 1 L 1
8 0 U 3
9 1 L 2
10 0 L 5
11 1 U 10
12 0 U -1
13 0 L 3
14 0 U 8
15 0 L 9
16 0 U 14
17 1 L -1
18 1 U 3
19 1 U 1
20 1 U 1
21 1 U 1
22 0 U -1
23 1 U -1
24 0 U 23
25 1 L 15
26 0 U -1
27 1 U 8
28 0 L 23
29 1 L 17
30 0 U 12
31 1 U -1
32 0 L 14
33 0 L 5
34 0 U 0
35 0 L 6
36 0 L 25
37 1 U 16
38 1 U 2
39 1 L 29
40 1 U 18
41 0 U 21
42 1 L 6
43 1 L 26
44 0 U 18
45 0 L -1
46 1 L 7
47 1 L 36
48 1 U 41
49 0 U 8
50 0 L 37
51 1 L 39
52 0 L 46
53
0 0 L -1
1 1 L -1
2 0 U -1
3 0 U -1
4 1 U 3
5 1 U -1
6 1 U 5
7 1 L 1
8 0 U 3
9 1 L 2
10 0 L 5
11 1 U 10
12 0 U -1
13 0 L 4
14 0 U 8
15 0 L 9
16 0 U 5
17 1 L -1
18 1 U 3
19 1 U 1
20 1 U 11
21 1 U 1
22 0 U -1
23 1 U -1
24 0 U 23
25 1 L 9
26 0 U -1
27 1 U 26
28 0 L 17
29 1 L 17
30 0 U 3
31 1 U -1
32 0 L 13
33 0 L 6
34 1 U -1
35 0 L 6
36 0 L 12
37 1 U 11
38 1 U 2
39 1 L 29
40 1 U 18
41 0 U 21
42 1 L 33
43 1 L 20
44 1 U 30
45 0 L -1
46 1 L 7
47 1 L 22
48 1 U 41
49 0 U 27
50 0 L 43
51 1 L 39
52 0 L 15
53
0 0 L -1
1 1 L -1
2 0 U -1
3 0 U -1
4 1 U 3
5 1 U -1
6 1 U 5
7 1 L 1
8 0 U 3
9 1 L 2
10 1 U 5
11 1 U 10
12 1 U -1
13 0 L 4
14 0 U 8
15 0 L 9
16 0 U 14
17 1 L -1
18 1 U 3
19 1 U 1
20 1 U 13
21 1 U 1
22 0 U -1
23 1 U -1
24 0 U 23
25 1 L 4
26 0 U -1
27 1 U 8
28 0 L 17
29 1 L 17
30 0 U 3
31 1 U -1
32 0 L 13
33 1 L 6
34 1 U -1
35 0 L 5
36 0 L 12
37 1 U 21
38 1 U 2
39 1 L 29
40 0 U 18
41 0 U 21
42 1 L 33
43 1 L 4
44 0 U 30
45 0 L -1
46 0 L 29
47 1 L 36
48 1 U 41
49 1 U 40
50 0 L 27
51 1 L 39
52 1 L 7
53
0 0 U -1
1 1 L -1
2 0 U -1
3 0 U -1
4 1 U 3
5 1 U -1
6 1 U 5
7 1 L 1
8 0 U 3
9 1 L 2
10 1 U 8
11 1 U 10
12 0 U -1
13 0 L 4
14 0 U 8
15 0 L 9
16 0 U 14
17 1 L -1
18 0 U 3
19 1 U 1
20 1 U 13
21 1 U 1
22 0 U -1
23 1 U -1
24 0 U 23
25 1 L 15
26 0 U -1
27 1 U 8
28 0 L 17
29 1 L 17
30 0 U 3
31 1 U -1
32 0 L 13
33 0 L 15
34 1 U 27
35 0 L 6
36 0 L 25
37 1 U 13
38 1 U 2
39 1 L 29
40 0 U 30
41 0 U 15
42 1 L 6
43 1 L 36
44 1 U 5
45 0 L -1
46 1 L 7
47 1 L 36
48 1 U 41
49 1 U 44
50 0 L 27
51 1 L 39
52 1 L 4
53
0 0 L -1
1 1 L -1
2 0 U -1
3 0 U -1
4 1 U 3
5 1 U -1
6 1 U 5
7 1 L 1
8 0 U 3
9 1 L 2
10 0 U 8
11 1 U 10
12 0 U -1
13 0 L 4
14 0 U 8
15 0 L 9
16 0 U 5
17 1 L -1
18 1 U 12
19 1 U 1
20 1 U 16
21 1 U 1
22 0 U -1
23 1 U -1
24 0 U 23
25 1 L 15
26 0 U -1
27 1 U 8
28 0 L 17
29 1 L 17
30 0 U 12
31 1 U -1
32 0 L 13
33 0 L 6
34 1 L 23
35 0 L 6
36 0 L 25
37 1 U 11
38 1 U -1
39 1 L 29
40 1 U 30
41 0 U 21
42 1 L 6
43 1 L 36
44 1 U 24
45 0 L -1
46 0 L 29
47 1 L 36
48 1 U 41
49 0 U 7
50 0 L 27
51 1 L 39
52 1 L 7
53
0 0 U -1
1 1 L -1
2 0 U -1
3 0 U -1
4 1 U 3
5 1 U -1
6 1 U 5
7 1 L 1
8 0 U 3
9 1 L 2
10 0 U 8
11 1 U 10
12 0 U -1
13 0 L 4
14 0 U 8
15 0 L 9
16 0 U 14
17 1 L -1
18 1 U 3
19 1 U 1
20 1 U 7
21 1 U 1
22 0 U -1
23 1 U -1
24 0 U 23
25 1 L 15
26 0 U -1
27 1 U 8
28 0 L 17
29 1 L 17
30 0 U 12
31 1 U -1
32 0 L 13
33 0 U 18
34 1 L 23
35 0 L 5
36 0 L 25
37 1 U 11
38 1 U -1
39 1 L 7
40 0 U 30
41 0 U 11
42 1 L 10
43 1 L 36
44 1 U 8
45 0 L -1
46 0 L 29
47 1 L 36
48 1 U 41
49 0 U 7
50 0 L 27
51 1 L 39
52 1 L 47
53
0 0 L -1
1 1 L -1
2 0 U -1
3 0 U -1
4 1 U 3
5 1 U 2
6 1 U 5
7 1 L 1
8 0 U 3
9 1 L 2
10 0 U 8
11 1 U 10
12 0 U -1
13 0 L 4
14 0 U 8
15 0 L 9
16 0 U 14
17 1 L -1
18 1 U 13
19 1 U 1
20 1 U 6
21 1 U 1
22 0 U -1
23 1 U -1
24 0 U 23
25 1 L 15
26 0 U -1
27 1 U 8
28 0 L 17
29 1 L 17
30 0 U 3
31 1 U -1
32 0 L 13
33 0 U 10
34 0 L 27
35 0 L 6
36 0 L 25
37 1 U 16
38 1 U -1
39 1 L 29
40 1 U 30
41 0 U 11
42 1 L 5
43 1 L 36
44 1 U 30
45 0 L -1
46 1 L 7
47 0 L 36
48 1 U 41
49 1 U 7
50 0 L 34
51 1 L 39
52 0 L 47
53
0 0 U -1
1 1 L -1
2 0 U -1
3 0 U -1
4 1 U 3
5 1 U -1
6 1 U 5
7 1 L 1
8 0 U 3
9 1 L 2
10 0 U 8
11 1 U 10
12 0 U -1
13 0 L 4
14 0 U 8
15 0 L 9
16 0 U 14
17 1 L -1
18 1 U 12
19 1 U 1
20 1 U 16
21 1 U 1
22 0 U -1
23 1 U -1
24 0 U 23
25 1 L 15
26 0 U -1
27 1 U 26
28 0 L 17
29 1 L 17
30 0 U 12
31 1 U -1
32 0 L 13
33 0 L 29
34 1 L 19
35 0 L 6
36 0 L 25
37 1 U 16
38 1 U -1
39 1 L 29
40 0 U 18
41 0 U 15
42 1 L 5
43 1 L 36
44 1 U 38
45 0 L -1
46 0 L 29
47 0 L 22
48 1 U 41
49 1 U 7
50 0 L 34
51 1 L 39
52 0 L 3
53
0 0 L -1
1 1 L -1
2 0 U -1
3 0 U -1
4 1 U 3
5 1 U -1
6 1 U 5
7 1 L 1
8 0 U 3
9 1 L 2
10 0 U 8
11 1 U 10
12 0 U -1
13 0 L 4
14 0 U 8
15 0 L 9
16 0 U 5
17 1 L -1
18 1 U 12
19 1 U 1
20 1 U 13
21 1 U 1
22 0 U -1
23 1 U -1
24 0 U 23
25 1 L 15
26 0 U -1
27 1 U 26
28 0 L 17
29 1 L 17
30 0 U 3
31 1 U -1
32 0 L 13
33 0 U 14
34 1 L 19
35 0 L 6
36 0 L 25
37 1 U 16
38 1 U -1
39 1 L 29
40 1 U 30
41 0 U 15
42 1 L 5
43 1 L 36
44 1 U 8
45 0 L -1
46 0 L 29
47 0 L 22
48 1 U 32
49 1 U 44
50 0 L 26
51 1 L 39
52 0 L 4
53
0 0 L -1
1 1 L -1
2 0 U -1
3 0 U -1
4 1 U 3
5 1 U -1
6 1 U 5
7 1 L 1
8 0 U 3
9 1 L 2
10 0 U 8
11 0 U 10
12 0 U -1
13 0 L 4
14 0 U 8
15 0 L 9
16 0 U 5
17 1 L -1
18 1 U 12
19 1 U 1
20 1 U 16
21 1 U 1
22 0 U -1
23 1 U -1
24 0 U 23
25 1 L 15
26 0 U -1
27 1 U 8
28 0 L 17
29 1 L 17
30 0 U 3
31 1 U -1
32 0 L 13
33 1 U 18
34 1 U 7
35 0 L 6
36 0 L 25
37 0 U 16
38 1 U -1
39 1 L 29
40 1 U 30
41 1 U 27
42 1 L 6
43 1 L 36
44 1 U 3
45 0 L -1
46 0 L 29
47 0 L 22
48 1 U 32
49 1 U 44
50 0 L 26
51 1 L 39
52 1 L 39
53
0 0 U -1
1 1 L -1
2 0 U -1
3 0 U -1
4 1 U 3
5 1 U -1
6 1 U 5
7 1 L 1
8 0 U 3
9 1 L 2
10 0 U 8
11 0 U 10
12 0 U -1
13 0 L 4
14 0 U 8
15 0 L 9
16 0 U 14
17 1 L -1
18 1 U 12
19 1 U 1
20 1 U 16
21 1 U 1
22 0 U -1
23 1 U -1
24 0 U 23
25 1 L 15
26 0 U -1
27 1 U 8
28 0 L 17
29 1 L 17
30 0 U 3
31 1 U -1
32 0 L 13
33 1 U 10
34 1 U 7
35 0 L 5
36 0 L 25
37 0 U 16
38 1 U -1
39 1 L 29
40 1 U 30
41 1 U 1
42 1 L 5
43 1 L 36
44 1 U 38
45 0 L -1
46 1 L 29
47 1 L 22
48 1 U 41
49 1 U 44
50 0 L 26
51 1 L 39
52 0 U 51
53
0 0 U -1
1 1 L -1
2 0 U -1
3 0 U -1
4 1 U 3
5 1 U -1
6 1 U 5
7 1 L 1
8 0 U 3
9 1 L 2
10 0 U 8
11 1 U 10
12 0 U -1
13 0 L 4
14 0 U 8
15 0 L 9
16 0 U 14
17 1 L -1
18 1 U 12
19 1 U 1
20 1 U 11
21 1 U 1
22 0 U -1
23 1 U -1
24 0 U 23
25 1 L 15
26 0 U -1
27 1 U 26
28 0 L 24
29 1 L 17
30 0 U 3
31 1 U -1
32 0 L 13
33 0 L 4
34 1 U 16
35 0 L 6
36 0 L 25
37 0 U 13
38 1 U -1
39 1 L 29
40 1 U 30
41 0 U 1
42 1 L 5
43 1 L 36
44 1 U 3
45 0 L -1
46 1 L 29
47 1 L 36
48 1 U 43
49 1 U 44
50 0 L 26
51 1 L 39
52 1 U 19
53
0 0 U -1
1 1 L -1
2 0 U -1
3 0 U -1
4 1 U 3
5 1 U 2
6 1 U 5
7 1 L 1
8 0 U 3
9 1 L 2
10 0 U 8
11 1 U 10
12 0 U -1
13 0 L 4
14 0 U 8
15 0 L 9
16 0 U 14
17 0 L -1
18 1 U 12
19 1 U 1
20 1 U 7
21 1 U 1
22 0 U -1
23 1 U -1
24 0 U 23
25 1 L 15
26 0 U -1
27 1 U 8
28 0 L 24
29 1 L 17
30 0 U 3
31 1 U -1
32 0 L 13
33 0 L 29
34 0 U 10
35 0 L 5
36 0 L 25
37 0 U 16
38 1 U -1
39 1 L 29
40 0 U 30
41 1 U 1
42 1 L 5
43 1 L 36
44 1 U 38
45 0 L -1
46 1 L 29
47 1 L 36
48 1 U 43
49 1 U 44
50 0 L 28
51 1 L 39
52 1 L 48
53
0 0 L -1
1 1 L -1
2 0 U -1
3 0 U -1
4 1 U 3
5 1 U 2
6 1 U 5
7 1 L 1
8 0 U 3
9 1 L 2
10 0 U 8
11 1 U 10
12 0 U -1
13 0 L 4
14 0 U 8
15 0 L 9
16 0 U 14
17 0 L -1
18 1 U 3
19 1 U 1
20 1 U 16
21 1 U 1
22 0 U -1
23 1 U -1
24 0 U 23
25 1 L 15
26 0 U -1
27 1 U 8
28 0 L 24
29 1 L 17
30 0 U 3
31 1 U -1
32 0 L 13
33 0 U 19
34 0 U 5
35 0 L 5
36 0 L 25
37 0 U 16
38 1 U -1
39 1 L 29
40 0 U 30
41 0 U 1
42 1 L 5
43 1 L 36
44 1 U 38
45 0 L -1
46 0 L 29
47 1 L 36
48 1 U 37
49 1 U 44
50 0 L 34
51 1 L 39
52 1 L 39
53
0 0 L -1
1 1 L -1
2 0 U -1
3 0 U -1
4 1 U 3
5 1 U -1
6 1 U 5
7 1 L 1
8 0 U 3
9 1 L 2
10 0 U 8
11 1 U 10
12 0 U -1
13 0 L 4
14 0 U 8
15 0 L 9
16 0 U 14
17 0 L -1
18 1 U 12
19 1 U 1
20 1 U 16
21 1 U 1
22 0 U -1
23 1 U -1
24 0 U 23
25 1 L 15
26 0 U -1
27 1 U 26
28 0 L 24
29 1 L 17
30 0 U 3
31 1 U -1
32 0 L 13
33 1 U 11
34 0 U 16
35 0 L 5
36 0 L 25
37 0 U 16
38 1 U -1
39 1 L 29
40 0 U 18
41 0 U 1
42 1 L 5
43 1 L 36
44 1 U 38
45 0 L -1
46 0 L 29
47 1 L 36
48 1 U 9
49 1 U 44
50 0 L 28
51 1 L 39
52 1 U 39
53
0 0 U -1
1 1 L -1
2 0 U -1
3 0 U -1
4 1 U 3
5 1 U -1
6 1 U 5
7 1 L 1
8 0 U 3
9 1 L 2
10 0 U 8
11 1 U 10
12 0 U -1
13 0 L 3
14 0 U 8
15 0 L 9
16 0 U 5
17 0 L -1
18 1 U 12
19 1 U 1
20 1 U 11
21 1 U 1
22 0 U -1
23 1 U -1
24 0 U 23
25 1 L 4
26 0 U -1
27 1 U 26
28 0 L 24
29 1 L 17
30 0 U 3
31 1 U -1
32 0 L 11
33 0 U 21
34 0 L 19
35 0 L 5
36 0 L 35
37 0 U 16
38 1 U -1
39 1 L 29
40 1 U 30
41 0 U 1
42 1 L 5
43 1 L 20
44 1 U 3
45 0 L -1
46 1 L 29
47 1 L 36
48 1 U 25
49 1 U 44
50 0 L 20
51 1 L 39
52 0 L 39
