80
0 0 U -1
1 0 U -1
2 0 U -1
3 0 U -1
4 0 U -1
5 0 U -1
6 0 U -1
7 0 U -1
8 0 U -1
9 0 U -1
10 0 U -1
11 0 U -1
12 0 U -1
13 0 U -1
14 0 U -1
15 0 U -1
16 0 U -1
17 0 U -1
18 0 U -1
19 0 U -1
20 0 U -1
21 0 U -1
22 0 U -1
23 0 U -1
24 0 U -1
25 0 U -1
26 0 U -1
27 0 U -1
28 0 U -1
29 0 U -1
30 0 U -1
31 0 U -1
32 0 U -1
33 0 U -1
34 0 U -1
35 0 U -1
36 0 U -1
37 0 U -1
38 0 U -1
39 0 U -1
40 0 U -1
41 0 U -1
42 0 U -1
43 0 U -1
44 0 U -1
45 0 U -1
46 0 U -1
47 0 U -1
48 0 U -1
49 0 U -1
50 0 U -1
51 0 U -1
52 0 U -1
53 0 U -1
54 0 U -1
55 0 U -1
56 0 U -1
57 0 U -1
58 0 U -1
59 0 U -1
60 0 U -1
61 0 U -1
62 0 U -1
63 0 U -1
64 0 U -1
65 0 U -1
66 0 U -1
67 0 U -1
68 0 U -1
69 0 U -1
70 0 U -1
71 0 U -1
72 0 U -1
73 0 U -1
74 0 U -1
75 0 U -1
76 0 U -1
77 0 U -1
78 0 U -1
79 0 U -1
80
0 0 L -1
1 1 L -1
2 1 L -1
3 0 L -1
4 1 U -1
5 1 U 2
6 0 U -1
7 1 U 6
8 0 U -1
9 0 U 7
10 1 U -1
11 1 L -1
12 1 U 6
13 0 L 6
14 1 U 1
15 0 L 7
16 1 U -1
17 0 U 14
18 0 U -1
19 0 U 1
20 1 U 19
21 0 L 5
22 1 U 4
23 0 L 20
24 0 U 12
25 1 U 11
26 1 L -1
27 1 U 20
28 0 U 23
29 1 L 21
30 1 U 17
31 0 U -1
32 1 U 1
33 0 L 0
34 1 L 16
35 0 U -1
36 0 U 2
37 0 U 20
38 1 L 27
39 0 U 9
40 0 U 8
41 1 U 33
42 1 U 30
43 1 L 11
44 0 U 34
45 0 L 32
46 1 U 42
47 0 L 19
48 0 L 19
49 0 U -1
50 0 U 39
51 0 L 3
52 0 U 24
53 1 U -1
54 1 U -1
55 1 U -1
56 1 U 35
57 1 U 12
58 0 U -1
59 1 L 52
60 0 L 13
61 1 U 59
62 1 L 59
63 0 L 59
64 0 L 62
65 1 U 9
66 1 L 44
67 1 U 64
68 0 L -1
69 0 U 5
70 1 L 48
71 1 L 61
72 1 U 13
73 0 L 62
74 0 L 60
75 0 U 73
76 1 U 75
77 1 L 59
78 1 L 46
79 0 L 51
80
0 0 U -1
1 1 L -1
2 0 L -1
3 0 L -1
4 1 U -1
5 0 U 2
6 0 U -1
7 1 U 6
8 1 U -1
9 0 U 7
10 1 U -1
11 0 L -1
12 1 U 6
13 0 L 6
14 1 U 1
15 0 L 4
16 1 U -1
17 0 U 14
18 0 L -1
19 0 U 1
20 1 U 19
21 0 L 15
22 1 U 10
23 0 L 20
24 0 U 22
25 1 U 11
26 0 U -1
27 0 L 0
28 1 U 23
29 0 L 9
30 1 U 17
31 0 U -1
32 0 U 1
33 0 L 2
34 0 L 16
35 0 U -1
36 0 U 2
37 0 U 20
38 0 L -1
39 0 U 9
40 0 U 6
41 0 U 38
42 1 U 30
43 0 L 2
44 0 U 25
45 0 L 35
46 1 U 42
47 0 L 19
48 0 L 23
49 1 U -1
50 0 U 39
51 1 L 3
52 0 U 24
53 1 L -1
54 1 U -1
55 1 U -1
56 1 U 35
57 0 U 1
58 0 L 1
59 1 L 52
60 0 L 21
61 1 U 59
62 1 L 59
63 0 L 59
64 1 L 62
65 1 U 36
66 1 L 22
67 1 U 1
68 1 L 50
69 0 U 17
70 1 L 48
71 0 U 56
72 1 U 13
73 0 L 62
74 0 L 61
75 1 U 73
76 0 U 75
77 1 L 68
78 1 L 46
79 1 L 51
80
0 0 U -1
1 1 L -1
2 0 L -1
3 0 L -1
4 1 U -1
5 0 U 2
6 0 U -1
7 1 U 6
8 0 U -1
9 0 U 7
10 1 U -1
11 0 L -1
12 1 U 6
13 0 L 6
14 1 U 1
15 1 L 7
16 1 U -1
17 0 U 14
18 1 L -1
19 0 U 1
20 1 U 19
21 1 L 15
22 1 U 10
23 0 L 20
24 0 U 22
25 1 U 11
26 0 U -1
27 0 L 3
28 0 U 23
29 0 L 9
30 0 U 17
31 0 U -1
32 1 U 1
33 1 L 2
34 1 L 16
35 0 U -1
36 0 U 2
37 0 U 3
38 0 L -1
39 0 U 9
40 0 U 6
41 1 U 38
42 1 U 30
43 0 U 38
44 0 U 18
45 0 L 35
46 1 U 42
47 1 L 28
48 0 L 26
49 1 L -1
50 0 U 39
51 1 L 3
52 0 U 14
53 0 L -1
54 0 U -1
55 1 U -1
56 1 U 35
57 1 U 35
58 1 L 20
59 1 L 52
60 0 L 21
61 0 U 59
62 1 L 59
63 0 L 18
64 1 L 62
65 1 U 36
66 1 L 24
67 0 U 26
68 1 L 50
69 0 U 17
70 1 L 48
71 0 U 56
72 0 U 19
73 0 L 69
74 0 L 56
75 0 U 73
76 1 U 75
77 0 L 68
78 0 L 40
79 0 L 51
80
0 0 L -1
1 1 L -1
2 0 L -1
3 0 L -1
4 1 U -1
5 1 U 2
6 0 U -1
7 1 U 6
8 0 U -1
9 0 U 7
10 1 U -1
11 0 L -1
12 0 U 6
13 0 L 6
14 1 U 1
15 1 L 7
16 1 U -1
17 0 U 14
18 1 L -1
19 0 U 1
20 1 U 13
21 0 L 8
22 1 U 10
23 1 L 20
24 1 U 22
25 1 L 15
26 0 U -1
27 1 L 3
28 0 U 27
29 1 L 13
30 0 U 17
31 0 U -1
32 1 U 1
33 0 L 11
34 1 L 16
35 0 U -1
36 0 U 2
37 1 U 3
38 1 L -1
39 0 U 9
40 0 U 26
41 1 U 38
42 1 U 30
43 1 U 38
44 0 U 18
45 0 L 35
46 0 U 42
47 1 L 0
48 1 L 26
49 0 L -1
50 0 U 39
51 0 L 3
52 1 U 14
53 1 L -1
54 0 U -1
55 1 U -1
56 1 U 54
57 0 U 35
58 0 L 20
59 1 L 56
60 1 L 7
61 0 U 59
62 1 L 59
63 0 L 3
64 1 U 62
65 1 U 36
66 1 L 13
67 0 U 26
68 1 L 50
69 1 U 17
70 0 L 48
71 0 U 56
72 0 U 19
73 0 L 69
74 0 L 56
75 0 U 73
76 1 U 75
77 1 U 68
78 1 L 70
79 1 L 51
80
0 0 U -1
1 1 L -1
2 0 L -1
3 0 L -1
4 1 U -1
5 0 U 2
6 0 U -1
7 1 U 6
8 0 U -1
9 0 U 7
10 1 U -1
11 0 L -1
12 1 L 6
13 0 L 6
14 0 U 1
15 1 L 7
16 1 U -1
17 0 U 14
18 0 L -1
19 0 U 1
20 0 U 13
21 0 U 17
22 1 U 10
23 1 L 20
24 1 U 22
25 0 U 15
26 0 U -1
27 1 L 3
28 1 U 24
29 1 L 13
30 1 L 23
31 0 U -1
32 1 U 1
33 0 L 11
34 0 L 16
35 0 U -1
36 1 U 14
37 0 U 17
38 0 L -1
39 0 U 9
40 0 U 8
41 0 U 38
42 1 U 33
43 1 U 38
44 0 U 18
45 0 L 35
46 1 U 25
47 1 L 27
48 0 L 26
49 1 U -1
50 0 U 39
51 0 L 38
52 1 U 32
53 0 L -1
54 0 U -1
55 1 U -1
56 0 U 54
57 1 U 6
58 1 L 33
59 1 L 56
60 0 L 53
61 0 U 59
62 0 L 59
63 0 L 38
64 1 U 49
65 0 U 20
66 1 L 14
67 0 U 19
68 0 L 50
69 0 U 20
70 1 L 24
71 0 U 56
72 1 U 19
73 0 L 69
74 0 L 54
75 0 U 73
76 1 U 75
77 0 U 76
78 1 L 70
79 0 L 47
80
0 0 L -1
1 1 L -1
2 0 L -1
3 0 L -1
4 1 U -1
5 0 U 2
6 0 U -1
7 1 U 6
8 0 U -1
9 0 U 7
10 1 U -1
11 0 L -1
12 1 L 6
13 0 L 6
14 0 U 1
15 1 L 7
16 1 U -1
17 0 U 14
18 0 L -1
19 1 U 1
20 0 U 13
21 0 U 11
22 1 U 10
23 1 L 20
24 1 U 22
25 0 U 15
26 0 U -1
27 1 L 3
28 0 U 24
29 1 L 13
30 1 U 17
31 0 U -1
32 1 U 1
33 0 L 11
34 1 L 16
35 0 U -1
36 0 U 24
37 1 U 17
38 0 L -1
39 0 U 9
40 0 U 8
41 1 U 38
42 0 U 37
43 1 U 34
44 0 U 25
45 1 L 35
46 1 U 25
47 1 L 27
48 0 L 41
49 0 U -1
50 0 U 39
51 0 L 2
52 1 U 32
53 1 L -1
54 0 U -1
55 1 U -1
56 0 U 10
57 1 U 6
58 1 L 33
59 1 L 54
60 1 L 11
61 0 U 59
62 0 L 10
63 1 L 38
64 1 U 0
65 0 U 20
66 0 L 33
67 0 U 2
68 0 L 50
69 0 U 20
70 0 L 24
71 1 U 2
72 0 U 19
73 0 L 71
74 0 L 54
75 0 U 39
76 1 U 75
77 1 U 76
78 1 L 40
79 0 L 47
80
0 0 L -1
1 1 L -1
2 0 L -1
3 0 L -1
4 1 U -1
5 1 U 2
6 0 U -1
7 1 U 6
8 0 U -1
9 0 U 7
10 1 U -1
11 0 L -1
12 0 L 6
13 1 L 9
14 0 U 1
15 1 L 7
16 1 U -1
17 0 U 14
18 1 L -1
19 1 U 1
20 0 U 9
21 1 U 11
22 1 U 6
23 1 L 20
24 1 U 22
25 1 U 15
26 0 U -1
27 1 L 3
28 0 U 24
29 0 L 15
30 1 U 17
31 1 U -1
32 1 U 1
33 0 L 11
34 1 L 25
35 0 U -1
36 1 U 24
37 0 U 23
38 1 L -1
39 0 U 9
40 0 U 8
41 1 U 34
42 0 L 37
43 1 U 33
44 0 U 25
45 1 L 35
46 0 U 45
47 0 L 27
48 1 L 41
49 1 U -1
50 0 U 39
51 1 L 10
52 1 U 32
53 1 L -1
54 0 U -1
55 1 U -1
56 0 U 10
57 1 U 54
58 1 L 33
59 1 L 54
60 0 L 11
61 0 U 59
62 0 L 53
63 0 L 34
64 0 U 0
65 0 L 62
66 0 L 4
67 0 U 19
68 0 L 50
69 0 U 36
70 0 L 24
71 1 U 2
72 1 U 57
73 0 L 71
74 0 L 54
75 0 U 39
76 1 U 75
77 1 U 76
78 1 L -1
79 1 L 47
80
0 0 L -1
1 1 L -1
2 0 L -1
3 0 L -1
4 1 U -1
5 0 U 2
6 0 U -1
7 0 U 6
8 0 U -1
9 0 U 7
10 1 U -1
11 0 L -1
12 0 L 6
13 1 L 6
14 0 U 1
15 1 L 7
16 1 U -1
17 0 U 14
18 1 L -1
19 0 U 1
20 0 U 14
21 0 U 17
22 1 U 6
23 1 L 20
24 1 U 22
25 1 U 15
26 1 U -1
27 1 L 3
28 0 U 24
29 1 L 15
30 1 U 27
31 1 L -1
32 1 U 1
33 0 L 3
34 0 L 16
35 1 U -1
36 0 U 24
37 1 U 23
38 1 L 36
39 0 U 9
40 0 U 26
41 0 U 34
42 0 L 37
43 0 U 33
44 0 U 25
45 1 L 35
46 0 U 45
47 0 U -1
48 1 L 34
49 0 U 43
50 0 U 39
51 1 L 14
52 1 U 32
53 1 L -1
54 0 U -1
55 1 U -1
56 0 U 10
57 0 U 54
58 0 U 33
59 1 L 54
60 0 L 11
61 1 U 59
62 0 L 23
63 1 L 40
64 0 U 16
65 1 L 11
66 1 L 4
67 0 U 19
68 1 L 1
69 0 U 36
70 1 L 24
71 1 U 2
72 0 U 64
73 1 U 71
74 0 L 63
75 0 U 39
76 1 U 75
77 1 U 76
78 0 U -1
79 1 L 6
80
0 0 L -1
1 1 L -1
2 0 L -1
3 0 L -1
4 1 U -1
5 0 U 2
6 0 U -1
7 1 U 6
8 0 U -1
9 0 U 7
10 1 U -1
11 0 L -1
12 0 L 6
13 0 L 6
14 0 U 1
15 1 L 7
16 1 U -1
17 0 U 14
18 1 L -1
19 1 U 1
20 1 U 14
21 1 U 11
22 1 U 10
23 1 L 20
24 1 U 22
25 1 U 23
26 1 U -1
27 1 L 3
28 0 U 24
29 0 L 15
30 0 U 27
31 1 L -1
32 1 U 1
33 0 L 3
34 1 L 16
35 1 U -1
36 0 U 24
37 1 U 23
38 1 L 36
39 0 U 5
40 0 U 4
41 1 U 34
42 1 L 37
43 0 L 33
44 1 U 21
45 0 L 35
46 1 U 45
47 0 U -1
48 0 L 23
49 1 L 33
50 0 U 39
51 1 L 29
52 1 U 32
53 1 L -1
54 0 U -1
55 1 U -1
56 0 U 10
57 0 U 54
58 0 U 33
59 1 L 54
60 0 U 31
61 1 U 59
62 1 L 23
63 1 L 38
64 0 U 54
65 1 L 3
66 1 L 1
67 0 U 19
68 1 L 2
69 0 U 36
70 0 L 62
71 1 U 2
72 0 U 64
73 1 U 71
74 0 L 63
75 1 U 39
76 0 U 75
77 1 U 76
78 1 U -1
79 1 L 6
80
0 0 U -1
1 1 L -1
2 0 L -1
3 0 L -1
4 1 U -1
5 0 U 2
6 0 U -1
7 1 U 6
8 1 U -1
9 0 U 7
10 1 U -1
11 0 L -1
12 0 L 6
13 0 L 9
14 0 U 1
15 1 L 7
16 1 U -1
17 0 U 14
18 1 L -1
19 1 U 1
20 1 U 14
21 1 U 11
22 1 U 10
23 1 L 20
24 1 U 22
25 0 U 23
26 0 U -1
27 1 L 3
28 1 U 24
29 1 L 15
30 0 U 27
31 1 L -1
32 1 U 1
33 0 L 3
34 1 L 16
35 1 U -1
36 0 U 24
37 1 U 23
38 1 L 36
39 0 U 9
40 0 U 4
41 1 U 34
42 0 L 37
43 0 L 27
44 1 U 21
45 0 L 35
46 1 U 45
47 1 U -1
48 0 L 16
49 1 L 7
50 0 U 39
51 1 L 21
52 1 U 32
53 1 L -1
54 1 U -1
55 1 U -1
56 1 U 55
57 0 U 55
58 0 U 50
59 1 L 54
60 0 U 59
61 0 U 59
62 1 L 23
63 1 L 46
64 0 U 4
65 0 L 3
66 1 L 11
67 0 U 19
68 0 L 18
69 0 U 36
70 0 L 19
71 0 U 2
72 0 U 64
73 1 U 71
74 0 L 54
75 1 U 39
76 0 U 75
77 1 U 76
78 0 U -1
79 0 L 6
80
0 0 U -1
1 1 L -1
2 0 L -1
3 0 L -1
4 1 U -1
5 0 U 2
6 0 U -1
7 1 U 6
8 1 U -1
9 0 U 7
10 1 U -1
11 0 L -1
12 0 U 1
13 0 L 9
14 0 U 1
15 1 L 7
16 1 U -1
17 0 U 14
18 1 L -1
19 1 U 1
20 1 U 14
21 1 U 11
22 1 U 10
23 1 L 20
24 1 U 22
25 1 U 23
26 1 U -1
27 1 L 3
28 1 U 24
29 1 L 15
30 0 U 27
31 1 L -1
32 1 U 1
33 0 L 3
34 1 L 20
35 1 U -1
36 0 U 24
37 1 U 27
38 1 L 36
39 0 U 9
40 0 U 8
41 0 U 34
42 0 L 37
43 0 L 27
44 1 U 21
45 1 L 44
46 1 U 34
47 1 U -1
48 0 L 16
49 1 L 7
50 0 U 39
51 1 L 12
52 1 U 2
53 1 L -1
54 1 U -1
55 1 U -1
56 1 U 4
57 1 U 16
58 0 U 50
59 1 L 54
60 1 U 59
61 1 U 59
62 1 L 23
63 0 L 37
64 0 U 4
65 0 L 38
66 1 L 50
67 0 U 19
68 0 L 18
69 0 U 36
70 1 L 23
71 1 U 2
72 0 U 64
73 1 U 71
74 1 L 18
75 1 U 39
76 0 U 75
77 1 U 76
78 1 U -1
79 1 L 7
80
0 0 L -1
1 1 L -1
2 0 L -1
3 0 L -1
4 1 U -1
5 0 U 2
6 0 U -1
7 1 U 6
8 1 U -1
9 0 U 7
10 1 U -1
11 0 L -1
12 0 L 9
13 0 L 9
14 0 U 1
15 1 L 7
16 1 U -1
17 0 U 14
18 1 L -1
19 0 U 1
20 1 U 14
21 1 U 11
22 1 U 10
23 1 L 20
24 1 U 22
25 1 U 23
26 0 U -1
27 1 L 3
28 0 U 24
29 0 L 15
30 0 U 27
31 1 L -1
32 1 U 1
33 0 L 3
34 1 L 20
35 1 U -1
36 0 U 24
37 1 U 27
38 1 L 36
39 0 U 9
40 0 U 8
41 0 U 34
42 0 L 37
43 0 L 27
44 1 U 21
45 1 L 44
46 1 U 45
47 1 U -1
48 1 L 14
49 0 L 7
50 0 U 39
51 1 L 12
52 1 U 2
53 1 L -1
54 1 U -1
55 1 U -1
56 1 U 4
57 1 U 16
58 0 U 33
59 1 L 54
60 0 U 49
61 1 U 59
62 1 L 28
63 0 L 41
64 0 U 16
65 1 L 38
66 1 L 50
67 0 U 19
68 1 L 31
69 0 U 36
70 0 L 23
71 1 U 56
72 0 U 64
73 1 U 38
74 1 L 18
75 1 U 39
76 0 U 75
77 1 U 76
78 0 U -1
79 0 L 68
80
0 0 L -1
1 1 L -1
2 0 L -1
3 0 L -1
4 1 U -1
5 0 U 2
6 0 U -1
7 1 U 6
8 1 U -1
9 0 U 7
10 1 U -1
11 0 L -1
12 1 L 9
13 0 L 9
14 0 U 1
15 1 L 7
16 1 U -1
17 0 U 14
18 1 L -1
19 0 U 1
20 1 U 14
21 1 U 11
22 1 U 10
23 1 L 20
24 1 U 22
25 0 U 23
26 1 U -1
27 1 L 3
28 0 U 13
29 0 L 13
30 0 U 27
31 1 L -1
32 1 U 1
33 0 L 3
34 1 L 20
35 1 U -1
36 0 U 24
37 1 U 17
38 1 L 36
39 0 U 5
40 0 U 26
41 0 U 34
42 0 L 37
43 0 L 27
44 1 U 21
45 1 L 44
46 0 U 45
47 1 U -1
48 0 L 16
49 0 L 7
50 0 U 39
51 0 L 21
52 1 U 32
53 1 L -1
54 1 U -1
55 1 U -1
56 1 U 4
57 0 U 10
58 0 U 33
59 1 L 58
60 0 U 49
61 1 U 59
62 1 L 24
63 1 L 34
64 0 U 16
65 1 L 62
66 1 L 50
67 1 U 19
68 1 L 18
69 0 U 36
70 0 L 23
71 0 U 56
72 0 U 64
73 0 U 67
74 0 L 1
75 0 U 39
76 0 U 75
77 1 U 76
78 1 U -1
79 0 L 9
80
0 0 U -1
1 1 L -1
2 0 L -1
3 0 L -1
4 1 U -1
5 0 U 2
6 0 U -1
7 1 U 6
8 0 U -1
9 0 U 7
10 1 U -1
11 0 L -1
12 1 L 9
13 0 L 9
14 0 U 1
15 1 L 7
16 1 U -1
17 0 U 14
18 1 L -1
19 0 U 1
20 1 U 14
21 1 U 11
22 1 U 10
23 1 L 20
24 1 U 22
25 1 U 23
26 1 U -1
27 1 L 3
28 1 U 13
29 0 L 13
30 0 U 27
31 1 L -1
32 1 U 1
33 0 L 3
34 1 L 20
35 1 L -1
36 0 U 24
37 1 U 17
38 1 L 36
39 0 U 5
40 0 U 26
41 0 U 34
42 0 L 37
43 0 L 27
44 1 U 21
45 1 L 44
46 1 U 45
47 0 U -1
48 0 L 16
49 1 L 7
50 0 U 39
51 1 L 21
52 1 U 32
53 1 L -1
54 1 U -1
55 1 U -1
56 1 U 4
57 0 U 10
58 0 U 50
59 1 L 58
60 1 U 31
61 0 U 59
62 1 L 47
63 0 L 54
64 0 U 16
65 0 L 35
66 1 L 50
67 0 U 19
68 0 L 35
69 0 U 36
70 1 L 34
71 1 U 56
72 0 U 64
73 1 U 67
74 0 L 18
75 1 U 39
76 0 U 75
77 1 U 76
78 1 U -1
79 0 L 9
80
0 0 L -1
1 1 L -1
2 0 L -1
3 0 L -1
4 1 U -1
5 0 U 2
6 0 U -1
7 1 U 6
8 0 U -1
9 0 U 7
10 1 U -1
11 0 L -1
12 1 L 9
13 0 L 9
14 0 U 1
15 1 L 7
16 1 U -1
17 0 U 14
18 1 L -1
19 0 U 1
20 1 U 14
21 1 U 11
22 1 U 10
23 1 L 20
24 1 U 22
25 0 U 23
26 0 U -1
27 1 L 3
28 1 U 13
29 1 L 13
30 0 U 27
31 1 L -1
32 1 U 1
33 0 L 3
34 0 L 20
35 1 L -1
36 0 U 24
37 1 U 17
38 1 L 36
39 0 U 5
40 0 U 26
41 0 U 34
42 0 L 37
43 0 L 33
44 1 U 21
45 0 L 44
46 0 U 45
47 0 U -1
48 1 L 17
49 0 L 7
50 0 U 39
51 0 L 23
52 1 U 32
53 1 L -1
54 1 U -1
55 1 U -1
56 1 U 4
57 0 U 47
58 0 U 33
59 1 L 58
60 0 U 31
61 0 U 59
62 0 L 24
63 1 L 38
64 0 U 16
65 1 L 25
66 1 L 50
67 1 U 40
68 0 L 0
69 0 U 36
70 0 L 23
71 0 U 56
72 0 U 64
73 1 U 71
74 0 L 18
75 1 U 39
76 0 U 75
77 1 U 76
78 1 U -1
79 1 L 9
80
0 0 U -1
1 1 L -1
2 0 L -1
3 0 L -1
4 1 U -1
5 0 U 2
6 0 U -1
7 1 U 6
8 0 U -1
9 0 U 7
10 1 U -1
11 0 L -1
12 1 L 9
13 1 L 9
14 0 U 1
15 1 L 7
16 1 U -1
17 0 U 14
18 1 L -1
19 1 U 1
20 1 U 14
21 1 U 11
22 1 U 10
23 1 L 20
24 1 U 22
25 0 U 23
26 1 U -1
27 1 L 3
28 1 U 13
29 1 L 15
30 0 U 27
31 1 L -1
32 1 U 1
33 0 L 3
34 1 L 20
35 0 L -1
36 0 U 24
37 1 U 17
38 1 L 36
39 0 U 5
40 0 U 26
41 1 U 34
42 0 L 37
43 0 L 33
44 1 U 25
45 0 L 44
46 0 U 45
47 1 U -1
48 0 L 20
49 1 L 27
50 0 U 39
51 0 L 23
52 1 U 2
53 0 U -1
54 1 U -1
55 1 U -1
56 1 U 4
57 0 U 4
58 0 U 33
59 1 L 58
60 1 U 59
61 1 U 59
62 0 L 37
63 1 L 38
64 0 U 16
65 1 L 10
66 1 L 63
67 0 U 32
68 1 L 0
69 0 U 38
70 1 L 23
71 1 U 56
72 0 U 64
73 1 U 71
74 0 L 18
75 1 U 39
76 0 U 75
77 1 U 76
78 1 U -1
79 0 L 9
80
0 0 U -1
1 1 L -1
2 0 L -1
3 0 L -1
4 1 U -1
5 1 U 2
6 0 U -1
7 0 U 6
8 1 U -1
9 0 U 7
10 1 U -1
11 0 L -1
12 0 L 9
13 0 L 9
14 0 U 1
15 1 L 7
16 1 U -1
17 0 U 14
18 1 L -1
19 1 U 1
20 1 U 14
21 1 U 11
22 1 U 10
23 1 L 20
24 1 U 22
25 0 U 23
26 0 U -1
27 1 L 3
28 1 U 13
29 0 L 15
30 0 U 27
31 1 L -1
32 1 U 1
33 0 L 3
34 1 L 16
35 0 L 21
36 0 U 24
37 1 U 17
38 1 L 36
39 0 U 5
40 0 U 16
41 1 U 34
42 0 L 37
43 0 L 33
44 1 U 25
45 0 L 44
46 0 U 45
47 1 L -1
48 0 L 14
49 0 L 27
50 0 U 39
51 1 L 23
52 1 U 2
53 0 U -1
54 1 U -1
55 1 U -1
56 1 U 10
57 0 U 26
58 0 U 33
59 1 L 58
60 1 U 59
61 1 U 59
62 0 L 37
63 1 L 38
64 0 U 16
65 1 L 2
66 1 L 63
67 1 U 56
68 1 L 0
69 0 U 23
70 0 L 23
71 0 U 56
72 0 U 64
73 1 U 71
74 0 L 3
75 1 U 39
76 0 U 75
77 1 U 76
78 1 L -1
79 1 L 9
80
0 0 U -1
1 1 L -1
2 0 L -1
3 1 L -1
4 1 U -1
5 1 U 2
6 0 U -1
7 0 U 6
8 0 U -1
9 0 U 7
10 1 U -1
11 1 L -1
12 1 L 9
13 0 L 9
14 0 U 1
15 1 L 7
16 1 U -1
17 0 U 14
18 0 L -1
19 0 U 1
20 1 U 14
21 0 U 17
22 1 U 10
23 1 L 20
24 1 U 22
25 0 U 23
26 0 U -1
27 1 L 3
28 1 U 13
29 1 L 15
30 0 U 27
31 1 L -1
32 1 U 1
33 0 L 31
34 1 L 25
35 0 L 21
36 0 U 24
37 1 U 28
38 1 L 36
39 0 U 5
40 1 U 0
41 0 U 34
42 0 L 37
43 1 L 33
44 1 U 25
45 0 L 44
46 0 U 45
47 0 U -1
48 1 L 35
49 1 L 31
50 0 U 39
51 0 L 23
52 1 U 2
53 0 U -1
54 0 U -1
55 1 U -1
56 1 U 54
57 0 U 26
58 0 U 33
59 1 L 58
60 0 U 59
61 0 U 59
62 1 L 44
63 0 L 4
64 0 U 16
65 0 L 33
66 1 U -1
67 0 U 19
68 0 L 0
69 0 U 23
70 1 L 23
71 1 U 56
72 0 U 64
73 0 U 36
74 0 L 62
75 1 U 39
76 0 U 75
77 1 U 76
78 1 L -1
79 1 L 9
80
0 0 L -1
1 1 L -1
2 0 L -1
3 1 L -1
4 1 U -1
5 1 U 2
6 0 U -1
7 0 U 6
8 0 U -1
9 0 U 7
10 1 U -1
11 1 L -1
12 0 L 9
13 0 L 9
14 0 U 1
15 1 L 7
16 1 U -1
17 0 U 14
18 0 L -1
19 0 U 1
20 1 U 14
21 1 U 17
22 1 U 10
23 1 L 20
24 1 U 22
25 0 U 23
26 1 U -1
27 1 L 3
28 1 U 13
29 1 L 15
30 0 U 27
31 1 L -1
32 1 U 1
33 0 L 31
34 1 L 25
35 0 L 17
36 0 U 24
37 0 U 27
38 1 L 36
39 0 U 5
40 1 U 0
41 1 U 34
42 1 L 24
43 1 L 33
44 1 U 33
45 1 L 44
46 0 U 45
47 0 U -1
48 0 L 35
49 0 L 31
50 0 U 11
51 0 L 26
52 1 U 32
53 0 U -1
54 0 U -1
55 1 U -1
56 0 U 54
57 1 U 26
58 0 U 33
59 1 L 54
60 0 U 59
61 0 U 59
62 0 L 44
63 1 L 27
64 0 U 47
65 1 L 0
66 1 U -1
67 0 U 2
68 1 L 3
69 0 U 23
70 1 L 41
71 0 U 56
72 0 U 64
73 0 U 36
74 0 L 53
75 1 U 39
76 0 U 75
77 1 U 76
78 1 L -1
79 0 L 68
80
0 0 U -1
1 1 L -1
2 0 L -1
3 1 L -1
4 1 U -1
5 1 U 2
6 0 U -1
7 0 U 6
8 0 U -1
9 0 U 7
10 1 U -1
11 1 L -1
12 1 L 9
13 1 L 9
14 0 U 1
15 1 L 7
16 1 U -1
17 0 U 14
18 0 L -1
19 1 U 10
20 1 U 14
21 0 U 17
22 1 U 10
23 1 L 20
24 1 U 22
25 0 L 17
26 1 U -1
27 1 L 3
28 1 U 13
29 0 L 15
30 1 U 27
31 1 L -1
32 1 U 1
33 0 L 31
34 0 L 29
35 0 L 17
36 0 U 24
37 0 U 27
38 1 L 36
39 0 U 9
40 1 U 0
41 0 U 34
42 1 L 24
43 0 L 33
44 1 U 33
45 0 L 44
46 0 U 45
47 0 U -1
48 0 L 41
49 1 L 13
50 0 U 11
51 0 U 41
52 1 U 32
53 0 U -1
54 0 U -1
55 1 U -1
56 0 U 54
57 0 U 26
58 0 U 33
59 1 L 54
60 0 U 59
61 1 U 59
62 0 L 47
63 1 L 7
64 0 U 47
65 0 L 7
66 1 U -1
67 0 L 3
68 0 L 3
69 0 U 36
70 1 L 41
71 1 U 56
72 1 U 64
73 1 U 36
74 0 L 53
75 1 U 42
76 0 U 75
77 1 U 76
78 0 L -1
79 0 L 68
80
0 0 U -1
1 1 L -1
2 0 L -1
3 1 L -1
4 1 U -1
5 1 U 2
6 0 U -1
7 0 U 6
8 1 U -1
9 0 U 7
10 1 U -1
11 1 L -1
12 0 L 9
13 1 L 9
14 0 U 1
15 1 L 7
16 1 U -1
17 0 U 14
18 0 L -1
19 0 U 1
20 1 U 14
21 1 U 17
22 1 U 10
23 1 L 20
24 1 U 22
25 0 U 17
26 0 U -1
27 1 L 3
28 1 U 13
29 0 L 12
30 0 U 27
31 1 L -1
32 1 U 1
33 0 L 31
34 0 L 25
35 0 L 17
36 0 U 24
37 0 U 27
38 1 L 36
39 0 U 9
40 1 U 0
41 0 U 34
42 1 L 24
43 0 L 33
44 1 U 25
45 0 L 44
46 0 U 45
47 0 U -1
48 1 L 13
49 0 L 26
50 0 U 11
51 0 U 41
52 1 U 2
53 0 U -1
54 0 U -1
55 1 U -1
56 0 U 10
57 1 U 54
58 0 U 33
59 1 L 54
60 0 U 59
61 0 U 59
62 0 L 22
63 1 L 7
64 0 U 47
65 0 L 7
66 1 U -1
67 1 L 3
68 0 L 3
69 0 U 38
70 1 L 19
71 1 U 56
72 1 U 2
73 0 U 36
74 0 L 45
75 0 U 42
76 0 U 75
77 1 U 76
78 0 L -1
79 1 L 68
80
0 0 L -1
1 1 L -1
2 0 L -1
3 1 L -1
4 1 U -1
5 1 U 2
6 0 U -1
7 0 U 6
8 1 U -1
9 0 U 7
10 1 U -1
11 1 L -1
12 1 L 9
13 1 L 9
14 0 U 1
15 1 L 7
16 1 U -1
17 0 U 14
18 0 L -1
19 0 U 6
20 1 U 13
21 1 U 17
22 1 U 10
23 1 L 20
24 1 U 22
25 1 U 17
26 0 U -1
27 1 L 3
28 1 U 13
29 1 L 12
30 0 U 27
31 1 L -1
32 1 U 1
33 0 L 31
34 0 L 25
35 0 L 17
36 0 U 24
37 0 U 1
38 1 L 36
39 0 U 9
40 1 U 0
41 0 U 34
42 1 L 22
43 0 L 27
44 1 U 25
45 1 L 44
46 0 U 34
47 0 U -1
48 1 L 15
49 0 L 13
50 0 U 11
51 1 U 41
52 1 U 2
53 0 U -1
54 0 U -1
55 1 U -1
56 1 U 6
57 1 U 54
58 0 U 33
59 1 L 54
60 1 U 59
61 1 U 59
62 1 L 22
63 0 L 7
64 1 U 6
65 0 L 7
66 1 U -1
67 1 L 3
68 0 L 3
69 0 U 38
70 1 L 34
71 0 U 56
72 0 U 56
73 1 L 71
74 0 L 45
75 0 U 42
76 0 U 75
77 1 U 76
78 1 L -1
79 1 L 68
80
0 0 U -1
1 1 L -1
2 0 L -1
3 1 L -1
4 1 U -1
5 1 U 2
6 0 U -1
7 0 U 6
8 1 U -1
9 0 U 7
10 1 U -1
11 1 L -1
12 1 L 9
13 1 L 9
14 0 U 1
15 1 L 7
16 1 U -1
17 0 U 14
18 0 L -1
19 1 U 10
20 1 U 13
21 1 U 17
22 1 U 10
23 1 L 20
24 1 U 22
25 1 U 17
26 0 U -1
27 1 L 3
28 1 U 13
29 0 L 15
30 0 U 27
31 1 L -1
32 1 U 1
33 0 L 31
34 1 L 16
35 0 L 17
36 0 U 24
37 0 U 1
38 1 L 36
39 0 U 9
40 1 U 0
41 1 U 34
42 1 L 22
43 1 L 33
44 1 U 25
45 0 L 44
46 0 U 34
47 0 U -1
48 0 L 43
49 0 L 13
50 0 U 11
51 1 L 30
52 1 U 2
53 0 U -1
54 0 U -1
55 1 U -1
56 0 U 6
57 0 U 54
58 0 U 33
59 1 L 54
60 1 U 29
61 1 U 59
62 0 L 22
63 1 L 7
64 1 U 8
65 1 L 7
66 1 U -1
67 0 L 31
68 0 L 3
69 0 U 28
70 1 L 20
71 1 U 56
72 1 U 13
73 1 L 71
74 0 L 46
75 0 U 42
76 0 U 75
77 1 U 76
78 1 L -1
79 1 L 68
80
0 0 L -1
1 1 L -1
2 0 L -1
3 1 L -1
4 1 U -1
5 1 U 2
6 0 U -1
7 0 U 6
8 1 U -1
9 0 U 7
10 1 U -1
11 1 L -1
12 1 L 9
13 1 L 9
14 0 U 1
15 1 L 7
16 1 U -1
17 0 U 14
18 0 U -1
19 1 U 10
20 1 U 13
21 0 U 17
22 1 U 10
23 1 L 20
24 1 U 22
25 1 U 17
26 0 U -1
27 0 L 3
28 0 U 24
29 0 L 15
30 0 U 20
31 1 L -1
32 0 U 1
33 0 L 3
34 1 L 16
35 0 L 17
36 0 U 24
37 0 U 1
38 1 L 36
39 0 U 9
40 1 U 0
41 1 U 34
42 1 L 22
43 1 L 33
44 1 U 25
45 1 L 44
46 0 U 34
47 1 L -1
48 1 L 13
49 0 L 31
50 0 U 11
51 1 L 30
52 1 U 2
53 0 U -1
54 0 U -1
55 1 U -1
56 1 U 6
57 0 U 54
58 0 U 50
59 1 L 54
60 1 U 59
61 1 U 59
62 1 L 51
63 0 L 7
64 1 U 8
65 0 L 7
66 1 U -1
67 0 L 35
68 0 L 3
69 0 U 28
70 1 L 19
71 0 U 56
72 0 U 2
73 1 L 69
74 0 L 54
75 0 U 42
76 0 U 75
77 1 U 76
78 0 L 45
79 1 L 68
80
0 0 U -1
1 1 L -1
2 0 L -1
3 1 L -1
4 1 U -1
5 1 U 2
6 0 U -1
7 0 U 6
8 0 U -1
9 0 U 7
10 1 U -1
11 1 L -1
12 1 L 9
13 0 L 9
14 0 U 1
15 1 L 7
16 1 U -1
17 0 U 14
18 0 U 11
19 0 U 6
20 1 U 13
21 0 U 17
22 1 U 10
23 1 L 20
24 1 U 22
25 0 U 15
26 0 U -1
27 1 L 1
28 0 U 24
29 1 L 15
30 0 U 20
31 1 L -1
32 0 U 1
33 0 L 3
34 1 L 16
35 0 L 21
36 0 U 24
37 0 U 1
38 1 L 36
39 0 U 9
40 1 U 0
41 0 U 34
42 1 L 22
43 1 L 33
44 1 U 25
45 1 L 44
46 0 U 34
47 1 L 31
48 0 L 24
49 0 L 31
50 0 U 11
51 1 L 33
52 1 U 2
53 0 U -1
54 0 U -1
55 1 U -1
56 0 U 6
57 0 U 26
58 0 U 43
59 1 L 58
60 0 U 59
61 0 U 44
62 1 U -1
63 1 L 1
64 1 U 54
65 0 L 7
66 0 L -1
67 0 L 35
68 0 L 49
69 0 U 28
70 1 L 19
71 0 U 56
72 0 U 37
73 1 L 69
74 0 L 54
75 0 U 73
76 1 U 75
77 0 U 76
78 0 L 45
79 0 L 68
80
0 0 U -1
1 1 L -1
2 0 L -1
3 1 L -1
4 1 U -1
5 1 U 2
6 0 U -1
7 0 U 6
8 0 U -1
9 0 U 7
10 1 U -1
11 1 L -1
12 1 L 9
13 0 L 6
14 0 U 1
15 1 L 7
16 1 U -1
17 0 U 13
18 0 U -1
19 0 U 6
20 1 U 13
21 0 U 17
22 1 U 6
23 1 L 20
24 1 U 22
25 0 U 15
26 1 U -1
27 1 L 3
28 0 U 13
29 1 L 12
30 0 U 20
31 1 L -1
32 1 U 1
33 0 L 3
34 0 L 16
35 0 L 21
36 0 U 24
37 0 U 15
38 1 L 36
39 0 U 9
40 1 U 0
41 1 U 34
42 1 L 26
43 1 L 33
44 1 U 25
45 1 L 44
46 0 U 34
47 0 L 31
48 0 L 24
49 0 L 31
50 0 U 11
51 1 L 4
52 1 U 2
53 0 U -1
54 0 U -1
55 1 U -1
56 0 U 10
57 1 U 54
58 0 U 43
59 1 L 58
60 0 U 59
61 0 U 44
62 1 L -1
63 0 L 1
64 0 U 54
65 0 L 33
66 0 U -1
67 1 L 35
68 0 L 49
69 0 U 28
70 1 L 19
71 1 U 32
72 1 U 7
73 0 L 69
74 0 L 54
75 0 U 73
76 1 U 75
77 0 U 65
78 1 L 45
79 0 L 68
80
0 0 U -1
1 1 L -1
2 0 L -1
3 1 L -1
4 1 U -1
5 0 U 2
6 0 U -1
7 0 U 6
8 0 U -1
9 0 U 7
10 1 U -1
11 1 L -1
12 0 L 9
13 1 L 6
14 1 U 1
15 1 L 7
16 1 U -1
17 0 U 13
18 1 U -1
19 0 U 10
20 1 U 13
21 0 U 17
22 1 U 10
23 1 L 20
24 1 U 22
25 0 U 15
26 0 U -1
27 1 L 3
28 0 U 13
29 0 L 13
30 0 U 27
31 1 L -1
32 0 U 1
33 0 L 3
34 0 L 16
35 0 L 21
36 0 U 24
37 0 U 20
38 1 L 36
39 0 U 9
40 1 U 0
41 0 U 34
42 1 L 26
43 1 L 33
44 1 U 25
45 1 L 44
46 0 U 34
47 1 L 31
48 0 L 24
49 0 L 31
50 0 U 11
51 1 L 49
52 1 U 2
53 0 U -1
54 0 L -1
55 1 U -1
56 1 U 10
57 1 U 55
58 0 U 33
59 1 L 58
60 1 U 59
61 1 U 44
62 1 L -1
63 1 L 1
64 1 U 6
65 0 L 33
66 1 U -1
67 0 L 35
68 0 L 49
69 0 U 36
70 1 L 34
71 0 U 19
72 1 U 7
73 1 L 69
74 0 L 60
75 0 U 73
76 0 U 75
77 0 U 65
78 1 L 48
79 0 L 68
80
0 0 U -1
1 1 L -1
2 0 L -1
3 1 L -1
4 1 U -1
5 0 U 2
6 0 U -1
7 0 U 6
8 0 U -1
9 0 U 7
10 1 U -1
11 1 L -1
12 0 L 9
13 1 L 6
14 1 U 10
15 1 L 7
16 1 U -1
17 0 U 13
18 0 U -1
19 0 U 10
20 1 U 13
21 0 U 17
22 1 U 10
23 1 L 20
24 1 U 22
25 0 U 15
26 0 U -1
27 1 L 3
28 1 U 13
29 1 L 13
30 0 U 27
31 1 L -1
32 1 U 1
33 0 L 3
34 0 L 16
35 0 L 21
36 0 U 24
37 0 U 15
38 1 L 36
39 0 U 9
40 1 U 0
41 1 U 34
42 1 L 26
43 1 L 33
44 1 U 25
45 0 L 44
46 0 U 34
47 0 L 31
48 1 L 24
49 0 L 31
50 0 U 11
51 1 L 7
52 1 U 2
53 0 U -1
54 0 L -1
55 1 U -1
56 1 U 10
57 0 U 26
58 0 U 33
59 1 L 58
60 0 U 59
61 1 U 44
62 1 L -1
63 0 L 1
64 1 U 16
65 0 L 49
66 1 U -1
67 0 L 35
68 0 L 49
69 0 U 36
70 1 L 34
71 1 U 19
72 1 U 12
73 1 L 69
74 0 L 60
75 0 U 73
76 0 U 45
77 0 U 65
78 1 L 48
79 0 L 68
80
0 0 U -1
1 1 L -1
2 0 L -1
3 1 L -1
4 1 U -1
5 0 U 2
6 0 U -1
7 0 U 6
8 0 U -1
9 0 U 7
10 1 U -1
11 1 L -1
12 0 L 9
13 1 L 9
14 0 U 10
15 1 L 7
16 1 U -1
17 0 U 13
18 1 U -1
19 1 U 10
20 1 U 13
21 1 U 17
22 1 U 10
23 1 L 20
24 1 U 22
25 0 U 15
26 1 U -1
27 1 L 3
28 1 U 13
29 1 L 13
30 0 U 27
31 1 L -1
32 0 U 1
33 0 L 31
34 0 L 16
35 0 L 21
36 0 U 24
37 0 U 15
38 1 L 36
39 0 U 9
40 0 U 16
41 1 U 34
42 1 L 26
43 1 L 33
44 1 U 37
45 0 L 44
46 0 U 31
47 1 L 31
48 0 L 44
49 0 L 31
50 0 U 39
51 1 L 7
52 1 U 14
53 0 U -1
54 1 L -1
55 1 U -1
56 0 U 16
57 0 U 6
58 0 U 33
59 1 L 58
60 1 U 59
61 0 U 44
62 0 U -1
63 0 L 30
64 1 U 10
65 0 L 33
66 0 U -1
67 0 L 35
68 1 L 2
69 0 U 36
70 1 L 19
71 1 U 19
72 1 U 56
73 0 L 69
74 0 L 60
75 0 U 73
76 1 U 45
77 1 U 65
78 1 L 32
79 1 L 68
80
0 0 L -1
1 1 L -1
2 0 L -1
3 0 L -1
4 1 U -1
5 0 U 2
6 0 U -1
7 0 U 6
8 0 U -1
9 0 U 7
10 1 U -1
11 1 L -1
12 0 L 9
13 1 L 9
14 0 U 10
15 1 L 7
16 1 U -1
17 0 U 13
18 0 U -1
19 1 U 18
20 1 U 2
21 1 U 17
22 1 U 10
23 1 L 20
24 1 U 22
25 0 U 17
26 0 U -1
27 1 L 3
28 1 U 13
29 1 L 13
30 0 U 27
31 1 L -1
32 0 U 22
33 0 L 31
34 1 L 25
35 0 L 21
36 0 U 24
37 0 U 15
38 1 L 36
39 0 U 9
40 1 U 26
41 0 U 34
42 1 L 26
43 1 L 33
44 1 U 37
45 0 L 44
46 0 U 31
47 0 L 3
48 0 L 44
49 1 L 31
50 0 U 39
51 1 L 7
52 1 U 14
53 0 U -1
54 0 L -1
55 1 U -1
56 1 U 18
57 1 U 6
58 0 U 50
59 1 L 58
60 0 U 59
61 0 U 59
62 0 U -1
63 1 L 30
64 1 U 53
65 0 L 33
66 1 L -1
67 1 L 14
68 1 L 0
69 0 U 36
70 1 L 19
71 0 U 57
72 1 U 22
73 0 L 69
74 0 L 50
75 0 U 73
76 1 U 45
77 1 U 65
78 0 L 32
79 1 L 9
80
0 0 L -1
1 1 L -1
2 0 L -1
3 1 L -1
4 1 U -1
5 0 U 2
6 0 U -1
7 0 U 6
8 0 U -1
9 0 U 7
10 1 U -1
11 1 L -1
12 1 L 9
13 1 L 9
14 0 U 6
15 1 L 7
16 1 U -1
17 0 U 13
18 0 U -1
19 1 U 6
20 1 U 13
21 0 U 17
22 1 U 10
23 1 L 20
24 1 U 22
25 0 L 17
26 0 U -1
27 1 L 3
28 1 U 13
29 0 L 15
30 1 U 17
31 1 L -1
32 0 U 22
33 0 L 31
34 1 U 33
35 0 L 21
36 0 U 24
37 0 U 15
38 1 L 36
39 0 U 9
40 0 U 26
41 0 U 34
42 1 L 24
43 1 L 33
44 1 U 37
45 0 L 44
46 0 U 31
47 0 L 3
48 0 L 44
49 0 L 3
50 0 U 39
51 1 L 27
52 1 L 35
53 0 U -1
54 1 L -1
55 1 U -1
56 1 U 18
57 1 U 4
58 0 U 50
59 1 L 58
60 0 U 47
61 0 U 47
62 0 U -1
63 0 L 30
64 0 U 40
65 0 L 33
66 1 U -1
67 1 U 14
68 1 L 0
69 0 U 23
70 1 L 19
71 0 U 57
72 1 U 0
73 0 L 69
74 0 L 50
75 0 U 73
76 1 U 45
77 1 U 65
78 0 L 32
79 1 L 9
80
0 0 U -1
1 1 L -1
2 0 L -1
3 1 L -1
4 1 U -1
5 0 U 2
6 0 U -1
7 0 U 6
8 1 U -1
9 0 U 7
10 1 U -1
11 1 L -1
12 1 L 9
13 1 L 6
14 0 U 10
15 1 L 7
16 1 U -1
17 0 U 13
18 0 U -1
19 1 U 6
20 1 U 13
21 0 U 17
22 1 U 10
23 1 L 20
24 1 U 22
25 0 U 17
26 1 U -1
27 1 L 3
28 1 U 13
29 1 L 15
30 0 U 20
31 1 L -1
32 1 U 1
33 0 L 31
34 1 U 33
35 0 L 21
36 0 U 13
37 0 U 15
38 1 L 36
39 0 U 9
40 0 U 26
41 0 U 34
42 0 L 24
43 1 L 33
44 1 U 37
45 1 L 44
46 0 U 31
47 0 L 3
48 1 L 44
49 1 L 0
50 0 U 39
51 1 L 27
52 1 L 35
53 0 U -1
54 1 L -1
55 1 U -1
56 1 U 18
57 0 U 4
58 0 U 25
59 1 L 58
60 0 U 47
61 0 U 44
62 1 U -1
63 1 L 41
64 1 U 56
65 0 L 7
66 1 U -1
67 0 U 40
68 1 L 0
69 0 U 23
70 1 L 19
71 1 U 57
72 1 U 18
73 1 L 69
74 0 L 50
75 0 U 73
76 1 U 75
77 1 U 65
78 0 L 45
79 1 L 9
80
0 0 L -1
1 1 L -1
2 0 L -1
3 1 L -1
4 1 U -1
5 0 U 2
6 0 U -1
7 0 U 6
8 1 U -1
9 0 U 7
10 1 U -1
11 1 L -1
12 1 L 9
13 1 L 6
14 0 U 1
15 1 L 7
16 1 U -1
17 0 U 13
18 0 U -1
19 1 U 10
20 1 U 13
21 0 U 17
22 1 U 10
23 1 L 20
24 1 U 22
25 1 U 17
26 1 U -1
27 1 L 3
28 0 U 13
29 0 L 15
30 0 U 20
31 1 L -1
32 1 U 1
33 0 L 31
34 0 U 33
35 0 L 21
36 0 U 13
37 0 U 15
38 1 L 36
39 0 U 9
40 0 U 4
41 1 U 34
42 1 L 22
43 1 L 33
44 1 U 37
45 0 L 44
46 0 U 31
47 0 L 31
48 1 L 24
49 1 L 0
50 0 U 39
51 1 L 49
52 1 L 35
53 0 L -1
54 1 U -1
55 1 U -1
56 0 U 18
57 0 U 4
58 0 U 25
59 1 L 58
60 1 U 47
61 1 U 44
62 1 U -1
63 0 L 41
64 1 U -1
65 0 L 7
66 0 L -1
67 1 U 19
68 1 L 2
69 0 U 38
70 1 L 19
71 1 U 12
72 1 U 18
73 1 L 57
74 0 L 60
75 0 U 73
76 1 U 50
77 1 U 65
78 0 L 45
79 1 L 9
80
0 0 L -1
1 1 L -1
2 0 L -1
3 0 L -1
4 1 U -1
5 0 U 2
6 0 U -1
7 0 U 6
8 0 U -1
9 0 U 7
10 1 U -1
11 1 L -1
12 1 L 9
13 1 L 6
14 0 U 6
15 1 L 7
16 1 U -1
17 0 U 13
18 0 U -1
19 0 U 10
20 1 U 13
21 1 U 17
22 1 U 10
23 1 L 20
24 1 U 22
25 1 U 17
26 0 U -1
27 1 L 3
28 1 U 13
29 1 L 15
30 0 U 27
31 1 L -1
32 0 U 1
33 0 L 31
34 0 U 33
35 0 L 21
36 0 U 13
37 1 U 11
38 1 L 36
39 0 U 5
40 1 U 8
41 0 U 34
42 0 L 37
43 1 L 33
44 1 U 37
45 1 L 44
46 0 U 31
47 0 L 31
48 1 L 24
49 0 L 0
50 0 U 39
51 1 L 49
52 1 L 35
53 0 L -1
54 1 U -1
55 1 U -1
56 1 U 16
57 0 U 4
58 0 U 25
59 1 L 58
60 0 U 47
61 1 U 34
62 1 U -1
63 1 U 19
64 0 U -1
65 0 L 7
66 1 L -1
67 1 U 32
68 0 L 2
69 0 U 23
70 0 L 19
71 0 U 57
72 1 U 18
73 0 L 57
74 0 L 60
75 0 U 73
76 0 U 75
77 1 U 76
78 1 L 54
79 1 L 9
80
0 0 L -1
1 1 L -1
2 0 L -1
3 0 L -1
4 1 U -1
5 0 U 2
6 0 U -1
7 0 U 6
8 1 U -1
9 0 U 7
10 1 U -1
11 1 L -1
12 1 L 6
13 0 L 6
14 0 U 1
15 1 L 7
16 1 U -1
17 0 U 13
18 0 U -1
19 1 U 18
20 1 U 14
21 1 U 17
22 1 U 10
23 1 L 20
24 1 U 22
25 0 U 17
26 0 U -1
27 1 L 3
28 1 U 13
29 0 L 15
30 0 U 27
31 1 L -1
32 1 U 1
33 0 L 31
34 0 U 33
35 0 L 21
36 0 U 9
37 1 U 11
38 1 L 36
39 0 U 5
40 0 U 8
41 1 U 34
42 1 L 37
43 0 L 33
44 1 U 37
45 1 L 44
46 0 U 43
47 0 L 31
48 0 L 37
49 0 L 2
50 0 U 39
51 1 L 27
52 1 L 14
53 0 L -1
54 1 U -1
55 1 U -1
56 0 U 16
57 0 U 4
58 0 U 25
59 1 L 58
60 0 U 47
61 0 U 34
62 0 U -1
63 1 L 19
64 1 U -1
65 0 U 7
66 0 L -1
67 1 U 32
68 0 L 53
69 0 U 23
70 1 L 19
71 0 U 57
72 1 U 10
73 0 L 69
74 0 L 60
75 0 U 73
76 1 U 43
77 1 U 76
78 1 L 54
79 1 L 9
80
0 0 U -1
1 1 L -1
2 0 L -1
3 0 L -1
4 1 U -1
5 0 U 2
6 0 U -1
7 0 U 6
8 1 U -1
9 0 U 7
10 1 U -1
11 1 L -1
12 1 L 9
13 1 L 9
14 0 U 10
15 1 L 7
16 1 U -1
17 0 U 13
18 0 U -1
19 1 U 18
20 1 U 13
21 0 U 17
22 1 U 10
23 1 L 20
24 1 U 22
25 1 U 17
26 0 U -1
27 1 L 3
28 1 U 13
29 1 L 15
30 0 U 27
31 1 L -1
32 1 U 1
33 0 L 31
34 0 U 33
35 0 L 21
36 0 U 9
37 1 U 11
38 1 L 36
39 0 U 5
40 0 U 18
41 1 U 34
42 0 L 37
43 0 L 33
44 1 U 37
45 1 L 44
46 0 U 43
47 0 L 31
48 1 L -1
49 0 L 2
50 0 U 39
51 0 L 22
52 1 L 14
53 0 L -1
54 1 U -1
55 1 U -1
56 0 U 16
57 1 U 4
58 0 U 25
59 1 L 58
60 0 U 59
61 1 U 34
62 0 U -1
63 1 U 19
64 0 U -1
65 1 L 7
66 1 L -1
67 1 U 32
68 0 L 0
69 0 U 23
70 0 L 41
71 1 U 57
72 1 U 4
73 0 L 69
74 0 L 60
75 0 U 27
76 0 U 42
77 1 U 49
78 1 L 54
79 0 L 9
80
0 0 U -1
1 1 L -1
2 0 L -1
3 0 L -1
4 1 U -1
5 0 U 2
6 0 U -1
7 0 U 6
8 1 U -1
9 0 U 7
10 1 U -1
11 1 L -1
12 1 L 9
13 0 L 6
14 0 U 10
15 1 L 7
16 1 U -1
17 0 U 13
18 0 U -1
19 0 U 18
20 1 U 14
21 0 U 17
22 1 U 10
23 1 L 20
24 1 U 22
25 1 U 17
26 1 U -1
27 1 L 3
28 1 U 24
29 1 L 15
30 0 U 17
31 1 L -1
32 1 U 1
33 0 L 31
34 0 U 33
35 0 L 21
36 0 U 9
37 1 U 11
38 1 L 36
39 0 U 5
40 0 U 18
41 1 U 34
42 0 L 37
43 1 L 33
44 1 U 37
45 1 L 44
46 0 U 31
47 1 L 31
48 1 L -1
49 0 L 23
50 0 U 39
51 1 L 22
52 1 L 14
53 0 L -1
54 1 U -1
55 1 U -1
56 0 U 16
57 1 U 16
58 0 U 25
59 1 L 58
60 0 U 59
61 1 U 59
62 0 U -1
63 1 U 19
64 0 U -1
65 0 L 7
66 1 L -1
67 1 U 32
68 1 L 0
69 0 U 23
70 1 L 41
71 0 U 12
72 1 U 4
73 1 L 66
74 0 L 60
75 0 U 71
76 1 U 37
77 1 U 49
78 0 L 54
79 0 L 9
80
0 0 L -1
1 1 L -1
2 0 L -1
3 0 L -1
4 1 U -1
5 0 U 2
6 0 U -1
7 0 U 6
8 1 U -1
9 0 U 7
10 1 U -1
11 1 L -1
12 1 L 9
13 0 L 6
14 0 U 10
15 1 L 7
16 1 U -1
17 0 U 13
18 0 U -1
19 1 U 18
20 1 U 13
21 0 U 17
22 1 U 10
23 1 L 20
24 1 U 22
25 1 U 17
26 0 U -1
27 1 L 3
28 1 U 24
29 1 L 15
30 0 U 17
31 1 L -1
32 1 U 1
33 0 L 31
34 0 U 33
35 0 L 21
36 0 U 13
37 1 U 11
38 1 L 36
39 0 U 5
40 0 U 4
41 1 U 34
42 0 L 37
43 1 L 33
44 1 U 37
45 1 L 44
46 0 U 33
47 0 L 2
48 1 L -1
49 0 L 23
50 0 U 39
51 1 L 22
52 1 L 14
53 0 L -1
54 1 U -1
55 1 U -1
56 1 U 18
57 0 U 0
58 0 U 25
59 1 L 58
60 1 U 59
61 1 U 59
62 0 U -1
63 0 U 32
64 0 U -1
65 0 L 7
66 1 L -1
67 1 U 32
68 1 L 0
69 0 U 23
70 1 L 19
71 1 U 12
72 1 U 4
73 1 L 53
74 0 L 60
75 0 U 71
76 0 U 50
77 1 U 49
78 0 L 54
79 1 L 9
80
0 0 L -1
1 1 L -1
2 0 L -1
3 0 L -1
4 1 U -1
5 0 U 2
6 0 U -1
7 0 U 6
8 0 U -1
9 0 U 7
10 1 U -1
11 1 L -1
12 1 L 9
13 1 L 6
14 0 U 6
15 1 L 7
16 1 U -1
17 0 U 13
18 0 U -1
19 0 U 6
20 1 U 2
21 1 U 17
22 1 U 10
23 1 L 20
24 1 U 22
25 1 U 17
26 1 U -1
27 1 L 3
28 1 U 13
29 1 L 15
30 0 U 28
31 1 L -1
32 1 U 1
33 0 L 31
34 0 U 33
35 0 L 21
36 0 U 24
37 1 U 11
38 0 L 36
39 1 U 5
40 0 U 4
41 1 U 34
42 0 L 37
43 1 L 33
44 1 U 33
45 1 L 44
46 0 U 31
47 1 L 2
48 1 L -1
49 0 L 18
50 0 U 39
51 0 L 22
52 1 L 14
53 0 L -1
54 1 U -1
55 1 U -1
56 1 U 16
57 1 U 16
58 0 U 25
59 1 L 58
60 1 U 34
61 0 U 59
62 0 U -1
63 0 U 56
64 0 U -1
65 1 L 7
66 1 L -1
67 0 U 14
68 1 L 0
69 0 U 23
70 1 L 19
71 0 U 12
72 1 U 55
73 0 L 53
74 0 L 60
75 0 U 23
76 1 U 50
77 1 U 49
78 1 L 54
79 0 L 9
80
0 0 L -1
1 1 L -1
2 0 L -1
3 0 L -1
4 1 U -1
5 0 U 2
6 0 U -1
7 0 U 6
8 0 U -1
9 0 U 7
10 1 U -1
11 1 L -1
12 1 L 9
13 0 L 6
14 0 U 6
15 1 L 7
16 1 U -1
17 0 U 13
18 0 U -1
19 1 U 6
20 1 U 13
21 1 U 17
22 1 U 10
23 1 L 20
24 1 U 22
25 1 U 17
26 1 U -1
27 1 L 3
28 1 U 13
29 1 L 15
30 1 U 28
31 1 L -1
32 1 U 1
33 0 L 31
34 0 U 33
35 0 L 21
36 0 U 24
37 1 U 15
38 0 L 36
39 1 U 5
40 0 U 26
41 1 U 34
42 1 L 22
43 1 L 33
44 1 U 30
45 0 L 44
46 0 U 31
47 1 L 2
48 1 L -1
49 0 L 41
50 0 U 39
51 0 L 22
52 1 L 14
53 0 L -1
54 1 U -1
55 1 U -1
56 1 U 18
57 0 U 55
58 0 U 30
59 1 L 58
60 1 U 34
61 0 U 59
62 0 U -1
63 0 U 32
64 0 U -1
65 1 L 7
66 1 L -1
67 0 U 19
68 1 L 0
69 0 U 23
70 1 L 19
71 0 U 12
72 1 U 18
73 0 L 5
74 0 L 60
75 0 U 23
76 0 U 50
77 0 U 49
78 1 L 54
79 0 L 9
80
0 0 L -1
1 1 L -1
2 0 L -1
3 0 L -1
4 1 U -1
5 0 U 2
6 0 U -1
7 0 U 6
8 0 U -1
9 0 U 7
10 1 U -1
11 1 L -1
12 1 L 9
13 0 L 9
14 0 U 10
15 1 L 7
16 1 U -1
17 0 U 13
18 0 U -1
19 0 U 6
20 1 U 13
21 0 U 17
22 1 U 10
23 1 L 20
24 1 U 22
25 1 U 17
26 0 U -1
27 1 L 3
28 0 U 13
29 1 L 15
30 1 U 27
31 1 L -1
32 1 U 1
33 0 L 31
34 1 U 33
35 0 L 21
36 0 U 9
37 1 U 15
38 0 L 36
39 1 U 9
40 0 U 26
41 0 U 34
42 1 L 22
43 1 L 33
44 1 U 30
45 0 L 44
46 0 U 30
47 0 L 2
48 1 L -1
49 0 L 19
50 0 U 39
51 0 L 22
52 1 L 14
53 0 L -1
54 1 U -1
55 1 U -1
56 0 U 18
57 1 U 0
58 0 U 30
59 1 L 58
60 0 U 34
61 1 U 45
62 0 U -1
63 0 U 32
64 0 U -1
65 1 L 47
66 1 L -1
67 0 U 19
68 1 L 0
69 1 U 23
70 0 L 19
71 0 U 12
72 1 U 10
73 0 L 5
74 0 L 60
75 1 U 23
76 1 U 30
77 0 U 48
78 0 L 54
79 1 L 9
80
0 0 U -1
1 1 L -1
2 0 L -1
3 0 L -1
4 1 U -1
5 0 U 2
6 0 U -1
7 0 U 6
8 1 U -1
9 0 U 7
10 1 U -1
11 1 L -1
12 1 L 9
13 1 L 9
14 0 U 1
15 1 L 7
16 0 U -1
17 0 U 13
18 0 U -1
19 0 U 4
20 1 U 13
21 0 U 17
22 1 U 10
23 1 L 20
24 1 U 22
25 0 U 17
26 1 U -1
27 1 L 3
28 1 U 13
29 1 L 15
30 1 U 20
31 1 L -1
32 1 U 1
33 0 L 31
34 1 U 33
35 0 L 21
36 0 U 9
37 1 U 15
38 0 L 36
39 1 U 5
40 0 U 18
41 1 U 34
42 1 L 22
43 1 L 33
44 1 U 30
45 0 L 44
46 0 U 43
47 1 L 3
48 1 L -1
49 0 L 19
50 0 U 39
51 1 L 22
52 1 L 14
53 0 L -1
54 1 U -1
55 1 U -1
56 0 U 18
57 1 U 54
58 1 U 50
59 1 L 58
60 0 U 34
61 1 U 59
62 0 U -1
63 0 U 56
64 0 U -1
65 1 L 4
66 1 L -1
67 0 U 32
68 1 L 53
69 0 U 23
70 1 L 19
71 0 U 12
72 1 U 64
73 0 L 5
74 0 L 60
75 0 U 20
76 1 U 30
77 1 U 48
78 0 L 42
79 0 L 9
80
0 0 L -1
1 1 L -1
2 0 L -1
3 0 L -1
4 1 U -1
5 0 U 2
6 0 U -1
7 0 U 6
8 0 U -1
9 0 U 7
10 1 U -1
11 1 L -1
12 1 L 9
13 1 L 9
14 0 U 6
15 1 L 7
16 1 U -1
17 0 U 13
18 0 U -1
19 0 U 4
20 1 U 13
21 1 U 17
22 1 U 10
23 1 L 20
24 1 U 22
25 1 U 17
26 1 U -1
27 1 L 3
28 1 U 13
29 1 L 15
30 1 U 27
31 1 L -1
32 1 U 1
33 0 L 31
34 1 U 33
35 0 L 21
36 0 U 9
37 1 U 15
38 0 L 36
39 1 U 38
40 0 U 16
41 0 U 34
42 1 L 22
43 1 L 33
44 1 U 30
45 1 L 44
46 0 U 25
47 1 L 3
48 1 L -1
49 0 L 41
50 0 U 39
51 1 L 22
52 1 L 14
53 0 L -1
54 1 U -1
55 1 U -1
56 0 U 18
57 0 U 0
58 1 U 50
59 1 L 58
60 1 U 34
61 0 U 59
62 0 U -1
63 0 U 56
64 0 U -1
65 1 L 4
66 1 L -1
67 0 U 32
68 1 L 53
69 1 U 23
70 1 L 19
71 0 U 22
72 1 U 62
73 0 L 2
74 0 L 60
75 0 U 20
76 1 U 75
77 0 U 48
78 1 L 42
79 0 L 9
80
0 0 U -1
1 1 L -1
2 0 L -1
3 0 L -1
4 1 U -1
5 0 U 2
6 0 U -1
7 0 U 6
8 0 U -1
9 0 U 7
10 1 U -1
11 1 L -1
12 1 L 9
13 1 L 6
14 0 U 6
15 1 L 7
16 1 U -1
17 0 U 13
18 0 U -1
19 1 U 4
20 1 U 14
21 0 U 17
22 1 U 10
23 1 L 20
24 1 U 22
25 0 U 17
26 1 U -1
27 1 L 3
28 1 U 13
29 1 L 15
30 1 U 27
31 1 L -1
32 1 U 1
33 0 L 31
34 1 U 33
35 0 L 21
36 0 U 9
37 1 U 36
38 0 L 36
39 1 U 38
40 0 U 16
41 0 U 34
42 1 L 22
43 0 L 33
44 1 U 30
45 1 L 44
46 0 U 25
47 1 L 31
48 1 L -1
49 0 L 44
50 0 U 39
51 0 L 22
52 1 L 14
53 0 L -1
54 1 U -1
55 1 U -1
56 0 U 18
57 0 U 0
58 1 U 50
59 1 L 58
60 1 U 34
61 0 U 31
62 0 U -1
63 0 U 56
64 0 U -1
65 0 L 4
66 1 L -1
67 0 U 32
68 1 L 2
69 0 U 23
70 0 L 19
71 0 U 22
72 1 U 62
73 1 L 53
74 0 L 60
75 1 U 23
76 1 U 42
77 1 U 46
78 0 L 42
79 0 L 9
80
0 0 U -1
1 1 L -1
2 0 L -1
3 0 L -1
4 1 U -1
5 0 U 2
6 0 U -1
7 0 U 6
8 1 U -1
9 0 U 7
10 1 U -1
11 1 L -1
12 1 L 9
13 1 L 6
14 0 U 6
15 1 L 7
16 0 U -1
17 0 U 13
18 0 U -1
19 0 U 4
20 1 U 14
21 1 U 17
22 1 U 10
23 1 L 20
24 1 U 22
25 1 U 17
26 0 U -1
27 1 L 3
28 1 U 13
29 1 L 15
30 1 U 27
31 1 L -1
32 1 U 1
33 0 L 31
34 1 U 25
35 0 L 21
36 0 U 5
37 1 U 36
38 0 L 36
39 1 U 38
40 0 U 4
41 1 U 34
42 1 L 22
43 0 L 33
44 1 U 30
45 0 L 44
46 0 U 25
47 0 L 31
48 0 L -1
49 0 L 22
50 0 U 39
51 1 L 22
52 1 L 14
53 0 L -1
54 1 U -1
55 1 U -1
56 0 U 18
57 1 U 0
58 1 U 50
59 1 L 58
60 0 U 34
61 0 U 31
62 0 U -1
63 0 U 56
64 0 U -1
65 0 L 19
66 1 L 4
67 0 U 32
68 1 L 2
69 0 U 23
70 1 L 52
71 0 U 12
72 1 U 62
73 1 L 53
74 0 L 60
75 1 U 23
76 1 U 42
77 0 U 76
78 0 L 46
79 1 L 68
80
0 0 U -1
1 1 L -1
2 0 L -1
3 0 L -1
4 1 U -1
5 0 U 2
6 0 U -1
7 0 U 6
8 1 U -1
9 0 U 7
10 1 U -1
11 1 L -1
12 1 L 9
13 1 L 9
14 0 U 6
15 1 L 7
16 0 U -1
17 0 U 13
18 0 U -1
19 1 U 4
20 1 U 14
21 1 U 17
22 1 U 10
23 1 L 20
24 1 U 22
25 1 U 17
26 0 U -1
27 1 L 3
28 1 U 13
29 1 L 15
30 1 U 27
31 1 L -1
32 1 U 1
33 0 L 31
34 1 U 33
35 0 L 21
36 0 U 5
37 1 U 36
38 0 L 36
39 1 U 38
40 0 U 8
41 0 U 34
42 1 L 22
43 0 L 33
44 1 U 30
45 1 L 44
46 0 U 25
47 0 L 31
48 0 L -1
49 0 L 26
50 0 U 39
51 1 L 22
52 1 L 14
53 1 L -1
54 1 U -1
55 1 U -1
56 0 U 18
57 1 U 4
58 1 U 50
59 1 L 58
60 1 U 34
61 1 U 31
62 1 U -1
63 0 U 56
64 1 U -1
65 0 L 18
66 1 L 4
67 0 U 19
68 1 L 2
69 1 U 20
70 1 L 52
71 0 U 12
72 1 U 62
73 1 L 48
74 0 L 60
75 0 U 23
76 0 U 50
77 1 U 76
78 1 L 46
79 0 L 68
80
0 0 L -1
1 1 L -1
2 0 L -1
3 0 L -1
4 1 U -1
5 0 U 2
6 0 U -1
7 0 U 6
8 0 U -1
9 0 U 7
10 1 U -1
11 1 L -1
12 1 L 9
13 1 L 9
14 0 U 6
15 1 L 7
16 0 U -1
17 0 U 13
18 0 U -1
19 1 U 6
20 1 U 14
21 1 U 17
22 1 U 10
23 1 L 20
24 1 U 22
25 1 U 17
26 0 U -1
27 1 L 3
28 1 U 13
29 1 L 15
30 1 U 27
31 1 L -1
32 1 U 1
33 0 L 31
34 1 U 33
35 0 L 12
36 0 U 5
37 1 U 36
38 0 L 36
39 1 U 38
40 0 U 18
41 0 U 34
42 1 L 37
43 0 L 33
44 1 U 30
45 1 L 44
46 0 U 25
47 1 L 31
48 1 L -1
49 0 L 26
50 0 U 39
51 1 L 22
52 1 L 14
53 0 L -1
54 1 U -1
55 1 U -1
56 0 U 18
57 0 U 26
58 1 U 37
59 1 L 58
60 0 U 34
61 1 U 59
62 0 U -1
63 0 U 56
64 1 U -1
65 0 L -1
66 1 L 30
67 0 U 32
68 1 L 2
69 1 U 20
70 0 L 52
71 0 U 40
72 1 U 10
73 1 L 1
74 0 L 60
75 1 U 23
76 1 U 33
77 0 U 76
78 0 L 46
79 0 L 68
80
0 0 L -1
1 1 L -1
2 0 L -1
3 0 L -1
4 1 U -1
5 0 U 2
6 0 U -1
7 0 U 6
8 0 U -1
9 0 U 7
10 1 U -1
11 1 L -1
12 1 L 9
13 1 L 9
14 0 U 6
15 1 L 7
16 0 U -1
17 0 U 13
18 0 U -1
19 1 U 6
20 1 U 14
21 1 U 17
22 1 U 10
23 1 L 20
24 1 U 22
25 1 U 17
26 1 U -1
27 1 L 3
28 1 U 13
29 1 L 15
30 1 U 27
31 1 L -1
32 1 U 1
33 0 L 31
34 1 U 33
35 0 L 21
36 0 U 5
37 1 U 36
38 0 L 36
39 1 U 38
40 0 U 18
41 1 U 34
42 0 L 37
43 0 L 33
44 1 U 25
45 1 L 44
46 0 U 42
47 1 L 3
48 1 L 27
49 0 L 26
50 0 U 39
51 1 L 26
52 1 L 14
53 0 L -1
54 1 U -1
55 1 U -1
56 0 U 18
57 1 U 26
58 1 U 37
59 1 L 58
60 1 U 34
61 0 U 59
62 1 U -1
63 0 U 40
64 1 U -1
65 1 L -1
66 1 L 23
67 0 U 32
68 1 L 2
69 1 U 20
70 1 L 52
71 0 U 57
72 1 U 10
73 1 L 65
74 0 L 60
75 0 U 17
76 1 U 75
77 0 U 76
78 1 L 46
79 0 L 68
80
0 0 U -1
1 1 L -1
2 0 L -1
3 0 L -1
4 1 U -1
5 0 U 2
6 0 U -1
7 0 U 6
8 1 U -1
9 0 U 7
10 1 U -1
11 0 L -1
12 1 L 9
13 1 L 9
14 0 U 6
15 1 L 7
16 0 U -1
17 0 U 13
18 0 U -1
19 1 U 6
20 1 U 14
21 1 U 11
22 1 U 10
23 1 L 20
24 1 U 22
25 1 U 17
26 0 U -1
27 1 L 3
28 1 U 13
29 1 L 15
30 0 U 17
31 1 L -1
32 1 U 1
33 0 L 3
34 1 U 33
35 0 L 21
36 0 U 5
37 1 U 36
38 0 L 36
39 1 U 38
40 0 U 18
41 1 U 34
42 0 L 37
43 0 L 33
44 1 U 25
45 0 L 44
46 0 U 42
47 0 L -1
48 0 L 47
49 0 L 26
50 0 U 39
51 1 L 24
52 1 L 14
53 0 L -1
54 1 U -1
55 1 U -1
56 1 U 55
57 1 U 18
58 1 U 37
59 1 L 58
60 1 U 34
61 1 U 34
62 1 U -1
63 0 U 56
64 0 U -1
65 1 L -1
66 1 L 52
67 0 U 32
68 1 L 5
69 1 U 23
70 1 L 52
71 0 U 24
72 1 U 0
73 1 L 31
74 0 L 60
75 1 U 17
76 0 U 75
77 1 U 29
78 1 L 46
79 0 L 9
80
0 0 U -1
1 1 L -1
2 0 L -1
3 0 L -1
4 1 U -1
5 0 U 2
6 0 U -1
7 0 U 6
8 0 U -1
9 0 U 7
10 1 U -1
11 0 L -1
12 1 L 9
13 1 L 6
14 0 U 6
15 1 L 7
16 0 U -1
17 0 U 13
18 0 U -1
19 0 U 18
20 1 U 14
21 0 U 17
22 1 U 10
23 1 L 20
24 1 U 22
25 0 U 17
26 1 U -1
27 1 L 3
28 1 U 13
29 1 L 15
30 0 U 28
31 1 L -1
32 1 U 1
33 0 L 11
34 1 U 33
35 0 L 12
36 0 U 5
37 1 U 36
38 0 L 36
39 1 U 38
40 0 U 18
41 1 U 34
42 0 L 37
43 0 L 33
44 1 U 42
45 1 L 44
46 0 U 42
47 0 L -1
48 1 L 47
49 0 L 26
50 0 U 39
51 1 L 22
52 1 L 14
53 0 L -1
54 1 U -1
55 1 U -1
56 0 U 55
57 0 U 8
58 1 U 30
59 1 L 58
60 0 U 34
61 1 U 59
62 0 U -1
63 0 U 56
64 1 U -1
65 1 L -1
66 1 L 52
67 0 U 40
68 0 L 5
69 0 U 23
70 1 L 23
71 0 U 24
72 1 U 64
73 0 L 31
74 0 L 60
75 1 U 17
76 1 U 75
77 0 U 76
78 1 L 51
79 1 L 7
80
0 0 U -1
1 1 L -1
2 0 L -1
3 0 L -1
4 1 U -1
5 0 U 2
6 0 U -1
7 0 U 6
8 0 U -1
9 0 U 7
10 1 U -1
11 0 L -1
12 1 L 9
13 0 L 6
14 0 U 6
15 1 L 7
16 1 U -1
17 0 U 13
18 0 U -1
19 1 U 18
20 1 U 13
21 0 U 17
22 1 U 6
23 1 L 20
24 1 U 22
25 0 L 17
26 0 U -1
27 1 L 3
28 1 U 13
29 1 L 15
30 0 U 28
31 1 L -1
32 1 U 1
33 0 L 11
34 1 U 33
35 0 L 12
36 0 U 5
37 1 U 11
38 0 L 36
39 1 U 38
40 0 U 18
41 1 U 34
42 0 L 37
43 0 L 33
44 1 U 42
45 0 L 44
46 0 U 42
47 0 L -1
48 0 L 47
49 0 L 22
50 0 U 11
51 1 L 22
52 1 L 14
53 0 L -1
54 1 U -1
55 1 U -1
56 0 U 55
57 0 U 18
58 1 U 37
59 1 L 58
60 1 U 34
61 1 U 58
62 1 U -1
63 0 U 56
64 1 U -1
65 1 L 2
66 1 L 52
67 0 U 19
68 1 L 4
69 0 U 23
70 0 L 23
71 0 U 2
72 1 U 64
73 1 L 31
74 0 L 60
75 1 U 11
76 1 U 75
77 1 U 76
78 0 L 51
79 0 L 7
80
0 0 U -1
1 1 L -1
2 0 L -1
3 0 L -1
4 1 U -1
5 0 U 2
6 0 U -1
7 0 U 6
8 0 U -1
9 0 U 7
10 1 U -1
11 0 L -1
12 1 L 9
13 1 L 9
14 0 U 10
15 1 L 7
16 1 U -1
17 0 U 13
18 0 U -1
19 1 U 10
20 1 U 2
21 1 U 17
22 1 U 10
23 1 L 20
24 1 U 7
25 0 U 17
26 0 U -1
27 1 L 3
28 1 U 24
29 1 L 15
30 0 U 28
31 1 L -1
32 1 U 1
33 0 L 11
34 1 U 33
35 0 L 21
36 0 U 5
37 1 U 11
38 0 L 36
39 1 U 38
40 0 U 26
41 1 U 34
42 0 L 37
43 0 L 33
44 1 U 42
45 0 L 44
46 0 U 42
47 0 L -1
48 0 L 47
49 0 L 22
50 0 U 11
51 1 L 22
52 1 L 14
53 0 L -1
54 1 U -1
55 1 U -1
56 0 U 55
57 1 U 18
58 1 U 37
59 1 L 58
60 1 U 34
61 1 U 58
62 1 U -1
63 0 U 56
64 1 U -1
65 0 L 3
66 1 L 52
67 0 U 56
68 0 L 65
69 0 U 23
70 1 L 23
71 0 U 7
72 1 U 4
73 0 L -1
74 0 L 60
75 0 U 11
76 1 U 75
77 1 U 76
78 1 L 51
79 0 L 7
80
0 0 L -1
1 1 L -1
2 0 L -1
3 0 L -1
4 1 U -1
5 0 U 2
6 0 U -1
7 0 U 6
8 0 U -1
9 0 U 7
10 1 U -1
11 0 L -1
12 1 L 9
13 1 L 6
14 0 U 10
15 1 L 7
16 1 U -1
17 0 U 13
18 1 U -1
19 0 U 10
20 1 U 2
21 1 U 11
22 1 U 6
23 1 L 20
24 1 U 7
25 1 U 17
26 0 U -1
27 1 L 3
28 1 U 24
29 1 L 15
30 0 U 28
31 1 L -1
32 1 U 1
33 0 L 11
34 1 U 33
35 0 L 21
36 0 U 5
37 1 U 11
38 0 L 36
39 1 U 38
40 0 U 16
41 1 U 34
42 0 L 37
43 0 L 33
44 1 U 42
45 0 L 44
46 0 U 42
47 0 L -1
48 1 L 47
49 0 L 22
50 0 U 11
51 1 L 22
52 1 L 14
53 0 L 47
54 1 U -1
55 1 U -1
56 1 U 16
57 1 U 4
58 1 U 37
59 1 L 58
60 1 U 34
61 0 U 59
62 1 U -1
63 0 U 56
64 0 U -1
65 0 L 31
66 1 L 52
67 0 U 56
68 0 L 27
69 1 U 23
70 1 L 23
71 0 U 12
72 1 U 62
73 0 L -1
74 0 L 60
75 1 U 20
76 1 U 75
77 0 U 76
78 1 L 51
79 0 L 7
80
0 0 L -1
1 1 L -1
2 0 L -1
3 0 L -1
4 1 U -1
5 0 U 2
6 0 U -1
7 0 U 6
8 0 U -1
9 0 U 7
10 1 U -1
11 0 L -1
12 1 L 6
13 0 L 6
14 0 U 10
15 1 L 7
16 1 U -1
17 0 U 13
18 0 U -1
19 0 U 6
20 1 U 2
21 0 U 11
22 1 U 6
23 1 L 20
24 1 U 7
25 1 U 17
26 1 U -1
27 1 L 3
28 1 U 24
29 1 L 15
30 0 U 28
31 1 L -1
32 1 U 1
33 0 L 11
34 1 U 33
35 0 L 13
36 0 U 5
37 1 U 11
38 0 L 36
39 1 U 38
40 0 U 18
41 1 U 34
42 0 L 37
43 0 L 33
44 1 U 42
45 0 L 44
46 0 U 42
47 0 L -1
48 0 L 47
49 0 L 37
50 0 U 11
51 1 L 22
52 1 L 14
53 0 L 47
54 1 U -1
55 1 U -1
56 1 U 16
57 1 U 4
58 1 U 37
59 1 L 58
60 1 U 58
61 1 U 59
62 1 U -1
63 0 U 56
64 1 U -1
65 0 L 31
66 1 L 52
67 0 U 2
68 0 L 27
69 1 U 67
70 0 L 23
71 0 U 12
72 1 U 4
73 0 L -1
74 0 L 60
75 0 U 23
76 0 U 75
77 0 U 66
78 1 L 51
79 0 L 53
80
0 0 L -1
1 1 L -1
2 0 L -1
3 0 L -1
4 1 U -1
5 0 U 2
6 0 U -1
7 0 U 6
8 0 U -1
9 0 U 7
10 1 U -1
11 0 L -1
12 0 L 6
13 0 L 6
14 0 U 10
15 1 L 7
16 0 U -1
17 0 U 13
18 0 U -1
19 1 U 6
20 1 U 2
21 0 U 17
22 1 U 10
23 1 L 20
24 1 U 7
25 1 U 17
26 0 U -1
27 1 L 3
28 1 U 24
29 1 L 15
30 0 U 28
31 1 L -1
32 1 U 1
33 0 L 11
34 1 U 33
35 0 L 21
36 0 U 5
37 1 U 11
38 0 L 36
39 1 U 38
40 1 U 8
41 1 U 34
42 0 L 37
43 0 L 33
44 1 U 42
45 0 L 44
46 0 U 42
47 0 L -1
48 1 L 47
49 0 L 22
50 0 U 36
51 1 L 22
52 1 L 14
53 0 L 47
54 1 U -1
55 1 U -1
56 0 U 18
57 0 U 18
58 1 U 37
59 1 L 58
60 1 U 58
61 1 U 59
62 1 U -1
63 0 U 56
64 0 U -1
65 1 L -1
66 1 L 19
67 0 U 2
68 0 L 27
69 1 U 67
70 1 L 23
71 0 U 7
72 1 U 64
73 1 L -1
74 0 L 60
75 0 U 23
76 0 U 75
77 0 U 46
78 1 L 51
79 0 L 27
80
0 0 L -1
1 1 L -1
2 0 L -1
3 0 L -1
4 1 U -1
5 0 U 2
6 0 U -1
7 0 U 6
8 1 U -1
9 0 U 7
10 1 U -1
11 0 L -1
12 1 L 9
13 1 L 9
14 0 U 10
15 1 L 7
16 0 U -1
17 0 U 13
18 0 U -1
19 0 U 10
20 1 U 13
21 0 U 17
22 1 U 10
23 1 L 20
24 1 U 7
25 0 L 17
26 1 U -1
27 1 L 3
28 1 U 24
29 1 L 15
30 0 U 28
31 1 L -1
32 1 U 1
33 0 L 11
34 1 U 33
35 0 L 21
36 0 U 5
37 1 U 11
38 0 L 36
39 1 U 38
40 0 U 8
41 1 U 34
42 0 L 37
43 0 L 33
44 1 U 42
45 1 L 44
46 0 U 42
47 0 L -1
48 0 L 47
49 0 L 22
50 0 U 39
51 1 L 37
52 1 L 35
53 0 L 47
54 1 U -1
55 1 U -1
56 0 U 55
57 1 U 18
58 1 U 37
59 1 L 58
60 1 U 58
61 1 U 59
62 0 U -1
63 0 U 56
64 1 U -1
65 0 L -1
66 1 L 19
67 0 U 40
68 0 L 27
69 0 U 67
70 1 L 23
71 0 U 7
72 1 U 64
73 1 L -1
74 0 L 39
75 0 U 23
76 1 U 75
77 1 U 46
78 1 L 11
79 0 L 6
80
0 0 L -1
1 1 L -1
2 0 L -1
3 0 L -1
4 1 U -1
5 0 U 2
6 0 U -1
7 0 U 6
8 1 U -1
9 0 U 7
10 1 U -1
11 0 L -1
12 1 L 9
13 0 L 9
14 0 U 6
15 1 L 7
16 1 U -1
17 0 U 13
18 1 U -1
19 0 U 10
20 1 U 13
21 0 U 11
22 1 U 10
23 1 L 20
24 1 U 22
25 1 U 17
26 1 U -1
27 1 L 3
28 1 U 24
29 1 L 15
30 0 U 28
31 1 L -1
32 1 U 1
33 0 L 11
34 1 U 33
35 0 L 21
36 0 U 5
37 1 U 11
38 0 L 36
39 1 U 38
40 0 U 26
41 1 U 34
42 0 L 37
43 0 L 33
44 1 U 42
45 1 L 44
46 0 U 42
47 0 L -1
48 1 L 47
49 0 L 22
50 0 U 39
51 1 L 32
52 1 L 35
53 0 L 47
54 1 U -1
55 1 U -1
56 1 U 55
57 0 U 8
58 1 U 37
59 1 L 58
60 1 U 48
61 0 U 34
62 0 U -1
63 0 U 56
64 0 U -1
65 0 L -1
66 1 L 19
67 0 U 40
68 0 L 27
69 0 U 67
70 0 L 23
71 0 U 7
72 1 U 4
73 1 L -1
74 0 L 39
75 1 U 20
76 1 U 75
77 0 U 46
78 1 L 11
79 0 L 6
80
0 0 L -1
1 1 L -1
2 0 L -1
3 0 L -1
4 1 U -1
5 0 U 2
6 0 U -1
7 0 U 6
8 1 U -1
9 0 U 7
10 1 U -1
11 0 L -1
12 1 L 6
13 1 L 6
14 0 U 6
15 1 L 7
16 1 U -1
17 0 U 13
18 1 U -1
19 0 U 4
20 1 U 2
21 0 U 11
22 1 U 10
23 1 L 20
24 1 U 12
25 0 L 17
26 0 U -1
27 1 L 3
28 1 U 24
29 0 L 15
30 0 U 28
31 1 L -1
32 1 U 1
33 0 L 11
34 1 U 33
35 0 L 21
36 0 U 5
37 1 U 11
38 0 L 36
39 1 U 38
40 0 U 16
41 1 U 34
42 0 L 37
43 0 L 33
44 1 U 42
45 1 L 44
46 0 U 42
47 0 L -1
48 1 L 47
49 0 L 37
50 0 U 39
51 1 L 32
52 1 L 35
53 0 L 47
54 1 U -1
55 1 U -1
56 0 U 55
57 0 U 54
58 1 U 37
59 1 L 58
60 1 U 48
61 0 U 45
62 0 U -1
63 0 U 56
64 0 U -1
65 1 L -1
66 1 L 18
67 0 U 40
68 0 L 27
69 0 U 67
70 1 L 23
71 0 U 7
72 1 U 0
73 0 L 70
74 0 L 51
75 1 U 71
76 0 U 75
77 1 U 29
78 0 L 31
79 0 L 6
80
0 0 L -1
1 1 L -1
2 0 L -1
3 0 L -1
4 1 U -1
5 0 U 2
6 0 U -1
7 0 U 6
8 1 U -1
9 0 U 7
10 1 U -1
11 0 L -1
12 0 L 6
13 0 L 9
14 0 U 10
15 1 L 7
16 1 U -1
17 0 U 13
18 1 U -1
19 0 U 8
20 1 U 13
21 0 U 11
22 1 U 10
23 1 L 20
24 1 U 7
25 1 L 17
26 0 U -1
27 1 L 3
28 1 U 24
29 1 L 15
30 0 U 28
31 1 L -1
32 1 U 1
33 0 L 11
34 1 U 33
35 0 L 21
36 0 U 5
37 1 U 11
38 0 L 36
39 1 U 38
40 0 U 16
41 1 U 34
42 0 L 37
43 0 L 33
44 1 U 42
45 1 L 44
46 0 U 42
47 0 L -1
48 1 L 47
49 0 L 37
50 0 U 17
51 1 L 32
52 1 L 14
53 0 L 47
54 1 U -1
55 1 U -1
56 0 U 55
57 0 U 4
58 1 U 37
59 1 L 58
60 1 U 48
61 1 U 45
62 0 U -1
63 0 U 7
64 0 U -1
65 1 L -1
66 1 L 18
67 0 U 40
68 0 L 27
69 0 U 5
70 0 L 23
71 0 U 7
72 1 U 0
73 0 L 24
74 0 L 38
75 0 U 71
76 0 U 75
77 0 U 66
78 1 L 31
79 0 L 6
80
0 0 U -1
1 1 L -1
2 0 L -1
3 0 L -1
4 1 U -1
5 0 U 2
6 0 U -1
7 0 U 6
8 1 U -1
9 0 U 7
10 1 U -1
11 0 L -1
12 0 L 6
13 0 L 9
14 0 U 1
15 1 L 7
16 1 U -1
17 0 U 13
18 1 U -1
19 1 U 16
20 1 U 14
21 1 U 17
22 1 U 6
23 1 L 20
24 1 U 7
25 1 L 17
26 0 U -1
27 1 L 3
28 1 U 24
29 1 L 13
30 0 U 28
31 1 L -1
32 1 U 1
33 0 L 11
34 1 U 33
35 0 L 21
36 0 U 5
37 1 U 11
38 0 L 36
39 1 U 38
40 0 U 16
41 1 U 34
42 0 L 37
43 0 L 33
44 1 U 42
45 1 L 44
46 0 U 42
47 0 L -1
48 1 L 47
49 0 L 26
50 0 U 11
51 1 L 32
52 1 L 14
53 0 L 47
54 1 U -1
55 1 U -1
56 0 U 55
57 0 U 16
58 1 U 25
59 1 L 58
60 0 U 48
61 1 U 45
62 0 U -1
63 0 U 7
64 0 U -1
65 1 L -1
66 1 L 41
67 0 U 40
68 0 L 27
69 0 U 5
70 0 L 23
71 0 U 7
72 1 U 6
73 0 L 24
74 0 L 38
75 0 U 71
76 0 U 75
77 0 U 34
78 0 L 1
79 0 L 7
80
0 0 U -1
1 1 L -1
2 0 L -1
3 0 L -1
4 1 U -1
5 0 U 2
6 0 U -1
7 0 U 6
8 1 U -1
9 0 U 7
10 1 U -1
11 0 L -1
12 0 L 6
13 1 L 9
14 0 U 1
15 1 L 7
16 1 U -1
17 0 U 13
18 1 U -1
19 0 U 6
20 1 U 14
21 1 U 17
22 1 U 10
23 1 L 20
24 1 U 22
25 1 L 17
26 1 U -1
27 1 L 3
28 1 U 24
29 0 L 15
30 0 U 28
31 1 L -1
32 1 U 1
33 0 L 11
34 1 U 33
35 0 L 8
36 0 U 5
37 1 U 11
38 0 L 36
39 1 U 38
40 0 U 16
41 1 U 34
42 0 L 37
43 0 L 33
44 1 U 42
45 1 L 44
46 0 U 42
47 0 L -1
48 1 L 47
49 0 L 26
50 0 U 11
51 1 L 32
52 1 L 10
53 0 L 1
54 1 U -1
55 1 U -1
56 0 U 55
57 1 U 0
58 1 U 21
59 1 L 58
60 0 U 48
61 0 U 45
62 0 U -1
63 0 U 7
64 0 U -1
65 0 L -1
66 1 L 19
67 0 U 40
68 0 L 53
69 0 U 5
70 0 L 23
71 0 U 7
72 1 U 62
73 1 L 24
74 0 L 38
75 0 U 71
76 0 U 75
77 0 U 34
78 1 L 1
79 0 L 7
80
0 0 L -1
1 1 L -1
2 0 L -1
3 0 L -1
4 1 U -1
5 0 U 2
6 0 U -1
7 0 U 6
8 1 U -1
9 0 U 7
10 1 U -1
11 0 L -1
12 0 U 6
13 1 L 9
14 0 U 10
15 1 L 7
16 1 U -1
17 0 U 13
18 1 U -1
19 1 U 6
20 1 U 14
21 1 U 17
22 1 U 10
23 1 L 20
24 1 U 7
25 0 L 17
26 1 U -1
27 1 L 3
28 1 U 24
29 1 L 15
30 0 U 28
31 1 L -1
32 1 U 1
33 0 L 11
34 1 U 33
35 0 L 8
36 0 U 5
37 1 U 15
38 0 L 36
39 1 U 38
40 0 U 16
41 1 U 34
42 0 L 37
43 0 L 33
44 1 U 42
45 0 L 44
46 0 U 42
47 0 L -1
48 1 L 47
49 0 L 24
50 0 U 15
51 1 L 32
52 1 L 10
53 0 L 1
54 1 U -1
55 1 U -1
56 0 U 55
57 0 U 16
58 1 U 21
59 1 L 58
60 0 U 48
61 0 U 48
62 0 U -1
63 0 U 56
64 1 U -1
65 0 L -1
66 1 L 19
67 0 U 40
68 0 L 53
69 0 U 5
70 0 L 23
71 0 U 7
72 1 U 26
73 0 L 24
74 0 L 38
75 0 U 71
76 1 U 75
77 0 U 29
78 1 L 3
79 0 L 7
80
0 0 U -1
1 1 L -1
2 0 L -1
3 0 L -1
4 1 U -1
5 0 U 2
6 0 U -1
7 0 U 6
8 0 U -1
9 0 U 7
10 1 U -1
11 0 L -1
12 0 U 6
13 1 L 9
14 0 U 6
15 1 L 7
16 1 U -1
17 0 U 13
18 1 U -1
19 0 U 16
20 1 U 13
21 0 U 17
22 1 U 6
23 1 L 20
24 1 U 22
25 0 L 17
26 1 U -1
27 1 L 3
28 1 U 13
29 1 L 15
30 0 U 20
31 1 L -1
32 1 U 1
33 0 L 11
34 1 U 33
35 0 L 8
36 0 U 5
37 1 U 11
38 0 L 36
39 1 U 38
40 0 U 16
41 1 U 34
42 0 L 37
43 0 L 33
44 1 U 42
45 0 L 44
46 0 U 42
47 0 L -1
48 1 L 47
49 0 L 24
50 0 U 17
51 1 L 32
52 1 L 35
53 0 L 1
54 1 U -1
55 1 U -1
56 0 U 55
57 1 U 26
58 1 U 30
59 1 L 58
60 0 U 48
61 1 U 34
62 1 U -1
63 0 U 56
64 1 U -1
65 1 L -1
66 1 L 41
67 0 U 40
68 0 L 53
69 0 U 67
70 0 L 23
71 0 U 7
72 1 U 26
73 0 L 24
74 0 L 38
75 1 U 71
76 1 U 75
77 1 U 45
78 0 L 3
79 0 L 7
80
0 0 L -1
1 1 L -1
2 0 L -1
3 0 L -1
4 1 U -1
5 0 U 2
6 0 U -1
7 0 U 6
8 1 U -1
9 0 U 7
10 1 U -1
11 0 L -1
12 0 U 6
13 1 L 9
14 0 U 6
15 1 L 7
16 1 U -1
17 0 U 13
18 1 U -1
19 1 U 1
20 1 U 13
21 0 U 11
22 1 U 6
23 1 L 20
24 1 U 22
25 0 L 17
26 1 U -1
27 1 L 3
28 1 U 13
29 0 L 15
30 0 U 20
31 1 L -1
32 1 U 1
33 0 L 11
34 1 U 33
35 0 L 8
36 0 U 5
37 1 U 15
38 0 L 36
39 1 U 38
40 0 U 16
41 1 U 34
42 0 L 37
43 0 L 33
44 1 U 25
45 0 L 44
46 0 U 42
47 1 L -1
48 1 L 31
49 0 L 22
50 0 U 17
51 1 L 32
52 1 L 29
53 0 L 1
54 1 U -1
55 1 U -1
56 0 U 55
57 0 U 16
58 1 U 30
59 1 L 58
60 1 U 48
61 1 U 34
62 0 U -1
63 0 U 56
64 0 U -1
65 1 L -1
66 1 L 41
67 0 U 12
68 0 L 33
69 0 U 67
70 1 L 41
71 0 U 7
72 1 U 62
73 0 L 22
74 0 L 38
75 0 U 71
76 0 U 75
77 1 U 45
78 0 L 31
79 1 L 33
