57
0 0 U -1
1 0 U -1
2 0 U -1
3 0 U -1
4 0 U -1
5 0 U -1
6 0 U -1
7 0 U -1
8 0 U -1
9 0 U -1
10 0 U -1
11 0 U -1
12 0 U -1
13 0 U -1
14 0 U -1
15 0 U -1
16 0 U -1
17 0 U -1
18 0 U -1
19 0 U -1
20 0 U -1
21 0 U -1
22 0 U -1
23 0 U -1
24 0 U -1
25 0 U -1
26 0 U -1
27 0 U -1
28 0 U -1
29 0 U -1
30 0 U -1
31 0 U -1
32 0 U -1
33 0 U -1
34 0 U -1
35 0 U -1
36 0 U -1
37 0 U -1
38 0 U -1
39 0 U -1
40 0 U -1
41 0 U -1
42 0 U -1
43 0 U -1
44 0 U -1
45 0 U -1
46 0 U -1
47 0 U -1
48 0 U -1
49 0 U -1
50 0 U -1
51 0 U -1
52 0 U -1
53 0 U -1
54 0 U -1
55 0 U -1
56 0 U -1
57
0 0 U -1
1 1 L -1
2 0 L -1
3 0 L -1
4 0 L -1
5 1 U 0
6 0 U -1
7 1 L 1
8 0 L -1
9 0 L 1
10 0 U -1
11 0 U 10
12 0 L -1
13 1 L 12
14 1 U 11
15 1 U 10
16 0 U -1
17 1 U 0
18 0 L 14
19 1 U 4
20 0 U 15
21 1 L 15
22 0 L 2
23 1 U 5
24 0 U -1
25 0 U 12
26 1 L 11
27 1 L -1
28 1 U 3
29 0 L -1
30 0 U 24
31 0 U 30
32 1 U 13
33 0 U 17
34 0 U 31
35 0 L 4
36 1 L 25
37 1 U -1
38 1 U -1
39 1 L 10
40 1 U 8
41 1 L 40
42 0 U 32
43 0 U 3
44 0 L 42
45 0 U 12
46 0 L 13
47 1 U 6
48 1 U 36
49 1 U 47
50 0 L 24
51 0 L 48
52 1 U 13
53 1 U 45
54 0 U 15
55 0 U 50
56 0 U 54
57
0 0 L -1
1 1 L -1
2 0 L -1
3 0 L -1
4 0 L -1
5 1 U 0
6 0 U -1
7 0 L 1
8 0 L -1
9 0 L 3
10 0 U -1
11 1 L 5
12 0 L -1
13 1 L 12
14 1 U 13
15 1 U 12
16 0 U 0
17 1 U 0
18 0 L 10
19 1 U 4
20 1 U 2
21 0 L 19
22 0 U 12
23 1 U 17
24 0 U -1
25 0 U 14
26 1 L 6
27 0 L 16
28 1 U 3
29 1 L -1
30 1 U 24
31 1 U 1
32 1 U 13
33 0 U 30
34 1 U 33
35 0 U 3
36 1 L 25
37 1 U -1
38 1 U -1
39 1 L 10
40 1 U 28
41 1 L 40
42 0 U 32
43 1 L 35
44 0 L 3
45 0 U 12
46 0 L 13
47 0 U 38
48 1 U 36
49 0 U 32
50 0 L 24
51 0 L 48
52 0 U 28
53 0 U 45
54 0 U 2
55 1 U 36
56 1 U 14
57
0 0 L -1
1 1 L -1
2 0 L -1
3 0 L -1
4 0 L -1
5 1 U 0
6 0 U 0
7 0 L 3
8 0 L -1
9 0 L 3
10 0 U -1
11 1 L 5
12 1 L -1
13 1 L 1
14 0 U 13
15 1 U 12
16 0 U -1
17 1 U 0
18 1 L 11
19 1 U 4
20 0 U 2
21 0 L 19
22 0 U 12
23 0 U 1
24 0 U -1
25 0 U 14
26 1 L 6
27 1 L 21
28 0 U 3
29 1 L -1
30 1 U 24
31 0 U 1
32 1 U 21
33 0 U 16
34 1 U 18
35 1 U 3
36 1 L 14
37 1 U 2
38 0 U -1
39 1 L 10
40 1 U 28
41 0 L 40
42 0 U 32
43 0 L 35
44 0 L 29
45 0 U 12
46 0 L 9
47 0 U 38
48 0 U 36
49 0 U 32
50 1 L 24
51 1 L 48
52 1 U 28
53 0 U 50
54 0 L 37
55 1 U 42
56 1 U 13
57
0 0 L -1
1 1 L -1
2 0 L -1
3 0 L -1
4 0 L -1
5 1 U 0
6 0 U 0
7 0 L 3
8 0 L -1
9 0 L 1
10 0 U -1
11 1 L 5
12 1 L -1
13 1 L 1
14 0 U 13
15 1 U 12
16 1 U -1
17 1 U 16
18 1 L 11
19 1 U 4
20 1 U 7
21 0 L 19
22 0 U 12
23 1 U 1
24 1 U -1
25 0 U 12
26 1 L 13
27 1 L 21
28 1 U 3
29 1 U -1
30 1 U 2
31 0 U 17
32 1 U 21
33 0 U 16
34 1 U 23
35 0 U 3
36 0 L 14
37 0 U -1
38 0 U -1
39 1 L 10
40 1 U 28
41 0 L 40
42 0 U 32
43 0 L 35
44 1 L 15
45 0 U 41
46 0 L 25
47 1 U 38
48 0 U 45
49 0 U 32
50 0 L 49
51 1 L 48
52 0 U 27
53 0 U 50
54 0 U 20
55 1 U 36
56 1 U 14
57
0 0 L -1
1 1 L -1
2 0 L -1
3 0 L -1
4 0 L -1
5 1 U -1
6 0 U 0
7 0 L 3
8 0 L -1
9 1 L 1
10 0 U -1
11 1 L 5
12 1 L -1
13 1 L 1
14 0 U 13
15 1 U 12
16 0 U -1
17 1 U 1
18 1 L 10
19 1 U 4
20 1 U 2
21 1 L 19
22 0 U 12
23 0 U 1
24 0 U 5
25 0 U 12
26 1 L 14
27 0 L 21
28 1 U 3
29 1 U -1
30 1 U 17
31 1 U -1
32 1 U 21
33 0 U 29
34 1 U 23
35 1 U 9
36 0 L 14
37 0 L -1
38 0 U -1
39 1 L 10
40 1 U 28
41 0 L 40
42 1 U 12
43 1 U 35
44 1 L 2
45 0 U 10
46 0 L 13
47 0 U 16
48 0 U 36
49 0 U 41
50 0 L 49
51 1 L 48
52 1 U 28
53 0 U 25
54 0 U 47
55 1 U 36
56 1 U 32
57
0 0 L -1
1 1 L -1
2 0 L -1
3 0 L -1
4 0 L -1
5 1 U -1
6 0 U 0
7 0 L 3
8 0 L -1
9 1 L 3
10 0 U -1
11 1 L 5
12 1 L -1
13 1 L 12
14 0 U 13
15 1 U 10
16 0 U -1
17 1 U 1
18 1 L 15
19 1 U 4
20 1 U 2
21 0 L 11
22 0 U 12
23 0 U 1
24 0 U 0
25 0 L 4
26 0 U 12
27 1 L 17
28 1 U 20
29 1 U -1
30 1 U 17
31 1 U 19
32 0 U 21
33 0 U 29
34 1 U 23
35 1 U 34
36 0 U 14
37 0 L -1
38 1 U -1
39 1 L 10
40 0 U 28
41 1 L 40
42 1 U 12
43 0 U 13
44 0 U 3
45 0 U 38
46 0 L 13
47 0 U 38
48 0 U 42
49 0 U 32
50 1 L 49
51 1 L 48
52 1 U 28
53 0 U 25
54 1 U 47
55 1 U 36
56 1 U 52
57
0 0 L -1
1 1 L -1
2 0 L -1
3 0 L -1
4 0 L -1
5 1 L 0
6 0 U 0
7 0 L 1
8 0 L -1
9 0 L 1
10 0 U -1
11 1 L 5
12 1 L -1
13 1 L 3
14 0 U 13
15 1 U 10
16 0 U -1
17 1 U 1
18 1 L 11
19 1 U 4
20 1 U 2
21 0 L 15
22 0 U 12
23 0 U 1
24 0 U 0
25 0 L 22
26 1 U 14
27 1 L 21
28 1 U 20
29 0 U -1
30 1 U 17
31 1 U 19
32 0 U 21
33 0 U 10
34 1 U 15
35 0 U 9
36 0 U 14
37 0 L -1
38 1 U -1
39 1 L 31
40 0 U 28
41 0 L 40
42 1 U 14
43 0 L 13
44 1 U 20
45 0 U 29
46 0 L 12
47 0 U 38
48 0 U 26
49 0 U 40
50 1 L 28
51 1 L 48
52 1 U 28
53 0 U 35
54 1 U 47
55 1 U 26
56 1 U 32
57
0 0 U -1
1 1 L -1
2 0 L -1
3 0 L -1
4 0 L -1
5 1 U 0
6 0 U 0
7 0 L 1
8 0 L -1
9 1 L 3
10 0 U -1
11 1 L 5
12 1 L -1
13 1 L 3
14 0 U 13
15 1 U 10
16 0 U -1
17 1 U 5
18 1 L 10
19 0 U 4
20 1 U 2
21 0 L 11
22 0 U 12
23 0 U 1
24 0 U 0
25 1 L 4
26 1 U 14
27 0 L 21
28 1 U 20
29 0 U -1
30 1 U 15
31 1 U 19
32 0 U 21
33 0 U 10
34 1 U 15
35 0 U 20
36 0 U 14
37 0 L -1
38 1 U -1
39 1 L 31
40 0 U 28
41 0 L 40
42 1 U 14
43 1 L 13
44 1 U 3
45 0 U 29
46 1 L 8
47 0 U 38
48 0 U 26
49 0 U 31
50 0 L 28
51 1 L 27
52 1 U 28
53 0 U 19
54 1 U 47
55 1 U 50
56 1 U 49
57
0 0 U -1
1 1 L -1
2 0 L -1
3 0 L -1
4 0 L -1
5 1 U 0
6 0 U 0
7 0 L 0
8 0 L -1
9 0 L 3
10 0 U -1
11 1 L 5
12 1 L -1
13 1 L 3
14 0 U 13
15 1 U 10
16 0 U -1
17 1 U 5
18 1 L 10
19 0 U 4
20 1 U 2
21 0 L 11
22 0 U 12
23 1 U 10
24 1 U -1
25 1 L 22
26 1 U 14
27 0 L 21
28 1 U 20
29 0 U -1
30 1 U 15
31 1 U 19
32 0 U 21
33 0 U 29
34 1 U 15
35 1 U 3
36 1 U 12
37 1 U -1
38 1 U -1
39 1 L 31
40 0 U 28
41 0 L 40
42 1 U 14
43 1 L 13
44 1 U 11
45 0 U 29
46 0 L 8
47 0 U 38
48 0 U 26
49 0 U 31
50 1 L 28
51 1 L 27
52 1 U 44
53 0 U 19
54 1 U 47
55 1 U 50
56 1 U 49
57
0 0 L -1
1 1 L -1
2 0 L -1
3 0 L -1
4 0 L -1
5 1 U 0
6 0 U 0
7 0 L 0
8 0 L -1
9 0 L 1
10 0 U -1
11 1 L 5
12 1 L -1
13 1 L 3
14 0 U 13
15 1 U 10
16 0 U -1
17 0 U 10
18 1 L 10
19 1 U 4
20 1 U 7
21 0 L 11
22 0 U 12
23 0 U 10
24 1 U -1
25 0 L 4
26 1 U 14
27 0 L 21
28 1 U 20
29 0 U -1
30 1 U 7
31 1 U 19
32 0 U 21
33 1 U 1
34 1 U 2
35 1 U 30
36 0 U 12
37 1 U -1
38 1 U -1
39 1 L 31
40 1 U 28
41 0 L 40
42 1 U 14
43 1 L 13
44 1 U 3
45 1 U 29
46 0 L 3
47 0 U 38
48 0 U 26
49 0 U 32
50 1 L 28
51 1 L 27
52 1 U 27
53 0 U 52
54 0 U 47
55 1 U 50
56 1 U 49
57
0 0 L -1
1 1 L -1
2 0 L -1
3 0 L -1
4 1 L -1
5 1 U 0
6 0 U 0
7 0 L 0
8 0 L -1
9 0 L 1
10 0 U -1
11 1 L 5
12 1 L -1
13 1 L 1
14 0 U 13
15 1 U 10
16 0 U -1
17 0 U 10
18 1 L 10
19 1 U 4
20 1 U 7
21 0 L 11
22 0 U 12
23 1 U 1
24 1 U -1
25 0 L 12
26 1 U 14
27 0 L 21
28 1 U 20
29 0 U -1
30 1 U 7
31 1 U 19
32 0 U 21
33 1 U 6
34 1 U 17
35 1 U 30
36 0 U 14
37 1 U -1
38 1 U -1
39 1 L 31
40 1 U 28
41 1 L 30
42 1 U 14
43 0 L 13
44 1 U 20
45 1 U 29
46 0 L 3
47 1 U 38
48 0 U 23
49 0 U 31
50 0 L 28
51 1 L 27
52 1 U 28
53 0 U 52
54 1 U 47
55 1 U 50
56 1 U 50
57
0 0 U -1
1 1 L -1
2 0 L -1
3 0 L -1
4 0 L -1
5 1 L 1
6 0 U 0
7 0 L 3
8 0 L -1
9 0 L 1
10 0 U -1
11 1 L 5
12 1 L -1
13 1 L 1
14 0 U 13
15 1 U 10
16 0 U -1
17 0 U 16
18 1 L 10
19 1 U 4
20 1 U 7
21 0 L 19
22 0 U 12
23 1 U 5
24 1 U -1
25 0 U 12
26 1 U 14
27 1 L 21
28 1 U 20
29 1 U -1
30 1 U 7
31 0 U 19
32 0 U 21
33 1 U 6
34 1 U 15
35 1 U 9
36 0 L 14
37 1 U -1
38 1 U -1
39 1 L 19
40 1 U 28
41 0 L 33
42 1 U 31
43 1 L 14
44 0 U 9
45 1 U 37
46 0 L 12
47 0 U 38
48 0 U 15
49 0 U 40
50 1 L 33
51 0 L 42
52 1 U 28
53 0 U 52
54 1 U 47
55 1 U 26
56 1 U 50
57
0 0 L -1
1 1 L -1
2 0 L -1
3 0 L -1
4 0 L -1
5 1 L 1
6 0 U 0
7 0 L 0
8 0 L -1
9 0 L 3
10 0 U -1
11 1 L 5
12 1 L -1
13 1 L 1
14 0 U 13
15 1 U 10
16 0 U -1
17 0 U 10
18 1 L 10
19 1 U 4
20 1 U 7
21 0 L 11
22 0 U 12
23 1 U 5
24 1 U -1
25 0 U 12
26 1 U 14
27 1 L 21
28 1 U 20
29 0 U -1
30 1 U 22
31 1 U 19
32 1 U 13
33 1 U 1
34 1 U 7
35 1 U 34
36 0 L 14
37 1 U -1
38 1 U -1
39 1 L 19
40 1 U 8
41 0 L 28
42 1 U 32
43 1 L 26
44 0 U 9
45 0 U 37
46 0 L 3
47 0 U 38
48 0 U 33
49 0 U 40
50 1 L 33
51 0 L 42
52 1 U 35
53 0 U 31
54 1 U 47
55 1 U 50
56 0 U 36
57
0 0 U -1
1 1 L -1
2 0 L -1
3 0 L -1
4 0 L -1
5 1 L 1
6 0 U 0
7 0 L 3
8 0 L -1
9 1 L 3
10 0 U -1
11 1 L 9
12 1 L -1
13 1 L 0
14 0 U 13
15 1 U 10
16 0 U -1
17 0 U 10
18 0 L 10
19 0 U 4
20 1 U 7
21 0 L 11
22 0 U 12
23 1 U 10
24 1 U -1
25 0 U 12
26 1 U 14
27 1 L 17
28 1 U 20
29 0 U -1
30 1 U 29
31 1 U 19
32 0 U 13
33 1 U 5
34 1 U 2
35 0 U 3
36 0 L 13
37 1 U -1
38 1 U -1
39 1 L 10
40 1 U 8
41 1 U 28
42 1 U 32
43 1 L 26
44 1 U 11
45 0 U 37
46 0 L 3
47 0 U 38
48 1 U 2
49 0 U 32
50 1 L 30
51 0 L 42
52 0 U 13
53 0 U 41
54 1 U 47
55 1 U 42
56 0 U 26
57
0 0 L -1
1 1 L -1
2 0 L -1
3 0 L -1
4 0 L -1
5 1 L 1
6 0 U 0
7 0 L 1
8 0 L -1
9 0 L 1
10 0 U -1
11 1 L 9
12 1 L -1
13 1 L 0
14 0 U 13
15 1 U 10
16 0 U -1
17 0 U 16
18 1 L 10
19 0 U 4
20 1 U 7
21 0 L 11
22 0 U 12
23 1 U 10
24 1 U -1
25 0 U 12
26 1 U 14
27 0 L 21
28 1 U 20
29 0 U -1
30 1 U 29
31 1 U 19
32 0 U 13
33 1 U 30
34 1 U 2
35 1 U 9
36 0 L 13
37 1 U -1
38 1 U -1
39 1 L 10
40 1 U 8
41 1 U 28
42 1 U 32
43 1 L 26
44 1 U 18
45 0 U 24
46 0 L 2
47 0 U 37
48 0 U 2
49 0 U 12
50 1 L 49
51 1 L 42
52 0 U 13
53 0 U 31
54 0 U 47
55 1 U 42
56 0 L 50
57
0 0 L -1
1 1 L -1
2 0 L -1
3 0 L -1
4 0 L -1
5 1 L 1
6 0 U 0
7 0 L 0
8 0 L -1
9 0 L 0
10 0 U -1
11 1 L 9
12 1 L -1
13 1 L 0
14 0 U 13
15 1 U 10
16 0 U -1
17 0 U 16
18 1 L 11
19 1 U 4
20 1 U 7
21 0 L 19
22 0 U 12
23 1 U 6
24 1 U -1
25 0 U 12
26 1 U 14
27 1 L 21
28 1 U 20
29 0 U -1
30 1 U 22
31 0 U 19
32 0 U 13
33 1 U 5
34 1 U 2
35 1 U 3
36 0 L 13
37 1 U -1
38 1 U -1
39 1 L 15
40 1 U 8
41 1 U 28
42 1 U 32
43 0 L 26
44 1 U 18
45 0 U 16
46 0 L 3
47 0 U 24
48 1 U 15
49 0 U 14
50 0 L 49
51 1 L 42
52 0 U 21
53 0 U 14
54 0 U 47
55 1 U 25
56 1 L 55
57
0 0 L -1
1 1 L -1
2 0 L -1
3 0 L -1
4 0 L -1
5 1 L 1
6 0 U 0
7 0 L 0
8 0 L -1
9 0 L 0
10 0 U -1
11 1 L 9
12 1 L -1
13 1 L 0
14 0 U 13
15 1 U 10
16 0 U -1
17 0 U 16
18 1 L 10
19 1 U 4
20 1 U 7
21 0 L 19
22 0 U 12
23 1 U 10
24 1 U -1
25 0 U 12
26 1 U 14
27 1 L 21
28 1 U 20
29 0 U -1
30 1 U 22
31 0 U 19
32 0 U 13
33 0 U 16
34 1 U 2
35 0 U 11
36 1 L 14
37 1 U -1
38 1 U -1
39 1 L 10
40 1 U 8
41 1 U 28
42 1 U 32
43 0 L 26
44 1 U 18
45 0 U 16
46 0 L 3
47 1 U 37
48 0 U 15
49 0 U 14
50 0 L 49
51 1 L 42
52 1 U 8
53 0 U 14
54 0 U 45
55 1 U 25
56 0 L 48
57
0 0 U -1
1 1 L -1
2 0 L -1
3 0 L -1
4 0 L -1
5 1 L 1
6 1 U -1
7 1 L 1
8 0 L -1
9 0 L 1
10 0 U -1
11 1 L 5
12 0 L -1
13 1 L 1
14 0 U 13
15 1 U 10
16 0 U -1
17 0 U 16
18 1 L 11
19 0 U 4
20 1 U 7
21 0 L 19
22 0 U 12
23 0 U 1
24 1 U -1
25 0 U 12
26 1 U 14
27 1 L 21
28 1 U 20
29 0 U -1
30 1 U 22
31 1 U 19
32 0 U 13
33 0 U 10
34 1 U 15
35 1 U 11
36 0 L 14
37 1 U -1
38 1 U -1
39 1 L 19
40 1 U 28
41 1 U 28
42 1 U 32
43 0 L 26
44 0 U 11
45 0 U 24
46 0 L 3
47 0 U 37
48 1 U 45
49 0 U 40
50 1 L 49
51 1 L 42
52 1 U 35
53 0 U 52
54 0 U 45
55 1 U 50
56 0 U 50
57
0 0 U -1
1 1 L -1
2 0 L -1
3 0 L -1
4 0 L -1
5 1 L 1
6 1 U -1
7 1 L 0
8 0 L -1
9 1 L 3
10 0 U -1
11 1 L 5
12 1 L -1
13 1 L 0
14 0 U 13
15 1 U 10
16 0 U -1
17 0 U 16
18 1 L 11
19 0 U 4
20 1 U 7
21 0 L 19
22 0 U 12
23 1 U 1
24 1 U -1
25 0 U 12
26 1 U 14
27 1 L 21
28 1 U 20
29 0 U -1
30 1 U 22
31 1 U 19
32 1 U 13
33 0 U 10
34 1 U 2
35 1 U 11
36 0 L 14
37 0 U -1
38 1 U -1
39 1 L 11
40 0 U 28
41 0 U 28
42 1 U 32
43 1 L 26
44 1 U 11
45 0 U 24
46 0 L 12
47 0 U 38
48 1 U 23
49 0 U 40
50 1 L 49
51 0 L 42
52 1 U 35
53 0 U 14
54 0 U 45
55 1 U 50
56 1 U 50
57
0 0 L -1
1 1 L -1
2 0 L -1
3 0 L -1
4 0 L -1
5 1 L 1
6 1 U -1
7 1 L 0
8 0 L -1
9 0 L 3
10 0 U -1
11 1 L 5
12 1 L -1
13 1 L 1
14 0 U 13
15 1 U 10
16 0 U -1
17 0 U 16
18 1 L 11
19 0 U 4
20 1 U 7
21 0 L 19
22 0 U 12
23 1 U 1
24 1 U -1
25 0 U 12
26 1 U 14
27 1 L 21
28 0 U 20
29 0 U -1
30 1 U 22
31 1 U 19
32 1 U 13
33 0 U 24
34 1 U 15
35 1 U 18
36 0 L 14
37 0 U -1
38 1 U -1
39 1 L 11
40 0 U 28
41 0 U 28
42 1 U 32
43 1 L 13
44 1 U 18
45 0 U 24
46 0 L 12
47 1 U 38
48 0 U 17
49 0 U 40
50 1 L 49
51 1 L 42
52 0 U 35
53 0 U 40
54 0 U 45
55 1 U 25
56 1 L 50
57
0 0 U -1
1 1 L -1
2 0 L -1
3 0 L -1
4 0 L -1
5 1 L 1
6 1 U -1
7 1 L 0
8 0 L -1
9 0 L 1
10 0 U -1
11 1 L 9
12 0 L -1
13 1 L 1
14 0 U 13
15 1 U 10
16 0 U -1
17 0 U 16
18 1 L 11
19 1 U 4
20 1 U 7
21 0 L 19
22 0 U 12
23 1 U 1
24 1 U -1
25 0 U 12
26 1 U 14
27 1 L 21
28 1 U 20
29 0 U -1
30 1 U 22
31 0 U 19
32 1 U 13
33 0 U 24
34 1 U 23
35 1 U 11
36 0 L 26
37 1 U -1
38 1 U -1
39 1 L 31
40 1 U 28
41 1 U 28
42 1 U 32
43 0 U 7
44 1 U 18
45 0 U 16
46 0 L 3
47 1 U 38
48 0 U 47
49 0 U 14
50 1 L 49
51 1 L 42
52 0 U 35
53 0 U 41
54 0 U 45
55 1 U 26
56 0 U 50
57
0 0 U -1
1 1 L -1
2 0 L -1
3 0 L -1
4 0 L -1
5 1 L 1
6 1 U -1
7 1 L 0
8 0 L -1
9 0 L 1
10 0 U -1
11 1 L 9
12 1 L -1
13 1 L 3
14 0 U 13
15 1 U 10
16 0 U -1
17 0 U 16
18 1 L 11
19 1 U 4
20 1 U 7
21 0 L 19
22 0 U 12
23 1 U 1
24 1 U -1
25 0 U 12
26 1 U 14
27 1 L 21
28 1 U 20
29 0 U -1
30 1 U 22
31 1 U 19
32 1 U 21
33 0 U 16
34 1 U 23
35 1 U 18
36 0 U 14
37 1 U -1
38 1 U -1
39 1 L 31
40 1 U 28
41 1 U 28
42 1 U 32
43 1 L 7
44 1 U 18
45 0 U 24
46 0 L 0
47 1 U 37
48 0 U 47
49 0 U 14
50 1 L 49
51 1 L 42
52 0 U 35
53 0 U 12
54 0 U 45
55 1 U 26
56 1 L 50
57
0 0 U -1
1 1 L -1
2 0 L -1
3 0 L -1
4 0 L -1
5 1 L 1
6 1 U -1
7 1 L 0
8 0 L -1
9 1 L 3
10 0 U -1
11 1 L 9
12 1 L -1
13 1 L 3
14 0 U 13
15 1 U 10
16 0 U -1
17 0 U 16
18 1 L 11
19 0 U 4
20 1 U 7
21 0 L 10
22 0 U 12
23 1 U 10
24 1 U -1
25 0 U 12
26 1 U 14
27 1 L 21
28 0 U 20
29 0 U -1
30 1 U 22
31 1 U 19
32 1 U 21
33 0 U 16
34 1 U 15
35 1 U 18
36 0 L 26
37 1 U -1
38 1 U -1
39 1 L 6
40 1 U 28
41 0 U 28
42 1 U 32
43 0 U 36
44 1 U 18
45 0 U 24
46 0 L 1
47 0 U 37
48 1 U 15
49 0 U 14
50 1 L 49
51 0 L 42
52 0 U 13
53 0 U 12
54 0 U 45
55 1 U 36
56 1 U 25
57
0 0 L -1
1 1 L -1
2 0 L -1
3 0 L -1
4 0 L -1
5 1 L 1
6 1 U -1
7 1 L 1
8 0 L -1
9 0 L 3
10 0 U -1
11 1 L 9
12 1 L -1
13 1 L 3
14 0 U 13
15 1 U 10
16 0 U -1
17 0 U 16
18 1 L 11
19 0 U 4
20 1 U 7
21 0 L 19
22 0 U 12
23 1 U 5
24 1 U -1
25 0 U 12
26 1 U 14
27 1 L 21
28 1 U 20
29 0 U -1
30 1 U 22
31 1 U 19
32 1 U 8
33 0 U 10
34 1 U 15
35 1 U 9
36 0 L 26
37 1 U -1
38 1 U -1
39 1 L 6
40 1 U 28
41 1 U 28
42 1 U 32
43 0 U 25
44 1 U 18
45 0 U 24
46 0 L 0
47 1 U 29
48 0 U 23
49 0 U 14
50 0 L 49
51 1 L 42
52 1 U 44
53 0 U 12
54 0 U 45
55 1 U 26
56 0 U 25
57
0 0 L -1
1 1 L -1
2 0 L -1
3 0 L -1
4 0 L -1
5 0 L 1
6 1 U -1
7 1 L 0
8 0 L -1
9 0 L 3
10 0 U -1
11 1 L 9
12 0 L -1
13 1 L 12
14 1 U 13
15 1 U 10
16 0 U -1
17 0 U 16
18 1 L 11
19 0 U 4
20 1 U 7
21 0 L 19
22 0 U 12
23 1 U 5
24 1 U -1
25 0 U 12
26 1 U 14
27 1 L 21
28 0 U 9
29 0 U -1
30 1 U 22
31 1 U 19
32 0 U 8
33 0 U 24
34 1 U 15
35 1 U 9
36 0 L 26
37 1 U -1
38 1 U -1
39 1 L 26
40 1 U 28
41 1 U 28
42 1 U 32
43 1 U 36
44 1 U 18
45 0 U 24
46 0 L 8
47 1 U 29
48 1 U 7
49 0 U 14
50 1 L 49
51 1 L 42
52 1 U 44
53 0 U 40
54 0 U 45
55 1 U 50
56 1 U 25
57
0 0 L -1
1 1 L -1
2 0 L -1
3 0 L -1
4 0 L -1
5 1 L 1
6 1 U -1
7 0 L 0
8 0 L -1
9 1 L 3
10 0 U -1
11 1 L 9
12 0 L -1
13 1 L 12
14 1 U 13
15 1 U 10
16 0 U -1
17 0 U 10
18 1 L 11
19 0 U 4
20 1 U 7
21 0 L 19
22 0 U 12
23 0 U 5
24 1 U -1
25 0 U 12
26 1 U 14
27 1 L 21
28 1 U 20
29 0 U -1
30 1 U 22
31 1 U 19
32 0 U 21
33 0 U 16
34 1 U 15
35 1 U 9
36 0 L 26
37 1 U -1
38 1 U -1
39 1 L 6
40 1 U 28
41 0 U 28
42 1 U 32
43 0 U 26
44 1 U 18
45 0 U 10
46 0 L 8
47 0 U 29
48 1 U 33
49 0 U 32
50 1 L 49
51 1 L 42
52 1 U 44
53 0 U 31
54 0 U 45
55 1 U 25
56 1 U 25
57
0 0 U -1
1 1 L -1
2 0 L -1
3 0 L -1
4 0 L -1
5 1 L 1
6 1 U -1
7 0 L 1
8 0 L -1
9 0 L 3
10 0 U -1
11 1 L 9
12 0 L -1
13 1 L 0
14 1 U 13
15 1 U 10
16 0 U -1
17 0 U 10
18 1 L 11
19 0 U 4
20 1 U 7
21 0 L 19
22 0 U 12
23 0 U 1
24 1 U -1
25 0 U 12
26 1 U 14
27 1 L 21
28 1 U 20
29 0 U -1
30 1 U 22
31 1 U 19
32 0 U 21
33 0 U 16
34 1 U 33
35 1 U 3
36 0 L 26
37 1 U -1
38 1 U -1
39 1 L 26
40 1 U 28
41 0 U 28
42 1 U 32
43 1 U 26
44 1 U 18
45 0 U 24
46 0 L 30
47 0 U 37
48 1 U 23
49 0 U 41
50 1 L 49
51 1 L 42
52 1 U 44
53 0 U 32
54 0 U 45
55 1 U 42
56 1 U 50
57
0 0 L -1
1 1 L -1
2 0 L -1
3 0 L -1
4 0 L -1
5 1 L 1
6 1 U -1
7 0 L 1
8 0 L -1
9 1 L 3
10 0 U -1
11 1 L 9
12 0 L -1
13 1 L 0
14 1 U 13
15 1 U 10
16 0 U -1
17 0 U 10
18 1 L 11
19 0 U 4
20 1 U 7
21 0 L 19
22 0 U 12
23 0 U 1
24 1 U -1
25 0 U 12
26 1 U 14
27 1 L 21
28 1 U 20
29 0 U -1
30 1 U 22
31 1 U 19
32 0 U 21
33 0 U 16
34 1 U 23
35 1 U 3
36 0 L 26
37 1 U -1
38 1 U -1
39 1 L 13
40 1 U 28
41 0 U 28
42 1 U 32
43 0 U 25
44 1 U 18
45 0 U 10
46 0 L 8
47 0 U 37
48 1 U 17
49 0 U 41
50 1 L 49
51 0 L 42
52 1 U 44
53 0 U 52
54 0 U 45
55 1 U 42
56 1 U 25
57
0 0 U -1
1 1 L -1
2 0 L -1
3 0 L -1
4 0 L -1
5 1 L 1
6 1 U -1
7 0 L 1
8 0 L -1
9 0 L 1
10 0 U -1
11 1 L 5
12 0 L -1
13 1 L 0
14 0 U 13
15 1 U 10
16 0 U -1
17 0 U 10
18 1 L 11
19 0 U 4
20 1 U 7
21 0 L 19
22 0 U 12
23 0 U 1
24 1 U -1
25 0 U 12
26 1 U 14
27 1 L 21
28 1 U 20
29 0 U -1
30 1 U 22
31 1 U 19
32 0 U 21
33 0 U 16
34 1 U 23
35 1 U 20
36 1 L 26
37 0 U -1
38 1 U -1
39 1 L 13
40 1 U 28
41 0 U 28
42 1 U 32
43 0 U 25
44 1 U 18
45 0 U 16
46 0 L 8
47 0 U 29
48 0 U 33
49 0 U 41
50 1 L 49
51 1 L 42
52 1 U 44
53 0 U 12
54 0 U 45
55 1 U 50
56 0 U 42
57
0 0 U -1
1 1 L -1
2 0 L -1
3 0 L -1
4 0 L -1
5 1 L 1
6 1 U -1
7 0 L 1
8 0 L -1
9 0 L 3
10 0 U -1
11 1 L 5
12 0 L -1
13 1 L 1
14 0 U 13
15 1 U 10
16 0 U -1
17 0 U 10
18 1 L 11
19 0 U 4
20 1 U 7
21 0 L 19
22 0 U 12
23 1 U 5
24 1 U -1
25 0 U 12
26 1 U 14
27 1 L 21
28 1 U 20
29 0 U -1
30 1 U 22
31 1 U 19
32 0 U 21
33 0 U 16
34 1 U 23
35 1 U 34
36 0 L 26
37 1 U -1
38 1 U -1
39 1 L 7
40 1 U 28
41 0 U 28
42 1 U 32
43 1 U 25
44 1 U 18
45 0 U 24
46 0 L 3
47 0 U 29
48 0 U 33
49 0 U 14
50 1 L 49
51 1 L 42
52 1 U 44
53 0 U 14
54 0 U 47
55 1 U 42
56 1 U 50
57
0 0 U -1
1 1 L -1
2 0 L -1
3 0 L -1
4 0 L -1
5 1 L 1
6 1 U -1
7 0 L 1
8 0 L -1
9 1 L 3
10 0 U -1
11 1 L 5
12 0 L -1
13 1 L 1
14 1 U 13
15 1 U 10
16 0 U -1
17 0 U 10
18 1 L 11
19 0 U 4
20 1 U 7
21 0 L 19
22 0 U 12
23 0 U 10
24 1 U -1
25 0 U 12
26 1 U 14
27 1 L 21
28 0 U 20
29 0 U -1
30 1 U 22
31 1 U 19
32 0 U 21
33 0 U 24
34 1 U 33
35 1 U 20
36 1 L 26
37 0 U -1
38 1 U -1
39 1 L 13
40 0 U 28
41 0 U 28
42 1 U 32
43 0 U 36
44 1 U 18
45 0 U 29
46 0 L 3
47 1 U 29
48 1 U 15
49 0 U 40
50 1 L 49
51 1 L 42
52 0 U 44
53 0 U 14
54 1 U 47
55 1 U 42
56 0 U 50
57
0 0 U -1
1 1 L -1
2 0 L -1
3 0 L -1
4 0 L -1
5 0 L 1
6 1 U -1
7 1 L 0
8 0 L -1
9 0 L 3
10 0 U -1
11 1 L 9
12 0 L -1
13 1 L 1
14 1 U 13
15 1 U 10
16 0 U -1
17 0 U 10
18 1 L 11
19 0 U 4
20 1 U 2
21 0 L 19
22 0 U 12
23 1 U 10
24 1 U -1
25 0 U 12
26 1 U 14
27 1 L 21
28 0 U 20
29 0 U -1
30 1 U 22
31 1 U 19
32 0 U 21
33 0 U 16
34 1 U 17
35 1 U 20
36 0 L 26
37 0 U -1
38 1 U -1
39 1 L 26
40 0 U 28
41 0 U 28
42 1 U 32
43 0 U 36
44 1 U 18
45 1 U 29
46 0 L 3
47 0 U 29
48 1 U 17
49 0 U 40
50 1 L 49
51 0 L 42
52 1 U 44
53 0 U 14
54 0 U 47
55 1 U 36
56 1 L 50
57
0 0 L -1
1 1 L -1
2 0 L -1
3 0 L -1
4 0 L -1
5 0 L 1
6 1 U -1
7 1 L 0
8 0 L -1
9 0 L 1
10 0 U -1
11 1 L 9
12 0 L -1
13 1 L 1
14 0 U 13
15 1 U 10
16 0 U -1
17 0 U 10
18 1 L 11
19 0 U 4
20 1 U 15
21 0 L 19
22 0 U 12
23 1 U 10
24 1 U -1
25 0 U 12
26 1 U 14
27 1 L 21
28 0 U 20
29 0 U -1
30 1 U 22
31 1 U 19
32 1 U 21
33 1 U 16
34 1 U 17
35 1 U 3
36 0 L 26
37 1 U -1
38 1 U -1
39 1 L 6
40 0 U 28
41 0 U 28
42 1 U 32
43 0 U 36
44 1 U 11
45 0 U 29
46 0 L 3
47 0 U 38
48 1 U 17
49 0 U 32
50 1 L 49
51 0 L 23
52 1 U 44
53 0 U 14
54 0 U 47
55 1 U 49
56 1 U 53
57
0 0 U -1
1 1 L -1
2 0 L -1
3 0 L -1
4 0 L -1
5 0 L 1
6 1 U -1
7 1 L 0
8 0 L -1
9 1 L 1
10 0 U -1
11 1 L 9
12 0 L -1
13 1 L 0
14 0 U 13
15 1 U 10
16 0 U -1
17 0 U 10
18 1 L 11
19 0 U 4
20 1 U 15
21 0 L 19
22 0 U 12
23 0 U 10
24 1 U -1
25 0 U 12
26 1 U 14
27 1 L 21
28 1 U 20
29 0 U -1
30 1 U 22
31 1 U 19
32 0 U 21
33 1 U 5
34 1 U 33
35 1 U 20
36 0 L 26
37 1 U -1
38 1 U -1
39 1 L 5
40 0 U 28
41 0 U 28
42 1 U 32
43 0 U 36
44 1 U 11
45 0 U 24
46 0 L 3
47 0 U 38
48 1 U 17
49 0 U 40
50 1 L 49
51 1 L 23
52 0 U 44
53 0 U 32
54 0 U 47
55 1 U 26
56 1 U 53
57
0 0 U -1
1 1 L -1
2 0 L -1
3 0 L -1
4 0 L -1
5 0 L 1
6 1 U -1
7 1 L 0
8 0 L -1
9 0 L 0
10 0 U -1
11 1 L 9
12 0 L -1
13 1 L 0
14 1 U 13
15 1 U 10
16 0 U -1
17 0 U 10
18 1 L 11
19 0 U 4
20 1 U 15
21 0 L 19
22 0 U 12
23 0 U 10
24 1 U -1
25 0 U 12
26 1 U 14
27 1 L 21
28 1 U 20
29 0 U -1
30 1 U 22
31 1 U 19
32 1 U 21
33 1 U 5
34 1 U 33
35 1 U 9
36 0 L 26
37 1 U -1
38 1 U -1
39 1 L 13
40 1 U 28
41 1 U 28
42 1 U 32
43 0 U 36
44 1 U 11
45 0 U 37
46 0 L 8
47 0 U 38
48 1 U 7
49 0 U 40
50 1 L 49
51 1 L 23
52 1 U 44
53 0 U 40
54 0 U 47
55 1 U 25
56 1 U 42
57
0 0 L -1
1 1 L -1
2 0 L -1
3 0 L -1
4 0 L -1
5 0 L 1
6 1 U -1
7 1 L 0
8 0 L -1
9 0 L 0
10 0 U -1
11 1 L 9
12 0 L -1
13 1 L 1
14 1 U 13
15 1 U 10
16 0 U -1
17 0 U 10
18 1 L 11
19 0 U 4
20 1 U 15
21 0 L 19
22 0 U 12
23 1 U 10
24 1 U -1
25 0 U 12
26 1 U 14
27 1 L 21
28 1 U 20
29 0 U 6
30 1 U 22
31 1 U 19
32 0 U 21
33 1 U 29
34 1 U 33
35 1 U 3
36 0 L 26
37 1 U -1
38 1 U -1
39 1 L 13
40 0 U 28
41 1 U 28
42 1 U 32
43 0 U 36
44 0 U 3
45 0 U 37
46 0 L 30
47 1 U 37
48 0 U 15
49 0 U 32
50 1 L 49
51 1 L 23
52 1 U 28
53 0 U 32
54 1 U 47
55 1 U 36
56 0 U 26
57
0 0 U -1
1 1 L -1
2 0 L -1
3 0 L -1
4 0 L -1
5 0 L 1
6 1 U -1
7 1 L 0
8 0 L -1
9 0 L 3
10 0 U -1
11 1 L 9
12 0 L -1
13 1 L 1
14 0 U 13
15 1 U 10
16 0 U -1
17 0 U 10
18 1 L 11
19 0 U 4
20 1 U 15
21 0 L 11
22 0 U 12
23 1 U 10
24 1 U -1
25 0 U 12
26 1 U 14
27 1 L 21
28 1 U 9
29 0 U 6
30 1 U 22
31 1 U 19
32 0 U 21
33 1 U 29
34 1 U 33
35 1 U 3
36 0 L 26
37 1 U -1
38 1 U -1
39 1 L 10
40 1 U 28
41 1 U 28
42 1 U 32
43 1 U 17
44 1 U 3
45 0 U 37
46 0 L 30
47 1 U 37
48 1 U 15
49 0 U 40
50 1 L 49
51 0 L 23
52 1 U 44
53 0 U 52
54 1 U 47
55 1 U 42
56 1 U 42
57
0 0 L -1
1 1 L -1
2 0 L -1
3 0 L -1
4 0 L -1
5 0 L 1
6 1 U -1
7 1 L 0
8 0 L -1
9 0 L 3
10 0 U -1
11 1 L 9
12 0 L -1
13 1 L 1
14 1 U 13
15 1 U 10
16 0 U -1
17 0 U 10
18 1 L 11
19 0 U 4
20 1 U 2
21 0 L 19
22 0 U 12
23 1 U 5
24 1 U -1
25 0 U 12
26 1 U 14
27 1 L 21
28 0 U 20
29 0 U 6
30 1 U 22
31 1 U 19
32 0 U 21
33 1 U 29
34 1 U 7
35 1 U 34
36 0 L 26
37 1 U -1
38 1 U -1
39 1 L 26
40 1 U 28
41 1 U 28
42 1 U 32
43 1 U 36
44 1 U 3
45 0 U 37
46 0 L 12
47 1 U 37
48 1 U 15
49 0 U 40
50 1 L 49
51 1 L 23
52 1 U 44
53 0 U 14
54 0 U 47
55 1 U 50
56 1 U 42
57
0 0 U -1
1 1 L -1
2 0 L -1
3 0 L -1
4 0 L -1
5 0 L 1
6 1 U -1
7 1 L 0
8 0 L -1
9 0 L 1
10 0 U -1
11 1 L 9
12 0 L -1
13 1 L 1
14 1 U 13
15 1 U 10
16 0 U -1
17 0 U 10
18 1 L 11
19 0 U 4
20 1 U 7
21 0 L 19
22 0 U 12
23 1 U 10
24 1 U -1
25 0 U 12
26 1 U 14
27 1 L 21
28 0 U 20
29 1 U 6
30 1 U 22
31 1 U 19
32 0 U 21
33 1 U 29
34 1 U 15
35 1 U 34
36 0 L 26
37 1 U -1
38 1 U -1
39 1 L 26
40 0 U 28
41 1 U 28
42 1 U 32
43 1 U 25
44 1 U 9
45 0 U 10
46 0 L 30
47 1 U 37
48 0 U 17
49 0 U 40
50 0 L 49
51 1 L 24
52 1 U 44
53 0 U 40
54 0 U 47
55 1 U 25
56 1 U 42
57
0 0 U -1
1 1 L -1
2 0 L -1
3 0 L -1
4 0 L -1
5 1 L 1
6 1 U -1
7 1 L 0
8 0 L -1
9 0 L 3
10 0 U -1
11 1 L 9
12 0 L -1
13 1 L 12
14 0 U 13
15 1 U 10
16 0 U -1
17 0 U 10
18 1 L 11
19 0 U 4
20 1 U 7
21 0 L 11
22 0 U 12
23 1 U 10
24 1 U -1
25 0 U 12
26 1 U 14
27 1 L 21
28 1 U 20
29 0 U 6
30 1 U 22
31 1 U 19
32 1 U 21
33 1 U 29
34 1 U 15
35 1 U 3
36 0 L 14
37 1 U -1
38 1 U -1
39 1 L 14
40 1 U 28
41 1 U 28
42 1 U 32
43 1 U 36
44 1 U 9
45 0 U 37
46 0 L 30
47 1 U 37
48 0 U 15
49 0 U 14
50 1 L 49
51 0 L 24
52 1 U 44
53 0 U 40
54 1 U 47
55 1 U 25
56 1 U 33
57
0 0 U -1
1 1 L -1
2 0 L -1
3 0 L -1
4 0 L -1
5 1 L 1
6 1 U -1
7 0 L 1
8 0 L -1
9 0 L 3
10 0 U -1
11 1 L 9
12 0 L -1
13 1 L 12
14 0 U 13
15 1 U 10
16 0 U -1
17 0 U 10
18 1 L 11
19 0 U 4
20 1 U 2
21 0 L 11
22 0 U 12
23 1 U 10
24 1 U -1
25 0 U 12
26 1 U 14
27 1 L 21
28 0 U 20
29 1 U -1
30 1 U 22
31 1 U 19
32 0 U 21
33 1 U 5
34 1 U 7
35 1 U 9
36 0 L 14
37 1 U -1
38 1 U -1
39 1 L 13
40 1 U 28
41 1 U 28
42 1 U 32
43 0 U 36
44 1 U 34
45 1 U 37
46 0 L 12
47 0 U 37
48 0 U 17
49 0 U 40
50 1 L 49
51 0 L 24
52 1 U 35
53 0 U 40
54 0 U 24
55 1 U 26
56 1 U 25
57
0 0 U -1
1 1 L -1
2 0 L -1
3 0 L -1
4 0 L -1
5 1 L 1
6 1 U -1
7 0 U 5
8 0 L -1
9 0 L 3
10 0 U -1
11 1 L 9
12 0 L -1
13 1 L 12
14 0 U 13
15 1 U 10
16 0 U -1
17 0 U 10
18 1 L 11
19 0 U 4
20 1 U 2
21 0 L 11
22 0 U 12
23 1 U 10
24 1 U -1
25 0 U 12
26 1 U 14
27 1 L 21
28 0 U 20
29 1 U -1
30 1 U 22
31 1 U 19
32 0 U 21
33 1 U 5
34 1 U 33
35 1 U 20
36 0 L 14
37 1 U -1
38 1 U -1
39 1 L 7
40 0 U 28
41 0 U 28
42 1 U 32
43 1 U 17
44 0 U 25
45 1 U 37
46 0 L 12
47 0 U 24
48 0 U 17
49 0 U 40
50 1 L 49
51 0 L 24
52 0 U 27
53 0 U 40
54 0 U 38
55 1 U 36
56 1 U 3
57
0 0 L -1
1 1 L -1
2 0 L -1
3 0 L -1
4 0 L -1
5 1 L 1
6 1 U -1
7 0 U 5
8 0 L -1
9 0 L 1
10 0 U -1
11 1 L 9
12 0 L -1
13 1 L 1
14 0 U 13
15 1 U 10
16 0 U -1
17 0 U 10
18 1 L 11
19 0 U 4
20 1 U 2
21 0 L 11
22 0 U 12
23 1 U 10
24 1 U -1
25 0 U 12
26 1 U 14
27 1 L 21
28 0 U 20
29 1 U -1
30 1 U 22
31 1 U 19
32 0 U 21
33 1 U 5
34 1 U 7
35 1 U 3
36 1 L 14
37 1 U -1
38 1 U -1
39 1 L 13
40 0 U 28
41 0 U 28
42 1 U 32
43 1 U 33
44 1 U 25
45 1 U 37
46 0 L 3
47 0 U 16
48 0 U 47
49 0 U 40
50 1 L 49
51 0 L 42
52 0 U 27
53 0 U 31
54 0 U 38
55 1 U 50
56 1 U 3
57
0 0 U -1
1 1 L -1
2 0 L -1
3 0 L -1
4 0 L -1
5 1 L 1
6 1 U -1
7 0 U 5
8 0 L -1
9 0 L 3
10 0 U -1
11 1 L 5
12 0 L -1
13 1 L 0
14 0 U 13
15 1 U 10
16 0 U -1
17 0 U 10
18 1 L 11
19 0 U 4
20 1 U 2
21 0 L 19
22 0 U 12
23 0 U 10
24 1 U -1
25 0 U 12
26 1 U 14
27 1 L 21
28 0 U 20
29 1 U -1
30 1 U 22
31 1 U 19
32 0 U 21
33 1 U 5
34 1 U 7
35 0 U 20
36 0 L 14
37 1 U -1
38 1 U -1
39 1 L 6
40 1 U 28
41 1 U 28
42 1 U 32
43 0 U 17
44 1 U 25
45 1 U 37
46 0 L 1
47 1 U 16
48 0 U 34
49 0 U 40
50 1 L 49
51 0 L 42
52 1 U 35
53 0 U 40
54 0 U 5
55 1 U 25
56 1 U 25
57
0 0 L -1
1 1 L -1
2 0 L -1
3 0 L -1
4 0 L -1
5 1 L 1
6 1 U -1
7 0 U 5
8 0 L -1
9 0 L 1
10 0 U -1
11 1 L 9
12 0 L -1
13 1 L 12
14 1 U 13
15 1 U 10
16 0 U -1
17 0 U 10
18 1 L 11
19 1 U 4
20 1 U 2
21 0 L 19
22 0 U 12
23 0 U 5
24 1 U -1
25 0 U 12
26 1 U 14
27 0 L 21
28 1 U 20
29 1 U -1
30 1 U 22
31 0 U 19
32 1 U 21
33 1 U 5
34 1 U 7
35 1 U 3
36 1 L 26
37 1 U -1
38 1 U -1
39 1 L 26
40 0 U 28
41 1 U 28
42 1 U 32
43 1 U 17
44 1 U 42
45 1 U 37
46 0 L 12
47 0 U 16
48 0 U 34
49 0 U 40
50 1 L 49
51 1 L 24
52 1 U 35
53 0 U 12
54 0 U 5
55 1 U 26
56 1 U 26
57
0 0 U -1
1 1 L -1
2 0 L -1
3 0 L -1
4 0 L -1
5 1 L 1
6 1 U -1
7 0 U 5
8 0 L -1
9 0 L 1
10 0 U -1
11 1 L 9
12 0 L -1
13 1 L 12
14 0 U 13
15 1 U 10
16 0 U -1
17 0 U 10
18 1 L 11
19 1 U 4
20 1 U 2
21 0 L 19
22 0 U 12
23 0 U 5
24 1 U -1
25 0 U 12
26 1 U 14
27 1 L 21
28 0 U 20
29 1 U -1
30 1 U 22
31 1 U 19
32 1 U 21
33 1 U 5
34 1 U 33
35 1 U 3
36 0 L 13
37 1 U -1
38 1 U -1
39 1 L 26
40 1 U 28
41 1 U 28
42 1 U 32
43 1 U 23
44 1 U 42
45 1 U 37
46 0 L 8
47 1 U 16
48 0 U 34
49 0 U 40
50 1 L 49
51 0 L 24
52 1 U 35
53 0 U 52
54 0 U 16
55 1 U 42
56 1 U 26
57
0 0 U -1
1 1 L -1
2 0 L -1
3 0 L -1
4 0 L -1
5 1 L 1
6 1 U -1
7 0 L 1
8 0 L -1
9 0 L 0
10 0 U -1
11 1 L 9
12 0 L -1
13 1 L 12
14 0 U 13
15 1 U 10
16 0 U -1
17 0 U 10
18 1 L 11
19 1 U 4
20 1 U 2
21 0 L 19
22 0 U 12
23 1 U 5
24 1 U -1
25 0 U 12
26 1 U 14
27 1 L 21
28 1 U 20
29 1 U -1
30 1 U 22
31 1 U 19
32 0 U 21
33 1 U 5
34 1 U 7
35 1 U 20
36 0 L 26
37 1 U -1
38 1 U -1
39 1 L 13
40 1 U 28
41 1 U 28
42 1 U 32
43 1 U 23
44 1 U 25
45 1 U 37
46 0 L 30
47 0 U 24
48 1 U 9
49 0 U 32
50 1 L 49
51 1 L 42
52 1 U 28
53 0 U 52
54 0 U 24
55 1 U 42
56 1 U 36
57
0 0 U -1
1 1 L -1
2 0 L -1
3 0 L -1
4 0 L -1
5 1 L 1
6 1 U -1
7 0 L 0
8 0 L -1
9 0 L 1
10 0 U -1
11 1 L 5
12 0 L -1
13 1 L 1
14 0 U 13
15 1 U 10
16 0 U -1
17 0 U 10
18 1 L 11
19 0 U 4
20 1 U 2
21 0 L 19
22 0 U 12
23 0 U 1
24 1 U -1
25 0 U 12
26 1 U 14
27 1 L 21
28 0 U 20
29 1 U -1
30 1 U 22
31 1 U 19
32 0 U 21
33 1 U 5
34 1 U 7
35 1 U 9
36 1 L 26
37 1 U -1
38 1 U -1
39 1 L 26
40 1 U 28
41 0 U 28
42 1 U 32
43 0 U 2
44 0 U 25
45 1 U 37
46 0 L 30
47 0 U 37
48 1 U 11
49 0 U 14
50 1 L 49
51 0 L 42
52 0 U 28
53 0 U 14
54 0 U 24
55 1 U 42
56 1 U 25
57
0 0 L -1
1 1 L -1
2 0 L -1
3 0 L -1
4 0 L -1
5 1 L 1
6 1 U -1
7 0 L 1
8 0 L -1
9 0 L 1
10 0 U -1
11 1 L 9
12 0 L -1
13 1 L 1
14 1 U 13
15 1 U 10
16 0 U -1
17 0 U 10
18 1 L 11
19 0 U 4
20 1 U 7
21 0 L 19
22 0 U 12
23 0 U 5
24 1 U -1
25 0 U 12
26 1 U 14
27 1 L 21
28 1 U 9
29 1 U -1
30 1 U 22
31 1 U 19
32 0 U 21
33 1 U 5
34 1 U 7
35 0 U 9
36 0 L 26
37 1 U -1
38 1 U -1
39 1 L 14
40 1 U 28
41 0 U 28
42 1 U 32
43 1 U 17
44 1 U 25
45 1 U 37
46 0 L 30
47 0 U 37
48 1 U 3
49 0 U 14
50 0 L 49
51 1 L 42
52 1 U 8
53 0 U 41
54 0 U 10
55 1 U 50
56 1 U 25
57
0 0 U -1
1 1 L -1
2 0 L -1
3 0 L -1
4 0 L -1
5 1 L 1
6 1 U -1
7 0 L 1
8 0 L -1
9 0 L 1
10 0 U -1
11 1 L 9
12 0 L -1
13 1 L 1
14 1 U 13
15 1 U 10
16 0 U -1
17 0 U 10
18 1 L 11
19 0 U 4
20 1 U 7
21 0 L 19
22 0 U 12
23 0 U 10
24 1 U -1
25 0 U 12
26 1 U 14
27 0 L 21
28 1 U 9
29 1 U -1
30 1 U 22
31 1 U 19
32 1 U 21
33 1 U 5
34 1 U 33
35 1 U 3
36 0 L 26
37 1 U -1
38 1 U -1
39 1 L 7
40 1 U 28
41 0 U 28
42 1 U 32
43 1 U 17
44 0 U 42
45 1 U 37
46 0 L 30
47 0 U 24
48 0 U 43
49 0 U 14
50 1 L 49
51 1 L 42
52 1 U 13
53 0 U 52
54 0 U 5
55 1 U 42
56 1 U 50
57
0 0 L -1
1 1 L -1
2 0 L -1
3 0 L -1
4 0 L -1
5 1 L 1
6 1 U -1
7 0 L 1
8 0 L -1
9 0 L 3
10 0 U -1
11 1 L 9
12 0 L -1
13 1 L 12
14 1 U 13
15 1 U 10
16 0 U -1
17 0 U 10
18 1 L 11
19 0 U 4
20 1 U 2
21 0 L 15
22 0 U 12
23 0 U 10
24 1 U -1
25 0 U 12
26 1 U 14
27 1 L 21
28 1 U 9
29 1 U -1
30 1 U 22
31 1 U 19
32 1 U 21
33 1 U 5
34 1 U 33
35 0 U 3
36 0 L 26
37 1 U -1
38 1 U -1
39 1 L 6
40 1 U 28
41 1 U 28
42 1 U 32
43 0 U 17
44 0 U 42
45 1 U 37
46 0 L 30
47 1 U 24
48 1 U 18
49 0 U 14
50 0 L 49
51 0 L 24
52 1 U 48
53 0 U 52
54 0 U 1
55 1 U 26
56 1 U 50
57
0 0 U -1
1 1 L -1
2 0 L -1
3 0 L -1
4 0 L -1
5 1 L 1
6 1 U -1
7 0 L 1
8 0 L -1
9 1 L 1
10 0 U -1
11 1 L 9
12 0 L -1
13 1 L 12
14 1 U 13
15 1 U 10
16 0 U -1
17 0 U 10
18 0 L 11
19 0 U 4
20 1 U 2
21 0 L 19
22 0 U 12
23 0 U 10
24 1 U -1
25 0 U 12
26 1 U 14
27 0 L 21
28 0 U 9
29 1 U -1
30 1 U 22
31 1 U 19
32 1 U 8
33 1 U 5
34 1 U 7
35 1 U 11
36 0 L 26
37 1 U -1
38 1 U -1
39 1 L 6
40 1 U 28
41 0 U 28
42 1 U 31
43 0 U 17
44 0 U 42
45 1 U 37
46 0 L 8
47 0 U 24
48 0 U 34
49 0 U 14
50 0 L 49
51 1 L 24
52 1 U 35
53 0 U 52
54 0 U 37
55 1 U 36
56 1 U 53
57
0 0 L -1
1 1 L -1
2 0 L -1
3 0 L -1
4 0 L -1
5 1 L 1
6 1 U -1
7 1 L 0
8 0 L -1
9 0 L 1
10 0 U -1
11 1 L 9
12 0 L -1
13 1 L 1
14 0 U 13
15 1 U 10
16 0 U -1
17 0 U 10
18 0 L 11
19 1 U 4
20 1 U 7
21 0 L 19
22 0 U 12
23 1 U 10
24 1 U -1
25 0 U 12
26 1 U 14
27 1 L 21
28 0 U 9
29 1 U -1
30 1 U 22
31 1 U 19
32 0 U 8
33 1 U 5
34 1 U 7
35 1 U 9
36 0 L 26
37 1 U -1
38 1 U -1
39 1 L 6
40 1 U 28
41 0 U 28
42 1 U 14
43 1 U 7
44 0 U 26
45 1 U 37
46 0 L 8
47 0 U 16
48 0 U 43
49 0 U 14
50 0 L 49
51 1 L 42
52 1 U 28
53 0 U 31
54 0 U 24
55 1 U 50
56 1 U 53
57
0 0 U -1
1 1 L -1
2 0 L -1
3 0 L -1
4 0 L -1
5 1 L 1
6 1 U -1
7 0 U 1
8 0 L -1
9 0 L 1
10 0 U -1
11 1 L 5
12 0 L -1
13 1 L 1
14 0 U 13
15 1 U 10
16 0 U -1
17 0 U 10
18 0 L 11
19 0 U 4
20 1 U 7
21 0 L 19
22 0 U 12
23 1 U 10
24 1 U -1
25 0 U 12
26 1 U 14
27 1 L 21
28 0 U 9
29 1 U -1
30 1 U 22
31 1 U 19
32 1 U 8
33 1 U 5
34 1 U 2
35 1 U 9
36 0 L 26
37 1 U -1
38 1 U -1
39 1 L 14
40 1 U 28
41 1 U 28
42 1 U 14
43 1 U 17
44 1 U 26
45 1 U 37
46 0 L 12
47 0 U 24
48 0 U 11
49 0 U 14
50 1 L 49
51 1 L 42
52 1 U 35
53 0 U 14
54 0 U 38
55 1 U 36
56 0 U 26
57
0 0 L -1
1 1 L -1
2 0 L -1
3 0 L -1
4 0 L -1
5 1 L 1
6 1 U -1
7 0 L 3
8 0 L -1
9 0 L 0
10 0 U -1
11 1 L 9
12 0 L -1
13 1 L 1
14 0 U 13
15 1 U 10
16 0 U -1
17 0 U 16
18 1 L 11
19 0 U 4
20 1 U 7
21 0 L 19
22 0 U 12
23 0 U 10
24 1 U -1
25 0 U 12
26 1 U 14
27 1 L 21
28 0 U 9
29 1 U -1
30 1 U 22
31 1 U 19
32 1 U 8
33 1 U 5
34 1 U 2
35 0 U 11
36 0 L 26
37 1 U -1
38 1 U -1
39 1 L 7
40 1 U 28
41 0 U 28
42 1 U 14
43 1 U 15
44 1 U 26
45 1 U 37
46 0 L 12
47 0 U 37
48 0 U 33
49 0 U 31
50 0 L 28
51 1 L 24
52 1 U 28
53 0 U 9
54 0 U 38
55 1 U 36
56 1 L 35
57
0 0 L -1
1 1 L -1
2 0 L -1
3 0 L -1
4 0 L -1
5 1 L 1
6 1 U -1
7 0 L 3
8 0 L -1
9 0 L 3
10 0 U -1
11 1 L 9
12 0 L -1
13 1 L 1
14 0 U 13
15 1 U 10
16 0 U -1
17 0 U 16
18 1 L 11
19 0 U 4
20 0 U 15
21 0 L 11
22 0 U 12
23 1 U 5
24 1 U -1
25 0 U 12
26 1 U 14
27 1 L 21
28 0 U 9
29 1 U -1
30 1 U 22
31 1 U 19
32 0 U 8
33 1 U 5
34 1 U 2
35 0 U 9
36 1 L 13
37 1 U -1
38 1 U -1
39 1 L 13
40 1 U 28
41 1 U 28
42 1 U 14
43 1 U 33
44 0 U 42
45 1 U 37
46 0 L 8
47 1 U 24
48 1 U 33
49 0 U 31
50 1 L 37
51 1 L 23
52 1 U 28
53 0 U 20
54 0 U 38
55 1 U 42
56 1 L 35
57
0 0 L -1
1 1 L -1
2 0 L -1
3 0 L -1
4 0 L -1
5 1 L 1
6 1 U -1
7 0 L 3
8 0 L -1
9 0 L 0
10 0 U -1
11 1 L 9
12 0 L -1
13 1 L 1
14 0 U 13
15 1 U 10
16 0 U -1
17 0 U 16
18 1 L 11
19 0 U 4
20 0 U 15
21 0 L 19
22 0 U 12
23 0 U 5
24 1 U -1
25 0 U 12
26 1 U 14
27 1 L 21
28 0 U 9
29 1 U -1
30 1 U 22
31 1 U 19
32 0 U 21
33 1 U 5
34 1 U 2
35 1 U 11
36 0 L 13
37 1 U -1
38 1 U -1
39 1 L 13
40 1 U 28
41 1 U 8
42 1 U 14
43 1 U 2
44 1 U 42
45 1 U 37
46 0 L 1
47 0 U 16
48 0 U 2
49 0 U 31
50 0 L 33
51 0 L 42
52 1 U 27
53 0 U 18
54 0 U 24
55 1 U 26
56 1 L 55
57
0 0 L -1
1 1 L -1
2 0 L -1
3 0 L -1
4 0 L -1
5 1 L 1
6 1 U -1
7 0 L 3
8 0 L -1
9 0 L 3
10 0 U -1
11 1 L 9
12 0 L -1
13 1 L 12
14 0 U 13
15 1 U 10
16 0 U -1
17 0 U 16
18 1 L 11
19 0 U 4
20 1 U 7
21 0 L 19
22 0 U 12
23 0 U 10
24 1 U -1
25 0 U 12
26 1 U 14
27 0 L 21
28 0 U 9
29 1 U -1
30 1 U 22
31 1 U 19
32 1 U 21
33 1 U 5
34 1 U 2
35 1 U 11
36 0 L 13
37 1 U -1
38 1 U -1
39 1 L 26
40 1 U 28
41 1 U 8
42 1 U 41
43 1 U 7
44 0 U 42
45 1 U 37
46 0 L 8
47 0 U 10
48 1 U 2
49 0 U 12
50 0 L 49
51 0 L 24
52 1 U 8
53 0 U 11
54 0 U 37
55 1 U 50
56 1 L 55
57
0 0 L -1
1 1 L -1
2 0 L -1
3 0 L -1
4 0 L -1
5 1 L 1
6 1 U -1
7 0 L 3
8 0 L -1
9 1 L 1
10 0 U -1
11 1 L 9
12 0 L -1
13 1 L 12
14 0 U 13
15 1 U 10
16 0 U -1
17 0 U 16
18 1 L 11
19 0 U 4
20 0 U 2
21 0 L 19
22 0 U 12
23 1 U 10
24 1 U -1
25 0 U 12
26 1 U 14
27 0 L 18
28 1 U 9
29 1 U -1
30 1 U 22
31 1 U 19
32 1 U 21
33 1 U 5
34 1 U 7
35 1 U 7
36 1 L 26
37 1 U -1
38 1 U -1
39 1 L 6
40 1 U 28
41 1 U 8
42 1 U 41
43 0 U 14
44 0 U 25
45 1 U 37
46 0 L 12
47 0 U 10
48 0 U 15
49 0 U 31
50 0 L 49
51 1 L 24
52 1 U 27
53 0 U 48
54 0 U 38
55 1 U 50
56 1 L 55
57
0 0 L -1
1 1 L -1
2 0 L -1
3 0 L -1
4 0 L -1
5 1 L 1
6 1 U -1
7 0 L 3
8 0 L -1
9 0 L 1
10 0 U -1
11 1 L 9
12 0 L -1
13 1 L 12
14 0 U 13
15 1 U 10
16 0 U -1
17 0 U 16
18 1 L 11
19 0 U 4
20 1 U 17
21 0 L 19
22 0 U 12
23 1 U 10
24 1 U -1
25 0 U 12
26 1 U 14
27 0 L 21
28 1 U 3
29 1 U -1
30 1 U 22
31 1 U 19
32 1 U 21
33 1 U 5
34 1 U 2
35 0 U 9
36 1 L 26
37 1 U -1
38 1 U -1
39 1 L 7
40 1 U 28
41 1 U 8
42 1 U 41
43 0 U 2
44 1 U 25
45 1 U 37
46 0 L 8
47 0 U 10
48 1 U 2
49 0 U 41
50 0 L 49
51 0 L 24
52 1 U 35
53 0 U 48
54 0 U 38
55 1 U 26
56 1 L 55
57
0 0 U -1
1 1 L -1
2 0 L -1
3 0 L -1
4 0 L -1
5 1 L 1
6 1 U -1
7 0 L 3
8 0 L -1
9 1 L 3
10 0 U -1
11 1 L 9
12 1 L -1
13 1 L 12
14 0 U 13
15 1 U 10
16 0 U -1
17 0 U 16
18 1 L 11
19 0 U 4
20 0 U 2
21 0 L 19
22 0 U 12
23 1 U 10
24 1 U -1
25 0 U 12
26 1 U 14
27 0 L 21
28 0 U 9
29 1 U -1
30 1 U 22
31 1 U 19
32 0 U 21
33 1 U 5
34 1 U 2
35 1 U 20
36 0 L 26
37 1 U -1
38 1 U -1
39 1 L 7
40 1 U 28
41 1 U 8
42 1 U 41
43 0 U 2
44 1 U 25
45 1 U 37
46 0 L 30
47 1 U 10
48 1 U 2
49 0 U 41
50 0 L 34
51 1 L 42
52 1 U 35
53 0 U 3
54 0 U 37
55 1 U 26
56 0 L 55
57
0 0 L -1
1 1 L -1
2 0 L -1
3 0 L -1
4 0 L -1
5 1 L 1
6 1 U -1
7 0 L 3
8 0 L -1
9 1 L 1
10 0 U -1
11 1 L 9
12 1 L -1
13 1 L 12
14 0 U 13
15 1 U 10
16 0 U -1
17 0 U 16
18 1 L 11
19 0 U 4
20 0 U 15
21 0 L 10
22 0 U 12
23 1 U 10
24 1 U -1
25 0 U 12
26 1 U 14
27 1 L 18
28 1 U 9
29 1 U -1
30 1 U 22
31 0 U 19
32 0 U 21
33 1 U 5
34 1 U 2
35 1 U 20
36 1 L 26
37 1 U -1
38 1 U -1
39 1 L 14
40 1 U 28
41 1 U 8
42 1 U 41
43 0 U 17
44 0 U 25
45 1 U 37
46 0 L 12
47 1 U 10
48 1 U 2
49 0 U 14
50 0 L 49
51 0 L 23
52 1 U 27
53 0 U 3
54 0 U 37
55 1 U 26
56 1 L 55
57
0 0 L -1
1 1 L -1
2 0 L -1
3 0 L -1
4 0 L -1
5 1 L 1
6 1 U -1
7 0 L 3
8 0 L -1
9 0 L 1
10 0 U -1
11 1 L 9
12 0 L -1
13 1 L 1
14 0 U 13
15 1 U 10
16 0 U -1
17 0 U 16
18 1 L 11
19 1 U 4
20 0 U 15
21 1 L 19
22 0 U 12
23 0 U 10
24 1 U -1
25 0 U 12
26 1 U 14
27 0 U 18
28 0 U 9
29 1 U -1
30 1 U 22
31 1 U 19
32 1 U 8
33 1 U 5
34 1 U 2
35 0 U 3
36 0 L 26
37 1 U -1
38 1 U -1
39 1 L 26
40 1 U 28
41 1 U 8
42 1 U 14
43 0 U 33
44 1 U 26
45 1 U 37
46 0 L 12
47 1 U 16
48 0 U 15
49 0 U 12
50 0 L 49
51 0 L 42
52 1 U 21
53 0 U 12
54 0 U 37
55 1 U 26
56 1 L 55
57
0 0 U -1
1 1 L -1
2 0 L -1
3 0 L -1
4 0 L -1
5 1 L 1
6 1 U -1
7 0 L 3
8 0 L -1
9 0 L 0
10 0 U -1
11 1 L 9
12 0 L -1
13 1 L 12
14 0 U 13
15 1 U 10
16 0 U -1
17 0 U 16
18 1 L 11
19 1 U 4
20 1 U 2
21 1 L 19
22 0 U 12
23 1 U 10
24 1 U -1
25 0 U 12
26 1 U 14
27 0 U 11
28 1 U 3
29 1 U -1
30 1 U 22
31 0 U 19
32 1 U 8
33 1 U 5
34 1 U 2
35 0 U 18
36 0 L 26
37 1 U -1
38 1 U -1
39 1 L 13
40 1 U 28
41 1 U 28
42 1 U 14
43 0 U 33
44 0 U 42
45 1 U 37
46 0 L 12
47 0 U 16
48 0 U 15
49 0 U 12
50 0 L 49
51 0 L 23
52 0 U 21
53 0 U 12
54 0 U 37
55 1 U 42
56 1 L 55
57
0 0 L -1
1 1 L -1
2 0 L -1
3 0 L -1
4 0 L -1
5 1 L 1
6 1 U -1
7 0 L 3
8 0 L -1
9 1 L 1
10 0 U -1
11 1 L 9
12 0 L -1
13 1 L 1
14 0 U 13
15 1 U 10
16 0 U -1
17 0 U 16
18 1 L 11
19 0 U 4
20 1 U 7
21 0 L 19
22 0 U 12
23 1 U 10
24 1 U -1
25 0 U 12
26 1 U 14
27 0 U 11
28 1 U 3
29 1 U -1
30 1 U 22
31 1 U 19
32 1 U 21
33 1 U 5
34 1 U 33
35 1 U 18
36 0 L 7
37 1 U -1
38 1 U -1
39 1 L 13
40 1 U 28
41 0 U 28
42 1 U 14
43 1 U 2
44 0 U 42
45 1 U 37
46 0 L 12
47 0 U 16
48 0 U 15
49 0 U 12
50 0 L 34
51 0 L 23
52 0 U 8
53 0 U 20
54 0 U 37
55 1 U 26
56 1 L 55
57
0 0 U -1
1 1 L -1
2 0 L -1
3 0 L -1
4 0 L -1
5 1 L 1
6 1 U -1
7 0 L 3
8 0 L -1
9 1 L 0
10 0 U -1
11 1 L 9
12 0 L -1
13 1 L 1
14 0 U 13
15 1 U 10
16 0 U -1
17 0 U 16
18 1 L 11
19 1 U 4
20 1 U 7
21 0 L 19
22 0 U 12
23 0 U 10
24 1 U -1
25 0 U 12
26 1 U 14
27 1 U 20
28 1 U 9
29 1 U -1
30 1 U 22
31 1 U 19
32 1 U 21
33 1 U 5
34 1 U 33
35 1 U 34
36 0 L 26
37 1 U -1
38 1 U -1
39 1 L 13
40 1 U 28
41 1 U 28
42 1 U 14
43 0 U 17
44 0 U 42
45 1 U 37
46 0 L 0
47 1 U 24
48 0 U 15
49 0 U 12
50 0 L 34
51 0 L 42
52 1 U 8
53 0 U 20
54 0 U 37
55 1 U 36
56 1 L 55
57
0 0 U -1
1 1 L -1
2 0 L -1
3 0 L -1
4 0 L -1
5 1 L 1
6 1 U -1
7 0 L 3
8 0 L -1
9 1 L 3
10 0 U -1
11 1 L 9
12 0 L -1
13 1 L 0
14 0 U 13
15 1 U 10
16 0 U -1
17 0 U 16
18 1 L 11
19 0 U 4
20 1 U 2
21 0 L 19
22 0 U 12
23 0 U 10
24 1 U -1
25 0 U 12
26 1 U 14
27 1 U 20
28 0 U 9
29 1 U -1
30 1 U 22
31 1 U 19
32 0 U 8
33 1 U 5
34 1 U 2
35 1 U 34
36 0 L 26
37 1 U -1
38 1 U -1
39 1 L 6
40 1 U 28
41 0 U 28
42 1 U 14
43 0 U 17
44 1 U 42
45 1 U 37
46 0 L 8
47 1 U 24
48 1 U 17
49 0 U 12
50 1 L 28
51 0 L 24
52 1 U 27
53 0 U 20
54 0 U 37
55 1 U 50
56 1 L 55
57
0 0 U -1
1 1 L -1
2 0 L -1
3 0 L -1
4 0 L -1
5 1 L 1
6 1 U -1
7 0 L 3
8 0 L -1
9 0 L 1
10 0 U -1
11 1 L 9
12 0 L -1
13 1 L 12
14 0 U 13
15 1 U 10
16 0 U -1
17 0 U 16
18 1 L 11
19 0 U 4
20 1 U 2
21 0 L 19
22 0 U 12
23 0 U 1
24 1 U -1
25 0 U 12
26 1 U 14
27 0 U 18
28 0 U 9
29 1 U -1
30 1 U 22
31 1 U 19
32 0 U 8
33 1 U 5
34 1 U 2
35 1 U 3
36 1 L 13
37 1 U -1
38 1 U -1
39 1 L 7
40 1 U 28
41 0 U 28
42 1 U 14
43 0 U 15
44 0 U 42
45 1 U 37
46 0 L 8
47 0 U 16
48 1 U 15
49 0 U 12
50 0 L 37
51 0 L 24
52 1 U 8
53 0 U 3
54 0 U 37
55 1 U 50
56 1 L 55
57
0 0 L -1
1 1 L -1
2 0 L -1
3 0 L -1
4 0 L -1
5 1 L 1
6 1 U -1
7 0 L 3
8 0 L -1
9 0 L 3
10 0 U -1
11 1 L 9
12 0 L -1
13 1 L 12
14 0 U 13
15 1 U 10
16 0 U -1
17 0 U 16
18 1 L 11
19 0 U 4
20 1 U 2
21 0 L 19
22 0 U 12
23 0 U 1
24 1 U -1
25 0 U 12
26 1 U 14
27 0 U 18
28 0 U 9
29 1 U -1
30 1 U 22
31 1 U 19
32 1 U 21
33 1 U 5
34 1 U 33
35 1 U 9
36 0 L 26
37 1 U -1
38 1 U -1
39 1 L 26
40 1 U 28
41 0 U 28
42 1 U 31
43 1 U 23
44 0 U 42
45 1 U 37
46 0 L 3
47 0 U 16
48 1 U 2
49 0 U 12
50 0 L 49
51 0 L 24
52 1 U 8
53 0 U 3
54 0 U 37
55 1 U 50
56 1 L 55
57
0 0 U -1
1 1 L -1
2 0 L -1
3 0 L -1
4 0 L -1
5 1 L 1
6 1 U -1
7 0 L 3
8 0 L -1
9 1 L 3
10 0 U -1
11 1 L 5
12 0 L -1
13 0 L 12
14 1 U 13
15 1 U 10
16 0 U -1
17 0 U 16
18 1 L 11
19 0 U 4
20 0 U 2
21 0 L 19
22 0 U 12
23 0 U 1
24 1 U -1
25 0 U 12
26 1 U 14
27 0 U 11
28 1 U 9
29 1 U -1
30 1 U 22
31 1 U 19
32 1 U 21
33 1 U 1
34 1 U 33
35 0 U 11
36 0 L 26
37 1 U -1
38 1 U -1
39 1 L 26
40 1 U 13
41 1 U 13
42 1 U 31
43 1 U 23
44 0 U 42
45 1 U 37
46 0 L 3
47 0 U 16
48 1 U 2
49 0 U 12
50 1 L 49
51 0 L 24
52 0 U 13
53 0 U 41
54 0 U 16
55 1 U 50
56 1 L 55
57
0 0 U -1
1 1 L -1
2 0 L -1
3 0 L -1
4 0 L -1
5 1 L 1
6 1 U -1
7 0 L 3
8 0 L -1
9 1 L 1
10 0 U -1
11 1 L 9
12 0 L -1
13 0 L 0
14 0 U 8
15 1 U 10
16 0 U -1
17 0 U 16
18 1 L 11
19 0 U 4
20 0 U 2
21 0 L 19
22 0 U 12
23 0 U 5
24 1 U -1
25 0 U 12
26 1 U 14
27 0 U 11
28 1 U 9
29 1 U -1
30 1 U 22
31 1 U 19
32 1 U 21
33 1 U 1
34 1 U 33
35 1 U 18
36 0 L 26
37 1 U -1
38 1 U -1
39 1 L 13
40 1 U 13
41 1 U 13
42 1 U 31
43 1 U 33
44 0 U 36
45 1 U 37
46 0 L 30
47 0 U 37
48 0 U 15
49 0 U 12
50 0 L 49
51 0 L 24
52 1 U 28
53 0 U 31
54 0 U 38
55 1 U 50
56 1 L 55
57
0 0 U -1
1 1 L -1
2 0 L -1
3 0 L -1
4 0 L -1
5 1 L 1
6 1 U -1
7 0 L 3
8 0 L -1
9 1 L 1
10 0 U -1
11 1 L 9
12 0 L -1
13 0 L 0
14 0 U 8
15 1 U 10
16 0 U -1
17 0 U 16
18 1 L 11
19 0 U 4
20 0 U 15
21 0 L 19
22 0 U 12
23 0 U 5
24 1 U -1
25 0 U 12
26 1 U 14
27 0 U 18
28 1 U 9
29 1 U -1
30 1 U 22
31 1 U 19
32 1 U 21
33 1 U 1
34 1 U 33
35 0 U 18
36 0 L 26
37 1 U -1
38 1 U -1
39 1 L 13
40 1 U 13
41 1 U 8
42 1 U 31
43 1 U 17
44 0 U 36
45 1 U 37
46 0 L 12
47 0 U 37
48 0 U 17
49 0 U 12
50 0 L 49
51 0 L 44
52 1 U 28
53 0 U 41
54 0 U 38
55 1 U 50
56 1 L 55
57
0 0 L -1
1 1 L -1
2 0 L -1
3 0 L -1
4 0 L -1
5 1 L 1
6 1 U -1
7 0 L 3
8 0 L -1
9 1 L 3
10 0 U -1
11 1 L 9
12 0 L -1
13 0 L 0
14 1 U 8
15 1 U 10
16 0 U -1
17 0 U 16
18 1 L 11
19 0 U 4
20 0 U 7
21 1 L 19
22 0 U 12
23 0 U 5
24 1 U -1
25 0 U 12
26 1 U 14
27 0 U 18
28 0 U 9
29 1 U -1
30 1 U 22
31 1 U 19
32 1 U 21
33 1 U 1
34 1 U 33
35 1 U 3
36 0 L 26
37 1 U -1
38 1 U -1
39 1 L 13
40 1 U 13
41 0 U 28
42 1 U 31
43 0 U 17
44 1 U 42
45 1 U 37
46 0 L 3
47 0 U 37
48 0 U 15
49 0 U 12
50 0 L 49
51 0 L 44
52 1 U 35
53 0 U 41
54 0 U 37
55 1 U 25
56 1 L 55
57
0 0 L -1
1 1 L -1
2 0 L -1
3 0 L -1
4 0 L -1
5 1 L 1
6 1 U -1
7 0 L 3
8 0 L -1
9 1 L 3
10 0 U -1
11 1 L 9
12 0 L -1
13 0 L 0
14 0 U 13
15 1 U 10
16 0 U -1
17 0 U 16
18 1 L 11
19 0 U 4
20 0 U 15
21 1 L 19
22 0 U 12
23 1 U 5
24 1 U -1
25 0 U 12
26 1 U 14
27 0 U 9
28 1 U 9
29 1 U -1
30 1 U 22
31 1 U 19
32 1 U 13
33 1 U 5
34 1 U 33
35 0 U 20
36 0 L 26
37 1 U -1
38 1 U -1
39 1 L 13
40 1 U 28
41 1 U 28
42 1 U 31
43 0 U 17
44 0 U 42
45 1 U 37
46 0 L 3
47 1 U 16
48 1 U 17
49 0 U 31
50 0 L 49
51 0 L 24
52 1 U 8
53 0 U 40
54 0 U 37
55 1 U 25
56 1 U 42
57
0 0 L -1
1 1 L -1
2 0 L -1
3 0 L -1
4 0 L -1
5 1 L 1
6 1 U -1
7 0 L 3
8 0 L -1
9 1 L 1
10 0 U -1
11 1 L 9
12 0 L -1
13 0 L 12
14 1 U 13
15 1 U 10
16 0 U -1
17 0 U 16
18 1 L 11
19 0 U 4
20 0 U 17
21 1 L 19
22 0 U 12
23 1 U 10
24 1 U -1
25 0 U 12
26 1 U 14
27 0 U 3
28 1 U 9
29 1 U -1
30 1 U 22
31 1 U 19
32 1 U 13
33 1 U 5
34 1 U 33
35 1 U 18
36 0 L 26
37 1 U -1
38 1 U -1
39 1 L 7
40 1 U 28
41 1 U 13
42 1 U 40
43 1 U 7
44 0 U 36
45 1 U 37
46 0 L 12
47 1 U 16
48 0 U 7
49 0 U 31
50 0 L 49
51 0 L 24
52 0 U 13
53 0 U 52
54 0 U 37
55 1 U 42
56 1 U 25
57
0 0 U -1
1 1 L -1
2 0 L -1
3 0 L -1
4 0 L -1
5 1 L 1
6 1 U -1
7 0 L 3
8 0 L -1
9 1 L 3
10 0 U -1
11 1 L 5
12 0 L -1
13 1 L 0
14 0 U 13
15 1 U 10
16 0 U -1
17 0 U 10
18 1 L 11
19 1 U 4
20 0 U 15
21 1 L 19
22 0 U 12
23 1 U 10
24 1 U -1
25 0 U 12
26 1 U 14
27 1 U 20
28 1 U 9
29 1 U -1
30 1 U 22
31 0 U 19
32 1 U 28
33 1 U 1
34 1 U 33
35 1 U 9
36 0 L 26
37 1 U -1
38 1 U -1
39 1 L 6
40 1 U 28
41 1 U 28
42 1 U 40
43 1 U 15
44 0 U 42
45 1 U 37
46 0 L 12
47 0 U 24
48 1 U 2
49 0 U 14
50 0 L 49
51 0 L 42
52 0 U 13
53 0 U 40
54 0 U 37
55 1 U 42
56 1 U 50
57
0 0 L -1
1 1 L -1
2 0 L -1
3 0 L -1
4 0 L -1
5 1 L 1
6 1 U -1
7 0 L 3
8 0 L -1
9 1 L 0
10 0 U -1
11 1 L 9
12 0 L -1
13 1 L 0
14 0 U 13
15 1 U 10
16 0 U -1
17 0 U 10
18 1 L 11
19 1 U 4
20 0 U 15
21 1 L 11
22 0 U 12
23 1 U 10
24 1 U -1
25 0 U 12
26 1 U 14
27 0 U 9
28 1 U 9
29 1 U -1
30 1 U 22
31 1 U 19
32 1 U 8
33 1 U 5
34 1 U 33
35 0 U 18
36 0 L 26
37 1 U -1
38 1 U -1
39 1 L 6
40 1 U 28
41 1 U 28
42 1 U 14
43 1 U 7
44 1 U 42
45 1 U 37
46 0 L 12
47 0 U 10
48 1 U 33
49 0 U 40
50 1 L 49
51 1 L 42
52 1 U 28
53 0 U 12
54 0 U 24
55 1 U 36
56 1 U 25
57
0 0 U -1
1 1 L -1
2 0 L -1
3 0 L -1
4 0 L -1
5 1 L 1
6 1 U -1
7 0 L 3
8 0 L -1
9 0 L 1
10 0 U -1
11 1 L 9
12 0 L -1
13 1 L 12
14 0 U 13
15 1 U 10
16 0 U -1
17 0 U 16
18 1 L 11
19 0 U 4
20 0 U 15
21 0 L 11
22 0 U 12
23 1 U 10
24 1 U -1
25 0 U 12
26 1 U 14
27 1 U 9
28 0 U 9
29 1 U -1
30 1 U 22
31 1 U 19
32 0 U 8
33 1 U 5
34 1 U 2
35 1 U 11
36 0 L 26
37 1 U -1
38 1 U -1
39 1 L 6
40 1 U 28
41 1 U 28
42 1 U 40
43 1 U 2
44 0 U 36
45 1 U 37
46 0 L 12
47 1 U 16
48 0 U 33
49 0 U 40
50 0 L 49
51 0 L 42
52 1 U 28
53 0 U 12
54 0 U 38
55 1 U 25
56 1 U 50
57
0 0 L -1
1 1 L -1
2 0 L -1
3 0 L -1
4 0 L -1
5 1 L 1
6 1 U -1
7 0 L 3
8 0 L -1
9 1 L 0
10 0 U -1
11 1 L 9
12 0 L -1
13 0 L 12
14 0 U 8
15 1 U 10
16 0 U -1
17 0 U 16
18 1 L 11
19 0 U 4
20 1 U 7
21 1 L 19
22 0 U 12
23 1 U 10
24 1 U -1
25 0 U 12
26 1 U 14
27 1 U 9
28 1 U 9
29 1 U -1
30 1 U 22
31 1 U 19
32 1 U 13
33 1 U 5
34 1 U 2
35 1 U 11
36 0 L 26
37 1 U -1
38 1 U -1
39 1 L 26
40 1 U 28
41 1 U 28
42 1 U 40
43 0 U 17
44 0 U 36
45 1 U 37
46 0 L 3
47 1 U 24
48 0 U 2
49 0 U 40
50 0 L 49
51 0 L 42
52 1 U 13
53 0 U 52
54 0 U 38
55 1 U 42
56 1 L 50
57
0 0 L -1
1 1 L -1
2 0 L -1
3 0 L -1
4 0 L -1
5 1 L 1
6 1 U -1
7 0 L 3
8 0 L -1
9 1 L 0
10 0 U -1
11 1 L 9
12 0 L -1
13 0 L 12
14 0 U 8
15 1 U 10
16 0 U -1
17 0 U 10
18 1 L 11
19 0 U 4
20 1 U 2
21 1 L 11
22 0 U 12
23 1 U 10
24 1 U -1
25 0 U 12
26 1 U 14
27 1 U 9
28 1 U 9
29 1 U -1
30 1 U 22
31 1 U 19
32 1 U 8
33 1 U 5
34 1 U 2
35 1 U 9
36 0 L 26
37 1 U -1
38 1 U -1
39 1 L 7
40 1 U 28
41 1 U 28
42 1 U 40
43 0 U 2
44 0 U 42
45 1 U 37
46 0 L 12
47 0 U 37
48 0 U 23
49 0 U 40
50 0 L 49
51 0 L 42
52 0 U 13
53 0 U 24
54 0 U 48
55 1 U 42
56 0 U 50
57
0 0 U -1
1 1 L -1
2 0 L -1
3 0 L -1
4 0 L -1
5 1 L 1
6 1 U -1
7 0 L 3
8 0 L -1
9 1 L 0
10 0 U -1
11 1 L 9
12 0 L -1
13 0 L 12
14 1 U 8
15 0 U 5
16 0 U -1
17 0 U 10
18 1 L 11
19 0 U 4
20 1 U 7
21 1 L 11
22 0 U 12
23 1 U 10
24 1 U -1
25 0 U 12
26 1 U 14
27 1 U 9
28 1 U 9
29 0 U -1
30 1 U 22
31 1 U 19
32 1 U 8
33 1 U 5
34 1 U 33
35 1 U 18
36 0 L 26
37 1 U -1
38 1 U -1
39 1 L 6
40 1 U 8
41 1 U 28
42 1 U 40
43 0 U 2
44 0 U 42
45 1 U 37
46 0 L 30
47 1 U 37
48 0 U 23
49 0 U 40
50 1 L 49
51 0 L 42
52 1 U 13
53 0 U 32
54 0 U 48
55 1 U 42
56 1 U 36
57
0 0 U -1
1 1 L -1
2 0 L -1
3 0 L -1
4 0 L -1
5 1 L 1
6 1 U -1
7 0 L 3
8 0 L -1
9 1 L 0
10 0 U -1
11 1 L 9
12 0 L -1
13 0 L 12
14 1 U 13
15 0 U 1
16 0 U -1
17 0 U 10
18 1 L 11
19 0 U 4
20 1 U 7
21 1 L 11
22 0 U 12
23 0 U 10
24 1 U -1
25 0 U 12
26 1 U 14
27 1 U 11
28 1 U 9
29 0 U -1
30 1 U 22
31 1 U 19
32 1 U 27
33 1 U 5
34 1 U 33
35 1 U 11
36 0 L 26
37 1 U -1
38 1 U -1
39 1 L 7
40 1 U 8
41 1 U 28
42 1 U 40
43 0 U 2
44 0 U 36
45 1 U 37
46 0 L 30
47 0 U 37
48 0 U 23
49 0 U 40
50 1 L 49
51 0 L 42
52 1 U 27
53 0 U 32
54 0 U 48
55 1 U 36
56 1 U 36
57
0 0 U -1
1 1 L -1
2 0 L -1
3 0 L -1
4 0 L -1
5 1 L 1
6 1 U -1
7 0 L 0
8 0 L -1
9 0 L 3
10 0 U -1
11 1 L 9
12 0 L -1
13 1 L 1
14 1 U 13
15 1 U 10
16 0 U -1
17 0 U 16
18 1 L 11
19 0 U 4
20 1 U 7
21 0 L 19
22 0 U 12
23 1 U 5
24 1 U -1
25 0 U 12
26 1 U 14
27 1 U 11
28 0 U 9
29 0 U -1
30 1 U 22
31 1 U 19
32 1 U 21
33 1 U 5
34 1 U 2
35 1 U 34
36 0 L 26
37 1 U -1
38 1 U -1
39 1 L 14
40 1 U 8
41 0 U 27
42 1 U 40
43 0 U 23
44 0 U 36
45 1 U 37
46 0 L 30
47 0 U 37
48 1 U 23
49 0 U 40
50 1 L 49
51 0 L 42
52 0 U 13
53 0 U 32
54 0 U 48
55 1 U 25
56 1 U 50
57
0 0 U -1
1 1 L -1
2 0 L -1
3 0 L -1
4 0 L -1
5 1 L 1
6 1 U -1
7 0 L 0
8 0 L -1
9 0 L 3
10 0 U -1
11 1 L 9
12 0 L -1
13 1 L 0
14 1 U 13
15 1 U 10
16 0 U -1
17 0 U 16
18 1 L 11
19 0 U 4
20 1 U 7
21 1 L 19
22 0 U 12
23 1 U 5
24 1 U -1
25 0 U 12
26 1 U 14
27 1 U 11
28 0 U 9
29 0 U -1
30 1 U 22
31 1 U 19
32 1 U 8
33 1 U 5
34 1 U 33
35 1 U 11
36 0 L 26
37 1 U -1
38 1 U -1
39 1 L 14
40 1 U 8
41 0 U 27
42 1 U 40
43 0 U 33
44 0 U 36
45 1 U 37
46 0 L 8
47 0 U 16
48 1 U 15
49 0 U 40
50 1 L 49
51 0 L 42
52 0 U 13
53 0 U 32
54 0 U 20
55 1 U 42
56 1 U 50
57
0 0 U -1
1 1 L -1
2 0 L -1
3 0 L -1
4 0 L -1
5 1 L 1
6 1 U -1
7 0 L 0
8 0 L -1
9 0 L 3
10 0 U -1
11 1 L 9
12 0 L -1
13 1 L 12
14 1 U 13
15 1 U 10
16 0 U -1
17 0 U 16
18 1 L 11
19 0 U 4
20 1 U 7
21 1 L 11
22 0 U 12
23 1 U 5
24 1 U -1
25 0 U 12
26 1 U 14
27 1 U 11
28 0 U 9
29 0 U -1
30 1 U 22
31 1 U 19
32 1 U 8
33 0 U 10
34 1 U 33
35 0 U 11
36 0 L 26
37 1 U -1
38 1 U -1
39 1 L 26
40 1 U 13
41 0 U 21
42 1 U 40
43 0 U 23
44 0 U 36
45 0 U 37
46 0 L 12
47 1 U 29
48 1 U 15
49 0 U 40
50 1 L 49
51 0 L 42
52 0 U 13
53 0 U 41
54 0 U 20
55 1 U 25
56 1 U 25
57
0 0 L -1
1 1 L -1
2 0 L -1
3 0 L -1
4 0 L -1
5 1 L 1
6 1 U -1
7 0 L 1
8 0 L -1
9 0 L 3
10 0 U -1
11 1 L 9
12 0 L -1
13 1 L 1
14 0 U 13
15 1 U 10
16 0 U -1
17 0 U 16
18 1 L 11
19 0 U 4
20 1 U 17
21 1 L 19
22 0 U 12
23 1 U 10
24 1 U -1
25 0 U 12
26 1 U 14
27 1 U 9
28 0 U 9
29 0 U -1
30 1 U 22
31 1 U 19
32 1 U 13
33 0 U 10
34 1 U 2
35 0 U 34
36 0 L 26
37 1 U -1
38 1 U -1
39 1 L 14
40 1 U 13
41 0 U 21
42 1 U 40
43 0 U 23
44 0 U 36
45 0 U 37
46 0 L 8
47 0 U 29
48 0 U 23
49 0 U 12
50 1 L 49
51 0 L 42
52 0 U 13
53 0 U 41
54 0 U 20
55 1 U 25
56 1 U 49
57
0 0 L -1
1 1 L -1
2 0 L -1
3 0 L -1
4 0 L -1
5 1 L 1
6 1 U -1
7 0 L 1
8 0 L -1
9 0 L 0
10 0 U -1
11 1 L 9
12 0 L -1
13 1 L 0
14 0 U 13
15 1 U 10
16 0 U -1
17 0 U 16
18 1 L 11
19 0 U 4
20 1 U 17
21 1 L 19
22 0 U 12
23 1 U 10
24 1 U -1
25 0 U 12
26 1 U 14
27 1 U 3
28 0 U 3
29 0 U -1
30 1 U 22
31 1 U 19
32 1 U 8
33 1 U 10
34 1 U 2
35 0 U 20
36 0 L 26
37 1 U -1
38 1 U -1
39 1 L 14
40 1 U 13
41 0 U 21
42 1 U 40
43 0 U 23
44 0 U 36
45 0 U 37
46 0 L 30
47 0 U 29
48 0 U 23
49 0 U 12
50 1 L 49
51 0 L 42
52 0 U 13
53 0 U 14
54 0 U 20
55 1 U 42
56 1 U 49
57
0 0 L -1
1 1 L -1
2 0 L -1
3 0 L -1
4 0 L -1
5 1 L 1
6 1 U -1
7 0 L 1
8 0 L -1
9 0 L 1
10 0 U -1
11 1 L 9
12 0 L -1
13 1 L 12
14 0 U 13
15 1 U 10
16 0 U -1
17 0 U 16
18 1 L 11
19 0 U 4
20 0 U 17
21 0 L 19
22 0 U 12
23 1 U 10
24 1 U -1
25 0 U 12
26 1 U 14
27 1 U 3
28 0 U 3
29 0 U -1
30 1 U 22
31 1 U 19
32 1 U 21
33 0 U 29
34 1 U 17
35 0 U 9
36 0 L 26
37 1 U -1
38 1 U -1
39 1 L 7
40 1 U 13
41 0 U 28
42 1 U 40
43 0 U 23
44 0 U 36
45 0 U 37
46 0 L 12
47 1 U 37
48 1 U 23
49 0 U 12
50 1 L 49
51 0 L 42
52 0 U 13
53 0 U 14
54 0 U 34
55 1 U 25
56 1 L 50
57
0 0 U -1
1 1 L -1
2 0 L -1
3 0 L -1
4 0 L -1
5 1 L 1
6 1 U -1
7 0 L 0
8 0 L -1
9 1 L 3
10 0 U -1
11 1 L 9
12 0 L -1
13 1 L 12
14 1 U 13
15 1 U 10
16 0 U -1
17 0 U 16
18 1 L 11
19 0 U 4
20 0 U 17
21 1 L 19
22 0 U 12
23 1 U 10
24 1 U -1
25 0 U 12
26 1 U 14
27 1 U 18
28 0 U 3
29 0 U -1
30 1 U 22
31 1 U 19
32 1 U 13
33 0 U 29
34 1 U 15
35 0 U 11
36 0 L 26
37 1 U -1
38 1 U -1
39 1 L 14
40 1 U 13
41 0 U 21
42 1 U 40
43 0 U 33
44 0 U 36
45 0 U 37
46 0 L 3
47 0 U 37
48 1 U 17
49 0 U 40
50 1 L 49
51 0 L 42
52 0 U 8
53 0 U 32
54 0 U 48
55 1 U 50
56 1 L 50
57
0 0 L -1
1 1 L -1
2 0 L -1
3 0 L -1
4 0 L -1
5 1 L 1
6 1 U -1
7 0 L 0
8 0 L -1
9 0 L 1
10 0 U -1
11 1 L 9
12 0 L -1
13 1 L 12
14 1 U 13
15 1 U 10
16 0 U -1
17 0 U 16
18 1 L 11
19 0 U 4
20 1 U 7
21 1 L 19
22 0 U 12
23 1 U 10
24 1 U -1
25 0 U 12
26 1 U 14
27 0 U 20
28 0 U 9
29 0 U -1
30 1 U 22
31 1 U 19
32 0 U 13
33 0 U 29
34 1 U 23
35 1 U 3
36 0 L 26
37 1 U -1
38 1 U -1
39 1 L 13
40 1 U 13
41 0 U 21
42 1 U 40
43 0 U 33
44 0 U 42
45 0 U 37
46 0 L 3
47 0 U 37
48 0 U 23
49 0 U 40
50 1 L 49
51 0 L 42
52 1 U 28
53 0 U 12
54 0 U 48
55 1 U 36
56 1 U 53
57
0 0 L -1
1 1 L -1
2 0 L -1
3 0 L -1
4 0 L -1
5 1 L 1
6 1 U -1
7 0 L 0
8 0 L -1
9 1 L 1
10 0 U -1
11 1 L 9
12 0 L -1
13 1 L 12
14 0 U 13
15 1 U 10
16 0 U -1
17 0 U 16
18 1 L 11
19 0 U 4
20 0 U 2
21 1 L 15
22 0 U 12
23 1 U 10
24 1 U -1
25 0 U 12
26 1 U 14
27 1 U 20
28 1 U 9
29 0 U -1
30 1 U 22
31 1 U 19
32 0 U 27
33 0 U 29
34 1 U 15
35 1 U 9
36 0 L 26
37 1 U -1
38 1 U -1
39 1 L 14
40 1 U 13
41 0 U 21
42 1 U 40
43 1 U 23
44 0 U 36
45 0 U 29
46 0 L 12
47 1 U 29
48 0 U 23
49 0 U 40
50 1 L 49
51 0 L 42
52 1 U 28
53 0 U 31
54 0 U 48
55 1 U 42
56 1 U 53
57
0 0 L -1
1 1 L -1
2 0 L -1
3 0 L -1
4 0 L -1
5 1 L 1
6 1 U -1
7 0 L 0
8 0 L -1
9 1 L 3
10 0 U -1
11 1 L 5
12 0 L -1
13 1 L 12
14 1 U 13
15 1 U 10
16 0 U -1
17 0 U 16
18 1 L 11
19 0 U 4
20 0 U 2
21 1 L 15
22 0 U 12
23 1 U 10
24 1 U -1
25 0 U 12
26 1 U 14
27 1 U 20
28 0 U 3
29 0 U -1
30 1 U 22
31 1 U 19
32 0 U 27
33 0 U 16
34 1 U 15
35 0 U 9
36 0 L 26
37 1 U -1
38 1 U -1
39 1 L 7
40 1 U 13
41 0 U 21
42 1 U 40
43 1 U 7
44 0 U 36
45 0 U 37
46 0 L 12
47 1 U 37
48 1 U 15
49 0 U 40
50 1 L 49
51 0 L 42
52 1 U 8
53 0 U 31
54 0 U 48
55 1 U 25
56 1 U 26
57
0 0 U -1
1 1 L -1
2 0 L -1
3 0 L -1
4 0 L -1
5 1 L 1
6 1 U -1
7 0 L 1
8 0 L -1
9 0 L 3
10 0 U -1
11 1 L 5
12 0 L -1
13 1 L 12
14 1 U 13
15 1 U 10
16 0 U -1
17 0 U 16
18 1 L 11
19 0 U 4
20 0 U 2
21 1 L 19
22 0 U 12
23 0 U 10
24 1 U -1
25 0 U 12
26 1 U 14
27 1 U 20
28 0 U 3
29 0 U -1
30 1 U 22
31 1 U 19
32 1 U 13
33 0 U 16
34 1 U 2
35 0 U 20
36 0 L 26
37 1 U -1
38 1 U -1
39 1 L 14
40 1 U 13
41 0 U 21
42 1 U 40
43 1 U 23
44 0 U 42
45 0 U 29
46 0 L 8
47 0 U 37
48 1 U 15
49 0 U 40
50 1 L 49
51 0 L 42
52 0 U 8
53 0 U 41
54 0 U 48
55 1 U 36
56 1 L 50
57
0 0 U -1
1 1 L -1
2 0 L -1
3 0 L -1
4 0 L -1
5 1 L 1
6 1 U -1
7 0 L 0
8 0 L -1
9 1 L 3
10 0 U -1
11 1 L 5
12 0 L -1
13 1 L 12
14 1 U 13
15 1 U 10
16 0 U -1
17 0 U 16
18 1 L 11
19 0 U 4
20 0 U 2
21 1 L 19
22 0 U 12
23 0 U 5
24 1 U -1
25 0 U 12
26 1 U 14
27 1 U 20
28 0 U 9
29 0 U -1
30 1 U 22
31 1 U 19
32 1 U 27
33 0 U 16
34 1 U 7
35 0 U 9
36 0 L 26
37 1 U -1
38 1 U -1
39 1 L 6
40 1 U 13
41 0 U 21
42 1 U 40
43 0 U 23
44 0 U 42
45 0 U 29
46 0 L 8
47 0 U 37
48 1 U 17
49 0 U 12
50 1 L 49
51 0 L 42
52 1 U 8
53 0 U 14
54 0 U 48
55 1 U 50
56 1 U 50
57
0 0 L -1
1 1 L -1
2 0 L -1
3 0 L -1
4 0 L -1
5 1 L 1
6 1 U -1
7 0 L 1
8 0 L -1
9 0 L 3
10 0 U -1
11 1 L 5
12 0 L -1
13 1 L 0
14 1 U 13
15 1 U 10
16 0 U -1
17 0 U 16
18 1 L 11
19 0 U 4
20 0 U 2
21 1 L 19
22 0 U 12
23 1 U 5
24 1 U -1
25 0 U 12
26 1 U 14
27 1 U 20
28 0 U 9
29 0 U -1
30 1 U 22
31 1 U 19
32 0 U 27
33 0 U 24
34 1 U 33
35 1 U 9
36 0 L 26
37 1 U -1
38 1 U -1
39 1 L 13
40 1 U 8
41 0 U 21
42 1 U 40
43 1 U 23
44 1 U 42
45 0 U 29
46 0 L 3
47 0 U 37
48 0 U 47
49 0 U 40
50 1 L 49
51 0 L 42
52 1 U 8
53 0 U 40
54 0 U 48
55 1 U 50
56 1 U 42
57
0 0 U -1
1 1 L -1
2 0 L -1
3 0 L -1
4 0 L -1
5 1 L 1
6 1 U -1
7 0 L 0
8 0 L -1
9 0 L 1
10 0 U -1
11 1 L 9
12 0 L -1
13 1 L 0
14 1 U 13
15 1 U 10
16 0 U -1
17 0 U 10
18 1 L 11
19 0 U 4
20 0 U 2
21 1 L 19
22 0 U 12
23 1 U 5
24 1 U -1
25 0 U 12
26 1 U 14
27 1 U 20
28 0 U 9
29 0 U -1
30 1 U 22
31 1 U 19
32 0 U 13
33 0 U 24
34 1 U 33
35 1 U 3
36 0 L 26
37 1 U -1
38 1 U -1
39 1 L 6
40 1 U 27
41 1 U 21
42 1 U 40
43 0 U 17
44 0 U 42
45 0 U 29
46 0 L 3
47 0 U 37
48 0 U 47
49 0 U 40
50 1 L 49
51 0 L 42
52 1 U 21
53 0 U 41
54 0 U 48
55 1 U 50
56 1 U 50
57
0 0 L -1
1 1 L -1
2 0 L -1
3 0 L -1
4 0 L -1
5 1 L 1
6 1 U -1
7 0 L 0
8 0 L -1
9 0 L 3
10 0 U -1
11 1 L 9
12 0 L -1
13 1 L 1
14 0 U 13
15 1 U 10
16 0 U -1
17 0 U 10
18 1 L 11
19 0 U 4
20 0 U 2
21 1 L 11
22 0 U 12
23 0 U 5
24 1 U -1
25 0 U 12
26 1 U 14
27 1 U 20
28 1 U 9
29 0 U -1
30 1 U 22
31 1 U 19
32 1 U 27
33 0 U 24
34 1 U 2
35 0 U 34
36 0 L 26
37 1 U -1
38 1 U -1
39 1 L 7
40 1 U 27
41 0 U 28
42 1 U 40
43 0 U 17
44 0 U 42
45 0 U 29
46 0 L 30
47 0 U 38
48 0 U 47
49 0 U 40
50 1 L 49
51 0 L 42
52 0 U 21
53 0 U 12
54 0 U 48
55 1 U 42
56 1 L 55
57
0 0 L -1
1 1 L -1
2 0 L -1
3 0 L -1
4 0 L -1
5 1 L 1
6 1 U -1
7 0 L 1
8 0 L -1
9 1 L 3
10 0 U -1
11 1 L 9
12 0 L -1
13 1 L 1
14 0 U 13
15 1 U 10
16 0 U -1
17 0 U 16
18 1 L 11
19 0 U 4
20 0 U 15
21 1 L 11
22 0 U 12
23 1 U 5
24 1 U -1
25 0 U 12
26 1 U 14
27 1 U 20
28 0 U 3
29 0 U -1
30 1 U 22
31 1 U 19
32 1 U 27
33 0 U 16
34 1 U 23
35 1 U 11
36 0 L 26
37 1 U -1
38 0 U -1
39 1 L 14
40 1 U 27
41 0 U 28
42 1 U 31
43 0 U 23
44 0 U 36
45 0 U 10
46 0 L 30
47 1 U 38
48 0 U 45
49 0 U 40
50 1 L 49
51 1 L 42
52 0 U 8
53 0 U 31
54 0 U 48
55 1 U 25
56 0 L 55
57
0 0 L -1
1 1 L -1
2 0 L -1
3 0 L -1
4 0 L -1
5 1 L 1
6 1 U -1
7 0 L 0
8 0 L -1
9 0 L 3
10 0 U -1
11 1 L 9
12 0 L -1
13 1 L 1
14 0 U 13
15 1 U 10
16 0 U -1
17 0 U 16
18 1 L 11
19 0 U 4
20 0 U 7
21 1 L 11
22 0 U 12
23 1 U 5
24 1 U -1
25 0 U 12
26 1 U 14
27 1 U 20
28 0 U 3
29 1 U -1
30 1 U 22
31 1 U 19
32 1 U 27
33 0 U 24
34 1 U 33
35 1 U 11
36 0 L 26
37 1 U -1
38 0 U -1
39 1 L 6
40 1 U 27
41 0 U 28
42 1 U 31
43 0 U 7
44 0 U 36
45 0 U 10
46 0 L 3
47 1 U 38
48 1 U 33
49 0 U 40
50 1 L 49
51 1 L 42
52 0 U 8
53 0 U 31
54 0 U 48
55 1 U 42
56 0 L 55
57
0 0 U -1
1 1 L -1
2 0 L -1
3 0 L -1
4 0 L -1
5 1 L 1
6 1 U -1
7 0 L 0
8 0 L -1
9 0 L 1
10 0 U -1
11 1 L 9
12 0 L -1
13 1 L 1
14 0 U 13
15 1 U 10
16 1 U -1
17 0 U 16
18 1 L 11
19 0 U 4
20 0 U 15
21 0 L 11
22 0 U 12
23 1 U 5
24 1 U -1
25 0 U 12
26 1 U 14
27 1 U 20
28 0 U 9
29 0 U -1
30 1 U 22
31 1 U 19
32 1 U 13
33 0 U 24
34 1 U 7
35 1 U 11
36 0 L 26
37 1 U -1
38 0 U -1
39 1 L 7
40 1 U 21
41 0 U 28
42 1 U 31
43 1 U 23
44 0 U 36
45 0 U 10
46 0 L 30
47 1 U 38
48 1 U 33
49 0 U 40
50 1 L 49
51 1 L 20
52 1 U 27
53 0 U 52
54 0 U 18
55 1 U 42
56 1 L 55
57
0 0 L -1
1 1 L -1
2 0 L -1
3 0 L -1
4 0 L -1
5 1 L 1
6 1 U -1
7 0 L 1
8 0 L -1
9 0 L 3
10 0 U -1
11 1 L 9
12 0 L -1
13 1 L 1
14 1 U 13
15 1 U 10
16 1 U -1
17 0 U 16
18 1 L 11
19 0 U 4
20 0 U 15
21 0 L 11
22 0 U 12
23 1 U 10
24 1 U -1
25 0 U 12
26 1 U 14
27 1 U 20
28 0 U 9
29 0 U -1
30 1 U 22
31 1 U 19
32 1 U 13
33 0 U 24
34 1 U 7
35 1 U 20
36 0 L 26
37 1 U -1
38 0 U -1
39 1 L 6
40 1 U 21
41 0 U 28
42 1 U 32
43 0 U 33
44 1 U 42
45 0 U 10
46 0 L 30
47 1 U 38
48 1 U 33
49 0 U 32
50 1 L 49
51 0 L 20
52 1 U 27
53 0 U 52
54 0 U 48
55 1 U 42
56 1 L 55
57
0 0 L -1
1 1 L -1
2 0 L -1
3 0 L -1
4 0 L -1
5 1 L 1
6 1 U -1
7 0 L 0
8 0 L -1
9 0 L 1
10 0 U -1
11 1 L 9
12 0 L -1
13 1 L 12
14 1 U 13
15 1 U 10
16 1 U -1
17 0 U 16
18 1 L 11
19 1 U 4
20 0 U 15
21 0 L 19
22 0 U 12
23 1 U 10
24 1 U -1
25 0 U 12
26 1 U 14
27 1 U 20
28 0 U 9
29 0 U -1
30 1 U 22
31 0 U 19
32 1 U 8
33 0 U 24
34 1 U 15
35 0 U 20
36 0 L 26
37 1 U -1
38 0 U -1
39 1 L 26
40 1 U 21
41 0 U 28
42 1 U 32
43 1 U 33
44 1 U 25
45 0 U 10
46 0 L 8
47 1 U 10
48 0 U 47
49 0 U 40
50 1 L 49
51 1 L 20
52 1 U 27
53 0 U 52
54 0 U 18
55 1 U 42
56 1 L 55
57
0 0 L -1
1 1 L -1
2 0 L -1
3 0 L -1
4 0 L -1
5 1 L 1
6 1 U -1
7 0 L 1
8 0 L -1
9 0 L 1
10 0 U -1
11 1 L 9
12 0 L -1
13 1 L 12
14 1 U 13
15 1 U 10
16 1 U -1
17 0 U 16
18 1 L 11
19 0 U 4
20 0 U 15
21 0 L 11
22 0 U 12
23 1 U 10
24 1 U -1
25 0 U 12
26 1 U 14
27 0 U 20
28 1 U 3
29 0 U -1
30 1 U 22
31 1 U 19
32 1 U 8
33 0 U 24
34 1 U 15
35 0 U 3
36 0 L 26
37 1 U -1
38 0 U -1
39 1 L 13
40 1 U 21
41 0 U 28
42 1 U 32
43 1 U 33
44 0 U 42
45 0 U 10
46 0 L 8
47 1 U 10
48 0 U 47
49 0 U 40
50 1 L 49
51 1 L 20
52 0 U 8
53 0 U 12
54 0 U 18
55 1 U 36
56 1 L 50
57
0 0 U -1
1 1 L -1
2 0 L -1
3 0 L -1
4 0 L -1
5 1 L 1
6 1 U -1
7 0 L 1
8 0 L -1
9 0 L 3
10 0 U -1
11 1 L 9
12 0 L -1
13 1 L 0
14 0 U 13
15 1 U 10
16 1 U -1
17 0 U 16
18 1 L 11
19 0 U 4
20 0 U 15
21 0 L 19
22 0 U 12
23 1 U 5
24 1 U -1
25 0 U 12
26 1 U 14
27 0 U 20
28 0 U 9
29 0 U -1
30 1 U 22
31 1 U 19
32 1 U 8
33 0 U 10
34 1 U 7
35 1 U 11
36 0 L 26
37 1 U -1
38 0 U -1
39 1 L 6
40 1 U 28
41 0 U 28
42 1 U 32
43 1 U 33
44 0 U 42
45 0 U 38
46 0 L 8
47 1 U 10
48 1 U 47
49 0 U 32
50 1 L 49
51 0 L 20
52 0 U 8
53 0 U 32
54 0 U 18
55 1 U 36
56 1 L 50
57
0 0 U -1
1 1 L -1
2 0 L -1
3 0 L -1
4 0 L -1
5 1 L 1
6 1 U -1
7 0 L 0
8 0 L -1
9 0 L 3
10 0 U -1
11 1 L 9
12 0 L -1
13 1 L 1
14 0 U 13
15 1 U 10
16 0 U -1
17 0 U 16
18 1 L 11
19 0 U 4
20 0 U 7
21 0 L 11
22 0 U 12
23 1 U 5
24 1 U -1
25 0 U 12
26 1 U 14
27 0 U 20
28 1 U 3
29 0 U -1
30 1 U 22
31 1 U 19
32 1 U 8
33 0 U 10
34 1 U 7
35 1 U 9
36 0 L 26
37 1 U -1
38 1 U -1
39 1 L 7
40 1 U 28
41 0 U 28
42 1 U 32
43 0 U 33
44 0 U 42
45 0 U 10
46 0 L 3
47 0 U 38
48 0 U 47
49 0 U 31
50 1 L 49
51 0 L 20
52 0 U 13
53 0 U 14
54 0 U 48
55 1 U 36
56 1 L 50
57
0 0 L -1
1 1 L -1
2 0 L -1
3 0 L -1
4 0 L -1
5 1 L 1
6 1 U -1
7 0 L 0
8 0 L -1
9 1 L 3
10 0 U -1
11 1 L 9
12 0 L -1
13 1 L 0
14 1 U 13
15 1 U 10
16 0 U -1
17 0 U 16
18 1 L 11
19 0 U 4
20 0 U 17
21 0 L 19
22 0 U 12
23 1 U 10
24 1 U -1
25 0 U 12
26 1 U 14
27 0 U 18
28 1 U 3
29 0 U -1
30 1 U 22
31 1 U 19
32 1 U 21
33 0 U 16
34 1 U 7
35 0 U 20
36 0 L 26
37 1 U -1
38 1 U -1
39 1 L 26
40 1 U 28
41 0 U 28
42 1 U 32
43 0 U 17
44 0 U 36
45 0 U 10
46 0 L 8
47 1 U 37
48 0 U 47
49 0 U 41
50 1 L 49
51 1 L 20
52 1 U 21
53 0 U 41
54 0 U 48
55 1 U 36
56 1 U 50
57
0 0 U -1
1 1 L -1
2 0 L -1
3 0 L -1
4 0 L -1
5 1 L 1
6 1 U -1
7 0 U 5
8 0 L -1
9 0 L 3
10 0 U -1
11 1 L 9
12 0 L -1
13 1 L 12
14 1 U 13
15 1 U 10
16 0 U -1
17 0 U 16
18 1 L 11
19 0 U 4
20 0 U 17
21 0 L 19
22 0 U 12
23 0 U 10
24 1 U -1
25 0 U 12
26 1 U 14
27 0 U 18
28 1 U 9
29 0 U -1
30 1 U 22
31 1 U 19
32 1 U 21
33 0 U 16
34 1 U 7
35 1 U 20
36 0 L 26
37 0 U -1
38 0 U -1
39 1 L 26
40 1 U 28
41 0 U 28
42 1 U 32
43 1 U 2
44 0 U 36
45 0 U 10
46 0 L 8
47 0 U 10
48 1 U 47
49 0 U 41
50 1 L 49
51 1 L 20
52 1 U 8
53 0 U 31
54 0 U 48
55 1 U 36
56 1 U 50
57
0 0 L -1
1 1 L -1
2 0 L -1
3 0 L -1
4 0 L -1
5 1 L 1
6 1 U -1
7 0 U 5
8 0 L -1
9 0 L 3
10 0 U -1
11 1 L 9
12 0 L -1
13 1 L 12
14 1 U 13
15 1 U 10
16 0 U -1
17 0 U 16
18 1 L 11
19 1 U 4
20 0 U 17
21 0 L 19
22 0 U 12
23 0 U 10
24 1 U -1
25 0 U 12
26 1 U 14
27 1 U 3
28 1 U 20
29 1 U -1
30 1 U 22
31 1 U 19
32 1 U 8
33 0 U 16
34 1 U 2
35 1 U 3
36 0 L 26
37 1 U -1
38 0 U -1
39 1 L 14
40 1 U 28
41 1 U 28
42 1 U 32
43 1 U 7
44 1 U 36
45 0 U 38
46 0 L 8
47 1 U 38
48 0 U 33
49 0 U 12
50 1 L 49
51 0 L 20
52 0 U 21
53 0 U 40
54 0 U 48
55 1 U 50
56 1 U 26
57
0 0 L -1
1 1 L -1
2 0 L -1
3 0 L -1
4 0 L -1
5 1 L 1
6 1 U -1
7 0 U 5
8 0 L -1
9 0 L 0
10 0 U -1
11 1 L 9
12 0 L -1
13 1 L 12
14 0 U 13
15 1 U 10
16 0 U -1
17 0 U 16
18 1 L 11
19 1 U 4
20 0 U 17
21 0 L 19
22 0 U 12
23 0 U 10
24 1 U -1
25 0 U 12
26 1 U 14
27 1 U 3
28 1 U 9
29 1 U -1
30 1 U 22
31 1 U 19
32 1 U 13
33 0 U 16
34 1 U 2
35 0 U 9
36 0 L 26
37 0 U -1
38 0 U -1
39 1 L 26
40 1 U 28
41 0 U 28
42 1 U 32
43 1 U 33
44 0 U 36
45 0 U 38
46 0 L 8
47 1 U 38
48 0 U 33
49 0 U 41
50 1 L 49
51 0 L 42
52 0 U 21
53 0 U 40
54 0 U 48
55 1 U 50
56 1 U 26
57
0 0 L -1
1 1 L -1
2 0 L -1
3 0 L -1
4 0 L -1
5 1 L 1
6 1 U -1
7 0 U 5
8 0 L -1
9 0 L 3
10 0 U -1
11 1 L 9
12 0 L -1
13 1 L 0
14 0 U 13
15 1 U 10
16 0 U -1
17 0 U 16
18 1 L 11
19 1 U 4
20 1 U 17
21 0 L 19
22 0 U 12
23 1 U 10
24 1 U -1
25 0 U 12
26 1 U 14
27 1 U 3
28 0 U 3
29 0 U -1
30 1 U 22
31 1 U 19
32 1 U 21
33 0 U 24
34 1 U 7
35 1 U 34
36 0 L 26
37 1 U -1
38 1 U -1
39 1 L 7
40 1 U 28
41 0 U 28
42 1 U 32
43 0 U 33
44 0 U 36
45 0 U 24
46 0 L 30
47 0 U 38
48 1 U 17
49 0 U 31
50 1 L 49
51 1 L 42
52 0 U 8
53 0 U 31
54 0 U 48
55 1 U 50
56 1 U 53
57
0 0 L -1
1 1 L -1
2 0 L -1
3 0 L -1
4 0 L -1
5 1 L 1
6 1 U -1
7 0 U 5
8 0 L -1
9 1 L 1
10 0 U -1
11 1 L 9
12 0 L -1
13 1 L 0
14 0 U 13
15 1 U 10
16 0 U -1
17 0 U 16
18 1 L 11
19 0 U 4
20 0 U 17
21 0 L 19
22 0 U 12
23 1 U 10
24 1 U -1
25 0 U 12
26 1 U 14
27 1 U 20
28 0 U 11
29 0 U -1
30 1 U 22
31 1 U 19
32 1 U 21
33 0 U 29
34 1 U 17
35 0 U 18
36 0 L 26
37 1 U -1
38 1 U -1
39 1 L 26
40 1 U 28
41 0 U 28
42 1 U 32
43 0 U 33
44 0 U 25
45 0 U 37
46 0 L 3
47 0 U 38
48 1 U 47
49 0 U 32
50 1 L 49
51 0 L 42
52 0 U 8
53 0 U 32
54 0 U 48
55 1 U 50
56 1 U 53
57
0 0 U -1
1 1 L -1
2 0 L -1
3 0 L -1
4 0 L -1
5 1 L 1
6 1 U -1
7 0 U 5
8 0 L -1
9 0 L 1
10 0 U -1
11 1 L 9
12 0 L -1
13 1 L 0
14 1 U 13
15 1 U 10
16 0 U -1
17 0 U 16
18 0 L 11
19 0 U 4
20 0 U 17
21 1 L 19
22 0 U 12
23 0 U 10
24 1 U -1
25 0 U 12
26 1 U 14
27 1 U 3
28 0 U 11
29 0 U -1
30 1 U 22
31 1 U 19
32 1 U 13
33 0 U 29
34 0 U 33
35 1 U 18
36 0 L 26
37 1 U -1
38 1 U -1
39 1 L 26
40 1 U 28
41 0 U 28
42 1 U 32
43 0 U 33
44 0 U 25
45 0 U 29
46 0 L 30
47 0 U 38
48 1 U 47
49 0 U 31
50 1 L 49
51 0 L 42
52 0 U 27
53 0 U 40
54 0 U 48
55 1 U 36
56 1 U 36
57
0 0 L -1
1 1 L -1
2 0 L -1
3 0 L -1
4 0 L -1
5 1 L 1
6 1 U -1
7 0 U 5
8 0 L -1
9 1 L 3
10 0 U -1
11 1 L 5
12 0 L -1
13 1 L 0
14 1 U 13
15 1 U 10
16 0 U -1
17 0 U 16
18 1 L 11
19 0 U 4
20 0 U 17
21 0 L 11
22 0 U 12
23 0 U 10
24 1 U -1
25 0 U 12
26 1 U 14
27 1 U 20
28 0 U 3
29 0 U -1
30 1 U 22
31 1 U 19
32 1 U 13
33 0 U 29
34 1 U 2
35 0 U 11
36 0 L 26
37 1 U -1
38 1 U -1
39 1 L 26
40 1 U 28
41 0 U 28
42 1 U 32
43 1 U 33
44 0 U 36
45 0 U 29
46 0 L 30
47 1 U 38
48 1 U 47
49 0 U 14
50 1 L 49
51 0 L 42
52 1 U 27
53 0 U 41
54 0 U 43
55 1 U 36
56 1 U 42
57
0 0 L -1
1 1 L -1
2 0 L -1
3 0 L -1
4 0 L -1
5 1 L 1
6 1 U -1
7 0 U 5
8 0 L -1
9 0 L 1
10 0 U -1
11 1 L 9
12 0 L -1
13 1 L 1
14 0 U 13
15 1 U 10
16 0 U -1
17 0 U 16
18 1 L 11
19 0 U 4
20 0 U 17
21 1 L 19
22 0 U 12
23 0 U 10
24 1 U -1
25 0 U 12
26 1 U 14
27 1 U 20
28 1 U 3
29 0 U -1
30 1 U 22
31 1 U 19
32 1 U 13
33 0 U 29
34 1 U 7
35 0 U 34
36 0 L 26
37 1 U -1
38 1 U -1
39 1 L 26
40 1 U 28
41 0 U 28
42 1 U 32
43 0 U 33
44 0 U 25
45 0 U 29
46 0 L 3
47 0 U 38
48 0 U 47
49 0 U 41
50 1 L 49
51 0 L 42
52 0 U 27
53 0 U 40
54 0 U 43
55 1 U 36
56 1 U 25
57
0 0 L -1
1 1 L -1
2 0 L -1
3 0 L -1
4 0 L -1
5 1 L 1
6 1 U -1
7 0 U 5
8 0 L -1
9 0 L 0
10 0 U -1
11 1 L 9
12 0 L -1
13 1 L 1
14 0 U 13
15 1 U 10
16 0 U -1
17 0 U 16
18 1 L 11
19 1 U 4
20 0 U 17
21 0 L 19
22 0 U 12
23 1 U 10
24 1 U -1
25 0 U 12
26 1 U 14
27 1 U 9
28 1 U 3
29 0 U -1
30 1 U 22
31 1 U 19
32 1 U 13
33 0 U 10
34 1 U 2
35 0 U 20
36 0 L 26
37 1 U -1
38 1 U -1
39 1 L 7
40 1 U 28
41 0 U 28
42 1 U 32
43 1 U 17
44 1 U 36
45 0 U 29
46 0 L 12
47 1 U 38
48 1 U 47
49 0 U 41
50 1 L 49
51 1 L 42
52 0 U 13
53 0 U 31
54 0 U 43
55 1 U 50
56 1 L 50
57
0 0 U -1
1 1 L -1
2 0 L -1
3 0 L -1
4 0 L -1
5 1 L 1
6 1 U -1
7 0 U 5
8 0 L -1
9 0 L 1
10 0 U -1
11 1 L 9
12 0 L -1
13 1 L 1
14 1 U 13
15 1 U 10
16 0 U -1
17 0 U 10
18 1 L 11
19 0 U 4
20 0 U 17
21 1 L 19
22 0 U 12
23 1 U 10
24 1 U -1
25 0 U 12
26 1 U 14
27 1 U 20
28 1 U 3
29 0 U -1
30 1 U 22
31 1 U 19
32 1 U 13
33 0 U 24
34 1 U 33
35 0 U 20
36 0 L 26
37 1 U -1
38 1 U -1
39 1 L 7
40 1 U 28
41 0 U 28
42 1 U 32
43 1 U 33
44 1 U 25
45 0 U 10
46 0 L 8
47 0 U 37
48 0 U 33
49 0 U 41
50 1 L 49
51 0 L 42
52 1 U 8
53 0 U 31
54 0 U 48
55 1 U 36
56 1 U 36
57
0 0 L -1
1 1 L -1
2 0 L -1
3 0 L -1
4 0 L -1
5 1 L 1
6 1 U -1
7 0 U 5
8 0 L -1
9 0 L 3
10 0 U -1
11 1 L 5
12 0 L -1
13 1 L 12
14 1 U 13
15 1 U 10
16 0 U -1
17 0 U 16
18 1 L 11
19 0 U 4
20 0 U 17
21 0 L 15
22 0 U 12
23 1 U 10
24 1 U -1
25 0 U 12
26 1 U 14
27 1 U 9
28 0 U 11
29 0 U -1
30 1 U 22
31 1 U 19
32 1 U 21
33 0 U 24
34 1 U 7
35 1 U 11
36 0 L 26
37 1 U -1
38 1 U -1
39 1 L 26
40 1 U 28
41 1 U 28
42 1 U 32
43 0 U 33
44 1 U 25
45 0 U 29
46 0 L 8
47 1 U 37
48 0 U 45
49 0 U 32
50 1 L 49
51 0 L 42
52 1 U 35
53 0 U 52
54 0 U 48
55 1 U 25
56 1 U 50
57
0 0 U -1
1 1 L -1
2 0 L -1
3 0 L -1
4 0 L -1
5 1 L 1
6 1 U -1
7 0 U 5
8 0 L -1
9 0 L 3
10 0 U -1
11 1 L 5
12 0 L -1
13 1 L 12
14 1 U 13
15 1 U 10
16 0 U -1
17 0 U 16
18 1 L 11
19 0 U 4
20 0 U 17
21 0 L 15
22 0 U 12
23 0 U 10
24 1 U -1
25 0 U 12
26 1 U 14
27 1 U 9
28 0 U 20
29 0 U -1
30 1 U 22
31 1 U 19
32 0 U 21
33 0 U 24
34 1 U 2
35 0 U 3
36 0 L 26
37 1 U -1
38 1 U -1
39 1 L 6
40 1 U 28
41 1 U 28
42 1 U 32
43 1 U 33
44 0 U 42
45 0 U 29
46 0 L 3
47 1 U 37
48 1 U 45
49 0 U 14
50 1 L 49
51 1 L 24
52 1 U 35
53 0 U 32
54 0 U 48
55 1 U 36
56 1 U 50
57
0 0 L -1
1 1 L -1
2 0 L -1
3 0 L -1
4 0 L -1
5 1 L 1
6 1 U -1
7 0 U 5
8 0 L -1
9 0 L 1
10 0 U -1
11 1 L 5
12 0 L -1
13 1 L 12
14 1 U 13
15 1 U 10
16 0 U -1
17 0 U 16
18 1 L 11
19 1 U 4
20 0 U 17
21 0 L 11
22 0 U 12
23 0 U 10
24 1 U -1
25 0 U 12
26 1 U 14
27 0 U 11
28 1 U 20
29 0 U -1
30 1 U 22
31 1 U 19
32 1 U 21
33 0 U 24
34 1 U 7
35 0 U 11
36 0 L 26
37 1 U -1
38 1 U -1
39 1 L 6
40 1 U 28
41 0 U 28
42 1 U 32
43 0 U 23
44 0 U 25
45 0 U 29
46 0 L 0
47 1 U 37
48 0 U 45
49 0 U 14
50 1 L 49
51 1 L 24
52 1 U 21
53 0 U 41
54 0 U 48
55 1 U 36
56 1 U 50
57
0 0 U -1
1 1 L -1
2 0 L -1
3 0 L -1
4 0 L -1
5 1 L 1
6 1 U -1
7 0 U 5
8 0 L -1
9 0 L 3
10 0 U -1
11 1 L 5
12 0 L -1
13 1 L 12
14 1 U 13
15 1 U 10
16 0 U -1
17 0 U 16
18 1 L 11
19 0 U 4
20 0 U 17
21 0 L 11
22 0 U 12
23 1 U 10
24 1 U -1
25 0 U 12
26 1 U 14
27 0 U 11
28 0 U 20
29 0 U -1
30 1 U 22
31 1 U 19
32 1 U 8
33 0 U 24
34 1 U 7
35 1 U 9
36 0 L 26
37 1 U -1
38 1 U -1
39 1 L 6
40 1 U 28
41 0 U 28
42 1 U 32
43 0 U 23
44 0 U 25
45 0 U 29
46 0 L 8
47 1 U 37
48 0 U 45
49 0 U 41
50 1 L 49
51 1 L 24
52 0 U 27
53 0 U 12
54 0 U 43
55 1 U 36
56 1 U 50
57
0 0 L -1
1 1 L -1
2 0 L -1
3 0 L -1
4 0 L -1
5 1 L 1
6 1 U -1
7 0 U 5
8 0 L -1
9 0 L 3
10 0 U -1
11 1 L 5
12 0 L -1
13 1 L 1
14 0 U 13
15 1 U 10
16 0 U -1
17 0 U 16
18 1 L 11
19 1 U 4
20 0 U 17
21 0 L 19
22 0 U 12
23 1 U 10
24 1 U -1
25 0 U 12
26 1 U 14
27 0 U 11
28 1 U 20
29 0 U -1
30 1 U 22
31 1 U 19
32 1 U 13
33 0 U 29
34 1 U 7
35 1 U 11
36 0 L 26
37 1 U -1
38 1 U -1
39 1 L 26
40 1 U 28
41 0 U 28
42 1 U 32
43 1 U 23
44 0 U 36
45 0 U 29
46 0 L 30
47 1 U 37
48 0 U 45
49 0 U 31
50 1 L 49
51 1 L 24
52 0 U 28
53 0 U 41
54 1 U 43
55 1 U 36
56 1 U 50
57
0 0 L -1
1 1 L -1
2 0 L -1
3 0 L -1
4 0 L -1
5 1 L 1
6 1 U -1
7 0 U 5
8 0 L -1
9 0 L 3
10 0 U -1
11 1 L 5
12 0 L -1
13 1 L 0
14 1 U 13
15 1 U 10
16 0 U -1
17 0 U 16
18 1 L 11
19 0 U 4
20 0 U 17
21 0 L 11
22 0 U 12
23 1 U 10
24 1 U -1
25 0 U 12
26 1 U 14
27 0 U 20
28 0 U 20
29 0 U -1
30 1 U 22
31 1 U 19
32 0 U 13
33 0 U 10
34 1 U 2
35 1 U 3
36 0 L 26
37 1 U -1
38 1 U -1
39 1 L 26
40 1 U 28
41 0 U 28
42 1 U 32
43 1 U 23
44 0 U 36
45 0 U 29
46 0 L 12
47 1 U 37
48 0 U 45
49 0 U 32
50 1 L 49
51 1 L 24
52 1 U 28
53 0 U 14
54 0 U 43
55 1 U 25
56 1 U 36
57
0 0 L -1
1 1 L -1
2 0 L -1
3 0 L -1
4 0 L -1
5 1 L 1
6 1 U -1
7 0 U 5
8 0 L -1
9 1 L 0
10 0 U -1
11 1 L 9
12 0 L -1
13 1 L 12
14 1 U 13
15 1 U 10
16 0 U -1
17 0 U 16
18 1 L 11
19 0 U 4
20 0 U 17
21 0 L 19
22 0 U 12
23 1 U 10
24 1 U -1
25 0 U 12
26 1 U 14
27 1 U 20
28 0 U 20
29 0 U -1
30 1 U 22
31 1 U 19
32 1 U 8
33 0 U 29
34 1 U 23
35 1 U 11
36 0 L 26
37 1 U -1
38 1 U -1
39 1 L 26
40 1 U 28
41 0 U 28
42 1 U 32
43 0 U 23
44 0 U 36
45 0 U 29
46 0 L 12
47 1 U 37
48 1 U 47
49 0 U 32
50 1 L 49
51 1 L 24
52 0 U 35
53 0 U 31
54 0 U 43
55 1 U 26
56 1 U 50
