79
0 0 U -1
1 0 U -1
2 0 U -1
3 0 U -1
4 0 U -1
5 0 U -1
6 0 U -1
7 0 U -1
8 0 U -1
9 0 U -1
10 0 U -1
11 0 U -1
12 0 U -1
13 0 U -1
14 0 U -1
15 0 U -1
16 0 U -1
17 0 U -1
18 0 U -1
19 0 U -1
20 0 U -1
21 0 U -1
22 0 U -1
23 0 U -1
24 0 U -1
25 0 U -1
26 0 U -1
27 0 U -1
28 0 U -1
29 0 U -1
30 0 U -1
31 0 U -1
32 0 U -1
33 0 U -1
34 0 U -1
35 0 U -1
36 0 U -1
37 0 U -1
38 0 U -1
39 0 U -1
40 0 U -1
41 0 U -1
42 0 U -1
43 0 U -1
44 0 U -1
45 0 U -1
46 0 U -1
47 0 U -1
48 0 U -1
49 0 U -1
50 0 U -1
51 0 U -1
52 0 U -1
53 0 U -1
54 0 U -1
55 0 U -1
56 0 U -1
57 0 U -1
58 0 U -1
59 0 U -1
60 0 U -1
61 0 U -1
62 0 U -1
63 0 U -1
64 0 U -1
65 0 U -1
66 0 U -1
67 0 U -1
68 0 U -1
69 0 U -1
70 0 U -1
71 0 U -1
72 0 U -1
73 0 U -1
74 0 U -1
75 0 U -1
76 0 U -1
77 0 U -1
78 0 U -1
79
0 0 U -1
1 1 L -1
2 1 L -1
3 0 U 0
4 0 U -1
5 1 U -1
6 0 L -1
7 1 U -1
8 0 U 2
9 1 L 4
10 0 U -1
11 1 U 1
12 1 L 6
13 1 L 10
14 1 U 6
15 0 L 10
16 1 U 12
17 1 U 10
18 1 U 11
19 0 U 6
20 0 U 1
21 0 L 1
22 1 U 1
23 1 U 12
24 1 L -1
25 1 U -1
26 1 U 11
27 0 L 26
28 1 L 1
29 0 L 16
30 0 L 5
31 1 U 21
32 0 L 5
33 1 L 24
34 1 U 30
35 1 L 6
36 0 U 9
37 1 L 21
38 0 U 22
39 0 U 0
40 0 U -1
41 1 U -1
42 1 U 27
43 0 L 34
44 1 U -1
45 0 L 31
46 1 U 13
47 0 U 26
48 0 L 43
49 1 U 14
50 0 L 10
51 1 L 44
52 0 L 43
53 0 U 38
54 0 L 18
55 0 U 40
56 1 U 22
57 1 U 19
58 0 L 6
59 1 L 27
60 0 U 15
61 0 L 44
62 0 U 55
63 0 U -1
64 0 U 63
65 1 L 54
66 0 L 56
67 1 L 29
68 0 U 44
69 1 L 23
70 1 U 34
71 0 L 38
72 1 L 22
73 1 L 49
74 1 U -1
75 0 U 25
76 1 L 14
77 0 L 65
78 0 L 8
79
0 0 L -1
1 1 L -1
2 1 L -1
3 0 U 0
4 0 U -1
5 1 U -1
6 1 L -1
7 0 U -1
8 0 U 2
9 1 L 4
10 0 U -1
11 1 U 1
12 1 L 6
13 0 L 10
14 1 U 6
15 0 L 10
16 1 U 6
17 1 U 13
18 1 U 11
19 0 U 12
20 0 U 1
21 0 L 1
22 1 U 1
23 1 U 9
24 1 L -1
25 1 U -1
26 1 U 22
27 0 L 26
28 0 L 12
29 0 L 16
30 0 L 5
31 0 U 21
32 0 L 15
33 1 L 0
34 1 L 30
35 1 L 33
36 1 U 9
37 0 L 0
38 0 U 22
39 0 U 25
40 0 U -1
41 1 U 8
42 0 U 27
43 0 L 34
44 1 U -1
45 0 L 31
46 1 U 25
47 0 U 9
48 1 L 11
49 1 U 14
50 0 U -1
51 0 L 49
52 0 L 19
53 0 U 13
54 0 L 34
55 0 U 40
56 1 U 8
57 0 U 9
58 1 U 46
59 0 L 27
60 1 U 15
61 1 L 44
62 0 U 55
63 1 L -1
64 1 U 37
65 1 L 29
66 0 L 56
67 1 L 29
68 1 U 51
69 1 U 23
70 0 U 34
71 0 L 23
72 0 L 27
73 0 L 70
74 0 U 54
75 1 U 68
76 0 L 22
77 0 L 24
78 0 L 4
79
0 0 L -1
1 1 L -1
2 0 L -1
3 0 U 0
4 0 U -1
5 1 U -1
6 1 L -1
7 0 U -1
8 0 U 2
9 1 L 4
10 0 U -1
11 1 U 1
12 0 L 6
13 0 L 10
14 1 U 12
15 0 L 10
16 1 U 9
17 1 U 7
18 1 U 11
19 0 U 6
20 0 U 3
21 0 L 1
22 1 U 1
23 1 U 9
24 1 L -1
25 1 U -1
26 1 U 22
27 0 L 26
28 1 L 3
29 1 L 16
30 1 L 5
31 0 U 26
32 1 L 13
33 1 L 24
34 0 L 30
35 1 L 33
36 1 U 9
37 0 L 0
38 0 U 22
39 0 U 7
40 0 U -1
41 1 U 8
42 0 U 27
43 0 L 34
44 1 U -1
45 0 L 31
46 0 U 1
47 0 U 27
48 1 L 11
49 0 U 16
50 1 U -1
51 0 L 49
52 1 L 32
53 1 U 0
54 1 L 34
55 0 U 40
56 1 U 8
57 0 U 9
58 0 U 15
59 0 L 44
60 1 U 15
61 1 L 44
62 0 U 55
63 0 L -1
64 1 U 37
65 0 L 29
66 0 L 17
67 1 L 44
68 1 U 40
69 1 U 23
70 1 U 35
71 0 L 64
72 0 L 21
73 1 L 70
74 0 U 38
75 1 U 68
76 0 L 22
77 0 L 24
78 1 L 4
79
0 0 U -1
1 1 L -1
2 0 L -1
3 0 U 0
4 0 U -1
5 1 U -1
6 1 L -1
7 0 U -1
8 0 U 2
9 1 L 4
10 0 U -1
11 0 U 7
12 1 L 6
13 1 L 10
14 1 U 12
15 0 L 10
16 1 U 9
17 1 U 13
18 1 U 8
19 0 U 6
20 0 U 1
21 0 L 1
22 1 U 1
23 1 U 9
24 1 L -1
25 1 U -1
26 1 U 22
27 0 L 26
28 1 L 0
29 0 L 16
30 1 L 5
31 0 U 26
32 1 L 18
33 1 L 24
34 1 L 30
35 1 L 33
36 1 U 26
37 1 U 35
38 0 U 22
39 0 U 7
40 0 U -1
41 1 U 8
42 0 U 27
43 0 L 34
44 1 U -1
45 0 L 31
46 1 U 5
47 0 U 27
48 1 L 11
49 0 U 16
50 0 U -1
51 0 L 48
52 0 L 32
53 1 U 3
54 1 L 52
55 0 U 40
56 1 U 8
57 0 U 9
58 0 U 2
59 0 L 44
60 1 U 39
61 0 L 44
62 0 U 55
63 0 U -1
64 0 L 42
65 1 L 29
66 0 L 17
67 1 L 39
68 1 U 50
69 1 U 14
70 1 U 35
71 0 L 10
72 1 U 21
73 1 L 70
74 1 U 38
75 1 U 68
76 0 L 22
77 0 L 24
78 1 L 4
79
0 0 L -1
1 1 L -1
2 1 L -1
3 0 U 0
4 0 U -1
5 1 U -1
6 1 L -1
7 0 U -1
8 0 U 2
9 1 L 4
10 0 U 5
11 1 U 10
12 1 L 6
13 1 L 10
14 1 U 11
15 0 L 10
16 1 U 9
17 1 U 13
18 1 U 8
19 0 U 6
20 0 U 13
21 0 L 1
22 1 U 1
23 1 U 9
24 1 L -1
25 0 U -1
26 1 U 22
27 0 L 26
28 1 L 2
29 1 L 16
30 0 L 9
31 0 U 26
32 1 L 18
33 1 L 24
34 0 L 30
35 1 L 33
36 1 U 27
37 1 L 2
38 0 U 22
39 0 U 7
40 0 U -1
41 1 U 8
42 0 U 27
43 0 L 34
44 0 U -1
45 0 L 40
46 1 U 5
47 0 U 27
48 1 L 21
49 0 U 16
50 1 U -1
51 0 U -1
52 1 L 32
53 0 U 46
54 1 L 13
55 0 U 40
56 1 U 17
57 0 U 26
58 0 U 18
59 0 L 39
60 0 U 39
61 0 L 34
62 0 U 55
63 0 U -1
64 0 L 46
65 1 L 39
66 1 L 17
67 0 L 11
68 1 U 51
69 1 U 23
70 1 U 35
71 1 L 31
72 1 L 21
73 0 L 70
74 1 U 60
75 1 U 55
76 1 L 71
77 0 L 24
78 1 L 72
79
0 0 U -1
1 1 L -1
2 1 L -1
3 1 U 0
4 0 U -1
5 1 U -1
6 1 L -1
7 0 U -1
8 0 U 2
9 1 L 4
10 0 U 5
11 1 U 10
12 1 L 6
13 1 L 10
14 1 U 12
15 0 L 10
16 0 U 9
17 1 U 7
18 0 U 8
19 0 U 11
20 0 U 5
21 0 L 1
22 1 U 1
23 1 U 9
24 1 L -1
25 0 U -1
26 1 U 22
27 0 L 26
28 1 L 2
29 0 L 10
30 1 L 9
31 1 U 26
32 1 L 15
33 1 L 24
34 0 L 30
35 1 L 33
36 0 U 27
37 0 L -1
38 1 U 22
39 0 U 7
40 1 U -1
41 1 U 8
42 0 U 26
43 1 L 34
44 1 U -1
45 1 L 40
46 1 U 5
47 0 U 38
48 1 L 35
49 0 U 24
50 1 U -1
51 0 U -1
52 0 L 32
53 0 U 46
54 0 L 13
55 0 U 4
56 1 U 17
57 1 U 27
58 0 L 1
59 0 L 39
60 1 U 15
61 0 L 34
62 0 U 55
63 0 U -1
64 0 L 46
65 1 L 39
66 1 L 17
67 0 L 11
68 1 L 51
69 1 U 23
70 1 U 35
71 0 L 31
72 1 L 21
73 1 L 70
74 0 U -1
75 0 U 55
76 1 L 71
77 0 L 33
78 1 L 72
79
0 0 U -1
1 1 L -1
2 1 L -1
3 1 U 1
4 0 U -1
5 1 U -1
6 0 L -1
7 0 U -1
8 0 U 2
9 1 L 4
10 0 U 5
11 1 U 10
12 1 L 6
13 1 L 10
14 1 U 12
15 0 L 10
16 0 U 9
17 1 U 7
18 0 U 8
19 0 U 11
20 0 U 5
21 0 L 1
22 1 U 1
23 1 U 9
24 1 L -1
25 0 U -1
26 0 U 22
27 1 L 26
28 0 L 24
29 0 L 10
30 1 L 9
31 0 U 26
32 1 L 13
33 1 L 24
34 0 L 30
35 1 L 33
36 0 U 19
37 0 U 36
38 1 U 22
39 0 U 7
40 1 U -1
41 1 U 8
42 0 U 18
43 1 L 34
44 1 U -1
45 1 L 40
46 1 U 13
47 0 U 21
48 1 L 35
49 0 U 21
50 1 U -1
51 0 U -1
52 0 L 32
53 1 U 46
54 0 L 37
55 0 U 4
56 1 U 17
57 0 U 27
58 1 L -1
59 0 L 54
60 1 U 15
61 1 L 34
62 0 U 55
63 0 U -1
64 0 L 46
65 1 L 61
66 0 L 17
67 0 L 11
68 1 L 51
69 1 U 29
70 0 U 69
71 1 L 31
72 0 L 21
73 1 L 70
74 0 U 13
75 1 L -1
76 0 L 39
77 0 L 33
78 1 L 5
79
0 0 L -1
1 1 L -1
2 1 L -1
3 0 L 2
4 0 U -1
5 1 U -1
6 0 L -1
7 0 U -1
8 0 U 2
9 1 L 4
10 0 U 0
11 1 U 10
12 1 L 6
13 1 L 10
14 1 U 6
15 0 L 10
16 1 U 9
17 1 U 4
18 0 U 8
19 0 U 11
20 0 U 5
21 0 L 1
22 1 U 1
23 1 U 9
24 1 L -1
25 0 U -1
26 0 U 22
27 1 L 26
28 1 L 15
29 0 L 18
30 0 L 9
31 0 U 26
32 0 L 29
33 1 L 24
34 1 L 30
35 1 L 33
36 0 U 19
37 0 U 5
38 1 U 22
39 0 U 7
40 0 U -1
41 1 U 39
42 0 U 18
43 0 L 16
44 1 L -1
45 0 L 40
46 1 U 0
47 0 U 27
48 1 L 35
49 0 U 19
50 1 U -1
51 0 U -1
52 1 L 32
53 0 U 46
54 0 L 45
55 0 U 4
56 1 U 22
57 1 U 18
58 1 L 55
59 1 L 54
60 0 U 39
61 1 L 16
62 0 U 55
63 0 U -1
64 0 L 53
65 1 L 61
66 0 L 17
67 0 L 11
68 1 L 0
69 1 U 31
70 0 U 69
71 1 L 40
72 0 L 21
73 1 L 70
74 0 U 55
75 1 L -1
76 0 L 39
77 0 L 33
78 1 L 72
79
0 0 L -1
1 1 L -1
2 1 L -1
3 0 L 2
4 0 U -1
5 1 U -1
6 0 L -1
7 0 U -1
8 0 U 2
9 1 L 4
10 0 U 0
11 1 U 10
12 1 L -1
13 1 L 10
14 1 U 6
15 0 L 10
16 1 U 9
17 1 U 4
18 0 U 8
19 0 U 8
20 0 U 5
21 0 L 1
22 1 U 1
23 0 U 19
24 1 L -1
25 0 U -1
26 0 U 22
27 1 L 26
28 0 L 18
29 1 L 18
30 1 L 5
31 0 U 26
32 1 L 29
33 1 L 24
34 0 L 30
35 1 L 33
36 1 U 9
37 0 U 9
38 1 U 22
39 0 U 7
40 0 U -1
41 1 U 22
42 0 U 18
43 0 L 10
44 0 U -1
45 0 L 40
46 1 U 5
47 0 U 41
48 1 L 35
49 0 U 19
50 1 U -1
51 0 L -1
52 0 L 32
53 1 U 46
54 1 L 45
55 0 U 4
56 1 L 22
57 1 U 26
58 0 L 0
59 1 L 54
60 1 L 53
61 1 L 16
62 0 U 55
63 0 U -1
64 0 L 43
65 1 L 61
66 0 L 17
67 0 L 11
68 0 L 51
69 0 U 42
70 0 U 69
71 1 L 52
72 0 L 21
73 0 L 70
74 0 U 22
75 1 L -1
76 0 L 39
77 0 L 33
78 1 L 72
79
0 0 U -1
1 1 L -1
2 1 L -1
3 1 U 0
4 0 U -1
5 1 U -1
6 0 L -1
7 0 U -1
8 0 U 2
9 1 L 4
10 0 U 0
11 1 U 10
12 1 L -1
13 1 L 10
14 1 U 6
15 0 L 10
16 1 U 9
17 1 U 5
18 0 U 8
19 0 U 8
20 0 U 13
21 0 L 1
22 1 U 1
23 0 U 5
24 1 L -1
25 0 U -1
26 1 U 22
27 1 L 26
28 0 L 18
29 1 L 18
30 0 L 5
31 1 U 26
32 0 L 29
33 1 L 24
34 1 L 7
35 1 L 33
36 1 U 9
37 1 U 28
38 1 U 22
39 0 U 7
40 0 U -1
41 1 U 22
42 0 U 18
43 0 L 10
44 0 U -1
45 0 L 40
46 1 U 5
47 0 U 27
48 1 L 35
49 0 U 19
50 0 U -1
51 1 U 25
52 0 L 32
53 1 U 46
54 1 L 45
55 0 U -1
56 1 L 22
57 1 U 18
58 1 L 29
59 1 L 54
60 1 L 53
61 1 L 16
62 1 U 55
63 0 L -1
64 0 L 43
65 0 L 35
66 0 L 32
67 0 L 30
68 1 L 0
69 1 U 14
70 0 U 52
71 1 L 52
72 0 L 21
73 1 L 70
74 1 U 62
75 1 L -1
76 0 L 39
77 1 L 33
78 1 L 72
79
0 0 L -1
1 1 L -1
2 1 L -1
3 1 U 0
4 0 U -1
5 1 U -1
6 0 L -1
7 0 U -1
8 0 U 2
9 1 L 4
10 0 U 0
11 0 U 10
12 1 L -1
13 1 L 10
14 1 U 6
15 0 L 10
16 1 U 12
17 1 U 4
18 0 U 8
19 0 U 8
20 0 U 13
21 0 L 1
22 1 U 1
23 0 U 0
24 1 L -1
25 0 U -1
26 1 U 11
27 0 L 20
28 1 L 18
29 0 L 18
30 0 L 5
31 1 U 26
32 1 L 29
33 1 L 24
34 0 L 7
35 1 L 33
36 1 U 9
37 1 U 28
38 1 U 22
39 0 U 7
40 0 U -1
41 1 U 22
42 0 U 18
43 0 L 10
44 1 U -1
45 0 L 40
46 1 U 44
47 0 U 27
48 1 L 35
49 0 U 19
50 0 U -1
51 0 U -1
52 0 L 32
53 1 U 46
54 1 L 45
55 0 U -1
56 1 L 22
57 1 U 38
58 1 L 8
59 1 L 54
60 1 L 53
61 1 L 10
62 1 U 55
63 0 L -1
64 1 U 39
65 0 L 28
66 0 L 32
67 0 L 30
68 1 L 6
69 1 U 14
70 0 U 52
71 1 L 40
72 1 L 68
73 1 L 70
74 0 U 39
75 1 L -1
76 0 L 39
77 1 L 33
78 1 L 72
79
0 0 U -1
1 1 L -1
2 1 L -1
3 0 U 0
4 0 U -1
5 1 U -1
6 0 L -1
7 0 U -1
8 0 U 2
9 1 L 4
10 0 U 0
11 0 U 10
12 0 L -1
13 1 L 10
14 1 U 6
15 1 L 10
16 1 U 12
17 1 U 4
18 0 U 8
19 0 U 8
20 0 U 5
21 0 L 1
22 1 U 1
23 0 U 0
24 1 L -1
25 0 U -1
26 0 U 11
27 0 L 20
28 1 L 18
29 0 L 18
30 0 L 5
31 1 U 26
32 0 L 29
33 1 L 24
34 1 L 7
35 1 L 33
36 1 U 9
37 1 U 12
38 1 U 22
39 0 U 7
40 0 U -1
41 1 U 8
42 0 U 18
43 0 L 10
44 0 U -1
45 0 L 40
46 1 U 0
47 0 U 27
48 1 L 35
49 1 U 19
50 1 U -1
51 0 U -1
52 0 L 32
53 0 U 1
54 1 L 45
55 0 U -1
56 1 L 22
57 1 U 0
58 0 L 43
59 1 L 54
60 1 L 47
61 1 L 34
62 1 U 40
63 1 L -1
64 1 U 11
65 0 L 61
66 0 L 32
67 0 L 30
68 1 L 6
69 1 U 14
70 0 U 52
71 1 L 40
72 1 L 68
73 1 L 70
74 0 U 2
75 0 L -1
76 0 L 39
77 1 L 33
78 1 L 48
79
0 0 U -1
1 1 L -1
2 1 L -1
3 1 U 0
4 0 U -1
5 1 U -1
6 1 L -1
7 0 U -1
8 0 U 2
9 1 L 4
10 0 U 4
11 0 U 10
12 0 L -1
13 1 L 10
14 1 U 6
15 0 L 10
16 1 U 12
17 1 U 13
18 0 U 8
19 0 U 8
20 0 U 7
21 0 L 1
22 1 U 1
23 0 U 4
24 1 L -1
25 0 U -1
26 1 U 11
27 0 L 20
28 0 L 16
29 0 L 18
30 1 L 5
31 1 U 26
32 1 L 29
33 1 L 24
34 0 L 30
35 1 L 33
36 0 U 9
37 0 U 12
38 1 U 22
39 0 U 7
40 0 U -1
41 1 U 8
42 1 U 18
43 0 L 16
44 0 U -1
45 0 L 40
46 1 U 0
47 0 U 41
48 1 L 4
49 1 U 19
50 1 U -1
51 1 U -1
52 0 L 32
53 1 U 1
54 1 L 45
55 0 L -1
56 1 L 22
57 1 U 23
58 1 L 43
59 1 L 54
60 1 U 47
61 0 L 34
62 1 U 51
63 1 L -1
64 0 U 53
65 1 L 61
66 0 L 32
67 0 L 4
68 1 L 6
69 0 U 14
70 0 U 69
71 1 L 66
72 1 L 68
73 1 L 70
74 0 U 57
75 1 L 30
76 0 L 56
77 1 L 33
78 1 L 5
79
0 0 U -1
1 1 L -1
2 1 L -1
3 1 U 0
4 0 U -1
5 1 U -1
6 0 L -1
7 0 U -1
8 0 U 2
9 1 L 4
10 0 U 4
11 0 U 10
12 0 L -1
13 1 L 10
14 1 U 6
15 1 L 10
16 1 U 12
17 1 U 13
18 0 U 8
19 0 U 8
20 0 U 7
21 0 L 1
22 1 U 1
23 0 U 5
24 1 L -1
25 0 U -1
26 1 U 11
27 0 L 20
28 1 L 16
29 1 L 18
30 0 L 9
31 1 U 26
32 1 L 29
33 1 L 12
34 0 L 30
35 1 L 33
36 0 U 9
37 1 U 26
38 0 U 22
39 0 U 7
40 0 U -1
41 1 U 8
42 1 U 27
43 0 L 16
44 1 U -1
45 0 L 40
46 1 U 4
47 1 U 41
48 1 L 4
49 0 U 6
50 0 U -1
51 0 U -1
52 1 L 32
53 0 U 1
54 1 L 45
55 0 L -1
56 1 L 45
57 1 U 7
58 1 L 43
59 1 L 54
60 1 U 49
61 0 L 18
62 1 U 4
63 1 L -1
64 0 U 57
65 0 L 61
66 0 L 17
67 0 L 4
68 1 L 55
69 0 U 31
70 0 U 69
71 1 L 66
72 0 L 35
73 1 L 70
74 1 U 20
75 0 L 7
76 0 L 56
77 1 L 33
78 1 L 5
79
0 0 U -1
1 1 L -1
2 1 L -1
3 0 U 0
4 0 U -1
5 1 U -1
6 0 L -1
7 0 U -1
8 0 U 2
9 1 L 4
10 0 U 4
11 0 U 10
12 1 L -1
13 1 L 10
14 1 U 11
15 0 L 10
16 1 U 9
17 1 U 5
18 0 U 8
19 1 U 11
20 0 U 7
21 0 L 12
22 1 U 1
23 0 U 4
24 1 L -1
25 0 U -1
26 0 U 11
27 1 L 20
28 1 L 18
29 1 L 18
30 0 L 9
31 1 U 26
32 0 L 29
33 1 L 24
34 0 L 30
35 1 L 33
36 1 U 9
37 1 U 26
38 0 U 22
39 0 U 7
40 0 U -1
41 1 U 8
42 1 L 27
43 0 L 16
44 1 U -1
45 0 L 40
46 1 U 4
47 1 U 27
48 1 L 4
49 1 U 6
50 0 U -1
51 0 L -1
52 1 L 32
53 1 U 1
54 1 L 45
55 0 L -1
56 1 L 27
57 1 U 7
58 1 L 43
59 1 L 54
60 1 U 49
61 0 L 18
62 1 U 40
63 0 L -1
64 0 U 57
65 1 L 61
66 1 L 17
67 0 L 4
68 1 L 55
69 0 U 31
70 0 U 69
71 1 L 66
72 1 L 35
73 1 L 70
74 0 U 57
75 1 L 7
76 0 L 56
77 1 L 33
78 1 L 9
79
0 0 L -1
1 1 L -1
2 1 L -1
3 0 U 0
4 0 U -1
5 1 U -1
6 1 L -1
7 0 U -1
8 0 U 2
9 1 L 4
10 0 U 4
11 0 U 10
12 1 L -1
13 1 L 10
14 1 U 6
15 1 L 10
16 1 U 9
17 1 U 4
18 0 U 11
19 0 U 15
20 0 U 0
21 0 L 12
22 1 U 1
23 0 U 4
24 1 L -1
25 0 U -1
26 0 U 22
27 1 L 20
28 1 L 18
29 0 L 18
30 0 L 9
31 0 U 26
32 1 L 29
33 1 L 24
34 0 L 30
35 1 L 33
36 1 U 26
37 1 U 27
38 0 U 22
39 0 U 7
40 0 U -1
41 1 U 11
42 1 L 27
43 1 L 16
44 0 U -1
45 0 L 40
46 0 U 4
47 1 U 26
48 1 L 21
49 1 U 6
50 0 U -1
51 0 U -1
52 0 L 32
53 1 U 46
54 1 L 45
55 0 L -1
56 1 L 27
57 1 U 44
58 0 L 15
59 1 L 54
60 1 U 36
61 1 L 18
62 1 U 40
63 1 L -1
64 0 U 57
65 0 L 61
66 1 L 17
67 0 L 4
68 1 L 55
69 1 U 16
70 0 U 69
71 1 L 66
72 1 L 35
73 1 L 70
74 0 U 57
75 1 L 7
76 0 L 39
77 1 L 55
78 1 L 9
79
0 0 U -1
1 1 L -1
2 1 L -1
3 0 U 0
4 0 U -1
5 1 U -1
6 0 L -1
7 0 U -1
8 0 U 2
9 1 L 4
10 0 U 0
11 0 U 10
12 1 L -1
13 1 L 10
14 1 U 8
15 1 L 10
16 1 U 9
17 1 U 4
18 0 U 11
19 0 U 15
20 0 U 7
21 0 L 12
22 1 U 1
23 0 U 4
24 1 L -1
25 0 U -1
26 1 U 22
27 1 L 20
28 0 L 18
29 0 L 18
30 0 L 5
31 1 U 26
32 1 L 29
33 1 L 24
34 0 L 30
35 1 L 33
36 1 U 26
37 1 U 12
38 0 U 22
39 0 U 7
40 0 U -1
41 1 U 11
42 1 L 27
43 0 L 16
44 0 U -1
45 0 L 40
46 0 U 0
47 1 U 26
48 1 L 21
49 1 U 19
50 1 U -1
51 0 U -1
52 0 L 32
53 0 U 46
54 1 L 45
55 0 L -1
56 1 L 27
57 1 U 50
58 0 U -1
59 1 L 54
60 0 U 57
61 0 L 18
62 0 U 40
63 0 L -1
64 1 U 62
65 0 L 61
66 1 L 65
67 1 L 4
68 1 L 55
69 1 U 29
70 0 U 69
71 1 L 36
72 0 L 35
73 0 L 70
74 1 U 15
75 1 L 7
76 0 L 39
77 1 U 55
78 1 L 9
79
0 0 U -1
1 1 L -1
2 1 L -1
3 0 U 0
4 0 U -1
5 1 U -1
6 0 L -1
7 0 U -1
8 0 U 2
9 1 L 4
10 0 U 0
11 0 U 10
12 1 L -1
13 1 L 10
14 1 U 11
15 1 L 10
16 1 U 9
17 1 U 4
18 0 U 8
19 0 U 15
20 0 U 7
21 0 L 1
22 1 U 1
23 0 U 5
24 1 L -1
25 0 U -1
26 0 U 22
27 1 L 20
28 0 L 18
29 0 L 18
30 0 L 5
31 1 U 26
32 1 L 29
33 1 L 24
34 0 L 30
35 1 L 33
36 1 U 26
37 1 U 12
38 0 U 22
39 0 U 7
40 0 U -1
41 1 U 11
42 1 L 37
43 1 L 34
44 1 U -1
45 0 L 40
46 0 U 0
47 1 U 41
48 1 L 21
49 1 U 19
50 1 U -1
51 0 U -1
52 1 L 32
53 0 U 46
54 1 L 45
55 0 L -1
56 1 L 27
57 1 U 50
58 1 L 53
59 1 L 54
60 0 U 57
61 0 L 43
62 0 U 40
63 1 L -1
64 1 U 62
65 0 L 61
66 0 L 65
67 1 L 35
68 1 L 55
69 1 U 29
70 0 U 69
71 1 L 36
72 0 L 35
73 0 L 70
74 1 U -1
75 1 L 7
76 0 L 39
77 1 L 33
78 1 L 9
79
0 0 U -1
1 1 L -1
2 1 L -1
3 1 U 0
4 0 U -1
5 1 U -1
6 1 L -1
7 0 U -1
8 0 U 2
9 1 L 4
10 0 U 0
11 0 U 10
12 1 L 11
13 1 L 10
14 1 U 11
15 0 L 10
16 1 U 9
17 1 U 4
18 0 U 11
19 0 U 15
20 0 U 13
21 0 L 1
22 1 U 1
23 0 U 5
24 1 L -1
25 0 U -1
26 1 U 22
27 0 L 20
28 1 L 18
29 0 L 18
30 0 L 11
31 1 U 9
32 1 L 29
33 1 L 24
34 0 L 30
35 1 L 33
36 1 L 26
37 1 U 28
38 0 U 22
39 0 U 7
40 0 U -1
41 1 U 11
42 1 L 37
43 1 L 34
44 0 U -1
45 0 L 40
46 0 U 0
47 0 U 41
48 0 L 21
49 0 U 19
50 1 U -1
51 0 L -1
52 0 L 32
53 1 U 46
54 1 L 45
55 0 L -1
56 1 L 27
57 1 U 50
58 1 U 28
59 1 L 54
60 0 U 57
61 1 L 16
62 0 U 50
63 1 L -1
64 0 L 47
65 0 L 61
66 1 L 65
67 1 L 35
68 1 L 55
69 0 U 29
70 0 U 69
71 0 L 21
72 0 L 35
73 1 L 70
74 1 U 10
75 1 L 7
76 0 L 39
77 1 L 33
78 1 L 9
79
0 0 U -1
1 1 L -1
2 1 L -1
3 1 U 0
4 0 U -1
5 1 U -1
6 1 L -1
7 0 U -1
8 0 U 2
9 1 L 4
10 0 U 0
11 0 U 10
12 1 L 11
13 1 L 10
14 1 U 11
15 0 L 10
16 1 U 9
17 1 U 13
18 0 U 11
19 0 U 15
20 0 U 13
21 0 L 1
22 1 U 3
23 0 U 5
24 1 L -1
25 0 U -1
26 1 U 12
27 0 L 20
28 0 L 18
29 0 L 18
30 0 L 11
31 1 U 26
32 1 L 29
33 1 L 24
34 0 L 30
35 1 L 33
36 1 L 20
37 0 U 28
38 1 U 22
39 0 U 7
40 0 U -1
41 1 U 11
42 1 L 37
43 1 L 34
44 0 U -1
45 0 L 40
46 0 U 0
47 0 U 41
48 0 L 35
49 0 U 19
50 1 U -1
51 0 U -1
52 0 L 32
53 0 U 46
54 1 L 45
55 0 L -1
56 1 L 22
57 0 U 50
58 0 L 43
59 1 L 54
60 0 U 57
61 0 L 16
62 1 U 50
63 1 L -1
64 0 U 16
65 0 L 19
66 1 L 31
67 1 L 35
68 1 L 55
69 0 U 29
70 0 U 69
71 1 L 21
72 1 L 4
73 1 L 70
74 1 U 2
75 1 L 7
76 0 L 39
77 1 L 33
78 1 L 9
79
0 0 U -1
1 1 L -1
2 1 L -1
3 0 U 0
4 0 U -1
5 1 U -1
6 1 L -1
7 0 U -1
8 0 U 2
9 1 L 4
10 0 U 0
11 0 U 10
12 1 L 11
13 1 L 10
14 1 U 11
15 0 L 10
16 1 U 9
17 1 U 5
18 0 U 11
19 0 U 15
20 0 U 0
21 0 L 1
22 1 U 1
23 0 U 0
24 0 L -1
25 0 U -1
26 1 U 22
27 0 L 20
28 1 L 18
29 0 L 18
30 0 L 11
31 1 U 26
32 1 L 29
33 1 L 24
34 0 L 30
35 1 L 33
36 1 L 20
37 1 U 27
38 1 U 22
39 0 U 5
40 0 U -1
41 1 U 8
42 1 L 37
43 1 L 34
44 1 U -1
45 0 L 40
46 0 U 0
47 1 U 41
48 0 L 35
49 0 U 19
50 1 U -1
51 1 U -1
52 1 L 32
53 0 U 46
54 1 L 45
55 0 L -1
56 1 L 22
57 0 U 13
58 1 L 43
59 1 L 54
60 0 U 57
61 1 L 16
62 0 U -1
63 0 L -1
64 0 U 16
65 1 L 19
66 0 L 31
67 1 L 8
68 1 L 55
69 0 U 29
70 0 U 69
71 1 L 4
72 1 L 4
73 1 L 70
74 1 U 17
75 1 L 7
76 0 L 38
77 1 L 33
78 1 L 9
79
0 0 U -1
1 1 L -1
2 1 L -1
3 1 U 0
4 0 U -1
5 1 U -1
6 1 L -1
7 0 U 4
8 0 U 2
9 1 L 4
10 0 U 0
11 0 U 10
12 0 L -1
13 1 L 10
14 1 U 8
15 0 L 10
16 1 U 9
17 1 U 4
18 0 U 15
19 0 U 15
20 0 U 13
21 0 L 2
22 1 U 1
23 0 U 5
24 1 L -1
25 0 U -1
26 1 U 22
27 1 L 20
28 1 L 18
29 0 L 18
30 0 L 11
31 1 U 26
32 1 L 29
33 1 L 24
34 0 L 30
35 0 L 33
36 0 L 20
37 0 U 27
38 1 U 22
39 0 U 5
40 0 U -1
41 1 U 8
42 1 L 37
43 1 L 34
44 1 U -1
45 0 L 40
46 0 U 0
47 0 U 41
48 0 L 4
49 0 U 19
50 1 U -1
51 0 U -1
52 0 L 32
53 0 U 46
54 1 L 45
55 0 L -1
56 1 L 23
57 0 U 44
58 0 L 43
59 1 L 54
60 0 U 46
61 0 L 18
62 1 U -1
63 1 L -1
64 1 U 46
65 0 U 29
66 0 L 31
67 1 L 61
68 1 L 55
69 0 U 29
70 0 U 69
71 0 L 63
72 1 L 21
73 1 L 70
74 1 U 64
75 1 L 7
76 0 L 38
77 0 L 33
78 1 L 9
79
0 0 U -1
1 1 L -1
2 1 L -1
3 1 U 0
4 0 U -1
5 1 U -1
6 1 L -1
7 0 U 4
8 0 U 2
9 1 L 4
10 0 U 0
11 0 U 10
12 0 L 6
13 1 L 10
14 1 U 8
15 0 L 10
16 1 L 5
17 1 U 4
18 0 U 11
19 0 U 15
20 0 U 13
21 0 L 1
22 1 U 1
23 0 U 0
24 1 L -1
25 0 U -1
26 0 U 22
27 1 L 26
28 0 L 16
29 0 L 18
30 0 L 11
31 1 U 26
32 0 L 29
33 0 L 24
34 0 L 30
35 0 L 33
36 1 L 20
37 0 U 9
38 1 U 22
39 0 U 5
40 0 U -1
41 1 U 8
42 1 L 37
43 1 L 34
44 1 U -1
45 0 L 40
46 0 U 0
47 0 U 41
48 0 L 6
49 1 U 6
50 1 U -1
51 0 U -1
52 1 L 32
53 0 U 46
54 1 L 45
55 0 L -1
56 0 L 23
57 0 U 50
58 0 L 5
59 1 L 54
60 0 U 46
61 0 L 18
62 1 U -1
63 1 L -1
64 1 U 3
65 1 U 31
66 0 L 31
67 1 L 43
68 1 L 15
69 1 U 49
70 0 U 69
71 0 L 63
72 0 L 71
73 1 L 70
74 1 U 15
75 1 L 7
76 0 L 56
77 0 L 33
78 1 L 9
79
0 0 L -1
1 1 L -1
2 1 L -1
3 0 U 0
4 0 U -1
5 1 U -1
6 1 L -1
7 0 U 4
8 0 U 2
9 1 L 4
10 0 U 0
11 0 U 10
12 1 L 11
13 1 L 10
14 1 U 8
15 0 L 10
16 1 L 5
17 1 U 0
18 0 U 8
19 1 U 15
20 0 U 5
21 0 L 1
22 1 U 1
23 0 U 0
24 1 L -1
25 0 U -1
26 0 U 22
27 1 L 26
28 1 L 16
29 0 L 18
30 0 L 11
31 1 U 26
32 0 L 29
33 0 L 24
34 0 L 30
35 0 L 33
36 1 L 31
37 1 U 9
38 1 U 22
39 0 U 5
40 0 U -1
41 1 U 8
42 1 L 37
43 1 L 34
44 1 U -1
45 0 L 40
46 0 U 0
47 1 U 26
48 1 L 6
49 1 U 6
50 1 U -1
51 0 U -1
52 0 L 32
53 0 U 46
54 1 L 45
55 1 L -1
56 0 L 23
57 0 U 50
58 1 L 35
59 1 L 54
60 0 U 57
61 0 L 18
62 1 U -1
63 1 L -1
64 1 U 53
65 1 U 31
66 0 L 31
67 1 L 43
68 1 L 66
69 0 U 49
70 0 U 34
71 0 L 43
72 0 L 55
73 1 L 70
74 1 U 12
75 0 L 7
76 0 L 56
77 0 L 72
78 1 L 77
79
0 0 U -1
1 1 L -1
2 1 L -1
3 1 U 0
4 0 U -1
5 1 U -1
6 1 L -1
7 0 U -1
8 0 U 2
9 1 L 4
10 0 U 0
11 0 U 10
12 1 L 11
13 1 L 10
14 1 U 8
15 0 L 10
16 1 L 9
17 1 U 0
18 0 U 8
19 1 U 15
20 0 U 13
21 0 L 2
22 1 U 1
23 0 U 0
24 1 L -1
25 0 U -1
26 0 U 22
27 1 L 26
28 1 L 16
29 0 L 18
30 0 L 11
31 1 U 26
32 0 L 29
33 0 L 24
34 0 L 30
35 0 L 33
36 1 L 31
37 1 U 9
38 1 U 22
39 0 U 5
40 0 U -1
41 1 U 39
42 1 L 37
43 1 L 34
44 1 U -1
45 0 L 40
46 0 U 0
47 1 U 18
48 0 L 0
49 1 U 6
50 1 U -1
51 0 L -1
52 1 L 32
53 0 U 3
54 1 L 45
55 0 L -1
56 0 L 23
57 0 U 50
58 0 L 55
59 1 L 54
60 0 U 57
61 1 L 18
62 1 U -1
63 1 L -1
64 1 U 12
65 0 U 37
66 0 L 31
67 1 L 43
68 1 L 66
69 0 U 49
70 0 U 34
71 0 L 43
72 0 L 0
73 1 L 70
74 1 U 12
75 0 L 7
76 0 L 56
77 1 L 72
78 1 L 35
79
0 0 U -1
1 1 L -1
2 1 L -1
3 0 U 0
4 0 U -1
5 1 U -1
6 1 L -1
7 0 U -1
8 0 U 2
9 1 L 4
10 0 U 0
11 0 U 10
12 1 L 11
13 1 L 10
14 1 U 8
15 0 L 10
16 0 L 9
17 1 U 13
18 0 U 11
19 1 U 15
20 0 U 13
21 0 L 2
22 1 U 1
23 0 U 4
24 1 L -1
25 0 U -1
26 0 U 22
27 1 L 26
28 0 L 16
29 0 L 18
30 0 L 11
31 1 U 26
32 0 L 29
33 0 L 24
34 0 L 30
35 0 L 33
36 0 L 31
37 0 U 26
38 1 U 22
39 0 U 13
40 0 U -1
41 1 U 39
42 1 L 37
43 1 L 34
44 1 U -1
45 0 L 40
46 0 U 0
47 0 U 6
48 0 L 6
49 1 U 6
50 1 U -1
51 0 U -1
52 1 L 32
53 0 U 3
54 1 L 45
55 0 L -1
56 0 L 23
57 0 U 50
58 1 L 55
59 1 L 54
60 0 U 46
61 1 L 18
62 1 U -1
63 1 L -1
64 1 U 12
65 0 U 42
66 1 L 25
67 0 L 43
68 1 L 22
69 0 U 42
70 0 U 34
71 0 L -1
72 0 L 71
73 1 L 70
74 1 U 22
75 1 L 7
76 0 L 56
77 1 L 4
78 1 L 35
79
0 0 L -1
1 1 L -1
2 1 L -1
3 1 U 0
4 0 U -1
5 1 U -1
6 1 L -1
7 0 U -1
8 0 U 2
9 1 L 4
10 0 U 4
11 0 U 10
12 0 L 11
13 1 L 10
14 1 U 8
15 1 L 10
16 0 L 9
17 1 U 5
18 0 U 12
19 1 U 15
20 0 U 13
21 0 L 2
22 1 U 1
23 0 U 5
24 1 L -1
25 0 U -1
26 0 U 22
27 1 L 26
28 1 L 16
29 0 L 18
30 0 L 11
31 1 U 26
32 1 L 29
33 0 L 24
34 0 L 30
35 0 L 33
36 1 L 31
37 0 U 18
38 1 U 22
39 0 U 7
40 0 U -1
41 1 U 39
42 1 L 37
43 1 L 34
44 1 U -1
45 0 L 40
46 0 U 0
47 0 U 6
48 1 L 6
49 1 U 6
50 1 U -1
51 0 U -1
52 0 L 32
53 1 U 3
54 1 L 45
55 1 L -1
56 1 L 23
57 0 U 40
58 0 L 15
59 1 L 54
60 0 L 3
61 1 L 18
62 1 U -1
63 1 L -1
64 0 U 3
65 0 U 42
66 0 L 25
67 0 L 43
68 1 U 22
69 0 U 42
70 0 U 34
71 0 L -1
72 1 L 71
73 1 L 70
74 1 U 11
75 1 L 7
76 0 L 56
77 1 L 4
78 1 L 35
79
0 0 U -1
1 1 L -1
2 1 L -1
3 1 U 0
4 0 U -1
5 1 U -1
6 1 L -1
7 0 U -1
8 0 U 2
9 1 L 4
10 0 U 0
11 0 U 10
12 0 L 11
13 1 L 10
14 1 U 12
15 0 L 10
16 1 L 9
17 1 U 5
18 0 U 12
19 1 U 15
20 0 U 5
21 0 L -1
22 1 U 1
23 0 U 5
24 1 L -1
25 0 U -1
26 0 U 22
27 1 L 26
28 1 L 16
29 0 L 18
30 0 L 11
31 1 U 26
32 0 L 29
33 0 L 24
34 0 L 30
35 0 L 33
36 0 L 31
37 1 U 18
38 1 U 22
39 0 U 7
40 0 U -1
41 1 U 39
42 1 L 37
43 1 L 34
44 1 U -1
45 0 L 40
46 1 U 23
47 0 U 6
48 1 L 6
49 1 U 6
50 0 U -1
51 0 U -1
52 0 L 32
53 1 U 3
54 1 L 45
55 0 L -1
56 1 L 23
57 0 U 40
58 0 L 30
59 1 L 54
60 0 L 3
61 1 L 18
62 0 U -1
63 1 L -1
64 0 U 23
65 0 U 33
66 1 L 25
67 0 L 29
68 1 U 12
69 0 U 42
70 0 U 34
71 0 L -1
72 1 L 71
73 1 L 70
74 1 U 11
75 0 L 7
76 1 L 56
77 1 L 4
78 1 L 77
79
0 0 L -1
1 1 L -1
2 1 L -1
3 1 U 0
4 0 U -1
5 1 U -1
6 1 L -1
7 0 U -1
8 0 U 2
9 1 L 4
10 0 U 0
11 0 U 10
12 0 L 11
13 1 L 10
14 1 U 12
15 0 L 10
16 1 L 5
17 1 U 4
18 0 U 12
19 1 U 15
20 0 U 5
21 0 L -1
22 1 U 1
23 0 U 5
24 1 L -1
25 0 U -1
26 0 U 22
27 1 L 26
28 0 L 16
29 0 L 18
30 0 L 11
31 1 U 26
32 0 L 29
33 0 L 24
34 0 L 30
35 0 L 3
36 1 L 31
37 0 U 21
38 1 U 22
39 0 U 7
40 0 U -1
41 1 U 22
42 1 L 37
43 1 L 34
44 1 U -1
45 0 L 40
46 1 U 23
47 0 U 6
48 1 L 6
49 1 U 6
50 1 U -1
51 0 U -1
52 0 L 32
53 1 U 10
54 1 L 45
55 0 L -1
56 1 L 23
57 0 U 40
58 0 L 30
59 1 L 54
60 0 L 3
61 1 L 10
62 1 U -1
63 1 L -1
64 0 U 3
65 1 U 49
66 0 L 32
67 0 L 29
68 1 U 12
69 0 U 35
70 0 U 34
71 0 L -1
72 1 L 55
73 1 L 70
74 1 U 12
75 0 L 11
76 1 L 56
77 1 L 4
78 1 L 77
79
0 0 U -1
1 1 L -1
2 1 L -1
3 1 U 0
4 0 U -1
5 1 U -1
6 1 L -1
7 0 U -1
8 0 U 2
9 1 L 4
10 0 U 0
11 0 U 10
12 0 L 11
13 1 L 10
14 1 U 12
15 1 L 10
16 1 L 9
17 1 U 4
18 0 U 12
19 1 U 15
20 0 U 13
21 0 L -1
22 1 U 1
23 0 U 5
24 0 L -1
25 0 U -1
26 0 U 22
27 1 L 26
28 1 L 21
29 0 L 18
30 0 L 11
31 1 U 26
32 1 L 29
33 1 L 24
34 0 L 30
35 0 L 3
36 1 L 31
37 1 U 9
38 1 U 22
39 0 U 7
40 0 U -1
41 1 U 39
42 1 L 23
43 1 L 34
44 1 U -1
45 0 L 40
46 0 U 7
47 0 U 6
48 1 L 6
49 1 U 6
50 0 U -1
51 1 U -1
52 0 L 32
53 0 U 10
54 1 L 45
55 0 L -1
56 1 L 23
57 1 U 4
58 0 L 10
59 1 L 54
60 0 L 3
61 1 L 18
62 1 U -1
63 0 L -1
64 0 U 62
65 1 U 31
66 0 L 25
67 0 L 29
68 1 U 64
69 0 U 35
70 0 U 34
71 0 L 2
72 0 L 35
73 1 L 70
74 1 U 12
75 1 L 72
76 0 L 39
77 1 L 4
78 1 L 77
79
0 0 U -1
1 1 L -1
2 1 L -1
3 1 U 0
4 0 U -1
5 1 U -1
6 1 L -1
7 0 U -1
8 0 U 2
9 1 L 4
10 0 U 4
11 0 U 10
12 0 L 11
13 1 L 10
14 1 U 12
15 1 L 10
16 1 U 9
17 1 U 4
18 0 U 12
19 1 U 15
20 0 U 5
21 0 L -1
22 1 U 1
23 0 U 5
24 1 L -1
25 0 U -1
26 0 U 11
27 1 L 26
28 0 L 21
29 0 L 18
30 0 L 11
31 1 U 26
32 1 L 29
33 1 L 2
34 0 L 30
35 0 L 3
36 1 L 31
37 1 U 27
38 1 U 22
39 0 U 13
40 0 U -1
41 1 U 11
42 1 L 23
43 1 L 34
44 1 U -1
45 0 L 40
46 1 U 5
47 1 U 19
48 1 L 6
49 1 U 6
50 1 U 46
51 0 U -1
52 1 L 32
53 0 U 15
54 1 L 45
55 0 L -1
56 1 L 23
57 1 U 0
58 0 L 10
59 1 L 54
60 0 L 3
61 1 L 18
62 1 U -1
63 0 L -1
64 0 U 62
65 0 U 31
66 1 L 25
67 0 L 29
68 1 U 64
69 0 U 49
70 0 U 69
71 0 L 1
72 0 L 35
73 1 L 70
74 1 U 12
75 1 L 11
76 0 L 56
77 1 L 4
78 1 L 77
79
0 0 U -1
1 1 L -1
2 1 L -1
3 0 U 0
4 0 U -1
5 1 U -1
6 1 L -1
7 0 U -1
8 0 U 2
9 1 L 4
10 0 U 4
11 0 U 10
12 1 L 11
13 1 L 10
14 1 U 11
15 1 L 10
16 0 L 5
17 1 U 0
18 0 U 12
19 1 U 15
20 0 U 0
21 0 L -1
22 1 U 1
23 0 U 5
24 1 L -1
25 0 U -1
26 0 U 11
27 0 U 26
28 1 L 21
29 0 L 18
30 0 L 11
31 1 U 26
32 0 L 29
33 1 L 2
34 0 L 30
35 0 L 3
36 1 L 31
37 1 U 26
38 1 U 22
39 0 U 13
40 0 U -1
41 1 U 22
42 1 L 23
43 1 L 34
44 1 U -1
45 0 L 40
46 1 U 44
47 1 U 19
48 1 L 0
49 1 U 6
50 1 U 46
51 1 U -1
52 0 L 32
53 1 U 15
54 1 L 45
55 0 U -1
56 1 L 23
57 1 U 0
58 0 L -1
59 1 L 54
60 0 L 48
61 1 L 10
62 1 U -1
63 0 L -1
64 1 U 62
65 0 U 31
66 1 L 17
67 0 L 29
68 1 U 64
69 0 U 49
70 0 U 69
71 0 L 1
72 1 L -1
73 1 L 70
74 1 U 50
75 0 L 11
76 0 L 56
77 1 L 71
78 1 L 77
79
0 0 U -1
1 1 L -1
2 1 L -1
3 1 U 0
4 0 U -1
5 1 U -1
6 1 L -1
7 0 U -1
8 0 U 2
9 1 L 4
10 0 U 0
11 0 U 10
12 1 L 11
13 1 L 10
14 1 U 8
15 0 L 10
16 0 L 5
17 1 U 5
18 0 U 8
19 1 U 12
20 0 U 7
21 0 L -1
22 1 U 1
23 0 U 5
24 1 L -1
25 0 U -1
26 0 U 8
27 0 U 9
28 1 L 21
29 0 L 18
30 0 L 11
31 1 U 26
32 0 L 29
33 1 L 1
34 0 L 30
35 0 L 3
36 0 L 31
37 0 U 6
38 1 U 22
39 0 U 5
40 0 U -1
41 1 U 11
42 1 L 36
43 1 L 34
44 1 U -1
45 0 L 40
46 1 U 44
47 0 U 41
48 1 L 0
49 0 U 6
50 0 U 46
51 0 U -1
52 0 L 32
53 0 U 39
54 1 L 45
55 1 U -1
56 0 L 23
57 1 U 7
58 0 L 40
59 1 L 54
60 0 L 3
61 1 L 10
62 1 U -1
63 0 L -1
64 1 U 62
65 1 U 31
66 1 L 17
67 0 L 29
68 1 L 58
69 0 U 49
70 0 U 69
71 0 L 1
72 0 L -1
73 1 L 70
74 1 U 64
75 1 L 14
76 0 L 42
77 1 L 71
78 0 L 77
79
0 0 U -1
1 1 L -1
2 1 L -1
3 1 U 0
4 0 U -1
5 1 U -1
6 1 L -1
7 0 U -1
8 0 U 2
9 1 L 4
10 0 U 4
11 0 U 10
12 0 L 11
13 1 L 10
14 1 U 8
15 0 L 10
16 0 L 5
17 1 U 4
18 0 U 8
19 1 U 12
20 0 U 5
21 0 L -1
22 1 U 1
23 0 U 5
24 1 L -1
25 0 U -1
26 0 U 12
27 1 U 9
28 0 L 21
29 0 L 18
30 0 L 11
31 1 U 26
32 1 L 29
33 1 L 1
34 0 L 30
35 0 L 3
36 0 L 31
37 1 U 9
38 1 U 22
39 0 U 7
40 0 U -1
41 1 U 11
42 1 L 36
43 1 L 34
44 0 U -1
45 0 L 40
46 1 U 5
47 0 U 41
48 1 L 0
49 1 U 6
50 0 U 46
51 1 U -1
52 0 L 32
53 1 U 2
54 1 L 45
55 1 U -1
56 0 L 36
57 0 U 7
58 0 L 40
59 1 L 54
60 0 L 3
61 1 L 10
62 0 U -1
63 0 L -1
64 1 U 3
65 1 U 31
66 1 L 17
67 0 L 43
68 1 L 58
69 0 U 49
70 0 U 69
71 0 L 1
72 0 L -1
73 1 L 70
74 0 U 50
75 0 L 14
76 0 L 42
77 1 L 28
78 1 L 77
79
0 0 U -1
1 1 L -1
2 1 L -1
3 1 U 0
4 0 U -1
5 1 U -1
6 1 L -1
7 0 U -1
8 0 U 2
9 1 L 4
10 0 U 4
11 0 U 10
12 1 L 11
13 1 L 10
14 1 U 11
15 0 L 10
16 0 L 5
17 1 U 7
18 0 U 12
19 1 U 8
20 0 U 7
21 0 L -1
22 1 U 1
23 0 U 0
24 1 L -1
25 0 U -1
26 0 U 12
27 1 U 9
28 0 L 21
29 0 L 18
30 0 L 11
31 1 U 26
32 0 L 29
33 1 L 1
34 0 L 30
35 0 L 33
36 0 L 31
37 0 U 18
38 1 U 22
39 0 U 4
40 0 U -1
41 1 U 12
42 1 L 36
43 1 L 34
44 1 U -1
45 0 L 40
46 1 U 7
47 0 U 41
48 1 L 0
49 1 U 6
50 1 U 46
51 1 U 7
52 0 L 32
53 0 U 2
54 1 L 45
55 1 U -1
56 0 L 36
57 1 U 13
58 0 L 40
59 1 L 54
60 0 L 3
61 1 L 10
62 0 U -1
63 0 L -1
64 0 U 7
65 1 U 31
66 1 L 17
67 0 L 43
68 1 L 58
69 0 U 35
70 0 U 69
71 0 L 63
72 0 L -1
73 1 L 70
74 1 U 17
75 1 L 14
76 0 L 42
77 1 L 28
78 1 L 77
79
0 0 L -1
1 1 L -1
2 1 L -1
3 1 U 0
4 0 U -1
5 1 U -1
6 1 L -1
7 0 U -1
8 0 U 2
9 1 L 4
10 0 U 4
11 0 U 10
12 1 L 11
13 1 L 10
14 1 U 8
15 0 L 10
16 0 L 5
17 1 U 5
18 0 U 12
19 1 U 8
20 0 U 13
21 0 L -1
22 1 U 1
23 0 U 4
24 1 L -1
25 0 U -1
26 1 U 11
27 0 U 9
28 1 L 21
29 0 L 18
30 0 L 11
31 1 U 26
32 1 L 29
33 1 L 1
34 0 L 30
35 0 L 33
36 0 L 31
37 1 U 28
38 1 U 22
39 0 U 7
40 0 U -1
41 1 U 11
42 1 L 36
43 1 L 34
44 0 U -1
45 0 L 40
46 1 U 25
47 0 U 41
48 1 L 0
49 1 U 6
50 1 U 46
51 1 U 7
52 0 L 32
53 1 U 17
54 1 L 45
55 1 U -1
56 0 L 36
57 1 U 13
58 0 L 40
59 1 L 54
60 0 L 3
61 1 L 10
62 0 U -1
63 1 L -1
64 0 U 7
65 0 U 29
66 1 L 17
67 0 L 43
68 1 L 58
69 0 U 35
70 0 U 69
71 0 L 2
72 1 L -1
73 1 L 70
74 1 U 57
75 0 L 14
76 0 L 42
77 1 L 28
78 1 L 77
79
0 0 L -1
1 1 L -1
2 1 L -1
3 1 U 0
4 0 U -1
5 1 U -1
6 1 L -1
7 0 U -1
8 0 U 2
9 1 L 4
10 0 U 4
11 0 U 10
12 1 L 11
13 1 L 10
14 1 U 8
15 0 L 10
16 1 L 5
17 1 U 7
18 0 U 11
19 1 U 8
20 0 U 0
21 0 L -1
22 1 U 1
23 0 U 4
24 1 L -1
25 0 U -1
26 0 U 22
27 0 U 9
28 0 L 21
29 0 L 18
30 0 L 11
31 1 U 26
32 0 L 29
33 1 L 1
34 0 L 30
35 0 L 33
36 0 L 31
37 1 U 28
38 1 U 22
39 0 U 7
40 0 U -1
41 1 U 22
42 1 L 36
43 1 L 34
44 0 U -1
45 0 L 40
46 1 U 25
47 0 U 6
48 1 L 47
49 1 U 6
50 1 U 46
51 1 U 7
52 1 L 32
53 1 U 17
54 1 L 45
55 0 U -1
56 0 L 36
57 1 U 13
58 0 L 40
59 1 L 54
60 0 L 3
61 1 L 10
62 0 U -1
63 1 L -1
64 0 U 44
65 1 U 29
66 1 L 17
67 0 L 43
68 1 L 58
69 0 U 35
70 0 U 69
71 0 L 63
72 1 L 6
73 1 L 70
74 0 U 39
75 0 L 11
76 0 L 42
77 1 L 28
78 1 L 77
79
0 0 U -1
1 1 L -1
2 1 L -1
3 0 U 0
4 0 U -1
5 1 U -1
6 1 L -1
7 0 U -1
8 0 U 2
9 1 L 4
10 0 U 4
11 0 U 10
12 1 L 11
13 1 L 10
14 1 U 11
15 0 L 10
16 0 L 5
17 1 U 5
18 0 U 12
19 1 U 8
20 0 U 4
21 0 L -1
22 1 U 1
23 0 U 5
24 0 L -1
25 0 U -1
26 0 U 11
27 0 U 19
28 0 L 21
29 0 L 18
30 0 L 11
31 1 U 26
32 0 L 29
33 1 L 2
34 0 L 30
35 0 L 33
36 0 L 31
37 1 U 18
38 1 U 22
39 0 U 7
40 0 U -1
41 1 U 22
42 1 L 36
43 1 L 34
44 1 U -1
45 0 L 40
46 1 U 13
47 0 U 6
48 1 L -1
49 1 U 6
50 1 U 46
51 1 U 38
52 0 L 32
53 0 U 2
54 1 L 45
55 1 U -1
56 0 L 23
57 0 U 7
58 0 L 40
59 1 L 54
60 0 L 33
61 1 L 27
62 0 U -1
63 0 L -1
64 1 U 44
65 1 U 29
66 1 L 17
67 0 L 43
68 1 L 58
69 0 U 42
70 0 U 69
71 0 L 63
72 1 L 6
73 1 L 70
74 0 U 39
75 0 L 11
76 0 L 42
77 1 L 28
78 1 L 35
79
0 0 L -1
1 1 L -1
2 1 L -1
3 0 U 0
4 0 U -1
5 1 U -1
6 1 L -1
7 0 U -1
8 0 U 2
9 1 L 4
10 0 U 4
11 0 U 10
12 1 L 11
13 1 L 10
14 1 U 11
15 0 L 10
16 0 L 5
17 1 U 0
18 0 U 11
19 1 U 8
20 0 U 7
21 0 L -1
22 1 U 1
23 0 U 4
24 0 L -1
25 0 U -1
26 0 U 12
27 1 U 19
28 0 L 21
29 0 L 18
30 0 L 11
31 1 U 26
32 1 L 29
33 1 L 1
34 0 L 30
35 0 L 33
36 0 L 31
37 0 U 36
38 1 U 22
39 0 U 5
40 0 U -1
41 1 U 22
42 1 L 36
43 1 L 34
44 1 U -1
45 0 L 40
46 1 U 13
47 0 U 36
48 1 L -1
49 1 U 6
50 1 U 46
51 1 U 36
52 0 L 32
53 1 U 2
54 1 L 45
55 1 U -1
56 0 L 23
57 0 U 7
58 0 L 35
59 1 L 54
60 0 L 33
61 1 L 10
62 0 U -1
63 0 L -1
64 1 U 44
65 0 U 24
66 1 L 32
67 0 L 43
68 1 L 23
69 0 U 35
70 0 U 33
71 0 L 63
72 0 L 63
73 1 L 70
74 1 U 46
75 1 L 11
76 0 L 42
77 1 L 28
78 1 L 35
79
0 0 L -1
1 1 L -1
2 1 L -1
3 1 U 0
4 0 U -1
5 1 U -1
6 1 L -1
7 0 U -1
8 0 U 2
9 1 L 4
10 0 U 4
11 0 U 10
12 1 L 11
13 1 L 10
14 1 U 8
15 0 L 10
16 0 L 5
17 1 U 13
18 0 U 8
19 1 U 8
20 0 U 7
21 0 L -1
22 1 U 1
23 0 U 5
24 0 L -1
25 0 U -1
26 0 U 12
27 1 U 19
28 1 L 21
29 0 L 18
30 0 L 11
31 1 U 26
32 1 L 29
33 1 L 24
34 0 L 30
35 0 L 33
36 0 L 31
37 0 U 6
38 1 U 22
39 0 U 5
40 0 U -1
41 1 U 22
42 1 L 36
43 1 L 34
44 1 U -1
45 0 L 40
46 1 U 13
47 0 U 36
48 1 L -1
49 1 U 6
50 1 U 46
51 1 U 36
52 1 L 32
53 0 U 10
54 1 L 45
55 0 U -1
56 0 L 23
57 0 U 7
58 0 L 35
59 1 L 54
60 0 L 33
61 1 L 27
62 0 U -1
63 1 L -1
64 1 U 44
65 0 U 24
66 1 L 26
67 0 L 43
68 1 L 23
69 0 U 35
70 0 U 69
71 1 L 63
72 1 L 63
73 1 L 70
74 0 U 39
75 0 L 11
76 0 L 42
77 1 L 28
78 1 L 35
79
0 0 L -1
1 1 L -1
2 1 L -1
3 0 U 0
4 0 U -1
5 1 U -1
6 1 L -1
7 0 U -1
8 0 U 2
9 1 L 4
10 0 U 4
11 0 U 10
12 1 L 11
13 1 L 10
14 1 U 8
15 1 L 10
16 0 L 9
17 1 U 7
18 0 U 11
19 1 U 12
20 0 U 13
21 0 L -1
22 1 U 1
23 0 U 4
24 0 L -1
25 0 U -1
26 0 U 22
27 1 U 19
28 1 L 21
29 0 L 18
30 0 L 11
31 1 U 26
32 0 L 29
33 1 L 24
34 0 L 30
35 0 L 33
36 0 L 31
37 1 U 19
38 1 U 22
39 0 U 13
40 0 U -1
41 1 U 22
42 1 L 36
43 1 L 34
44 1 U -1
45 0 L 40
46 1 U 13
47 0 U 6
48 1 L -1
49 1 U 6
50 1 U 46
51 1 U 36
52 0 L 32
53 1 U 2
54 1 L 45
55 1 U 44
56 1 L 36
57 1 U 7
58 0 L 35
59 1 L 54
60 0 L 33
61 1 L 18
62 0 U -1
63 1 L -1
64 0 U 34
65 1 U 35
66 1 L 26
67 0 L 43
68 0 U 23
69 0 U 35
70 0 U 69
71 1 L 63
72 1 L 0
73 1 L 70
74 0 U 17
75 0 L 11
76 0 L 39
77 1 L 28
78 1 L 77
79
0 0 U -1
1 1 L -1
2 1 L -1
3 1 U 0
4 0 U -1
5 1 U -1
6 1 L -1
7 0 U -1
8 0 U 2
9 1 L 4
10 0 U 4
11 0 U 10
12 1 L 11
13 1 L 10
14 1 U 11
15 0 L 10
16 0 L 9
17 1 U 13
18 0 U 12
19 1 U 11
20 0 U 5
21 0 L -1
22 1 U 1
23 0 U 4
24 0 L -1
25 0 U -1
26 0 U 11
27 1 U 19
28 0 L 21
29 0 L 18
30 0 L 11
31 1 U 26
32 1 L 29
33 1 L 24
34 0 L 30
35 0 L 33
36 0 L 31
37 0 U 18
38 1 U 22
39 0 U 7
40 0 U -1
41 1 U 22
42 1 L 36
43 1 L 34
44 1 U -1
45 0 L 40
46 1 U 3
47 0 U 6
48 1 L -1
49 1 U 41
50 0 U 46
51 1 U 36
52 0 L 32
53 0 U -1
54 1 L 45
55 1 U 13
56 1 L 36
57 1 U 7
58 0 L 35
59 1 L 54
60 0 L 33
61 1 L 10
62 0 U -1
63 1 L -1
64 0 U 43
65 1 U 42
66 1 L 25
67 0 L 43
68 0 U 23
69 0 U 47
70 0 U 69
71 1 L 63
72 1 L 6
73 1 L 70
74 0 U 17
75 0 L 11
76 0 L 39
77 1 L 28
78 1 L 35
79
0 0 L -1
1 1 L -1
2 1 L -1
3 0 U 0
4 0 U -1
5 1 U -1
6 1 L -1
7 0 U -1
8 0 U 2
9 1 L 4
10 0 U 4
11 0 U 10
12 1 L 11
13 1 L 10
14 1 U 11
15 1 L 10
16 0 L 9
17 1 U 7
18 0 U 12
19 1 U 11
20 0 U 7
21 0 L -1
22 1 U 1
23 0 U 4
24 0 L -1
25 0 U -1
26 0 U 11
27 1 U 19
28 0 L 21
29 0 L 18
30 0 L 11
31 1 U 26
32 0 L 29
33 1 L 24
34 0 L 30
35 0 L 33
36 0 L 31
37 1 U 28
38 1 U 22
39 0 U 7
40 0 U -1
41 1 U 22
42 1 L 40
43 1 L 34
44 1 U -1
45 0 L 40
46 1 U 3
47 0 U 6
48 1 L -1
49 1 U 41
50 1 U 46
51 0 U 26
52 0 L 32
53 1 U 0
54 1 L 45
55 1 U 23
56 1 L 36
57 1 U 7
58 0 L 5
59 1 L 54
60 0 L 33
61 1 L 27
62 0 U -1
63 1 L -1
64 0 U 43
65 0 U 24
66 1 L 32
67 0 L 43
68 0 U 7
69 0 U 47
70 0 U 69
71 0 L 63
72 0 L 6
73 1 L 70
74 1 U 17
75 1 L 7
76 0 L 64
77 1 L 28
78 1 L 35
79
0 0 L -1
1 1 L -1
2 1 L -1
3 0 U 0
4 0 U -1
5 1 U -1
6 1 L -1
7 0 U -1
8 0 U 2
9 1 L 4
10 0 U 4
11 0 U 10
12 1 L 11
13 1 L 10
14 1 U 11
15 1 L 10
16 0 L 5
17 1 U 13
18 0 U 11
19 1 U 11
20 0 U 13
21 0 L -1
22 1 U 1
23 0 U 4
24 0 L -1
25 0 U -1
26 0 U 12
27 1 U 19
28 0 L 21
29 0 L 18
30 0 L 11
31 1 U 26
32 1 L 29
33 1 L 24
34 0 L 30
35 0 L 33
36 1 L 31
37 1 U 26
38 1 U 22
39 0 U 5
40 0 U -1
41 1 U 22
42 1 L 40
43 1 L 34
44 1 U -1
45 0 L 40
46 1 U 3
47 0 U 6
48 1 L -1
49 1 U 41
50 0 U 46
51 0 U 26
52 0 L 32
53 0 U 25
54 1 L 45
55 1 U 23
56 1 L 36
57 1 U 13
58 1 L 5
59 1 L 54
60 0 L 33
61 1 L 18
62 0 U -1
63 0 L -1
64 0 U 43
65 0 U 31
66 1 L 32
67 0 L 43
68 0 U 23
69 0 U 47
70 0 U 69
71 0 L 63
72 0 L 6
73 1 L 70
74 0 U 17
75 1 L 7
76 0 L 39
77 1 L 28
78 0 L 77
79
0 0 U -1
1 1 L -1
2 1 L -1
3 1 U 0
4 0 U -1
5 1 U -1
6 1 L -1
7 0 U -1
8 0 U 2
9 1 L 4
10 0 U 4
11 0 U 10
12 1 L 11
13 1 L 10
14 1 U 11
15 1 L 10
16 0 L 5
17 1 U 7
18 0 U 11
19 1 U 8
20 0 U 13
21 0 L -1
22 1 U 1
23 0 U 0
24 0 L -1
25 0 U -1
26 0 U 22
27 1 U 19
28 1 L 21
29 1 L 18
30 0 L 11
31 1 U 26
32 1 L 29
33 1 L 0
34 0 L 30
35 0 L 33
36 0 L 31
37 0 U 18
38 1 U 22
39 0 U 5
40 0 U -1
41 1 U 22
42 1 L 40
43 1 L 13
44 1 U -1
45 0 L 37
46 1 U 44
47 0 U 6
48 1 L -1
49 1 U 41
50 0 U 46
51 0 U 50
52 0 L 32
53 0 U -1
54 1 L 45
55 1 U 23
56 1 L 36
57 1 U 13
58 0 L 5
59 1 L 54
60 0 L 33
61 1 U 18
62 0 U -1
63 1 L -1
64 0 U 34
65 1 U 31
66 1 L 25
67 0 L 43
68 0 U 40
69 0 U 47
70 0 U 69
71 0 L 63
72 1 L 63
73 1 L 70
74 1 U 17
75 0 L 7
76 0 L 64
77 1 L 28
78 0 L 77
79
0 0 U -1
1 1 L -1
2 1 L -1
3 0 U 0
4 0 U -1
5 1 U -1
6 1 L -1
7 0 U -1
8 0 U 2
9 1 L 4
10 0 U 4
11 0 U 10
12 1 L 11
13 1 L 10
14 1 U 8
15 0 L 10
16 0 L 5
17 1 U 0
18 0 U 8
19 1 U 8
20 0 U 5
21 0 L -1
22 1 U 1
23 0 U 0
24 0 L -1
25 0 U -1
26 0 U 22
27 1 U 19
28 1 L 21
29 1 L 18
30 1 L 14
31 1 U 26
32 0 L 13
33 1 L 0
34 0 L 30
35 0 L 33
36 0 L 31
37 0 U 21
38 1 U 22
39 0 U 7
40 0 U -1
41 1 U 22
42 1 L 40
43 1 L 13
44 1 U -1
45 0 L 37
46 1 U 44
47 0 U 6
48 1 L -1
49 1 U 41
50 0 U 46
51 0 U 50
52 0 L 32
53 1 U -1
54 1 L 45
55 1 U 23
56 1 L 36
57 1 U 13
58 0 L 5
59 1 L 54
60 0 L 33
61 0 U 18
62 0 U -1
63 0 L -1
64 0 U 34
65 0 U 31
66 1 L 25
67 0 L 43
68 0 U 53
69 0 U 49
70 0 U 69
71 1 L 0
72 1 L 63
73 1 L 70
74 0 U 2
75 0 L 12
76 0 L 39
77 1 L 28
78 0 L 77
79
0 0 L -1
1 1 L -1
2 1 L -1
3 0 U 0
4 0 U -1
5 1 U -1
6 1 L -1
7 0 U -1
8 0 U 2
9 1 L 4
10 0 U 4
11 0 U 10
12 1 L 11
13 1 L 10
14 1 U 11
15 1 L 10
16 0 L 5
17 1 U 0
18 0 U 12
19 1 U 11
20 0 U 7
21 0 L -1
22 1 U 1
23 0 U 5
24 0 L -1
25 0 U -1
26 0 U 22
27 1 U 19
28 0 L 21
29 1 L 18
30 1 L 14
31 1 U 26
32 1 L 13
33 1 L 0
34 0 L 30
35 0 L 33
36 0 L 31
37 0 U 36
38 1 U 22
39 0 U 7
40 0 U -1
41 1 U 22
42 1 L 37
43 1 L 34
44 1 U -1
45 0 L 37
46 1 U 44
47 0 U 6
48 1 L -1
49 1 U 41
50 0 U 46
51 0 U 22
52 0 L 32
53 1 U -1
54 1 L 45
55 1 U 40
56 1 L 36
57 1 U 13
58 1 L 5
59 1 L 54
60 0 L 33
61 0 U 38
62 0 U -1
63 0 L -1
64 0 U 45
65 1 U 31
66 1 L 25
67 0 L 43
68 0 U 13
69 0 U 47
70 0 U 69
71 0 L 0
72 0 L 63
73 1 L 70
74 1 U 57
75 0 L 12
76 0 L 39
77 0 L 72
78 0 L 77
79
0 0 L -1
1 1 L -1
2 1 L -1
3 1 U 0
4 0 U -1
5 1 U -1
6 1 L -1
7 0 U -1
8 0 U 2
9 1 L 4
10 0 U 4
11 0 U 10
12 1 L 11
13 1 L 10
14 1 U 11
15 0 L 10
16 0 L 9
17 1 U 5
18 0 U 12
19 1 U 8
20 0 U 4
21 0 L -1
22 1 U 1
23 0 U 5
24 0 L -1
25 0 U -1
26 0 U 22
27 1 U 19
28 0 L 21
29 1 L 18
30 0 L 14
31 1 U 26
32 1 L 13
33 1 L 0
34 0 L 30
35 0 L 33
36 0 L 31
37 0 U 28
38 1 U 22
39 0 U 7
40 1 U -1
41 1 U 22
42 1 L 37
43 1 L 34
44 1 U -1
45 0 L 37
46 1 U 44
47 0 U 6
48 1 L -1
49 1 U 41
50 1 U 46
51 0 U 22
52 0 L 32
53 0 U -1
54 1 L 45
55 1 U 40
56 1 L 36
57 1 U 13
58 0 L 5
59 1 L 54
60 0 L 33
61 0 U 38
62 0 U -1
63 1 L -1
64 0 U 48
65 1 U 31
66 1 L 25
67 0 L 43
68 0 U 13
69 0 U 49
70 0 U 58
71 1 L 0
72 0 L 6
73 1 L 70
74 0 U 55
75 0 L 12
76 0 L 39
77 1 L 72
78 1 L 77
79
0 0 U -1
1 1 L -1
2 1 L -1
3 0 U 0
4 0 U -1
5 1 U -1
6 0 L -1
7 0 U -1
8 0 U 2
9 1 L 4
10 0 U 4
11 0 U 10
12 1 L 11
13 1 L 10
14 1 U 11
15 0 L 10
16 0 L 9
17 1 U 13
18 0 U 8
19 1 U 12
20 0 U 13
21 0 L -1
22 1 U 1
23 0 U 5
24 0 L -1
25 0 U -1
26 0 U 22
27 0 U 19
28 0 L 21
29 1 L 18
30 1 L 11
31 1 U 26
32 0 L 15
33 1 L 0
34 0 L 30
35 0 L 33
36 0 L 31
37 0 U 19
38 1 U 22
39 0 U 5
40 0 U -1
41 1 U 22
42 1 L 37
43 1 L 34
44 1 U -1
45 0 L 37
46 1 U 44
47 0 U 36
48 1 L -1
49 1 U 41
50 0 U 46
51 0 U 22
52 0 L 17
53 0 U -1
54 1 L 45
55 1 U 23
56 1 L 36
57 0 U 13
58 0 L 5
59 1 L 54
60 1 L 33
61 1 U 51
62 0 U -1
63 1 L -1
64 0 U 48
65 1 U 29
66 1 L 25
67 0 L 43
68 0 U -1
69 0 U 24
70 0 U 69
71 1 L 0
72 0 L 21
73 1 L 70
74 1 U 2
75 1 L 12
76 0 L 39
77 0 L 72
78 0 L 77
79
0 0 L -1
1 1 L -1
2 1 L -1
3 0 U 0
4 0 U -1
5 1 U -1
6 0 L -1
7 1 U -1
8 0 U 2
9 1 L 4
10 0 U 4
11 0 U 10
12 1 L 11
13 1 L 10
14 1 U 11
15 0 L 10
16 0 L 5
17 1 U 4
18 0 U 11
19 1 U 11
20 0 U 7
21 0 L -1
22 1 U 1
23 0 U 5
24 0 L -1
25 0 U -1
26 0 U 22
27 1 U 19
28 1 L 21
29 1 L 18
30 0 L 11
31 1 U 26
32 0 L 19
33 1 L 24
34 1 L 12
35 0 L 33
36 0 L 31
37 0 U 36
38 1 U 22
39 0 U 5
40 0 U -1
41 1 U 22
42 1 L 37
43 1 L 34
44 1 U -1
45 0 L 37
46 1 U 5
47 0 U 36
48 0 L -1
49 1 U 41
50 0 U 46
51 0 U 22
52 1 L 17
53 1 U -1
54 1 L 45
55 1 U 23
56 1 L 36
57 1 U 13
58 0 L 35
59 1 L 54
60 0 L 33
61 0 L 51
62 0 U -1
63 1 L 59
64 0 U 45
65 1 U 61
66 1 L 43
67 0 L -1
68 0 U -1
69 0 U 24
70 0 U 58
71 0 L 33
72 1 L 21
73 1 L 70
74 0 U 7
75 1 L 12
76 0 L 64
77 0 L 72
78 1 L 77
79
0 0 L -1
1 1 L -1
2 1 L -1
3 1 U 0
4 0 U -1
5 1 U -1
6 0 L -1
7 0 U -1
8 0 U 2
9 1 L 4
10 0 U 4
11 0 U 10
12 1 L 11
13 1 L 10
14 1 U 11
15 0 L 10
16 0 L 5
17 1 U 0
18 0 U 8
19 1 U 11
20 0 U 5
21 0 L -1
22 1 U 1
23 0 U 5
24 0 L -1
25 0 U -1
26 0 U 12
27 0 U 19
28 1 L 21
29 0 L 27
30 1 L 16
31 1 U 26
32 0 L 29
33 1 L 0
34 0 L 12
35 0 L 3
36 0 L 31
37 0 U 9
38 1 U 22
39 0 U 5
40 0 U -1
41 1 U 22
42 1 L 37
43 1 L 34
44 1 U -1
45 0 L 37
46 1 U 44
47 0 U 36
48 0 L -1
49 1 U 41
50 0 U 46
51 0 U 22
52 0 L 32
53 1 U -1
54 1 L 45
55 1 U 23
56 1 L 40
57 1 U 13
58 0 L 35
59 1 L 54
60 0 L 33
61 1 L 51
62 0 U -1
63 1 L 59
64 0 L 45
65 1 U 61
66 1 L 43
67 0 L -1
68 0 U -1
69 0 U 24
70 0 U 58
71 1 L 67
72 0 L 21
73 1 L 70
74 0 U 7
75 0 L 12
76 0 L 64
77 1 L 72
78 1 L 77
79
0 0 L -1
1 1 L -1
2 1 L -1
3 1 U 0
4 0 U -1
5 1 U -1
6 0 L -1
7 0 U -1
8 0 U 2
9 1 L 4
10 0 U 4
11 0 U 10
12 1 L 11
13 1 L 10
14 1 U 11
15 0 L 10
16 0 L 5
17 1 U 5
18 1 U 8
19 1 U 11
20 0 U 4
21 0 L -1
22 1 U 1
23 0 U 5
24 0 L -1
25 0 U -1
26 0 U 12
27 0 U 19
28 0 L 14
29 1 L 21
30 0 L 11
31 1 U 26
32 1 L 13
33 1 L 0
34 0 L 12
35 0 L 3
36 0 L 25
37 0 U 36
38 1 U 22
39 0 U 5
40 0 U -1
41 1 U 22
42 1 L 37
43 1 L 34
44 1 U -1
45 0 L 37
46 1 U 44
47 0 U 36
48 0 L -1
49 1 U 41
50 1 U 46
51 0 U 22
52 0 L 26
53 1 U -1
54 1 L 45
55 1 U 23
56 1 L 37
57 1 U 13
58 0 L 35
59 1 L 54
60 0 L 33
61 0 L 51
62 0 U -1
63 0 L 59
64 1 U 45
65 1 U 38
66 1 L 43
67 1 L -1
68 0 U -1
69 0 U 47
70 0 U 58
71 1 L 14
72 1 L 67
73 0 L 70
74 0 U 13
75 0 L 30
76 0 L 64
77 1 L 4
78 1 L 60
79
0 0 L -1
1 1 L -1
2 1 L -1
3 1 U 0
4 0 U -1
5 1 U -1
6 0 L -1
7 0 U -1
8 0 U 2
9 1 L 4
10 0 U 4
11 0 U 10
12 1 L 11
13 1 L 10
14 1 U 11
15 0 L 10
16 0 L 5
17 1 U 4
18 1 U 8
19 1 U 11
20 0 U 7
21 0 L -1
22 1 U 1
23 0 U 5
24 0 L -1
25 0 U -1
26 0 U 22
27 0 U 19
28 1 L 14
29 0 L 21
30 1 L 11
31 1 U 26
32 1 L 13
33 1 L 0
34 0 L 30
35 0 L 3
36 0 L 31
37 0 U 14
38 1 U 22
39 0 U 5
40 0 U -1
41 1 U 22
42 1 L 36
43 1 L 34
44 1 U -1
45 0 L 37
46 1 U 5
47 0 U 36
48 1 L -1
49 1 U 36
50 0 U 3
51 0 U 22
52 1 L 26
53 1 U -1
54 1 L 45
55 1 U 23
56 1 L 36
57 1 U 13
58 0 L 35
59 1 L 54
60 0 L 3
61 0 L 2
62 0 U -1
63 0 L 59
64 0 L 45
65 0 U 51
66 1 L 43
67 1 L -1
68 1 U 22
69 0 U 49
70 0 U 58
71 1 L 14
72 0 L 21
73 0 L 70
74 0 U 13
75 0 L 30
76 0 L 64
77 1 L 4
78 1 L 5
79
0 0 L -1
1 1 L -1
2 1 L -1
3 1 U 0
4 0 U -1
5 1 U -1
6 0 L -1
7 0 U -1
8 0 U 2
9 1 L 4
10 0 U 4
11 0 U 10
12 1 L 11
13 1 L 10
14 1 U 11
15 0 L 10
16 0 L 5
17 1 U 0
18 1 U 8
19 1 U 11
20 0 U 13
21 0 L -1
22 1 U 1
23 0 U 0
24 0 U -1
25 0 U -1
26 0 U 22
27 0 U 19
28 0 L 16
29 1 L 21
30 0 L 11
31 1 U 26
32 0 L 13
33 1 L 1
34 0 L 12
35 0 L 3
36 0 L 31
37 0 U 14
38 1 U 22
39 0 U 5
40 0 U -1
41 1 U 22
42 1 L 36
43 1 L 34
44 1 U -1
45 0 L 37
46 1 U 44
47 0 U 36
48 1 L -1
49 1 U 36
50 0 U 3
51 0 U 50
52 0 L 26
53 1 U -1
54 1 L 45
55 1 U 7
56 1 L 36
57 1 U 13
58 0 L 35
59 1 L 54
60 0 L 3
61 0 L 48
62 0 U -1
63 1 L 59
64 0 L 45
65 1 U 51
66 1 L 24
67 1 L -1
68 1 U 65
69 0 U 49
70 0 U 58
71 1 L 14
72 0 L 21
73 1 L 70
74 0 U 3
75 0 L 30
76 0 L 64
77 1 L 4
78 1 L 5
79
0 0 L -1
1 1 L -1
2 1 L -1
3 1 U 0
4 0 U -1
5 1 U -1
6 0 L -1
7 0 U -1
8 0 U 2
9 1 L 4
10 0 U 4
11 0 U 10
12 1 L 11
13 1 L 10
14 1 U 11
15 0 L 10
16 0 L 5
17 1 U 0
18 1 U 8
19 1 U 8
20 0 U 5
21 0 L -1
22 1 U 1
23 0 U 4
24 0 U -1
25 0 U -1
26 0 U 22
27 1 U 19
28 1 L 11
29 0 L 21
30 1 L 11
31 1 U 26
32 1 L -1
33 1 L 1
34 0 L 30
35 0 L 3
36 0 L 31
37 0 U 19
38 1 U 22
39 0 U 5
40 0 U -1
41 1 U 22
42 1 L 36
43 1 U 27
44 1 U -1
45 0 L 37
46 1 U 44
47 0 U 41
48 1 L -1
49 1 U 36
50 0 U 3
51 0 U 50
52 1 L 43
53 0 U -1
54 0 L 45
55 1 U 23
56 1 L 36
57 1 U 13
58 0 L 35
59 1 L 54
60 0 L 3
61 1 L 48
62 0 U -1
63 0 L 59
64 0 L 45
65 1 U 36
66 1 L 24
67 1 L -1
68 1 U 22
69 0 U 49
70 0 U 58
71 1 L 14
72 1 L 21
73 1 L 51
74 0 U 3
75 0 L 30
76 0 L 64
77 1 L 29
78 1 L 60
79
0 0 U -1
1 1 L -1
2 1 L -1
3 1 U 0
4 0 U -1
5 1 U -1
6 1 L -1
7 0 U -1
8 0 U 2
9 1 L 4
10 0 U 0
11 0 U 10
12 1 L 11
13 1 L 10
14 1 U 11
15 0 L 10
16 0 L 5
17 1 U 7
18 1 U 12
19 1 U 12
20 0 U 4
21 0 L -1
22 1 U 1
23 0 U 4
24 0 U -1
25 0 U -1
26 0 U 22
27 0 U 9
28 1 L 14
29 0 L 21
30 1 L 16
31 1 U 26
32 0 L -1
33 0 L 32
34 0 L 30
35 0 L 3
36 0 L 31
37 0 U 18
38 1 U 22
39 1 U 5
40 0 U 39
41 1 U 22
42 1 L 37
43 1 L 27
44 1 U -1
45 0 L 37
46 1 U 44
47 0 U 41
48 1 L -1
49 1 U 36
50 0 U 46
51 0 U 50
52 0 L 43
53 1 U -1
54 0 L 45
55 1 U 23
56 1 L 25
57 1 L 13
58 0 L 35
59 1 L 54
60 0 L 3
61 0 L 48
62 1 U -1
63 0 L 59
64 0 L 45
65 1 U 36
66 0 L 24
67 1 L -1
68 1 U 22
69 0 U 49
70 0 U 58
71 1 L 14
72 1 L 21
73 1 L 51
74 0 U 23
75 1 L 30
76 0 L 64
77 1 L 29
78 1 L 60
79
0 0 L -1
1 1 L -1
2 1 L -1
3 0 U 0
4 0 U -1
5 1 U -1
6 0 L -1
7 0 U -1
8 0 U 2
9 1 L 4
10 0 U 0
11 0 U 10
12 1 L 11
13 0 L 10
14 1 U 11
15 0 L 10
16 0 L 5
17 1 U 5
18 1 U 12
19 1 U 15
20 0 U 13
21 0 L -1
22 1 U 1
23 0 U 0
24 0 U -1
25 0 U -1
26 0 U 22
27 0 U 9
28 1 L 14
29 1 L 21
30 0 L 16
31 1 U 26
32 0 L -1
33 0 L 32
34 1 L 30
35 0 L 33
36 1 L 31
37 0 U 14
38 1 U 22
39 1 U 5
40 0 U 39
41 1 U 22
42 1 L 37
43 1 L 27
44 1 U -1
45 0 L 37
46 1 U 5
47 0 U 41
48 1 L -1
49 1 U 41
50 1 U 3
51 0 U 50
52 0 L 43
53 0 U -1
54 1 L 45
55 1 U 23
56 1 L 25
57 1 L 13
58 0 L 35
59 1 L 54
60 0 L 3
61 0 L 48
62 1 U -1
63 1 L 59
64 0 U 45
65 0 U 19
66 0 L 24
67 1 L -1
68 1 U 22
69 0 U 37
70 0 U 58
71 1 L 14
72 1 L 21
73 1 L 70
74 0 U 23
75 0 L 12
76 0 L 64
77 1 L 29
78 1 L 77
79
0 0 L -1
1 1 L -1
2 1 L -1
3 0 U 0
4 0 U -1
5 1 U -1
6 1 L -1
7 0 U -1
8 0 U 2
9 1 L 4
10 0 U 4
11 0 U 10
12 1 L 11
13 1 L 10
14 1 U 11
15 0 L 10
16 0 L 5
17 1 U 0
18 1 U 8
19 1 U 8
20 0 U 7
21 0 L -1
22 1 U 1
23 0 U 5
24 0 U -1
25 0 U -1
26 0 U 22
27 0 U 19
28 0 L 14
29 0 L 21
30 0 L 14
31 1 U 26
32 0 L -1
33 0 L 32
34 0 L 30
35 0 L 33
36 1 L 31
37 0 U 14
38 1 U 22
39 1 U 5
40 0 U 39
41 1 U 22
42 1 L 37
43 1 L 27
44 1 U -1
45 0 L 37
46 1 U 5
47 0 U 41
48 1 L -1
49 1 U 6
50 0 U 46
51 0 U 50
52 1 L 43
53 1 U -1
54 1 L 45
55 1 U 23
56 1 L 25
57 1 L 13
58 0 L 35
59 1 L 54
60 0 L 33
61 1 L 32
62 1 U -1
63 1 L 59
64 0 U 45
65 1 U 38
66 1 L 24
67 1 L -1
68 1 U 12
69 0 U 37
70 0 U 69
71 1 L 14
72 0 L 21
73 1 L 70
74 0 U 39
75 0 L 12
76 0 L 64
77 1 L 72
78 1 L 77
79
0 0 U -1
1 1 L -1
2 1 L -1
3 1 U 0
4 0 U -1
5 1 U -1
6 1 L -1
7 1 U -1
8 0 U 2
9 1 L 4
10 0 U 4
11 0 U 10
12 1 L 11
13 0 L 10
14 1 U 11
15 0 L 10
16 0 L 5
17 0 U 3
18 1 U 8
19 1 U 11
20 1 U 5
21 0 L -1
22 1 U 1
23 0 U 13
24 0 U -1
25 0 U -1
26 0 U 22
27 0 U 19
28 0 L 14
29 0 L 21
30 1 L 16
31 1 U 26
32 0 L -1
33 0 L 32
34 0 L 30
35 0 L 33
36 1 L 31
37 0 U 14
38 1 U 12
39 0 U 5
40 0 U -1
41 1 U 22
42 1 L 37
43 1 L 27
44 1 U -1
45 0 L 37
46 1 U 44
47 0 U 41
48 0 L -1
49 1 U 6
50 0 U 46
51 0 U 12
52 0 L 43
53 0 U -1
54 1 L 45
55 1 U 46
56 1 L 25
57 1 L 13
58 0 L 35
59 1 L 54
60 0 L 33
61 1 L 32
62 1 U -1
63 0 L 59
64 0 U 34
65 0 U 38
66 1 L 57
67 1 L -1
68 0 U 12
69 0 U 37
70 0 U 69
71 1 L 14
72 0 L 21
73 1 L 70
74 0 U 1
75 0 L 30
76 0 L 64
77 1 L 72
78 1 L 77
79
0 0 U -1
1 1 L -1
2 1 L -1
3 0 U 0
4 0 U -1
5 1 U -1
6 1 L -1
7 1 U 0
8 0 U 2
9 1 L 4
10 0 U 4
11 0 U 10
12 1 L 11
13 1 L 10
14 1 U 11
15 1 L 10
16 0 L 5
17 0 U 3
18 1 U 8
19 1 U 8
20 1 U 4
21 0 L -1
22 1 U 1
23 0 U 0
24 0 U -1
25 0 U -1
26 0 U 22
27 0 U 9
28 1 L 14
29 0 L 21
30 0 L 16
31 1 U 26
32 0 L -1
33 0 L 32
34 0 L 28
35 0 L 33
36 1 L 31
37 0 U 14
38 1 U 12
39 0 U 5
40 0 U -1
41 1 U 22
42 1 L 36
43 1 L 27
44 1 U -1
45 0 L 17
46 1 U 44
47 0 U 41
48 0 L -1
49 1 U 6
50 0 U 46
51 0 U 12
52 0 L 43
53 0 U -1
54 1 L 45
55 0 U 10
56 1 L 25
57 1 L 13
58 0 L 35
59 1 L 54
60 0 L 33
61 1 L 0
62 1 U -1
63 0 L 59
64 0 U 34
65 1 U 26
66 1 L 57
67 0 L -1
68 0 U 12
69 0 U 37
70 0 U 69
71 1 L 14
72 1 L 21
73 1 L 70
74 0 U 1
75 0 L 30
76 0 L 64
77 1 L 72
78 1 L 77
79
0 0 L -1
1 1 L -1
2 1 L -1
3 1 U 0
4 0 U -1
5 1 U -1
6 1 L -1
7 0 U -1
8 0 U 2
9 1 L 4
10 0 U 4
11 0 U 10
12 1 L 11
13 1 L 10
14 1 U 11
15 1 L 10
16 0 L 5
17 0 U 1
18 1 U 8
19 1 U 11
20 1 U 4
21 0 L -1
22 1 U 1
23 0 U 4
24 0 U -1
25 0 U -1
26 0 U 22
27 0 U 19
28 0 L 14
29 1 L 21
30 0 L 11
31 1 U 26
32 1 L -1
33 0 L 32
34 0 L 28
35 0 L 33
36 1 L 31
37 0 U 21
38 1 U 12
39 0 U 4
40 0 U -1
41 1 U 22
42 1 L 36
43 1 L 27
44 1 U -1
45 0 L 17
46 1 U 44
47 0 U 41
48 0 L -1
49 1 U 6
50 0 U 46
51 0 U 13
52 1 L 43
53 0 L -1
54 1 L 45
55 0 U 10
56 1 L 25
57 1 L 34
58 0 L 35
59 1 L 54
60 0 L 33
61 1 L 0
62 0 U -1
63 1 L 59
64 0 U 52
65 0 U 29
66 1 L 26
67 1 L -1
68 0 U 22
69 0 U 31
70 0 U 69
71 1 L 16
72 1 L 21
73 1 L 70
74 0 U 20
75 1 L 18
76 0 L 64
77 1 L 72
78 1 L 77
79
0 0 U -1
1 1 L -1
2 1 L -1
3 0 U 0
4 0 U -1
5 1 U -1
6 1 L -1
7 0 U -1
8 0 U 2
9 1 L 4
10 0 U 4
11 0 U 10
12 1 L 11
13 1 L 10
14 1 U 11
15 1 L 10
16 0 L 5
17 0 U 1
18 1 U 11
19 1 U 11
20 1 U 4
21 0 L -1
22 1 U 1
23 0 U 4
24 0 U -1
25 0 U -1
26 0 U 22
27 0 U 19
28 1 L 14
29 1 L 21
30 1 L 11
31 1 U 26
32 1 L -1
33 0 L 32
34 0 L 28
35 0 L 33
36 1 L 31
37 1 U -1
38 1 U 12
39 0 U 4
40 0 U -1
41 1 U 22
42 1 L 36
43 1 L 27
44 0 U -1
45 0 L 17
46 1 U 44
47 0 U 41
48 0 L -1
49 1 U 6
50 1 U 46
51 1 U 7
52 1 L 43
53 0 L -1
54 1 L 45
55 1 U 15
56 1 L 25
57 1 L 27
58 0 L 35
59 1 L 54
60 0 L 33
61 1 L 0
62 0 U -1
63 1 L 47
64 0 U 30
65 0 U 29
66 1 L 26
67 1 L -1
68 0 U 50
69 0 U 31
70 0 U 69
71 1 L 16
72 1 L 21
73 1 L 70
74 0 U 23
75 0 L 18
76 0 L 64
77 1 L 72
78 1 L 77
79
0 0 L -1
1 1 L -1
2 1 L -1
3 1 U 0
4 0 U -1
5 1 U -1
6 1 L -1
7 0 U -1
8 0 U 2
9 1 L 4
10 0 U 4
11 0 U 10
12 1 L 11
13 1 L 10
14 1 U 11
15 1 L 10
16 0 L 5
17 0 U 3
18 1 U 8
19 1 U 11
20 1 U 4
21 0 L -1
22 1 U 1
23 0 U 4
24 0 U -1
25 0 U -1
26 0 U 22
27 0 U 19
28 1 L 14
29 1 L 21
30 0 L 16
31 1 U 26
32 1 L -1
33 0 L 32
34 0 L 18
35 0 L 3
36 1 L 31
37 1 U 9
38 1 U 11
39 0 U 4
40 0 U -1
41 1 U 22
42 1 L 36
43 1 L 13
44 0 U -1
45 0 L 17
46 1 U 44
47 0 U 41
48 0 L -1
49 1 U 6
50 1 U 46
51 1 U 7
52 1 L 43
53 0 L -1
54 1 L 45
55 1 U 15
56 1 L 25
57 1 L 27
58 0 L 5
59 1 L 54
60 0 L 33
61 1 L 0
62 0 U -1
63 1 L 47
64 0 U 30
65 0 U 29
66 1 L 26
67 1 L -1
68 1 U 50
69 0 U 31
70 0 U 69
71 0 L 11
72 1 L 21
73 1 L 70
74 0 U 13
75 1 L 71
76 0 L 64
77 1 L 72
78 1 L 77
79
0 0 L -1
1 1 L -1
2 1 L -1
3 1 U 0
4 0 U -1
5 1 U -1
6 1 L -1
7 0 U -1
8 0 U 2
9 1 L 4
10 0 U 4
11 0 U 10
12 0 L 11
13 1 L 10
14 1 U 8
15 1 L 10
16 0 L 5
17 0 U 1
18 1 U 8
19 1 U 11
20 1 U 0
21 0 L -1
22 1 U 1
23 0 U 5
24 0 U -1
25 0 U -1
26 0 U 22
27 0 U 9
28 1 L 14
29 1 L 21
30 1 L 16
31 1 U 26
32 0 L -1
33 0 L 32
34 0 L 28
35 0 L 3
36 1 L 31
37 0 U 19
38 1 U 11
39 0 U 4
40 0 U -1
41 1 U 22
42 1 L 36
43 1 L 13
44 1 U -1
45 0 L 17
46 1 U 44
47 0 U 41
48 0 L -1
49 1 U 6
50 1 U 3
51 0 U 20
52 1 L 43
53 1 L -1
54 1 L 45
55 1 U 15
56 1 L 25
57 1 L 13
58 0 L 5
59 1 L 54
60 0 L 33
61 1 L 6
62 1 U -1
63 1 L 47
64 0 U 43
65 0 U 55
66 1 L 24
67 1 L -1
68 1 U 50
69 0 U 31
70 0 U 69
71 1 L 11
72 1 L 21
73 1 L 70
74 0 U 3
75 0 L 28
76 0 L 64
77 1 L 4
78 1 L 77
