86
0 0 U -1
1 0 U -1
2 0 U -1
3 0 U -1
4 0 U -1
5 0 U -1
6 0 U -1
7 0 U -1
8 0 U -1
9 0 U -1
10 0 U -1
11 0 U -1
12 0 U -1
13 0 U -1
14 0 U -1
15 0 U -1
16 0 U -1
17 0 U -1
18 0 U -1
19 0 U -1
20 0 U -1
21 0 U -1
22 0 U -1
23 0 U -1
24 0 U -1
25 0 U -1
26 0 U -1
27 0 U -1
28 0 U -1
29 0 U -1
30 0 U -1
31 0 U -1
32 0 U -1
33 0 U -1
34 0 U -1
35 0 U -1
36 0 U -1
37 0 U -1
38 0 U -1
39 0 U -1
40 0 U -1
41 0 U -1
42 0 U -1
43 0 U -1
44 0 U -1
45 0 U -1
46 0 U -1
47 0 U -1
48 0 U -1
49 0 U -1
50 0 U -1
51 0 U -1
52 0 U -1
53 0 U -1
54 0 U -1
55 0 U -1
56 0 U -1
57 0 U -1
58 0 U -1
59 0 U -1
60 0 U -1
61 0 U -1
62 0 U -1
63 0 U -1
64 0 U -1
65 0 U -1
66 0 U -1
67 0 U -1
68 0 U -1
69 0 U -1
70 0 U -1
71 0 U -1
72 0 U -1
73 0 U -1
74 0 U -1
75 0 U -1
76 0 U -1
77 0 U -1
78 0 U -1
79 0 U -1
80 0 U -1
81 0 U -1
82 0 U -1
83 0 U -1
84 0 U -1
85 0 U -1
86
0 0 L -1
1 0 L -1
2 0 L -1
3 1 U -1
4 0 U -1
5 1 U 1
6 0 U 3
7 1 U 4
8 0 L -1
9 1 U -1
10 0 U 0
11 1 U 5
12 0 U -1
13 0 U 5
14 1 U 10
15 1 L 6
16 0 L 3
17 0 U 0
18 1 U 9
19 1 L 7
20 1 U -1
21 0 U 18
22 0 U -1
23 1 U 8
24 1 L 3
25 1 U 4
26 0 L 3
27 0 U 18
28 1 L -1
29 0 L 2
30 1 U 27
31 1 L 4
32 0 U 28
33 0 U 17
34 0 U 12
35 1 U -1
36 1 L 11
37 1 U 13
38 0 L 32
39 0 U 33
40 0 L 33
41 1 U 6
42 1 U -1
43 0 L 17
44 1 U 12
45 0 L 44
46 1 L 40
47 0 U 14
48 1 L 44
49 0 U 24
50 1 L 37
51 1 U 45
52 0 L -1
53 1 L 17
54 1 L 0
55 0 U 14
56 0 L 26
57 1 L 32
58 0 U 8
59 0 L 32
60 1 L 27
61 1 U 48
62 0 L 53
63 0 U 55
64 0 U 5
65 1 U 63
66 1 L 23
67 1 U 50
68 0 U -1
69 1 U -1
70 1 L 49
71 1 U 10
72 1 L -1
73 1 U 67
74 1 L 53
75 0 L 40
76 1 L 45
77 1 L -1
78 0 U 62
79 0 L 34
80 0 L 17
81 0 L 57
82 1 L 41
83 0 L 44
84 1 L 34
85 0 L 68
86
0 0 U -1
1 0 L -1
2 0 L -1
3 1 U -1
4 0 U -1
5 1 U 1
6 0 U 3
7 1 U 4
8 0 L -1
9 1 U -1
10 0 U 4
11 1 U 5
12 0 U -1
13 0 U 5
14 1 U 5
15 1 L 6
16 0 L 3
17 0 U 0
18 1 U 9
19 1 L 7
20 0 U -1
21 0 U 2
22 1 U -1
23 1 L 21
24 1 L 6
25 0 U 4
26 1 L 3
27 0 U 18
28 1 L -1
29 1 L 28
30 1 U 11
31 0 L 16
32 0 U 28
33 0 U 17
34 0 U 9
35 1 U -1
36 1 L -1
37 0 U 13
38 0 L 32
39 1 U 33
40 1 L 33
41 1 U 6
42 1 U -1
43 0 L 17
44 1 U 25
45 0 L 44
46 0 L 40
47 0 L 14
48 1 L 44
49 0 U 24
50 1 L 17
51 1 U 45
52 0 L -1
53 1 L 17
54 0 U 3
55 0 U 14
56 1 L 26
57 1 L 32
58 0 L 34
59 0 L 18
60 1 L 33
61 1 U 42
62 1 U 53
63 1 U 55
64 1 L 9
65 0 U 8
66 1 U 63
67 1 U 37
68 1 U -1
69 1 L -1
70 0 L 69
71 1 U 10
72 0 U -1
73 0 U 67
74 1 L 54
75 1 L 34
76 0 L 54
77 1 L 57
78 0 U 4
79 1 L 44
80 0 L 53
81 0 U 74
82 1 U 41
83 1 L 26
84 0 L 80
85 1 L 68
86
0 0 L -1
1 0 L -1
2 0 L -1
3 1 U -1
4 0 U -1
5 1 U 1
6 0 U 3
7 1 U 4
8 0 L -1
9 1 U -1
10 0 U 4
11 1 U 5
12 0 U 4
13 0 U 5
14 1 U 5
15 1 L 6
16 0 L 3
17 0 U 3
18 1 U 9
19 1 L 7
20 0 U -1
21 0 U 13
22 1 U -1
23 0 L 21
24 0 L 3
25 0 U 4
26 0 L 3
27 0 L 21
28 1 L -1
29 1 L 5
30 0 L 21
31 0 U 16
32 0 U 19
33 0 U 7
34 0 U 10
35 0 U -1
36 1 L 28
37 0 U 13
38 0 L 32
39 1 U 5
40 1 L 33
41 1 U 6
42 1 U -1
43 1 L 17
44 1 U 10
45 0 L 44
46 0 L 34
47 0 L 14
48 1 L 35
49 0 U 31
50 1 L 40
51 1 U 16
52 0 L -1
53 1 L 17
54 1 U 25
55 1 U 14
56 1 L 15
57 1 L 32
58 0 L 34
59 0 L 20
60 1 L 35
61 1 U 50
62 1 L 57
63 0 U 61
64 1 L 47
65 0 U 6
66 1 U 20
67 0 U 37
68 1 U -1
69 1 L -1
70 0 U 19
71 0 U 20
72 0 U 68
73 0 U 24
74 1 L 26
75 0 L 34
76 1 L 54
77 0 L 57
78 1 U 67
79 0 L 44
80 0 L 57
81 0 U -1
82 1 U 41
83 0 L 64
84 0 L 80
85 1 L 68
86
0 0 L -1
1 0 L -1
2 0 L -1
3 1 U -1
4 0 U -1
5 1 U 1
6 0 U 3
7 1 U 4
8 0 L -1
9 1 U -1
10 0 U 4
11 1 U 5
12 0 U -1
13 0 U 5
14 1 U 5
15 1 L 6
16 0 L 3
17 0 U 3
18 1 U 9
19 1 L 4
20 0 U -1
21 0 U 8
22 1 U -1
23 1 L 21
24 0 L 3
25 0 U -1
26 0 L 3
27 0 L 21
28 1 L -1
29 0 L 5
30 0 L 21
31 0 U 28
32 0 U 19
33 0 U 7
34 0 U 20
35 0 U 4
36 1 L 1
37 0 U 13
38 0 L 32
39 0 U 6
40 1 L 33
41 1 U 6
42 1 L -1
43 1 L 40
44 1 U 10
45 0 L 44
46 0 L 40
47 0 L 14
48 1 L 35
49 0 U 31
50 1 L 46
51 1 U 38
52 0 L -1
53 0 L -1
54 1 U 3
55 1 U 34
56 1 L 24
57 1 L 12
58 0 L 34
59 0 L 12
60 0 L 39
61 0 U 55
62 1 L 57
63 0 U 48
64 1 L 21
65 1 U 6
66 1 U 7
67 0 U 30
68 0 U -1
69 1 U -1
70 1 L 43
71 0 U 20
72 0 U 68
73 0 U 24
74 1 L 16
75 1 L 34
76 1 L 54
77 0 L 57
78 1 U 67
79 0 L 44
80 1 L 57
81 0 L -1
82 1 U 65
83 0 L 44
84 0 L 57
85 0 L 76
86
0 0 L -1
1 0 L -1
2 0 L -1
3 1 U -1
4 0 U -1
5 1 U 1
6 0 U 3
7 1 U 4
8 0 L -1
9 1 U -1
10 0 U 4
11 1 U 5
12 0 U -1
13 0 U 5
14 1 U 5
15 1 L 3
16 0 L 1
17 0 U 3
18 1 U 7
19 1 L 4
20 0 U -1
21 0 U 2
22 1 U -1
23 0 L 10
24 0 L 3
25 0 U 4
26 0 L 13
27 0 L 24
28 1 L -1
29 1 L 5
30 0 L 21
31 0 U 28
32 1 U 13
33 0 U 1
34 0 U 9
35 0 U 4
36 0 L 1
37 0 U 13
38 0 U 32
39 0 U 6
40 1 L 22
41 1 U 6
42 1 L -1
43 0 L 40
44 1 U 9
45 0 L 44
46 0 L 40
47 0 L 14
48 1 L 35
49 0 U 31
50 1 L 44
51 0 U 16
52 1 L -1
53 0 L -1
54 1 U 10
55 1 U 1
56 1 L 24
57 1 L 12
58 0 L 34
59 0 L 38
60 1 L 37
61 0 U 46
62 1 L 20
63 0 L 48
64 1 L 21
65 1 U 6
66 1 U 7
67 0 U 30
68 0 U -1
69 1 U -1
70 0 L 34
71 0 L 20
72 0 U 5
73 0 U 24
74 1 L 4
75 1 L 34
76 0 L 54
77 0 L 57
78 0 U 42
79 0 L 23
80 0 L -1
81 1 U 25
82 0 U 65
83 0 L 35
84 0 L 79
85 0 L 76
86
0 0 L -1
1 0 L -1
2 0 L -1
3 1 U -1
4 0 U -1
5 1 U 1
6 0 U 3
7 1 U 4
8 1 L -1
9 1 U -1
10 0 U 4
11 1 U 5
12 0 U -1
13 0 U 1
14 1 U 5
15 0 L 5
16 0 L 3
17 0 U 3
18 1 U 7
19 1 L 16
20 0 U 4
21 0 U 2
22 1 U -1
23 0 L 10
24 0 L 3
25 0 U 4
26 0 L 4
27 1 L 23
28 1 L -1
29 1 L 5
30 0 L 21
31 0 U 16
32 1 U 27
33 0 U 5
34 0 U 22
35 0 U -1
36 0 L 5
37 1 U 27
38 1 U 2
39 0 U 6
40 1 L 22
41 1 U 6
42 1 L -1
43 1 L 40
44 1 U 7
45 0 L 44
46 0 L 40
47 0 L 14
48 1 L 35
49 0 U 31
50 0 L 44
51 0 U 3
52 1 L -1
53 0 L 31
54 1 U 10
55 1 U 9
56 0 L 11
57 1 L 32
58 0 L 34
59 0 L 12
60 1 U 37
61 0 U 46
62 0 L 20
63 0 U 48
64 1 U 21
65 1 U 17
66 1 L 13
67 0 U 30
68 1 U -1
69 1 U -1
70 0 U 56
71 0 L 20
72 0 U -1
73 0 U 24
74 0 U 72
75 1 L 40
76 0 L 45
77 0 L 57
78 0 U 10
79 0 L 32
80 0 L -1
81 1 L 34
82 0 L 65
83 0 L 35
84 0 L 79
85 1 L 69
86
0 0 L -1
1 0 L -1
2 0 L -1
3 1 U -1
4 0 U -1
5 1 U 1
6 0 U 3
7 1 U 4
8 1 L 0
9 1 U -1
10 0 U 4
11 1 U 7
12 0 U -1
13 0 U 1
14 1 U 1
15 0 L 1
16 0 L 3
17 0 U 3
18 1 U 7
19 1 L 7
20 0 U 4
21 0 U 2
22 1 U 4
23 0 L 21
24 1 L 6
25 1 U -1
26 0 L 7
27 1 L 10
28 1 L -1
29 1 L 5
30 0 L 21
31 0 U 26
32 1 U 27
33 0 U 23
34 0 U 12
35 1 U -1
36 0 L 5
37 1 U 27
38 1 U 16
39 0 U 6
40 0 L 22
41 1 U 6
42 1 L -1
43 1 L 40
44 1 U 7
45 0 L 44
46 1 U 42
47 0 L 14
48 1 L 39
49 0 U 48
50 1 L 37
51 0 U 3
52 1 L -1
53 0 L 14
54 1 U 10
55 1 U 51
56 0 L 11
57 1 L 32
58 0 L 34
59 0 U 12
60 1 L 15
61 0 L -1
62 1 L 37
63 1 L 48
64 0 U 21
65 1 U 44
66 0 L 13
67 1 U 65
68 0 U -1
69 1 U -1
70 0 U 62
71 0 L 20
72 1 U -1
73 1 U 64
74 1 U 72
75 0 L 40
76 0 L 45
77 0 L 32
78 0 U 10
79 0 L 32
80 1 L -1
81 1 L 40
82 0 L 73
83 1 L 39
84 0 L 79
85 1 L 69
86
0 0 L -1
1 0 L -1
2 0 L -1
3 1 U -1
4 0 U -1
5 1 U 1
6 0 U 3
7 1 U 4
8 1 L 0
9 1 U -1
10 0 U 4
11 1 U 7
12 0 U -1
13 0 U 1
14 1 U 9
15 1 L 5
16 0 L 3
17 0 U 0
18 1 U 7
19 1 L 7
20 0 U 4
21 0 U 11
22 1 U 4
23 1 L 21
24 1 L 1
25 1 U -1
26 0 L 13
27 1 L 21
28 1 L -1
29 0 L 5
30 0 L 21
31 0 U 26
32 1 L 27
33 0 U 12
34 0 U 12
35 0 U -1
36 1 L 5
37 1 U 2
38 0 U 16
39 0 U 6
40 0 L 22
41 1 U 6
42 1 L -1
43 1 L 40
44 1 U 1
45 0 L 44
46 1 U 40
47 0 L 14
48 0 L 39
49 0 U 48
50 1 L 37
51 0 U 3
52 1 L -1
53 0 L 14
54 1 U 10
55 1 U 51
56 0 L 11
57 1 L 32
58 0 L 34
59 0 U 1
60 0 L 36
61 0 L -1
62 0 L 37
63 0 L 48
64 0 U 21
65 1 U 33
66 1 L 36
67 1 U 65
68 1 U -1
69 1 U -1
70 1 L 62
71 1 L 20
72 1 U -1
73 1 U 16
74 0 U 72
75 1 L 70
76 0 L 45
77 1 L 32
78 1 L 37
79 0 L 49
80 1 L -1
81 0 L 40
82 0 L 73
83 0 L 39
84 0 L 18
85 1 L 69
86
0 0 U -1
1 0 L -1
2 0 L -1
3 1 U -1
4 0 U -1
5 1 U 1
6 0 U 3
7 1 U 4
8 1 L 0
9 1 U -1
10 0 U 4
11 1 U 7
12 0 U -1
13 0 L 11
14 1 U 1
15 1 L 5
16 0 L 3
17 0 U 3
18 1 U 7
19 1 L 7
20 0 U 4
21 0 U 11
22 1 U 4
23 0 L 10
24 0 L 23
25 1 U -1
26 0 L 7
27 1 L 21
28 1 L -1
29 0 L 5
30 0 L 21
31 0 U 26
32 1 L 27
33 0 U 7
34 0 U 22
35 1 U -1
36 1 L 1
37 1 U 2
38 1 U 16
39 0 U 6
40 0 L 22
41 1 U 6
42 1 L -1
43 1 L 42
44 1 U 20
45 0 L 39
46 1 U 21
47 0 L 14
48 1 L 39
49 0 U 48
50 1 L 37
51 0 U 3
52 1 L -1
53 0 L 14
54 1 U 10
55 1 U 20
56 1 L 11
57 1 L 32
58 0 L 34
59 0 U 21
60 0 L 29
61 0 L -1
62 0 L 37
63 1 L 48
64 0 U 21
65 1 U 33
66 1 L 44
67 1 U 65
68 1 U -1
69 1 U -1
70 1 L 62
71 0 L 20
72 0 U -1
73 1 U 16
74 0 U 25
75 1 L 70
76 1 L 45
77 1 L 49
78 0 L 37
79 0 L 49
80 1 L -1
81 0 L 40
82 0 L 73
83 0 L 81
84 0 L 18
85 0 L 69
86
0 0 L -1
1 0 L -1
2 0 L -1
3 1 U -1
4 0 U -1
5 1 U 1
6 0 U 3
7 1 U 4
8 1 L 0
9 1 U -1
10 0 U 4
11 1 U 7
12 0 U -1
13 0 L 11
14 1 U 1
15 0 L 5
16 0 L 3
17 0 U 3
18 1 U 7
19 1 L 16
20 0 U 4
21 0 U 18
22 1 U 4
23 1 L 10
24 0 L 23
25 1 U -1
26 0 L 7
27 1 L 21
28 1 L -1
29 1 L 5
30 0 L 21
31 0 U 26
32 1 L 27
33 0 U 20
34 0 U 22
35 1 U -1
36 1 L 1
37 1 U 2
38 0 U 37
39 0 U 6
40 0 L 22
41 1 U 6
42 1 L -1
43 1 L 42
44 1 U 20
45 0 L 35
46 1 U 21
47 0 L 14
48 1 L 39
49 0 U 48
50 1 L 37
51 0 U 3
52 1 L -1
53 0 L 14
54 1 U 10
55 1 U 51
56 1 L 7
57 1 L 32
58 0 L 34
59 0 U 21
60 0 L 36
61 0 L -1
62 0 L 20
63 1 L 48
64 0 U 55
65 1 U 17
66 1 L 44
67 1 U 65
68 1 U -1
69 1 U -1
70 0 L 62
71 1 L 20
72 0 U 35
73 1 U 16
74 0 U 0
75 1 L 70
76 0 L 45
77 1 L 49
78 1 L 18
79 0 L 23
80 1 L -1
81 0 L 25
82 0 L 73
83 0 L 81
84 0 L 20
85 1 L 69
86
0 0 L -1
1 0 L -1
2 0 L -1
3 1 U -1
4 0 U -1
5 1 U 1
6 0 U 3
7 1 U 4
8 1 L 0
9 1 U -1
10 0 U 4
11 1 U 7
12 0 U -1
13 0 L 11
14 1 U 5
15 0 L 3
16 0 L 3
17 0 U 3
18 1 U 7
19 1 L 16
20 0 U 4
21 0 U 11
22 1 U 4
23 1 L 10
24 0 L 23
25 1 U -1
26 0 L 4
27 1 L 21
28 1 L -1
29 0 L 5
30 0 L 21
31 0 U 26
32 1 L 27
33 0 U 5
34 0 U 22
35 1 U -1
36 1 L 1
37 1 U 2
38 0 U 37
39 0 U 14
40 0 L 22
41 1 U 6
42 1 L -1
43 0 L 42
44 1 U 20
45 0 L 35
46 1 U 21
47 0 L 14
48 1 L 35
49 0 U 48
50 1 L 37
51 0 U 3
52 1 L -1
53 0 L 14
54 1 U 10
55 1 U 51
56 1 L 11
57 1 L 12
58 0 L 34
59 0 U 21
60 0 L 36
61 0 L -1
62 0 L 37
63 1 L 48
64 0 U 50
65 1 U 17
66 0 L 44
67 1 U 65
68 0 U -1
69 1 U -1
70 1 L 62
71 1 L 20
72 0 U -1
73 1 U 16
74 0 U 0
75 1 L 70
76 0 L 45
77 1 L 49
78 1 L 57
79 0 L 23
80 0 L -1
81 1 L 25
82 0 L 73
83 0 L 81
84 0 L 37
85 1 L 69
86
0 0 L -1
1 0 L -1
2 0 L -1
3 1 U -1
4 0 U -1
5 1 U 1
6 0 U 3
7 1 U 4
8 1 L 0
9 1 U -1
10 0 U 4
11 1 U 7
12 0 U -1
13 0 L 11
14 1 U 5
15 0 L 5
16 0 L 3
17 0 U 0
18 1 U 7
19 1 L 7
20 0 U -1
21 0 U 18
22 1 U 4
23 1 L 10
24 0 L 23
25 1 U -1
26 0 L 7
27 1 L 21
28 1 L -1
29 1 L 5
30 0 L 21
31 0 U 26
32 1 L 27
33 0 U 5
34 0 U 12
35 1 U -1
36 1 L 1
37 1 U 2
38 0 U 37
39 0 U 6
40 0 L 22
41 1 U 6
42 1 L -1
43 0 L 5
44 1 U 7
45 0 L 35
46 1 U 21
47 0 L 14
48 1 L 39
49 0 U 31
50 1 L 37
51 0 U 3
52 0 L -1
53 0 L 14
54 1 U 10
55 1 U 7
56 1 L 11
57 1 L 12
58 0 L 34
59 0 U 20
60 0 L 7
61 0 L -1
62 0 L 37
63 0 L 48
64 0 U 50
65 1 U 17
66 1 L 44
67 1 U 21
68 1 U -1
69 1 U -1
70 0 L 62
71 1 L 20
72 1 U -1
73 1 U 16
74 0 U 72
75 1 L 70
76 1 L 45
77 1 L 32
78 1 L 40
79 0 L 23
80 0 L -1
81 0 L 25
82 0 L 73
83 1 L 78
84 0 L 20
85 1 L 69
86
0 0 L -1
1 0 L -1
2 0 L -1
3 1 U -1
4 0 U -1
5 1 U 1
6 0 U 3
7 1 U 4
8 1 L 0
9 1 U -1
10 0 U 4
11 1 U 7
12 0 U -1
13 0 L 11
14 1 U 9
15 0 L 3
16 0 L 3
17 0 U 0
18 1 U 7
19 1 L 7
20 0 U -1
21 0 U 18
22 1 U 4
23 1 L 10
24 1 L 23
25 1 U -1
26 0 L 4
27 1 L 21
28 1 L -1
29 1 L 5
30 0 L 21
31 0 U 26
32 1 L 27
33 0 U 5
34 0 U 12
35 1 U -1
36 1 L 1
37 1 U 2
38 0 U 26
39 0 U 6
40 0 L 22
41 1 U 6
42 1 L -1
43 1 L 1
44 1 U 7
45 1 L 35
46 1 U 21
47 0 L 14
48 0 L 39
49 0 U 31
50 1 L 37
51 0 U 3
52 1 L -1
53 0 L 14
54 1 U 10
55 1 U 9
56 1 L 29
57 1 L 12
58 0 L 34
59 0 U 14
60 0 L 4
61 0 L -1
62 0 L 37
63 1 L 48
64 0 U 50
65 1 U 7
66 1 L 44
67 1 U 21
68 1 U -1
69 1 U -1
70 0 L 62
71 1 L 20
72 0 U -1
73 1 U 16
74 1 U 72
75 0 L 70
76 1 L 66
77 1 L 32
78 1 L 40
79 0 L 37
80 0 L -1
81 0 L 25
82 0 L 73
83 1 L 78
84 0 L 20
85 1 L 69
86
0 0 U -1
1 0 L -1
2 0 L -1
3 1 U -1
4 0 U -1
5 1 U 1
6 0 U 3
7 1 U 4
8 1 L 0
9 1 U -1
10 0 U 4
11 1 U 5
12 0 U -1
13 0 L 11
14 1 U 9
15 0 L 5
16 0 L 3
17 0 U 3
18 1 U 7
19 1 L 7
20 0 U -1
21 0 U 18
22 1 U 4
23 0 L 21
24 1 L 23
25 1 U -1
26 0 L 16
27 1 L 21
28 0 L -1
29 0 L 5
30 0 L 21
31 0 U 26
32 1 L 27
33 0 U 12
34 0 U 12
35 0 U -1
36 1 L 5
37 1 U 2
38 0 U 26
39 0 U 6
40 0 L 22
41 1 U 6
42 1 L -1
43 1 L 38
44 1 U 7
45 1 L 35
46 1 U 39
47 0 L 14
48 0 L 39
49 0 U 31
50 1 L 20
51 0 U 3
52 0 L -1
53 0 L 14
54 1 U 10
55 1 U 22
56 1 L 29
57 1 L 12
58 0 L 34
59 0 U 1
60 0 L 48
61 0 L 42
62 0 L 37
63 1 L 48
64 0 U 50
65 1 U 14
66 1 L 44
67 1 U 21
68 1 U -1
69 1 U -1
70 1 L 62
71 0 L 57
72 0 U -1
73 1 U 67
74 1 U 72
75 0 L 70
76 0 L 66
77 1 L 49
78 1 L 40
79 0 L 37
80 0 L -1
81 0 L 11
82 0 L 72
83 1 L 78
84 0 L 20
85 1 L 69
86
0 0 L -1
1 0 L -1
2 0 L -1
3 1 U -1
4 0 U -1
5 1 U 1
6 0 U 3
7 1 U 4
8 0 L 2
9 1 U -1
10 0 U 4
11 1 U 5
12 0 U -1
13 0 L 11
14 1 U 9
15 0 L -1
16 0 L 3
17 0 U 3
18 1 U 7
19 1 L 7
20 0 U -1
21 0 U 18
22 1 U -1
23 0 L 21
24 0 L 2
25 1 U -1
26 0 L 16
27 1 L 21
28 0 L 23
29 0 L 5
30 0 L 21
31 0 U 26
32 1 L 27
33 0 U 7
34 0 U 12
35 1 U -1
36 0 L 5
37 1 U 34
38 0 U 26
39 0 U 6
40 0 L 22
41 1 U 6
42 1 L -1
43 1 L 38
44 1 U 7
45 1 L 35
46 1 U 39
47 0 L 14
48 0 L 35
49 0 U 31
50 1 L 25
51 0 U 3
52 0 L -1
53 0 L 14
54 1 U 10
55 1 U 20
56 1 L 29
57 1 L 12
58 0 L 34
59 0 U 1
60 0 L 28
61 0 L 42
62 0 L 37
63 1 L 48
64 0 U 27
65 1 U 5
66 1 L 44
67 1 U 21
68 1 U -1
69 1 U -1
70 1 L 62
71 0 L 57
72 0 U -1
73 1 U 67
74 1 U 72
75 0 L 70
76 0 L 66
77 1 L 49
78 1 L 40
79 0 L 37
80 0 L -1
81 1 L 62
82 0 L 72
83 1 L 78
84 0 L 60
85 1 L 69
86
0 0 L -1
1 0 L -1
2 0 L -1
3 1 U -1
4 0 U -1
5 1 U 1
6 0 U 3
7 1 U 4
8 0 L 2
9 1 U -1
10 0 U 4
11 1 U 5
12 0 U -1
13 0 L 11
14 1 U 1
15 1 L -1
16 0 L 3
17 0 U 3
18 1 U 7
19 1 L 7
20 0 U -1
21 0 U 18
22 1 U 4
23 1 L 21
24 1 L 1
25 1 U -1
26 0 L 16
27 1 L 21
28 0 L 23
29 1 L 5
30 0 L 21
31 0 U 26
32 1 L 27
33 0 U 1
34 0 U 12
35 1 U -1
36 1 L 5
37 1 U 2
38 0 U 26
39 0 U 6
40 1 L 22
41 1 U 6
42 1 L -1
43 1 L 30
44 1 U 7
45 1 L 35
46 1 U 39
47 0 L 14
48 0 L 35
49 0 U 31
50 1 L 7
51 0 U 3
52 1 L -1
53 0 L 14
54 1 U 10
55 1 U 20
56 0 L 29
57 1 L 12
58 0 L 34
59 0 U 9
60 0 L 28
61 0 L 42
62 0 L 37
63 0 L 48
64 0 U 27
65 1 U 17
66 1 L 44
67 1 U 41
68 1 U -1
69 1 U -1
70 1 L 33
71 1 L 57
72 0 U -1
73 1 U 67
74 0 U 72
75 1 L 70
76 0 L 66
77 1 L 49
78 0 L 40
79 0 L 29
80 1 L -1
81 1 L 62
82 0 L 72
83 0 L 51
84 1 L 60
85 1 L 69
86
0 0 U -1
1 0 L -1
2 0 L -1
3 1 U -1
4 0 U -1
5 1 U 1
6 0 U 3
7 1 U 4
8 0 L 2
9 1 U -1
10 0 U 4
11 1 U 5
12 0 U -1
13 0 L 11
14 1 U 1
15 1 L -1
16 0 L 3
17 0 U 3
18 1 U 1
19 1 L 16
20 0 U -1
21 0 U 2
22 1 U 4
23 1 L 21
24 0 L 2
25 1 U -1
26 0 L 16
27 1 L 21
28 0 L 23
29 1 L 5
30 0 L 21
31 0 U 26
32 1 L 27
33 0 U 14
34 0 U 12
35 1 U -1
36 1 L 1
37 1 U 34
38 0 U 37
39 0 U 6
40 0 L 22
41 1 U 6
42 1 L -1
43 1 L 30
44 1 U 7
45 1 L 35
46 1 U 39
47 0 L 14
48 0 L 35
49 0 U 31
50 1 L 13
51 0 U 3
52 1 L -1
53 0 L 14
54 1 U 10
55 1 U 20
56 0 L 36
57 1 L 49
58 0 L 34
59 0 U 22
60 0 L 28
61 0 L 2
62 0 L 37
63 1 L 48
64 0 U 39
65 1 U 17
66 0 L 58
67 1 U 41
68 0 U -1
69 1 U -1
70 1 L 22
71 0 L 57
72 0 U -1
73 1 U 67
74 0 U 35
75 1 L 70
76 1 L 66
77 1 L 49
78 0 L 18
79 0 L 61
80 1 L -1
81 1 L 62
82 0 L 72
83 1 L 51
84 1 L 60
85 1 L 69
86
0 0 L -1
1 0 L -1
2 0 L -1
3 1 U -1
4 0 U -1
5 1 U 1
6 0 U 3
7 1 U 4
8 0 L 2
9 1 U -1
10 0 U 4
11 1 U 7
12 0 U -1
13 0 L 11
14 1 U 1
15 0 L -1
16 1 L 12
17 0 U 10
18 1 U 12
19 1 L 7
20 0 U -1
21 0 U 11
22 1 U 4
23 0 L 21
24 1 L 2
25 1 U -1
26 0 L 7
27 1 L 21
28 0 L 23
29 1 L 1
30 0 L 21
31 0 U 26
32 1 L 27
33 0 U 1
34 0 U 12
35 1 U -1
36 0 L 1
37 1 U 34
38 0 U 37
39 0 U 6
40 1 L 22
41 1 U 6
42 1 L -1
43 1 L 30
44 1 U 7
45 1 L 35
46 1 U 27
47 0 L 14
48 0 L 35
49 0 U 31
50 1 L 29
51 0 U 3
52 1 L -1
53 0 L 14
54 1 U 10
55 1 U 20
56 1 L 4
57 1 L 49
58 0 L 34
59 0 U 20
60 0 L 28
61 0 L 2
62 0 L 37
63 1 L 48
64 0 U 39
65 1 U 14
66 0 L 58
67 1 U 41
68 1 U -1
69 1 U -1
70 1 L 22
71 0 L 57
72 0 U -1
73 1 U 67
74 0 U 35
75 1 L 70
76 1 L 66
77 1 L 12
78 1 L 77
79 1 L 61
80 1 L -1
81 0 L 54
82 0 L 72
83 1 L 51
84 0 L 20
85 1 L 69
86
0 0 U -1
1 0 L -1
2 0 L -1
3 1 U -1
4 0 U -1
5 1 U 1
6 0 U 3
7 1 U 4
8 0 L 2
9 1 U -1
10 0 U 4
11 1 U 5
12 0 U -1
13 0 L 11
14 1 U 9
15 0 L -1
16 0 U 15
17 0 U 3
18 1 U 1
19 1 L 7
20 0 U -1
21 0 U 2
22 1 U 4
23 0 L 21
24 0 L 5
25 1 U -1
26 0 L 7
27 1 L 21
28 0 L 23
29 0 L 5
30 0 L 21
31 0 U 26
32 1 L 27
33 0 U 1
34 0 U 12
35 0 U -1
36 1 L 1
37 1 U 34
38 0 U 26
39 0 U 6
40 0 L 22
41 1 U 6
42 1 L -1
43 1 L 38
44 1 U 7
45 1 L 39
46 1 U 27
47 0 L 14
48 0 L 39
49 0 U 31
50 1 L 13
51 0 U 3
52 1 L -1
53 0 L 14
54 1 U 10
55 1 U 20
56 1 L 29
57 1 L 49
58 0 L 22
59 0 U 1
60 0 L 28
61 1 L 2
62 0 L 20
63 1 L 48
64 0 U 59
65 1 U 14
66 0 L 44
67 1 U 41
68 0 U -1
69 1 U -1
70 0 L 62
71 1 L 57
72 0 U -1
73 1 U 67
74 0 U 0
75 0 L 70
76 1 L 66
77 1 L 32
78 1 L 20
79 1 L 3
80 1 L -1
81 1 L 41
82 0 L 72
83 0 L 75
84 0 L 62
85 1 L 69
86
0 0 U -1
1 0 L -1
2 0 L -1
3 1 U -1
4 0 U -1
5 1 U 1
6 0 U 3
7 1 U 4
8 0 L 2
9 1 U -1
10 0 U 4
11 1 U 5
12 0 U -1
13 0 L 11
14 1 U 1
15 1 L -1
16 0 U 14
17 0 U 10
18 1 U 12
19 1 L 7
20 0 U -1
21 0 U 2
22 1 U 4
23 1 L 21
24 0 L 0
25 1 U -1
26 0 L 7
27 1 L 21
28 0 L 23
29 0 L 5
30 0 L 21
31 0 U 26
32 1 L 27
33 0 U 1
34 0 U 12
35 0 U -1
36 1 L 1
37 1 U 34
38 0 U 26
39 0 U 16
40 0 L 25
41 1 U 6
42 1 L -1
43 1 L 38
44 1 U 7
45 1 L 39
46 1 U 27
47 0 L 14
48 0 L 35
49 0 U 31
50 1 L 20
51 0 U 3
52 1 L -1
53 0 L 9
54 1 U 10
55 1 U 20
56 1 L 29
57 1 L 49
58 1 L 22
59 0 U 1
60 0 L 28
61 1 L 0
62 0 L 20
63 0 L 48
64 0 U 59
65 1 U 14
66 1 L 39
67 1 U 41
68 1 U -1
69 1 U -1
70 0 L 62
71 1 L 57
72 1 U -1
73 1 U 67
74 0 U 72
75 1 L 70
76 1 L 66
77 0 L 32
78 1 L 20
79 0 L 3
80 1 L -1
81 0 L 32
82 0 L 59
83 0 L 75
84 0 L 62
85 1 L 69
86
0 0 U -1
1 0 L -1
2 0 L -1
3 1 U -1
4 0 U -1
5 1 U 1
6 0 U 3
7 1 U 4
8 0 L 2
9 1 U -1
10 0 U 4
11 1 U 5
12 0 U -1
13 0 L 11
14 1 U 1
15 1 L -1
16 0 U 14
17 0 U 10
18 1 U 12
19 1 L 7
20 0 U -1
21 0 U 2
22 1 U -1
23 1 L 21
24 1 L 15
25 1 U -1
26 0 L 11
27 1 L 21
28 0 L 23
29 0 L 5
30 0 L 21
31 0 U 26
32 1 L 27
33 0 U 1
34 0 U 12
35 1 U -1
36 1 L 1
37 1 U 34
38 0 U 26
39 0 U 16
40 0 L 25
41 1 U 6
42 1 L -1
43 0 L 4
44 1 U 1
45 1 L 39
46 1 U 27
47 0 L 14
48 0 L 40
49 0 U 31
50 1 L 0
51 0 U 3
52 0 L -1
53 0 L 9
54 1 U 10
55 1 U 20
56 0 L 36
57 1 L 28
58 1 L 22
59 0 U 1
60 0 L 49
61 0 L 42
62 0 L 20
63 1 L 48
64 0 U 59
65 1 U 14
66 0 L 35
67 1 U 41
68 1 U -1
69 1 U -1
70 0 L 62
71 1 L 57
72 1 U -1
73 1 U 67
74 0 U 72
75 0 L 70
76 1 L 66
77 0 L 32
78 1 L 20
79 1 U 43
80 0 L -1
81 0 L 5
82 0 L 59
83 1 L 75
84 0 L 78
85 1 L 69
86
0 0 U -1
1 0 L -1
2 0 L -1
3 1 U -1
4 0 U -1
5 1 U 1
6 0 U 3
7 1 U 4
8 0 L 2
9 1 U -1
10 0 U 4
11 1 U 5
12 0 U -1
13 0 L 11
14 1 U 1
15 1 L -1
16 0 U 14
17 0 U 3
18 1 U 12
19 1 L 7
20 0 U -1
21 0 U 18
22 1 U -1
23 1 L 21
24 0 L 15
25 1 U -1
26 0 L 7
27 1 L 21
28 0 L 23
29 1 L 24
30 1 U 15
31 0 U 26
32 1 L 27
33 0 U 17
34 0 U 12
35 0 U -1
36 1 L 24
37 1 U 34
38 0 U 26
39 0 U 6
40 0 L 25
41 1 U 6
42 1 L -1
43 0 L 4
44 1 U 1
45 1 L 39
46 1 U 27
47 0 L 14
48 0 L 40
49 0 U 48
50 1 L 24
51 0 U 3
52 0 L -1
53 0 L 20
54 1 U 10
55 1 U 10
56 0 L 36
57 1 L 28
58 1 L 22
59 0 U 1
60 0 U 49
61 0 L 52
62 0 L 20
63 0 L 48
64 0 U 27
65 1 U 1
66 1 L 35
67 1 U 41
68 1 U -1
69 1 U -1
70 0 L 62
71 1 L 57
72 1 U -1
73 1 U 67
74 1 U 72
75 1 L 70
76 1 L 48
77 0 L 32
78 1 L 20
79 1 U 43
80 1 L -1
81 0 L 5
82 0 L 64
83 0 L 75
84 0 L 62
85 1 L 69
86
0 0 U -1
1 0 L -1
2 0 L -1
3 1 U -1
4 0 U -1
5 1 U 1
6 0 U 3
7 1 U 4
8 0 L 2
9 1 U -1
10 0 U 4
11 1 U 7
12 0 U -1
13 0 L 11
14 1 U 1
15 1 L -1
16 0 U 5
17 0 U 0
18 1 U 12
19 1 L 7
20 0 U -1
21 0 U 2
22 1 U -1
23 0 L 21
24 0 L 15
25 1 U -1
26 0 L 4
27 1 L 21
28 0 L 23
29 1 L 24
30 1 U 21
31 0 U 26
32 1 L 27
33 0 U 17
34 0 U 12
35 1 U -1
36 1 L 5
37 1 U 34
38 0 U 26
39 0 U 6
40 1 L 5
41 1 U 6
42 1 L -1
43 0 U 29
44 1 U 1
45 1 L 35
46 1 U 21
47 0 L 14
48 0 L 39
49 0 U 48
50 1 L 34
51 0 U 3
52 1 L -1
53 0 L 14
54 1 U 10
55 1 U 10
56 1 L 29
57 1 L 28
58 1 L 22
59 0 U 1
60 0 L 22
61 1 L 0
62 0 L 20
63 0 L 48
64 0 U 27
65 1 U 7
66 0 L 3
67 1 U 41
68 1 U -1
69 1 U -1
70 0 L 62
71 1 L 57
72 0 U -1
73 1 U 67
74 1 U 72
75 0 L 70
76 0 L 48
77 1 L 32
78 1 L 20
79 1 U 40
80 1 L -1
81 0 L 37
82 0 L 73
83 0 L 75
84 0 L 71
85 1 L 69
86
0 0 U -1
1 0 L -1
2 0 L -1
3 1 U -1
4 0 U -1
5 1 U 1
6 0 U 3
7 1 U 4
8 0 L 2
9 1 U -1
10 0 U 4
11 1 U 7
12 0 U -1
13 0 L 11
14 1 U 9
15 0 L -1
16 0 U 5
17 0 U 3
18 1 U 9
19 1 L 7
20 0 U -1
21 0 U 18
22 1 U -1
23 0 L 21
24 1 L 15
25 1 U -1
26 0 L 13
27 1 L 21
28 0 L 23
29 1 L 1
30 0 L 16
31 0 U 26
32 1 L 27
33 0 U 20
34 0 U 12
35 1 U -1
36 1 L 1
37 1 U 34
38 0 U 26
39 0 U 6
40 1 L 5
41 1 U 6
42 1 L -1
43 0 U 26
44 1 U 7
45 1 L 35
46 1 U 27
47 0 L 14
48 0 L 39
49 0 U 48
50 0 L 25
51 0 U 3
52 1 L -1
53 0 L 14
54 1 U 10
55 1 U 10
56 0 L 29
57 1 L 28
58 1 L 22
59 0 U 1
60 1 L 40
61 1 L 0
62 0 L 20
63 1 L 48
64 0 U 59
65 1 U 1
66 1 L 11
67 1 U 41
68 1 U -1
69 1 U -1
70 0 L 62
71 1 L 57
72 0 U -1
73 1 U 67
74 1 U 72
75 1 L 70
76 1 L 48
77 0 L 32
78 0 L 45
79 1 L 39
80 1 L -1
81 0 L 77
82 0 L 73
83 1 L 58
84 0 L 71
85 1 L 69
86
0 0 L -1
1 0 L -1
2 0 L -1
3 1 U -1
4 0 U -1
5 1 U 1
6 0 U 3
7 1 U 4
8 0 L 2
9 1 U -1
10 0 U 4
11 1 U 7
12 0 U -1
13 0 L 11
14 1 U 1
15 1 L -1
16 0 U 5
17 0 U 10
18 1 U 9
19 1 L 7
20 0 U -1
21 0 U 18
22 1 U -1
23 1 L 21
24 1 L 15
25 1 U -1
26 0 L 4
27 1 L 21
28 0 L 23
29 1 L 1
30 1 U 21
31 0 U 26
32 1 L 27
33 0 U 14
34 0 U 12
35 0 U -1
36 1 L 24
37 1 U 34
38 0 U 26
39 0 U 6
40 0 L 5
41 1 U 6
42 1 L -1
43 1 U 37
44 1 U 26
45 1 L 35
46 1 U 27
47 0 L 14
48 0 L 39
49 0 U 48
50 1 L 22
51 1 U 3
52 1 L -1
53 0 L 21
54 1 U 10
55 1 U 20
56 0 L 29
57 1 L 28
58 1 L 22
59 0 U 1
60 1 L 8
61 1 L 0
62 0 L 20
63 1 L 48
64 0 U 27
65 1 U 1
66 1 L 20
67 1 U 27
68 0 U -1
69 1 U -1
70 1 L 66
71 1 L 57
72 1 U -1
73 1 U 67
74 0 U 72
75 0 L 70
76 0 L 48
77 0 L 49
78 0 L 19
79 1 L 39
80 1 L -1
81 0 L 3
82 0 U 73
83 1 L 58
84 1 L 66
85 1 L 69
86
0 0 L -1
1 0 L -1
2 0 L -1
3 1 U -1
4 0 U -1
5 1 U 1
6 0 U 3
7 1 U 4
8 0 L 2
9 1 U -1
10 0 U 4
11 1 U 7
12 0 U -1
13 0 L 11
14 1 U 9
15 0 L -1
16 0 U 5
17 0 U 3
18 1 U 9
19 1 L 4
20 0 U -1
21 0 U 2
22 1 U -1
23 1 L 21
24 0 L 15
25 1 U -1
26 0 L 11
27 1 L 21
28 0 L 23
29 1 L 24
30 1 U 15
31 0 U 26
32 1 L 27
33 0 U 20
34 0 U 12
35 0 U -1
36 1 L 24
37 1 U 34
38 0 U 30
39 0 U 6
40 1 L 1
41 1 U 6
42 1 L -1
43 1 U 37
44 1 U 26
45 0 L 35
46 1 U 3
47 0 L 14
48 0 L 39
49 0 U 48
50 1 L 34
51 1 U 3
52 0 L -1
53 0 L 37
54 1 U 10
55 1 U 12
56 0 L 29
57 1 L 28
58 1 L 22
59 0 U 1
60 1 L 8
61 0 L 2
62 0 L 37
63 1 L 48
64 0 U 55
65 1 U 7
66 1 L 44
67 1 U 27
68 1 U -1
69 1 U -1
70 1 L 62
71 1 L 57
72 1 U -1
73 1 U 67
74 0 U 72
75 0 L 70
76 1 L 48
77 0 L 49
78 1 L 7
79 1 U 2
80 1 L -1
81 0 L 48
82 0 L 73
83 0 L 58
84 0 L 66
85 1 L 64
86
0 0 L -1
1 0 L -1
2 0 L -1
3 1 U -1
4 0 U -1
5 1 U 1
6 0 U 3
7 1 U 4
8 0 L 2
9 1 U -1
10 0 U 4
11 1 U 7
12 0 U -1
13 0 L 11
14 1 U 7
15 0 L -1
16 0 U 5
17 0 U 3
18 1 U 9
19 1 L 7
20 0 U -1
21 0 U 8
22 1 U -1
23 1 L 21
24 0 L 15
25 1 U 4
26 0 L 7
27 1 L 21
28 0 L 23
29 1 L 24
30 1 U 19
31 0 U 26
32 1 L 27
33 0 U 1
34 0 U 12
35 1 U -1
36 1 L 24
37 1 U 34
38 0 U 30
39 1 U 23
40 0 L 1
41 1 U 16
42 1 L -1
43 1 U 26
44 1 U 30
45 0 L 35
46 1 U 3
47 0 L 14
48 0 L 35
49 0 U 48
50 1 L 34
51 1 U 35
52 1 L -1
53 0 L 37
54 0 U 10
55 1 U 12
56 0 L 29
57 1 L 28
58 1 L 22
59 0 U 7
60 1 L 8
61 1 L 2
62 0 L 37
63 1 L 48
64 0 U 8
65 1 U 7
66 1 L 44
67 0 U 27
68 1 U -1
69 1 U -1
70 1 L 62
71 1 L 57
72 1 U -1
73 1 U 67
74 0 U 72
75 1 L 70
76 1 L 48
77 0 L 49
78 1 L 7
79 1 U 2
80 1 L -1
81 0 L 48
82 0 L 73
83 0 L 58
84 0 L 22
85 1 L 64
86
0 0 U -1
1 0 L -1
2 0 L -1
3 1 U -1
4 0 U -1
5 1 U 1
6 0 U 3
7 1 U 4
8 0 L 2
9 1 U -1
10 0 U 4
11 1 U 7
12 0 U -1
13 0 L 11
14 1 U 7
15 0 L -1
16 0 U 5
17 0 U 3
18 1 U 9
19 1 L 7
20 0 U -1
21 0 U 8
22 1 U -1
23 0 L 21
24 0 L 15
25 1 U 4
26 0 L 7
27 1 L 21
28 0 L 23
29 1 L 24
30 1 U 15
31 0 U 26
32 1 L 27
33 1 U 5
34 0 U 20
35 1 U -1
36 1 L 5
37 1 U 34
38 0 U 30
39 1 U 23
40 0 L 1
41 1 U 16
42 1 L -1
43 1 U 26
44 1 U 30
45 1 L 35
46 1 U 3
47 0 L 14
48 0 L 35
49 0 U 48
50 1 L 34
51 1 U 25
52 1 L -1
53 0 L 37
54 0 U 10
55 1 U 12
56 0 L 29
57 1 L 28
58 1 L 22
59 0 U 7
60 1 L 8
61 1 L 2
62 0 L 20
63 0 L 48
64 0 U 8
65 1 U 7
66 1 L 20
67 1 U 11
68 0 U -1
69 0 U -1
70 1 L 62
71 1 L 57
72 0 U -1
73 1 U 64
74 1 U 72
75 0 L 70
76 1 L 48
77 0 L 49
78 1 L 60
79 1 U 2
80 1 L -1
81 1 L 18
82 0 L 73
83 0 L 58
84 0 L 22
85 0 L 64
86
0 0 L -1
1 0 L -1
2 0 L -1
3 1 U -1
4 0 U -1
5 1 U 1
6 0 U 3
7 1 U 4
8 0 L 2
9 1 U -1
10 0 U 4
11 1 U 7
12 0 U -1
13 0 L 11
14 1 U 1
15 0 L -1
16 0 U 14
17 0 U 10
18 1 U 9
19 1 L 11
20 0 U -1
21 0 U 2
22 1 U -1
23 1 L 21
24 1 L 15
25 1 U -1
26 0 L 11
27 1 L 21
28 0 L 23
29 1 L 24
30 1 U 15
31 0 U 26
32 1 L 27
33 0 U 12
34 0 U 20
35 1 U -1
36 0 L 5
37 1 U 34
38 0 U 30
39 1 U 23
40 0 L 5
41 1 U 16
42 1 L -1
43 1 U 29
44 1 U 37
45 0 L 35
46 1 U 35
47 0 L 14
48 0 L 35
49 0 U 48
50 1 L 34
51 1 U 3
52 1 L -1
53 0 L 37
54 1 U 10
55 1 U 10
56 0 L 29
57 1 L 49
58 1 L 22
59 0 U 7
60 0 L 8
61 1 L 5
62 0 L 20
63 0 L 48
64 0 U 41
65 1 U 7
66 1 L 44
67 1 U 59
68 1 U -1
69 1 U -1
70 0 L 62
71 1 L 57
72 1 U -1
73 1 U 67
74 1 U 3
75 1 L 70
76 0 L 48
77 0 L 49
78 1 L 60
79 1 U 55
80 1 L -1
81 0 L 77
82 0 L 73
83 0 L 58
84 0 L 22
85 0 L 64
86
0 0 L -1
1 0 L -1
2 0 L -1
3 1 U -1
4 0 U -1
5 1 U 1
6 0 U 3
7 1 U 4
8 0 L 2
9 1 U -1
10 0 U 4
11 1 U 7
12 0 U -1
13 0 L 11
14 1 U 7
15 1 L -1
16 0 U 14
17 0 U 3
18 1 U 12
19 1 L 7
20 0 U -1
21 0 U 18
22 1 U -1
23 0 L 21
24 0 L 15
25 1 U -1
26 0 L 4
27 1 L 21
28 0 L 23
29 1 L 24
30 1 U 15
31 0 U 26
32 1 L 27
33 0 U 7
34 0 U 20
35 0 U -1
36 0 L 5
37 1 U 34
38 0 U 30
39 1 U 23
40 0 L 5
41 1 U 16
42 1 L -1
43 0 U 42
44 1 U 37
45 0 L 35
46 1 U 35
47 0 L 14
48 0 L 35
49 0 U 48
50 1 L 34
51 1 U 3
52 1 L -1
53 0 L 37
54 1 U 20
55 1 U 10
56 0 L 29
57 1 L 49
58 1 L 22
59 0 U 7
60 0 L 8
61 1 L 5
62 0 L 20
63 0 L 48
64 0 U 41
65 1 U 7
66 1 L 44
67 1 U 27
68 0 U -1
69 0 U -1
70 0 L 62
71 1 L 57
72 0 U -1
73 1 U 26
74 1 U 3
75 1 L 70
76 1 L 48
77 0 L 49
78 0 L 60
79 1 U 55
80 0 L -1
81 1 L 77
82 0 L 73
83 0 L 58
84 0 L 22
85 0 L 64
86
0 0 U -1
1 0 L -1
2 0 L -1
3 1 U -1
4 0 U -1
5 1 U 1
6 0 U 3
7 1 U 4
8 0 L 2
9 1 U -1
10 0 U 4
11 1 U 7
12 0 U -1
13 0 L 11
14 1 U 1
15 1 L -1
16 0 U 14
17 0 U 10
18 1 U 12
19 1 L 7
20 0 U -1
21 0 U 18
22 1 U -1
23 0 L 21
24 1 L 15
25 1 U -1
26 0 L 11
27 1 L 21
28 0 L 23
29 1 L 24
30 1 U 15
31 0 U 26
32 1 L 27
33 0 U 10
34 0 U 20
35 0 U -1
36 0 L 5
37 1 U 34
38 0 U 30
39 1 U 23
40 0 L 1
41 1 U 16
42 1 L -1
43 1 U 30
44 1 U 37
45 0 L 35
46 1 U 35
47 0 L 16
48 0 L 35
49 0 U 48
50 1 L 34
51 1 U 3
52 1 L -1
53 0 L 37
54 1 U 20
55 1 U 10
56 0 L 40
57 1 L 49
58 1 L 22
59 0 U 7
60 0 L 8
61 1 L 5
62 0 L 20
63 1 L 48
64 0 U 8
65 1 U 7
66 1 L 44
67 0 U 8
68 1 U -1
69 0 U -1
70 0 L 62
71 1 L 57
72 0 U -1
73 1 U 26
74 1 U 3
75 1 L 70
76 0 L 48
77 0 L 28
78 1 L 60
79 1 U 21
80 0 L -1
81 1 L 77
82 0 L 73
83 0 L 58
84 0 L 62
85 0 L 64
86
0 0 U -1
1 0 L -1
2 0 L -1
3 1 U -1
4 0 U -1
5 1 U 1
6 0 U 3
7 1 U 4
8 0 L 2
9 1 U -1
10 0 U -1
11 1 U 7
12 0 U -1
13 0 L 11
14 1 U 1
15 1 L -1
16 0 U 14
17 0 U 0
18 1 U 12
19 1 L 7
20 0 U -1
21 0 U 18
22 1 U -1
23 0 L 21
24 0 L 15
25 1 U -1
26 0 L 7
27 1 L 21
28 0 L 23
29 1 L 1
30 1 U 15
31 0 U 26
32 1 L 27
33 0 U 9
34 0 U 20
35 0 U -1
36 1 L 5
37 1 U 34
38 0 U 29
39 1 U 23
40 0 L 1
41 1 U 16
42 1 L -1
43 1 U 42
44 1 U 37
45 0 L 35
46 1 U 35
47 0 L 16
48 0 L 35
49 0 U 48
50 1 L 34
51 1 U 3
52 0 L -1
53 0 L 37
54 1 U 20
55 1 U 12
56 0 L 40
57 1 L 49
58 1 L 22
59 0 U 7
60 0 L 8
61 1 L 5
62 0 L 20
63 1 L 48
64 0 U 8
65 1 U 7
66 1 L 44
67 0 U 53
68 0 U -1
69 1 U -1
70 0 L 62
71 1 L 57
72 1 U -1
73 1 U 26
74 1 U 3
75 1 L 70
76 0 L 48
77 0 L 28
78 1 L 60
79 1 U 34
80 0 L -1
81 1 L 77
82 0 L 73
83 0 L 39
84 0 L 62
85 0 L 64
86
0 0 L -1
1 0 L -1
2 0 L -1
3 1 U -1
4 0 U -1
5 1 U 1
6 0 U 3
7 1 U 4
8 0 L 2
9 1 U -1
10 0 U -1
11 1 U 7
12 0 U -1
13 0 L 11
14 1 U 1
15 0 L -1
16 0 U 14
17 0 U 10
18 1 U 9
19 1 L 11
20 0 U -1
21 0 U 18
22 1 U -1
23 1 L 21
24 1 L 15
25 1 U -1
26 0 L 7
27 1 L 21
28 0 L 23
29 1 L 5
30 1 U 19
31 0 U 26
32 1 L 27
33 0 U 9
34 0 U 20
35 0 U -1
36 1 L 5
37 1 U 34
38 0 U 30
39 1 U 23
40 0 L 1
41 1 U 16
42 1 L -1
43 1 U 42
44 1 U 37
45 0 L 35
46 1 U 35
47 0 L 16
48 0 L 35
49 0 U 48
50 1 L 34
51 1 U 35
52 1 L -1
53 0 L 20
54 1 U 20
55 1 U 12
56 0 L 40
57 1 L 49
58 1 L 22
59 0 U 7
60 0 L 8
61 1 L 5
62 0 L 20
63 0 L 48
64 0 U 8
65 1 U 7
66 1 L 44
67 0 U 21
68 0 U -1
69 0 U -1
70 1 L 33
71 1 L 57
72 0 U -1
73 1 U 26
74 1 U 3
75 0 L 53
76 1 L 48
77 0 L 28
78 1 L 60
79 1 U 34
80 0 L -1
81 1 L 77
82 0 L 73
83 0 L 39
84 0 L 62
85 0 L 64
86
0 0 U -1
1 0 L -1
2 0 L -1
3 1 U -1
4 0 U -1
5 1 U 1
6 0 U 3
7 1 U 4
8 0 L 2
9 1 U -1
10 0 U 4
11 1 U 7
12 0 U -1
13 0 L 11
14 1 U 1
15 1 L -1
16 0 U 14
17 0 U 3
18 1 U 9
19 1 L 11
20 0 U -1
21 0 U 18
22 1 U -1
23 0 L 21
24 0 L 15
25 1 U -1
26 0 L 7
27 1 L 9
28 0 L 23
29 1 L 5
30 1 U 19
31 0 U 26
32 1 L 27
33 0 U 10
34 0 U 20
35 0 U -1
36 0 L 1
37 1 U 34
38 0 U 29
39 1 U 23
40 0 L 5
41 1 U 16
42 1 L -1
43 0 U 26
44 1 U 37
45 0 L 35
46 1 U 3
47 0 L 16
48 0 L 35
49 0 U 48
50 1 L 34
51 1 U 35
52 0 L -1
53 0 L 44
54 1 U 20
55 1 U 10
56 0 L 40
57 1 L 49
58 1 L 22
59 0 U 7
60 0 L 8
61 1 L 5
62 0 L 20
63 0 L 48
64 0 U 8
65 1 U 7
66 1 L 44
67 0 U 59
68 0 U -1
69 1 U -1
70 1 L 33
71 1 L 57
72 0 U -1
73 1 U 32
74 1 U 3
75 1 L 53
76 0 L 48
77 0 L 28
78 1 L 60
79 1 U -1
80 0 L -1
81 1 L 71
82 0 L 73
83 0 L 39
84 0 L 33
85 0 L 64
86
0 0 L -1
1 0 L -1
2 0 L -1
3 1 U -1
4 0 U -1
5 1 U 1
6 0 U 3
7 1 U 4
8 0 L 2
9 1 U -1
10 0 U 4
11 1 U 7
12 0 U -1
13 0 L 11
14 1 U 1
15 1 L -1
16 0 U 14
17 0 U 10
18 1 U 9
19 1 L 11
20 0 U -1
21 0 U 8
22 1 U -1
23 1 L 9
24 1 L 15
25 1 U -1
26 0 L 11
27 1 L 9
28 0 L 23
29 1 L 5
30 1 U 19
31 0 U 26
32 1 L 27
33 0 U 22
34 0 U 20
35 0 U -1
36 0 L 5
37 1 U 2
38 0 U 30
39 1 U 23
40 0 L 5
41 1 U 16
42 1 L -1
43 1 U 30
44 1 U 37
45 0 L 35
46 1 U 3
47 0 L 16
48 0 L 35
49 0 U 48
50 1 L 34
51 1 U 35
52 0 L -1
53 0 L 20
54 1 U 20
55 1 U 10
56 0 L 40
57 1 L 49
58 1 L 22
59 0 U 7
60 0 L 8
61 1 L 42
62 0 L 20
63 0 L 48
64 0 U 8
65 1 U 7
66 1 L 44
67 0 U 59
68 0 U -1
69 1 U -1
70 1 L 33
71 1 L 57
72 0 U -1
73 1 U 32
74 1 U 3
75 1 L 70
76 1 L 48
77 0 L 32
78 1 L 75
79 1 U 53
80 0 L -1
81 1 L 71
82 0 L 73
83 0 L 58
84 0 L 33
85 0 L 64
86
0 0 U -1
1 0 L -1
2 0 L -1
3 1 U -1
4 0 U -1
5 1 U 1
6 0 U 3
7 1 U 4
8 0 L 2
9 1 U -1
10 0 U 4
11 1 U 7
12 0 U -1
13 0 L 11
14 1 U 1
15 1 L -1
16 0 U 14
17 0 U 0
18 1 U 12
19 1 L 11
20 0 U -1
21 0 U 8
22 1 U -1
23 0 L 21
24 1 L 15
25 1 U -1
26 0 L 11
27 1 L 21
28 0 L 23
29 1 L 5
30 1 U 19
31 0 U 26
32 1 L 27
33 0 U 10
34 0 U 20
35 0 U -1
36 1 L 1
37 1 U 34
38 0 U 30
39 1 U 23
40 0 L 1
41 1 U 16
42 1 L -1
43 1 U 37
44 1 U 37
45 0 L 35
46 1 U 3
47 0 L 16
48 0 L 35
49 0 U 48
50 1 L 34
51 1 U 3
52 1 L -1
53 0 L 20
54 1 U 10
55 1 U 10
56 0 L 40
57 1 L 49
58 1 L 22
59 0 U 7
60 0 L 8
61 1 L 42
62 0 L 20
63 0 L 48
64 0 U 8
65 1 U 7
66 1 L 20
67 0 U 59
68 0 U -1
69 1 U -1
70 1 L 33
71 1 L 57
72 1 U -1
73 1 U 32
74 1 U 25
75 0 L 70
76 1 L 48
77 0 L 32
78 1 L 75
79 1 U 28
80 1 L -1
81 1 L 71
82 0 L 73
83 0 L 58
84 0 L 33
85 0 L 64
86
0 0 L -1
1 0 L -1
2 0 L -1
3 1 U -1
4 0 U -1
5 1 U 1
6 0 U 3
7 1 U 4
8 0 L 2
9 1 U -1
10 0 U 4
11 1 U 7
12 0 U -1
13 0 L 11
14 1 U 1
15 1 L -1
16 0 U 14
17 0 U 0
18 1 U 12
19 1 L 7
20 0 U -1
21 0 U 2
22 1 U -1
23 0 L 21
24 0 L 15
25 1 U -1
26 0 L 7
27 1 L 21
28 0 L 23
29 1 L 5
30 1 U 19
31 0 U 26
32 1 L 27
33 0 U 7
34 0 U 20
35 0 U -1
36 0 L 1
37 1 U 34
38 0 U 29
39 1 U 23
40 0 L 1
41 1 U 16
42 1 L -1
43 0 U 30
44 1 U 37
45 0 L 35
46 1 U 3
47 0 L 16
48 1 L 35
49 0 U 48
50 1 L 34
51 1 U 3
52 1 L -1
53 0 L 20
54 1 U 10
55 1 U 10
56 0 L 40
57 1 L 49
58 1 L 22
59 0 U 7
60 0 L 8
61 1 L 0
62 0 L 37
63 0 L 48
64 0 U 8
65 1 U 7
66 1 L 20
67 1 U 59
68 1 U -1
69 1 U -1
70 1 L 33
71 1 L 57
72 1 U -1
73 1 U 30
74 1 U 0
75 1 L 70
76 0 L 48
77 0 L 12
78 1 L 75
79 1 U 34
80 1 L -1
81 1 L 71
82 0 L 73
83 0 L 58
84 0 L 33
85 0 L 76
86
0 0 L -1
1 0 L -1
2 0 L -1
3 1 U -1
4 0 U -1
5 1 U 1
6 0 U 3
7 1 U 4
8 0 L 2
9 1 U -1
10 0 U 4
11 1 U 7
12 0 U -1
13 0 L 11
14 1 U 1
15 0 L -1
16 0 U 5
17 0 U 10
18 1 U 12
19 1 L 7
20 0 U -1
21 0 U 18
22 1 U -1
23 1 L 21
24 1 L 15
25 1 U -1
26 0 L 7
27 1 L 21
28 0 L 23
29 1 L 24
30 1 U 19
31 0 U 26
32 1 L 27
33 0 U 20
34 0 U 20
35 0 U -1
36 1 L 1
37 1 U 34
38 0 U 29
39 1 U 23
40 0 L 1
41 1 U 16
42 1 L -1
43 1 U 42
44 1 U 37
45 0 L 35
46 1 L 3
47 0 L 16
48 1 L 35
49 0 U 48
50 1 L 34
51 1 U 3
52 1 L -1
53 0 L 20
54 0 U 10
55 1 U 10
56 0 L 40
57 1 L 49
58 1 L 22
59 0 U 7
60 0 L 29
61 1 L 0
62 0 L 37
63 0 L 48
64 0 U 21
65 1 U 7
66 1 L 20
67 1 U 59
68 1 U -1
69 1 U -1
70 1 L 33
71 1 L 57
72 1 U -1
73 1 U 30
74 1 U 0
75 1 L 70
76 1 L 54
77 0 L 12
78 0 L 75
79 1 U 53
80 1 L -1
81 1 L 71
82 0 L 73
83 1 L 58
84 0 L 33
85 0 L 76
86
0 0 U -1
1 0 L -1
2 0 L -1
3 1 U -1
4 0 U -1
5 1 U 1
6 0 U 3
7 1 U 4
8 0 L 2
9 1 U -1
10 0 U 4
11 1 U 7
12 0 U -1
13 0 L 11
14 1 U 7
15 1 L -1
16 0 U 5
17 0 U 3
18 1 U 12
19 1 L 7
20 0 U -1
21 0 U 2
22 1 U -1
23 0 L 21
24 1 L 15
25 1 U -1
26 0 L 7
27 1 L 21
28 0 L 23
29 1 L 1
30 1 U 19
31 0 U 26
32 1 L 27
33 0 U 5
34 0 U 20
35 0 U -1
36 1 L 1
37 1 U 34
38 0 U 30
39 1 U 23
40 0 L 5
41 1 U 16
42 1 L -1
43 1 U 29
44 1 U 37
45 0 L 35
46 1 L 3
47 0 L 16
48 1 L 35
49 0 U 48
50 1 L 34
51 1 U 3
52 1 L -1
53 0 L 20
54 0 U 10
55 0 U 10
56 0 L 40
57 1 L 49
58 1 L 22
59 0 U 9
60 0 L 29
61 1 L 0
62 0 L 20
63 0 L 48
64 0 U 27
65 1 U 12
66 1 L 44
67 1 U 59
68 1 U -1
69 1 U -1
70 1 L 33
71 1 L 57
72 1 U -1
73 1 U 30
74 1 U 0
75 1 L 70
76 1 L 54
77 0 L 12
78 0 L 75
79 1 U 2
80 1 L -1
81 1 L 71
82 0 L 73
83 1 L 58
84 0 L 33
85 1 L 76
86
0 0 U -1
1 0 L -1
2 0 L -1
3 1 U -1
4 0 U -1
5 1 U 1
6 0 U 3
7 1 U 4
8 0 L 2
9 1 U -1
10 0 U 4
11 1 U 7
12 0 U -1
13 0 L 11
14 1 U 7
15 1 L -1
16 0 U 5
17 0 U 0
18 1 U 9
19 1 L 7
20 0 U -1
21 0 U 11
22 1 U -1
23 0 L 21
24 1 L 15
25 1 U 4
26 0 L 7
27 1 L 21
28 0 L 23
29 1 L 1
30 1 U 15
31 0 U 26
32 1 L 27
33 0 U 14
34 0 U 20
35 0 U -1
36 1 L 1
37 1 U 34
38 0 U 30
39 1 U 6
40 0 L 5
41 1 U 16
42 1 L -1
43 1 U 30
44 1 U 37
45 0 L 35
46 1 L 3
47 0 L 16
48 1 L 35
49 0 U 48
50 1 L 34
51 1 U 3
52 1 L -1
53 0 L 20
54 0 U 10
55 1 U 10
56 0 L 40
57 1 L 49
58 1 L 22
59 0 U 9
60 0 L 36
61 1 L 0
62 0 L 20
63 0 L 48
64 0 U 27
65 1 U 12
66 1 L 44
67 1 U 59
68 1 U -1
69 1 U -1
70 1 L 33
71 1 L 57
72 1 U -1
73 1 U 30
74 1 U 0
75 0 L 70
76 1 L 54
77 0 L 12
78 1 L 75
79 1 U 2
80 1 L -1
81 1 L 71
82 0 L 73
83 1 L 58
84 0 L 22
85 0 L 76
86
0 0 L -1
1 0 L -1
2 0 L -1
3 1 U -1
4 0 U -1
5 1 U 1
6 0 U 3
7 1 U 4
8 0 L 2
9 1 U -1
10 0 U 4
11 1 U 7
12 0 U -1
13 0 L 11
14 1 U 7
15 1 L -1
16 0 U 14
17 0 U 3
18 1 U 12
19 1 L 11
20 0 U -1
21 0 U 2
22 1 U -1
23 0 L 9
24 0 L 15
25 1 U 4
26 0 L 7
27 1 L 21
28 1 L 23
29 1 L 1
30 1 U 15
31 0 U 26
32 1 L 27
33 0 U 5
34 0 U 20
35 0 U -1
36 1 L 1
37 1 U 34
38 0 U 30
39 1 U 6
40 0 L 5
41 1 U 16
42 1 L -1
43 1 U 30
44 1 U 37
45 0 L 35
46 1 L 3
47 0 L 16
48 0 L 35
49 0 U 48
50 1 L 34
51 1 U 22
52 1 L -1
53 0 L 20
54 1 U 10
55 1 U 20
56 0 L 40
57 1 L 49
58 1 L 22
59 0 U 7
60 0 L 4
61 1 L 0
62 0 L 20
63 0 L 48
64 0 U 11
65 1 U 12
66 1 L 44
67 1 U 59
68 1 U -1
69 1 U -1
70 1 L 33
71 1 L 57
72 1 U -1
73 1 U 30
74 1 U 0
75 1 L 70
76 0 L 54
77 0 L 32
78 1 L 75
79 1 U 11
80 1 L -1
81 1 L 71
82 0 L 73
83 1 L 58
84 0 L 22
85 0 L 64
86
0 0 L -1
1 0 L -1
2 0 L -1
3 1 U -1
4 0 U -1
5 1 U 1
6 0 U 3
7 1 U 4
8 0 L 2
9 1 U -1
10 0 U 4
11 1 U 7
12 0 U -1
13 0 L 11
14 1 U 7
15 0 L -1
16 0 U 14
17 0 U 0
18 1 U 12
19 1 L 11
20 0 U -1
21 0 U 8
22 1 U -1
23 0 L 21
24 1 L 15
25 1 U 4
26 0 L 11
27 1 L 21
28 0 L 23
29 1 L 5
30 1 U 15
31 0 U 26
32 1 L 27
33 0 U 22
34 0 U 20
35 0 U 4
36 1 L 1
37 1 U 34
38 0 U 30
39 1 U 6
40 0 L 1
41 1 U 16
42 1 L -1
43 1 U 29
44 1 U 30
45 0 L 35
46 1 L 3
47 0 L 16
48 1 L 35
49 0 U 48
50 1 L 34
51 1 U 22
52 1 L -1
53 0 L 20
54 0 U 10
55 1 U 20
56 0 L 40
57 1 L 49
58 1 L 22
59 0 U 7
60 0 L 4
61 1 L 0
62 0 L 44
63 0 L 48
64 0 U 59
65 1 U 9
66 1 L 44
67 1 U 59
68 1 U -1
69 1 U -1
70 1 L 60
71 1 L 57
72 1 U -1
73 1 U 30
74 1 U 0
75 1 L 53
76 0 L 54
77 0 L 32
78 0 L 75
79 1 U 11
80 1 L -1
81 1 L 71
82 0 L 73
83 1 L 58
84 0 L 22
85 1 L 64
86
0 0 L -1
1 0 L -1
2 0 L -1
3 1 U -1
4 0 U -1
5 1 U 1
6 0 U 3
7 1 U 4
8 0 L 2
9 1 U -1
10 0 U 4
11 1 U 7
12 0 U -1
13 0 U 7
14 1 U 7
15 0 L -1
16 0 U 14
17 0 U 0
18 1 U 12
19 1 L 11
20 0 U -1
21 0 U 11
22 1 U -1
23 0 L 21
24 1 L 15
25 1 U 4
26 0 L 11
27 1 L 21
28 1 L 23
29 1 L 5
30 1 U 15
31 0 U 26
32 1 L 27
33 0 U 22
34 0 U 10
35 0 U -1
36 1 L 24
37 1 U 34
38 0 U 30
39 1 U 6
40 0 L 1
41 1 U 16
42 1 L -1
43 1 U 30
44 1 U 30
45 0 L 35
46 1 L 3
47 0 L 16
48 1 L 35
49 0 U 48
50 1 L 34
51 1 U 22
52 1 L -1
53 0 L 20
54 0 U 10
55 1 U 20
56 0 L 40
57 1 L 49
58 1 L 22
59 0 U 7
60 0 L 4
61 1 L 0
62 0 L 44
63 0 L 48
64 0 U 59
65 1 U 17
66 1 L 44
67 1 U 59
68 1 U -1
69 1 U -1
70 1 L 60
71 1 L 57
72 1 U -1
73 1 U 30
74 0 U 0
75 0 L 53
76 0 L 54
77 0 L 32
78 1 L 75
79 1 U 11
80 1 L -1
81 1 L 71
82 0 L 73
83 1 L 58
84 0 L 22
85 0 L 64
86
0 0 U -1
1 0 L -1
2 0 L -1
3 1 U -1
4 0 U -1
5 1 U 1
6 0 U 3
7 1 U 4
8 0 L 2
9 1 U -1
10 0 U 4
11 1 U 7
12 0 U -1
13 0 L 7
14 1 U 7
15 1 L -1
16 0 U 14
17 0 U 0
18 1 U 12
19 1 L 11
20 0 U -1
21 0 U 8
22 1 U -1
23 1 L 9
24 0 L 15
25 1 U -1
26 0 L 11
27 1 L 21
28 0 L 23
29 1 L 5
30 1 U 19
31 0 U 26
32 1 L 27
33 0 U 7
34 0 U 10
35 0 U 4
36 1 L 24
37 1 U 34
38 0 U 30
39 1 U 6
40 0 L 1
41 1 U 16
42 1 L -1
43 0 U 30
44 1 U 30
45 0 L 35
46 1 L 3
47 0 L 16
48 1 L 35
49 0 U 48
50 1 L 34
51 1 U 22
52 1 L -1
53 0 L 44
54 1 U 10
55 1 U 20
56 0 L 40
57 1 L 49
58 1 L 22
59 0 U 7
60 0 L 4
61 1 L 2
62 0 L 44
63 0 L 48
64 0 U 11
65 1 U 17
66 1 L 20
67 1 U 59
68 1 U -1
69 1 U -1
70 1 L 60
71 1 L 57
72 1 U -1
73 1 U 26
74 0 U 0
75 1 L 53
76 0 L 54
77 0 L 32
78 0 L 75
79 1 U 11
80 1 L -1
81 1 L 71
82 0 L 73
83 1 L 58
84 0 L 22
85 1 L 64
86
0 0 L -1
1 0 L -1
2 0 L -1
3 1 U -1
4 0 U -1
5 1 U 1
6 0 U 3
7 1 U 4
8 0 L 2
9 1 U -1
10 0 U 4
11 1 U 7
12 0 U -1
13 0 L 7
14 1 U 7
15 0 L -1
16 0 U 14
17 0 U 0
18 1 U 12
19 1 L 11
20 0 U -1
21 0 U 8
22 1 U -1
23 0 L 9
24 1 L 15
25 1 U -1
26 0 L 11
27 1 L 9
28 1 L 23
29 1 L 5
30 1 U 19
31 0 U 26
32 1 L 27
33 0 U 7
34 0 U 10
35 0 U 4
36 1 L 24
37 1 U 34
38 0 U 26
39 1 U 6
40 0 L 1
41 1 U 16
42 1 L -1
43 0 U 30
44 1 U 30
45 0 L 35
46 1 L 3
47 0 L 16
48 1 L 35
49 0 U 48
50 1 L 34
51 1 U 22
52 1 L -1
53 0 L 44
54 1 U 10
55 1 U 20
56 1 L 4
57 1 L 49
58 1 L 22
59 0 U 7
60 0 L 7
61 1 L 2
62 0 L 44
63 0 L 48
64 0 U 11
65 1 U 17
66 1 L 20
67 1 U 59
68 1 U -1
69 1 U -1
70 1 L 60
71 1 L 57
72 1 U -1
73 1 U 26
74 0 U 0
75 0 L 53
76 0 L 54
77 0 L 32
78 1 L 75
79 1 U 59
80 1 L -1
81 1 L 71
82 0 L 73
83 1 L 58
84 0 L 22
85 0 L 63
86
0 0 L -1
1 0 L -1
2 0 L -1
3 1 U -1
4 0 U -1
5 1 U 1
6 0 U 3
7 1 U 4
8 0 L 2
9 1 U -1
10 0 U 4
11 1 U 7
12 0 U -1
13 0 L 4
14 1 U 1
15 1 L -1
16 0 U 14
17 0 U 0
18 1 U 12
19 1 L 11
20 0 U -1
21 0 U 11
22 1 U -1
23 0 L 9
24 1 L 15
25 1 U -1
26 0 L 11
27 1 L 9
28 0 L 23
29 1 L 5
30 1 U 19
31 0 U 26
32 1 L 27
33 0 U 7
34 0 U 10
35 0 U 4
36 1 L 24
37 1 U 34
38 0 U 29
39 1 U 13
40 0 L 1
41 1 U 13
42 1 L -1
43 0 U 32
44 1 U 30
45 0 L 35
46 1 L 8
47 0 L 16
48 1 L 35
49 0 U 48
50 1 L 25
51 1 U 22
52 1 L -1
53 0 L 44
54 1 U 10
55 1 U 20
56 1 L 4
57 1 L 49
58 1 L 22
59 0 U 7
60 0 L 7
61 1 L 2
62 0 L 44
63 0 L 48
64 0 U 11
65 1 U 17
66 1 L 20
67 1 U 59
68 1 U -1
69 1 U -1
70 1 L 60
71 1 L 57
72 1 U -1
73 1 U 26
74 0 U 0
75 0 L 53
76 0 L 54
77 0 L 32
78 0 L 75
79 1 U 59
80 1 L -1
81 1 L 71
82 0 L 73
83 1 L 58
84 0 L 22
85 0 L 63
86
0 0 L -1
1 0 L -1
2 0 L -1
3 1 U -1
4 0 U -1
5 1 U 1
6 0 U 3
7 1 U 4
8 0 L 2
9 1 U -1
10 0 U 4
11 1 U 7
12 0 U -1
13 0 L 7
14 1 U 1
15 1 L -1
16 0 U 14
17 0 U 0
18 1 U 12
19 1 L 11
20 0 U -1
21 0 U 2
22 1 U -1
23 0 L 9
24 1 L 15
25 1 U 4
26 0 L 11
27 1 L 21
28 0 L 23
29 1 L 5
30 1 U 19
31 0 U 26
32 1 L 27
33 0 U 7
34 0 U 10
35 0 U -1
36 1 L 5
37 1 U 34
38 0 U 29
39 1 U 13
40 0 L 1
41 1 U 13
42 1 L -1
43 0 U 32
44 1 U 30
45 0 L 35
46 1 L 3
47 0 L 16
48 1 L 35
49 0 U 48
50 1 L 25
51 1 U 22
52 1 L -1
53 0 L 44
54 1 U 10
55 1 U 20
56 1 L 7
57 1 L 49
58 1 L 22
59 0 U 7
60 0 L 11
61 1 L 0
62 0 L 44
63 0 L 48
64 0 U 59
65 1 U 17
66 1 L 44
67 1 U 27
68 1 U -1
69 1 U -1
70 1 L 35
71 1 L 57
72 1 U -1
73 1 U 67
74 0 U 0
75 0 L 53
76 0 L 54
77 0 L 32
78 1 L 75
79 1 U 27
80 1 L -1
81 1 L 71
82 0 L 73
83 1 L 58
84 0 L 22
85 0 L 63
86
0 0 U -1
1 0 L -1
2 0 L -1
3 1 U -1
4 0 U -1
5 1 U 1
6 0 U 3
7 1 U 4
8 0 L 2
9 1 U -1
10 0 U 4
11 1 U 7
12 0 U -1
13 0 L 4
14 1 U 7
15 1 L -1
16 0 U 14
17 0 U 10
18 1 U 12
19 1 L 11
20 0 U -1
21 0 U 2
22 1 U -1
23 0 L 9
24 0 L 15
25 1 U 4
26 0 L 11
27 1 L 9
28 0 L 23
29 1 L 5
30 1 U 19
31 0 U 26
32 1 L 27
33 0 U 1
34 0 U 10
35 0 U 4
36 1 L 1
37 1 U 34
38 0 U 29
39 1 U 13
40 0 L 24
41 1 U 17
42 1 L -1
43 0 U 30
44 1 U 32
45 0 L 35
46 1 L 6
47 0 L 16
48 1 L 35
49 0 U 48
50 1 L 25
51 1 U 22
52 1 L -1
53 0 L 44
54 1 U 10
55 1 U 20
56 1 L 36
57 1 L 12
58 1 L 22
59 0 U 7
60 0 L 11
61 1 L 0
62 0 L 44
63 0 L 48
64 0 U 59
65 1 U 14
66 1 L 44
67 1 U 27
68 1 U -1
69 1 U -1
70 1 L 60
71 0 L 57
72 1 U -1
73 1 U 67
74 0 U 0
75 1 L 53
76 0 L 54
77 0 L 12
78 1 L 35
79 1 U 65
80 1 L -1
81 1 L 77
82 0 L 73
83 1 L 58
84 0 L 22
85 1 L 63
86
0 0 L -1
1 0 L -1
2 0 L -1
3 1 U -1
4 0 U -1
5 1 U 1
6 0 U 3
7 1 U 4
8 0 L 2
9 1 U -1
10 0 U 4
11 1 U 7
12 0 U -1
13 0 L 4
14 1 U 7
15 0 L -1
16 0 U 14
17 0 U 10
18 1 U 12
19 1 L 11
20 0 U -1
21 0 U 8
22 1 U -1
23 0 L 9
24 1 L 15
25 1 U 4
26 0 L 7
27 1 L 9
28 0 L 23
29 1 L 5
30 1 U 19
31 0 U 26
32 1 L 27
33 0 U 20
34 0 U 10
35 0 U 4
36 1 L 1
37 1 U 34
38 0 U 26
39 1 U 13
40 0 L 24
41 1 U 17
42 1 L -1
43 0 U 30
44 1 U 30
45 0 L 35
46 1 L 3
47 0 L 16
48 1 L 35
49 0 U 48
50 1 L 34
51 1 U 22
52 1 L -1
53 0 L 44
54 1 U 10
55 1 U 10
56 0 L 36
57 1 L 12
58 1 L 22
59 0 U 7
60 0 L 11
61 1 L 0
62 0 L 44
63 0 L 48
64 0 U 59
65 1 U 14
66 1 L 44
67 1 U 27
68 1 U -1
69 1 U -1
70 1 L 60
71 0 L 44
72 1 U -1
73 1 U 67
74 0 U 0
75 0 L 71
76 0 L 54
77 0 L 12
78 0 L 35
79 1 U 59
80 1 L -1
81 1 L 77
82 0 L 73
83 1 L 58
84 0 L 66
85 1 L 63
86
0 0 U -1
1 0 L -1
2 0 L -1
3 1 U -1
4 0 U -1
5 1 U 1
6 0 U 3
7 1 U 4
8 0 L 2
9 1 U -1
10 0 U 4
11 1 U 7
12 0 U -1
13 0 L 4
14 1 U 1
15 1 L -1
16 0 U 5
17 0 U 10
18 1 U 12
19 1 L 11
20 0 U -1
21 0 U 11
22 1 U -1
23 0 L 21
24 0 L 15
25 1 U -1
26 0 L 4
27 1 L 9
28 0 L 23
29 1 L 5
30 1 U 19
31 0 U 26
32 1 L 27
33 0 U 20
34 0 U 10
35 0 U 4
36 1 L 1
37 1 U 34
38 0 U 29
39 1 U 13
40 0 L 24
41 1 U 6
42 1 L -1
43 0 U 32
44 1 U 32
45 0 L 35
46 1 L 6
47 0 L 16
48 1 L 35
49 0 U 48
50 1 L 34
51 1 U 22
52 1 L -1
53 0 L 20
54 1 U 10
55 1 U 10
56 0 L 36
57 1 L 12
58 1 L 22
59 0 U 1
60 0 L 46
61 1 L 2
62 0 L 44
63 0 L 48
64 0 U 59
65 1 U 14
66 1 L 44
67 1 U 27
68 1 U -1
69 1 U -1
70 1 L 56
71 0 L 44
72 1 U -1
73 1 U 67
74 0 U 0
75 0 L 71
76 0 L 54
77 0 L 12
78 1 L 35
79 1 U 59
80 1 L -1
81 1 L 77
82 0 L 73
83 1 L 58
84 0 L 62
85 0 L 63
86
0 0 U -1
1 0 L -1
2 0 L -1
3 1 U -1
4 0 U -1
5 1 U 1
6 0 U 3
7 1 U 4
8 0 L 2
9 1 U -1
10 0 U 4
11 1 U 7
12 0 U -1
13 0 L 7
14 1 U 9
15 0 L -1
16 0 U 5
17 0 U 0
18 1 U 12
19 1 L 11
20 0 U -1
21 0 U 11
22 1 U -1
23 1 L 21
24 1 L 15
25 1 U -1
26 0 L 4
27 1 L 9
28 0 L 23
29 1 L 5
30 1 U 19
31 0 U 26
32 1 L 27
33 0 U 14
34 0 U 10
35 0 U 4
36 1 L 1
37 1 U 34
38 0 U 29
39 1 U 13
40 0 L 24
41 1 U 6
42 1 L -1
43 0 U 32
44 1 U 32
45 0 L 35
46 1 L 6
47 0 L 16
48 1 L 35
49 0 U 48
50 1 L 34
51 1 U 22
52 1 L -1
53 0 L 20
54 1 U 10
55 1 U 10
56 0 L 36
57 1 L 28
58 1 L 22
59 0 U 7
60 0 L 46
61 1 L 2
62 0 L 44
63 0 L 48
64 0 U 59
65 1 U 14
66 1 L 44
67 1 U 11
68 1 U -1
69 1 U -1
70 1 L 14
71 0 L 44
72 1 U -1
73 1 U 67
74 0 U 0
75 0 L 71
76 0 L 54
77 0 L 12
78 0 L 35
79 1 U 59
80 1 L -1
81 1 L 77
82 0 L 73
83 1 L 58
84 0 L 62
85 1 L 63
86
0 0 U -1
1 0 L -1
2 0 L -1
3 1 U -1
4 0 U -1
5 1 U 1
6 0 U 3
7 1 U 4
8 0 L 2
9 1 U -1
10 0 U 4
11 1 U 7
12 0 U -1
13 0 L 7
14 1 U 9
15 0 L -1
16 0 U 5
17 0 U 3
18 1 U 12
19 1 L 11
20 0 U -1
21 0 U 8
22 1 U -1
23 0 L 9
24 1 L 15
25 1 U 4
26 0 L 11
27 1 L 9
28 0 L 23
29 1 L 5
30 1 U 19
31 0 U 26
32 1 L 27
33 0 U 22
34 0 U 10
35 0 U 4
36 1 L 1
37 1 U 34
38 0 U 29
39 1 U 13
40 0 L 24
41 1 U 6
42 1 L -1
43 0 U 32
44 1 U 32
45 0 L 35
46 1 L 6
47 0 L 16
48 1 L 35
49 0 U 48
50 1 L 34
51 1 U 22
52 1 L -1
53 0 L 44
54 1 U 10
55 1 U 10
56 0 L 36
57 1 L 28
58 1 L 22
59 0 U 7
60 0 L 46
61 1 L 52
62 0 L 44
63 0 L 48
64 0 U 11
65 1 U 14
66 1 L 44
67 1 U 11
68 1 U -1
69 1 U -1
70 1 L 29
71 0 L 44
72 1 U -1
73 1 U 67
74 0 U 0
75 0 L 71
76 0 L 54
77 0 L 12
78 1 L 35
79 1 U 27
80 1 L -1
81 1 L 77
82 0 L 73
83 1 L 58
84 0 L 62
85 0 L 63
86
0 0 L -1
1 0 L -1
2 0 L -1
3 1 U -1
4 0 U -1
5 1 U 1
6 0 U 3
7 1 U 4
8 0 L 2
9 1 U -1
10 0 U 4
11 1 U 7
12 0 U -1
13 0 L 7
14 1 U 9
15 1 L -1
16 0 U 5
17 0 U 3
18 1 U 12
19 1 L 11
20 0 U -1
21 0 U 11
22 1 U -1
23 0 L 9
24 0 L 15
25 1 U -1
26 0 L 11
27 1 L 9
28 0 L 23
29 1 L 5
30 1 U 19
31 0 U 26
32 1 L 27
33 0 U 12
34 0 U 10
35 0 U 4
36 1 L 1
37 1 U 34
38 0 U 29
39 1 U 13
40 0 L 24
41 1 U 6
42 1 L -1
43 0 U 42
44 1 U 32
45 0 L 35
46 1 L 6
47 0 L 16
48 1 L 35
49 0 U 48
50 1 L 34
51 1 U 22
52 1 L -1
53 0 L 20
54 1 U 10
55 1 U 12
56 0 L 36
57 1 L 28
58 1 L 22
59 0 U 7
60 0 L 46
61 1 L 52
62 0 L 44
63 0 L 48
64 0 U 11
65 1 U 14
66 1 L 44
67 1 U 11
68 1 U -1
69 1 U -1
70 0 L 26
71 0 L 44
72 1 U -1
73 1 U 67
74 0 U 72
75 0 L 71
76 0 L 54
77 0 L 12
78 1 L 35
79 1 U 2
80 1 L -1
81 1 L 77
82 0 L 73
83 1 L 58
84 0 L 62
85 1 L 64
86
0 0 U -1
1 0 L -1
2 0 L -1
3 1 U -1
4 0 U -1
5 1 U 1
6 0 U 3
7 1 U 4
8 0 L 2
9 1 U -1
10 0 U 4
11 1 U 7
12 0 U -1
13 0 L 7
14 1 U 9
15 1 L -1
16 0 U 5
17 0 U 10
18 1 U 12
19 1 L 11
20 0 U -1
21 0 U 11
22 1 U -1
23 1 L 21
24 1 L 15
25 1 U 4
26 0 L 11
27 1 L 21
28 0 L 23
29 1 L 5
30 1 U 19
31 0 U 26
32 1 L 27
33 0 U 7
34 0 U 10
35 0 U 4
36 1 L 1
37 1 U 34
38 0 U 29
39 1 U 13
40 0 L 5
41 1 U 6
42 1 L -1
43 1 U 26
44 1 U 32
45 0 L 35
46 1 L 6
47 0 L 16
48 1 L 35
49 0 U 48
50 1 L 25
51 1 U 22
52 1 L -1
53 0 L 20
54 1 U 10
55 1 U 12
56 0 L 36
57 1 L 28
58 1 L 22
59 0 U 7
60 0 L 29
61 1 L 52
62 0 L 44
63 0 L 48
64 0 U 11
65 1 U 14
66 1 L 44
67 1 U 55
68 1 U -1
69 1 U -1
70 1 L 14
71 0 L 37
72 1 U -1
73 1 U 30
74 0 U 72
75 1 L 71
76 0 L 54
77 0 L 49
78 1 L 35
79 1 U 59
80 1 L -1
81 1 L 77
82 0 L 73
83 1 L 58
84 0 L 22
85 0 L 64
86
0 0 U -1
1 0 L -1
2 0 L -1
3 1 U -1
4 0 U -1
5 1 U 1
6 0 U 3
7 1 U 4
8 0 L 2
9 1 U -1
10 0 U 4
11 1 U 7
12 0 U -1
13 0 L 7
14 1 U 9
15 0 L -1
16 0 U 5
17 0 U 10
18 1 U 12
19 1 L 11
20 0 U -1
21 0 U 2
22 1 U -1
23 1 L 9
24 1 L 15
25 1 U -1
26 0 L 4
27 1 L 9
28 0 L 23
29 1 L 5
30 1 U 15
31 0 U 26
32 1 L 27
33 0 U 12
34 0 U 10
35 0 U 4
36 1 L 1
37 1 U 34
38 0 U 29
39 1 U 13
40 0 L 24
41 1 U 17
42 1 L -1
43 0 U 26
44 1 U 32
45 0 L 35
46 1 L 6
47 0 L 16
48 0 L 35
49 0 U 48
50 1 L 25
51 1 U 22
52 1 L -1
53 0 L 44
54 1 U 10
55 1 U 12
56 0 L 36
57 1 L 28
58 1 L 22
59 0 U 7
60 0 L 4
61 1 L 52
62 0 L 44
63 0 L 48
64 0 U 55
65 1 U 14
66 1 L 44
67 1 U 55
68 1 U -1
69 1 U -1
70 0 L 36
71 0 L 44
72 1 U -1
73 1 U 26
74 0 U 72
75 0 L 71
76 0 L 54
77 0 L 28
78 1 L 35
79 1 U 59
80 1 L -1
81 1 L 77
82 0 L 73
83 1 L 58
84 0 L 33
85 0 L 64
86
0 0 U -1
1 0 L -1
2 0 L -1
3 1 U -1
4 0 U -1
5 1 U 1
6 0 U 3
7 1 U 4
8 0 L 2
9 1 U -1
10 0 U 4
11 1 U 7
12 0 U -1
13 0 L 7
14 1 U 9
15 1 L -1
16 0 U 5
17 0 U 10
18 1 U 12
19 1 L 7
20 0 U -1
21 1 U 18
22 1 U -1
23 1 L 9
24 1 L 15
25 1 U -1
26 0 L 7
27 1 L 14
28 0 L 23
29 1 L 5
30 1 U 19
31 0 U 26
32 1 L 27
33 0 U 9
34 0 U 10
35 0 U 4
36 1 L 1
37 1 U 34
38 0 U 29
39 1 U 13
40 0 L 24
41 1 U 13
42 1 L -1
43 0 U 26
44 1 U 32
45 0 L 35
46 1 L 6
47 0 L 16
48 1 L 35
49 0 U 48
50 1 L 25
51 1 U 22
52 1 L -1
53 0 L 44
54 1 U 10
55 1 U 12
56 0 L 36
57 1 L 49
58 1 L 22
59 0 U 7
60 0 L 29
61 1 L 52
62 0 L 20
63 0 L 48
64 0 U 55
65 1 U 14
66 1 L 44
67 1 U 55
68 1 U -1
69 1 U -1
70 1 L 36
71 0 L 57
72 1 U -1
73 1 U 26
74 0 U 72
75 0 L 71
76 0 L 54
77 0 L 28
78 1 L 35
79 1 U 27
80 1 L -1
81 1 L 77
82 0 L 73
83 1 L 58
84 0 L 33
85 0 L 63
86
0 0 U -1
1 0 L -1
2 0 L -1
3 1 U -1
4 0 U -1
5 1 U 1
6 0 U 3
7 1 U 4
8 0 L 2
9 1 U -1
10 0 U 4
11 1 U 7
12 0 U -1
13 0 L 7
14 1 U 7
15 1 L -1
16 0 U 14
17 0 U 10
18 1 U 12
19 1 L 4
20 0 U -1
21 1 U 18
22 1 U -1
23 1 L 9
24 1 L 15
25 1 U -1
26 0 L 11
27 1 L 14
28 0 L 23
29 1 L 5
30 1 U 19
31 0 U 26
32 1 L 10
33 0 U 12
34 0 U 20
35 0 U -1
36 1 L 1
37 1 U 34
38 0 U 29
39 1 U 13
40 0 L 24
41 1 U 13
42 1 L -1
43 0 U 37
44 1 U 26
45 0 L 35
46 1 L 6
47 0 L 21
48 1 L 35
49 0 U 48
50 1 L 25
51 1 U 3
52 1 L -1
53 0 L 44
54 1 U 10
55 1 U 12
56 1 L 46
57 1 L 28
58 1 L 22
59 0 U 12
60 0 L 36
61 1 L 52
62 0 L 20
63 0 L 48
64 0 U 55
65 1 U 14
66 1 L 44
67 1 U 55
68 1 U -1
69 0 U -1
70 1 L 23
71 0 L 57
72 0 U -1
73 1 U 26
74 0 U 72
75 0 L 71
76 0 L 54
77 0 L 28
78 1 L 35
79 1 U 27
80 1 L -1
81 1 L 77
82 0 L 73
83 0 L 58
84 0 L 33
85 0 L 63
