33
0 0 U -1
1 0 U -1
2 0 U -1
3 0 U -1
4 0 U -1
5 0 U -1
6 0 U -1
7 0 U -1
8 0 U -1
9 0 U -1
10 0 U -1
11 0 U -1
12 0 U -1
13 0 U -1
14 0 U -1
15 0 U -1
16 0 U -1
17 0 U -1
18 0 U -1
19 0 U -1
20 0 U -1
21 0 U -1
22 0 U -1
23 0 U -1
24 0 U -1
25 0 U -1
26 0 U -1
27 0 U -1
28 0 U -1
29 0 U -1
30 0 U -1
31 0 U -1
32 0 U -1
33
0 0 U -1
1 0 U 0
2 0 L 1
3 0 U -1
4 0 U -1
5 0 U -1
6 0 L 2
7 0 U 2
8 1 L 1
9 0 U -1
10 1 L 8
11 1 L -1
12 0 L -1
13 0 U 7
14 0 L -1
15 1 L 14
16 0 U 9
17 0 U -1
18 0 U -1
19 0 U 17
20 0 L 10
21 1 L 20
22 1 U 3
23 0 L 8
24 0 L 21
25 1 L 23
26 1 U 18
27 0 L 16
28 1 U 27
29 1 U 6
30 1 U 21
31 0 L 14
32 0 U 15
33
0 0 L -1
1 0 U 0
2 0 L 1
3 0 U -1
4 1 L -1
5 0 U -1
6 1 L 2
7 0 U 5
8 1 L 1
9 1 U 0
10 0 L 8
11 1 L -1
12 0 L -1
13 1 L 10
14 0 L -1
15 1 L 2
16 0 U 9
17 0 U 1
18 0 U -1
19 1 U 5
20 0 L 13
21 1 L 6
22 0 L 11
23 1 L 1
24 1 U 16
25 0 L 13
26 1 U 18
27 0 L 16
28 1 U 27
29 0 U 19
30 0 U 12
31 0 L 14
32 1 U 15
33
0 0 U -1
1 0 U 0
2 0 L 1
3 0 U -1
4 0 U 0
5 0 U -1
6 1 L -1
7 0 U 2
8 1 L 1
9 0 U 0
10 0 L 8
11 1 L -1
12 0 L -1
13 1 L 10
14 0 L 6
15 1 U 14
16 0 U 9
17 0 U 1
18 0 U -1
19 1 U 6
20 0 L 13
21 1 L 11
22 1 L 21
23 0 L 22
24 1 U 22
25 0 L 3
26 1 U 18
27 0 L 16
28 0 U 22
29 0 U 8
30 0 L 21
31 1 L 10
32 1 U 29
33
0 0 U -1
1 0 U 0
2 0 L 1
3 0 U 0
4 1 U -1
5 1 U 4
6 1 L -1
7 0 U 6
8 1 L 1
9 0 U 0
10 0 L 8
11 1 L -1
12 0 L -1
13 1 L 10
14 1 L 12
15 0 U 13
16 0 U 9
17 0 U 1
18 0 U -1
19 1 U 5
20 0 L 13
21 1 L -1
22 0 L 11
23 1 L 10
24 1 U 16
25 0 L 23
26 1 U 18
27 0 L 16
28 0 U 27
29 0 U 11
30 1 L 1
31 0 L 21
32 1 U 15
33
0 0 U -1
1 0 U 0
2 0 L 1
3 0 U 0
4 1 U -1
5 1 U 4
6 1 L -1
7 0 U 6
8 1 L 1
9 0 U -1
10 0 L 8
11 1 L -1
12 0 L -1
13 1 L 10
14 1 L 2
15 1 U 13
16 0 U 9
17 0 U 1
18 0 U -1
19 1 U 9
20 0 L 3
21 1 L -1
22 1 L 11
23 1 L 8
24 1 U 15
25 0 L 21
26 1 U 18
27 0 L 16
28 0 U 27
29 0 U 8
30 1 L 29
31 1 L 21
32 1 U 29
33
0 0 U -1
1 0 U 0
2 0 L 1
3 0 U 0
4 1 U -1
5 1 U 4
6 1 L -1
7 0 U 5
8 1 L 1
9 0 U 0
10 1 L 8
11 1 L -1
12 0 L 8
13 1 L 8
14 1 L 2
15 1 U 12
16 0 U 9
17 0 U 1
18 0 U -1
19 1 U 5
20 0 L 14
21 1 L -1
22 1 L 11
23 1 L 8
24 1 U 16
25 1 L 21
26 1 U 18
27 0 L 16
28 1 U 22
29 0 U 11
30 1 U 11
31 0 L 25
32 1 U 22
33
0 0 L -1
1 0 U 0
2 0 L 1
3 0 U 0
4 1 U -1
5 1 U 4
6 1 L -1
7 0 U 6
8 1 L 1
9 0 U 0
10 1 L 8
11 1 L -1
12 0 L 8
13 1 L 8
14 1 L 11
15 1 U 7
16 0 U 9
17 0 U 1
18 0 U -1
19 1 U 5
20 0 L 13
21 1 L -1
22 1 L 21
23 0 L 8
24 1 U 16
25 1 L 21
26 1 U 18
27 0 L 16
28 1 U 22
29 0 U 19
30 0 L 23
31 0 L 11
32 1 U 27
33
0 0 U -1
1 0 U 0
2 0 L 1
3 0 U -1
4 1 U 0
5 1 U 4
6 1 L -1
7 0 U 5
8 1 L 1
9 0 U -1
10 1 L 8
11 1 L -1
12 0 L 8
13 1 L 8
14 1 U 11
15 1 U 7
16 0 U 5
17 0 U 1
18 0 U -1
19 1 U 6
20 0 L 13
21 1 L -1
22 1 L 21
23 1 L 8
24 1 U 16
25 1 L 21
26 1 U 18
27 0 L 16
28 1 U 27
29 0 U 13
30 1 L 11
31 0 L 11
32 1 U 27
33
0 0 L -1
1 0 U 0
2 0 L 1
3 0 U -1
4 1 U 0
5 1 U 4
6 1 L -1
7 0 U 5
8 1 L 1
9 0 U -1
10 1 L 8
11 1 L -1
12 0 L 2
13 1 L 8
14 1 L -1
15 1 L 1
16 0 U 5
17 0 U 1
18 0 U -1
19 1 U 9
20 0 L 13
21 1 L -1
22 0 L 3
23 0 L 8
24 1 U 14
25 0 L 21
26 1 U 18
27 0 L 16
28 1 U 27
29 0 U 13
30 1 U 19
31 0 L 25
32 1 U 27
33
0 0 L -1
1 0 U 0
2 0 L 1
3 0 U -1
4 1 U 0
5 1 U 4
6 1 L -1
7 0 U 5
8 1 L 1
9 0 U 0
10 1 L 8
11 1 L -1
12 0 L 2
13 1 L 8
14 1 L 12
15 1 L 8
16 0 U 9
17 0 U 1
18 0 U -1
19 1 U 6
20 0 L 13
21 1 L -1
22 0 L 21
23 1 L 8
24 1 U 15
25 0 L 21
26 1 U 4
27 0 L 16
28 1 U 27
29 0 U 13
30 1 U 8
31 0 L 11
32 1 U 27
33
0 0 U -1
1 0 U 0
2 0 L 1
3 0 U -1
4 1 U -1
5 0 U 4
6 1 L -1
7 0 U 5
8 1 L 1
9 1 U -1
10 1 L 8
11 1 L -1
12 0 L 2
13 1 L 8
14 1 L 12
15 1 L 8
16 0 U 9
17 0 U 1
18 0 U -1
19 1 U 18
20 0 L 13
21 1 L -1
22 1 L 21
23 1 L 8
24 1 U 13
25 0 L 21
26 1 U 16
27 1 L 16
28 1 U 22
29 1 L 17
30 1 U 13
31 0 L 25
32 1 U 22
33
0 0 U -1
1 0 U 0
2 0 L 1
3 0 U -1
4 1 U -1
5 0 U 4
6 0 L -1
7 0 U 5
8 1 L 1
9 1 U -1
10 1 L 8
11 1 L -1
12 0 L 2
13 1 L 8
14 1 L 10
15 1 L 0
16 0 U 9
17 0 U 1
18 0 U -1
19 1 U 1
20 0 L 13
21 1 L -1
22 1 L 21
23 0 L 0
24 1 U 13
25 1 L 21
26 1 U 13
27 0 L 16
28 1 U 22
29 0 U 19
30 0 L 25
31 0 L 25
32 1 U 27
33
0 0 L -1
1 0 U 0
2 0 L 1
3 0 U -1
4 1 U -1
5 0 U 4
6 1 L -1
7 0 U 5
8 1 L 1
9 1 U -1
10 1 L 8
11 1 L -1
12 0 L 2
13 1 L 8
14 1 L 12
15 1 L -1
16 0 U 9
17 0 U 1
18 0 U -1
19 1 U 18
20 0 L 13
21 1 L 11
22 1 L 15
23 0 L 22
24 1 U 16
25 0 L -1
26 1 U 16
27 0 L 16
28 1 U 22
29 0 U 13
30 0 L -1
31 1 L 25
32 1 U 27
33
0 0 U -1
1 0 U 0
2 0 L 1
3 0 U -1
4 1 U -1
5 0 U 4
6 1 L -1
7 0 U 5
8 1 L 1
9 1 U -1
10 1 L 8
11 1 L -1
12 0 L 2
13 1 L 8
14 1 L 13
15 1 L -1
16 0 U 9
17 0 U 1
18 0 U -1
19 1 U 18
20 0 L 10
21 1 L -1
22 1 L 15
23 0 L 0
24 0 U 16
25 0 L 21
26 1 U 19
27 0 L 16
28 1 U 22
29 0 U 7
30 1 U 13
31 1 L 1
32 1 U 27
33
0 0 U -1
1 0 U 0
2 0 L 1
3 0 U -1
4 1 U 0
5 1 U 4
6 1 L -1
7 0 U 5
8 1 L 1
9 0 U -1
10 1 L -1
11 1 L -1
12 0 L 8
13 1 L 8
14 1 L 13
15 0 L -1
16 0 U 3
17 0 U 1
18 0 U -1
19 1 U 18
20 0 L 13
21 1 L 6
22 1 L 11
23 1 L 22
24 1 U 16
25 1 L 21
26 1 U 19
27 0 L 16
28 1 U 22
29 0 U 26
30 1 U 13
31 1 L 8
32 1 U 27
33
0 0 U -1
1 0 U 0
2 0 L 1
3 0 U 0
4 1 U -1
5 0 U 4
6 1 L -1
7 0 U 5
8 1 L 1
9 0 U -1
10 0 U 4
11 1 L -1
12 0 L 2
13 1 L 8
14 1 L 13
15 0 L -1
16 0 U 10
17 0 U 1
18 0 U -1
19 1 U 18
20 0 L 13
21 1 L 6
22 1 L 11
23 0 L 22
24 1 U 16
25 1 L 21
26 1 U 19
27 0 L 16
28 1 U 27
29 0 U 26
30 1 U 26
31 1 L 8
32 1 U 27
33
0 0 L -1
1 0 U 0
2 0 L 1
3 0 U 0
4 1 U 0
5 0 U 4
6 1 L -1
7 0 U 5
8 1 L 1
9 0 U -1
10 0 U 0
11 1 L -1
12 0 L 8
13 1 L 8
14 1 U 7
15 0 L -1
16 0 U 10
17 0 U 1
18 0 U -1
19 1 U 18
20 0 L 13
21 1 L 15
22 0 L 11
23 0 L 22
24 1 U 14
25 1 L 21
26 1 U 19
27 0 L 16
28 1 U 22
29 0 U 26
30 1 U 11
31 1 L 8
32 1 U 27
33
0 0 U -1
1 0 U 0
2 0 L 1
3 0 U -1
4 1 U -1
5 0 U 4
6 1 L -1
7 0 U 5
8 1 L 1
9 0 U -1
10 0 U 0
11 1 L -1
12 0 L 8
13 1 L 8
14 1 U 8
15 0 L -1
16 0 U 5
17 0 U 1
18 0 U -1
19 1 U 18
20 0 L 13
21 1 L 15
22 1 L 11
23 1 L 22
24 1 U 14
25 0 L 21
26 1 U 19
27 0 L 16
28 1 U 27
29 0 U 26
30 1 U 7
31 1 L 8
32 1 U 27
33
0 0 L -1
1 0 U 0
2 0 L 1
3 0 U -1
4 1 U -1
5 0 U 4
6 1 L -1
7 0 U 5
8 1 L 1
9 0 U 0
10 0 U 0
11 1 L -1
12 1 U 8
13 1 L 8
14 1 L 3
15 0 L -1
16 0 U 9
17 0 U 1
18 0 U -1
19 1 U 18
20 0 L 13
21 1 L 6
22 0 L 11
23 1 L 22
24 1 U 16
25 1 L 21
26 1 U 19
27 0 L 16
28 1 U 27
29 0 U 26
30 0 L 11
31 0 L 8
32 1 U 27
33
0 0 U -1
1 0 U 0
2 0 L 1
3 0 U -1
4 1 U 0
5 1 U 4
6 1 L -1
7 0 U 5
8 1 L 1
9 1 U -1
10 1 U 9
11 1 L -1
12 0 U 8
13 1 L 8
14 1 L 13
15 0 L -1
16 0 U 3
17 0 U 6
18 0 U -1
19 1 U 18
20 0 L 3
21 1 L 12
22 0 L 11
23 0 L 22
24 1 U 16
25 0 L 21
26 1 U 19
27 1 L 16
28 0 U 23
29 1 L 2
30 0 L 28
31 1 L 6
32 1 U 22
33
0 0 L -1
1 0 U 0
2 0 L 1
3 0 U -1
4 1 U -1
5 0 U 4
6 1 L -1
7 0 U 5
8 1 L 1
9 1 U -1
10 0 U -1
11 1 L -1
12 0 U 8
13 1 L 8
14 1 L 3
15 0 L -1
16 0 U 10
17 0 U 6
18 0 U -1
19 1 U 18
20 0 L 3
21 1 L 15
22 0 L 1
23 1 L 22
24 1 U 14
25 1 L 11
26 1 U 19
27 1 U 26
28 0 U 14
29 0 L 22
30 1 U 8
31 1 L 25
32 1 U 30
33
0 0 U -1
1 0 U 0
2 0 L 1
3 0 U -1
4 1 U -1
5 0 U 4
6 1 L -1
7 0 U 5
8 1 L 1
9 1 U -1
10 0 U -1
11 1 L -1
12 0 U 8
13 1 L 8
14 1 L 2
15 1 L -1
16 0 U 10
17 0 U 2
18 0 U -1
19 1 U 18
20 0 L 3
21 1 L 11
22 0 L 1
23 1 L 22
24 1 U 16
25 1 L 11
26 1 U 19
27 1 U 14
28 0 U 27
29 0 L -1
30 1 U 14
31 1 L 25
32 1 U 30
33
0 0 U -1
1 0 U 0
2 0 L 1
3 0 U -1
4 1 U -1
5 0 U 4
6 1 L -1
7 0 U 5
8 1 L 1
9 1 U -1
10 0 U -1
11 1 L -1
12 0 U 8
13 1 L 8
14 1 L 2
15 1 L -1
16 0 U 6
17 0 U 10
18 0 U -1
19 1 U 18
20 0 L 3
21 1 L 11
22 0 L 21
23 0 L 22
24 1 U 16
25 1 L 11
26 1 U 19
27 1 U 7
28 0 U 27
29 0 L -1
30 1 U 7
31 1 L 25
32 1 U 30
33
0 0 L -1
1 0 U 0
2 0 L 1
3 0 U -1
4 1 U -1
5 0 U 4
6 1 L -1
7 0 U 5
8 1 L 1
9 1 U -1
10 0 U -1
11 1 L -1
12 0 U 8
13 1 L 8
14 1 L 2
15 1 L -1
16 0 U 6
17 0 U 2
18 0 U -1
19 1 U 18
20 0 L 3
21 1 L 11
22 0 L 21
23 0 L 22
24 1 U 16
25 1 L 11
26 1 U 19
27 1 U 26
28 0 U 27
29 0 L -1
30 1 U 26
31 1 L 22
32 1 U 30
33
0 0 U -1
1 0 U 0
2 0 L 1
3 0 U -1
4 1 U -1
5 0 U 4
6 1 L -1
7 0 U 5
8 1 L 1
9 1 U -1
10 0 U -1
11 1 L -1
12 0 U 8
13 1 L 8
14 1 L 8
15 1 L -1
16 0 U 10
17 0 U 2
18 0 U -1
19 1 U 18
20 0 L 3
21 1 L 11
22 0 L 21
23 0 L 22
24 1 U 16
25 1 L 11
26 1 U 19
27 1 U 26
28 0 U 27
29 0 L -1
30 1 U 26
31 1 L 22
32 1 U 30
33
0 0 U -1
1 0 U 0
2 0 L 1
3 0 U -1
4 1 U -1
5 0 U 4
6 1 L -1
7 0 U 5
8 1 L 1
9 1 U -1
10 0 U -1
11 1 L -1
12 0 U 8
13 1 L 8
14 1 L 8
15 1 L -1
16 0 U 10
17 0 U 6
18 0 U -1
19 1 U 18
20 0 L 3
21 1 L 11
22 0 L 21
23 0 L 22
24 1 U 16
25 1 L 11
26 1 U 19
27 1 U 14
28 0 U 27
29 0 L -1
30 1 U 14
31 1 L 22
32 1 U 30
33
0 0 L -1
1 0 U 0
2 0 L 1
3 0 U -1
4 1 U -1
5 0 U 4
6 1 L -1
7 0 U 5
8 1 L 1
9 1 U -1
10 0 U -1
11 1 L -1
12 0 U 8
13 1 L 8
14 1 L 2
15 1 L -1
16 0 U 2
17 0 U 2
18 0 U -1
19 1 U 18
20 0 L 3
21 1 L 11
22 0 L 21
23 0 L 22
24 1 U 16
25 1 L 11
26 1 U 19
27 1 U 7
28 0 U 27
29 0 L -1
30 1 U 14
31 1 L 25
32 1 U 30
33
0 0 L -1
1 0 U 0
2 0 L 1
3 0 U -1
4 1 U -1
5 0 U 4
6 1 L -1
7 0 U 5
8 1 L 1
9 1 U -1
10 0 U -1
11 1 L -1
12 0 U 8
13 1 L 8
14 1 L 8
15 1 L -1
16 0 U 6
17 0 U 6
18 0 U -1
19 1 U 18
20 0 L 3
21 1 L 11
22 0 L 21
23 1 L 22
24 1 U 16
25 1 L 11
26 1 U 19
27 1 U 26
28 0 U 27
29 0 L -1
30 1 U 26
31 1 L 25
32 1 U 30
33
0 0 L -1
1 0 U 0
2 0 L 1
3 0 U -1
4 1 U -1
5 0 U 4
6 1 L -1
7 0 U 5
8 1 L 1
9 1 U -1
10 0 U -1
11 1 L -1
12 0 U 8
13 1 L 8
14 1 L 8
15 1 L -1
16 0 U 6
17 0 U 6
18 0 U -1
19 1 U 18
20 0 L 3
21 1 L 11
22 0 L 21
23 0 L 22
24 1 U 16
25 1 L 11
26 1 U 19
27 1 U 26
28 0 U 27
29 0 L -1
30 1 U 26
31 1 L 25
32 1 U 30
33
0 0 U -1
1 0 U 0
2 0 L 1
3 0 U -1
4 1 U -1
5 0 U 4
6 1 L -1
7 0 U 5
8 1 L 1
9 1 U -1
10 0 U -1
11 1 L -1
12 0 U 8
13 1 L 8
14 1 L 2
15 1 L -1
16 0 U 10
17 0 U 6
18 0 U -1
19 1 U 18
20 0 L 3
21 1 L 11
22 0 L 21
23 0 L 22
24 1 U 16
25 1 L 11
26 1 U 19
27 1 U 14
28 0 U 27
29 0 L -1
30 1 U 7
31 1 L 25
32 1 U 30
33
0 0 L -1
1 0 U 0
2 0 L 1
3 0 U -1
4 1 U -1
5 0 U 4
6 1 L -1
7 0 U 5
8 1 L 1
9 1 U -1
10 0 U -1
11 1 L -1
12 0 U 8
13 1 L 8
14 1 L 2
15 1 L -1
16 0 U 10
17 0 U 2
18 0 U -1
19 1 U 18
20 0 L 3
21 1 L 11
22 0 L 21
23 0 L 22
24 1 U 16
25 1 L 11
26 1 U 19
27 1 U 14
28 0 U 27
29 0 L -1
30 1 U 7
31 1 L 22
32 1 U 30
33
0 0 L -1
1 0 U 0
2 0 L 1
3 0 U -1
4 1 U -1
5 0 U 4
6 1 L -1
7 0 U 5
8 1 L 1
9 1 U -1
10 0 U -1
11 1 L -1
12 0 U 8
13 1 L 8
14 1 L 2
15 1 L -1
16 0 U 2
17 0 U 2
18 0 U -1
19 1 U 18
20 0 L 3
21 1 L 11
22 0 L 1
23 1 L 22
24 1 U 16
25 1 L 11
26 1 U 19
27 1 U 14
28 0 U 27
29 0 L -1
30 1 U 14
31 1 L 25
32 1 U 30
33
0 0 L -1
1 0 U 0
2 0 L 1
3 0 U -1
4 1 U -1
5 0 U 4
6 1 L -1
7 0 U 5
8 1 L 1
9 1 U -1
10 0 U -1
11 1 L -1
12 0 U 8
13 1 L 8
14 1 L 8
15 1 L -1
16 0 U 6
17 0 U 6
18 0 U -1
19 1 U 18
20 0 L 3
21 1 L 11
22 0 L 21
23 0 L 22
24 1 U 16
25 1 L 11
26 1 U 19
27 1 U 14
28 0 U 27
29 0 L -1
30 1 U 7
31 1 L 25
32 1 U 30
33
0 0 U -1
1 0 U 0
2 0 L 1
3 0 U -1
4 1 U -1
5 0 U 4
6 1 L -1
7 0 U 5
8 1 L 1
9 1 U -1
10 0 U -1
11 1 L -1
12 0 U 8
13 1 L 8
14 1 L 2
15 1 L -1
16 0 U 2
17 0 U 10
18 0 U -1
19 1 U 18
20 0 L 3
21 1 L 11
22 0 L 21
23 0 L 22
24 1 U 16
25 1 L 11
26 1 U 19
27 1 U 14
28 0 U 27
29 0 L -1
30 1 U 7
31 1 L 22
32 1 U 30
33
0 0 U -1
1 0 U 0
2 0 L 1
3 0 U -1
4 1 U -1
5 0 U 4
6 1 L -1
7 0 U 5
8 1 L 1
9 1 U -1
10 0 U -1
11 1 L -1
12 0 U 8
13 1 L 8
14 1 L 8
15 1 L -1
16 0 U 2
17 0 U 2
18 0 U -1
19 1 U 18
20 0 L 3
21 1 L 11
22 0 L 21
23 0 L 22
24 1 U 16
25 1 L 11
26 1 U 19
27 1 U 14
28 0 U 27
29 0 L -1
30 1 U 14
31 1 L 22
32 1 U 30
33
0 0 U -1
1 0 U 0
2 0 L 1
3 0 U -1
4 1 U -1
5 0 U 4
6 1 L -1
7 0 U 5
8 1 L 1
9 1 U -1
10 0 U -1
11 1 L -1
12 0 U 8
13 1 L 8
14 1 L 8
15 1 L -1
16 0 U 10
17 0 U 2
18 0 U -1
19 1 U 18
20 0 L 3
21 1 L 11
22 0 L 21
23 0 L 22
24 1 U 16
25 1 L 11
26 1 U 19
27 1 U 26
28 0 U 27
29 0 L -1
30 1 U 26
31 1 L 22
32 1 U 30
33
0 0 U -1
1 0 U 0
2 0 L 1
3 0 U -1
4 1 U -1
5 1 U 4
6 1 L -1
7 0 U 6
8 1 L 1
9 1 U -1
10 0 U -1
11 1 L -1
12 0 L 2
13 1 L 8
14 1 L 3
15 1 L -1
16 0 U 10
17 0 U 10
18 0 U -1
19 1 U 18
20 0 L 3
21 1 L 11
22 0 L 21
23 0 L 22
24 1 U 16
25 1 L 11
26 1 U 19
27 1 U 26
28 0 U 27
29 0 L -1
30 1 U 26
31 1 L 25
32 1 U 30
33
0 0 U -1
1 0 U 0
2 0 L 1
3 0 U -1
4 1 U -1
5 1 U 4
6 1 L -1
7 0 U 6
8 1 L 1
9 1 U -1
10 0 U -1
11 1 L -1
12 0 L 2
13 1 L 8
14 1 L 3
15 1 L -1
16 0 U 10
17 0 U 6
18 0 U -1
19 1 U 18
20 0 L 3
21 1 L 11
22 0 L 21
23 0 L 22
24 1 U 16
25 1 L 11
26 1 U 19
27 1 U 26
28 0 U 27
29 0 L -1
30 1 U 26
31 1 L 25
32 1 U 30
33
0 0 L -1
1 0 U 0
2 0 L 1
3 0 U -1
4 1 U -1
5 1 U 4
6 1 L -1
7 0 U 5
8 1 L 1
9 1 U -1
10 0 U -1
11 1 L -1
12 0 L 8
13 1 L 8
14 1 L 3
15 1 L -1
16 0 U 6
17 0 U 2
18 0 U -1
19 1 U 18
20 0 L 3
21 1 L 11
22 0 L 21
23 1 L 22
24 1 U 16
25 1 L 11
26 1 U 19
27 1 U 13
28 0 U 27
29 1 L -1
30 1 U 13
31 1 L 22
32 1 U 30
33
0 0 L -1
1 0 U 0
2 0 L 1
3 0 U -1
4 1 U -1
5 1 U 4
6 0 L -1
7 0 U 2
8 1 L 1
9 1 U -1
10 0 U -1
11 1 L -1
12 0 L 8
13 1 L 8
14 1 L 3
15 1 L -1
16 0 U 10
17 0 U 10
18 0 U -1
19 1 U 18
20 0 L 3
21 1 L 11
22 0 L 21
23 0 L 22
24 1 U 16
25 1 L 11
26 1 U 19
27 1 U 26
28 0 U 27
29 0 L -1
30 1 U 26
31 1 L 25
32 1 U 30
33
0 0 L -1
1 0 U 0
2 0 L 1
3 0 U -1
4 1 U -1
5 1 U 4
6 1 L -1
7 0 U 2
8 1 L 1
9 1 U -1
10 0 U -1
11 1 L -1
12 0 L 2
13 1 L 8
14 1 L 3
15 1 L -1
16 0 U 6
17 0 U 10
18 0 U -1
19 1 U 18
20 0 L 3
21 1 L 11
22 0 L 21
23 0 L 22
24 1 U 16
25 1 L 6
26 1 U 19
27 1 U 26
28 0 U 27
29 1 L -1
30 1 U 13
31 1 L 25
32 1 U 30
33
0 0 L -1
1 0 U 0
2 0 L 1
3 0 U -1
4 1 U -1
5 1 U 4
6 1 L -1
7 0 U 6
8 1 L 1
9 1 U -1
10 0 U -1
11 1 L -1
12 0 L 2
13 1 L 8
14 1 L 3
15 1 L -1
16 0 U 10
17 0 U 6
18 0 U -1
19 1 U 18
20 0 L 3
21 1 L 11
22 0 L 1
23 1 L 22
24 1 U 16
25 1 L 11
26 1 U 19
27 1 U 26
28 0 U 27
29 1 L -1
30 1 U 13
31 1 L 25
32 1 U 30
33
0 0 L -1
1 0 U 0
2 0 L 1
3 0 U -1
4 1 U -1
5 1 U 4
6 1 L -1
7 0 U 6
8 1 L 1
9 1 U -1
10 0 U -1
11 1 L -1
12 0 L 8
13 1 L 8
14 1 L 3
15 1 L -1
16 0 U 6
17 0 U 10
18 0 U -1
19 1 U 18
20 0 L 3
21 1 L 11
22 0 L 1
23 1 L 22
24 1 U 16
25 1 L 11
26 1 U 19
27 1 U 13
28 0 U 27
29 0 L -1
30 1 U 13
31 1 L 25
32 1 U 30
33
0 0 L -1
1 0 U 0
2 0 L 1
3 0 U -1
4 1 U -1
5 1 U 4
6 1 L -1
7 0 U 6
8 1 L 1
9 1 U -1
10 0 U -1
11 1 L -1
12 0 L 8
13 1 L 8
14 1 L 13
15 1 L -1
16 0 U 6
17 0 U 2
18 0 U -1
19 1 U 18
20 0 L 13
21 1 L 20
22 0 L 11
23 0 L 22
24 1 U 16
25 0 L 6
26 1 U 19
27 1 U 13
28 0 U 27
29 1 L -1
30 1 U 13
31 1 L 25
32 1 U 30
33
0 0 L -1
1 0 U 0
2 0 L 1
3 0 U -1
4 1 U -1
5 1 U 4
6 1 L -1
7 0 U 5
8 1 L 1
9 1 U -1
10 0 U -1
11 1 L -1
12 0 L 2
13 1 L 8
14 1 L 13
15 1 L -1
16 0 U 10
17 0 U 6
18 0 U -1
19 1 U 18
20 0 L 3
21 1 L 13
22 0 L 11
23 0 L 22
24 1 U 16
25 1 L 6
26 1 U 19
27 1 U 26
28 0 U 27
29 1 L -1
30 1 U 13
31 1 L 0
32 1 U 30
33
0 0 L -1
1 0 U 0
2 0 L 1
3 0 U -1
4 1 U -1
5 1 U 4
6 1 L -1
7 0 U 5
8 1 L 1
9 1 U -1
10 0 U -1
11 1 L -1
12 0 L 8
13 1 L 8
14 1 L 3
15 1 L -1
16 0 U 10
17 0 U 6
18 0 U -1
19 1 U 18
20 0 L 3
21 0 L 3
22 0 L 1
23 1 L 22
24 1 U 16
25 0 L 6
26 1 U 12
27 1 U 26
28 0 U 27
29 1 L -1
30 1 U 13
31 1 L 25
32 1 U 30
33
0 0 U -1
1 0 U 0
2 0 L 1
3 0 U -1
4 1 U -1
5 1 U 4
6 1 L -1
7 0 U 2
8 1 L 1
9 1 U -1
10 0 U -1
11 1 L -1
12 0 L 8
13 1 L 8
14 1 L 3
15 1 L -1
16 0 U 6
17 0 U 6
18 0 U -1
19 1 U 18
20 0 L 3
21 1 L 11
22 0 L 11
23 0 L 22
24 1 U 16
25 1 L 6
26 1 U 12
27 1 U 26
28 0 U 27
29 1 L -1
30 1 U 26
31 1 L 8
32 1 U 30
33
0 0 L -1
1 0 U 0
2 0 L 1
3 0 U -1
4 1 U -1
5 1 U 4
6 1 L -1
7 0 U 5
8 1 L 1
9 1 U -1
10 0 U -1
11 1 L -1
12 0 L 8
13 1 L 8
14 1 L 3
15 1 L -1
16 0 U 6
17 0 U 6
18 0 U -1
19 1 U 18
20 0 L 3
21 1 L 11
22 0 L 21
23 1 L 22
24 1 U 16
25 1 L 15
26 1 U 19
27 1 U 26
28 0 U 27
29 1 L -1
30 1 U 26
31 1 L 22
32 1 U 30
33
0 0 U -1
1 0 U 0
2 0 L 1
3 0 U -1
4 1 U -1
5 1 U 4
6 1 L -1
7 0 U 2
8 1 L 1
9 1 U -1
10 0 U -1
11 1 L -1
12 0 L 2
13 1 L 8
14 1 L 3
15 1 L -1
16 0 U 6
17 0 U 6
18 0 U -1
19 1 U 18
20 0 L 3
21 1 L 11
22 0 L 1
23 1 L 22
24 1 U 16
25 1 L 11
26 1 U 19
27 1 U 26
28 0 U 27
29 0 L -1
30 1 U 26
31 1 L 25
32 1 U 30
33
0 0 U -1
1 0 U 0
2 0 L 1
3 0 U -1
4 1 U -1
5 1 U 4
6 1 L -1
7 0 U 2
8 1 L 1
9 1 U -1
10 0 U -1
11 1 L -1
12 0 L 8
13 1 L 8
14 1 L 3
15 1 L -1
16 0 U 10
17 0 U 6
18 0 U -1
19 1 U 18
20 0 L 3
21 1 L 11
22 0 L 21
23 0 L 22
24 1 U 16
25 1 L 11
26 1 U 19
27 1 U 26
28 0 U 27
29 0 L -1
30 1 U 26
31 1 L 25
32 1 U 30
33
0 0 U -1
1 0 U 0
2 0 L 1
3 0 U -1
4 1 U -1
5 1 U 4
6 0 L -1
7 0 U 2
8 1 L 1
9 1 U -1
10 0 U -1
11 1 L -1
12 0 L 8
13 1 L 8
14 1 L 3
15 1 L -1
16 0 U 10
17 0 U 2
18 0 U -1
19 1 U 18
20 0 L 3
21 1 L 11
22 0 L 21
23 1 L 22
24 1 U 11
25 1 L 11
26 1 U 19
27 1 U 26
28 0 U 27
29 0 L -1
30 1 U 26
31 1 L 22
32 1 U 30
33
0 0 U -1
1 0 U 0
2 0 L 1
3 0 U -1
4 1 U -1
5 1 U 4
6 1 L -1
7 0 U 6
8 1 L 1
9 1 U -1
10 0 U -1
11 1 L -1
12 0 L 2
13 1 L 8
14 1 L 3
15 1 L -1
16 0 U 6
17 0 U 10
18 0 U -1
19 1 U 18
20 0 L 3
21 1 L 11
22 0 L 21
23 0 L 22
24 1 U 16
25 1 L 11
26 1 U 19
27 1 U 26
28 0 U 27
29 0 L -1
30 1 U 26
31 1 L 22
32 1 U 30
33
0 0 U -1
1 0 U 0
2 0 L 1
3 0 U -1
4 1 U -1
5 1 U 4
6 1 L -1
7 0 U 5
8 1 L 1
9 1 U -1
10 0 U -1
11 1 L -1
12 0 L 8
13 1 L 8
14 1 L 3
15 1 L -1
16 0 U 6
17 0 U 10
18 0 U -1
19 1 U 18
20 0 L 3
21 1 L 11
22 0 L 21
23 0 L 22
24 1 U 16
25 1 L 11
26 1 U 19
27 1 U 26
28 0 U 27
29 0 L -1
30 1 U 13
31 1 L 22
32 1 U 30
33
0 0 U -1
1 0 U 0
2 0 L 1
3 0 U -1
4 1 U -1
5 1 U 4
6 1 L -1
7 1 U 5
8 1 L 1
9 1 U -1
10 0 U -1
11 1 L -1
12 0 L 8
13 1 L 8
14 1 L 3
15 1 L -1
16 0 U 10
17 0 U 6
18 0 U -1
19 1 U 18
20 0 L 3
21 1 L 11
22 0 L 21
23 1 L 22
24 1 U 16
25 1 L 11
26 1 U 19
27 1 U 26
28 0 U 27
29 1 L -1
30 1 U 13
31 1 L 22
32 1 U 30
33
0 0 L -1
1 0 U 0
2 0 L 1
3 0 U -1
4 1 U -1
5 1 U 4
6 0 L -1
7 0 U 5
8 1 L 1
9 1 U -1
10 0 U -1
11 1 L -1
12 0 L 8
13 1 L 8
14 1 L 3
15 1 L -1
16 0 U 10
17 0 U 10
18 0 U -1
19 1 U 18
20 0 L 3
21 1 L 11
22 0 L 21
23 0 L 22
24 1 U 11
25 1 L 11
26 1 U 19
27 1 U 26
28 0 U 27
29 0 L -1
30 1 U 26
31 1 L 25
32 1 U 30
33
0 0 U -1
1 0 U 0
2 0 L 1
3 0 U -1
4 1 U -1
5 1 U 4
6 1 L -1
7 0 U 5
8 1 L 1
9 1 U -1
10 0 U -1
11 1 L -1
12 0 L 8
13 1 L 8
14 1 L 3
15 1 L -1
16 0 U 6
17 0 U 2
18 0 U -1
19 1 U 18
20 0 L 3
21 1 L 13
22 0 L 11
23 1 L 22
24 1 U 16
25 1 L 6
26 1 U 19
27 1 U 26
28 0 U 27
29 1 L -1
30 1 U 26
31 1 L 25
32 1 U 30
33
0 0 L -1
1 0 U 0
2 0 L 1
3 0 U -1
4 1 U -1
5 1 U 4
6 1 L -1
7 0 U 5
8 1 L 1
9 1 U -1
10 0 U -1
11 1 L -1
12 0 L 8
13 1 L 8
14 1 L 3
15 1 L -1
16 0 U 10
17 0 U 2
18 0 U -1
19 1 U 18
20 0 L 3
21 1 L 13
22 0 L 11
23 1 L 22
24 1 U 16
25 1 L 6
26 1 U 19
27 1 U 13
28 0 U 27
29 1 L -1
30 1 U 13
31 1 L 8
32 1 U 30
33
0 0 L -1
1 0 U 0
2 0 L 1
3 0 U -1
4 1 U -1
5 1 U 4
6 1 L -1
7 0 U 6
8 1 L 1
9 1 U -1
10 0 U -1
11 1 L -1
12 0 L 8
13 1 L 8
14 1 L 3
15 1 L -1
16 0 U 6
17 0 U 6
18 0 U -1
19 1 U 18
20 0 L 3
21 1 L 13
22 0 L 11
23 0 L 22
24 1 U 16
25 0 L 6
26 1 U 19
27 1 U 26
28 0 U 27
29 1 L -1
30 1 U 13
31 1 L 25
32 1 U 30
33
0 0 U -1
1 0 U 0
2 0 L 1
3 0 U -1
4 1 U -1
5 1 U 4
6 1 L -1
7 1 U 6
8 1 L 1
9 1 U -1
10 0 U -1
11 1 L -1
12 0 L 8
13 1 L 8
14 1 L 3
15 1 L -1
16 0 U 6
17 0 U 6
18 0 U -1
19 1 U 18
20 0 L 3
21 1 L 13
22 0 L 11
23 1 L 22
24 1 U 16
25 1 L 6
26 1 U 19
27 1 U 26
28 0 U 27
29 1 L -1
30 1 U 26
31 1 L 0
32 1 U 30
33
0 0 U -1
1 0 U 0
2 0 L 1
3 0 U -1
4 1 U -1
5 1 U 4
6 1 L -1
7 0 U 6
8 1 L 1
9 1 U -1
10 0 U -1
11 1 L -1
12 0 L 8
13 1 L 8
14 1 L 3
15 1 L -1
16 0 U 10
17 0 U 6
18 0 U -1
19 1 U 18
20 0 L 13
21 1 L 11
22 0 L 11
23 1 L 22
24 1 U 16
25 1 L 6
26 1 U 19
27 1 U 26
28 1 U 27
29 1 L -1
30 1 U 26
31 1 L 0
32 1 U 30
33
0 0 U -1
1 0 U 0
2 0 L 1
3 0 U -1
4 1 U -1
5 1 U 4
6 1 L -1
7 0 U 5
8 1 L 1
9 1 U -1
10 0 U -1
11 1 L -1
12 0 L 2
13 1 L 8
14 1 L 3
15 1 L -1
16 0 U 10
17 0 U 6
18 0 U -1
19 1 U 18
20 0 L 13
21 1 L 11
22 0 L 11
23 1 L 22
24 1 U 16
25 1 L 6
26 1 U 19
27 1 U 26
28 0 U 27
29 1 L -1
30 1 U 26
31 1 L 25
32 1 U 30
33
0 0 U -1
1 0 U 0
2 0 L 1
3 0 U -1
4 1 U -1
5 1 U 4
6 1 L -1
7 0 U 5
8 1 L 1
9 1 U -1
10 0 U -1
11 1 L -1
12 0 L 8
13 1 L 8
14 1 L 3
15 1 L -1
16 0 U 2
17 0 U 6
18 0 U -1
19 1 U 18
20 0 L 13
21 1 L 11
22 0 L 11
23 1 L 22
24 1 U 16
25 1 L 6
26 1 U 12
27 1 U 26
28 1 U 27
29 1 L -1
30 1 U 26
31 1 L 25
32 1 U 30
33
0 0 L -1
1 0 U 0
2 0 L 1
3 0 U -1
4 1 U -1
5 1 U 4
6 1 L -1
7 0 U 5
8 1 L 1
9 1 U -1
10 0 U -1
11 1 L -1
12 0 L 2
13 1 L 8
14 1 L 3
15 1 L -1
16 0 U 6
17 0 U 2
18 0 U -1
19 1 U 18
20 0 L 3
21 1 L 11
22 0 L 11
23 0 L 22
24 1 U 16
25 0 L 6
26 1 U 19
27 1 U 26
28 0 U 27
29 1 L -1
30 1 U 13
31 1 L 25
32 1 U 30
33
0 0 U -1
1 0 U 0
2 0 L 1
3 0 U -1
4 1 U -1
5 0 U 4
6 1 L -1
7 0 U 5
8 1 L 1
9 1 U -1
10 0 U -1
11 1 L -1
12 0 L 8
13 1 L 8
14 1 L -1
15 1 L -1
16 0 U 2
17 0 U 6
18 0 U -1
19 1 U 18
20 0 L 3
21 1 L 11
22 0 L 21
23 1 L 22
24 1 U 16
25 1 L 11
26 1 U 19
27 1 U 13
28 0 U 27
29 0 L -1
30 1 U 13
31 1 L 25
32 1 U 30
33
0 0 L -1
1 0 U 0
2 0 L 1
3 0 U -1
4 1 U -1
5 0 U 4
6 1 L -1
7 0 U 5
8 1 L 1
9 1 U -1
10 0 U -1
11 1 L -1
12 0 L 2
13 1 L 8
14 1 L -1
15 1 L -1
16 0 U 10
17 0 U 10
18 0 U -1
19 1 U 18
20 0 L 3
21 1 L 11
22 0 L 21
23 1 L 22
24 1 U 16
25 1 L 11
26 1 U 19
27 1 U 13
28 0 U 27
29 0 L -1
30 1 U 13
31 1 L 25
32 1 U 30
33
0 0 U -1
1 0 U 0
2 0 L 1
3 0 U -1
4 1 U -1
5 0 U 4
6 1 L -1
7 0 U 5
8 1 L 1
9 1 U -1
10 0 U -1
11 1 L -1
12 0 L 2
13 1 L 8
14 1 L -1
15 1 L -1
16 0 U 6
17 0 U 10
18 0 U -1
19 1 U 18
20 0 L 3
21 1 L 11
22 0 L 1
23 1 L 22
24 1 U 16
25 1 L 11
26 1 U 19
27 1 U 13
28 0 U 27
29 0 L -1
30 1 U 13
31 1 L 25
32 1 U 30
33
0 0 L -1
1 0 U 0
2 0 L 1
3 0 U -1
4 1 U -1
5 0 U 4
6 1 L -1
7 0 U 5
8 1 L 1
9 1 U -1
10 0 U -1
11 1 L -1
12 0 L 2
13 1 L 8
14 1 L -1
15 1 L -1
16 0 U 10
17 0 U 10
18 0 U -1
19 1 U 18
20 0 L 3
21 1 L 11
22 0 L 21
23 1 L 22
24 1 U 16
25 1 L 11
26 1 U 19
27 1 U 7
28 0 U 27
29 0 L -1
30 1 U 7
31 1 L 25
32 1 U 30
33
0 0 L -1
1 0 U 0
2 0 L 1
3 0 U -1
4 1 U -1
5 0 U 4
6 1 L -1
7 0 U 5
8 1 L 1
9 1 U -1
10 0 U -1
11 1 L -1
12 0 L 2
13 1 L 8
14 1 L -1
15 1 L -1
16 0 U 2
17 0 U 10
18 0 U -1
19 1 U 18
20 0 L 3
21 1 L 11
22 0 L 21
23 0 L 22
24 1 U 16
25 1 L 11
26 1 U 12
27 1 U 26
28 0 U 27
29 0 L -1
30 1 U 26
31 1 L 25
32 1 U 30
33
0 0 U -1
1 0 U 0
2 0 L 1
3 0 U -1
4 1 U -1
5 0 U 4
6 1 L -1
7 0 U 5
8 1 L 1
9 1 U -1
10 0 U -1
11 1 L -1
12 0 L 8
13 1 L 8
14 1 L -1
15 1 L -1
16 0 U 2
17 0 U 2
18 0 U -1
19 1 U 18
20 0 L 3
21 1 L 11
22 0 L 21
23 0 L 22
24 1 U 16
25 1 L 11
26 1 U 12
27 1 U 26
28 0 U 27
29 0 L -1
30 1 U 26
31 1 L 25
32 1 U 30
33
0 0 U -1
1 0 U 0
2 0 L 1
3 0 U -1
4 1 U -1
5 0 U 4
6 1 L -1
7 0 U 5
8 1 L 1
9 1 U -1
10 0 U -1
11 1 L -1
12 0 L 8
13 1 L 8
14 1 L -1
15 1 L -1
16 0 U 6
17 0 U 10
18 0 U -1
19 1 U 18
20 0 L 3
21 1 L 11
22 0 L 21
23 1 L 22
24 1 U 16
25 1 L 11
26 1 U 12
27 1 U 26
28 0 U 27
29 0 L -1
30 1 U 26
31 1 L 22
32 1 U 30
33
0 0 L -1
1 0 U 0
2 0 L 1
3 0 U -1
4 1 U -1
5 0 U 4
6 1 L -1
7 0 U 5
8 1 L 1
9 1 U -1
10 0 U -1
11 1 L -1
12 0 L 8
13 1 L 8
14 1 L -1
15 1 L -1
16 0 U 2
17 0 U 2
18 0 U -1
19 1 U 18
20 0 L 3
21 1 L 11
22 0 L 21
23 1 L 22
24 1 U 16
25 1 L 11
26 1 U 12
27 1 U 26
28 0 U 27
29 0 L -1
30 1 U 26
31 1 L 25
32 1 U 30
33
0 0 U -1
1 0 U 0
2 0 L 1
3 0 U -1
4 1 U -1
5 0 U 4
6 1 L -1
7 0 U 5
8 1 L 1
9 1 U -1
10 0 U -1
11 1 L -1
12 0 L 8
13 1 L 8
14 1 L -1
15 1 L -1
16 0 U 6
17 0 U 10
18 0 U -1
19 1 U 18
20 0 L 3
21 1 L 11
22 0 L 1
23 1 L 22
24 1 U 16
25 1 L 11
26 1 U 19
27 1 U 26
28 0 U 27
29 0 L -1
30 1 U 13
31 1 L 25
32 1 U 30
33
0 0 L -1
1 0 U 0
2 0 L 1
3 0 U -1
4 1 U -1
5 0 U 4
6 1 L -1
7 0 U 5
8 1 L 1
9 1 U -1
10 0 U -1
11 1 L -1
12 0 L 8
13 1 L 8
14 1 L -1
15 1 L -1
16 0 U 6
17 0 U 2
18 0 U -1
19 1 U 18
20 0 L 3
21 1 L 11
22 0 L 21
23 1 L 22
24 1 U 16
25 1 L 11
26 1 U 19
27 1 U 26
28 0 U 27
29 0 L -1
30 1 U 26
31 1 L 25
32 1 U 30
33
0 0 L -1
1 0 U 0
2 0 L 1
3 0 U -1
4 1 U -1
5 0 U 4
6 1 L -1
7 0 U 5
8 1 L 1
9 1 U -1
10 0 U -1
11 1 L -1
12 0 L 2
13 1 L 8
14 1 L -1
15 1 L -1
16 0 U 6
17 0 U 10
18 0 U -1
19 1 U 18
20 0 L 3
21 1 L 11
22 0 L 21
23 1 L 22
24 1 U 16
25 1 L 11
26 1 U 19
27 1 U 26
28 0 U 27
29 0 L -1
30 1 U 13
31 1 L 22
32 1 U 30
33
0 0 L -1
1 0 U 0
2 0 L 1
3 0 U -1
4 1 U -1
5 0 U 4
6 1 L -1
7 0 U 5
8 1 L 1
9 1 U -1
10 0 U -1
11 1 L -1
12 0 L 8
13 1 L 8
14 1 L -1
15 1 L -1
16 0 U 10
17 0 U 10
18 0 U -1
19 1 U 18
20 0 L 3
21 1 L 11
22 0 L 21
23 1 L 22
24 1 U 16
25 1 L 11
26 1 U 19
27 1 U 26
28 0 U 27
29 0 L -1
30 1 U 13
31 1 L 22
32 1 U 30
33
0 0 U -1
1 0 U 0
2 0 L 1
3 0 U -1
4 1 U -1
5 0 U 4
6 1 L -1
7 0 U 5
8 1 L 1
9 1 U -1
10 0 U -1
11 1 L -1
12 0 L 8
13 1 L 8
14 1 L -1
15 1 L -1
16 0 U 2
17 0 U 2
18 0 U -1
19 1 U 18
20 0 L 3
21 1 L 11
22 0 L 21
23 0 L 22
24 1 U 16
25 1 L 11
26 1 U 19
27 1 U 13
28 0 U 27
29 0 L -1
30 1 U 13
31 1 L 22
32 1 U 30
33
0 0 L -1
1 0 U 0
2 0 L 1
3 0 U -1
4 1 U -1
5 0 U 4
6 1 L -1
7 0 U 5
8 1 L 1
9 1 U -1
10 0 U -1
11 1 L -1
12 0 L 8
13 1 L 8
14 1 L -1
15 1 L -1
16 0 U 6
17 0 U 10
18 0 U -1
19 1 U 18
20 0 L 3
21 1 L 11
22 0 L 21
23 1 L 22
24 1 U 16
25 1 L 11
26 1 U 19
27 1 U 7
28 0 U 27
29 0 L -1
30 1 U 13
31 1 L 22
32 1 U 30
33
0 0 L -1
1 0 U 0
2 0 L 1
3 0 U -1
4 1 U -1
5 0 U 4
6 1 L -1
7 0 U 5
8 1 L 1
9 1 U -1
10 0 U -1
11 1 L -1
12 0 L 2
13 1 L 8
14 1 L -1
15 1 L -1
16 0 U 10
17 0 U 6
18 0 U -1
19 1 U 18
20 0 L 3
21 1 L 11
22 0 L 21
23 0 L 22
24 1 U 16
25 1 L 11
26 1 U 12
27 1 U 26
28 0 U 27
29 0 L -1
30 1 U 7
31 1 L 22
32 1 U 30
33
0 0 L -1
1 0 U 0
2 0 L 1
3 0 U -1
4 1 U -1
5 0 U 4
6 1 L -1
7 0 U 5
8 1 L 1
9 1 U -1
10 0 U -1
11 1 L -1
12 0 L 8
13 1 L 8
14 1 L -1
15 1 L -1
16 0 U 6
17 0 U 10
18 0 U -1
19 1 U 18
20 0 L 3
21 1 L 11
22 0 L 21
23 0 L 22
24 1 U 16
25 1 L 11
26 1 U 19
27 1 U 13
28 0 U 27
29 0 L -1
30 1 U 13
31 1 L 22
32 1 U 30
33
0 0 U -1
1 0 U 0
2 0 L 1
3 0 U -1
4 1 U -1
5 0 U 4
6 1 L -1
7 0 U 5
8 1 L 1
9 1 U -1
10 0 U -1
11 1 L -1
12 0 L 2
13 1 L 8
14 1 L -1
15 1 L -1
16 0 U 10
17 0 U 2
18 0 U -1
19 1 U 18
20 0 L 3
21 1 L 11
22 0 L 21
23 1 L 22
24 1 U 16
25 1 L 11
26 1 U 19
27 1 U 26
28 0 U 27
29 0 L -1
30 1 U 26
31 1 L 22
32 1 U 30
33
0 0 U -1
1 0 U 0
2 0 L 1
3 0 U -1
4 1 U -1
5 0 U 4
6 1 L -1
7 0 U 5
8 1 L 1
9 1 U -1
10 0 U -1
11 1 L -1
12 0 L 2
13 1 L 8
14 1 L -1
15 1 L -1
16 0 U 2
17 0 U 10
18 0 U -1
19 1 U 18
20 0 L 3
21 1 L 11
22 0 L 21
23 1 L 22
24 1 U 16
25 1 L 11
26 1 U 12
27 1 U 26
28 0 U 27
29 0 L -1
30 1 U 7
31 1 L 25
32 1 U 30
33
0 0 U -1
1 0 U 0
2 0 L 1
3 0 U -1
4 1 U -1
5 0 U 4
6 1 L -1
7 0 U 5
8 1 L 1
9 1 U -1
10 0 U -1
11 1 L -1
12 0 L 2
13 1 L 8
14 1 L -1
15 1 L -1
16 0 U 6
17 0 U 2
18 0 U -1
19 1 U 18
20 0 L 3
21 1 L 11
22 0 L 1
23 1 L 22
24 1 U 16
25 1 L 11
26 1 U 12
27 1 U 26
28 0 U 27
29 0 L -1
30 1 U 7
31 1 L 25
32 1 U 30
33
0 0 U -1
1 0 U 0
2 0 L 1
3 0 U -1
4 1 U -1
5 0 U 4
6 1 L -1
7 0 U 5
8 1 L 1
9 1 U -1
10 0 U -1
11 1 L -1
12 0 L 2
13 1 L 8
14 1 L -1
15 1 L -1
16 0 U 2
17 0 U 6
18 0 U -1
19 1 U 18
20 0 L 3
21 1 L 11
22 0 L 21
23 1 L 22
24 1 U 16
25 1 L 11
26 1 U 12
27 1 U 26
28 0 U 27
29 0 L -1
30 1 U 26
31 1 L 25
32 1 U 30
33
0 0 U -1
1 0 U 0
2 0 L 1
3 0 U -1
4 1 U -1
5 0 U 4
6 1 L -1
7 0 U 5
8 1 L 1
9 1 U -1
10 0 U -1
11 1 L -1
12 0 L 8
13 1 L 8
14 1 L -1
15 1 L -1
16 0 U 6
17 0 U 10
18 0 U -1
19 1 U 18
20 0 L 3
21 1 L 11
22 0 L 21
23 1 L 22
24 1 U 16
25 1 L 11
26 1 U 12
27 1 U 26
28 0 U 27
29 0 L -1
30 1 U 26
31 1 L 22
32 1 U 30
33
0 0 U -1
1 0 U 0
2 0 L 1
3 0 U -1
4 1 U -1
5 0 U 4
6 1 L -1
7 0 U 5
8 1 L 1
9 1 U -1
10 0 U -1
11 1 L -1
12 0 L 2
13 1 L 8
14 1 L -1
15 1 L -1
16 0 U 6
17 0 U 10
18 0 U -1
19 1 U 18
20 0 L 3
21 1 L 11
22 0 L 21
23 0 L 22
24 1 U 16
25 1 L 11
26 1 U 19
27 1 U 26
28 0 U 27
29 0 L -1
30 1 U 26
31 1 L 22
32 1 U 30
33
0 0 L -1
1 0 U 0
2 0 L 1
3 0 U -1
4 1 U -1
5 0 U 4
6 1 L -1
7 0 U 5
8 1 L 1
9 1 U -1
10 0 U -1
11 1 L -1
12 0 L 2
13 1 L 8
14 1 L -1
15 1 L -1
16 0 U 6
17 0 U 2
18 0 U -1
19 1 U 18
20 0 L 3
21 1 L 11
22 0 L 21
23 0 L 22
24 1 U 16
25 1 L 11
26 1 U 12
27 1 U 26
28 0 U 27
29 0 L -1
30 1 U 26
31 1 L 22
32 1 U 30
33
0 0 U -1
1 0 U 0
2 0 L 1
3 0 U -1
4 1 U -1
5 0 U 4
6 1 L -1
7 0 U 5
8 1 L 1
9 1 U -1
10 0 U -1
11 1 L -1
12 0 L 2
13 1 L 8
14 1 L -1
15 1 L -1
16 0 U 6
17 0 U 10
18 0 U -1
19 1 U 18
20 0 L 3
21 1 L 11
22 0 L 21
23 0 L 22
24 1 U 16
25 1 L 11
26 1 U 12
27 1 U 26
28 0 U 27
29 0 L -1
30 1 U 26
31 1 L 22
32 1 U 30
33
0 0 L -1
1 0 U 0
2 0 L 1
3 0 U -1
4 1 U -1
5 0 U 4
6 1 L -1
7 0 U 5
8 1 L 1
9 1 U -1
10 0 U -1
11 1 L -1
12 0 L 8
13 1 L 8
14 1 L -1
15 1 L -1
16 0 U 6
17 0 U 10
18 0 U -1
19 1 U 18
20 0 L 3
21 1 L 11
22 0 L 21
23 0 L 22
24 1 U 16
25 1 L 11
26 1 U 19
27 1 U 13
28 0 U 27
29 0 L -1
30 1 U 13
31 1 L 22
32 1 U 30
33
0 0 U -1
1 0 U 0
2 0 L 1
3 0 U -1
4 1 U -1
5 0 U 4
6 1 L -1
7 0 U 5
8 1 L 1
9 1 U -1
10 0 U -1
11 1 L -1
12 0 L 8
13 1 L 8
14 1 L -1
15 1 L -1
16 0 U 6
17 0 U 6
18 0 U -1
19 1 U 18
20 0 L 3
21 1 L 11
22 0 L 21
23 1 L 22
24 1 U 16
25 1 L 11
26 1 U 19
27 1 U 13
28 0 U 27
29 0 L -1
30 1 U 13
31 1 L 25
32 1 U 30
33
0 0 L -1
1 0 U 0
2 0 L 1
3 0 U -1
4 1 U -1
5 0 U 4
6 1 L -1
7 0 U 5
8 1 L 1
9 1 U -1
10 0 U -1
11 1 L -1
12 0 L 8
13 1 L 8
14 1 L -1
15 1 L -1
16 0 U 6
17 0 U 6
18 0 U -1
19 1 U 18
20 0 L 3
21 1 L 11
22 0 L 21
23 0 L 22
24 1 U 16
25 1 L 11
26 1 U 19
27 1 U 13
28 0 U 27
29 0 L -1
30 1 U 13
31 1 L 22
32 1 U 30
33
0 0 L -1
1 0 U 0
2 0 L 1
3 0 U -1
4 1 U -1
5 0 U 4
6 1 L -1
7 0 U 5
8 1 L 1
9 1 U -1
10 0 U -1
11 1 L -1
12 0 L 8
13 1 L 8
14 1 L -1
15 1 L -1
16 0 U 6
17 0 U 6
18 0 U -1
19 1 U 18
20 0 L 3
21 1 L 11
22 0 L 1
23 1 L 22
24 1 U 16
25 1 L 11
26 1 U 12
27 1 U 26
28 0 U 27
29 0 L -1
30 1 U 26
31 1 L 25
32 1 U 30
33
0 0 L -1
1 0 U 0
2 0 L 1
3 0 U -1
4 1 U -1
5 0 U 4
6 1 L -1
7 0 U 5
8 1 L 1
9 1 U -1
10 0 U -1
11 1 L -1
12 0 L 8
13 1 L 8
14 1 L -1
15 1 L -1
16 0 U 6
17 0 U 2
18 0 U -1
19 1 U 18
20 0 L 3
21 1 L 11
22 0 L 21
23 1 L 22
24 1 U 16
25 1 L 11
26 1 U 12
27 1 U 26
28 0 U 27
29 0 L -1
30 1 U 26
31 1 L 25
32 1 U 30
33
0 0 U -1
1 0 U 0
2 0 L 1
3 0 U -1
4 1 U -1
5 0 U 4
6 1 L -1
7 0 U 5
8 1 L 1
9 1 U -1
10 0 U -1
11 1 L -1
12 0 L 8
13 1 L 8
14 1 L -1
15 1 L -1
16 0 U 2
17 0 U 10
18 0 U -1
19 1 U 18
20 0 L 3
21 1 L 11
22 0 L 21
23 1 L 22
24 1 U 16
25 1 L 11
26 1 U 12
27 1 U 26
28 0 U 27
29 0 L -1
30 1 U 26
31 1 L 25
32 1 U 30
33
0 0 U -1
1 0 U 0
2 0 L 1
3 0 U -1
4 1 U -1
5 0 U 4
6 1 L -1
7 0 U 5
8 1 L 1
9 1 U -1
10 0 U -1
11 1 L -1
12 0 L 8
13 1 L 8
14 1 L -1
15 1 L -1
16 0 U 6
17 0 U 6
18 0 U -1
19 1 U 18
20 0 L 3
21 1 L 11
22 0 L 21
23 0 L 22
24 1 U 16
25 1 L 11
26 1 U 12
27 1 U 26
28 0 U 27
29 0 L -1
30 1 U 26
31 1 L 22
32 1 U 30
33
0 0 U -1
1 0 U 0
2 0 L 1
3 0 U -1
4 1 U -1
5 0 U 4
6 1 L -1
7 0 U 5
8 1 L 1
9 1 U -1
10 0 U -1
11 1 L -1
12 0 L 8
13 1 L 8
14 1 L -1
15 1 L -1
16 0 U 2
17 0 U 10
18 0 U -1
19 1 U 18
20 0 L 3
21 1 L 11
22 0 L 21
23 1 L 22
24 1 U 16
25 1 L 11
26 1 U 19
27 1 U 13
28 0 U 27
29 0 L -1
30 1 U 13
31 1 L 22
32 1 U 30
33
0 0 L -1
1 0 U 0
2 0 L 1
3 0 U -1
4 1 U -1
5 0 U 4
6 1 L -1
7 0 U 5
8 1 L 1
9 1 U -1
10 0 U -1
11 1 L -1
12 0 L 2
13 1 L 8
14 1 L -1
15 1 L -1
16 0 U 2
17 0 U 2
18 0 U -1
19 1 U 18
20 0 L 3
21 1 L 11
22 0 L 21
23 0 L 22
24 1 U 16
25 1 L 11
26 1 U 19
27 1 U 13
28 0 U 27
29 0 L -1
30 1 U 13
31 1 L 22
32 1 U 30
33
0 0 U -1
1 0 U 0
2 0 L 1
3 0 U -1
4 1 U -1
5 0 U 4
6 1 L -1
7 0 U 5
8 1 L 1
9 1 U -1
10 0 U -1
11 1 L -1
12 0 L 2
13 1 L 8
14 1 L -1
15 1 L -1
16 0 U 10
17 0 U 6
18 0 U -1
19 1 U 18
20 0 L 3
21 1 L 11
22 0 L 1
23 1 L 22
24 1 U 16
25 1 L 11
26 1 U 19
27 1 U 13
28 0 U 27
29 0 L -1
30 1 U 13
31 1 L 25
32 1 U 30
33
0 0 L -1
1 0 U 0
2 0 L 1
3 0 U -1
4 1 U -1
5 0 U 4
6 1 L -1
7 0 U 5
8 1 L 1
9 1 U -1
10 0 U -1
11 1 L -1
12 0 L 8
13 1 L 8
14 1 L -1
15 1 L -1
16 0 U 10
17 0 U 6
18 0 U -1
19 1 U 18
20 0 L 3
21 1 L 11
22 0 L 21
23 1 L 22
24 1 U 16
25 1 L 11
26 1 U 12
27 1 U 26
28 0 U 27
29 0 L -1
30 1 U 7
31 1 L 25
32 1 U 30
33
0 0 U -1
1 0 U 0
2 0 L 1
3 0 U -1
4 1 U -1
5 0 U 4
6 1 L -1
7 0 U 5
8 1 L 1
9 1 U -1
10 0 U -1
11 1 L -1
12 0 L 8
13 1 L 8
14 1 L -1
15 1 L -1
16 0 U 2
17 0 U 6
18 0 U -1
19 1 U 18
20 0 L 3
21 1 L 11
22 0 L 21
23 1 L 22
24 1 U 16
25 1 L 11
26 1 U 12
27 1 U 26
28 0 U 27
29 0 L -1
30 1 U 26
31 1 L 22
32 1 U 30
33
0 0 U -1
1 0 U 0
2 0 L 1
3 0 U -1
4 1 U -1
5 0 U 4
6 1 L -1
7 0 U 5
8 1 L 1
9 1 U -1
10 0 U -1
11 1 L -1
12 0 L 2
13 1 L 8
14 1 L -1
15 1 L -1
16 0 U 10
17 0 U 6
18 0 U -1
19 1 U 18
20 0 L 3
21 1 L 11
22 0 L 21
23 1 L 22
24 1 U 16
25 1 L 11
26 1 U 12
27 1 U 26
28 0 U 27
29 0 L -1
30 1 U 26
31 1 L 25
32 1 U 30
33
0 0 U -1
1 0 U 0
2 0 L 1
3 0 U -1
4 1 U -1
5 0 U 4
6 1 L -1
7 0 U 5
8 1 L 1
9 1 U -1
10 0 U -1
11 1 L -1
12 0 L 8
13 1 L 8
14 1 L -1
15 1 L -1
16 0 U 6
17 0 U 10
18 0 U -1
19 1 U 18
20 0 L 3
21 1 L 11
22 0 L 21
23 0 L 22
24 1 U 16
25 1 L 11
26 1 U 12
27 1 U 26
28 0 U 27
29 0 L -1
30 1 U 26
31 1 L 22
32 1 U 30
33
0 0 U -1
1 0 U 0
2 0 L 1
3 0 U -1
4 1 U -1
5 0 U 4
6 1 L -1
7 0 U 5
8 1 L 1
9 1 U -1
10 0 U -1
11 1 L -1
12 0 L 2
13 1 L 8
14 1 L -1
15 1 L -1
16 0 U 10
17 0 U 2
18 0 U -1
19 1 U 18
20 0 L 3
21 1 L 11
22 0 L 1
23 1 L 22
24 1 U 16
25 1 L 11
26 1 U 19
27 1 U 26
28 0 U 27
29 0 L -1
30 1 U 26
31 1 L 25
32 1 U 30
33
0 0 U -1
1 0 U 0
2 0 L 1
3 0 U -1
4 1 U -1
5 0 U 4
6 1 L -1
7 0 U 5
8 1 L 1
9 1 U -1
10 0 U -1
11 1 L -1
12 0 L 8
13 1 L 8
14 1 L -1
15 1 L -1
16 0 U 6
17 0 U 10
18 0 U -1
19 1 U 18
20 0 L 3
21 1 L 11
22 0 L 1
23 1 L 22
24 1 U 16
25 1 L 11
26 1 U 19
27 1 U 13
28 0 U 27
29 0 L -1
30 1 U 13
31 1 L 25
32 1 U 30
33
0 0 L -1
1 0 U 0
2 0 L 1
3 0 U -1
4 1 U -1
5 0 U 4
6 1 L -1
7 0 U 5
8 1 L 1
9 1 U -1
10 0 U -1
11 1 L -1
12 0 L 8
13 1 L 8
14 1 L -1
15 1 L -1
16 0 U 6
17 0 U 10
18 0 U -1
19 1 U 18
20 0 L 3
21 1 L 11
22 0 L 21
23 0 L 22
24 1 U 16
25 1 L 11
26 1 U 19
27 1 U 13
28 0 U 27
29 0 L -1
30 1 U 13
31 1 L 25
32 1 U 30
33
0 0 L -1
1 0 U 0
2 0 L 1
3 0 U -1
4 1 U -1
5 0 U 4
6 1 L -1
7 0 U 5
8 1 L 1
9 1 U -1
10 0 U -1
11 1 L -1
12 0 L 2
13 1 L 8
14 1 L -1
15 1 L -1
16 0 U 10
17 0 U 10
18 0 U -1
19 1 U 18
20 0 L 3
21 1 L 11
22 0 L 21
23 0 L 22
24 1 U 16
25 1 L 11
26 1 U 12
27 1 U 26
28 0 U 27
29 0 L -1
30 1 U 26
31 1 L 22
32 1 U 30
33
0 0 U -1
1 0 U 0
2 0 L 1
3 0 U -1
4 1 U -1
5 0 U 4
6 1 L -1
7 0 U 5
8 1 L 1
9 1 U -1
10 0 U -1
11 1 L -1
12 0 L 8
13 1 L 8
14 1 L -1
15 1 L -1
16 0 U 10
17 0 U 10
18 0 U -1
19 1 U 18
20 0 L 3
21 1 L 11
22 0 L 21
23 0 L 22
24 1 U 16
25 1 L 11
26 1 U 19
27 1 U 26
28 0 U 27
29 0 L -1
30 1 U 26
31 1 L 25
32 1 U 30
33
0 0 L -1
1 0 U 0
2 0 L 1
3 0 U -1
4 1 U -1
5 0 U 4
6 1 L -1
7 0 U 5
8 1 L 1
9 1 U -1
10 0 U -1
11 1 L -1
12 0 L 8
13 1 L 8
14 1 L -1
15 1 L -1
16 0 U 2
17 0 U 10
18 0 U -1
19 1 U 18
20 0 L 3
21 1 L 11
22 0 L 21
23 0 L 22
24 1 U 16
25 1 L 11
26 1 U 12
27 1 U 26
28 0 U 27
29 0 L -1
30 1 U 26
31 1 L 22
32 1 U 30
33
0 0 U -1
1 0 U 0
2 0 L 1
3 0 U -1
4 1 U -1
5 0 U 4
6 1 L -1
7 0 U 5
8 1 L 1
9 1 U -1
10 0 U -1
11 1 L -1
12 0 L 8
13 1 L 8
14 1 L -1
15 1 L -1
16 0 U 6
17 0 U 10
18 0 U -1
19 1 U 18
20 0 L 3
21 1 L 11
22 0 L 21
23 1 L 22
24 1 U 16
25 1 L 11
26 1 U 12
27 1 U 26
28 0 U 27
29 0 L -1
30 1 U 26
31 1 L 22
32 1 U 30
33
0 0 U -1
1 0 U 0
2 0 L 1
3 0 U -1
4 1 U -1
5 0 U 4
6 1 L -1
7 0 U 5
8 1 L 1
9 1 U -1
10 0 U -1
11 1 L -1
12 0 L 8
13 1 L 8
14 1 L -1
15 1 L -1
16 0 U 10
17 0 U 2
18 0 U -1
19 1 U 18
20 0 L 3
21 1 L 11
22 0 L 21
23 1 L 22
24 1 U 16
25 1 L 11
26 1 U 12
27 1 U 26
28 0 U 27
29 0 L -1
30 1 U 26
31 1 L 25
32 1 U 30
33
0 0 U -1
1 0 U 0
2 0 L 1
3 0 U -1
4 1 U -1
5 0 U 4
6 1 L -1
7 0 U 5
8 1 L 1
9 1 U -1
10 0 U -1
11 1 L -1
12 0 L 2
13 1 L 8
14 1 L -1
15 1 L -1
16 0 U 10
17 0 U 10
18 0 U -1
19 1 U 18
20 0 L 3
21 1 L 11
22 0 L 21
23 1 L 22
24 1 U 16
25 1 L 11
26 1 U 19
27 1 U 26
28 0 U 27
29 0 L -1
30 1 U 26
31 1 L 25
32 1 U 30
33
0 0 L -1
1 0 U 0
2 0 L 1
3 0 U -1
4 1 U -1
5 0 U 4
6 1 L -1
7 0 U 5
8 1 L 1
9 1 U -1
10 0 U -1
11 1 L -1
12 0 L 2
13 1 L 8
14 1 L -1
15 1 L -1
16 0 U 6
17 0 U 6
18 0 U -1
19 1 U 18
20 0 L 3
21 1 L 11
22 0 L 21
23 1 L 22
24 1 U 16
25 1 L 11
26 1 U 19
27 1 U 13
28 0 U 27
29 0 L -1
30 1 U 13
31 1 L 22
32 1 U 30
33
0 0 L -1
1 0 U 0
2 0 L 1
3 0 U -1
4 1 U -1
5 0 U 4
6 1 L -1
7 0 U 5
8 1 L 1
9 1 U -1
10 0 U -1
11 1 L -1
12 0 L 2
13 1 L 8
14 1 L -1
15 1 L -1
16 0 U 6
17 0 U 6
18 0 U -1
19 1 U 18
20 0 L 3
21 1 L 11
22 0 L 1
23 1 L 22
24 1 U 16
25 1 L 11
26 1 U 12
27 1 U 26
28 0 U 27
29 0 L -1
30 1 U 26
31 1 L 25
32 1 U 30
33
0 0 L -1
1 0 U 0
2 0 L 1
3 0 U -1
4 1 U -1
5 0 U 4
6 1 L -1
7 0 U 5
8 1 L 1
9 1 U -1
10 0 U -1
11 1 L -1
12 0 L 2
13 1 L 8
14 1 L -1
15 1 L -1
16 0 U 6
17 0 U 10
18 0 U -1
19 1 U 18
20 0 L 3
21 1 L 11
22 0 L 21
23 1 L 22
24 1 U 16
25 1 L 11
26 1 U 12
27 1 U 26
28 0 U 27
29 0 L -1
30 1 U 26
31 1 L 25
32 1 U 30
33
0 0 L -1
1 0 U 0
2 0 L 1
3 0 U -1
4 1 U -1
5 0 U 4
6 1 L -1
7 0 U 5
8 1 L 1
9 1 U -1
10 0 U -1
11 1 L -1
12 0 L 8
13 1 L 8
14 1 L -1
15 1 L -1
16 0 U 2
17 0 U 2
18 0 U -1
19 1 U 18
20 0 L 3
21 1 L 11
22 0 L 21
23 1 L 22
24 1 U 16
25 1 L 11
26 1 U 12
27 1 U 26
28 0 U 27
29 0 L -1
30 1 U 26
31 1 L 22
32 1 U 30
33
0 0 U -1
1 0 U 0
2 0 L 1
3 0 U -1
4 1 U -1
5 0 U 4
6 1 L -1
7 0 U 5
8 1 L 1
9 1 U -1
10 0 U -1
11 1 L -1
12 0 L 8
13 1 L 8
14 1 L -1
15 1 L -1
16 0 U 6
17 0 U 2
18 0 U -1
19 1 U 18
20 0 L 3
21 1 L 11
22 0 L 21
23 1 L 22
24 1 U 16
25 1 L 11
26 1 U 12
27 1 U 26
28 0 U 27
29 0 L -1
30 1 U 26
31 1 L 25
32 1 U 30
33
0 0 L -1
1 0 U 0
2 0 L 1
3 0 U -1
4 1 U -1
5 0 U 4
6 1 L -1
7 0 U 5
8 1 L 1
9 1 U -1
10 0 U -1
11 1 L -1
12 0 L 8
13 1 L 8
14 1 L -1
15 1 L -1
16 0 U 2
17 0 U 6
18 0 U -1
19 1 U 18
20 0 L 3
21 1 L 11
22 0 L 21
23 1 L 22
24 1 U 16
25 1 L 11
26 1 U 12
27 1 U 26
28 0 U 27
29 0 L -1
30 1 U 26
31 1 L 22
32 1 U 30
33
0 0 U -1
1 0 U 0
2 0 L 1
3 0 U -1
4 1 U -1
5 0 U 4
6 1 L -1
7 0 U 5
8 1 L 1
9 1 U -1
10 0 U -1
11 1 L -1
12 0 L 8
13 1 L 8
14 1 L -1
15 1 L -1
16 0 U 2
17 0 U 10
18 0 U -1
19 1 U 18
20 0 L 3
21 1 L 11
22 0 L 21
23 0 L 22
24 1 U 16
25 1 L 11
26 1 U 19
27 1 U 13
28 0 U 27
29 0 L -1
30 1 U 13
31 1 L 25
32 1 U 30
33
0 0 L -1
1 0 U 0
2 0 L 1
3 0 U -1
4 1 U -1
5 0 U 4
6 1 L -1
7 0 U 5
8 1 L 1
9 1 U -1
10 0 U -1
11 1 L -1
12 0 L 8
13 1 L 8
14 1 L -1
15 1 L -1
16 0 U 6
17 0 U 6
18 0 U -1
19 1 U 18
20 0 L 3
21 1 L 11
22 0 L 21
23 0 L 22
24 1 U 16
25 1 L 11
26 1 U 19
27 1 U 13
28 0 U 27
29 0 L -1
30 1 U 13
31 1 L 25
32 1 U 30
33
0 0 L -1
1 0 U 0
2 0 L 1
3 0 U -1
4 1 U -1
5 0 U 4
6 1 L -1
7 0 U 5
8 1 L 1
9 1 U -1
10 0 U -1
11 1 L -1
12 0 L 8
13 1 L 8
14 1 L -1
15 1 L -1
16 0 U 6
17 0 U 10
18 0 U -1
19 1 U 18
20 0 L 3
21 1 L 11
22 0 L 21
23 1 L 22
24 1 U 16
25 1 L 11
26 1 U 19
27 1 U 13
28 0 U 27
29 0 L -1
30 1 U 13
31 1 L 25
32 1 U 30
33
0 0 L -1
1 0 U 0
2 0 L 1
3 0 U -1
4 1 U -1
5 0 U 4
6 1 L -1
7 0 U 5
8 1 L 1
9 1 U -1
10 0 U -1
11 1 L -1
12 0 L 8
13 1 L 8
14 1 L -1
15 1 L -1
16 0 U 6
17 0 U 10
18 0 U -1
19 1 U 18
20 0 L 3
21 1 L 11
22 0 L 21
23 1 L 22
24 1 U 16
25 1 L 11
26 1 U 19
27 1 U 26
28 0 U 27
29 0 L -1
30 1 U 26
31 1 L 22
32 1 U 30
33
0 0 L -1
1 0 U 0
2 0 L 1
3 0 U -1
4 1 U -1
5 0 U 4
6 1 L -1
7 0 U 5
8 1 L 1
9 1 U -1
10 0 U -1
11 1 L -1
12 0 L 8
13 1 L 8
14 1 L -1
15 1 L -1
16 0 U 6
17 0 U 6
18 0 U -1
19 1 U 18
20 0 L 3
21 1 L 11
22 0 L 21
23 0 L 22
24 1 U 16
25 1 L 11
26 1 U 12
27 1 U 26
28 0 U 27
29 0 L -1
30 1 U 26
31 1 L 22
32 1 U 30
33
0 0 L -1
1 0 U 0
2 0 L 1
3 0 U -1
4 1 U -1
5 0 U 4
6 1 L -1
7 0 U 5
8 1 L 1
9 1 U -1
10 0 U -1
11 1 L -1
12 0 L 8
13 1 L 8
14 1 L -1
15 1 L -1
16 0 U 2
17 0 U 2
18 0 U -1
19 1 U 18
20 0 L 3
21 1 L 11
22 0 L 21
23 0 L 22
24 1 U 16
25 1 L 11
26 1 U 19
27 1 U 13
28 0 U 27
29 0 L -1
30 1 U 13
31 1 L 22
32 1 U 30
33
0 0 U -1
1 0 U 0
2 0 L 1
3 0 U -1
4 1 U -1
5 0 U 4
6 1 L -1
7 0 U 5
8 1 L 1
9 1 U -1
10 0 U -1
11 1 L -1
12 0 L 8
13 1 L 8
14 1 L -1
15 1 L -1
16 0 U 2
17 0 U 10
18 0 U -1
19 1 U 18
20 0 L 3
21 1 L 11
22 0 L 21
23 1 L 22
24 1 U 16
25 1 L 11
26 1 U 19
27 1 U 13
28 0 U 27
29 0 L -1
30 1 U 13
31 1 L 22
32 1 U 30
33
0 0 U -1
1 0 U 0
2 0 L 1
3 0 U -1
4 1 U -1
5 0 U 4
6 1 L -1
7 0 U 5
8 1 L 1
9 1 U -1
10 0 U -1
11 1 L -1
12 0 L 8
13 1 L 8
14 1 L -1
15 1 L -1
16 0 U 10
17 0 U 2
18 0 U -1
19 1 U 18
20 0 L 3
21 1 L 11
22 0 L 21
23 1 L 22
24 1 U 16
25 1 L 11
26 1 U 19
27 1 U 26
28 0 U 27
29 0 L -1
30 1 U 13
31 1 L 22
32 1 U 30
33
0 0 L -1
1 0 U 0
2 0 L 1
3 0 U -1
4 1 U -1
5 0 U 4
6 1 L -1
7 0 U 5
8 1 L 1
9 1 U -1
10 0 U -1
11 1 L -1
12 0 L 2
13 1 L 8
14 1 L -1
15 1 L -1
16 0 U 6
17 0 U 10
18 0 U -1
19 1 U 18
20 0 L 3
21 1 L 11
22 0 L 21
23 1 L 22
24 1 U 16
25 1 L 11
26 1 U 12
27 1 U 26
28 0 U 27
29 0 L -1
30 1 U 26
31 1 L 22
32 1 U 30
33
0 0 L -1
1 0 U 0
2 0 L 1
3 0 U -1
4 1 U -1
5 0 U 4
6 1 L -1
7 0 U 5
8 1 L 1
9 1 U -1
10 0 U -1
11 1 L -1
12 0 L 8
13 1 L 8
14 1 L -1
15 1 L -1
16 0 U 10
17 0 U 10
18 0 U -1
19 1 U 18
20 0 L 3
21 1 L 11
22 0 L 1
23 1 L 22
24 1 U 16
25 1 L 11
26 1 U 19
27 1 U 26
28 0 U 27
29 0 L -1
30 1 U 13
31 1 L 25
32 1 U 30
33
0 0 L -1
1 0 U 0
2 0 L 1
3 0 U -1
4 1 U -1
5 0 U 4
6 1 L -1
7 0 U 5
8 1 L 1
9 1 U -1
10 0 U -1
11 1 L -1
12 0 L 8
13 1 L 8
14 1 L -1
15 1 L -1
16 0 U 6
17 0 U 10
18 0 U -1
19 1 U 18
20 0 L 3
21 1 L 11
22 0 L 21
23 0 L 22
24 1 U 16
25 1 L 11
26 1 U 19
27 1 U 13
28 0 U 27
29 0 L -1
30 1 U 13
31 1 L 25
32 1 U 30
33
0 0 L -1
1 0 U 0
2 0 L 1
3 0 U -1
4 1 U -1
5 0 U 4
6 1 L -1
7 0 U 5
8 1 L 1
9 1 U -1
10 0 U -1
11 1 L -1
12 0 L 8
13 1 L 8
14 1 L -1
15 1 L -1
16 0 U 10
17 0 U 10
18 0 U -1
19 1 U 18
20 0 L 3
21 1 L 11
22 0 L 21
23 1 L 22
24 1 U 16
25 1 L 11
26 1 U 19
27 1 U 13
28 0 U 27
29 0 L -1
30 1 U 13
31 1 L 22
32 1 U 30
33
0 0 U -1
1 0 U 0
2 0 L 1
3 0 U -1
4 1 U -1
5 0 U 4
6 1 L -1
7 0 U 5
8 1 L 1
9 1 U -1
10 0 U -1
11 1 L -1
12 0 L 8
13 1 L 8
14 1 L -1
15 1 L -1
16 0 U 6
17 0 U 2
18 0 U -1
19 1 U 18
20 0 L 3
21 1 L 11
22 0 L 21
23 1 L 22
24 1 U 16
25 1 L 11
26 1 U 12
27 1 U 26
28 0 U 27
29 0 L -1
30 1 U 26
31 1 L 25
32 1 U 30
33
0 0 L -1
1 0 U 0
2 0 L 1
3 0 U -1
4 1 U -1
5 0 U 4
6 1 L -1
7 0 U 5
8 1 L 1
9 1 U -1
10 0 U -1
11 1 L -1
12 0 L 8
13 1 L 8
14 1 L -1
15 1 L -1
16 0 U 6
17 0 U 6
18 0 U -1
19 1 U 18
20 0 L 3
21 1 L 11
22 0 L 21
23 1 L 22
24 1 U 16
25 1 L 11
26 1 U 12
27 1 U 26
28 0 U 27
29 0 L -1
30 1 U 26
31 1 L 25
32 1 U 30
33
0 0 L -1
1 0 U 0
2 0 L 1
3 0 U -1
4 1 U -1
5 0 U 4
6 1 L -1
7 0 U 5
8 1 L 1
9 1 U -1
10 0 U -1
11 1 L -1
12 0 L 8
13 1 L 8
14 1 L -1
15 1 L -1
16 0 U 2
17 0 U 2
18 0 U -1
19 1 U 18
20 0 L 3
21 1 L 11
22 0 L 21
23 0 L 22
24 1 U 16
25 1 L 11
26 1 U 12
27 1 U 26
28 0 U 27
29 0 L -1
30 1 U 26
31 1 L 25
32 1 U 30
