54
0 0 U -1
1 0 U -1
2 0 U -1
3 0 U -1
4 0 U -1
5 0 U -1
6 0 U -1
7 0 U -1
8 0 U -1
9 0 U -1
10 0 U -1
11 0 U -1
12 0 U -1
13 0 U -1
14 0 U -1
15 0 U -1
16 0 U -1
17 0 U -1
18 0 U -1
19 0 U -1
20 0 U -1
21 0 U -1
22 0 U -1
23 0 U -1
24 0 U -1
25 0 U -1
26 0 U -1
27 0 U -1
28 0 U -1
29 0 U -1
30 0 U -1
31 0 U -1
32 0 U -1
33 0 U -1
34 0 U -1
35 0 U -1
36 0 U -1
37 0 U -1
38 0 U -1
39 0 U -1
40 0 U -1
41 0 U -1
42 0 U -1
43 0 U -1
44 0 U -1
45 0 U -1
46 0 U -1
47 0 U -1
48 0 U -1
49 0 U -1
50 0 U -1
51 0 U -1
52 0 U -1
53 0 U -1
54
0 1 U -1
1 0 L -1
2 1 U 1
3 0 U -1
4 0 U 0
5 0 U 2
6 0 U -1
7 1 U 6
8 1 L 2
9 0 U 3
10 1 L 8
11 0 U -1
12 0 L 5
13 0 L 8
14 0 U 12
15 0 U 9
16 1 L 2
17 0 U -1
18 1 L -1
19 0 U 8
20 1 U 9
21 1 L 17
22 0 L -1
23 0 L 20
24 1 U 21
25 1 U -1
26 0 U 20
27 0 U 12
28 1 U 23
29 1 L 25
30 1 L 28
31 0 U -1
32 1 U 8
33 1 U 4
34 1 U 8
35 1 U 31
36 1 L 11
37 0 L 25
38 1 L -1
39 0 L 20
40 0 L 17
41 1 U 38
42 0 L 26
43 0 U 20
44 0 L 39
45 0 U 23
46 1 L 16
47 1 L 41
48 0 U 43
49 0 L 16
50 0 L 42
51 1 L 44
52 1 U 36
53 0 L 10
54
0 1 L -1
1 0 L -1
2 1 U 1
3 1 U -1
4 1 U 3
5 0 U 2
6 0 U -1
7 0 U 6
8 1 L 2
9 0 U 3
10 1 L 8
11 1 U -1
12 1 L 5
13 1 L 4
14 1 U 5
15 0 U 9
16 1 L 2
17 0 U -1
18 1 L 17
19 0 U 15
20 1 U 7
21 0 U 17
22 0 L 7
23 0 L 20
24 0 U 4
25 1 U 3
26 1 U 20
27 0 U 26
28 1 U 8
29 0 L 25
30 1 L 8
31 0 L -1
32 0 U 24
33 1 U 4
34 1 U 20
35 1 U 6
36 1 L 14
37 0 U -1
38 1 L 5
39 0 L 27
40 0 L 27
41 1 U 35
42 0 L 15
43 0 U 20
44 1 L 39
45 0 U 35
46 0 L 16
47 0 L 1
48 0 U 43
49 0 L 10
50 0 L -1
51 0 U 48
52 1 U 40
53 0 L 52
54
0 1 U -1
1 0 L -1
2 1 U 1
3 1 U -1
4 1 U 3
5 0 U 2
6 0 U -1
7 0 U 6
8 1 L 2
9 0 U 0
10 1 L 8
11 1 U -1
12 0 L 5
13 0 L 4
14 1 U 5
15 0 U 9
16 1 L 2
17 0 U -1
18 1 L 17
19 0 U 15
20 1 U 9
21 0 U 17
22 0 L 7
23 0 L 20
24 1 U 1
25 1 U 18
26 0 U 20
27 0 U 26
28 1 U 23
29 0 L 25
30 1 L 16
31 0 L -1
32 0 U 23
33 0 U 25
34 1 U 10
35 0 U 6
36 1 L 14
37 0 U -1
38 1 L 0
39 0 L 23
40 0 L 27
41 1 U 24
42 0 L 22
43 1 U 41
44 1 L 18
45 1 U 44
46 0 L 8
47 1 L 17
48 0 U 43
49 0 L 46
50 1 L 5
51 1 U 48
52 1 U 36
53 0 L 52
54
0 1 L -1
1 0 L -1
2 1 U 1
3 0 U -1
4 1 U 3
5 0 U 2
6 0 U -1
7 0 U 6
8 1 L 2
9 0 U 0
10 0 L 8
11 1 U -1
12 0 L 5
13 1 L 8
14 1 U 5
15 0 U 7
16 1 L 2
17 0 U -1
18 1 U -1
19 1 U 15
20 1 U 9
21 0 U 17
22 0 L 7
23 0 L 20
24 1 U 1
25 1 U 0
26 1 U 20
27 0 U 19
28 1 U 23
29 0 L 25
30 1 L 16
31 1 L -1
32 0 U 15
33 0 U 17
34 1 U 10
35 0 U 11
36 1 L 14
37 0 U -1
38 1 L -1
39 0 L -1
40 1 U 34
41 1 U 23
42 0 L 22
43 1 U 41
44 0 L 40
45 0 U 40
46 0 L 16
47 0 L 3
48 0 U 43
49 0 L 13
50 0 L 38
51 1 U 40
52 1 U 30
53 0 L 34
54
0 1 U -1
1 0 L -1
2 1 U 1
3 0 U -1
4 1 U 3
5 0 U 2
6 0 U -1
7 0 U 6
8 1 L 2
9 0 U 3
10 0 L 8
11 1 U -1
12 0 L 5
13 0 L 8
14 1 U 5
15 0 U 7
16 1 L 1
17 0 U -1
18 0 U -1
19 1 U 15
20 1 U 9
21 0 U 17
22 0 L 6
23 0 L 20
24 1 U 1
25 1 U 18
26 1 U 20
27 1 U 19
28 1 U 8
29 0 L 25
30 1 L 8
31 1 L -1
32 0 U 24
33 0 U 11
34 1 U 24
35 0 U 6
36 1 L 21
37 0 U -1
38 0 L -1
39 1 L 38
40 1 U 19
41 1 U 24
42 0 L 15
43 0 U 20
44 1 L 40
45 0 L 36
46 0 L 8
47 1 L 1
48 0 U 43
49 0 L 46
50 0 L 3
51 1 U 48
52 1 U 47
53 0 L 52
54
0 1 U -1
1 0 L -1
2 1 U 1
3 0 U -1
4 1 U 0
5 0 U 2
6 0 U -1
7 0 U 6
8 1 L 2
9 0 U 0
10 0 L 8
11 0 U -1
12 0 L 5
13 0 L 4
14 1 U 5
15 0 U 7
16 1 L 1
17 0 U -1
18 1 U -1
19 1 U 15
20 1 U 7
21 0 U 17
22 0 L 6
23 0 L 20
24 1 U 1
25 1 U 18
26 1 U 5
27 0 U 19
28 1 U 23
29 0 L 25
30 1 L 4
31 0 L -1
32 0 U 23
33 0 U 26
34 1 U 23
35 1 U 29
36 1 U 26
37 0 U 18
38 0 L -1
39 1 L 38
40 0 U 34
41 1 U 8
42 0 L 15
43 0 U 41
44 0 L 25
45 0 U 33
46 0 L 16
47 1 L 2
48 0 U 43
49 0 L 10
50 0 L 39
51 1 U 48
52 1 U 47
53 0 L 34
54
0 1 L -1
1 0 L -1
2 1 U 1
3 0 U -1
4 1 U 3
5 0 U 2
6 0 U -1
7 0 U 6
8 1 L 2
9 0 U 3
10 1 L 8
11 0 U -1
12 1 L 5
13 1 L 8
14 1 U 5
15 0 U 7
16 1 L 1
17 0 U -1
18 1 U -1
19 1 U 15
20 1 U 7
21 0 U 17
22 0 L 13
23 0 L 20
24 1 U 1
25 1 U 18
26 1 U 5
27 0 U 5
28 1 U 23
29 0 L 25
30 1 L 4
31 0 L -1
32 0 U 8
33 0 U 26
34 1 U 23
35 1 U 29
36 0 U 27
37 0 U 11
38 0 L -1
39 1 L 38
40 0 U 34
41 1 U 23
42 0 L 15
43 0 U 41
44 0 L 40
45 0 U 30
46 0 L 8
47 1 U 1
48 0 U 43
49 0 L 10
50 0 L 39
51 1 U 48
52 1 U 22
53 0 L 34
54
0 1 L -1
1 0 L -1
2 0 U 1
3 1 U -1
4 1 U 3
5 0 U 2
6 0 U -1
7 0 U 6
8 1 L 2
9 0 U 3
10 1 L 8
11 0 U -1
12 1 L 5
13 1 L 12
14 1 U 5
15 0 U 9
16 1 L 1
17 0 U -1
18 1 U -1
19 0 U 15
20 1 U 8
21 1 U 17
22 0 L 13
23 0 L 20
24 1 U 1
25 1 U 18
26 0 U 20
27 0 U 5
28 1 U 23
29 0 L 25
30 1 L 3
31 1 L -1
32 0 U 24
33 0 U 26
34 1 U 23
35 0 U 29
36 0 U 27
37 0 U 6
38 0 L -1
39 1 L 38
40 0 U 20
41 1 U 23
42 0 L 22
43 1 U 41
44 0 L 42
45 0 U 22
46 1 L 3
47 0 L 45
48 0 U 43
49 0 L 7
50 0 L 39
51 1 U -1
52 1 U 16
53 1 L 34
54
0 1 L -1
1 0 L -1
2 0 U 1
3 0 U -1
4 0 U 0
5 0 U 2
6 0 U -1
7 1 U 6
8 1 L 2
9 0 U -1
10 1 L 8
11 1 U -1
12 1 L 5
13 0 L 12
14 1 U 5
15 0 U 7
16 1 L 2
17 0 U -1
18 1 U -1
19 0 U 8
20 1 U 15
21 0 U 9
22 0 L 6
23 0 L 20
24 1 U 4
25 1 U 18
26 1 U 20
27 0 U 20
28 1 U 15
29 0 L 25
30 1 L 4
31 1 L -1
32 0 U 15
33 0 L 20
34 1 U 8
35 1 U 29
36 0 U 26
37 0 U 9
38 0 L -1
39 1 L 38
40 0 L 23
41 1 U 24
42 0 L 21
43 0 U 41
44 0 L 24
45 1 U 14
46 1 L 16
47 0 L 24
48 1 U 43
49 0 L 6
50 0 L 39
51 1 U -1
52 1 L 48
53 1 L 47
54
0 1 U -1
1 0 L -1
2 0 U 1
3 0 U -1
4 0 U 3
5 0 U 2
6 0 U -1
7 1 U 6
8 1 L 2
9 0 U -1
10 0 L 8
11 1 U -1
12 0 L 5
13 1 L 8
14 1 U 5
15 0 U 7
16 1 L 2
17 0 U -1
18 0 U -1
19 1 U 8
20 1 U 15
21 0 U 9
22 0 L 6
23 0 L 20
24 1 U 1
25 1 U 18
26 1 U 5
27 0 U 5
28 1 U 15
29 0 L 25
30 0 L 16
31 1 L -1
32 0 U 2
33 0 L 20
34 1 U 24
35 0 U 6
36 0 U 26
37 0 U 6
38 0 L -1
39 1 L 38
40 0 L 33
41 1 U 8
42 0 L 21
43 0 U 41
44 0 L 25
45 1 U 22
46 0 L 16
47 1 L 1
48 0 U 43
49 0 L 30
50 0 L 3
51 1 U -1
52 1 L 50
53 0 L 34
54
0 1 L -1
1 0 L -1
2 0 U 1
3 0 U -1
4 0 U 0
5 0 U 2
6 0 U -1
7 1 U 6
8 1 L 2
9 0 U -1
10 0 L 8
11 1 U -1
12 0 L 5
13 1 L 8
14 1 U 5
15 0 U 7
16 1 L 2
17 0 U -1
18 1 U -1
19 0 U 8
20 1 U 15
21 0 U 9
22 0 L 13
23 0 L 20
24 1 U 4
25 1 U 0
26 0 U 20
27 0 U 12
28 1 U 15
29 0 L 25
30 0 L 12
31 1 L -1
32 0 U 8
33 0 L 20
34 1 U 8
35 1 U 11
36 1 U 30
37 0 U 17
38 0 L -1
39 1 L 38
40 1 L 17
41 1 U 35
42 0 L 15
43 0 U 41
44 0 L 25
45 0 U 16
46 0 L 16
47 1 L 32
48 0 U 43
49 0 L 30
50 0 L 1
51 1 U -1
52 0 L 4
53 1 U 33
54
0 1 L -1
1 0 L -1
2 0 U 1
3 0 U -1
4 0 U 0
5 0 U 2
6 0 U -1
7 1 U 6
8 1 L 2
9 0 U -1
10 1 L 8
11 1 U -1
12 0 L 5
13 1 L 8
14 1 U 5
15 0 U 7
16 1 L 2
17 0 U -1
18 1 U -1
19 0 U 8
20 1 U 15
21 0 U 9
22 0 L 6
23 0 U 17
24 1 U 17
25 0 U 0
26 1 U 5
27 0 U 20
28 1 U 8
29 0 L 25
30 0 L 12
31 1 L -1
32 0 U 8
33 0 L 22
34 1 U 15
35 1 U 6
36 0 U 5
37 0 L 28
38 0 L -1
39 1 L 38
40 0 U 17
41 0 L 35
42 0 L 22
43 1 U 41
44 0 L 36
45 0 U 44
46 0 L 12
47 0 L 1
48 0 L 45
49 0 L 13
50 0 L 8
51 1 U -1
52 0 L 25
53 1 U 47
54
0 1 U -1
1 0 L -1
2 0 U 1
3 0 U -1
4 0 U 3
5 0 U 2
6 0 U -1
7 1 U 6
8 1 L 2
9 0 U -1
10 0 L 8
11 1 U -1
12 0 L 5
13 1 L 8
14 1 U 5
15 0 U 7
16 1 L 2
17 0 U -1
18 0 U -1
19 0 U 8
20 1 U 15
21 0 U 9
22 0 L 10
23 0 U 9
24 1 U 17
25 0 U 6
26 0 U 20
27 0 U 5
28 1 U 15
29 0 L 25
30 0 L 16
31 1 L -1
32 0 U 8
33 1 U 26
34 1 U 15
35 1 U 11
36 0 U 32
37 0 L 24
38 0 L -1
39 0 L 2
40 0 U 9
41 0 L 34
42 0 L 21
43 1 U 19
44 0 L 36
45 1 U 44
46 1 L 39
47 1 L 37
48 0 U 44
49 0 L 46
50 1 L 38
51 1 U -1
52 0 L 42
53 1 U 48
54
0 1 L -1
1 0 L -1
2 0 U 1
3 0 U -1
4 0 U 3
5 0 U 2
6 0 U -1
7 1 U 6
8 1 L 2
9 0 U -1
10 0 L 8
11 1 U -1
12 0 L 5
13 1 L 8
14 1 U 5
15 0 U 7
16 1 L 2
17 0 U -1
18 1 L 17
19 0 U 15
20 1 U 15
21 0 U 9
22 0 L 15
23 0 U 17
24 0 U 9
25 0 U 0
26 1 U 25
27 1 U 12
28 1 U 8
29 0 L 25
30 0 L 12
31 1 L -1
32 0 U 8
33 1 U 28
34 1 U 8
35 1 U 11
36 0 U 20
37 0 L 33
38 0 U -1
39 0 L 8
40 0 U 6
41 0 L 29
42 0 L 21
43 1 U 19
44 0 L 36
45 0 U 44
46 1 L 4
47 1 L 36
48 0 U 30
49 1 L 30
50 0 L 3
51 1 L -1
52 0 L 42
53 1 U 37
54
0 1 U -1
1 0 L -1
2 0 U 1
3 0 U -1
4 1 U 3
5 0 U 2
6 0 U -1
7 1 U 6
8 1 L 2
9 0 U -1
10 0 L 8
11 1 U -1
12 1 L 5
13 1 L 8
14 1 U 5
15 0 U 7
16 1 L 2
17 0 U -1
18 0 L 17
19 0 U 8
20 1 U 15
21 0 U 9
22 0 L 15
23 0 U 17
24 0 U 1
25 0 U 18
26 1 U 25
27 1 U 13
28 1 U 8
29 0 L 25
30 0 L 16
31 1 L -1
32 0 U 26
33 0 U 5
34 1 U 26
35 0 U 29
36 0 U 34
37 0 U 30
38 0 U -1
39 0 L 8
40 0 U 17
41 0 L 34
42 0 L 15
43 1 U 41
44 0 L 36
45 1 U 27
46 1 L 4
47 0 L 28
48 0 U 30
49 1 L 39
50 1 L 1
51 0 L -1
52 0 L 47
53 1 U 48
54
0 1 U -1
1 0 L -1
2 0 U 1
3 0 U -1
4 0 U 0
5 0 U 2
6 0 U -1
7 1 U 6
8 1 L 2
9 0 U -1
10 0 L 8
11 1 U -1
12 0 L 5
13 1 L 8
14 1 U 5
15 0 U 7
16 1 L 2
17 0 U -1
18 0 L 17
19 1 U 15
20 1 U 15
21 0 U 9
22 0 L 19
23 0 U 9
24 0 U 4
25 0 U 18
26 0 U 25
27 1 U 13
28 1 U 24
29 0 L 25
30 0 L 12
31 1 L -1
32 0 U 8
33 0 U 12
34 1 U 24
35 1 U 6
36 0 U 5
37 0 U 30
38 0 U -1
39 0 L 16
40 0 U 6
41 0 L 34
42 0 L 15
43 1 U 41
44 1 L 36
45 1 U 14
46 1 L 4
47 1 L 33
48 0 U 43
49 1 L 46
50 0 L 1
51 1 L -1
52 0 L 37
53 1 U 48
54
0 1 L -1
1 0 L -1
2 0 U 1
3 0 U -1
4 0 U 0
5 0 U 2
6 0 U -1
7 1 U 6
8 1 L 2
9 0 U -1
10 1 L 8
11 1 U -1
12 0 L 5
13 1 L 8
14 1 U 5
15 0 U 7
16 1 L 2
17 1 U -1
18 0 L 17
19 0 U 15
20 1 U 15
21 0 U 9
22 0 L 21
23 0 U 9
24 1 U 9
25 0 U 18
26 1 U 21
27 1 U 20
28 1 U 8
29 0 L 25
30 0 L 12
31 1 L -1
32 0 U 15
33 1 U 12
34 1 U 26
35 1 U 6
36 0 L 17
37 1 U 14
38 0 U -1
39 0 L 16
40 0 U 6
41 0 L 35
42 0 L 19
43 1 U 41
44 0 L 36
45 1 U 44
46 1 L 8
47 1 L 42
48 0 U 30
49 1 L 7
50 0 L 5
51 1 L -1
52 0 L 25
53 1 U 48
54
0 1 L -1
1 0 L -1
2 0 U 1
3 1 U -1
4 0 U 3
5 0 U 2
6 0 U -1
7 1 U 6
8 1 L 2
9 0 U -1
10 1 L 8
11 1 U -1
12 0 L 5
13 1 L 8
14 1 U 5
15 0 U 7
16 1 L 2
17 1 U -1
18 0 L 17
19 0 U 15
20 1 U 15
21 0 U 9
22 0 L 19
23 0 U 9
24 1 U 11
25 0 U 18
26 1 U 25
27 1 U 13
28 1 U 15
29 0 L 25
30 0 L 16
31 1 L -1
32 0 U 23
33 1 U 28
34 1 U 26
35 0 U 11
36 0 U 28
37 0 L 17
38 0 U -1
39 0 L 8
40 0 U 6
41 0 L 34
42 0 L 15
43 1 U 32
44 0 L 36
45 0 U 27
46 1 L 8
47 0 L 24
48 0 U 43
49 1 L 46
50 0 L 31
51 1 L -1
52 0 L 18
53 1 U 37
54
0 1 L -1
1 0 L -1
2 0 U 1
3 0 U -1
4 0 U 3
5 0 U 2
6 0 U -1
7 1 U 6
8 1 L 2
9 0 U -1
10 1 L 8
11 1 U -1
12 1 L 5
13 1 L 8
14 1 U 5
15 0 U 7
16 1 L 2
17 1 U -1
18 0 L 17
19 0 U 15
20 1 U 15
21 0 U 9
22 0 L 21
23 0 U 6
24 1 U 11
25 0 U 18
26 1 U 25
27 0 U 25
28 1 U 15
29 0 L 25
30 0 L 16
31 1 L -1
32 0 U 27
33 0 U 5
34 1 U 23
35 0 U 29
36 1 U 5
37 1 L 27
38 0 U -1
39 0 L 16
40 0 U 6
41 0 L 34
42 0 L 21
43 1 U 32
44 0 L 26
45 1 U 30
46 1 L 4
47 1 L 17
48 0 U 43
49 0 L 13
50 0 L 2
51 1 L 0
52 0 L 18
53 1 L 52
54
0 1 L -1
1 0 L -1
2 0 U 1
3 0 U -1
4 0 U 3
5 0 U 2
6 0 U -1
7 1 U 6
8 1 L 2
9 0 U -1
10 1 L 8
11 1 U -1
12 1 L 5
13 1 L 4
14 1 U 5
15 0 U 7
16 1 L 1
17 1 U -1
18 0 L 17
19 1 U 15
20 1 U 15
21 0 U 9
22 0 L 15
23 0 U 11
24 1 U 17
25 0 U 18
26 0 U 25
27 0 U 7
28 1 U 27
29 0 L 25
30 0 L 16
31 0 L -1
32 1 U 27
33 0 U 20
34 1 U 23
35 1 U 17
36 1 U 28
37 1 U 30
38 0 U -1
39 0 L 4
40 0 U 9
41 0 L 35
42 0 L 9
43 0 U 41
44 1 U 33
45 1 U 5
46 1 L 12
47 0 U 5
48 0 U 22
49 1 L 46
50 0 L 44
51 0 L 0
52 1 L 48
53 1 L 52
54
0 1 L -1
1 0 L -1
2 0 U 1
3 1 U -1
4 0 U 3
5 0 U 2
6 0 U -1
7 1 U 6
8 1 L 2
9 0 U -1
10 1 L 8
11 1 U -1
12 0 L 5
13 1 L 8
14 1 U 5
15 0 U 7
16 1 L 1
17 1 U -1
18 0 L 17
19 0 U 8
20 1 U 15
21 0 U 9
22 0 L 9
23 0 U 6
24 1 U 11
25 0 U 18
26 0 U 5
27 0 U 25
28 1 U 15
29 0 L 25
30 1 L 16
31 1 L -1
32 1 U 23
33 0 U 20
34 1 U 23
35 1 U 11
36 0 L 28
37 1 L 33
38 0 U -1
39 0 L 22
40 0 U 9
41 0 L 34
42 0 L 15
43 1 U 41
44 1 U 43
45 0 U 5
46 1 L 12
47 0 L 2
48 0 U 44
49 0 L 46
50 1 L 5
51 1 L -1
52 0 L 48
53 0 L 52
54
0 1 U -1
1 0 L -1
2 0 U 1
3 1 U -1
4 0 U 3
5 0 U 2
6 0 U -1
7 1 U 6
8 1 L 2
9 0 U -1
10 1 L 8
11 1 U -1
12 0 L 5
13 1 L 12
14 1 U 5
15 0 U 7
16 1 L 1
17 1 U -1
18 0 L 17
19 1 U 8
20 1 U 15
21 0 U 9
22 0 L 21
23 0 U 9
24 1 U 9
25 0 U 17
26 0 U 12
27 0 U 25
28 1 U 27
29 0 L 25
30 1 L 4
31 1 L -1
32 1 U 23
33 0 U 20
34 1 U 23
35 1 U 6
36 0 L 28
37 1 L 27
38 0 U -1
39 0 L 0
40 0 U 6
41 0 U 40
42 0 L 9
43 1 U 19
44 1 U 14
45 0 U 13
46 1 L 8
47 0 L 1
48 0 U 44
49 1 L 46
50 1 U 37
51 0 L -1
52 0 L 48
53 1 L 52
54
0 1 L -1
1 0 L -1
2 0 U 1
3 0 U -1
4 0 U 0
5 0 U 2
6 0 U -1
7 1 U 6
8 1 L 2
9 0 U -1
10 0 L 8
11 1 U -1
12 1 L 5
13 1 L 12
14 1 U 5
15 0 U 7
16 0 L 2
17 0 U -1
18 1 L 17
19 0 U 8
20 1 U 15
21 0 U 9
22 0 L 9
23 0 U 9
24 1 U 9
25 0 U 9
26 1 U 20
27 0 U 25
28 1 U 2
29 0 L 25
30 1 L 16
31 1 L -1
32 1 U 25
33 1 U 28
34 1 U 23
35 1 U 11
36 1 L 28
37 1 L 33
38 0 U -1
39 0 L -1
40 0 U 38
41 0 L 35
42 0 L 14
43 1 U 34
44 1 U 14
45 0 U 28
46 1 L 8
47 0 L 31
48 0 U 44
49 1 L 46
50 1 U 45
51 0 L -1
52 0 U 44
53 0 L 52
54
0 1 L -1
1 0 L -1
2 0 U 1
3 1 U -1
4 0 U 3
5 0 U 2
6 0 U -1
7 1 U 6
8 1 L 2
9 0 U -1
10 0 L 8
11 1 U -1
12 1 L 5
13 1 L 12
14 1 U 5
15 0 U 7
16 0 L 2
17 0 U -1
18 0 L 17
19 0 U 15
20 1 U 15
21 0 U 9
22 0 L 19
23 0 U 17
24 0 U 9
25 0 U 6
26 0 U 5
27 0 U 25
28 1 U 27
29 0 L 25
30 1 L 16
31 1 L -1
32 1 U 25
33 1 U 13
34 1 U 25
35 0 U 11
36 0 L 28
37 1 L 33
38 0 U -1
39 0 L -1
40 0 U 6
41 0 U 25
42 0 L 14
43 1 U 19
44 1 U 14
45 0 U 13
46 1 L 16
47 1 L 1
48 0 U 39
49 0 L 46
50 1 U 45
51 0 L -1
52 0 U 44
53 0 L 52
54
0 1 U -1
1 0 L -1
2 0 U 1
3 0 U -1
4 0 U 3
5 0 U 2
6 0 U -1
7 0 U 6
8 1 L 2
9 0 U -1
10 0 L 8
11 1 U -1
12 1 L 5
13 1 L 12
14 1 U 5
15 0 U 7
16 0 L 2
17 0 U -1
18 1 L 17
19 1 U 15
20 1 U 8
21 0 U 9
22 0 L 19
23 0 U 17
24 0 U 9
25 0 U 17
26 0 U 13
27 0 U 25
28 1 U 27
29 0 L 25
30 1 L 16
31 1 L -1
32 0 U 25
33 1 U 13
34 1 U 25
35 1 U 11
36 0 U 28
37 1 L 31
38 0 U -1
39 0 L -1
40 0 U 17
41 0 U 23
42 0 L 21
43 1 U 41
44 1 U 36
45 0 U 5
46 1 L 37
47 0 L 1
48 0 U 39
49 1 L 7
50 1 U 33
51 0 L -1
52 0 U 50
53 0 L 52
54
0 1 U -1
1 0 L -1
2 0 U 1
3 0 U -1
4 0 U 0
5 0 U 2
6 0 U -1
7 1 U 6
8 1 L 2
9 0 U -1
10 0 L 8
11 1 U -1
12 1 L 5
13 1 L 12
14 1 U 5
15 0 U 7
16 0 L 2
17 0 U -1
18 0 L 17
19 0 U 15
20 1 U 15
21 0 U 9
22 0 L 9
23 0 U 17
24 0 U 9
25 0 U 9
26 0 U 5
27 0 U 25
28 1 U 27
29 0 L 25
30 1 L 16
31 1 L -1
32 0 U 23
33 1 U 28
34 1 U 25
35 1 U 11
36 0 U 28
37 1 L 31
38 0 U -1
39 0 L -1
40 0 U 17
41 0 U 25
42 0 L 19
43 1 U 41
44 1 U 14
45 0 U 41
46 1 L 37
47 1 L 1
48 0 U 44
49 1 L 46
50 1 U 43
51 0 L -1
52 0 U 50
53 0 L 52
54
0 1 L -1
1 0 L -1
2 0 U 1
3 0 U -1
4 0 U 3
5 0 U 2
6 0 U -1
7 1 U 6
8 1 L 2
9 0 U -1
10 0 L 8
11 1 U -1
12 1 L 5
13 1 L 12
14 1 U 5
15 0 U 7
16 0 L 2
17 0 U -1
18 0 L 17
19 1 U 15
20 1 U 15
21 0 U 9
22 0 L 9
23 0 U 9
24 0 U 9
25 0 U 17
26 0 U 13
27 0 U 25
28 1 U 27
29 0 L 25
30 1 L 16
31 1 L -1
32 1 U 15
33 1 U 28
34 1 U 25
35 1 U 29
36 0 U 28
37 0 L 31
38 0 U -1
39 0 L -1
40 0 U 6
41 0 U 23
42 0 L 9
43 1 U 41
44 1 U 14
45 0 U 13
46 1 L 8
47 0 L 1
48 0 U 44
49 1 L 46
50 1 U 36
51 0 L -1
52 0 U 50
53 0 L 52
54
0 1 U -1
1 0 L -1
2 0 U 1
3 1 U -1
4 0 U 3
5 0 U 2
6 0 U -1
7 1 U 6
8 1 L 2
9 0 U -1
10 0 L 8
11 1 U -1
12 1 L 5
13 1 L 12
14 1 U 5
15 0 U 7
16 0 L 2
17 0 U -1
18 0 L 17
19 1 U 8
20 1 U 15
21 0 U 9
22 0 L 9
23 0 U 17
24 0 U 17
25 0 U 17
26 0 U 5
27 0 U 25
28 0 U 27
29 0 L 25
30 1 L 16
31 1 L -1
32 0 U 15
33 1 U 28
34 1 U 24
35 1 U 29
36 0 U 28
37 0 L 2
38 0 U -1
39 0 L -1
40 0 U 6
41 0 U 23
42 0 L 9
43 1 U 41
44 1 U 14
45 0 U 41
46 1 L 37
47 0 L 1
48 0 U 37
49 0 L 46
50 1 U 14
51 0 L -1
52 0 U 44
53 0 L 52
54
0 1 U -1
1 0 L -1
2 0 U 1
3 1 U -1
4 0 U 3
5 0 U 2
6 0 U -1
7 1 U 6
8 1 L 2
9 0 U -1
10 0 L 8
11 1 U -1
12 1 L 5
13 1 L 12
14 1 U 5
15 0 U 7
16 0 L 2
17 0 U -1
18 1 L 17
19 1 U 15
20 1 U 15
21 0 U 9
22 0 L 9
23 0 U 9
24 0 U 9
25 0 U 6
26 0 U 20
27 0 U 25
28 0 U 27
29 0 L 25
30 1 L 16
31 1 L -1
32 0 U 15
33 1 U 13
34 1 U 23
35 1 U 6
36 0 U 28
37 0 L 1
38 0 U -1
39 0 L -1
40 0 U 6
41 0 U 23
42 0 L 19
43 1 U 41
44 1 U 14
45 0 U 41
46 1 L 3
47 0 L 1
48 0 U 37
49 0 L 46
50 1 U 43
51 0 L -1
52 0 U 50
53 0 L 52
54
0 1 L -1
1 0 L -1
2 0 U 1
3 0 U -1
4 0 U 0
5 0 U 2
6 0 U -1
7 1 U 6
8 1 L 2
9 0 U -1
10 0 L 8
11 1 U -1
12 1 L 5
13 1 L 12
14 1 U 5
15 0 U 7
16 0 L 2
17 0 U -1
18 1 L 17
19 1 U 15
20 1 U 8
21 0 U 9
22 0 L 19
23 0 U 9
24 0 U 9
25 0 U 17
26 0 U 13
27 0 U 25
28 1 U 27
29 0 L 25
30 1 L 16
31 1 L -1
32 0 U 15
33 1 U 28
34 1 U 15
35 1 U 11
36 1 U 28
37 0 L 3
38 0 U -1
39 0 L -1
40 0 U 38
41 0 U 25
42 0 L 19
43 1 U 34
44 1 U 14
45 0 U 34
46 1 L 37
47 1 L 1
48 0 U 37
49 0 L 30
50 1 U 14
51 0 L -1
52 0 U 44
53 0 L 52
54
0 1 L -1
1 0 L -1
2 0 U 1
3 1 U -1
4 0 U 3
5 0 U 2
6 0 U -1
7 1 U 6
8 1 L 2
9 0 U -1
10 0 L 8
11 1 U -1
12 1 L 5
13 1 L 12
14 1 U 5
15 0 U 7
16 0 L 2
17 0 U -1
18 1 L 17
19 0 U 8
20 1 U 15
21 0 U 9
22 0 L 19
23 0 U 17
24 0 U 9
25 0 U 6
26 0 U 20
27 0 U 25
28 1 U 27
29 1 L 25
30 1 L 16
31 1 L -1
32 0 U 15
33 1 U 28
34 1 U 15
35 1 U 29
36 0 U 13
37 1 L 31
38 0 U -1
39 0 L -1
40 0 U 38
41 0 U 25
42 0 L 19
43 1 U 34
44 1 U 14
45 0 U 32
46 1 L 4
47 0 L -1
48 0 U 44
49 0 L 30
50 1 U 43
51 0 L 47
52 0 U 50
53 0 L 52
54
0 1 L -1
1 0 L -1
2 0 U 1
3 0 U -1
4 0 U 3
5 0 U 2
6 0 U -1
7 1 U 6
8 1 L 2
9 0 U -1
10 0 L 8
11 1 U -1
12 1 L 5
13 1 L 12
14 1 U 5
15 0 U 7
16 0 L 2
17 0 U -1
18 1 L 17
19 1 U 8
20 1 U 15
21 0 U 9
22 0 L 19
23 0 U 17
24 0 U 9
25 0 U 6
26 0 U 12
27 0 U 25
28 1 U 27
29 0 L 25
30 1 L 16
31 1 L -1
32 1 U 23
33 1 U 13
34 1 U 8
35 1 U 29
36 1 U 13
37 0 L 31
38 0 U -1
39 0 L -1
40 0 U 9
41 0 U 15
42 0 L 19
43 1 U 34
44 1 U 43
45 0 U 34
46 1 L 4
47 0 L -1
48 0 U 44
49 1 L 46
50 1 U 43
51 0 L 47
52 0 U 50
53 0 L 52
