72
0 0 U -1
1 0 U -1
2 0 U -1
3 0 U -1
4 0 U -1
5 0 U -1
6 0 U -1
7 0 U -1
8 0 U -1
9 0 U -1
10 0 U -1
11 0 U -1
12 0 U -1
13 0 U -1
14 0 U -1
15 0 U -1
16 0 U -1
17 0 U -1
18 0 U -1
19 0 U -1
20 0 U -1
21 0 U -1
22 0 U -1
23 0 U -1
24 0 U -1
25 0 U -1
26 0 U -1
27 0 U -1
28 0 U -1
29 0 U -1
30 0 U -1
31 0 U -1
32 0 U -1
33 0 U -1
34 0 U -1
35 0 U -1
36 0 U -1
37 0 U -1
38 0 U -1
39 0 U -1
40 0 U -1
41 0 U -1
42 0 U -1
43 0 U -1
44 0 U -1
45 0 U -1
46 0 U -1
47 0 U -1
48 0 U -1
49 0 U -1
50 0 U -1
51 0 U -1
52 0 U -1
53 0 U -1
54 0 U -1
55 0 U -1
56 0 U -1
57 0 U -1
58 0 U -1
59 0 U -1
60 0 U -1
61 0 U -1
62 0 U -1
63 0 U -1
64 0 U -1
65 0 U -1
66 0 U -1
67 0 U -1
68 0 U -1
69 0 U -1
70 0 U -1
71 0 U -1
72
0 1 L -1
1 0 U -1
2 1 U -1
3 0 L 1
4 1 L -1
5 0 U -1
6 1 U 5
7 1 U -1
8 0 L -1
9 1 U -1
10 1 L -1
11 0 L 3
12 1 L 10
13 1 U 10
14 1 U -1
15 0 U -1
16 0 U -1
17 0 U 16
18 1 U 8
19 0 U -1
20 1 L 17
21 1 L 6
22 1 U 5
23 0 U 5
24 0 L -1
25 0 U -1
26 0 L 21
27 0 L 20
28 1 L 1
29 1 U 4
30 0 L 8
31 0 U 1
32 0 U 20
33 0 U 3
34 0 U 13
35 1 L -1
36 0 U 16
37 0 L 1
38 1 L 11
39 0 U 16
40 0 U 13
41 0 L 29
42 0 U -1
43 1 U -1
44 1 U 2
45 0 L 20
46 0 L 24
47 0 L 25
48 0 U 36
49 0 U 39
50 0 L 46
51 0 U 2
52 0 U -1
53 0 U 34
54 0 U -1
55 0 L 20
56 0 U 5
57 0 L 53
58 1 U 10
59 0 U 47
60 0 L 44
61 0 U 11
62 1 L 16
63 0 U 39
64 1 U 61
65 0 U 28
66 0 L 62
67 0 U 10
68 1 L 15
69 0 L 18
70 0 U 32
71 0 L 63
72
0 1 U -1
1 0 U -1
2 1 U -1
3 0 L 1
4 0 L -1
5 0 U -1
6 1 U 4
7 1 U -1
8 0 L -1
9 1 U -1
10 1 L -1
11 0 L 3
12 1 L 10
13 1 U 8
14 1 U -1
15 0 U -1
16 0 U -1
17 0 U 16
18 1 U 16
19 0 U -1
20 0 L 17
21 1 L 2
22 1 U 6
23 0 U 4
24 0 L -1
25 0 U -1
26 1 L 21
27 1 L 20
28 0 L 8
29 1 U 28
30 0 L 18
31 1 U 16
32 1 L 20
33 0 U 6
34 0 U 12
35 1 L -1
36 1 U 16
37 0 L 1
38 1 L 28
39 0 U 16
40 0 U 12
41 1 L 29
42 0 U -1
43 1 L -1
44 1 U 4
45 1 L 32
46 0 L 43
47 0 L 25
48 0 U 36
49 1 U 39
50 0 L 17
51 1 U 2
52 1 U -1
53 0 U 34
54 1 U -1
55 0 L 37
56 0 U 16
57 1 L 15
58 1 U 56
59 0 U 54
60 1 L 49
61 1 U 22
62 0 L 16
63 1 U 36
64 0 U 61
65 0 U 34
66 0 L 62
67 1 U 56
68 0 L 66
69 1 L 61
70 0 U 63
71 0 U 60
72
0 1 L -1
1 0 U -1
2 1 U -1
3 0 L 1
4 1 L -1
5 0 U -1
6 1 U 4
7 1 U -1
8 0 L -1
9 1 U -1
10 1 L -1
11 1 L 3
12 1 L 10
13 1 U 8
14 1 U -1
15 0 U -1
16 0 U -1
17 1 U 16
18 1 U 5
19 0 U -1
20 0 L 7
21 1 L 2
22 0 U 6
23 0 U 4
24 0 L -1
25 0 U -1
26 1 L 11
27 1 L 20
28 0 L 8
29 1 U 28
30 0 U 8
31 0 U 1
32 0 L 20
33 0 U 10
34 0 U 12
35 0 L -1
36 1 U 5
37 1 L 3
38 1 L 37
39 0 U 9
40 0 U 11
41 1 L 29
42 0 U -1
43 0 L -1
44 0 U 13
45 1 U 20
46 1 L 43
47 0 L 25
48 1 U 36
49 0 U 14
50 1 L 20
51 0 U 2
52 1 U -1
53 0 U 24
54 0 U -1
55 0 L 2
56 0 U 5
57 1 L 14
58 1 U 56
59 0 U 6
60 0 L 47
61 0 U 12
62 1 L 29
63 1 U 33
64 0 U 21
65 0 U 63
66 0 L 62
67 1 U 56
68 0 L 14
69 1 L 66
70 0 L 29
71 0 L 60
72
0 1 U -1
1 0 U -1
2 1 U -1
3 0 L 1
4 1 L -1
5 0 U -1
6 1 U 4
7 1 U -1
8 0 L -1
9 1 U -1
10 1 L -1
11 1 L 3
12 1 L 10
13 1 U 8
14 1 U -1
15 0 U -1
16 0 U -1
17 0 U 16
18 1 U 16
19 0 U -1
20 0 L 7
21 1 L 6
22 0 U 6
23 0 U 5
24 0 L -1
25 1 U -1
26 1 L 11
27 1 U 20
28 1 L 8
29 1 U 28
30 1 U 20
31 0 U 18
32 0 L 20
33 1 U 10
34 0 U 12
35 1 L -1
36 1 U 5
37 0 L 3
38 1 L 37
39 0 U 9
40 0 U 11
41 1 L 16
42 0 U -1
43 1 L -1
44 1 U 13
45 1 L 9
46 0 L 35
47 0 L 25
48 0 U 10
49 0 U 6
50 0 U 48
51 1 U 16
52 0 U -1
53 0 U 24
54 1 U -1
55 0 L 2
56 1 U 5
57 0 L 14
58 0 U 56
59 1 U 6
60 1 L 47
61 0 U 7
62 1 L 29
63 1 U 33
64 0 L 63
65 0 U 21
66 0 L 62
67 1 U 4
68 1 L 14
69 1 L 66
70 1 L 29
71 0 U 60
72
0 1 U -1
1 0 U -1
2 1 U -1
3 0 L 1
4 1 L -1
5 0 U -1
6 1 U 4
7 1 U -1
8 0 L -1
9 1 U -1
10 0 L -1
11 1 L 3
12 1 L 10
13 1 U 8
14 1 U -1
15 0 U -1
16 0 U -1
17 1 U 16
18 1 U 5
19 0 U -1
20 0 L 7
21 1 L 2
22 0 U 6
23 1 U 5
24 0 L 8
25 1 U -1
26 0 L 21
27 1 U 12
28 0 L 8
29 1 U 24
30 1 U 25
31 0 U 18
32 0 L 26
33 1 U 10
34 0 U 20
35 1 L -1
36 1 U 25
37 0 L 3
38 1 L 37
39 0 U 2
40 0 L 11
41 1 L 16
42 0 U -1
43 0 L -1
44 0 U 10
45 0 L 40
46 1 L 35
47 1 L 25
48 1 U 36
49 1 U 13
50 0 U 48
51 1 U 25
52 0 U -1
53 0 U 50
54 0 L 48
55 1 L 54
56 0 U 15
57 1 L 22
58 0 L 39
59 1 U 49
60 0 L 57
61 0 U 10
62 1 L 29
63 1 U 50
64 0 L 0
65 0 U 21
66 0 L 62
67 1 L 56
68 0 L 14
69 1 U 42
70 1 L 16
71 1 L 28
72
0 1 U -1
1 0 U -1
2 1 U -1
3 0 L 1
4 1 L -1
5 0 U -1
6 1 U 4
7 1 U -1
8 0 L -1
9 1 U -1
10 1 L -1
11 1 L 3
12 0 L 10
13 1 U 8
14 0 U -1
15 0 U -1
16 0 U -1
17 1 U 16
18 1 U 5
19 0 U -1
20 1 L 7
21 1 L 2
22 1 U 6
23 1 U 5
24 0 L 8
25 1 U -1
26 0 L 21
27 1 U 12
28 0 L 8
29 1 U 24
30 1 U 17
31 0 U 18
32 0 L 26
33 0 U 10
34 0 U 12
35 1 L -1
36 1 U 25
37 1 L 3
38 1 L 37
39 0 U 16
40 0 L 5
41 0 L 30
42 1 U -1
43 0 L -1
44 0 U 10
45 0 L 40
46 0 L 35
47 0 L 25
48 1 U 36
49 1 U 13
50 0 U 11
51 1 U 16
52 1 U -1
53 0 U 50
54 1 L 48
55 0 L 34
56 0 U 16
57 1 L 22
58 0 U 39
59 0 U 49
60 0 L 57
61 1 U 49
62 1 L 29
63 1 U 50
64 0 L 0
65 0 U 63
66 0 L 62
67 0 L 54
68 1 L 14
69 1 U 58
70 0 L 30
71 1 L -1
72
0 1 L -1
1 0 U -1
2 1 U -1
3 0 L 1
4 0 L -1
5 0 U -1
6 1 U 4
7 1 U -1
8 0 L -1
9 1 U -1
10 1 L -1
11 1 L 3
12 1 L 10
13 1 U 4
14 1 U -1
15 0 U -1
16 0 U -1
17 0 U 16
18 1 U 5
19 0 L 13
20 0 L 7
21 1 L 2
22 1 U 10
23 1 U 5
24 0 L 1
25 1 U -1
26 0 L 21
27 1 U 12
28 0 L 8
29 1 U 20
30 1 U 25
31 0 U 18
32 0 L 20
33 0 U 13
34 0 U 12
35 1 L -1
36 0 U 25
37 1 L 3
38 1 L 37
39 0 U 16
40 0 L 11
41 0 L 29
42 0 U -1
43 0 L -1
44 0 U 6
45 1 L 43
46 0 L 35
47 0 L 41
48 0 U 36
49 0 U 6
50 0 U 48
51 1 U -1
52 1 U -1
53 0 U 50
54 0 L 48
55 0 L 36
56 0 U 2
57 1 L 18
58 0 U 39
59 1 U 49
60 0 L 57
61 1 U 15
62 1 L 29
63 0 U 50
64 0 L 10
65 0 U 63
66 0 L 62
67 0 L 60
68 1 L 14
69 1 U 58
70 0 L 46
71 1 L -1
72
0 1 U -1
1 0 U -1
2 1 U -1
3 0 L 1
4 1 L -1
5 0 U -1
6 1 U 5
7 1 U -1
8 0 L -1
9 1 U -1
10 0 L -1
11 0 L 3
12 1 L 10
13 1 U 4
14 1 U -1
15 0 U -1
16 0 U -1
17 0 U 16
18 1 U 5
19 0 L 7
20 0 L 13
21 1 L 2
22 1 U 19
23 1 U 5
24 0 L 1
25 1 U -1
26 1 L 21
27 1 U 12
28 0 L 8
29 1 U 20
30 0 U 25
31 1 U 18
32 0 L 20
33 0 U 17
34 0 U 31
35 1 L -1
36 1 U 25
37 1 L 12
38 1 L 37
39 0 U 15
40 0 L 5
41 0 L 29
42 0 U -1
43 0 L -1
44 1 U 36
45 0 L 34
46 1 L 8
47 0 L 41
48 0 U 36
49 0 U 10
50 0 U 44
51 1 U -1
52 1 U -1
53 0 U 50
54 0 L 48
55 0 U 31
56 0 U 5
57 1 L 18
58 0 U 36
59 1 L 49
60 0 L 57
61 1 U 5
62 1 L 29
63 1 U 50
64 0 L 10
65 0 U 21
66 1 L 33
67 1 L 31
68 1 L 20
69 1 U 58
70 0 L 46
71 1 L -1
72
0 1 L -1
1 0 U -1
2 1 U -1
3 0 L 1
4 0 L -1
5 0 U -1
6 1 U 5
7 1 U -1
8 0 L -1
9 1 L -1
10 0 L -1
11 1 L 3
12 1 L 10
13 1 U 5
14 0 U -1
15 0 U -1
16 0 U -1
17 0 U 16
18 1 U 5
19 0 L 7
20 0 L 7
21 1 L 2
22 1 U 18
23 1 U 16
24 0 L 1
25 1 U -1
26 1 L 11
27 1 U 20
28 0 L 1
29 0 U 11
30 0 U 0
31 1 U 18
32 1 L 20
33 0 U 8
34 0 U 33
35 1 L -1
36 0 U 25
37 0 L 12
38 1 L 37
39 0 U 15
40 0 L 5
41 0 U 29
42 0 U -1
43 0 L -1
44 0 U 36
45 1 L 43
46 1 L 8
47 0 L 41
48 0 U 36
49 1 U 42
50 0 U 31
51 0 U -1
52 0 U -1
53 0 U 50
54 0 L 48
55 1 U 31
56 0 U 15
57 1 L 15
58 0 U 36
59 1 L 51
60 1 L 27
61 1 U 39
62 0 L 60
63 0 U 50
64 0 L 0
65 0 U 21
66 0 L 33
67 0 L 16
68 0 L 20
69 0 U 58
70 0 L 46
71 1 L -1
72
0 1 U -1
1 0 U -1
2 1 U -1
3 0 L 1
4 1 L -1
5 0 U -1
6 1 U 5
7 0 U -1
8 0 L -1
9 1 L -1
10 0 L -1
11 1 L 3
12 0 L 10
13 1 U 4
14 1 U -1
15 0 U -1
16 0 U -1
17 0 U 5
18 1 U 5
19 0 L 13
20 0 L 13
21 1 L 6
22 1 U 9
23 1 U 16
24 0 L 1
25 1 U -1
26 1 L 11
27 1 U 20
28 0 L 1
29 1 U 10
30 1 U 16
31 1 U 23
32 1 L 20
33 0 U 8
34 0 U 33
35 1 L -1
36 1 U 25
37 1 L 12
38 1 L 37
39 0 U 25
40 0 L 11
41 0 U 29
42 0 U -1
43 0 L -1
44 0 U 36
45 1 L 43
46 0 L 8
47 1 L 41
48 0 U 36
49 0 U 42
50 1 U 31
51 1 U -1
52 1 U -1
53 0 U 50
54 0 L 36
55 0 U 48
56 0 U 2
57 0 L 41
58 1 U 36
59 1 L 36
60 1 L 27
61 1 U 19
62 0 L 60
63 0 U 50
64 0 L 0
65 0 U 35
66 1 L 33
67 0 L 27
68 0 L 20
69 1 L 58
70 0 L 46
71 1 L -1
72
0 1 U -1
1 0 U -1
2 1 U -1
3 0 L 1
4 0 L -1
5 0 U -1
6 1 U 5
7 1 U -1
8 0 L -1
9 1 L -1
10 0 L -1
11 1 L 3
12 1 L 10
13 1 U 5
14 1 U -1
15 0 U -1
16 0 U -1
17 0 U 5
18 1 U 5
19 0 L 13
20 0 L 13
21 1 L 2
22 0 U 18
23 1 U 16
24 0 L 1
25 1 U -1
26 1 L 21
27 1 U 20
28 0 L 8
29 1 U 10
30 1 U 1
31 1 U 23
32 1 L 20
33 0 U 13
34 0 U 11
35 1 L -1
36 1 U 25
37 0 L 12
38 1 L 37
39 0 U 16
40 0 L 11
41 0 U 29
42 0 U -1
43 0 L -1
44 0 U 36
45 0 L 43
46 1 L 1
47 0 L 41
48 0 U 36
49 1 U 28
50 0 U 31
51 1 U -1
52 1 U -1
53 1 U 50
54 0 L 36
55 0 U 48
56 0 U 2
57 1 L 41
58 1 U 36
59 0 L 36
60 1 L 27
61 1 U 50
62 1 L 60
63 1 U 55
64 0 L 0
65 0 U 53
66 1 L 57
67 0 L 27
68 1 L 38
69 1 L 58
70 1 L 46
71 1 L -1
72
0 1 U -1
1 0 U -1
2 1 U -1
3 0 L 1
4 1 L -1
5 0 U -1
6 1 U 5
7 1 U -1
8 0 L -1
9 1 L -1
10 1 L -1
11 1 L 3
12 1 L 10
13 1 U 5
14 0 U -1
15 0 U -1
16 0 U -1
17 0 U 5
18 1 U 4
19 0 L 13
20 0 L 7
21 1 L 2
22 1 U 9
23 1 U 16
24 0 L 8
25 1 U -1
26 1 L 21
27 1 U 20
28 0 L 1
29 0 U 10
30 1 U 1
31 1 U 23
32 1 L 20
33 0 U 13
34 0 U 11
35 1 L -1
36 1 U 25
37 1 L 12
38 1 L 37
39 0 U 25
40 0 L 11
41 0 U 29
42 0 U -1
43 0 L -1
44 0 U 36
45 0 L 43
46 1 L 1
47 0 L 41
48 0 U 36
49 1 U 28
50 1 U 31
51 1 U -1
52 1 U -1
53 1 U 50
54 0 L 36
55 0 U 31
56 0 U 5
57 1 L 41
58 1 U 36
59 0 U 6
60 1 L 27
61 1 U 58
62 1 L 60
63 1 U 20
64 0 L 9
65 0 U 35
66 0 L 57
67 0 L 27
68 1 L 40
69 1 L 66
70 1 L 46
71 1 L -1
72
0 1 U -1
1 0 U -1
2 1 U -1
3 0 L 1
4 1 L -1
5 0 U -1
6 1 U 5
7 1 U -1
8 0 L -1
9 1 L -1
10 0 L -1
11 0 L 2
12 1 L 10
13 1 U 5
14 1 U -1
15 0 U -1
16 0 U -1
17 0 U 16
18 1 U 5
19 0 L 7
20 0 L 7
21 1 L 2
22 1 U 9
23 1 U 16
24 0 L 8
25 1 U -1
26 1 L 21
27 1 U 20
28 0 L 1
29 0 U 10
30 1 U 7
31 1 U 6
32 1 L 20
33 1 U 17
34 0 U 33
35 1 L -1
36 1 U 25
37 0 L 12
38 1 L 37
39 0 U 25
40 0 L 7
41 0 U 29
42 0 U -1
43 0 L -1
44 0 U 36
45 0 L 43
46 0 L 1
47 0 L 41
48 0 U 36
49 1 U 28
50 1 U 31
51 1 U -1
52 0 U -1
53 1 U 50
54 0 L 36
55 0 U 31
56 0 U 5
57 1 L 41
58 1 U 36
59 0 U 23
60 1 L 27
61 1 U 58
62 0 L 60
63 1 U 20
64 0 L 9
65 0 U 47
66 1 L 57
67 0 L 27
68 0 L 40
69 0 L 66
70 1 L 54
71 1 L -1
72
0 1 U -1
1 0 U -1
2 1 U -1
3 0 L 1
4 0 L -1
5 0 U -1
6 1 U 5
7 1 U -1
8 0 L -1
9 1 L -1
10 0 L -1
11 0 L 2
12 0 L 10
13 0 U 4
14 0 U -1
15 0 U -1
16 0 U -1
17 0 U 16
18 1 U 5
19 0 L 12
20 0 L 11
21 1 L 2
22 1 U 18
23 1 U 16
24 0 L 8
25 1 U -1
26 1 L 21
27 0 U 20
28 0 L 23
29 1 U 20
30 1 L 12
31 1 U 6
32 0 L 20
33 0 U 17
34 0 U 33
35 1 L -1
36 1 U 15
37 1 L 12
38 1 L 37
39 0 U 15
40 0 L 7
41 0 U 29
42 0 U -1
43 0 L -1
44 1 U 36
45 1 L 32
46 0 L 8
47 0 L 41
48 0 U 36
49 1 U 7
50 1 U 33
51 1 U -1
52 1 U -1
53 1 U 50
54 0 L 36
55 0 U 31
56 0 U 52
57 1 L 41
58 1 U 36
59 1 L 27
60 0 L 27
61 1 L 58
62 0 L 60
63 0 U 24
64 0 L 9
65 0 U 47
66 1 L 57
67 0 L 2
68 0 L 40
69 1 L 66
70 1 L 54
71 1 L -1
72
0 1 L -1
1 0 U -1
2 1 U -1
3 0 L 1
4 0 L -1
5 0 U -1
6 1 U 5
7 1 U -1
8 0 L -1
9 1 L -1
10 1 L -1
11 0 L 2
12 0 L 10
13 0 U 4
14 1 U -1
15 0 U -1
16 0 U -1
17 0 U 5
18 1 U 5
19 0 L 3
20 0 L 11
21 1 L 19
22 1 U 18
23 1 U 16
24 0 L 8
25 1 U -1
26 1 L 21
27 0 U 20
28 0 L 23
29 0 U 20
30 1 L 1
31 1 U 6
32 1 L 20
33 1 U 8
34 0 U 33
35 1 L -1
36 1 U 15
37 0 L 12
38 1 L 37
39 0 U 15
40 0 L 7
41 1 U 29
42 0 U -1
43 0 L -1
44 1 U 18
45 1 L 43
46 1 L 8
47 1 L 41
48 0 U 23
49 1 U 32
50 0 U 31
51 1 U -1
52 0 U -1
53 1 U 50
54 0 L 36
55 0 U 31
56 0 U 52
57 1 L 41
58 1 U 13
59 0 L 29
60 1 L 27
61 1 L 58
62 1 L 60
63 0 U 34
64 0 L 9
65 0 U 35
66 1 L 57
67 0 L 2
68 0 L 40
69 1 L 66
70 1 L 54
71 1 L -1
72
0 1 L -1
1 0 U -1
2 1 U -1
3 0 L 1
4 0 L -1
5 0 U -1
6 1 U 5
7 1 U -1
8 0 L -1
9 1 L -1
10 0 L -1
11 0 L 2
12 1 L 10
13 0 U 4
14 0 U -1
15 0 U -1
16 0 U -1
17 0 U 16
18 1 U 5
19 0 L 3
20 0 L 11
21 1 L 19
22 1 U 18
23 1 U 16
24 1 L 8
25 1 U -1
26 1 L 5
27 0 U 11
28 0 L 23
29 0 U 20
30 1 L 1
31 1 U 23
32 1 L 20
33 1 U 17
34 0 U 33
35 1 L -1
36 1 U 15
37 1 L 12
38 1 L 37
39 0 U 15
40 0 L 7
41 0 U 29
42 0 U -1
43 0 L -1
44 1 U 6
45 1 L 43
46 1 L 8
47 1 L 41
48 0 U 18
49 1 U 7
50 0 U 33
51 1 U -1
52 0 U -1
53 1 U 50
54 0 L 36
55 0 U 31
56 0 U 49
57 1 L 41
58 1 U 39
59 1 L 29
60 1 L 27
61 1 L 58
62 0 L 60
63 0 U 34
64 0 L 9
65 0 U 35
66 1 L 57
67 0 L 2
68 0 L 40
69 1 L 66
70 1 L 54
71 1 L -1
72
0 1 U -1
1 0 U -1
2 1 U -1
3 0 L 1
4 1 L -1
5 0 U -1
6 1 U 5
7 1 U -1
8 0 L -1
9 1 L -1
10 0 L -1
11 0 L 2
12 1 L 10
13 0 U 4
14 0 U -1
15 0 U -1
16 0 U -1
17 0 U 16
18 1 U 5
19 0 L 12
20 0 L 7
21 1 L 19
22 1 U 18
23 1 U 16
24 0 L 8
25 1 U 7
26 1 L 5
27 0 U 12
28 0 L 8
29 1 U 11
30 1 U 0
31 1 U 6
32 1 L 20
33 1 U 17
34 0 U 33
35 1 L -1
36 1 U 15
37 0 L 12
38 1 L 37
39 0 U 15
40 0 L 11
41 1 U 29
42 0 U -1
43 0 L -1
44 0 U 6
45 0 L 43
46 0 L 8
47 0 L 41
48 0 U 23
49 1 U 7
50 1 U 19
51 0 U -1
52 0 U -1
53 1 U 50
54 0 L 36
55 0 U 48
56 0 U 2
57 1 L 41
58 1 U 18
59 0 L 31
60 1 L 27
61 1 L 58
62 1 L 60
63 0 U 34
64 0 L 10
65 0 U 63
66 1 L 57
67 0 L 24
68 0 L 40
69 1 L 66
70 0 U 59
71 1 L -1
72
0 1 L -1
1 0 U -1
2 1 U -1
3 0 L 1
4 1 L -1
5 0 U -1
6 1 U 5
7 1 U -1
8 0 L -1
9 1 L -1
10 1 L -1
11 0 L 2
12 1 L 10
13 0 U 4
14 1 U -1
15 0 U -1
16 0 U -1
17 0 U 16
18 1 U 16
19 0 L 12
20 0 L 11
21 1 L 19
22 1 U 18
23 1 U 16
24 0 L 8
25 1 U 7
26 1 L 5
27 0 U 20
28 0 L 8
29 1 U 10
30 1 U 7
31 1 U 6
32 0 L 20
33 1 U 17
34 0 U 33
35 1 L -1
36 1 U 15
37 0 L 12
38 1 L 37
39 0 U 2
40 0 L 7
41 1 U 29
42 0 U -1
43 0 L -1
44 1 U 23
45 0 L 43
46 0 L 8
47 1 L 41
48 0 U 36
49 1 U 7
50 0 U 44
51 1 U -1
52 1 U -1
53 0 U 50
54 0 L 36
55 0 U 44
56 0 U 51
57 1 L 41
58 1 U 36
59 1 L 31
60 1 L 27
61 1 L 58
62 0 L 58
63 0 U 34
64 0 L 4
65 0 U 63
66 1 L 57
67 0 L 24
68 0 L 40
69 1 L 66
70 1 L 39
71 1 U -1
72
0 1 L -1
1 0 U -1
2 1 U -1
3 0 L 1
4 1 L -1
5 0 U -1
6 1 U 5
7 1 U -1
8 0 L -1
9 1 L -1
10 1 L -1
11 0 L 2
12 1 L 10
13 0 U 4
14 0 U -1
15 0 U -1
16 0 U -1
17 0 U 16
18 1 U 16
19 0 L 12
20 0 L 11
21 1 L 19
22 1 U 18
23 1 U 16
24 0 L 8
25 0 U 14
26 1 L 21
27 0 U 20
28 0 L 8
29 1 U 10
30 0 U 7
31 1 U 18
32 0 L 14
33 0 U 17
34 0 U 33
35 1 L -1
36 1 U 30
37 0 L 12
38 1 L 37
39 0 U 30
40 0 L 7
41 1 U 29
42 0 U -1
43 0 L -1
44 1 U 18
45 0 L 43
46 0 L 8
47 1 L 41
48 0 U 18
49 1 U 42
50 0 U 44
51 1 U -1
52 1 U -1
53 0 U 50
54 0 L 36
55 0 U 44
56 0 U 51
57 1 L 41
58 1 U 36
59 1 L 29
60 1 L 27
61 1 U 58
62 0 L 58
63 0 U 34
64 0 L 4
65 0 U 26
66 1 L 57
67 0 L 24
68 0 L 40
69 0 L 66
70 0 L 69
71 1 L -1
72
0 1 L -1
1 0 U -1
2 1 U -1
3 0 L 1
4 0 L -1
5 0 U -1
6 1 U 5
7 1 U -1
8 0 L -1
9 1 L -1
10 1 L -1
11 0 L 2
12 0 L 10
13 0 U 5
14 1 U -1
15 0 U -1
16 0 U -1
17 1 L 16
18 1 U 16
19 0 L 3
20 0 L 7
21 1 L 19
22 1 U 18
23 1 U 16
24 0 L 8
25 0 U 7
26 1 L 21
27 1 U 20
28 0 L 8
29 1 U 10
30 0 U 7
31 1 U 6
32 0 L 14
33 0 U 8
34 0 U 20
35 1 L -1
36 1 U 30
37 0 L 12
38 1 L 37
39 0 U 15
40 0 L 7
41 0 U 29
42 0 U -1
43 0 L -1
44 1 U 18
45 1 L 43
46 1 L 35
47 0 L 41
48 0 U 18
49 1 U 42
50 0 U 33
51 1 U -1
52 1 U -1
53 0 U 50
54 0 L 36
55 0 U 48
56 0 U 30
57 1 L 41
58 1 U 36
59 0 L 29
60 1 L 16
61 1 U 24
62 0 L 58
63 0 U 34
64 0 L 0
65 0 U 26
66 1 L 57
67 0 L 24
68 0 L 40
69 0 L 36
70 0 L 60
71 1 L -1
72
0 1 U -1
1 0 U -1
2 1 U -1
3 0 L 1
4 1 L -1
5 0 U -1
6 1 U 5
7 1 U -1
8 0 L -1
9 1 L -1
10 1 L -1
11 0 L 2
12 1 L 10
13 1 U 5
14 1 U -1
15 0 U -1
16 0 U -1
17 0 L 16
18 1 U 16
19 0 L 3
20 0 L 7
21 1 L 19
22 0 U 18
23 1 U 16
24 0 L 8
25 0 U 14
26 1 L 5
27 0 U 20
28 0 L 1
29 1 U 12
30 0 U 7
31 1 U 18
32 1 L 14
33 0 U 8
34 0 U 20
35 1 L -1
36 1 U 30
37 0 L 12
38 1 L 37
39 0 U 15
40 0 L 7
41 0 U 29
42 0 U -1
43 0 L -1
44 1 U 36
45 0 L 43
46 0 L 35
47 1 L 41
48 0 U 18
49 1 U 42
50 1 U 33
51 1 U -1
52 1 U -1
53 0 U 50
54 0 L 36
55 0 U 31
56 0 U 15
57 1 L 41
58 1 U 36
59 0 L 27
60 1 L 16
61 1 U 39
62 0 L 58
63 0 U 34
64 0 L 0
65 0 U 26
66 1 L 33
67 0 L 24
68 0 L 40
69 0 L 51
70 1 L 60
71 1 L -1
72
0 1 U -1
1 0 U -1
2 1 U -1
3 0 L 1
4 1 L -1
5 0 U -1
6 1 U 4
7 1 U -1
8 0 L -1
9 1 L -1
10 1 L -1
11 0 L 2
12 0 L 10
13 1 U 5
14 1 U -1
15 0 U -1
16 0 U -1
17 0 U 5
18 1 U 5
19 0 L 3
20 0 L 7
21 1 L 19
22 1 U 6
23 1 U 16
24 0 L 8
25 1 U -1
26 1 L 5
27 0 U 20
28 0 L 1
29 1 U 12
30 0 U 7
31 1 U 23
32 1 L 14
33 1 U 8
34 0 U 10
35 1 L -1
36 1 U 30
37 0 L 12
38 1 L 37
39 0 U 15
40 0 L 11
41 1 U 29
42 0 U -1
43 0 L -1
44 0 U 36
45 1 L 43
46 0 L 35
47 1 L 41
48 0 U 18
49 1 U 42
50 1 U 33
51 1 U -1
52 0 U -1
53 1 U 50
54 0 L 36
55 0 U 48
56 0 U 49
57 1 L 41
58 1 U 18
59 1 L 16
60 1 L 16
61 1 U 56
62 0 L 58
63 0 U 34
64 0 L 0
65 0 U 63
66 1 L 33
67 0 L 46
68 0 L 40
69 1 L 53
70 1 L 60
71 1 L -1
72
0 1 U -1
1 0 U -1
2 1 U -1
3 0 L 1
4 1 L -1
5 0 U -1
6 1 U 4
7 1 U -1
8 0 L -1
9 1 L -1
10 1 L -1
11 0 L 2
12 1 L 10
13 0 U 4
14 1 U -1
15 0 U -1
16 0 U -1
17 1 U 4
18 1 U 5
19 0 L 3
20 0 L 7
21 1 L 19
22 0 U 6
23 1 U 4
24 1 L 8
25 0 U -1
26 1 L 5
27 1 U 12
28 0 U 16
29 0 U 12
30 0 U 7
31 1 U 23
32 1 L 14
33 0 U 8
34 0 U 19
35 1 L -1
36 1 U 30
37 1 L 24
38 1 L 37
39 0 U 15
40 0 L 13
41 1 U 29
42 0 U -1
43 0 L -1
44 0 U 36
45 1 L 43
46 0 L 1
47 0 L 41
48 1 U 18
49 1 U 42
50 1 U 48
51 1 U -1
52 0 U -1
53 0 U 50
54 0 L 36
55 0 U 48
56 0 U 49
57 1 L 41
58 1 U 6
59 1 L 29
60 1 L 16
61 1 U 3
62 0 L 58
63 0 U 34
64 0 L 9
65 0 U 35
66 1 L 57
67 0 L 46
68 1 L 40
69 0 L 39
70 1 L 60
71 1 L -1
72
0 1 L -1
1 0 U -1
2 1 U -1
3 0 L 1
4 1 L -1
5 0 U -1
6 1 U 4
7 1 U -1
8 0 L -1
9 1 L -1
10 0 L -1
11 0 L 2
12 0 L 10
13 1 U 5
14 1 U -1
15 0 U -1
16 0 U -1
17 0 U 4
18 1 U 5
19 0 L 12
20 0 L 11
21 1 L 19
22 0 U 6
23 1 U 16
24 1 L 1
25 0 U -1
26 0 L 5
27 1 U 12
28 0 U 2
29 0 U 12
30 0 U 7
31 1 U 18
32 1 L 14
33 1 U 13
34 0 U 20
35 1 L -1
36 1 U 30
37 1 L 12
38 1 L 21
39 0 U 15
40 0 L 13
41 1 U 29
42 0 U -1
43 0 L -1
44 1 U 36
45 0 L 43
46 1 L 1
47 1 L 41
48 0 U 18
49 1 U 42
50 1 U 48
51 1 U -1
52 0 U -1
53 0 U 50
54 0 L 36
55 0 U 48
56 0 U 52
57 1 L 41
58 1 U 23
59 0 L 32
60 1 L 23
61 1 U 3
62 0 L 58
63 1 U 34
64 0 L 9
65 0 U 63
66 1 L 57
67 1 L 46
68 0 L 40
69 0 L 55
70 0 L 60
71 1 L -1
72
0 1 L -1
1 0 U -1
2 1 U -1
3 0 L 1
4 1 L -1
5 0 U -1
6 1 U 4
7 1 U -1
8 0 L -1
9 1 L -1
10 0 L -1
11 0 L 2
12 0 L 10
13 1 U 5
14 1 U -1
15 0 U -1
16 0 U -1
17 0 U 16
18 1 U 5
19 0 L 12
20 0 L 11
21 1 L 19
22 0 U 9
23 1 U 16
24 1 L 1
25 0 U -1
26 1 L 5
27 1 U 12
28 0 U 5
29 1 U 12
30 0 U 7
31 1 U 18
32 1 L 14
33 1 U 13
34 0 U 20
35 1 L -1
36 1 U 30
37 1 L 3
38 1 L 21
39 0 U 15
40 0 L 13
41 1 U 29
42 0 U -1
43 0 L -1
44 0 U 18
45 1 L 43
46 0 L 1
47 1 L 41
48 0 U 18
49 1 U 42
50 0 U 48
51 1 U -1
52 0 U -1
53 0 U 50
54 0 L 36
55 0 U 48
56 0 U 15
57 1 L 25
58 1 U 23
59 0 L 16
60 1 L 23
61 1 U 55
62 0 L 58
63 1 U 34
64 0 L 9
65 0 U 63
66 1 L 57
67 1 L 2
68 0 L 40
69 1 L 55
70 0 L 60
71 1 L -1
72
0 1 U -1
1 0 U -1
2 1 U -1
3 0 L 1
4 1 L -1
5 0 U -1
6 1 U 4
7 1 U -1
8 0 L -1
9 1 L -1
10 1 L -1
11 0 L 2
12 1 L 10
13 1 U 5
14 1 U -1
15 0 U -1
16 0 U -1
17 0 U 16
18 1 U 16
19 0 L 12
20 0 L 11
21 1 L 19
22 0 U 6
23 1 U 16
24 1 L 8
25 0 U -1
26 1 L 5
27 1 U 11
28 0 U 5
29 1 U 10
30 0 U 7
31 1 U 6
32 1 L 14
33 0 U 13
34 0 U 20
35 1 L -1
36 1 U 30
37 1 L 1
38 1 L 21
39 0 U 15
40 0 L 13
41 1 U 29
42 0 U -1
43 0 L -1
44 0 U 23
45 1 L 35
46 0 L 8
47 1 L 25
48 0 U 23
49 1 U 7
50 1 U 20
51 1 U -1
52 0 U -1
53 0 U 50
54 0 L 36
55 0 U 19
56 0 U 49
57 1 L 25
58 1 U 39
59 1 L 29
60 1 L 23
61 1 U 39
62 0 L 58
63 0 U 34
64 0 L 9
65 0 U 63
66 1 L 57
67 0 L 2
68 0 L 40
69 0 L 39
70 0 L 60
71 1 L -1
72
0 1 L -1
1 0 U -1
2 1 U -1
3 0 L 1
4 1 L -1
5 0 U -1
6 1 U 4
7 1 U -1
8 0 L -1
9 1 L -1
10 0 L -1
11 0 L 2
12 1 L 10
13 1 U 5
14 1 U -1
15 0 U -1
16 0 U -1
17 0 U 5
18 1 U 16
19 0 L 12
20 0 L 11
21 1 L 19
22 0 U 6
23 1 U 16
24 0 L 8
25 0 U -1
26 1 L 21
27 1 U 10
28 0 U 5
29 0 U 12
30 0 U 7
31 1 U 23
32 1 L 14
33 0 U 13
34 0 U 20
35 1 L -1
36 1 U 30
37 1 L 1
38 1 L 2
39 0 U 15
40 0 L 13
41 0 U 29
42 0 U -1
43 0 L -1
44 0 U 23
45 1 L 35
46 0 L 1
47 1 L 41
48 1 U 23
49 1 U 7
50 1 U 33
51 1 U -1
52 0 U -1
53 1 U 50
54 0 L 36
55 0 U 19
56 0 U 49
57 1 L 25
58 1 U 23
59 1 L 29
60 1 L 32
61 1 U 39
62 0 L 58
63 0 U 29
64 0 L 9
65 0 U 63
66 1 L 57
67 0 L 2
68 0 L 40
69 0 L 53
70 0 L 60
71 1 L -1
72
0 1 L -1
1 0 U -1
2 1 U -1
3 0 L 1
4 0 L -1
5 0 U -1
6 1 U 4
7 1 U -1
8 0 L -1
9 1 L -1
10 0 L -1
11 1 L 2
12 1 L 10
13 1 U 5
14 1 U -1
15 0 U -1
16 0 U -1
17 0 U 5
18 1 U 5
19 0 L 12
20 0 L 11
21 1 L 19
22 1 U 6
23 1 U 16
24 0 L 8
25 0 U -1
26 0 L 5
27 1 U 10
28 1 U 25
29 0 U 19
30 0 U 7
31 1 U 23
32 1 L 14
33 0 U 13
34 0 U 33
35 1 L -1
36 1 U 30
37 0 L 1
38 1 L 2
39 0 U 15
40 0 L 7
41 1 U 29
42 0 U -1
43 0 L -1
44 0 U 36
45 0 L 8
46 0 L 43
47 0 L 41
48 0 U 23
49 1 U 7
50 1 U 22
51 1 U -1
52 0 U -1
53 1 U 34
54 0 L 36
55 0 U 19
56 0 U 30
57 1 L 25
58 1 U 39
59 1 L 27
60 1 L 32
61 1 U 39
62 0 L 58
63 0 U 29
64 0 L 9
65 0 U 63
66 1 L 57
67 1 L 2
68 0 L 40
69 1 L 66
70 1 L 39
71 1 L -1
72
0 1 L -1
1 0 U -1
2 1 U -1
3 0 L 1
4 0 L -1
5 0 U -1
6 1 U 4
7 1 U -1
8 0 L -1
9 1 L -1
10 1 L -1
11 0 L 2
12 1 L 10
13 1 U 5
14 1 U -1
15 0 U -1
16 0 U -1
17 0 U 5
18 1 U 5
19 0 L 12
20 1 L 11
21 1 L 19
22 0 U 6
23 1 U 16
24 1 L 8
25 1 U -1
26 0 L 21
27 1 U 12
28 0 U 25
29 1 U 19
30 1 U 16
31 0 U 18
32 1 L 14
33 0 U 13
34 0 U 33
35 1 L -1
36 0 U 16
37 0 L 8
38 1 L 2
39 0 U 15
40 0 L 7
41 0 U 29
42 0 U -1
43 0 L -1
44 1 U 36
45 0 L 35
46 0 L 43
47 0 L 41
48 0 U 36
49 1 U 7
50 1 U 33
51 1 U -1
52 1 U -1
53 1 U 34
54 0 L 36
55 0 U 19
56 0 U 16
57 1 L 41
58 1 U 18
59 1 L 27
60 1 L 32
61 1 U 56
62 0 L 58
63 0 U 29
64 0 L 9
65 0 U 63
66 1 L 57
67 0 L 46
68 0 L 40
69 0 L 66
70 0 L 39
71 1 L -1
72
0 1 U -1
1 0 U -1
2 1 U -1
3 0 L 1
4 0 L -1
5 0 U -1
6 1 U 4
7 0 U -1
8 0 L -1
9 1 L -1
10 0 L -1
11 1 L 2
12 1 L 10
13 1 U 5
14 1 U -1
15 0 U -1
16 0 U -1
17 0 U 16
18 1 U 16
19 0 L 3
20 0 L 11
21 1 L 19
22 1 U 18
23 1 U 16
24 0 L 8
25 1 U -1
26 1 L 21
27 0 U 19
28 0 U 5
29 1 U 19
30 1 U 1
31 0 U 18
32 0 L 26
33 1 U 13
34 0 U 33
35 1 L -1
36 0 U 16
37 1 L 8
38 1 L 6
39 0 U 16
40 0 L 5
41 0 U 29
42 0 U -1
43 0 L -1
44 0 U 36
45 1 L 22
46 1 L 43
47 0 L 41
48 0 U 36
49 1 U 42
50 1 U 33
51 1 U -1
52 0 U -1
53 1 U 29
54 0 L 36
55 0 U 48
56 0 U 16
57 1 L 28
58 1 U 18
59 1 L 31
60 1 L 16
61 1 U 56
62 0 L 15
63 1 U 29
64 0 L 9
65 0 U 63
66 1 L 30
67 1 L 46
68 1 L 40
69 1 L 66
70 1 L 39
71 1 L -1
72
0 1 U -1
1 0 U -1
2 1 U -1
3 0 L 1
4 0 L -1
5 0 U -1
6 1 U 4
7 0 U -1
8 0 L -1
9 1 L -1
10 1 L -1
11 1 L 2
12 0 L 10
13 1 U 5
14 0 U -1
15 0 U -1
16 0 U -1
17 0 U 4
18 1 U 16
19 0 L 3
20 0 L 11
21 1 L 19
22 1 U 18
23 1 U 16
24 0 L 8
25 1 U -1
26 0 L 5
27 1 U 19
28 0 U 5
29 1 U 19
30 1 U 5
31 0 U 18
32 0 L 26
33 1 U 13
34 0 U 20
35 1 L -1
36 0 U 16
37 0 L 8
38 1 L 24
39 0 U 2
40 0 L 5
41 0 U 29
42 0 U -1
43 0 L -1
44 1 U 36
45 0 L 22
46 1 L 43
47 0 L 41
48 0 U 36
49 1 U 42
50 0 U 20
51 1 U -1
52 0 U -1
53 1 U 29
54 0 L 36
55 0 U 48
56 0 U 5
57 1 L 41
58 1 U 23
59 1 L 31
60 1 L 16
61 1 U 56
62 0 L 15
63 0 U 34
64 1 L 9
65 0 U 27
66 1 L 30
67 0 L 46
68 1 L 26
69 0 L 48
70 1 L 39
71 1 L -1
72
0 1 L -1
1 0 U -1
2 1 U -1
3 0 L 1
4 0 L -1
5 0 U -1
6 1 U 4
7 0 U -1
8 0 L -1
9 1 L -1
10 0 L -1
11 1 L 2
12 1 L 10
13 1 U 5
14 1 U -1
15 0 U -1
16 0 U -1
17 0 U 4
18 1 U 16
19 0 L 12
20 0 L 11
21 1 L 19
22 1 U 6
23 1 U 16
24 0 L 8
25 1 U -1
26 0 L 21
27 1 U 19
28 0 U 5
29 0 U 19
30 1 U 1
31 1 U 18
32 1 L 7
33 1 U 8
34 0 U 20
35 1 L -1
36 0 U 16
37 1 L 8
38 1 L 37
39 0 U 2
40 0 L 21
41 0 U 29
42 0 U -1
43 0 L -1
44 1 U 6
45 0 L 22
46 1 L 43
47 0 L 41
48 0 U 36
49 1 U 42
50 0 U 44
51 1 U -1
52 1 U -1
53 1 U 29
54 0 L 36
55 0 U 33
56 0 U 52
57 1 L 28
58 1 U 23
59 1 L 31
60 1 L 16
61 1 U 6
62 0 L 15
63 0 U 34
64 1 L 0
65 0 U 27
66 1 L 57
67 0 L 46
68 0 L 40
69 0 L 48
70 1 L 69
71 1 L -1
72
0 1 L -1
1 0 U -1
2 1 U -1
3 0 L 1
4 0 L -1
5 0 U -1
6 1 U 4
7 0 U -1
8 0 L -1
9 1 L -1
10 0 L -1
11 1 L 2
12 1 L 10
13 1 U 5
14 0 U -1
15 0 U -1
16 0 U -1
17 0 U 5
18 1 U 16
19 0 L 12
20 0 L 11
21 1 L 19
22 1 U 6
23 1 U 16
24 0 L 8
25 1 U -1
26 0 L 21
27 1 U 19
28 0 U 5
29 1 U 19
30 1 U 1
31 0 U 18
32 1 L 7
33 0 U 8
34 0 U 31
35 1 L -1
36 0 U 16
37 1 L 8
38 1 L 37
39 0 U 2
40 0 L 21
41 1 U 29
42 0 U -1
43 0 L -1
44 1 U 6
45 0 L 22
46 1 L 43
47 1 L 41
48 0 U 36
49 1 U 42
50 1 U 44
51 1 U -1
52 1 U -1
53 0 U 29
54 0 L 48
55 0 U 10
56 0 U 51
57 1 L 28
58 0 U 23
59 1 L 29
60 1 L 16
61 1 U 39
62 0 L 15
63 0 U 34
64 1 L 0
65 0 U 27
66 0 L 57
67 0 L 46
68 1 L 40
69 0 U 44
70 1 L 39
71 1 L -1
72
0 1 L -1
1 0 U -1
2 1 U -1
3 0 L 1
4 0 L -1
5 0 U -1
6 1 U 4
7 0 U -1
8 0 L -1
9 1 L -1
10 0 L -1
11 1 L 2
12 1 L 10
13 1 U 5
14 1 U -1
15 0 U -1
16 0 U -1
17 0 U 5
18 1 U 16
19 0 L 12
20 0 L 11
21 1 L 19
22 1 U 6
23 1 U 16
24 0 L 8
25 1 U -1
26 0 L 21
27 1 U 19
28 0 U 5
29 1 U 19
30 1 U 0
31 0 U 18
32 1 L 7
33 0 U 28
34 0 U 31
35 1 L -1
36 0 U 25
37 1 L 8
38 1 L 37
39 0 U 2
40 0 L 21
41 1 U 29
42 0 U -1
43 0 L -1
44 1 U 36
45 0 L 32
46 1 L 43
47 0 L 41
48 0 U 36
49 1 U 32
50 1 U 31
51 1 U -1
52 1 U -1
53 1 U 29
54 0 L 48
55 0 U 48
56 0 U 51
57 1 L 28
58 0 U 39
59 1 L 49
60 1 L 16
61 1 U 39
62 0 L 15
63 1 U 34
64 1 L 0
65 0 U 35
66 1 L 57
67 0 L 46
68 1 L 40
69 0 U 22
70 1 L 66
71 1 L -1
72
0 1 U -1
1 0 U -1
2 1 U -1
3 0 L 1
4 0 L -1
5 0 U -1
6 1 U 4
7 0 U -1
8 0 L -1
9 1 L -1
10 0 L -1
11 1 L 2
12 1 L 10
13 1 U 4
14 0 U -1
15 0 U -1
16 0 U -1
17 0 U 5
18 1 U 16
19 0 L 12
20 0 L 11
21 1 L 2
22 1 U 18
23 1 U 16
24 0 L 8
25 1 U -1
26 0 L 21
27 1 U 10
28 0 U 5
29 1 U 19
30 1 U 2
31 0 U 18
32 1 L 7
33 0 U 17
34 0 U 31
35 1 L -1
36 0 U 25
37 1 L 8
38 1 L 37
39 0 U 2
40 0 L 21
41 1 U 29
42 0 U -1
43 0 L -1
44 1 U 6
45 0 L 22
46 1 L 43
47 1 L 41
48 0 U 36
49 1 U 32
50 1 U 20
51 1 U -1
52 1 U -1
53 0 U 50
54 0 L 48
55 0 U 31
56 0 U 51
57 1 L 28
58 0 U 39
59 1 L 49
60 1 L 16
61 1 U 39
62 0 L 15
63 1 U 34
64 1 L 0
65 0 U 35
66 0 L 57
67 0 L 46
68 1 L 26
69 1 U 48
70 1 L 54
71 1 L -1
72
0 1 U -1
1 0 U -1
2 1 U -1
3 0 L 1
4 0 L -1
5 0 U -1
6 1 U 4
7 0 U -1
8 0 L -1
9 1 L -1
10 0 L -1
11 1 L 2
12 1 L 10
13 1 U 4
14 1 U -1
15 0 U -1
16 0 U -1
17 0 U 4
18 1 U 16
19 0 L 12
20 0 L 11
21 1 L 2
22 1 U 18
23 1 U 16
24 0 L 8
25 1 U -1
26 0 L 21
27 1 U 10
28 0 U 5
29 1 U 19
30 1 U 15
31 0 U 18
32 1 L 7
33 0 U 28
34 0 U 31
35 1 L -1
36 0 U 25
37 1 L 8
38 1 L 37
39 0 U 2
40 0 L 21
41 1 U 29
42 0 U -1
43 0 L -1
44 1 U 6
45 1 L 22
46 1 L 43
47 1 L 41
48 0 U 6
49 1 U 32
50 1 U 20
51 1 U -1
52 1 U -1
53 0 U 50
54 0 L 48
55 0 U 19
56 0 U 15
57 1 L 41
58 0 U 36
59 1 L 49
60 1 L 23
61 1 U 48
62 0 L 15
63 1 U 34
64 1 L 10
65 0 U 35
66 1 L 57
67 0 L 37
68 0 L 40
69 0 U 31
70 1 L 54
71 1 L -1
72
0 1 L -1
1 0 U -1
2 1 U -1
3 0 L 1
4 0 L -1
5 0 U -1
6 1 U 4
7 0 U 0
8 0 L -1
9 1 U -1
10 0 L -1
11 1 L 2
12 0 L 10
13 1 U 4
14 1 U -1
15 0 U -1
16 0 U -1
17 0 U 4
18 1 U 16
19 0 L 12
20 0 L 11
21 1 L 2
22 1 U 18
23 1 U 16
24 0 L 1
25 1 U -1
26 0 L 21
27 1 U 12
28 0 U 5
29 1 U 19
30 1 U 25
31 0 U 18
32 1 L 7
33 0 U 8
34 0 U 31
35 1 L -1
36 0 U 25
37 1 L 8
38 1 L 37
39 0 U 2
40 0 L 21
41 0 U 29
42 0 U -1
43 0 L -1
44 1 U 6
45 0 L 18
46 1 L 43
47 1 L 41
48 0 U 36
49 1 U 32
50 1 U 20
51 1 U -1
52 1 U -1
53 0 U 50
54 0 L 48
55 0 U 20
56 0 U 25
57 1 L 28
58 0 U 23
59 1 L 49
60 1 L 23
61 1 U 48
62 0 L 15
63 1 U 34
64 1 L 0
65 0 U 27
66 0 L 57
67 0 L 37
68 1 L 40
69 0 U 58
70 1 L 54
71 1 L -1
72
0 1 U -1
1 0 U -1
2 1 U -1
3 0 L 1
4 0 L -1
5 0 U -1
6 1 U 4
7 0 U 0
8 0 L -1
9 1 L -1
10 1 L -1
11 1 L 2
12 1 L 10
13 1 U 4
14 1 U -1
15 0 U -1
16 0 U -1
17 0 U 4
18 1 U 5
19 0 L 3
20 0 L 11
21 1 L 2
22 1 U 18
23 1 U 16
24 0 L 8
25 1 U -1
26 0 L 21
27 1 U 12
28 0 U 25
29 0 U 10
30 1 U 7
31 0 U 18
32 1 L 7
33 0 U 8
34 0 U 31
35 1 L -1
36 0 U 25
37 1 L 8
38 1 L 37
39 0 U 2
40 0 L 21
41 1 U 29
42 0 U -1
43 0 L -1
44 1 U 6
45 0 L 18
46 1 L 43
47 0 L 41
48 0 U 36
49 1 U 32
50 1 U 20
51 1 U -1
52 0 U -1
53 0 U 50
54 0 L 48
55 0 U 20
56 0 U 15
57 1 L 28
58 0 U 39
59 1 L 49
60 1 L 23
61 1 U 55
62 0 L 15
63 1 U 34
64 1 L 0
65 0 U 35
66 0 L 57
67 0 L 37
68 0 L 40
69 1 U 33
70 1 L 61
71 1 L -1
72
0 1 U -1
1 0 U -1
2 1 U -1
3 0 L 1
4 0 L -1
5 0 U -1
6 1 U 4
7 0 U 0
8 0 L -1
9 1 L -1
10 0 L -1
11 1 L 2
12 0 L 10
13 1 U 7
14 1 U -1
15 0 U -1
16 0 U -1
17 0 U 7
18 1 U 5
19 0 L 3
20 0 L 11
21 1 L 2
22 1 U 6
23 1 U 5
24 0 L 1
25 1 U -1
26 0 L 21
27 0 U 12
28 0 U 25
29 0 U 10
30 1 U 0
31 0 U 18
32 1 L 7
33 1 U 8
34 0 U 20
35 1 L -1
36 0 U 2
37 1 L 8
38 1 L 37
39 0 U 2
40 0 L 21
41 0 U 29
42 0 U -1
43 0 L -1
44 1 U 36
45 0 L 18
46 1 L 43
47 0 L 41
48 0 U 36
49 1 U 32
50 0 U 19
51 1 U -1
52 1 U -1
53 0 U 50
54 0 L 48
55 0 U 20
56 0 U 25
57 1 L 28
58 0 U 39
59 1 L 49
60 1 L 16
61 1 U 55
62 0 L 15
63 1 U 34
64 1 L 10
65 0 U 35
66 0 L 57
67 0 L 46
68 1 L 40
69 0 U 22
70 1 L 61
71 1 L -1
72
0 1 L -1
1 0 U -1
2 1 U -1
3 0 L 1
4 0 L -1
5 0 U -1
6 1 U 4
7 0 U 0
8 0 L -1
9 1 U -1
10 0 L -1
11 1 L 2
12 1 L 10
13 1 U 7
14 0 U -1
15 0 U -1
16 0 U -1
17 0 U 4
18 1 U 5
19 0 L 3
20 0 L 11
21 1 L 2
22 1 U 10
23 1 U 5
24 0 L 8
25 1 U -1
26 0 L 21
27 1 U 12
28 0 U 25
29 0 U 12
30 1 U 14
31 0 U 18
32 1 L 7
33 0 U 8
34 0 U 20
35 1 L -1
36 0 U 2
37 1 L 8
38 1 L 37
39 0 U 16
40 0 L 21
41 1 U 29
42 0 U -1
43 0 L -1
44 1 U 36
45 0 L 22
46 1 L 43
47 0 L 41
48 0 U 6
49 1 U 32
50 0 U 19
51 1 U -1
52 0 U -1
53 0 U 50
54 0 L 48
55 0 U 22
56 0 U 15
57 1 L 28
58 0 U 23
59 1 L 49
60 1 L 16
61 1 U 55
62 0 L 15
63 1 U 34
64 1 L 10
65 0 U 27
66 0 L 57
67 0 L 37
68 1 L 40
69 1 U 22
70 1 L 61
71 1 L -1
72
0 1 L -1
1 0 U -1
2 1 U -1
3 0 L 1
4 0 L -1
5 0 U -1
6 1 U 4
7 0 U 0
8 0 L -1
9 1 U -1
10 1 L -1
11 1 L 2
12 1 L 10
13 1 U 7
14 0 U -1
15 0 U -1
16 0 U -1
17 0 U 4
18 1 U 5
19 0 L 12
20 0 L 11
21 1 L 2
22 1 U 10
23 1 U 5
24 0 L 1
25 1 U -1
26 0 L 21
27 1 U 12
28 0 U 25
29 0 U 12
30 1 U 14
31 0 U 23
32 1 L 7
33 0 U 8
34 0 U 20
35 1 L -1
36 0 U 2
37 1 L 8
38 1 L 37
39 0 U 15
40 0 L 21
41 1 U 29
42 0 U -1
43 0 L -1
44 1 U 36
45 0 L 22
46 1 L 43
47 0 L 41
48 0 U 6
49 1 U 32
50 0 U 48
51 1 U -1
52 0 U -1
53 0 U 29
54 0 L 48
55 0 U 48
56 0 U 5
57 1 L 28
58 0 U 23
59 1 L 49
60 1 L 16
61 1 U 55
62 0 L 15
63 1 U 34
64 1 L 10
65 0 U 63
66 0 L 57
67 0 L 37
68 0 L 40
69 0 U 44
70 1 L 61
71 1 L -1
72
0 1 L -1
1 0 U -1
2 1 U -1
3 0 L 1
4 1 L -1
5 0 U -1
6 1 U 4
7 0 U 0
8 0 L -1
9 1 L -1
10 0 L -1
11 1 L 2
12 1 L 10
13 1 U 4
14 1 U -1
15 0 U -1
16 0 U -1
17 0 U 7
18 1 U 5
19 0 L 12
20 0 L 11
21 1 L 2
22 1 U 6
23 1 U 5
24 0 L 8
25 1 U -1
26 0 L 21
27 1 U 10
28 0 U 25
29 0 U 12
30 1 U 15
31 0 U 23
32 0 L 7
33 0 U 8
34 0 U 20
35 1 L -1
36 0 U 2
37 1 L 8
38 1 L 37
39 0 U 5
40 0 L 21
41 1 U 29
42 0 U -1
43 0 L -1
44 1 U 36
45 0 L 22
46 1 L 43
47 0 L 41
48 0 U 6
49 1 U 41
50 1 U 48
51 1 U -1
52 1 U -1
53 0 U 50
54 0 L 48
55 0 U 48
56 0 U 15
57 1 L 28
58 0 U 23
59 1 L 49
60 1 L 16
61 1 U 55
62 0 L 15
63 0 U 34
64 1 L 10
65 0 U 63
66 1 L 57
67 0 L 37
68 1 L 40
69 0 U 22
70 1 L 61
71 1 L -1
72
0 1 L -1
1 0 U -1
2 1 U -1
3 0 L 1
4 1 L -1
5 0 U -1
6 1 U 4
7 0 U 0
8 0 L -1
9 1 L -1
10 1 L -1
11 1 L 2
12 1 L 10
13 1 U 4
14 0 U -1
15 0 U -1
16 0 U -1
17 0 U 7
18 1 U 5
19 0 L 12
20 0 L 11
21 1 L 6
22 1 U 6
23 1 U 5
24 0 L 1
25 1 U -1
26 1 L 21
27 0 U 10
28 0 U 25
29 0 U 12
30 1 U 15
31 0 U 18
32 0 L 26
33 1 U 8
34 0 U 31
35 1 L -1
36 0 U 2
37 1 L 8
38 1 L 37
39 0 U 25
40 0 L 21
41 1 U 29
42 0 U -1
43 0 L -1
44 1 U 6
45 0 L 22
46 1 L 43
47 1 L 41
48 0 U 36
49 1 U 41
50 1 U 20
51 1 U -1
52 0 U -1
53 0 U 29
54 0 L 48
55 0 U 48
56 0 U 2
57 1 L 28
58 0 U 39
59 1 L 49
60 1 L 16
61 1 U 48
62 0 L 15
63 1 U 34
64 1 L 4
65 0 U 63
66 0 L 57
67 0 L 37
68 1 L 40
69 1 U 22
70 1 L 61
71 1 L -1
72
0 1 L -1
1 0 U -1
2 1 U -1
3 0 L 1
4 1 L -1
5 0 U -1
6 1 U 4
7 0 U 0
8 0 L -1
9 1 L -1
10 1 L -1
11 1 L 2
12 1 L 10
13 1 U 7
14 1 U -1
15 0 U -1
16 0 U -1
17 0 U 7
18 1 U 5
19 0 L 3
20 0 L 11
21 1 L 6
22 1 U 6
23 1 U 5
24 0 L 1
25 1 U -1
26 1 L 21
27 0 U 10
28 0 U 7
29 0 U 12
30 1 U 14
31 0 U 23
32 0 L 20
33 0 U 28
34 0 U 20
35 1 L -1
36 0 U 2
37 0 L 8
38 1 L 37
39 0 U 25
40 0 L 21
41 1 U 29
42 0 U -1
43 0 L -1
44 1 U 36
45 0 L 22
46 1 L 43
47 1 L 41
48 0 U 36
49 1 U 41
50 1 U 31
51 1 U -1
52 0 U -1
53 0 U 50
54 0 L 48
55 0 U 10
56 0 U 7
57 1 L 28
58 0 U 36
59 1 L 49
60 1 L 16
61 1 U 22
62 0 L 15
63 1 U 29
64 1 L 4
65 0 U 63
66 0 L 57
67 0 L 37
68 1 L 40
69 1 U 22
70 1 L 61
71 1 L -1
72
0 1 L -1
1 0 U -1
2 1 U -1
3 0 L 1
4 1 L -1
5 0 U -1
6 1 U 4
7 0 U 0
8 0 L -1
9 1 L -1
10 0 L -1
11 1 L 2
12 1 L 10
13 0 U 7
14 1 U -1
15 0 U -1
16 0 U -1
17 0 U 7
18 1 U 5
19 0 L 12
20 0 L 11
21 1 L 6
22 1 U 6
23 1 U 16
24 0 L 1
25 1 U -1
26 1 L 21
27 0 U 10
28 0 U 7
29 0 U 12
30 1 U 25
31 0 U 23
32 0 L 20
33 0 U 28
34 0 U 31
35 1 L -1
36 1 U 25
37 0 L 8
38 1 L 37
39 0 U 15
40 0 L 21
41 1 U 29
42 0 U -1
43 0 L -1
44 1 U 6
45 0 L 22
46 1 L 43
47 0 L 41
48 0 U 36
49 1 U 41
50 1 U 33
51 1 U -1
52 1 U -1
53 0 U 50
54 0 L 48
55 0 U 33
56 0 U 7
57 1 L 41
58 0 U 56
59 1 L 49
60 1 L 16
61 1 U 19
62 0 L 15
63 1 U 34
64 1 L 4
65 0 U 63
66 1 L 57
67 0 L 37
68 1 L 40
69 0 U 22
70 1 L 61
71 1 L -1
72
0 1 U -1
1 0 U -1
2 1 U -1
3 0 L 1
4 1 L -1
5 1 U -1
6 1 U 4
7 0 U 0
8 0 L -1
9 1 L -1
10 0 L -1
11 1 L 2
12 1 L 10
13 0 U 7
14 1 U -1
15 0 U -1
16 0 U -1
17 0 U 7
18 1 U 16
19 0 L 3
20 0 L 11
21 1 L 6
22 1 U 6
23 1 U 16
24 0 L 8
25 1 U -1
26 1 L 21
27 0 U 10
28 0 U 7
29 0 U 12
30 1 U 7
31 0 U 18
32 0 L 20
33 0 U 28
34 0 U 31
35 1 L -1
36 1 U 25
37 0 L 8
38 1 L 19
39 0 U 16
40 0 L 21
41 1 U 29
42 0 U -1
43 0 L -1
44 1 U 6
45 0 L 32
46 0 L 43
47 0 L 41
48 0 U 36
49 1 U 41
50 1 U 33
51 1 U -1
52 0 U -1
53 0 U 50
54 0 L 48
55 0 U 44
56 0 U 4
57 1 L 41
58 0 U 56
59 1 L 49
60 1 L 16
61 1 U 58
62 0 L 15
63 1 U 34
64 1 L 10
65 0 U 63
66 1 L 57
67 0 L 46
68 1 L 40
69 1 U 22
70 1 L 61
71 1 L -1
72
0 1 U -1
1 0 U -1
2 1 U -1
3 0 L 1
4 1 L -1
5 0 U -1
6 1 U 4
7 0 U 0
8 0 L -1
9 1 L -1
10 0 L -1
11 1 L 2
12 1 L 10
13 0 U 7
14 1 U -1
15 0 U -1
16 0 U -1
17 0 U 7
18 1 U 5
19 0 L 12
20 0 L 11
21 1 L 6
22 1 U 6
23 1 U 5
24 0 L 8
25 1 U -1
26 1 L 21
27 0 U 10
28 0 U 7
29 0 U 12
30 1 U 5
31 0 U 18
32 0 L 26
33 0 U 28
34 0 U 31
35 1 L -1
36 1 U 25
37 1 L 1
38 1 L 19
39 0 U 16
40 0 L 21
41 1 U 29
42 0 U -1
43 0 L -1
44 1 U 6
45 0 L 32
46 0 L 43
47 0 L 41
48 0 U 36
49 1 U 41
50 0 U 44
51 1 U -1
52 0 U -1
53 0 U 50
54 0 L 48
55 0 U 22
56 0 U 4
57 1 L 41
58 0 U 56
59 1 L 49
60 1 L 16
61 1 U 50
62 0 L 15
63 1 U 34
64 1 L 4
65 0 U 63
66 1 L 57
67 0 L 46
68 1 L 40
69 0 U 22
70 1 L 54
71 1 L -1
72
0 1 L -1
1 0 U -1
2 1 U -1
3 0 L 1
4 1 L -1
5 0 U -1
6 1 U 4
7 0 U 0
8 1 L -1
9 1 U -1
10 1 L -1
11 1 L 2
12 1 L 10
13 0 U 4
14 0 U -1
15 0 U -1
16 0 U -1
17 0 U 7
18 1 U 5
19 0 L 3
20 0 L 11
21 1 L 2
22 1 U 6
23 1 U 16
24 0 L 1
25 1 U -1
26 1 L 21
27 0 U 20
28 0 U 7
29 0 U 12
30 1 U 7
31 0 U 23
32 0 L 26
33 0 U 28
34 0 U 31
35 1 L -1
36 1 U 16
37 0 L 35
38 1 L 19
39 0 U 2
40 0 L 21
41 1 U 29
42 0 U -1
43 0 L -1
44 1 U 6
45 0 L 32
46 1 L 43
47 1 L 41
48 0 U 36
49 1 U 41
50 1 U 44
51 1 U -1
52 1 U -1
53 0 U 50
54 0 L 48
55 0 U 10
56 0 U 4
57 1 L 25
58 0 U 56
59 1 L 49
60 1 L 16
61 1 U 31
62 0 L 15
63 1 U 34
64 1 L 0
65 0 U 63
66 0 L 57
67 0 L 46
68 1 L 40
69 1 U 48
70 1 L 61
71 1 L -1
72
0 1 U -1
1 0 U -1
2 1 U -1
3 0 L 1
4 1 L -1
5 0 U -1
6 1 U 4
7 0 U 0
8 0 L -1
9 1 U -1
10 1 L -1
11 0 L 2
12 0 L 10
13 0 U 4
14 1 U -1
15 0 U -1
16 0 U -1
17 0 U 7
18 1 U 5
19 0 L 3
20 0 L 11
21 1 L 6
22 1 U 6
23 1 U 16
24 1 L 1
25 1 U -1
26 1 L 21
27 1 U 20
28 0 U 7
29 0 U 12
30 1 U 5
31 0 U 23
32 0 L 26
33 0 U 17
34 0 U 20
35 1 L -1
36 1 U 16
37 0 L 35
38 1 L 19
39 0 U 2
40 0 L 21
41 1 U 29
42 0 U -1
43 0 L -1
44 1 U 6
45 0 L 32
46 0 L 43
47 1 L 41
48 0 U 6
49 1 U 41
50 0 U 31
51 1 U -1
52 1 U -1
53 0 U 50
54 0 L 48
55 0 U 31
56 0 U 4
57 1 L 25
58 0 U 56
59 1 L 49
60 1 L 16
61 1 U 19
62 0 L 15
63 1 U 29
64 1 L 0
65 0 U 63
66 1 L 57
67 0 L 37
68 1 L 40
69 0 U 48
70 1 L 61
71 1 L -1
72
0 1 L -1
1 0 U -1
2 1 U -1
3 0 L 1
4 1 L -1
5 0 U -1
6 1 U 4
7 0 U 0
8 0 L -1
9 1 U -1
10 0 L -1
11 0 L 2
12 1 L 10
13 0 U 7
14 1 U -1
15 0 U -1
16 0 U -1
17 0 U 7
18 1 U 5
19 0 L 3
20 0 L 11
21 1 L 6
22 1 U 6
23 1 U 16
24 0 L 8
25 1 U -1
26 1 L 21
27 1 U 20
28 0 U 7
29 1 U 12
30 1 U 4
31 0 U 23
32 0 L 26
33 0 U 17
34 0 U 19
35 1 L -1
36 1 U 25
37 0 L 8
38 1 L 19
39 0 U 5
40 0 L 21
41 0 U 29
42 0 U -1
43 0 L -1
44 1 U 36
45 1 L 18
46 1 L 1
47 1 L 41
48 0 U 6
49 1 U 41
50 1 U 31
51 1 U -1
52 0 U -1
53 0 U 50
54 0 L 48
55 0 U 19
56 0 U 4
57 1 L 25
58 0 U 10
59 1 L 29
60 1 L 16
61 1 U 44
62 0 L 15
63 1 U 50
64 1 L 4
65 0 U 35
66 1 L 57
67 0 L 37
68 1 L 40
69 1 U 22
70 1 L 39
71 1 L -1
72
0 1 L -1
1 0 U -1
2 1 U -1
3 0 L 1
4 1 L -1
5 0 U -1
6 1 U 4
7 0 U 0
8 0 L -1
9 1 U -1
10 1 L -1
11 0 L 2
12 1 L 10
13 0 U 4
14 1 U -1
15 0 U -1
16 0 U -1
17 0 U 7
18 1 U 5
19 0 L 3
20 0 L 11
21 1 L 2
22 1 U 10
23 1 U 16
24 0 L 8
25 1 U -1
26 1 L 21
27 1 U 20
28 0 U 7
29 1 U 12
30 1 U 4
31 0 U 23
32 0 L 26
33 1 U 17
34 0 U 19
35 1 L -1
36 0 U 2
37 1 L 8
38 1 L 6
39 0 U 2
40 0 L 21
41 1 U 29
42 0 U -1
43 0 L -1
44 1 U 36
45 1 L 32
46 0 L 1
47 0 L 41
48 0 U 10
49 1 U 41
50 1 U 31
51 1 U -1
52 0 U -1
53 0 U 50
54 0 L 48
55 0 U 19
56 0 U 4
57 1 L 25
58 0 U 10
59 1 L 29
60 1 L 16
61 1 U 31
62 0 L 15
63 1 U 50
64 1 L 4
65 0 U 35
66 1 L 57
67 0 L 12
68 1 L 40
69 0 U 22
70 1 L 39
71 1 L -1
72
0 1 U -1
1 0 U -1
2 1 U -1
3 0 L 1
4 1 L -1
5 0 U -1
6 1 U 4
7 0 U 0
8 0 L -1
9 1 U -1
10 0 L -1
11 0 L 2
12 1 L 10
13 0 U 4
14 1 U -1
15 0 U -1
16 0 U -1
17 0 U 7
18 1 U 5
19 0 L 12
20 0 L 11
21 1 L 2
22 1 U 10
23 1 U 16
24 0 L 8
25 1 U -1
26 1 L 21
27 0 U 20
28 0 U 7
29 1 U 12
30 1 U 7
31 0 U 23
32 0 L 26
33 1 U 28
34 0 U 19
35 1 L -1
36 0 U 2
37 0 L 35
38 1 L 24
39 0 U 5
40 0 L 21
41 0 U 29
42 0 U -1
43 0 L -1
44 1 U 36
45 1 L 32
46 0 L 8
47 1 L 41
48 0 U 10
49 1 U 42
50 0 U 31
51 1 U -1
52 0 U -1
53 0 U 50
54 0 L 48
55 0 U 19
56 0 U 52
57 1 L 25
58 0 U 10
59 1 L 29
60 1 L 16
61 1 U 50
62 0 L 15
63 1 U 50
64 1 L 10
65 0 U 35
66 1 L 57
67 0 L 12
68 1 L 40
69 0 U 22
70 1 L 39
71 1 L -1
72
0 1 U -1
1 0 U -1
2 1 U -1
3 0 L 1
4 1 L -1
5 0 U -1
6 1 U 4
7 0 U 0
8 0 L -1
9 1 U -1
10 1 L -1
11 0 L 2
12 1 L 10
13 0 U 4
14 1 U -1
15 0 U -1
16 0 U -1
17 0 U 7
18 1 U 5
19 0 L -1
20 0 L 11
21 1 L 2
22 1 U 10
23 1 U 16
24 0 L 8
25 1 U -1
26 1 L 21
27 0 U 19
28 0 U 5
29 1 U 12
30 1 U 25
31 0 U 23
32 0 L 26
33 1 U 28
34 0 U 20
35 1 L -1
36 0 U 15
37 0 L 35
38 1 L 2
39 0 U 5
40 0 L 5
41 1 U 29
42 0 U -1
43 0 L -1
44 1 U 10
45 0 L 32
46 1 L 1
47 0 L 41
48 0 U 6
49 1 U 42
50 0 U 31
51 1 U -1
52 0 U -1
53 0 U 50
54 0 L 48
55 0 U 20
56 0 U 15
57 1 L 25
58 0 U 10
59 1 L 29
60 1 L 16
61 1 U 50
62 0 L 45
63 0 U 50
64 1 L 4
65 0 U 37
66 1 L 57
67 0 L 12
68 1 L 40
69 0 U 58
70 1 L 39
71 1 L -1
72
0 1 L -1
1 0 U -1
2 1 U -1
3 0 L 1
4 1 L -1
5 0 U -1
6 1 U 4
7 0 U 0
8 0 L -1
9 1 U -1
10 1 L -1
11 0 L 2
12 1 L 10
13 0 U 4
14 1 U -1
15 0 U -1
16 0 U -1
17 0 U 7
18 1 U 16
19 0 L -1
20 0 L 11
21 1 L 2
22 1 U 10
23 1 U 16
24 0 L 8
25 1 U -1
26 1 L 21
27 1 U 19
28 0 U 7
29 0 U 12
30 1 U 25
31 0 U 23
32 0 L 26
33 0 U 28
34 0 U 20
35 1 L -1
36 0 U 15
37 0 L 35
38 1 L 2
39 0 U 25
40 0 L 5
41 0 U 29
42 0 U -1
43 0 L -1
44 1 U 6
45 0 L 32
46 1 L 1
47 0 L 41
48 0 U 6
49 1 U 45
50 0 U 31
51 1 U -1
52 0 U -1
53 0 U 50
54 0 L 48
55 0 U 19
56 0 U 16
57 1 L 25
58 0 U 10
59 1 L 29
60 1 L 16
61 1 U 34
62 0 L 15
63 1 U 50
64 1 L 4
65 0 U 37
66 1 L 57
67 0 L 12
68 1 L 40
69 0 U 44
70 1 L 61
71 1 L -1
72
0 1 U -1
1 0 U -1
2 1 U -1
3 0 L 1
4 1 L -1
5 0 U -1
6 1 U 4
7 0 U 0
8 0 L -1
9 1 U -1
10 1 L -1
11 0 L 2
12 1 L 10
13 0 U 4
14 1 U -1
15 0 U -1
16 0 U -1
17 0 U 7
18 1 U 16
19 0 L -1
20 0 L 11
21 1 L 6
22 1 U 10
23 1 U 16
24 0 L 8
25 1 U -1
26 1 L 21
27 0 U 19
28 0 U 7
29 0 U 12
30 1 U 7
31 0 U 23
32 0 L 26
33 1 U 28
34 0 U 33
35 1 L -1
36 0 U 15
37 0 L 1
38 1 L 6
39 0 U 25
40 0 L 5
41 1 U 29
42 0 U -1
43 0 L -1
44 1 U 6
45 1 L 32
46 0 L 1
47 0 L 41
48 0 U 36
49 1 U 41
50 0 U 31
51 1 U -1
52 0 U -1
53 0 U 50
54 0 L 48
55 0 U 19
56 0 U 15
57 1 L 25
58 0 U 39
59 1 L 16
60 1 L 16
61 1 U 34
62 0 L 15
63 1 U 50
64 1 L 4
65 0 U 37
66 1 L 57
67 0 L 3
68 1 L 40
69 0 U 44
70 1 L 61
71 1 L -1
72
0 1 L -1
1 0 U -1
2 1 U -1
3 0 L 1
4 0 L -1
5 0 U -1
6 1 U 4
7 0 U 0
8 0 L -1
9 1 U -1
10 0 L -1
11 0 L 2
12 1 L 10
13 0 U 7
14 1 U -1
15 0 U -1
16 0 U -1
17 0 U 7
18 1 U 5
19 0 L -1
20 0 L 9
21 1 L 2
22 1 U 10
23 1 U 16
24 0 L 8
25 1 U -1
26 1 L 21
27 1 U 19
28 0 U 7
29 1 U 12
30 1 U 25
31 0 U 23
32 0 L 26
33 0 U 28
34 0 U 31
35 1 L -1
36 0 U 2
37 0 L 35
38 1 L 6
39 0 U 25
40 0 L 6
41 1 U 29
42 0 U -1
43 0 L -1
44 1 U 6
45 1 L 32
46 0 L 43
47 1 L 41
48 0 U 10
49 1 U 41
50 0 U 31
51 1 U -1
52 0 U -1
53 0 U 50
54 0 L 48
55 0 U 33
56 0 U 15
57 1 L 25
58 0 U 39
59 1 L 16
60 1 L 16
61 1 U 58
62 0 L 15
63 1 U 50
64 1 L 19
65 0 U 37
66 1 L 57
67 1 L 64
68 1 L 26
69 0 U 33
70 1 L 39
71 1 L -1
72
0 1 U -1
1 0 U -1
2 1 U -1
3 0 L 1
4 1 L -1
5 0 U -1
6 1 U 5
7 0 U 0
8 0 L -1
9 1 U -1
10 0 L -1
11 0 L 2
12 1 L 10
13 0 U 4
14 1 U -1
15 0 U -1
16 0 U -1
17 0 U 7
18 1 U 5
19 0 L -1
20 0 L 11
21 1 L 2
22 1 U 10
23 1 U 16
24 0 L 8
25 1 U -1
26 1 L 21
27 1 U 19
28 0 U 7
29 0 U 12
30 1 U 5
31 0 U 23
32 0 L 26
33 1 U 28
34 0 U 19
35 1 L -1
36 0 U 15
37 0 L 35
38 1 L 6
39 0 U 25
40 0 L 24
41 0 U 29
42 0 U -1
43 0 L -1
44 1 U 10
45 0 L 32
46 0 L 43
47 0 L 25
48 0 U 10
49 1 U 41
50 0 U 31
51 1 U -1
52 0 U -1
53 0 U 50
54 0 L 48
55 0 U 44
56 0 U 52
57 1 L 25
58 0 U 39
59 1 L 29
60 1 L 16
61 1 U 58
62 0 L 15
63 1 U 61
64 1 L 19
65 0 U 35
66 1 L 57
67 1 L 64
68 1 L 7
69 0 U 58
70 1 L 54
71 1 L -1
72
0 1 L -1
1 0 U -1
2 1 U -1
3 0 L 1
4 1 L -1
5 0 U -1
6 1 U 4
7 0 U 0
8 0 L -1
9 1 U -1
10 0 L -1
11 0 L 2
12 1 L 10
13 0 U 4
14 1 U -1
15 0 U -1
16 0 U -1
17 0 U 7
18 1 U 5
19 0 L -1
20 0 L 11
21 1 L 2
22 1 U 6
23 1 U 16
24 0 L 8
25 1 U -1
26 1 L 21
27 1 U 19
28 0 U 7
29 0 U 12
30 1 U 5
31 0 U 23
32 0 L 26
33 0 U 28
34 0 U 19
35 1 L -1
36 0 U 15
37 0 L 35
38 1 L 2
39 0 U 7
40 0 L 24
41 1 U 29
42 0 U -1
43 0 L -1
44 1 U 6
45 1 L 32
46 0 L 35
47 1 L 41
48 0 U 10
49 1 U 41
50 1 U 33
51 1 U -1
52 0 U -1
53 0 U 50
54 0 L 48
55 0 U 31
56 0 U 2
57 1 L 41
58 0 U 39
59 1 L 29
60 1 L 16
61 1 U 58
62 0 L 49
63 0 U 61
64 1 L 19
65 0 U 35
66 1 L 57
67 1 L 64
68 1 L 26
69 0 U 58
70 1 L 54
71 1 L -1
72
0 1 U -1
1 0 U -1
2 1 U -1
3 0 L 1
4 1 L -1
5 0 U -1
6 1 U 4
7 0 U 0
8 0 L -1
9 1 U -1
10 0 L -1
11 0 L 2
12 1 L 10
13 0 U 4
14 1 U -1
15 0 U -1
16 0 U -1
17 0 U 4
18 1 U 5
19 0 L -1
20 0 L 11
21 1 L 2
22 1 U 6
23 1 U 5
24 0 L 8
25 1 U -1
26 1 L 21
27 0 U 19
28 0 U 7
29 0 U 12
30 1 U 5
31 0 U 23
32 0 L 26
33 0 U 28
34 0 U 19
35 1 L -1
36 0 U 15
37 0 L 35
38 1 L 2
39 0 U 5
40 0 L 24
41 1 U 29
42 0 U -1
43 0 L -1
44 1 U 6
45 1 L 32
46 0 L 35
47 1 L 41
48 0 U 10
49 1 U 41
50 1 U 33
51 1 U -1
52 0 U -1
53 0 U 50
54 0 L 48
55 0 U 19
56 0 U 5
57 1 L 41
58 0 U 39
59 1 L 29
60 1 L 16
61 1 U 58
62 0 L 49
63 1 U 61
64 1 L 19
65 0 U 35
66 1 L 57
67 1 L 64
68 1 L 26
69 1 U 22
70 1 L 54
71 1 L -1
72
0 1 L -1
1 0 U -1
2 1 U -1
3 0 L 1
4 1 L -1
5 0 U -1
6 1 U 4
7 0 U 0
8 0 L -1
9 1 U -1
10 0 L -1
11 0 L 2
12 1 L 10
13 0 U 4
14 1 U -1
15 0 U -1
16 0 U -1
17 0 U 4
18 1 U 5
19 0 L -1
20 0 L 11
21 1 L 2
22 1 U 6
23 1 U 5
24 0 L 8
25 1 U -1
26 1 L 21
27 1 U 19
28 0 U 7
29 0 U 12
30 1 U 5
31 0 U 23
32 0 L 26
33 0 U 28
34 0 U 19
35 1 L -1
36 0 U 2
37 0 L 8
38 1 L 2
39 0 U 5
40 0 L 2
41 1 U 29
42 0 U -1
43 0 L -1
44 1 U 6
45 1 L 32
46 0 L 35
47 0 L 41
48 0 U 6
49 1 U 41
50 0 U 33
51 1 U -1
52 0 U -1
53 0 U 50
54 0 L 48
55 0 U 48
56 0 U 5
57 1 L 41
58 0 U 18
59 1 L 29
60 1 L 16
61 1 U 50
62 0 L 49
63 1 U 34
64 1 L 19
65 0 U 35
66 1 L 57
67 1 L 64
68 1 L 26
69 0 U 48
70 1 L 54
71 1 L -1
72
0 1 L -1
1 0 U -1
2 1 U -1
3 0 L 1
4 1 L -1
5 0 U -1
6 1 U 4
7 0 U 0
8 0 L -1
9 1 U -1
10 0 L -1
11 0 L 2
12 1 L 10
13 0 U 4
14 1 U -1
15 0 U -1
16 0 U -1
17 0 U 4
18 1 U 5
19 0 L -1
20 0 L 11
21 1 L 2
22 1 U 6
23 1 U 5
24 0 L 8
25 1 U -1
26 1 L 21
27 1 U 19
28 0 U 25
29 0 U 12
30 1 U 5
31 0 U 23
32 0 L 26
33 1 U 28
34 0 U 19
35 1 L -1
36 0 U 2
37 0 L 1
38 1 L 2
39 0 U 5
40 0 L 5
41 1 U 29
42 0 U -1
43 0 L -1
44 1 U 6
45 1 L 32
46 0 L 8
47 0 L 41
48 0 U 10
49 1 U 41
50 1 U 48
51 1 U -1
52 0 U -1
53 0 U 50
54 0 L 48
55 0 U 48
56 0 U 2
57 1 L 41
58 0 U 23
59 1 L 29
60 1 L 16
61 1 U 50
62 0 L 15
63 1 U 34
64 1 L 19
65 0 U 35
66 1 L 57
67 1 L 64
68 1 L 26
69 0 U 22
70 1 L 61
71 1 L -1
72
0 1 U -1
1 0 U -1
2 1 U -1
3 0 L 1
4 0 L -1
5 0 U -1
6 1 U 4
7 0 U 0
8 0 L -1
9 1 U -1
10 1 L -1
11 0 L 2
12 1 L 10
13 0 U 4
14 1 U -1
15 0 U -1
16 0 U -1
17 0 U 4
18 1 U 16
19 0 L -1
20 0 L 11
21 1 L 2
22 1 U 10
23 1 U 16
24 0 L 8
25 1 U -1
26 1 L 21
27 0 U 19
28 0 U 7
29 0 U 12
30 1 U 5
31 0 U 23
32 0 L 26
33 1 U 28
34 0 U 31
35 1 L -1
36 0 U 2
37 0 L 1
38 1 L 24
39 0 U 2
40 0 L 5
41 1 U 29
42 0 U -1
43 0 L -1
44 1 U 6
45 0 L 22
46 0 L 8
47 0 L 41
48 0 U 10
49 1 U 42
50 0 U 44
51 1 U -1
52 0 U -1
53 0 U 50
54 0 L 48
55 0 U 48
56 0 U 2
57 1 L 41
58 0 U 23
59 1 L 29
60 1 L 16
61 1 U 50
62 0 L 15
63 0 U 34
64 1 L 19
65 0 U 35
66 1 L 57
67 1 L 64
68 1 L 26
69 0 U 33
70 1 L 54
71 1 L -1
72
0 1 U -1
1 0 U -1
2 1 U -1
3 0 L 1
4 1 L -1
5 0 U -1
6 1 U 5
7 0 U 0
8 0 L -1
9 1 U -1
10 0 L -1
11 0 L 2
12 1 L 10
13 0 U 7
14 1 U -1
15 0 U -1
16 0 U -1
17 0 U 4
18 1 U 5
19 0 L -1
20 0 L 11
21 1 L 2
22 1 U 18
23 1 U 16
24 0 L 1
25 1 U -1
26 1 L 21
27 1 U 20
28 0 U 25
29 0 U 12
30 1 U 25
31 0 U 23
32 0 L 26
33 0 U 28
34 0 U 31
35 1 L -1
36 0 U 2
37 0 L 1
38 1 L 2
39 0 U 2
40 0 L 2
41 1 U 29
42 0 U -1
43 0 L -1
44 1 U 36
45 0 L 22
46 0 L 1
47 1 L 41
48 0 U 10
49 1 U 42
50 1 U 48
51 1 U -1
52 0 U -1
53 0 U 50
54 0 L 48
55 0 U 48
56 0 U 5
57 1 L 41
58 0 U 10
59 1 L 29
60 1 L 16
61 1 U 55
62 0 L 15
63 1 U 34
64 1 L 19
65 0 U 35
66 1 L 57
67 1 L 64
68 1 L 26
69 1 U 33
70 1 L 54
71 1 L -1
72
0 1 L -1
1 0 U -1
2 1 U -1
3 0 L 1
4 1 L -1
5 0 U -1
6 1 U 5
7 0 U 0
8 0 L -1
9 1 U -1
10 0 L -1
11 0 L 2
12 1 L 10
13 0 U 7
14 1 U -1
15 0 U -1
16 0 U -1
17 0 U 7
18 1 U 5
19 0 L -1
20 0 L 11
21 1 L 6
22 1 U 18
23 1 U 16
24 0 L 1
25 1 U -1
26 1 L 21
27 1 U 20
28 0 U 5
29 0 U 12
30 1 U 25
31 0 U 6
32 0 L 26
33 0 U 28
34 0 U 19
35 1 L -1
36 0 U 2
37 0 L 35
38 1 L 2
39 0 U 25
40 0 L 6
41 1 U 29
42 0 U -1
43 0 L -1
44 1 U 36
45 0 L 18
46 0 L 43
47 0 L 41
48 0 U 10
49 1 U 42
50 0 U 48
51 1 U -1
52 0 U -1
53 0 U 50
54 0 L 48
55 0 U 48
56 0 U 5
57 1 L 41
58 0 U 10
59 1 L 29
60 1 L 16
61 1 U 55
62 0 L 15
63 1 U 29
64 1 L 19
65 0 U 35
66 1 L 57
67 1 L 64
68 1 L 26
69 0 U 44
70 1 L 54
71 1 L -1
72
0 1 U -1
1 0 U -1
2 1 U -1
3 0 L 1
4 1 L -1
5 0 U -1
6 1 U 5
7 0 U 0
8 0 L -1
9 1 U -1
10 1 L -1
11 0 L 2
12 1 L 10
13 0 U 7
14 1 U -1
15 0 U -1
16 0 U -1
17 0 U 4
18 1 U 5
19 0 L -1
20 0 L 11
21 1 L 6
22 1 U 18
23 1 U 16
24 0 L 1
25 1 U -1
26 1 L 21
27 1 U 20
28 0 U 7
29 0 U 12
30 1 U 25
31 0 U 6
32 0 L 26
33 0 U 28
34 0 U 31
35 1 L -1
36 0 U 2
37 0 L 35
38 1 L 2
39 0 U 16
40 0 L 2
41 1 U 29
42 0 U -1
43 0 L -1
44 1 U 36
45 1 L 18
46 0 L 1
47 0 L 41
48 0 U 10
49 1 U 42
50 1 U 48
51 1 U -1
52 0 U -1
53 0 U 50
54 0 L 48
55 0 U 33
56 0 U 4
57 1 L 41
58 0 U 10
59 1 L 29
60 1 L 16
61 1 U 55
62 0 L 15
63 1 U 29
64 1 L 19
65 0 U 35
66 1 L 57
67 1 L 64
68 1 L 26
69 0 U 48
70 1 L 55
71 1 L -1
72
0 1 U -1
1 0 U -1
2 1 U -1
3 0 L 1
4 0 L -1
5 0 U -1
6 1 U 5
7 0 U 0
8 0 L -1
9 1 U -1
10 1 L -1
11 0 L 2
12 1 L 10
13 0 U 7
14 1 U -1
15 0 U -1
16 0 U -1
17 0 U 4
18 1 U 5
19 0 L -1
20 0 L 11
21 1 L 6
22 1 U 18
23 1 U 16
24 0 L 1
25 1 U -1
26 1 L 21
27 1 U 20
28 0 U 7
29 0 U 12
30 1 U 5
31 0 U 23
32 0 L 26
33 1 U 28
34 0 U 31
35 1 L -1
36 0 U 5
37 0 L 35
38 1 L 2
39 0 U 5
40 0 L 5
41 1 U 29
42 0 U -1
43 0 L -1
44 1 U 36
45 1 L 18
46 1 L 1
47 0 L 41
48 0 U 10
49 0 U 42
50 0 U 31
51 1 U -1
52 0 U -1
53 0 U 50
54 0 L 48
55 0 U 33
56 0 U 52
57 1 L 41
58 0 U 10
59 1 L 29
60 1 L 16
61 1 U 55
62 0 L 15
63 1 U 29
64 1 L 19
65 0 U 35
66 1 L 57
67 0 L 64
68 1 L 26
69 1 U 48
70 1 L 61
71 1 L -1
72
0 1 U -1
1 0 U -1
2 1 U -1
3 0 L 1
4 0 L -1
5 0 U -1
6 1 U 5
7 0 U 0
8 0 L -1
9 1 U -1
10 1 L -1
11 0 L 2
12 1 L 10
13 0 U 4
14 1 U -1
15 0 U -1
16 0 U -1
17 0 U 4
18 1 U 5
19 0 L -1
20 0 L 11
21 1 L 6
22 1 U 18
23 1 U 16
24 0 L 8
25 1 U -1
26 1 L 21
27 1 U 20
28 0 U 7
29 0 U 12
30 1 U 5
31 0 U 23
32 0 L 26
33 1 U 28
34 0 U 31
35 1 L -1
36 0 U 5
37 1 L 8
38 1 L 24
39 0 U 25
40 0 L 5
41 1 U 29
42 0 U -1
43 0 L -1
44 1 U 36
45 1 L 32
46 0 L 35
47 0 L 41
48 0 U 10
49 1 U 42
50 1 U 33
51 1 U -1
52 0 U -1
53 0 U 50
54 0 L 48
55 0 U 33
56 0 U 16
57 1 L 41
58 0 U 36
59 1 L 29
60 1 L 16
61 1 U 55
62 0 L 15
63 1 U 29
64 1 L 19
65 0 U 35
66 1 L 57
67 0 L 64
68 1 L 40
69 0 U 48
70 1 L 39
71 1 L -1
72
0 1 L -1
1 0 U -1
2 1 U -1
3 0 L 1
4 0 L -1
5 0 U -1
6 1 U 5
7 0 U 0
8 0 L -1
9 1 U -1
10 0 L -1
11 0 L 2
12 1 L 10
13 0 U 4
14 1 U -1
15 0 U -1
16 0 U -1
17 0 U 7
18 1 U 5
19 0 L -1
20 0 L 11
21 1 L 6
22 1 U 10
23 1 U 16
24 0 L 1
25 1 U -1
26 1 L 21
27 1 U 20
28 0 U 7
29 0 U 19
30 1 U 25
31 0 U 23
32 0 L 26
33 0 U 28
34 0 U 31
35 1 L -1
36 0 U 5
37 1 L 1
38 1 L 24
39 0 U 7
40 0 L 5
41 0 U 29
42 0 U -1
43 0 L -1
44 1 U 36
45 1 L 32
46 0 L 1
47 0 L 41
48 0 U 10
49 0 U 42
50 0 U 33
51 1 U -1
52 0 U -1
53 0 U 50
54 0 L 48
55 0 U 44
56 0 U 2
57 1 L 41
58 0 U 36
59 1 L 29
60 1 L 16
61 1 U 55
62 0 L 15
63 1 U 29
64 1 L 4
65 0 U 35
66 1 L 57
67 0 L 64
68 1 L 26
69 0 U 22
70 1 L 39
71 1 L -1
72
0 1 U -1
1 0 U -1
2 1 U -1
3 0 L 1
4 0 L -1
5 0 U -1
6 1 U 5
7 0 U 0
8 0 L -1
9 1 U -1
10 0 L -1
11 0 L 2
12 1 L 10
13 0 U 4
14 1 U -1
15 0 U -1
16 0 U -1
17 0 U 7
18 1 U 5
19 0 L -1
20 0 L 11
21 1 L 6
22 1 U 10
23 1 U 16
24 0 L 1
25 1 U -1
26 1 L 21
27 1 U 20
28 0 U 7
29 0 U 19
30 1 U 5
31 0 U 6
32 0 L 26
33 1 U 28
34 0 U 31
35 1 L -1
36 0 U 25
37 0 L 35
38 1 L 24
39 0 U 7
40 0 L 5
41 0 U 29
42 0 U -1
43 0 L -1
44 1 U 36
45 0 L 18
46 0 L 8
47 0 L 41
48 0 U 10
49 1 U 42
50 0 U 33
51 1 U -1
52 0 U -1
53 0 U 50
54 0 L 48
55 0 U 31
56 0 U 7
57 1 L 41
58 0 U 36
59 1 L 29
60 1 L 16
61 1 U 55
62 0 L 15
63 1 U 29
64 1 L 4
65 0 U 63
66 1 L 57
67 0 L 64
68 1 L 26
69 0 U 31
70 1 L 39
71 1 L -1
72
0 1 U -1
1 0 U -1
2 1 U -1
3 0 L 1
4 0 L -1
5 0 U -1
6 1 U 5
7 0 U 0
8 0 L -1
9 1 U -1
10 0 L -1
11 0 L 2
12 1 L 10
13 0 U 4
14 1 U -1
15 0 U -1
16 0 U -1
17 0 U 7
18 1 U 5
19 0 L -1
20 0 L 11
21 1 L 2
22 1 U 10
23 1 U 16
24 0 L 1
25 1 U -1
26 1 L 21
27 1 U 20
28 0 U 7
29 1 U 19
30 1 U 5
31 0 U 6
32 0 L 26
33 1 U 28
34 0 U 20
35 1 L -1
36 0 U 2
37 0 L 35
38 1 L 6
39 0 U 7
40 0 L 5
41 1 U 29
42 0 U -1
43 0 L -1
44 1 U 36
45 0 L 32
46 0 L 8
47 0 L 41
48 0 U 10
49 1 U 42
50 1 U 33
51 1 U -1
52 0 U -1
53 0 U 50
54 0 L 48
55 0 U 31
56 0 U 16
57 1 L 41
58 0 U 39
59 1 L 29
60 1 L 16
61 1 U 55
62 0 L 15
63 1 U 29
64 1 L 4
65 0 U 63
66 1 L 57
67 0 L 3
68 1 L 26
69 0 U 31
70 1 L 39
71 1 L -1
72
0 1 U -1
1 0 U -1
2 1 U -1
3 0 L 1
4 0 L -1
5 0 U -1
6 1 U 5
7 0 U 0
8 0 L -1
9 1 U -1
10 0 L -1
11 0 L 2
12 1 L 10
13 0 U 4
14 1 U -1
15 0 U -1
16 0 U -1
17 0 U 4
18 1 U 5
19 0 L -1
20 0 L 11
21 1 L 2
22 1 U 18
23 1 U 16
24 0 L 8
25 1 U -1
26 1 L 21
27 0 U 19
28 0 U 7
29 1 U 19
30 1 U 7
31 0 U 6
32 0 L 26
33 0 U 28
34 0 U 20
35 1 L -1
36 0 U 2
37 0 L 35
38 1 L 6
39 0 U 7
40 0 L 5
41 1 U 29
42 0 U -1
43 0 L -1
44 1 U 10
45 1 L 18
46 1 L 35
47 0 L 41
48 0 U 10
49 1 U 42
50 1 U 33
51 1 U -1
52 0 U -1
53 0 U 50
54 0 L 48
55 0 U 31
56 0 U 2
57 1 L 41
58 0 U 39
59 1 L 29
60 1 L 16
61 1 U 55
62 0 L 15
63 1 U 29
64 1 L 4
65 0 U 63
66 1 L 57
67 0 L 3
68 1 L 26
69 0 U 31
70 1 L 39
71 1 L -1
72
0 1 L -1
1 0 U -1
2 1 U -1
3 0 L 1
4 0 L -1
5 0 U -1
6 1 U 5
7 0 U 0
8 0 L -1
9 1 U -1
10 0 L -1
11 0 L 2
12 1 L 10
13 0 U 7
14 1 U -1
15 0 U -1
16 0 U -1
17 0 U 4
18 1 U 5
19 0 L -1
20 0 L 11
21 1 L 2
22 1 U 18
23 1 U 16
24 0 L 8
25 1 U -1
26 1 L 21
27 0 U 19
28 0 U 7
29 1 U 19
30 1 U 7
31 0 U 6
32 0 L 26
33 0 U 28
34 0 U 20
35 1 L -1
36 0 U 25
37 1 L 8
38 1 L 6
39 0 U 2
40 0 L 5
41 1 U 29
42 0 U -1
43 0 L -1
44 1 U 10
45 0 L 22
46 0 L 35
47 0 L 41
48 0 U 10
49 1 U 42
50 1 U 33
51 1 U -1
52 0 U -1
53 0 U 50
54 0 L 48
55 0 U 44
56 0 U 15
57 1 L 41
58 0 U 39
59 1 L 29
60 1 L 16
61 1 U 55
62 0 L 15
63 1 U 34
64 1 L 10
65 0 U 63
66 1 L 57
67 0 L 3
68 1 L 26
69 1 U 22
70 1 L 39
71 1 L -1
72
0 1 U -1
1 0 U -1
2 1 U -1
3 0 L 1
4 0 L -1
5 0 U -1
6 1 U 5
7 0 U 0
8 0 L -1
9 1 U -1
10 0 L -1
11 0 L 2
12 1 L 10
13 0 U 7
14 1 U -1
15 0 U -1
16 0 U -1
17 0 U 7
18 1 U 5
19 0 L -1
20 0 L 11
21 1 L 2
22 1 U 10
23 1 U 16
24 0 L 8
25 1 U -1
26 1 L 21
27 0 U 19
28 0 U 7
29 1 U 19
30 1 U 5
31 0 U 6
32 0 L 26
33 1 U 28
34 0 U 20
35 1 L -1
36 0 U 25
37 1 L 8
38 1 L 2
39 0 U 16
40 0 L 5
41 1 U 29
42 0 U -1
43 0 L -1
44 1 U 10
45 1 L 18
46 0 L 35
47 0 L 41
48 0 U 10
49 1 U 42
50 1 U 33
51 1 U -1
52 0 U -1
53 0 U 50
54 0 L 48
55 0 U 48
56 0 U 15
57 1 L 41
58 0 U 39
59 1 L 29
60 1 L 16
61 1 U 55
62 0 L 15
63 1 U 34
64 1 L 10
65 0 U 63
66 1 L 57
67 0 L 3
68 1 L 40
69 1 U 22
70 1 L 39
71 1 L -1
72
0 1 L -1
1 0 U -1
2 1 U -1
3 0 L 1
4 0 L -1
5 0 U -1
6 1 U 5
7 0 U 0
8 0 L -1
9 1 U -1
10 0 L -1
11 0 L 2
12 1 L 10
13 0 U 7
14 1 U -1
15 0 U -1
16 0 U -1
17 0 U 4
18 1 U 5
19 0 L -1
20 0 L 11
21 1 L 2
22 1 U 10
23 1 U 5
24 0 L 8
25 1 U -1
26 1 L 21
27 0 U 19
28 0 U 7
29 1 U 19
30 1 U 7
31 0 U 18
32 0 L 26
33 0 U 28
34 0 U 20
35 1 L -1
36 0 U 5
37 1 L 8
38 1 L 24
39 0 U 25
40 0 L 5
41 1 U 29
42 0 U -1
43 0 L -1
44 1 U 10
45 0 L 18
46 0 L 35
47 0 L 41
48 0 U 10
49 1 U 41
50 0 U 48
51 1 U -1
52 0 U -1
53 0 U 50
54 0 L 48
55 0 U 44
56 0 U 52
57 1 L 41
58 0 U 36
59 1 L 29
60 1 L 16
61 1 U 50
62 0 L 15
63 1 U 34
64 1 L 4
65 0 U 63
66 1 L 57
67 0 L 3
68 1 L 40
69 1 U 58
70 1 L 39
71 1 L -1
72
0 1 L -1
1 0 U -1
2 1 U -1
3 0 L 1
4 0 L -1
5 0 U -1
6 1 U 5
7 0 U 0
8 0 L -1
9 1 U -1
10 0 L -1
11 0 L 2
12 1 L 10
13 0 U 7
14 1 U -1
15 0 U -1
16 0 U -1
17 0 U 4
18 1 U 5
19 0 L -1
20 0 L 11
21 1 L 2
22 1 U 18
23 1 U 16
24 0 L 1
25 1 U -1
26 1 L 21
27 0 U 19
28 0 U 7
29 1 U 19
30 1 U 7
31 0 U 18
32 0 L 26
33 0 U 28
34 0 U 20
35 1 L -1
36 0 U 15
37 1 L 1
38 1 L 24
39 0 U 5
40 0 L 5
41 1 U 29
42 0 U -1
43 0 L -1
44 1 U 10
45 0 L 18
46 0 L 35
47 0 L 41
48 0 U 10
49 1 U 41
50 1 U 48
51 1 U -1
52 0 U -1
53 0 U 50
54 0 L 48
55 0 U 48
56 0 U 52
57 1 L 25
58 0 U 39
59 1 L 29
60 1 L 16
61 1 U 50
62 0 L 15
63 1 U 29
64 1 L 4
65 0 U 63
66 1 L 57
67 0 L 3
68 1 L 40
69 0 U 58
70 1 L 39
71 1 L -1
72
0 1 L -1
1 0 U -1
2 1 U -1
3 0 L 1
4 0 L -1
5 0 U -1
6 1 U 5
7 0 U 0
8 0 L -1
9 1 U -1
10 0 L -1
11 0 L 2
12 1 L 10
13 0 U 4
14 1 U -1
15 0 U -1
16 0 U -1
17 0 U 4
18 1 U 5
19 0 L -1
20 0 L 11
21 1 L 2
22 1 U 18
23 1 U 5
24 0 L 8
25 1 U -1
26 1 L 21
27 0 U 19
28 0 U 7
29 1 U 19
30 1 U 25
31 0 U 18
32 0 L 26
33 0 U 28
34 0 U 20
35 1 L -1
36 0 U 15
37 0 L 1
38 1 L 6
39 0 U 25
40 0 L 5
41 1 U 29
42 0 U -1
43 0 L -1
44 1 U 36
45 1 L 18
46 0 L 35
47 0 L 41
48 0 U 10
49 1 U 41
50 0 U 33
51 1 U -1
52 0 U -1
53 0 U 50
54 0 L 48
55 0 U 48
56 0 U 25
57 1 L 25
58 0 U 23
59 1 L 29
60 1 L 16
61 1 U 55
62 0 L 15
63 1 U 34
64 1 L 4
65 0 U 63
66 1 L 57
67 0 L 3
68 1 L 40
69 1 U 58
70 1 L 61
71 1 L -1
72
0 1 U -1
1 0 U -1
2 1 U -1
3 0 L 1
4 0 L -1
5 0 U -1
6 1 U 5
7 0 U 0
8 0 L -1
9 1 U -1
10 0 L -1
11 0 L 2
12 1 L 10
13 0 U 4
14 1 U -1
15 0 U -1
16 0 U -1
17 0 U 4
18 1 U 5
19 0 L -1
20 0 L 11
21 1 L 2
22 1 U 18
23 1 U 5
24 0 L 8
25 1 U -1
26 1 L 21
27 0 U 19
28 0 U 7
29 1 U 19
30 1 U 25
31 0 U 18
32 0 L 26
33 0 U 28
34 0 U 33
35 1 L -1
36 0 U 15
37 1 L 35
38 1 L 6
39 0 U 25
40 0 L 5
41 1 U 29
42 0 U -1
43 0 L -1
44 1 U 36
45 0 L 18
46 0 L 35
47 0 L 41
48 0 U 10
49 1 U 41
50 1 U 33
51 1 U -1
52 0 U -1
53 0 U 50
54 0 L 48
55 0 U 48
56 0 U 15
57 1 L 25
58 0 U 36
59 1 L 29
60 1 L 16
61 1 U 55
62 0 L 15
63 1 U 34
64 1 L 4
65 0 U 63
66 1 L 57
67 0 L 3
68 1 L 40
69 1 U 58
70 1 L 61
71 1 L -1
