48
0 0 U -1
1 0 U -1
2 0 U -1
3 0 U -1
4 0 U -1
5 0 U -1
6 0 U -1
7 0 U -1
8 0 U -1
9 0 U -1
10 0 U -1
11 0 U -1
12 0 U -1
13 0 U -1
14 0 U -1
15 0 U -1
16 0 U -1
17 0 U -1
18 0 U -1
19 0 U -1
20 0 U -1
21 0 U -1
22 0 U -1
23 0 U -1
24 0 U -1
25 0 U -1
26 0 U -1
27 0 U -1
28 0 U -1
29 0 U -1
30 0 U -1
31 0 U -1
32 0 U -1
33 0 U -1
34 0 U -1
35 0 U -1
36 0 U -1
37 0 U -1
38 0 U -1
39 0 U -1
40 0 U -1
41 0 U -1
42 0 U -1
43 0 U -1
44 0 U -1
45 0 U -1
46 0 U -1
47 0 U -1
48
0 0 U -1
1 0 U -1
2 0 L -1
3 1 U -1
4 0 U 3
5 1 L -1
6 1 L 0
7 1 U 0
8 0 L -1
9 1 L 6
10 1 L 3
11 0 L 4
12 1 U -1
13 1 U 7
14 0 L 1
15 1 U 8
16 0 U -1
17 1 U -1
18 0 U 16
19 1 U 9
20 1 U -1
21 1 U 19
22 1 U 13
23 1 L -1
24 0 L 5
25 0 L 14
26 1 U 12
27 0 L -1
28 1 L 12
29 0 U -1
30 0 L 1
31 0 U 23
32 0 U 29
33 0 U 32
34 0 L 25
35 1 L 20
36 1 U 29
37 1 U 2
38 0 U 33
39 1 L 29
40 0 L 11
41 0 U 14
42 0 U 41
43 1 L 27
44 0 L 14
45 0 L 34
46 1 L 22
47 0 L 32
48
0 0 L -1
1 0 U -1
2 1 L -1
3 0 U -1
4 0 U 3
5 1 L 2
6 1 L 0
7 1 U -1
8 0 L -1
9 1 L 6
10 1 L 3
11 0 L 9
12 0 U -1
13 1 U 7
14 0 L 1
15 1 U 8
16 0 U -1
17 1 U -1
18 0 U 16
19 1 U 9
20 1 U -1
21 1 U 19
22 1 U 18
23 1 L -1
24 0 L -1
25 1 U 14
26 0 U 16
27 0 L -1
28 1 U 20
29 0 U -1
30 0 U 29
31 1 U 22
32 0 U 29
33 0 L 31
34 0 L 25
35 1 U 13
36 0 U 28
37 1 U 20
38 0 U 8
39 1 L 25
40 0 L 8
41 0 U 14
42 0 L 14
43 0 L 34
44 1 L 1
45 0 L 3
46 1 L 26
47 0 L 20
48
0 0 U -1
1 0 U -1
2 0 L -1
3 0 U -1
4 0 U 3
5 0 U 4
6 1 L 0
7 1 U 0
8 0 L -1
9 0 L 6
10 1 L 3
11 1 L 9
12 1 U -1
13 1 U 7
14 1 L 8
15 1 U 8
16 0 U -1
17 1 U -1
18 0 U 16
19 1 U 18
20 1 U -1
21 0 U 14
22 1 U 18
23 1 L -1
24 0 L -1
25 1 U 21
26 1 U 16
27 0 L -1
28 1 U 0
29 0 U -1
30 0 U 20
31 0 L 15
32 0 U 29
33 1 L 31
34 0 L 25
35 1 U 23
36 1 U 32
37 1 U 12
38 0 U 36
39 0 L 19
40 0 L 8
41 0 U 38
42 1 U 23
43 1 U 41
44 1 L 1
45 1 L 6
46 1 L 15
47 0 L 30
48
0 0 L -1
1 0 U -1
2 0 L -1
3 0 U -1
4 0 U 3
5 0 L 4
6 1 L 0
7 1 U 5
8 0 L -1
9 0 L 6
10 1 L 3
11 1 L 9
12 1 U -1
13 1 U 7
14 1 L 8
15 1 U 8
16 0 U -1
17 1 U -1
18 0 U 16
19 1 U 18
20 1 U -1
21 0 U 14
22 1 U 18
23 1 L -1
24 0 L -1
25 0 U 21
26 0 U 16
27 0 L -1
28 0 U 20
29 0 U 5
30 0 U 16
31 0 L 15
32 0 U 29
33 1 L 27
34 0 L 25
35 0 U 9
36 0 U -1
37 1 U 12
38 0 U 13
39 0 L 25
40 0 L 31
41 0 U 40
42 1 L 30
43 0 L 41
44 0 L 1
45 0 L 27
46 1 L 5
47 0 L 30
48
0 0 L -1
1 0 U -1
2 0 L -1
3 0 U -1
4 0 U 2
5 0 L 4
6 1 L 0
7 1 U 5
8 0 L -1
9 1 L 6
10 1 L 3
11 0 L 4
12 1 U -1
13 0 U 7
14 1 L 6
15 1 U 8
16 0 U -1
17 0 U -1
18 0 U 16
19 1 U 18
20 1 U -1
21 0 U 14
22 1 U 8
23 1 L -1
24 0 L -1
25 0 U 9
26 1 U 2
27 0 L -1
28 0 U 26
29 0 U 5
30 0 U 16
31 1 L 15
32 0 U 12
33 1 L 6
34 0 L 25
35 1 L 8
36 0 L 16
37 1 U 12
38 0 U 32
39 0 U 38
40 0 L 21
41 0 L 35
42 1 L 32
43 0 U 40
44 1 L 32
45 0 L 8
46 0 L 17
47 0 L 20
48
0 0 L -1
1 0 U -1
2 0 L -1
3 0 U -1
4 0 U 2
5 0 L 4
6 1 L 0
7 1 U 5
8 0 L -1
9 0 L 6
10 1 L 3
11 0 L 9
12 1 U -1
13 0 U 6
14 0 L 8
15 1 U 8
16 0 U -1
17 0 U 5
18 0 U 16
19 1 U 18
20 1 U -1
21 0 U 19
22 1 U 9
23 1 L -1
24 0 L -1
25 1 L 9
26 0 U 16
27 0 L -1
28 0 U 3
29 0 U 5
30 0 U 7
31 0 L 15
32 0 U 29
33 0 L 14
34 0 L 33
35 0 L 27
36 1 U 24
37 1 U 29
38 0 U 32
39 0 U 19
40 0 L 13
41 1 L 12
42 1 L 1
43 0 U 24
44 0 L 8
45 0 L 43
46 0 L 45
47 0 L 32
48
0 0 U -1
1 0 U -1
2 1 L -1
3 0 U -1
4 0 U 3
5 0 L 4
6 1 L 0
7 1 U 5
8 0 L -1
9 0 L 6
10 1 L 3
11 0 L 3
12 1 U -1
13 0 U 7
14 0 L 8
15 1 U 8
16 0 U -1
17 1 U -1
18 0 U 16
19 1 U 18
20 1 U -1
21 0 U 19
22 1 U 9
23 1 L -1
24 0 L -1
25 1 L 3
26 0 U 16
27 0 L -1
28 1 U 16
29 0 U 5
30 0 U 29
31 1 L 15
32 0 U 29
33 0 L 14
34 0 L 33
35 1 L 1
36 0 L 11
37 1 U 29
38 0 U 13
39 0 U 38
40 0 L 25
41 1 L 12
42 1 L 6
43 1 U 36
44 1 L 22
45 0 L 28
46 1 U 45
47 0 L 46
48
0 0 L -1
1 0 U -1
2 1 L -1
3 0 U -1
4 0 U 2
5 0 L 4
6 1 L 0
7 1 U 5
8 0 L -1
9 1 L 6
10 1 L 3
11 0 L 3
12 0 U -1
13 0 U 7
14 0 L 8
15 1 U 8
16 0 U -1
17 0 U -1
18 0 U 16
19 1 U 18
20 1 U -1
21 0 U 19
22 1 U 9
23 1 L -1
24 0 L -1
25 0 L 9
26 1 U 16
27 0 L -1
28 1 U 1
29 0 U 5
30 1 U 29
31 1 L 15
32 0 U 29
33 0 L 14
34 0 L 33
35 0 L 27
36 0 L 11
37 1 U 29
38 0 U 13
39 0 U 21
40 0 L 25
41 1 L 12
42 1 L 8
43 0 U 35
44 1 L 8
45 0 L 28
46 1 U 45
47 0 L 46
48
0 0 L -1
1 0 U -1
2 1 L -1
3 0 U -1
4 0 U 3
5 0 L 4
6 1 L 0
7 1 U 0
8 0 L -1
9 0 L 6
10 1 L 3
11 0 L 4
12 1 U 5
13 0 U 7
14 0 L 8
15 1 U 8
16 0 U -1
17 1 U -1
18 0 U 16
19 1 U 18
20 1 U -1
21 0 U 19
22 1 U 9
23 1 L -1
24 0 L -1
25 0 L 3
26 0 U 17
27 0 L -1
28 1 U 12
29 0 U 5
30 1 U 29
31 0 L 15
32 0 U 29
33 0 L 14
34 0 L 33
35 0 L 31
36 1 L 1
37 1 U 3
38 0 U 37
39 0 U 9
40 0 L 25
41 1 L 40
42 1 L 8
43 0 U 35
44 1 L 27
45 0 L 26
46 1 U 45
47 0 L 46
48
0 0 L -1
1 0 U -1
2 0 L -1
3 0 U -1
4 0 U 2
5 0 L 4
6 1 L 0
7 1 U 5
8 0 L -1
9 1 L 6
10 1 L 3
11 0 L 9
12 1 U 5
13 1 U 7
14 0 L 8
15 1 U 8
16 0 U -1
17 1 U -1
18 0 U 16
19 1 U 18
20 1 U -1
21 0 U 19
22 1 U 9
23 1 L -1
24 0 L -1
25 0 L 3
26 1 U 17
27 0 L -1
28 0 U 3
29 0 U -1
30 0 U 20
31 1 L 15
32 0 U 29
33 0 L 14
34 0 L 33
35 1 U 9
36 1 L 14
37 1 U 3
38 0 U 37
39 1 U 9
40 0 L 10
41 1 L 16
42 1 L 8
43 0 U 22
44 1 L 32
45 0 L 43
46 1 U 45
47 0 L 46
48
0 0 L -1
1 0 U -1
2 1 L -1
3 0 U -1
4 0 U 3
5 0 L 4
6 1 L 0
7 1 U 0
8 0 L -1
9 0 L 6
10 1 L 3
11 0 L 4
12 1 U 5
13 1 U 6
14 0 L 12
15 1 U 8
16 0 U -1
17 1 U -1
18 0 U 16
19 1 U 18
20 1 U -1
21 0 U 19
22 1 U 9
23 1 L -1
24 0 L -1
25 1 L 3
26 0 U 16
27 0 L -1
28 1 U 12
29 0 U -1
30 0 U 29
31 1 L 15
32 0 U 29
33 0 L 27
34 0 L 33
35 0 U 10
36 1 U 11
37 1 U 0
38 0 U 37
39 1 U 19
40 0 L 36
41 1 L 16
42 1 L 8
43 1 U 22
44 1 U 38
45 0 L 43
46 1 L 41
47 0 L 30
48
0 0 L -1
1 0 U -1
2 0 L -1
3 0 U -1
4 0 U 3
5 0 L 4
6 1 L 0
7 1 U 5
8 0 L -1
9 0 L 6
10 1 L 3
11 0 L 4
12 1 U 5
13 0 U 6
14 0 L 12
15 1 U 13
16 0 U -1
17 1 U -1
18 0 U 16
19 1 U 8
20 1 U -1
21 0 U 19
22 1 U 8
23 1 L -1
24 0 L -1
25 1 L 9
26 1 U 17
27 0 L -1
28 1 U 14
29 0 U -1
30 0 U 20
31 0 L 15
32 0 U 29
33 0 L 27
34 0 L 33
35 0 U 22
36 0 U 11
37 1 U 0
38 0 U 37
39 0 U 19
40 0 L 36
41 1 L 16
42 1 L 6
43 0 U 22
44 1 U 22
45 0 L 43
46 1 L 41
47 0 L 46
48
0 0 L -1
1 0 U -1
2 1 L -1
3 0 U -1
4 0 U 3
5 0 L 4
6 1 L 0
7 1 U 0
8 0 L -1
9 0 L 6
10 1 L 3
11 0 L 4
12 1 U 5
13 0 U 6
14 0 L 12
15 1 U 8
16 0 U -1
17 1 U -1
18 0 U 16
19 1 U 18
20 1 U 5
21 0 U 19
22 1 U 13
23 1 L -1
24 0 L -1
25 1 L 8
26 0 U 17
27 0 L -1
28 1 U 17
29 0 U -1
30 0 U 14
31 1 L 12
32 0 U 29
33 0 L 27
34 0 L 33
35 1 U 15
36 0 L 11
37 1 U 0
38 0 U 37
39 1 U 8
40 0 L 36
41 1 L 40
42 0 L 27
43 1 U 38
44 1 L 32
45 0 L 28
46 0 L 26
47 0 L 46
48
0 0 L -1
1 0 U -1
2 0 L -1
3 0 U -1
4 0 U 3
5 0 L 4
6 1 L 0
7 1 U 5
8 0 L -1
9 0 L 6
10 1 L 3
11 0 L 4
12 1 U 5
13 0 U 6
14 0 L 12
15 1 U 8
16 0 U -1
17 1 U -1
18 0 U 16
19 1 U 18
20 1 U 5
21 0 U 19
22 1 U 13
23 1 L -1
24 0 L -1
25 0 L 8
26 0 U 17
27 0 L -1
28 1 U 17
29 0 U -1
30 0 U 14
31 0 L 15
32 0 U 29
33 0 L 1
34 0 L 19
35 0 U 22
36 0 L 27
37 1 U 0
38 0 U 37
39 1 U 13
40 0 L 10
41 1 L 40
42 0 L 25
43 1 U 25
44 1 L 8
45 0 L 35
46 0 L 26
47 0 L 46
48
0 0 U -1
1 0 U -1
2 1 L -1
3 0 U -1
4 0 U 3
5 0 L 4
6 1 L 0
7 1 U 0
8 0 L -1
9 0 L 6
10 1 L 3
11 0 L 8
12 1 U 5
13 0 U 6
14 0 L 8
15 1 U 9
16 0 U -1
17 1 U -1
18 0 U 16
19 1 U 13
20 1 U -1
21 0 U 19
22 1 U 13
23 1 L -1
24 0 L -1
25 1 U 13
26 1 U 16
27 0 L -1
28 1 U -1
29 0 U -1
30 0 U 29
31 0 L 15
32 0 U 29
33 0 L 14
34 0 L 19
35 0 U 22
36 0 L 3
37 1 U 0
38 0 U 37
39 1 U 13
40 0 L 7
41 1 L 40
42 1 L 1
43 1 L 9
44 1 L 5
45 0 L 28
46 0 L 20
47 0 L 46
48
0 0 U -1
1 0 U -1
2 0 L -1
3 0 U -1
4 0 U 3
5 0 L 4
6 1 L 0
7 1 U 5
8 0 L -1
9 0 L 6
10 1 L 3
11 1 L 8
12 1 U 5
13 1 U 6
14 1 L 3
15 1 U 13
16 0 U -1
17 1 U -1
18 0 U 16
19 1 U 18
20 1 U -1
21 0 U 19
22 1 U 8
23 1 L -1
24 0 L -1
25 1 L 1
26 1 U 16
27 0 L -1
28 1 U 12
29 0 U -1
30 1 U 20
31 0 L 15
32 0 U 29
33 1 L 9
34 0 L 19
35 0 U 22
36 1 L 33
37 1 U 0
38 0 U 37
39 1 U 13
40 0 L 12
41 1 L 6
42 1 L 1
43 1 U 8
44 1 L 5
45 0 L 35
46 0 L 20
47 0 L 46
48
0 0 L -1
1 0 U -1
2 0 L -1
3 0 U -1
4 0 U 2
5 0 L 4
6 1 L 0
7 1 U 5
8 0 L -1
9 0 L 6
10 1 L 3
11 0 L 6
12 1 U 5
13 0 U 6
14 0 L 11
15 1 U 13
16 0 U -1
17 1 U -1
18 0 U 16
19 1 U 18
20 1 U -1
21 0 U 19
22 1 U 8
23 1 L -1
24 0 L -1
25 0 L 8
26 0 U 17
27 0 L -1
28 1 U 12
29 0 U -1
30 1 U 20
31 0 L 15
32 0 U 29
33 0 L 7
34 0 L 19
35 0 U 25
36 1 L 34
37 1 U 0
38 0 U 37
39 1 U 13
40 0 L 15
41 1 L 1
42 1 L 1
43 1 L 9
44 1 L 12
45 0 L 35
46 0 L 20
47 0 L 46
48
0 0 U -1
1 0 U -1
2 1 L -1
3 0 U -1
4 0 U 2
5 0 L 4
6 1 L 0
7 1 U 0
8 0 L -1
9 0 L 6
10 1 L 3
11 0 L 1
12 1 U 5
13 0 U 6
14 0 L 6
15 1 U 8
16 0 U -1
17 1 U -1
18 0 U 16
19 1 U 18
20 1 U -1
21 0 U 19
22 1 U 13
23 1 L -1
24 0 L 2
25 0 L 12
26 1 U 17
27 0 L -1
28 1 U 17
29 0 U -1
30 1 U 20
31 0 L 15
32 0 U 29
33 0 L 7
34 0 L 19
35 0 U 15
36 0 L 9
37 1 U 0
38 0 U 37
39 1 U 8
40 0 L 33
41 1 L 14
42 0 L 1
43 1 U 38
44 1 L 42
45 0 L 35
46 0 L 30
47 0 L 46
48
0 0 L -1
1 0 U -1
2 0 L -1
3 0 U -1
4 0 U 2
5 0 L 4
6 1 L 0
7 1 U 5
8 0 L -1
9 0 L 6
10 1 L 3
11 1 L 8
12 1 U 5
13 0 U 6
14 0 L 8
15 1 U 8
16 0 U -1
17 1 U -1
18 0 U 16
19 1 U 13
20 1 U -1
21 0 U 19
22 1 U 13
23 1 L -1
24 0 L -1
25 1 L 7
26 0 U 16
27 0 L -1
28 1 U 12
29 0 U -1
30 1 U 20
31 1 L 12
32 0 U 29
33 0 L 7
34 0 L 31
35 1 U 15
36 0 L 3
37 1 U 0
38 0 U 37
39 1 U 9
40 0 L 15
41 1 L 14
42 1 L 8
43 1 U 9
44 1 L 42
45 0 L 35
46 1 L 34
47 0 L 46
48
0 0 L -1
1 0 U -1
2 1 L -1
3 0 U -1
4 0 U 3
5 0 L 4
6 1 L 0
7 1 U 0
8 0 L -1
9 0 L 6
10 1 L 3
11 0 L 6
12 1 U 5
13 1 U 6
14 1 L 8
15 1 U 8
16 0 U -1
17 1 U -1
18 1 U 16
19 1 U 13
20 1 U -1
21 0 U 20
22 1 U 8
23 1 L -1
24 0 L -1
25 0 L 6
26 0 U 16
27 0 L -1
28 1 U 7
29 0 U -1
30 0 U 20
31 1 L 12
32 0 U 29
33 0 L 7
34 0 L 31
35 0 U 23
36 0 L 12
37 1 U 0
38 1 U 37
39 0 U 11
40 0 L 12
41 0 L 14
42 0 L 27
43 1 L 9
44 1 L 14
45 0 L 30
46 0 L 34
47 0 L 46
48
0 0 L -1
1 0 U -1
2 0 L -1
3 0 U -1
4 0 U 3
5 0 L 4
6 1 L 0
7 1 U 0
8 0 L -1
9 0 L 6
10 1 L 3
11 1 L 8
12 1 U 5
13 0 U 6
14 0 U 4
15 1 U 8
16 0 U -1
17 1 U -1
18 0 U 16
19 1 U 18
20 1 U -1
21 0 U 20
22 1 U 18
23 1 L -1
24 0 L -1
25 0 L 23
26 0 U 16
27 0 L -1
28 1 U 7
29 0 U -1
30 0 U 0
31 0 L 15
32 0 U 29
33 0 L 14
34 0 L 31
35 0 U 22
36 1 L 26
37 1 U 5
38 1 U 37
39 0 U 15
40 0 L 33
41 1 U 38
42 0 L 27
43 0 L 3
44 1 L 22
45 0 L 42
46 0 L 34
47 0 L 33
48
0 0 L -1
1 0 U -1
2 0 L -1
3 0 U -1
4 0 U 2
5 0 L 4
6 1 L 0
7 1 U 0
8 0 L -1
9 0 L 6
10 1 L 3
11 0 L 6
12 1 U 5
13 0 U 6
14 0 L 4
15 1 U 13
16 0 U -1
17 1 U -1
18 0 U 16
19 1 U 18
20 1 U -1
21 0 U 20
22 1 U 13
23 1 L -1
24 0 L -1
25 0 L 10
26 1 U 16
27 0 L -1
28 1 U 18
29 0 U -1
30 0 U 12
31 1 L 15
32 0 U 29
33 0 L 13
34 0 L 19
35 0 U 29
36 1 L 20
37 1 U 35
38 1 U 37
39 0 U 10
40 0 L 27
41 0 U 23
42 0 L 8
43 0 L 3
44 1 L 22
45 1 L 42
46 1 L 34
47 0 L 33
48
0 0 L -1
1 0 U -1
2 1 L -1
3 0 U -1
4 0 U 3
5 0 L 4
6 1 L 0
7 1 U 5
8 1 L -1
9 0 L 6
10 1 L 3
11 0 L 6
12 1 U 5
13 1 U 6
14 0 L 11
15 1 U 13
16 0 U -1
17 1 U -1
18 0 U 16
19 1 U 18
20 1 U -1
21 0 U 20
22 1 U 18
23 1 L -1
24 0 L -1
25 0 L 3
26 1 U 17
27 0 L -1
28 1 U 18
29 0 U -1
30 0 U 21
31 0 L 15
32 0 U 0
33 0 L 13
34 0 L 31
35 0 L 29
36 1 U 23
37 1 U 35
38 1 U 32
39 0 U 10
40 0 L 33
41 0 U 31
42 0 L 6
43 1 L 9
44 1 L 0
45 1 L 42
46 1 L 34
47 0 L 33
48
0 0 L -1
1 0 U -1
2 1 L -1
3 0 U -1
4 0 U 3
5 0 L 4
6 1 L 0
7 1 U 0
8 1 L 2
9 0 L 6
10 1 L 3
11 0 L 6
12 1 U 5
13 0 U 6
14 1 L 8
15 1 U 13
16 0 U -1
17 1 U -1
18 0 U 16
19 1 U 18
20 1 U -1
21 0 U 20
22 1 U 13
23 1 L -1
24 0 L -1
25 1 L 23
26 0 U 16
27 0 L -1
28 1 U 18
29 0 U -1
30 0 U 17
31 0 L 15
32 0 U 21
33 0 L 7
34 0 L 31
35 0 L 29
36 0 U 23
37 1 U 0
38 1 U 37
39 0 U 28
40 0 L 33
41 1 U 10
42 0 L 14
43 1 L 9
44 1 L 8
45 1 L 42
46 1 L 30
47 0 L 33
48
0 0 U -1
1 0 U -1
2 0 L -1
3 0 U -1
4 0 U 3
5 0 L 4
6 1 L 0
7 1 U 0
8 1 L -1
9 0 L 6
10 1 L 3
11 1 L 6
12 1 L 5
13 1 U 6
14 1 U 12
15 1 U 13
16 0 U -1
17 1 U -1
18 0 U 16
19 1 U 18
20 1 U -1
21 0 U 20
22 1 U 18
23 0 L -1
24 0 L -1
25 0 L 6
26 1 U 16
27 0 L -1
28 1 U 18
29 0 U -1
30 0 U 16
31 0 L 15
32 0 U 16
33 0 L 10
34 0 L 31
35 1 L 29
36 0 U 35
37 1 U 17
38 1 U 37
39 0 U 15
40 0 L 33
41 1 U 25
42 0 L 27
43 1 L 3
44 1 L 34
45 1 L 42
46 1 L 21
47 0 L 33
48
0 0 U -1
1 0 U -1
2 1 L -1
3 0 U -1
4 0 U 2
5 0 L 4
6 1 L 0
7 1 U 5
8 1 L 2
9 0 L 6
10 1 L 3
11 1 L 1
12 1 U 5
13 0 U 6
14 0 L -1
15 1 U 13
16 0 U -1
17 1 U -1
18 0 U 16
19 1 U 18
20 1 U -1
21 0 U 20
22 1 U 18
23 0 L -1
24 0 L -1
25 1 L 6
26 1 U 17
27 0 L -1
28 1 U 13
29 0 U 0
30 0 U 17
31 0 L 15
32 0 U 17
33 0 L 13
34 0 L 19
35 1 L 29
36 1 L 9
37 1 U 17
38 1 U 37
39 1 U 24
40 0 L 33
41 0 U 25
42 0 L 6
43 1 L 3
44 1 L 2
45 1 L 42
46 1 L 32
47 0 L 33
48
0 0 U -1
1 0 U -1
2 0 L -1
3 0 U -1
4 0 U 3
5 0 L 4
6 1 L 0
7 1 U 0
8 1 L -1
9 0 L 6
10 1 L 3
11 0 L 1
12 1 U 5
13 0 U 6
14 0 L 10
15 1 U 13
16 0 U -1
17 1 U -1
18 0 U 16
19 1 U 18
20 1 U -1
21 0 L 20
22 1 U 18
23 1 L -1
24 0 L -1
25 0 L 24
26 0 U 17
27 0 L -1
28 1 U 13
29 0 U 20
30 0 U 12
31 0 L 15
32 0 U 3
33 0 L 14
34 0 L 19
35 1 L 6
36 0 L 9
37 1 U 17
38 1 U 37
39 0 U 38
40 0 L 15
41 1 U 15
42 0 L 6
43 1 L 11
44 1 L -1
45 1 L 42
46 1 L 26
47 0 L 33
48
0 0 L -1
1 0 U -1
2 1 L -1
3 0 U -1
4 0 U 2
5 0 L 4
6 1 L 0
7 1 U 5
8 1 L -1
9 0 L 6
10 1 L 3
11 0 L 1
12 0 L 5
13 1 U 6
14 1 L 7
15 1 U 14
16 0 U -1
17 1 U -1
18 0 U 16
19 1 U 13
20 1 U -1
21 0 L 20
22 0 U 18
23 1 L -1
24 0 L -1
25 0 L 24
26 0 U 17
27 0 L -1
28 1 U 26
29 0 U 20
30 0 U 12
31 0 L 15
32 1 U 21
33 0 L 13
34 0 L 19
35 0 L 25
36 1 L 25
37 1 U 17
38 1 U 37
39 0 U 35
40 0 L -1
41 0 U 31
42 0 L 6
43 1 L 3
44 1 L 34
45 1 L 42
46 1 L 29
47 0 L 33
48
0 0 U -1
1 0 U -1
2 0 L -1
3 0 U -1
4 0 U 3
5 0 L 4
6 1 L 0
7 1 U 0
8 1 L -1
9 0 L 6
10 1 L 3
11 0 L 1
12 0 L 5
13 1 U 6
14 1 L 7
15 1 U 9
16 0 U -1
17 1 U -1
18 0 U 16
19 1 U 18
20 1 U -1
21 0 L 20
22 0 U 18
23 1 L -1
24 0 L -1
25 0 L 24
26 0 U 17
27 0 L -1
28 1 U 13
29 0 U 20
30 0 U 0
31 0 L 15
32 1 U 27
33 0 L 13
34 0 L 19
35 0 L 6
36 0 L 25
37 1 U 2
38 1 U 37
39 0 U 35
40 0 L 12
41 0 U 36
42 0 L 6
43 1 L 9
44 1 L 34
45 1 L 42
46 1 L 29
47 0 L 14
48
0 0 L -1
1 0 U -1
2 1 L -1
3 0 U -1
4 0 U 2
5 0 L 4
6 1 L 0
7 1 U 5
8 1 L 2
9 0 L 6
10 1 L 3
11 0 L 1
12 0 L 5
13 1 U 6
14 1 L 7
15 1 U 14
16 0 U -1
17 1 U -1
18 0 U 16
19 1 U 18
20 1 U -1
21 0 L 20
22 0 U 18
23 0 L -1
24 0 L -1
25 0 L 24
26 0 U 17
27 0 L -1
28 1 U 26
29 0 U 20
30 1 U 0
31 0 L 15
32 1 U 27
33 0 L 10
34 0 L 19
35 0 L 6
36 0 L 15
37 1 U 2
38 1 U 37
39 0 U 35
40 0 L 12
41 0 U 22
42 0 L 6
43 1 L 11
44 1 L 34
45 1 L 42
46 1 L 29
47 0 L 14
48
0 0 L -1
1 0 U -1
2 1 L -1
3 0 U -1
4 0 U 2
5 0 L 4
6 1 L 0
7 1 U 0
8 1 L 2
9 0 L 6
10 1 L 3
11 1 L 1
12 0 L 5
13 1 U 6
14 1 L 7
15 1 U 14
16 0 U -1
17 1 U -1
18 0 U 16
19 1 U 18
20 1 U -1
21 0 L 20
22 1 U 18
23 1 L -1
24 0 L -1
25 1 L 6
26 0 U 17
27 0 L -1
28 0 U 7
29 0 U 20
30 0 U 0
31 0 L 14
32 1 U 27
33 0 L 13
34 0 L 19
35 0 U 6
36 0 L 9
37 1 U 21
38 1 U 28
39 1 U 24
40 0 L 12
41 0 L 22
42 0 L 6
43 1 L 9
44 0 L 30
45 1 L 42
46 1 L 30
47 0 L 33
48
0 0 L -1
1 0 U -1
2 1 L -1
3 0 U -1
4 0 U 2
5 0 L 4
6 1 L 0
7 1 U 0
8 1 L 2
9 0 L 6
10 1 L 3
11 0 L 6
12 0 L 5
13 1 U 6
14 1 L 7
15 1 U 14
16 0 U -1
17 1 U -1
18 0 U 16
19 1 U 18
20 1 U -1
21 0 L 20
22 1 U 18
23 1 L -1
24 0 L -1
25 0 L 23
26 0 U 17
27 0 L -1
28 0 U 7
29 0 U 20
30 0 U 21
31 0 L 15
32 1 U 27
33 0 L 13
34 0 L 19
35 0 L 6
36 0 L 9
37 1 U 21
38 1 U 28
39 1 U 22
40 0 L 12
41 0 L 22
42 0 L 25
43 1 L 9
44 0 L 30
45 1 L 42
46 1 L 39
47 0 L 33
48
0 0 L -1
1 0 U -1
2 0 L -1
3 0 U -1
4 0 U 2
5 0 L 4
6 1 L 0
7 1 U 0
8 1 L 2
9 0 L 6
10 1 L 3
11 1 L 6
12 0 L 5
13 1 U 6
14 1 L 7
15 1 U 14
16 0 U -1
17 1 U -1
18 0 U 16
19 1 U 18
20 1 U -1
21 0 L 20
22 1 U 18
23 1 L -1
24 0 L -1
25 0 L 6
26 0 U 16
27 0 L -1
28 0 U 7
29 0 U 20
30 0 U 20
31 0 L 15
32 1 U 27
33 0 L 13
34 0 L 19
35 0 U 6
36 1 L 25
37 1 U 21
38 1 U 28
39 1 U 22
40 0 L 14
41 0 U 22
42 0 L 6
43 1 L 9
44 0 L 11
45 1 L 42
46 1 L 30
47 0 L 33
48
0 0 L -1
1 0 U -1
2 0 L -1
3 0 U -1
4 0 U 3
5 0 L 4
6 1 L 0
7 1 U 0
8 1 L 2
9 0 L 6
10 1 L 3
11 1 L 6
12 0 L 5
13 1 U 6
14 1 L 7
15 1 U 14
16 0 U -1
17 1 U -1
18 0 U 16
19 1 U 18
20 1 U -1
21 0 L 20
22 1 U 18
23 1 L -1
24 0 L -1
25 1 L 9
26 1 U 16
27 0 L -1
28 0 U 7
29 0 U 20
30 0 U 20
31 0 L 14
32 1 U 27
33 0 L 13
34 0 L 19
35 0 U 6
36 0 U 27
37 1 U 21
38 1 U 28
39 0 U 22
40 0 L 14
41 0 L 22
42 0 L 6
43 1 L 9
44 0 L 11
45 1 L 42
46 0 L 36
47 0 L 14
48
0 0 U -1
1 0 U -1
2 0 L -1
3 0 U -1
4 0 U 3
5 0 L 4
6 1 L 0
7 1 U 0
8 1 L 2
9 0 L 6
10 1 L 3
11 0 L 1
12 0 L 5
13 0 U 6
14 1 L 7
15 1 U 14
16 0 U -1
17 1 U -1
18 0 U 16
19 1 U 18
20 1 U -1
21 0 L 20
22 1 U 18
23 1 L -1
24 0 L -1
25 1 L 23
26 1 U 17
27 0 L -1
28 0 U 7
29 0 U 20
30 0 U 20
31 0 L 15
32 1 U 27
33 0 L 13
34 0 L 19
35 1 U 22
36 1 U 27
37 1 U 21
38 1 U 28
39 0 U 22
40 0 L 33
41 0 L 22
42 0 L 6
43 1 L 32
44 0 L 3
45 1 L 42
46 0 L 20
47 0 L 14
48
0 0 U -1
1 0 U -1
2 0 L -1
3 0 U -1
4 0 U 2
5 0 L 4
6 1 L 0
7 1 U 0
8 1 L 2
9 0 L 6
10 1 L 3
11 0 L 1
12 0 L 5
13 0 U 6
14 1 L 7
15 1 U 14
16 0 U -1
17 1 U -1
18 0 U 16
19 1 U 18
20 1 U -1
21 0 L 20
22 1 U 18
23 1 L -1
24 0 L -1
25 0 L 20
26 0 U 17
27 0 L -1
28 0 U 8
29 0 U 20
30 0 U 21
31 0 L 14
32 1 U 27
33 0 L 7
34 0 L 31
35 1 U 31
36 1 U 4
37 1 U 21
38 1 U 28
39 0 U 22
40 0 L 14
41 0 L 22
42 0 L 6
43 0 L 32
44 0 L 3
45 1 L 42
46 0 L 35
47 0 L 14
48
0 0 U -1
1 0 U -1
2 0 L -1
3 0 U -1
4 0 U 3
5 0 L 4
6 1 L 0
7 1 U 5
8 1 L 2
9 0 L 6
10 1 L 3
11 0 L 6
12 0 L 5
13 1 U 6
14 1 L 7
15 1 U 14
16 0 U -1
17 1 U -1
18 0 U 16
19 1 U 18
20 1 U -1
21 0 L 20
22 1 U 18
23 1 L -1
24 0 L -1
25 1 L 20
26 1 U 17
27 0 L -1
28 0 U 8
29 0 U 20
30 0 U 0
31 0 L 15
32 1 U 27
33 0 L 7
34 0 L 31
35 1 U 24
36 0 U 27
37 1 U 21
38 1 U 28
39 0 U 22
40 0 L 15
41 0 L 22
42 0 L 6
43 0 L 32
44 0 L 3
45 1 L 42
46 0 L 35
47 0 L 33
48
0 0 L -1
1 0 U -1
2 1 L -1
3 0 U -1
4 0 U 3
5 0 L 4
6 1 L 0
7 1 U 0
8 1 L 2
9 0 L 6
10 1 L 3
11 0 L 1
12 0 L 5
13 0 U 6
14 1 L 7
15 1 U 14
16 0 U -1
17 1 U -1
18 0 U 16
19 1 U 18
20 1 U -1
21 0 L 20
22 1 U 18
23 1 L -1
24 0 L -1
25 1 L 20
26 0 U 16
27 0 L -1
28 0 U 8
29 0 U 20
30 0 U 0
31 0 L 14
32 1 U 27
33 0 L 7
34 0 L 19
35 1 U 15
36 1 U 28
37 1 U 21
38 1 U 28
39 0 U 22
40 0 L 14
41 0 L 22
42 0 L 32
43 1 L 32
44 0 L 11
45 1 L 42
46 0 L 35
47 0 L 33
48
0 0 L -1
1 0 U -1
2 1 L -1
3 0 U -1
4 0 U 2
5 0 L 4
6 1 L 0
7 1 U 5
8 1 L 2
9 0 L 6
10 1 L 3
11 0 L 1
12 0 L 5
13 1 U 6
14 1 L 7
15 1 U 14
16 0 U -1
17 1 U -1
18 0 U 16
19 1 U 18
20 1 U -1
21 0 L 20
22 1 U 18
23 1 L -1
24 0 L -1
25 0 U 20
26 0 U 17
27 0 L -1
28 0 U 8
29 0 U 20
30 0 U 20
31 0 L 15
32 1 U 27
33 0 L 7
34 0 L 19
35 1 U 22
36 1 U 28
37 1 U 21
38 1 U 28
39 0 U 22
40 0 L 14
41 0 L 22
42 0 L 32
43 0 L 32
44 0 L 3
45 1 L 42
46 0 L 35
47 0 L 33
48
0 0 U -1
1 0 U -1
2 0 L -1
3 0 U -1
4 0 U 2
5 0 L 4
6 1 L 0
7 1 U 5
8 1 L 2
9 0 L 6
10 1 L 3
11 0 L 1
12 0 L 5
13 0 U 6
14 1 L 7
15 1 U 14
16 0 U -1
17 1 U -1
18 0 U 16
19 1 U 18
20 1 U -1
21 0 L 20
22 1 U 18
23 1 L -1
24 0 L -1
25 1 U 20
26 0 U 17
27 0 L -1
28 0 U 8
29 0 U 20
30 0 U 21
31 0 L 15
32 1 U 27
33 0 L 7
34 0 L 19
35 1 U 22
36 1 U 35
37 1 U 21
38 1 U 28
39 0 U 22
40 0 L 12
41 0 L 22
42 0 L 32
43 0 L 32
44 0 L 3
45 1 L 42
46 0 L 29
47 0 L 33
48
0 0 U -1
1 0 U -1
2 1 L -1
3 0 U -1
4 0 U 3
5 0 L 4
6 1 L 0
7 1 U 0
8 1 L 2
9 0 L 6
10 1 L 3
11 0 L 1
12 0 L 5
13 1 U 6
14 1 L 7
15 1 U 14
16 0 U -1
17 1 U -1
18 0 U 16
19 1 U 18
20 1 U -1
21 0 L 20
22 1 U 18
23 1 L -1
24 0 L -1
25 1 U 20
26 0 U 16
27 0 L -1
28 0 U 8
29 0 U 20
30 0 U 21
31 0 L 14
32 1 U 27
33 0 L 7
34 0 L 19
35 0 U 28
36 0 U 10
37 1 U 21
38 1 U 28
39 0 U 22
40 0 L 14
41 0 L 22
42 0 L 32
43 0 L 32
44 0 L 3
45 1 L 42
46 0 L 36
47 0 L 33
48
0 0 L -1
1 0 U -1
2 0 L -1
3 0 U -1
4 0 U 3
5 0 L 4
6 1 L 0
7 1 U 5
8 1 L 2
9 0 L 6
10 1 L 3
11 1 L 1
12 0 L 5
13 1 U 6
14 1 L 7
15 1 U 14
16 0 U -1
17 1 U -1
18 0 U 16
19 1 U 18
20 1 U -1
21 0 L 20
22 1 U 18
23 1 L -1
24 0 L 2
25 1 U 3
26 1 U 17
27 0 L -1
28 0 U 8
29 0 U 20
30 0 U 0
31 0 L 15
32 1 U 27
33 0 L 7
34 0 L 19
35 0 U 28
36 1 U 27
37 1 U 0
38 1 U 28
39 0 U 11
40 0 L 14
41 0 L 22
42 0 L 32
43 0 L 39
44 0 L 3
45 1 L 42
46 0 L 36
47 0 L 33
48
0 0 U -1
1 0 U -1
2 1 L -1
3 0 U -1
4 0 U 3
5 0 L 4
6 1 L 0
7 1 U 5
8 1 L 2
9 0 L 6
10 1 L 3
11 1 L 6
12 0 L 5
13 1 U 6
14 1 L 7
15 1 U 14
16 0 U -1
17 1 U -1
18 0 U 16
19 1 U 18
20 1 U -1
21 0 L 20
22 1 U 18
23 1 L -1
24 0 L -1
25 1 U 21
26 1 U 17
27 0 L -1
28 0 U 8
29 0 U 20
30 0 U 25
31 0 L 14
32 1 U 27
33 0 L 7
34 0 L 19
35 0 U 28
36 1 U 27
37 1 U 0
38 1 U 28
39 0 U 11
40 0 L 12
41 0 U 22
42 0 L 32
43 0 L 39
44 0 L 3
45 1 L 42
46 0 L 36
47 0 L 15
48
0 0 L -1
1 0 U -1
2 1 L -1
3 0 U -1
4 0 U 3
5 0 L 4
6 1 L 0
7 1 U 5
8 1 L 2
9 0 L 6
10 1 L 3
11 1 L 1
12 0 L 5
13 0 U 6
14 1 L 7
15 1 U 14
16 0 U -1
17 1 U -1
18 0 U 16
19 1 U 18
20 1 U -1
21 0 L 20
22 1 U 18
23 1 L -1
24 0 L -1
25 1 U 21
26 0 U 17
27 0 L -1
28 0 U 8
29 0 U 20
30 0 U 25
31 0 L 14
32 1 U 27
33 0 L 7
34 0 L 19
35 0 U 28
36 0 U 27
37 1 U 0
38 1 U 28
39 0 U 11
40 0 L 12
41 0 L 39
42 0 L 32
43 0 L 22
44 0 L 3
45 1 L 42
46 0 L 20
47 0 L 33
48
0 0 U -1
1 0 U -1
2 0 L -1
3 0 U -1
4 0 U 3
5 0 L 4
6 1 L 0
7 1 U 0
8 1 L 2
9 0 L 6
10 1 L 3
11 1 L 1
12 0 L 5
13 0 U 6
14 1 L 7
15 1 U 14
16 0 U -1
17 1 U -1
18 0 U 16
19 1 U 18
20 1 U -1
21 0 L 20
22 1 U 18
23 0 L -1
24 0 L -1
25 1 U 21
26 0 U 16
27 0 L -1
28 0 U 8
29 0 U 20
30 0 U 25
31 0 L 15
32 1 U 27
33 0 L 13
34 0 L 19
35 0 U 28
36 0 U 27
37 1 U 0
38 1 U 28
39 0 U 11
40 0 L 12
41 0 L 39
42 0 L 6
43 0 L 22
44 0 L 4
45 1 L 42
46 0 L 20
47 0 L 33
48
0 0 U -1
1 0 U -1
2 0 L -1
3 0 U -1
4 0 U 3
5 0 L 4
6 1 L 0
7 1 U 5
8 1 L 2
9 0 L 6
10 1 L 3
11 1 L 1
12 0 L 5
13 1 U 6
14 1 L 7
15 1 U 14
16 0 U -1
17 1 U -1
18 0 U 16
19 1 U 18
20 1 U -1
21 0 L 20
22 1 U 18
23 1 L -1
24 0 L 2
25 1 U 21
26 1 U 16
27 0 L -1
28 0 U 8
29 0 U 20
30 0 U 25
31 0 L 15
32 1 U 27
33 0 L 13
34 0 L 19
35 0 U 28
36 0 U 27
37 1 U 0
38 1 U 28
39 0 U 11
40 0 L 33
41 0 L 39
42 0 L 6
43 0 L 39
44 0 L 3
45 1 L 42
46 0 L 26
47 0 L 14
48
0 0 U -1
1 0 U -1
2 0 L -1
3 0 U -1
4 0 U 3
5 0 L 4
6 1 L 0
7 1 U 0
8 1 L 2
9 0 L 6
10 1 L 3
11 1 L 6
12 0 L 5
13 0 U 6
14 1 L 10
15 1 U 14
16 0 U -1
17 1 U -1
18 0 U 16
19 1 U 18
20 1 U -1
21 0 L 20
22 1 U 18
23 1 L -1
24 0 L -1
25 1 U 21
26 0 U 16
27 0 L -1
28 0 U 8
29 0 U 20
30 0 U 25
31 0 L 15
32 1 U 27
33 0 L 10
34 0 L 19
35 0 U 28
36 0 U 27
37 1 U 0
38 1 U 28
39 0 U 22
40 0 L 15
41 0 L 39
42 0 L 6
43 1 L 35
44 0 L 3
45 1 L 42
46 0 L 20
47 0 L 33
48
0 0 U -1
1 0 U -1
2 0 L -1
3 0 U -1
4 0 U 3
5 0 L 4
6 1 L 0
7 1 U 0
8 1 L 2
9 0 L 6
10 1 L 3
11 0 L 6
12 0 L 5
13 1 U 6
14 1 L 7
15 1 U 14
16 0 U -1
17 1 U -1
18 0 U 16
19 1 U 18
20 1 U -1
21 0 L 20
22 1 U 18
23 1 L -1
24 0 L -1
25 1 U 21
26 0 U 16
27 0 L -1
28 0 U 8
29 0 U 20
30 0 U 25
31 0 L 14
32 1 U 27
33 0 L 10
34 0 L 31
35 0 U 28
36 1 U 22
37 1 U 0
38 1 U 28
39 0 U 22
40 0 L 33
41 0 L 3
42 0 L 6
43 0 L 35
44 0 L 34
45 1 L 42
46 0 L 20
47 0 L 33
48
0 0 U -1
1 0 U -1
2 0 L -1
3 0 U -1
4 0 U 3
5 0 L 4
6 1 L 0
7 1 U 0
8 1 L 2
9 0 L 6
10 1 L 3
11 0 L 1
12 0 L 5
13 1 U 6
14 1 L 7
15 1 U 14
16 0 U -1
17 1 U -1
18 0 U 16
19 1 U 18
20 1 U -1
21 0 L 20
22 1 U 18
23 1 L -1
24 0 L -1
25 0 U 20
26 1 U 16
27 0 L -1
28 0 U 8
29 0 U 20
30 0 U 20
31 0 L 14
32 1 U 27
33 0 L 7
34 0 L 19
35 0 U 28
36 1 U 24
37 1 U 0
38 1 U 28
39 1 U 22
40 0 L 15
41 0 L 11
42 0 L 6
43 1 L 6
44 1 L 34
45 1 L 42
46 1 U 10
47 0 L 14
48
0 0 L -1
1 0 U -1
2 1 L -1
3 0 U -1
4 0 U 3
5 0 L 4
6 1 L 0
7 1 U 5
8 1 L 2
9 0 L 6
10 1 L 3
11 0 L 1
12 0 L 5
13 1 U 6
14 1 L 7
15 1 U 14
16 0 U -1
17 1 U -1
18 0 U 16
19 1 U 18
20 1 U -1
21 0 L 20
22 1 U 18
23 1 L -1
24 0 L -1
25 1 U 20
26 0 U 16
27 0 L -1
28 0 U 8
29 0 U 20
30 0 U 21
31 0 L 14
32 1 U 27
33 0 L 13
34 0 L 31
35 0 U 28
36 0 U 4
37 1 U 0
38 1 U 28
39 0 U 22
40 0 L 33
41 0 L 11
42 0 L 6
43 1 L 32
44 1 U 42
45 1 L 42
46 0 U 10
47 0 L 14
48
0 0 L -1
1 0 U -1
2 1 L -1
3 0 U -1
4 0 U 3
5 0 L 4
6 1 L 0
7 1 U 5
8 1 L 2
9 0 L 6
10 1 L 3
11 1 L 6
12 0 L 5
13 1 U 6
14 1 L 7
15 1 U 14
16 0 U -1
17 1 U -1
18 0 U 16
19 1 U 18
20 1 U -1
21 0 L 20
22 1 U 18
23 1 L -1
24 0 L -1
25 1 U 3
26 1 U 17
27 0 L -1
28 0 U 8
29 0 U 20
30 0 U 20
31 0 L 15
32 1 U 27
33 0 L 13
34 0 L 31
35 0 U 28
36 1 U 15
37 1 U 21
38 1 U 28
39 1 U 22
40 0 L 14
41 0 L 3
42 0 L 6
43 1 L 35
44 1 U 42
45 1 L 42
46 0 L 44
47 0 L 14
48
0 0 U -1
1 0 U -1
2 1 L -1
3 0 U -1
4 0 U 3
5 0 L 4
6 1 L 0
7 1 U 5
8 1 L 2
9 0 L 6
10 1 L 3
11 1 L 6
12 0 L 5
13 1 U 6
14 1 L 7
15 1 U 14
16 0 U -1
17 1 U -1
18 0 U 16
19 1 U 18
20 1 U -1
21 0 L 20
22 1 U 18
23 1 L -1
24 0 L -1
25 1 U 3
26 1 U 17
27 0 L -1
28 0 U 8
29 0 U 20
30 0 U 21
31 0 L 15
32 1 U 27
33 0 L 7
34 0 L 31
35 0 U 28
36 1 U 4
37 1 U 0
38 1 U 28
39 0 U 22
40 0 L 14
41 0 L 3
42 0 L 32
43 0 L 22
44 1 U 42
45 1 L 42
46 1 L 44
47 0 L 15
48
0 0 L -1
1 0 U -1
2 0 L -1
3 0 U -1
4 0 U 2
5 0 L 4
6 1 L 0
7 1 U 5
8 1 L 2
9 0 L 6
10 1 L 3
11 1 L 1
12 0 L 5
13 1 U 6
14 1 L 7
15 1 U 14
16 0 U -1
17 1 U -1
18 0 U 16
19 1 U 18
20 1 U -1
21 0 L 20
22 1 U 18
23 1 L -1
24 0 L -1
25 0 U 20
26 1 U 16
27 0 L -1
28 0 U 8
29 0 U 20
30 0 U 21
31 0 L 15
32 1 U 27
33 0 L 13
34 0 L 31
35 0 U 28
36 1 U 4
37 1 U 21
38 1 U 28
39 0 U 24
40 0 L 33
41 0 L 3
42 0 L 32
43 0 L 35
44 1 U 42
45 1 L 42
46 1 L 44
47 0 L 14
48
0 0 L -1
1 0 U -1
2 0 L -1
3 0 U -1
4 0 U 3
5 0 L 4
6 1 L 0
7 1 U 5
8 1 L 2
9 0 L 6
10 1 L 3
11 1 L 1
12 0 L 5
13 1 U 6
14 1 L 7
15 1 U 14
16 0 U -1
17 1 U -1
18 0 U 16
19 1 U 18
20 1 U -1
21 0 L 20
22 1 U 18
23 1 L -1
24 0 L -1
25 1 U 2
26 0 U 17
27 0 L -1
28 0 U 8
29 0 U 20
30 0 U 21
31 0 L 15
32 1 U 27
33 0 L 13
34 0 L 25
35 0 U 28
36 1 U 4
37 1 U 21
38 1 U 28
39 0 U 24
40 0 L 33
41 0 L 9
42 0 L 32
43 0 L 35
44 1 U 42
45 1 L 42
46 1 L 44
47 0 L 14
48
0 0 U -1
1 0 U -1
2 1 L -1
3 0 U -1
4 0 U 2
5 0 L 4
6 1 L 0
7 1 U 5
8 1 L 2
9 0 L 6
10 1 L 3
11 0 L 6
12 0 L 5
13 0 U 6
14 1 L 7
15 1 U 14
16 0 U -1
17 1 U -1
18 0 U 16
19 1 U 18
20 1 U -1
21 0 L 20
22 1 U 18
23 1 L -1
24 0 L -1
25 1 U 20
26 0 U 17
27 0 L -1
28 0 U 8
29 0 U 20
30 0 U 21
31 0 L 15
32 1 U 27
33 0 L 7
34 0 L 25
35 0 U 28
36 1 U 4
37 1 U 21
38 1 U 28
39 0 U 24
40 0 L 14
41 0 L 9
42 0 L 32
43 1 L 39
44 1 U 42
45 1 L 42
46 1 L 30
47 0 L 33
48
0 0 U -1
1 0 U -1
2 1 L -1
3 0 U -1
4 0 U 3
5 0 L 4
6 1 L 0
7 1 U 0
8 1 L 2
9 0 L 6
10 1 L 3
11 1 L 6
12 0 L 5
13 1 U 6
14 1 L 7
15 1 U 14
16 0 U -1
17 1 U -1
18 0 U 16
19 1 U 18
20 1 U -1
21 0 L 20
22 1 U 18
23 1 L -1
24 0 L -1
25 1 U 3
26 0 U 16
27 0 L -1
28 0 U 8
29 0 U 20
30 0 U 21
31 0 L 15
32 1 U 27
33 0 L 7
34 0 L 25
35 0 U 28
36 0 U 30
37 1 U 21
38 1 U 28
39 0 U 24
40 0 L 33
41 0 L 9
42 0 L 32
43 1 L 35
44 1 U 42
45 1 L 42
46 1 L 44
47 0 L 33
48
0 0 U -1
1 0 U -1
2 0 L -1
3 0 U -1
4 0 U 3
5 0 L 4
6 1 L 0
7 1 U 5
8 1 L 2
9 0 L 6
10 1 L 3
11 0 L 1
12 0 L 5
13 0 U 6
14 1 L 7
15 1 U 14
16 0 U -1
17 1 U -1
18 0 U 16
19 1 U 18
20 1 U -1
21 0 L 20
22 1 U 18
23 1 L -1
24 0 L -1
25 1 U 20
26 0 U 16
27 0 L -1
28 0 U 8
29 0 U 20
30 0 U 21
31 0 L 15
32 1 U 27
33 0 L 13
34 0 L 25
35 0 U 28
36 1 U 30
37 1 U 21
38 1 U 28
39 0 U 24
40 0 L 14
41 0 L 11
42 0 L 32
43 0 L 39
44 1 U 42
45 1 L 42
46 1 L 44
47 0 L 33
48
0 0 U -1
1 0 U -1
2 0 L -1
3 0 U -1
4 0 U 2
5 0 L 4
6 1 L 0
7 1 U 0
8 1 L 2
9 0 L 6
10 1 L 3
11 0 L 1
12 0 L 5
13 1 U 6
14 1 L 7
15 1 U 14
16 0 U -1
17 1 U -1
18 0 U 16
19 1 U 18
20 1 U -1
21 0 L 20
22 1 U 18
23 1 L -1
24 0 L -1
25 0 U 11
26 0 U 17
27 0 L -1
28 0 U 7
29 0 U 20
30 0 U 21
31 0 L 14
32 1 U 27
33 0 L 13
34 0 L 31
35 0 U 6
36 1 U 30
37 1 U 21
38 1 U 28
39 0 U 24
40 0 L 14
41 0 L 3
42 0 L 32
43 1 L 39
44 1 U 43
45 1 L 42
46 1 L 44
47 0 L 33
48
0 0 L -1
1 0 U -1
2 0 L -1
3 0 U -1
4 0 U 2
5 0 L 4
6 1 L 0
7 1 U 0
8 1 L 2
9 0 L 6
10 1 L 3
11 0 L 1
12 0 L 5
13 0 U 6
14 1 L 7
15 1 U 14
16 0 U -1
17 1 U -1
18 0 U 16
19 1 U 18
20 1 U -1
21 0 L 20
22 1 U 18
23 1 L -1
24 0 L -1
25 0 U 11
26 0 U 17
27 0 L -1
28 0 U 7
29 0 U 20
30 0 U 20
31 0 L 14
32 1 U 27
33 0 L 13
34 0 L 19
35 0 U 28
36 0 U 11
37 1 U 21
38 1 U 28
39 0 U 25
40 0 L 14
41 0 L 9
42 0 L 32
43 0 L 22
44 1 U 43
45 1 L 42
46 1 L 44
47 0 L 33
48
0 0 L -1
1 0 U -1
2 1 L -1
3 0 U -1
4 0 U 2
5 0 L 4
6 1 L 0
7 1 U 0
8 1 L 2
9 0 L 6
10 1 L 3
11 0 L 1
12 0 L 5
13 0 U 6
14 1 L 7
15 1 U 14
16 0 U -1
17 1 U -1
18 0 U 16
19 1 U 18
20 1 U -1
21 0 L 20
22 1 U 18
23 1 L -1
24 0 L 2
25 0 U 11
26 1 U 17
27 0 L -1
28 0 U 7
29 0 U 20
30 0 U 20
31 0 L 15
32 1 U 27
33 0 L 7
34 0 L 31
35 0 U 28
36 1 U 11
37 1 U 21
38 1 U 28
39 0 U 25
40 0 L 14
41 0 L 9
42 0 L 32
43 0 L 22
44 1 U 43
45 1 L 42
46 1 L 44
47 0 L 14
48
0 0 L -1
1 0 U -1
2 1 L -1
3 0 U -1
4 0 U 2
5 0 L 4
6 1 L 0
7 1 U 0
8 1 L 2
9 0 L 6
10 1 L 3
11 0 L 1
12 0 L 5
13 1 U 6
14 1 L 7
15 1 U 14
16 0 U -1
17 1 U -1
18 0 U 16
19 1 U 18
20 1 U -1
21 0 L 20
22 1 U 18
23 1 L -1
24 0 L 2
25 0 U 11
26 1 U 16
27 0 L -1
28 0 U 7
29 0 U 20
30 0 U 0
31 0 L 15
32 1 U 27
33 0 L 7
34 0 L 19
35 0 U 28
36 0 U 11
37 1 U 21
38 1 U 28
39 0 U 25
40 0 L 15
41 0 L 11
42 0 L 32
43 0 L 39
44 1 U 40
45 1 L 42
46 1 L 44
47 0 L 14
48
0 0 L -1
1 0 U -1
2 0 L -1
3 0 U -1
4 0 U 2
5 0 L 4
6 1 L 0
7 1 U 0
8 1 L 2
9 0 L 6
10 1 L 3
11 0 L 1
12 0 L 5
13 0 U 6
14 1 L 7
15 1 U 14
16 0 U -1
17 1 U -1
18 0 U 16
19 1 U 18
20 1 U -1
21 0 L 20
22 1 U 18
23 1 L -1
24 0 L -1
25 0 U 11
26 1 U 17
27 0 L -1
28 0 U 7
29 0 U 20
30 0 U 20
31 0 L 15
32 1 U 27
33 0 L 7
34 0 L 19
35 0 U 28
36 1 U 11
37 1 U 21
38 1 U 28
39 0 U 25
40 0 L 12
41 0 L 3
42 0 L 32
43 0 L 39
44 1 U 27
45 1 L 42
46 1 L 44
47 0 L 15
48
0 0 L -1
1 0 U -1
2 1 L -1
3 0 U -1
4 0 U 2
5 0 L 4
6 1 L 0
7 1 U 0
8 1 L 2
9 0 L 6
10 1 L 3
11 0 L 1
12 0 L 5
13 0 U 6
14 1 L 10
15 1 U 14
16 0 U -1
17 1 U -1
18 0 U 16
19 1 U 18
20 1 U -1
21 0 L 20
22 1 U 18
23 1 L -1
24 0 L -1
25 0 U 11
26 0 U 17
27 0 L -1
28 0 U 7
29 0 U 20
30 0 U 20
31 0 L 15
32 1 U 27
33 0 L 7
34 0 L 31
35 0 U 28
36 0 U 11
37 1 U 21
38 1 U 28
39 0 U 25
40 0 L 15
41 0 L 9
42 0 L 6
43 1 L 39
44 1 U 42
45 1 L 42
46 1 L 44
47 0 L 15
48
0 0 U -1
1 0 U -1
2 0 L -1
3 0 U -1
4 0 U 2
5 0 L 4
6 1 L 0
7 1 U 0
8 1 L 2
9 0 L 6
10 1 L 3
11 0 L 6
12 0 L 5
13 0 U 6
14 1 L 7
15 1 U 14
16 0 U -1
17 1 U -1
18 0 U 16
19 1 U 18
20 1 U -1
21 0 L 20
22 1 U 18
23 1 L -1
24 0 L -1
25 0 U 11
26 0 U 17
27 0 L -1
28 0 U 7
29 0 U 20
30 0 U 21
31 0 L 15
32 1 U 27
33 0 L 10
34 0 L 31
35 0 U 28
36 0 U 11
37 1 U 21
38 1 U 28
39 0 U 25
40 0 L 15
41 0 L 3
42 0 L 6
43 0 L 32
44 1 U 27
45 1 L 42
46 1 L 44
47 0 L 33
48
0 0 L -1
1 0 U -1
2 1 L -1
3 0 U -1
4 0 U 2
5 0 L 4
6 1 L 0
7 1 U 0
8 1 L 2
9 0 L 6
10 1 L 3
11 0 L 6
12 0 L 5
13 1 U 6
14 1 L 10
15 1 U 14
16 0 U -1
17 1 U -1
18 0 U 16
19 1 U 18
20 1 U -1
21 0 L 20
22 1 U 18
23 1 L -1
24 0 L -1
25 1 U 11
26 0 U 17
27 0 L -1
28 0 U 7
29 0 U 20
30 0 U 0
31 0 L 15
32 1 U 27
33 0 L 10
34 0 L 31
35 0 U 28
36 1 U 27
37 1 U 21
38 1 U 28
39 0 U 25
40 0 L 33
41 0 L 3
42 0 L 6
43 0 L 32
44 1 L 36
45 1 L 42
46 0 L 44
47 0 L 15
48
0 0 U -1
1 0 U -1
2 1 L -1
3 0 U -1
4 0 U 2
5 0 L 4
6 1 L 0
7 1 U 0
8 1 L 2
9 0 L 6
10 1 L 3
11 0 L 6
12 0 L 5
13 1 U 6
14 1 L 10
15 1 U 14
16 0 U -1
17 1 U -1
18 0 U 16
19 1 U 18
20 1 U -1
21 0 L 20
22 1 U 18
23 1 L -1
24 0 L -1
25 1 U 11
26 0 U 17
27 0 L -1
28 0 U 7
29 0 U 20
30 0 U 21
31 0 L 15
32 1 U 27
33 0 L 10
34 0 L 31
35 1 U 25
36 0 U 27
37 1 U 21
38 1 U 28
39 0 U 25
40 0 L 14
41 0 L 3
42 0 L 6
43 0 L 32
44 1 U 35
45 1 L 42
46 1 L 44
47 0 L 33
48
0 0 L -1
1 0 U -1
2 0 L -1
3 0 U -1
4 0 U 2
5 0 L 4
6 1 L 0
7 1 U 0
8 1 L 2
9 0 L 6
10 1 L 3
11 0 L 1
12 0 L 5
13 0 U 6
14 1 L 10
15 1 U 14
16 0 U -1
17 1 U -1
18 0 U 16
19 1 U 18
20 1 U -1
21 0 L 20
22 1 U 18
23 1 L -1
24 0 L -1
25 1 U 11
26 1 U 17
27 0 L -1
28 0 U 7
29 0 U 20
30 0 U 21
31 0 L 15
32 1 U 27
33 0 L 10
34 0 L 31
35 1 U 31
36 1 U 28
37 1 U 21
38 1 U 28
39 0 U 25
40 0 L 14
41 0 L 11
42 0 L 6
43 1 L 32
44 1 U 35
45 1 L 42
46 0 L 44
47 0 L 14
48
0 0 U -1
1 0 U -1
2 0 L -1
3 0 U -1
4 0 U 2
5 0 L 4
6 1 L 0
7 1 U 0
8 1 L 2
9 0 L 6
10 1 L 3
11 0 L 6
12 0 L 5
13 1 U 6
14 1 L 10
15 1 U 14
16 0 U -1
17 1 U -1
18 0 U 16
19 1 U 18
20 1 U -1
21 0 L 20
22 1 U 18
23 1 L -1
24 0 L -1
25 1 U 11
26 0 U 16
27 0 L -1
28 0 U 7
29 0 U 20
30 0 U 21
31 0 L 15
32 1 U 27
33 0 L 10
34 0 L 19
35 1 U 24
36 0 U 27
37 1 U 21
38 1 U 28
39 0 U 25
40 0 L 14
41 0 L 3
42 0 L 32
43 0 L 32
44 1 U 35
45 1 L 42
46 0 L 44
47 0 L 33
48
0 0 L -1
1 0 U -1
2 0 L -1
3 0 U -1
4 0 U 2
5 0 L 4
6 1 L 0
7 1 U 0
8 1 L 2
9 0 L 6
10 1 L 3
11 0 L 6
12 0 L 5
13 0 U 6
14 1 L 10
15 1 U 14
16 0 U -1
17 1 U -1
18 0 U 16
19 1 U 18
20 1 U -1
21 0 L 20
22 1 U 18
23 1 L -1
24 0 L -1
25 0 U 11
26 0 U 16
27 0 L -1
28 0 U 7
29 0 U 20
30 0 U 20
31 0 L 15
32 1 U 27
33 0 L 10
34 0 L 19
35 1 U 25
36 1 U 28
37 1 U 21
38 1 U 28
39 0 U 25
40 0 L 15
41 0 L 3
42 0 L 32
43 0 L 32
44 1 U 27
45 1 L 42
46 1 L 44
47 0 L 33
48
0 0 L -1
1 0 U -1
2 0 L -1
3 0 U -1
4 0 U 2
5 0 L 4
6 1 L 0
7 1 U 0
8 1 L 2
9 0 L 6
10 1 L 3
11 0 L 1
12 0 L 5
13 0 U 6
14 1 L 7
15 1 U 14
16 0 U -1
17 1 U -1
18 0 U 16
19 1 U 18
20 1 U -1
21 0 L 20
22 1 U 18
23 1 L -1
24 0 L -1
25 1 U 11
26 0 U 17
27 0 L -1
28 0 U 7
29 0 U 20
30 0 U 20
31 0 L 15
32 1 U 27
33 0 L 7
34 0 L 31
35 1 U 31
36 1 U 15
37 1 U 21
38 1 U 28
39 0 U 25
40 0 L 15
41 0 L 3
42 0 L 32
43 0 L 32
44 1 U 35
45 1 L 42
46 0 L 44
47 0 L 15
48
0 0 L -1
1 0 U -1
2 1 L -1
3 0 U -1
4 0 U 2
5 0 L 4
6 1 L 0
7 1 U 0
8 1 L 2
9 0 L 6
10 1 L 3
11 0 L 6
12 0 L 5
13 1 U 6
14 1 L 7
15 1 U 14
16 0 U -1
17 1 U -1
18 0 U 16
19 1 U 18
20 1 U -1
21 0 L 20
22 1 U 18
23 1 L -1
24 0 L -1
25 0 U 11
26 0 U 16
27 0 L -1
28 0 U 7
29 0 U 20
30 0 U 20
31 0 L 14
32 1 U 27
33 0 L 7
34 0 L 31
35 0 U 28
36 0 U 11
37 1 U 21
38 1 U 28
39 0 U 25
40 0 L 15
41 0 L 3
42 0 L 6
43 0 L 32
44 1 U 42
45 1 L 42
46 1 L 44
47 0 L 15
48
0 0 L -1
1 0 U -1
2 0 L -1
3 0 U -1
4 0 U 2
5 0 L 4
6 1 L 0
7 1 U 0
8 1 L 2
9 0 L 6
10 1 L 3
11 0 L 1
12 0 L 5
13 1 U 6
14 1 L 7
15 1 U 14
16 0 U -1
17 1 U -1
18 0 U 16
19 1 U 18
20 1 U -1
21 0 L 20
22 1 U 18
23 1 L -1
24 0 L -1
25 1 U 11
26 1 U 16
27 0 L -1
28 0 U 7
29 0 U 20
30 0 U 20
31 0 L 15
32 1 U 27
33 0 L 10
34 0 L 31
35 0 U 6
36 0 U 31
37 1 U 21
38 1 U 28
39 0 U 25
40 0 L 15
41 0 L 11
42 0 L 6
43 0 L 6
44 1 U 42
45 1 L 42
46 0 L 35
47 0 L 15
48
0 0 U -1
1 0 U -1
2 0 L -1
3 0 U -1
4 0 U 2
5 0 L 4
6 1 L 0
7 1 U 0
8 1 L 2
9 0 L 6
10 1 L 3
11 0 L 1
12 0 L 5
13 0 U 6
14 1 L 7
15 1 U 14
16 0 U -1
17 1 U -1
18 0 U 16
19 1 U 18
20 1 U -1
21 0 L 20
22 1 U 18
23 1 L -1
24 0 L -1
25 1 U 11
26 0 U 16
27 0 L -1
28 0 U 7
29 0 U 20
30 0 U 21
31 0 L 15
32 1 U 27
33 0 L 10
34 0 L 19
35 0 U 6
36 0 U 31
37 1 U 21
38 1 U 28
39 0 U 25
40 0 L 15
41 0 L 11
42 0 L 6
43 0 L 6
44 1 U 40
45 1 L 42
46 0 L 22
47 0 L 15
48
0 0 U -1
1 0 U -1
2 0 L -1
3 0 U -1
4 0 U 2
5 0 L 4
6 1 L 0
7 1 U 0
8 1 L 2
9 0 L 6
10 1 L 3
11 0 L 6
12 0 L 5
13 0 U 6
14 1 L 7
15 1 U 14
16 0 U -1
17 1 U -1
18 0 U 16
19 1 U 18
20 1 U -1
21 0 L 20
22 1 U 18
23 1 L -1
24 0 L -1
25 1 U 11
26 0 U 16
27 0 L -1
28 0 U 7
29 0 U 20
30 0 U 21
31 0 L 15
32 1 U 27
33 0 L 10
34 0 L 19
35 0 U 28
36 1 U 31
37 1 U 21
38 1 U 28
39 0 U 25
40 0 L 15
41 0 L 3
42 0 L 6
43 0 L 32
44 1 U 36
45 1 L 42
46 0 L 22
47 0 L 33
48
0 0 U -1
1 0 U -1
2 0 L -1
3 0 U -1
4 0 U 2
5 0 L 4
6 1 L 0
7 1 U 0
8 1 L 2
9 0 L 6
10 1 L 3
11 0 L 6
12 0 L 5
13 0 U 6
14 1 L 7
15 1 U 14
16 0 U -1
17 1 U -1
18 0 U 16
19 1 U 18
20 1 U -1
21 0 L 20
22 1 U 18
23 1 L -1
24 0 L -1
25 1 U 11
26 0 U 17
27 0 L -1
28 0 U 7
29 0 U 20
30 0 U 20
31 0 L 15
32 1 U 27
33 0 L 10
34 0 L 19
35 0 U 6
36 1 U 31
37 1 U 21
38 1 U 28
39 0 U 25
40 0 L 14
41 0 L 3
42 0 L 6
43 0 L 32
44 1 U 36
45 1 L 42
46 0 L 22
47 0 L 33
48
0 0 U -1
1 0 U -1
2 0 L -1
3 0 U -1
4 0 U 2
5 0 L 4
6 1 L 0
7 1 U 0
8 1 L 2
9 0 L 6
10 1 L 3
11 0 L 6
12 0 L 5
13 0 U 6
14 1 L 10
15 1 U 14
16 0 U -1
17 1 U -1
18 0 U 16
19 1 U 18
20 1 U -1
21 0 L 20
22 1 U 18
23 1 L -1
24 0 L -1
25 1 U 11
26 1 U 17
27 0 L -1
28 0 U 7
29 0 U 20
30 0 U 21
31 0 L 15
32 1 U 27
33 0 L 10
34 0 L 31
35 0 U 6
36 0 U 31
37 1 U 21
38 1 U 28
39 0 U 25
40 0 L 14
41 0 L 3
42 0 L 6
43 0 L 6
44 1 U 39
45 1 L 42
46 0 L 44
47 0 L 14
48
0 0 L -1
1 0 U -1
2 1 L -1
3 0 U -1
4 0 U 2
5 0 L 4
6 1 L 0
7 1 U 0
8 1 L 2
9 0 L 6
10 1 L 3
11 0 L 1
12 0 L 5
13 0 U 6
14 1 L 10
15 1 U 14
16 0 U -1
17 1 U -1
18 0 U 16
19 1 U 18
20 1 U -1
21 0 L 20
22 1 U 18
23 1 L -1
24 0 L -1
25 0 U 11
26 1 U 17
27 0 L -1
28 0 U 7
29 0 U 20
30 0 U 20
31 0 L 15
32 1 U 27
33 0 L 13
34 0 L 31
35 0 U 6
36 0 U 27
37 1 U 21
38 1 U 28
39 1 U 25
40 0 L 15
41 0 L 9
42 0 L 6
43 0 L 32
44 0 L 39
45 1 L 42
46 0 L 22
47 0 L 33
48
0 0 L -1
1 0 U -1
2 0 L -1
3 0 U -1
4 0 U 2
5 0 L 4
6 1 L 0
7 1 U 0
8 1 L 2
9 0 L 6
10 1 L 3
11 0 L 6
12 0 L 5
13 0 U 6
14 1 L 10
15 1 U 14
16 0 U -1
17 1 U -1
18 0 U 16
19 1 U 18
20 1 U -1
21 0 L 20
22 1 U 18
23 1 L -1
24 0 L -1
25 0 U 11
26 1 U 17
27 0 L -1
28 0 U 7
29 0 U 20
30 0 U 21
31 0 L 15
32 1 U 27
33 0 L 13
34 0 L 19
35 0 U 6
36 0 U 10
37 1 U 21
38 1 U 28
39 1 U 24
40 0 L 15
41 0 L 3
42 0 L 6
43 0 L 32
44 1 L 39
45 1 L 42
46 1 L 39
47 0 L 33
48
0 0 U -1
1 0 U -1
2 0 L -1
3 0 U -1
4 0 U 2
5 0 L 4
6 1 L 0
7 1 U 0
8 1 L 2
9 0 L 6
10 1 L 3
11 0 L 1
12 0 L 5
13 0 U 6
14 1 L 10
15 1 U 14
16 0 U -1
17 1 U -1
18 0 U 16
19 1 U 18
20 1 U -1
21 0 L 20
22 1 U 18
23 1 L -1
24 0 L -1
25 1 U 11
26 1 U 16
27 0 L -1
28 0 U 7
29 0 U 20
30 0 U 0
31 0 L 15
32 1 U 27
33 0 L 13
34 0 L 19
35 0 U 28
36 0 U 15
37 1 U 21
38 1 U 28
39 1 U 24
40 0 L 15
41 0 L 3
42 0 L 6
43 0 L 32
44 1 L 39
45 1 L 42
46 0 L 35
47 0 L 33
48
0 0 U -1
1 0 U -1
2 0 L -1
3 0 U -1
4 0 U 3
5 0 L 4
6 1 L 0
7 1 U 0
8 1 L 2
9 0 L 6
10 1 L 3
11 0 L 1
12 0 L 5
13 0 U 6
14 1 L 10
15 1 U 14
16 0 U -1
17 1 U -1
18 0 U 16
19 1 U 18
20 1 U -1
21 0 L 20
22 1 U 18
23 1 L -1
24 0 L -1
25 1 U 3
26 0 U 16
27 0 L -1
28 0 U 7
29 0 U 20
30 0 U 21
31 0 L 15
32 1 U 27
33 0 L 13
34 0 L 31
35 0 U 6
36 0 U 22
37 1 U 21
38 1 U 28
39 1 U 24
40 0 L 15
41 0 L 3
42 0 L 6
43 0 L 32
44 1 L 39
45 1 L 42
46 0 U 15
47 0 L 33
48
0 0 L -1
1 0 U -1
2 0 L -1
3 0 U -1
4 0 U 3
5 0 L 4
6 1 L 0
7 1 U 0
8 1 L 2
9 0 L 6
10 1 L 3
11 0 L 1
12 0 L 5
13 0 U 6
14 1 L 10
15 1 U 14
16 0 U -1
17 1 U -1
18 0 U 16
19 1 U 18
20 1 U -1
21 0 L 20
22 1 U 18
23 1 L -1
24 0 L -1
25 1 U 2
26 1 U 16
27 0 L -1
28 0 U 8
29 0 U 20
30 0 U 0
31 0 L 15
32 1 U 27
33 0 L 7
34 0 L 31
35 0 U 28
36 0 U 22
37 1 U 21
38 1 U 28
39 1 U 24
40 0 L 15
41 0 L 3
42 0 L 32
43 1 L 6
44 0 L 30
45 1 L 42
46 0 U 38
47 0 L 33
48
0 0 L -1
1 0 U -1
2 0 L -1
3 0 U -1
4 0 U 3
5 0 L 4
6 1 L 0
7 1 U 0
8 1 L 2
9 0 L 6
10 1 L 3
11 0 L 1
12 0 L 5
13 0 U 6
14 1 L 10
15 1 U 14
16 0 U -1
17 1 U -1
18 0 U 16
19 1 U 18
20 1 U -1
21 0 L 20
22 1 U 18
23 1 L -1
24 0 L -1
25 1 U 2
26 1 U 16
27 0 L -1
28 0 U 8
29 0 U 20
30 0 U 21
31 0 L 15
32 1 U 27
33 0 L 7
34 0 L 31
35 0 U 28
36 1 U 24
37 1 U 21
38 1 U 28
39 1 U 24
40 0 L 15
41 0 L 11
42 0 L 6
43 0 L 6
44 0 L 39
45 1 L 42
46 0 U 38
47 0 L 33
48
0 0 U -1
1 0 U -1
2 1 L -1
3 0 U -1
4 0 U 2
5 0 L 4
6 1 L 0
7 1 U 0
8 1 L 2
9 0 L 6
10 1 L 3
11 0 L 6
12 0 L 5
13 0 U 6
14 1 L 10
15 1 U 14
16 0 U -1
17 1 U -1
18 0 U 16
19 1 U 18
20 1 U -1
21 0 L 20
22 1 U 18
23 1 L -1
24 0 L -1
25 0 U 20
26 0 U 16
27 0 L -1
28 0 U 8
29 0 U 20
30 0 U 0
31 0 L 15
32 1 U 27
33 0 L 7
34 0 L 31
35 0 U 28
36 1 U 22
37 1 U 21
38 1 U 28
39 1 U 22
40 0 L 15
41 0 L 9
42 0 L 6
43 0 L 6
44 0 L 39
45 1 L 42
46 0 U 22
47 0 L 33
48
0 0 L -1
1 0 U -1
2 1 L -1
3 0 U -1
4 0 U 2
5 0 L 4
6 1 L 0
7 1 U 0
8 1 L 2
9 0 L 6
10 1 L 3
11 0 L 1
12 0 L 5
13 0 U 6
14 1 L 10
15 1 U 14
16 0 U -1
17 1 U -1
18 0 U 16
19 1 U 18
20 1 U -1
21 0 L 20
22 1 U 18
23 1 L -1
24 0 L -1
25 0 U 20
26 1 U 16
27 0 L -1
28 0 U 7
29 0 U 20
30 0 U 0
31 0 L 15
32 1 U 27
33 0 L 13
34 0 L 31
35 0 U 6
36 1 U 22
37 1 U 21
38 1 U 28
39 1 U 22
40 0 L 15
41 0 L 9
42 0 L 6
43 0 L 32
44 1 U 39
45 1 L 42
46 0 U 31
47 0 L 15
48
0 0 L -1
1 0 U -1
2 0 L -1
3 0 U -1
4 0 U 3
5 0 L 4
6 1 L 0
7 1 U 0
8 1 L 2
9 0 L 6
10 1 L 3
11 0 L 6
12 0 L 5
13 1 U 6
14 1 L 7
15 1 U 14
16 0 U -1
17 1 U -1
18 0 U 16
19 1 U 18
20 1 U -1
21 0 L 20
22 1 U 18
23 1 L -1
24 0 L -1
25 1 U 20
26 1 U 17
27 0 L -1
28 0 U 7
29 0 U 20
30 0 U 0
31 0 L 14
32 1 U 27
33 0 L 7
34 0 L 31
35 0 U 6
36 1 U 31
37 1 U 21
38 1 U 28
39 1 U 22
40 0 L 15
41 0 L 3
42 0 L 6
43 0 L 32
44 0 U 22
45 1 L 42
46 0 U 22
47 0 L 14
48
0 0 L -1
1 0 U -1
2 0 L -1
3 0 U -1
4 0 U 3
5 0 L 4
6 1 L 0
7 1 U 0
8 1 L 2
9 0 L 6
10 1 L 3
11 0 L 1
12 0 L 5
13 0 U 6
14 1 L 7
15 1 U 14
16 0 U -1
17 1 U -1
18 0 U 16
19 1 U 13
20 1 U -1
21 0 L 20
22 1 U 18
23 1 L -1
24 0 L -1
25 1 U 20
26 0 U 17
27 0 L -1
28 0 U 7
29 0 U 20
30 0 U 20
31 0 L 15
32 1 U 27
33 0 L 13
34 0 L 31
35 0 U 6
36 1 U 10
37 1 U 21
38 1 U 28
39 1 U 22
40 0 L 26
41 0 L 9
42 0 L 6
43 0 L 32
44 0 U 22
45 1 L 42
46 0 U 22
47 0 L 15
48
0 0 U -1
1 0 U -1
2 1 L -1
3 0 U -1
4 0 U 2
5 0 L 4
6 1 L 0
7 1 U 0
8 1 L 2
9 0 L 6
10 1 L 3
11 0 L 1
12 0 L 5
13 0 U 6
14 1 L 10
15 1 U 14
16 0 U -1
17 1 U -1
18 0 U 16
19 1 U 18
20 1 U -1
21 0 L 20
22 1 U 18
23 1 L -1
24 0 L -1
25 1 U 3
26 0 U 16
27 0 L -1
28 0 U 7
29 0 U 20
30 0 U 21
31 0 L 15
32 1 U 27
33 0 L 13
34 0 L 25
35 0 U 6
36 1 U 27
37 1 U 21
38 1 U 6
39 1 U 22
40 0 L 29
41 0 L 3
42 0 L 6
43 0 L 32
44 0 U 22
45 1 L 42
46 0 U 22
47 0 L 15
48
0 0 L -1
1 0 U -1
2 0 L -1
3 0 U -1
4 0 U 3
5 0 L 4
6 1 L 0
7 1 U 0
8 1 L 2
9 0 L 6
10 1 L 3
11 0 L 1
12 0 L 5
13 0 U 6
14 1 L 7
15 1 U 14
16 0 U -1
17 1 U -1
18 0 U 16
19 1 U 18
20 1 U -1
21 0 L 20
22 1 U 18
23 1 L -1
24 0 L -1
25 1 U 2
26 0 U 16
27 0 L -1
28 0 U 7
29 0 U 20
30 0 U 21
31 0 L 15
32 1 U 27
33 0 L 13
34 0 L 31
35 0 U 6
36 1 U 4
37 1 U 21
38 1 U 6
39 1 U 22
40 0 L 15
41 0 L 3
42 0 L 32
43 1 L 32
44 0 U 22
45 1 L 42
46 1 U 24
47 0 L 15
48
0 0 U -1
1 0 U -1
2 0 L -1
3 0 U -1
4 0 U 3
5 0 L 4
6 1 L 0
7 1 U 0
8 1 L 2
9 0 L 6
10 1 L 3
11 0 L 6
12 0 L 5
13 0 U 6
14 1 L 7
15 1 U 14
16 0 U -1
17 1 U -1
18 0 U 16
19 1 U 18
20 1 U -1
21 0 L 20
22 1 U 18
23 1 L -1
24 0 L -1
25 1 U 20
26 1 U 16
27 0 L -1
28 0 U 7
29 0 U 20
30 0 U 21
31 0 L 15
32 1 U 27
33 0 L 13
34 0 L 19
35 0 U 6
36 0 U 30
37 1 U 21
38 1 U 28
39 0 U 22
40 0 L 14
41 0 L 20
42 0 L 6
43 1 L 32
44 0 L 22
45 1 L 42
46 1 U 40
47 0 L 15
48
0 0 L -1
1 0 U -1
2 0 L -1
3 0 U -1
4 0 U 3
5 0 L 4
6 1 L 0
7 1 U 0
8 1 L 2
9 0 L 6
10 1 L 3
11 0 L 1
12 0 L 5
13 0 U 6
14 1 L 7
15 1 U 14
16 0 U -1
17 1 U -1
18 0 U 16
19 1 U 18
20 1 U -1
21 0 L 20
22 1 U 18
23 1 L -1
24 0 L -1
25 1 U 20
26 1 U 16
27 0 L -1
28 0 U 7
29 0 U 20
30 0 U 21
31 0 L 14
32 1 U 27
33 0 L 3
34 0 L 19
35 1 L 6
36 1 U 30
37 1 U 21
38 1 U 28
39 0 U 22
40 0 L 14
41 0 L 34
42 0 L 6
43 0 L 18
44 0 L 22
45 1 L 42
46 1 U 40
47 0 L 33
48
0 0 U -1
1 0 U -1
2 1 L -1
3 0 U -1
4 0 U 3
5 0 L 4
6 1 L 0
7 1 U 0
8 1 L 2
9 0 L 6
10 1 L 3
11 0 L 6
12 0 L 5
13 0 U 6
14 1 L 7
15 1 U 14
16 0 U -1
17 1 U -1
18 0 U 16
19 1 U 18
20 1 U -1
21 0 L 20
22 1 U 18
23 1 L -1
24 0 L -1
25 1 U 20
26 1 U 16
27 0 L -1
28 0 U 7
29 0 U 20
30 0 U 21
31 0 L 14
32 1 U 27
33 1 L 3
34 0 L 19
35 0 U 6
36 1 U 30
37 1 U 21
38 1 U 6
39 0 U 22
40 0 L 15
41 0 L 34
42 0 L 6
43 1 L 32
44 0 L 22
45 1 L 42
46 1 U 40
47 0 L 14
48
0 0 U -1
1 0 U -1
2 0 L -1
3 0 U -1
4 0 U 3
5 0 L 4
6 1 L 0
7 1 U 0
8 1 L 2
9 0 L 6
10 1 L 3
11 0 L 1
12 0 L 5
13 0 U 6
14 1 L 7
15 1 U 14
16 0 U -1
17 1 U -1
18 0 U 16
19 1 U 18
20 1 U -1
21 0 L 20
22 1 U 18
23 1 L -1
24 0 L -1
25 1 L 23
26 1 U 17
27 0 L -1
28 0 U 7
29 0 U 20
30 0 U 21
31 0 L 15
32 1 U 27
33 0 L 3
34 0 L 19
35 0 U 28
36 0 U 27
37 1 U 21
38 1 U 28
39 0 U 22
40 0 L 15
41 0 L 26
42 0 L 6
43 0 L 32
44 0 L 5
45 1 L 42
46 1 U 40
47 0 L 14
48
0 0 L -1
1 0 U -1
2 1 L -1
3 0 U -1
4 0 U 3
5 0 L 4
6 1 L 0
7 1 U 0
8 1 L 2
9 0 L 6
10 1 L 3
11 0 L 1
12 0 L 5
13 0 U 6
14 1 L 10
15 1 U 14
16 0 U -1
17 1 U -1
18 0 U 16
19 1 U 18
20 1 U -1
21 0 L 20
22 1 U 18
23 1 L -1
24 0 L -1
25 0 L 23
26 1 U 17
27 0 L -1
28 0 U 7
29 0 U 20
30 0 U 21
31 0 L 15
32 1 U 27
33 0 L 3
34 0 L 19
35 0 U 22
36 0 U 10
37 1 U 21
38 1 U 6
39 0 U 22
40 0 L 15
41 0 L 26
42 0 L 25
43 1 L 32
44 0 L 7
45 1 L 42
46 1 U 40
47 0 L 14
48
0 0 L -1
1 0 U -1
2 1 L -1
3 0 U -1
4 0 U 3
5 0 L 4
6 1 L 0
7 1 U 0
8 1 L 2
9 0 L 6
10 1 L 3
11 0 L 1
12 0 L 5
13 0 U 6
14 1 L 7
15 1 U 14
16 0 U -1
17 1 U -1
18 0 U 16
19 1 U 18
20 1 U -1
21 0 L 20
22 1 U 18
23 1 L -1
24 0 L -1
25 0 L 23
26 1 U 17
27 0 L -1
28 0 U 7
29 0 U 20
30 0 U 21
31 0 L 15
32 1 U 27
33 0 L 3
34 0 L 31
35 0 U 6
36 1 U 31
37 1 U 21
38 1 U 28
39 0 U 22
40 0 L 20
41 1 L 34
42 0 L 25
43 1 L 32
44 0 L 7
45 1 L 42
46 1 U 40
47 0 L 15
48
0 0 U -1
1 0 U -1
2 1 L -1
3 0 U -1
4 0 U 3
5 0 L 4
6 1 L 0
7 1 U 0
8 1 L 2
9 0 L 6
10 1 L 3
11 0 L 6
12 0 L 5
13 0 U 6
14 1 L 7
15 1 U 14
16 0 U -1
17 1 U -1
18 0 U 16
19 1 U 13
20 1 U -1
21 0 L 20
22 1 U 18
23 1 L -1
24 0 L -1
25 0 L 24
26 1 U 17
27 0 L -1
28 0 U 7
29 0 U 20
30 0 U 0
31 0 L 14
32 1 U 27
33 0 L 3
34 0 L 31
35 0 U 22
36 1 U 10
37 1 U 21
38 1 U 6
39 0 U 22
40 0 L 36
41 1 L 34
42 0 L 25
43 0 L 32
44 0 L 7
45 1 L 42
46 1 U 40
47 0 L 15
48
0 0 L -1
1 0 U -1
2 1 L -1
3 0 U -1
4 0 U 3
5 0 L 4
6 1 L 0
7 1 U 0
8 1 L 2
9 0 L 6
10 1 L 3
11 0 L 1
12 0 L 5
13 1 U 6
14 1 L 7
15 1 U 14
16 0 U -1
17 1 U -1
18 0 U 16
19 1 U 13
20 1 U -1
21 0 L 20
22 1 U 18
23 1 L -1
24 0 L -1
25 1 L 16
26 0 U 17
27 0 L -1
28 0 U 7
29 0 U 20
30 0 U 21
31 0 L 14
32 1 U 27
33 0 L 3
34 0 L 19
35 0 U 22
36 1 U 10
37 1 U 21
38 1 U 6
39 0 U 22
40 0 L 36
41 1 L 34
42 0 L 6
43 0 L 32
44 0 L 5
45 1 L 42
46 1 U 40
47 0 L 15
48
0 0 L -1
1 0 U -1
2 1 L -1
3 0 U -1
4 0 U 3
5 0 L 4
6 1 L 0
7 1 U 0
8 1 L 2
9 0 L 6
10 1 L 3
11 0 L 6
12 0 L 5
13 1 U 6
14 1 L 7
15 1 U 14
16 0 U -1
17 1 U -1
18 0 U 16
19 1 U 13
20 1 U -1
21 0 L 20
22 1 U 18
23 1 L -1
24 0 L -1
25 1 L 16
26 1 U 17
27 0 L -1
28 0 U 8
29 0 U 20
30 0 U 21
31 0 L 14
32 1 U 27
33 0 L 4
34 0 L 31
35 0 U 22
36 0 U 35
37 1 U 21
38 1 U 28
39 0 U 22
40 0 L 20
41 1 L 34
42 0 L 32
43 0 L 32
44 0 L 5
45 1 L 42
46 1 U 40
47 0 L 14
48
0 0 L -1
1 0 U -1
2 1 L -1
3 0 U -1
4 0 U 3
5 0 L 4
6 1 L 0
7 1 U 5
8 1 L 2
9 0 L 6
10 1 L 3
11 0 L 6
12 0 L 5
13 0 U 6
14 1 L 7
15 1 U 14
16 0 U -1
17 1 U -1
18 0 U 16
19 1 U 13
20 1 U -1
21 0 L 20
22 1 U 18
23 1 L -1
24 0 L -1
25 1 L 16
26 0 U 16
27 0 L -1
28 0 U 8
29 0 U 20
30 0 U 21
31 0 L 14
32 1 U 27
33 0 L 4
34 0 L 31
35 0 U 22
36 0 U 4
37 1 U 21
38 1 U 28
39 0 U 22
40 0 L 29
41 1 L 34
42 0 L 6
43 0 L 6
44 0 L 33
45 1 L 42
46 1 U 40
47 0 L 15
48
0 0 U -1
1 0 U -1
2 0 L -1
3 0 U -1
4 0 U 3
5 0 L 4
6 1 L 0
7 1 U 5
8 1 L 2
9 0 L 6
10 1 L 3
11 0 L 1
12 0 L 5
13 1 U 6
14 1 L 7
15 1 U 14
16 0 U -1
17 1 U -1
18 0 U 16
19 1 U 18
20 1 U -1
21 0 L 20
22 1 U 18
23 1 L -1
24 0 L -1
25 1 L 16
26 1 U 17
27 0 L -1
28 0 U 8
29 0 U 20
30 0 U 20
31 0 L 15
32 1 U 27
33 0 L 3
34 0 L 31
35 1 U 22
36 0 L 35
37 1 U 21
38 1 U 28
39 0 U 22
40 0 L 26
41 1 L 34
42 0 L 6
43 1 L 6
44 0 L 33
45 1 L 42
46 1 U 40
47 0 L 15
48
0 0 L -1
1 0 U -1
2 1 L -1
3 0 U -1
4 0 U 3
5 0 L 4
6 1 L 0
7 1 U 5
8 1 L 2
9 0 L 6
10 1 L 3
11 0 L 6
12 0 L 5
13 0 U 6
14 1 L 7
15 1 U 9
16 0 U -1
17 1 U -1
18 0 U 16
19 1 U 18
20 1 U -1
21 0 L 20
22 1 U 18
23 1 L -1
24 0 L -1
25 1 L 12
26 1 U 17
27 0 L -1
28 0 U 8
29 0 U 20
30 0 U 20
31 0 L 15
32 1 U 27
33 1 L 3
34 0 L 31
35 1 U 22
36 0 U 35
37 1 U 21
38 1 U 28
39 0 U 22
40 0 L 26
41 1 L 34
42 0 L 6
43 1 L 6
44 0 L 33
45 1 L 42
46 1 U 40
47 0 L 15
48
0 0 U -1
1 0 U -1
2 1 L -1
3 0 U -1
4 0 U 3
5 0 L 4
6 1 L 0
7 1 U 0
8 1 L 2
9 0 L 6
10 1 L 3
11 0 L 1
12 0 L 5
13 0 U 6
14 1 L 7
15 1 U 14
16 0 U -1
17 1 U -1
18 0 U 16
19 1 U 18
20 1 U -1
21 0 L 20
22 1 U 18
23 1 L -1
24 0 L -1
25 1 U 20
26 0 U 16
27 0 L -1
28 0 U 8
29 0 U 20
30 0 U 20
31 0 L 15
32 1 U 27
33 1 L 11
34 0 L 25
35 1 U 22
36 1 U 35
37 1 U 21
38 1 U 28
39 0 U 22
40 0 L 36
41 1 L 34
42 0 L 6
43 1 L 6
44 0 L 33
45 1 L 42
46 1 U 40
47 0 L 15
48
0 0 U -1
1 0 U -1
2 1 L -1
3 0 U -1
4 0 U 3
5 0 L 4
6 1 L 0
7 1 U 5
8 1 L 2
9 0 L 6
10 1 L 3
11 0 L 1
12 0 L 5
13 1 U 6
14 1 L 7
15 1 U 14
16 0 U -1
17 1 U -1
18 0 U 16
19 1 U 18
20 1 U -1
21 0 L 20
22 1 U 18
23 1 L -1
24 0 L -1
25 0 U 20
26 1 U 16
27 0 L -1
28 0 U 8
29 0 U 20
30 0 U 0
31 1 L 14
32 1 U 27
33 1 L 11
34 0 L 25
35 1 U 22
36 0 L 35
37 1 U 0
38 1 U 28
39 0 U 22
40 0 L 36
41 1 L 34
42 0 L 6
43 0 L 6
44 0 L 33
45 1 L 42
46 1 U 40
47 0 L 15
48
0 0 U -1
1 0 U -1
2 0 L -1
3 0 U -1
4 0 U 3
5 0 L 4
6 1 L 0
7 1 U 0
8 1 L 2
9 0 L 6
10 1 L 3
11 0 L 1
12 0 L 5
13 1 U 6
14 1 L 7
15 1 U 14
16 0 U -1
17 1 U -1
18 0 U 16
19 1 U 13
20 1 U -1
21 0 L 20
22 1 U 18
23 1 L -1
24 0 L -1
25 0 U 20
26 1 U 17
27 0 L -1
28 0 U 8
29 0 U 20
30 0 U 20
31 1 L 14
32 1 U 27
33 1 L 11
34 0 L 25
35 1 U 24
36 1 L 4
37 1 U 0
38 1 U 28
39 0 U 22
40 0 L 20
41 1 L 34
42 0 L 6
43 0 L 6
44 0 L 33
45 1 L 42
46 1 U 40
47 0 L 14
48
0 0 L -1
1 0 U -1
2 0 L -1
3 0 U -1
4 0 U 3
5 0 L 4
6 1 L 0
7 1 U 0
8 1 L 2
9 0 L 6
10 1 L 3
11 0 L 6
12 0 L 5
13 0 U 6
14 1 L 7
15 1 U 14
16 0 U -1
17 1 U -1
18 0 U 16
19 1 U 13
20 1 U -1
21 0 L 20
22 1 U 18
23 1 L -1
24 0 L -1
25 0 U 20
26 1 U 16
27 0 L -1
28 0 U 8
29 0 U 20
30 0 U 21
31 1 L 15
32 1 U 27
33 0 L 3
34 0 L 25
35 1 U 22
36 1 L 20
37 1 U 0
38 1 U 28
39 0 U 22
40 0 L 26
41 0 L 34
42 0 L 6
43 0 L 6
44 0 L 33
45 1 L 42
46 1 U 40
47 0 L 44
48
0 0 U -1
1 0 U -1
2 0 L -1
3 0 U -1
4 0 U 3
5 0 L 4
6 1 L 0
7 1 U 0
8 1 L 2
9 0 L 6
10 1 L 3
11 0 L 1
12 0 L 5
13 0 U 6
14 1 L 7
15 1 U 14
16 0 U -1
17 1 U -1
18 0 U 16
19 1 U 18
20 1 U -1
21 0 L 20
22 1 U 18
23 1 L -1
24 0 L -1
25 1 U 20
26 0 U 17
27 0 L -1
28 0 U 8
29 0 U 20
30 0 U 0
31 1 L 15
32 1 U 27
33 0 L 3
34 0 L 31
35 0 U 22
36 1 L 35
37 1 U 21
38 1 U 28
39 0 U 22
40 0 L 26
41 0 L 34
42 0 L 6
43 0 L 6
44 0 L 7
45 1 L 42
46 1 U 40
47 0 L 44
48
0 0 L -1
1 0 U -1
2 0 L -1
3 0 U -1
4 0 U 3
5 0 L 4
6 1 L 0
7 1 U 5
8 1 L 2
9 0 L 6
10 1 L 3
11 0 L 1
12 0 L 5
13 1 U 6
14 1 L 7
15 1 U 14
16 0 U -1
17 1 U -1
18 0 U 16
19 1 U 18
20 1 U -1
21 0 L 20
22 1 U 18
23 1 L -1
24 0 L -1
25 1 U 2
26 1 U 16
27 0 L -1
28 0 U 8
29 0 U 20
30 0 U 0
31 1 L 14
32 1 U 27
33 0 L 3
34 0 L 31
35 0 U 15
36 0 U 22
37 1 U 21
38 1 U 28
39 0 U 22
40 0 L 26
41 1 L 34
42 0 L 6
43 1 L 32
44 0 L 7
45 1 L 42
46 1 U 40
47 0 L 44
48
0 0 L -1
1 0 U -1
2 0 L -1
3 0 U -1
4 0 U 2
5 0 L 4
6 1 L 0
7 1 U 0
8 1 L 2
9 0 L 6
10 1 L 3
11 0 L 6
12 0 L 5
13 1 U 6
14 1 L 7
15 1 U 14
16 0 U -1
17 1 U -1
18 0 U 16
19 1 U 13
20 1 U -1
21 0 L 20
22 1 U 18
23 1 L -1
24 0 L -1
25 1 U 20
26 1 U 16
27 0 L -1
28 0 U 8
29 0 U 20
30 0 U 20
31 1 L 15
32 1 U 27
33 0 L 3
34 0 L 31
35 0 U 10
36 1 U 22
37 1 U 0
38 1 U 28
39 0 U 22
40 0 L 26
41 1 L 34
42 0 L 6
43 0 L 32
44 0 L 7
45 1 L 42
46 1 U 40
47 0 L 44
48
0 0 L -1
1 0 U -1
2 0 L -1
3 0 U -1
4 0 U 3
5 0 L 4
6 1 L 0
7 1 U 0
8 1 L 2
9 0 L 6
10 1 L 3
11 0 L 1
12 0 L 5
13 0 U 6
14 1 L 7
15 1 U 14
16 0 U -1
17 1 U -1
18 0 U 16
19 1 U 13
20 1 U -1
21 0 L 20
22 1 U 18
23 1 L -1
24 0 L -1
25 0 U 20
26 1 U 16
27 0 L -1
28 0 U 8
29 0 U 20
30 0 U 3
31 1 L 15
32 1 U 27
33 0 L 3
34 0 L 25
35 0 U 10
36 1 U 28
37 1 U 0
38 1 U 28
39 0 U 22
40 0 L 35
41 1 L 34
42 0 L 6
43 0 L 32
44 0 L 13
45 1 L 42
46 1 U 40
47 0 L 44
48
0 0 L -1
1 0 U -1
2 0 L -1
3 0 U -1
4 0 U 3
5 0 L 4
6 1 L 0
7 1 U 0
8 1 L 2
9 0 L 6
10 1 L 3
11 0 L 6
12 0 L 5
13 0 U 6
14 1 L 10
15 1 U 14
16 0 U -1
17 1 U -1
18 0 U 16
19 1 U 13
20 1 U -1
21 0 L 20
22 1 U 18
23 1 L -1
24 0 L -1
25 1 U 2
26 1 U 16
27 0 L -1
28 0 U 8
29 0 U 20
30 0 U 3
31 0 L 15
32 1 U 27
33 0 L 3
34 0 L 25
35 0 U 15
36 0 U 21
37 1 U 0
38 1 U 28
39 0 U 22
40 0 L 35
41 1 L 34
42 0 L 6
43 1 L 32
44 0 L 13
45 1 L 42
46 1 U 40
47 0 L 14
48
0 0 L -1
1 0 U -1
2 0 L -1
3 0 U -1
4 0 U 3
5 0 L 4
6 1 L 0
7 1 U 0
8 1 L 2
9 0 L 6
10 1 L 3
11 0 L 1
12 0 L 5
13 0 U 6
14 1 L 10
15 1 U 14
16 0 U -1
17 1 U -1
18 0 U 16
19 1 U 18
20 1 U -1
21 0 L 20
22 1 U 18
23 1 L -1
24 0 L -1
25 1 U 2
26 0 U 16
27 0 L -1
28 0 U 7
29 0 U 20
30 0 U 0
31 1 L 15
32 1 U 27
33 0 L 3
34 0 L 25
35 0 U 24
36 1 U 28
37 1 U 21
38 1 U 28
39 0 U 22
40 0 L 35
41 1 L 34
42 0 L 6
43 0 L 32
44 0 L 13
45 1 L 42
46 1 U 40
47 0 L 44
48
0 0 U -1
1 0 U -1
2 1 L -1
3 0 U -1
4 0 U 3
5 0 L 4
6 1 L 0
7 1 U 5
8 1 L 2
9 0 L 6
10 1 L 3
11 0 L 6
12 0 L 5
13 1 U 6
14 1 L 10
15 1 U 14
16 0 U -1
17 1 U -1
18 0 U 16
19 1 U 18
20 1 U -1
21 0 L 20
22 1 U 18
23 1 L -1
24 0 L -1
25 1 U 3
26 1 U 17
27 0 L -1
28 0 U 8
29 0 U 20
30 0 U 20
31 0 L 15
32 1 U 27
33 0 L 3
34 0 L 25
35 1 U 24
36 1 U 28
37 1 U 21
38 1 U 28
39 0 U 22
40 0 L 35
41 1 L 34
42 0 L 6
43 0 L 6
44 1 L 13
45 1 L 42
46 1 U 40
47 0 L 13
48
0 0 L -1
1 0 U -1
2 0 L -1
3 0 U -1
4 0 U 3
5 0 L 4
6 1 L 0
7 1 U 5
8 1 L 2
9 0 L 6
10 1 L 3
11 0 L 6
12 0 L 5
13 0 U 6
14 1 L 7
15 1 U 14
16 0 U -1
17 1 U -1
18 0 U 16
19 1 U 18
20 1 U -1
21 0 L 20
22 1 U 18
23 1 L -1
24 0 L -1
25 1 U 3
26 1 U 16
27 0 L -1
28 0 U 8
29 0 U 20
30 0 U 21
31 0 L 15
32 1 U 27
33 0 L 18
34 0 L 25
35 1 U 24
36 1 U 4
37 1 U 21
38 1 U 28
39 0 U 22
40 0 L 29
41 1 L 34
42 0 L 6
43 1 L 6
44 1 L 7
45 1 L 42
46 1 U 40
47 0 L 13
48
0 0 L -1
1 0 U -1
2 0 L -1
3 0 U -1
4 0 U 3
5 0 L 4
6 1 L 0
7 1 U 0
8 1 L 2
9 0 L 6
10 1 L 3
11 0 L 6
12 0 L 5
13 0 U 6
14 1 L 7
15 1 U 14
16 0 U -1
17 1 U -1
18 0 U 16
19 1 U 18
20 1 U -1
21 0 L 20
22 1 U 18
23 1 L -1
24 0 L -1
25 1 U 2
26 1 U 16
27 0 L -1
28 0 U 8
29 0 U 20
30 0 U 0
31 0 L 15
32 1 U 27
33 0 L 18
34 0 L 25
35 0 U 22
36 0 L 3
37 1 U 21
38 1 U 28
39 0 U 22
40 0 L 29
41 1 L 34
42 0 L 32
43 1 L 32
44 1 L 7
45 0 L 42
46 1 U 40
47 0 L 45
48
0 0 L -1
1 0 U -1
2 1 L -1
3 0 U -1
4 0 U 2
5 0 L 4
6 1 L 0
7 1 U 5
8 1 L 2
9 0 L 6
10 1 L 3
11 0 L 6
12 0 L 5
13 0 U 6
14 1 L 10
15 1 U 14
16 0 U -1
17 1 U -1
18 0 U 16
19 1 U 18
20 1 U -1
21 0 L 20
22 1 U 18
23 1 L -1
24 0 L -1
25 0 L 11
26 1 U 16
27 0 L -1
28 0 U 8
29 0 U 20
30 0 U 21
31 0 L 15
32 1 U 27
33 0 L 18
34 0 L 33
35 1 U 22
36 0 L 12
37 1 U 0
38 1 U 28
39 0 U 22
40 0 L 26
41 1 L 34
42 0 L 32
43 0 L 32
44 1 L 7
45 0 L 42
46 1 U 40
47 0 L 45
48
0 0 L -1
1 0 U -1
2 0 L -1
3 0 U -1
4 0 U 3
5 0 L 4
6 1 L 0
7 1 U 5
8 1 L 2
9 0 L 6
10 1 L 3
11 0 L 1
12 0 L 5
13 0 U 6
14 1 L 10
15 1 U 14
16 0 U -1
17 1 U -1
18 0 U 16
19 1 U 18
20 1 U -1
21 0 L 20
22 1 U 18
23 1 L -1
24 0 L -1
25 0 L 23
26 1 U 16
27 0 L -1
28 0 U 8
29 0 U 20
30 0 U 21
31 0 L 15
32 1 U 27
33 0 L 18
34 0 L 33
35 0 U 22
36 1 L 12
37 1 U 0
38 1 U 28
39 0 U 22
40 0 L 26
41 1 L 34
42 0 L 32
43 1 L 25
44 1 L 7
45 1 L 42
46 1 U 40
47 0 L 9
48
0 0 U -1
1 0 U -1
2 1 L -1
3 0 U -1
4 0 U 2
5 0 L 4
6 1 L 0
7 1 U 5
8 1 L 2
9 0 L 6
10 1 L 3
11 0 L 1
12 0 L 5
13 0 U 6
14 1 L 10
15 1 U 14
16 0 U -1
17 1 U -1
18 0 U 16
19 1 U 18
20 1 U -1
21 0 L 20
22 1 U 18
23 1 L -1
24 0 L -1
25 0 L 23
26 0 U 17
27 0 L -1
28 0 U 8
29 0 U 20
30 0 U 20
31 0 L 15
32 1 U 27
33 0 L 18
34 0 L 19
35 0 U 22
36 0 L 34
37 1 U 0
38 1 U 28
39 0 U 22
40 0 L 26
41 1 L 34
42 0 L 6
43 0 L 25
44 1 L 10
45 1 L 42
46 1 U 40
47 0 L 3
48
0 0 U -1
1 0 U -1
2 0 L -1
3 0 U -1
4 0 U 3
5 0 L 4
6 1 L 0
7 1 U 5
8 1 L 2
9 0 L 6
10 1 L 3
11 0 L 1
12 0 L 5
13 0 U 6
14 1 L 10
15 1 U 14
16 0 U -1
17 1 U -1
18 0 U 16
19 1 U 18
20 1 U -1
21 0 L 20
22 1 U 18
23 1 L -1
24 0 L -1
25 1 L 23
26 0 U 17
27 0 L -1
28 0 U 8
29 0 U 20
30 0 U 0
31 0 L 15
32 1 U 27
33 0 L 16
34 0 L 19
35 1 U 22
36 1 L 9
37 1 U 0
38 1 U 28
39 0 U 22
40 0 L 35
41 1 L 34
42 0 L 6
43 0 L 32
44 1 L 10
45 1 L 42
46 1 U 40
47 0 L 11
48
0 0 L -1
1 0 U -1
2 1 L -1
3 0 U -1
4 0 U 3
5 0 L 4
6 1 L 0
7 1 U 5
8 1 L 2
9 0 L 6
10 1 L 3
11 1 L 6
12 0 L 5
13 0 U 6
14 1 L 10
15 1 U 14
16 0 U -1
17 1 U -1
18 0 U 16
19 1 U 18
20 1 U -1
21 0 L 20
22 1 U 18
23 1 L -1
24 0 L -1
25 1 L 6
26 1 U 17
27 0 L -1
28 0 U 8
29 0 U 20
30 0 U 21
31 0 L 15
32 1 U 27
33 0 L 16
34 0 L 31
35 0 U 28
36 1 L 9
37 1 U 0
38 1 U 28
39 0 U 22
40 0 L 29
41 1 L 34
42 0 L 6
43 0 L 3
44 1 L 5
45 1 L 42
46 1 U 40
47 0 L 7
48
0 0 U -1
1 0 U -1
2 1 L -1
3 0 U -1
4 0 U 3
5 0 L 4
6 1 L 0
7 1 U 0
8 1 L 2
9 0 L 6
10 1 L 3
11 0 L 1
12 0 L 5
13 0 U 6
14 1 L 10
15 1 U 14
16 0 U -1
17 1 U -1
18 0 U 16
19 1 U 18
20 1 U -1
21 0 L 20
22 1 U 18
23 1 L -1
24 0 L 2
25 1 L 20
26 0 U 17
27 0 L -1
28 0 U 8
29 0 U 20
30 0 U 21
31 0 L 15
32 1 U 27
33 0 L 16
34 0 L 31
35 0 U 28
36 1 U 4
37 1 U 21
38 1 U 28
39 0 U 22
40 0 L 29
41 1 L 34
42 0 L 6
43 0 L 3
44 1 L 5
45 1 L 42
46 1 U 40
47 0 L 7
48
0 0 L -1
1 0 U -1
2 0 L -1
3 0 U -1
4 0 U 3
5 0 L 4
6 1 L 0
7 1 U 5
8 1 L 2
9 0 L 6
10 1 L 3
11 1 L 1
12 0 L 5
13 0 U 6
14 1 L 10
15 1 U 14
16 0 U -1
17 1 U -1
18 0 U 16
19 1 U 18
20 1 U -1
21 0 L 20
22 1 U 18
23 1 L -1
24 0 L 2
25 0 L -1
26 1 U 17
27 0 L -1
28 0 U 8
29 0 U 20
30 0 U 3
31 0 L 15
32 1 U 27
33 0 L 16
34 0 L 31
35 0 U 28
36 1 L 3
37 1 U 0
38 1 U 28
39 0 U 22
40 0 L 29
41 1 L 34
42 0 L 6
43 0 L 3
44 1 L 10
45 1 L 42
46 1 U 40
47 0 L 13
48
0 0 L -1
1 0 U -1
2 1 L -1
3 0 U -1
4 0 U 2
5 0 L 4
6 1 L 0
7 1 U 0
8 1 L 2
9 0 L 6
10 1 L 3
11 0 L 1
12 0 L 5
13 0 U 6
14 1 L 7
15 1 U 14
16 0 U -1
17 1 U -1
18 0 U 16
19 1 U 18
20 1 U -1
21 0 L 20
22 1 U 18
23 1 L -1
24 0 L 2
25 0 U 20
26 0 U 16
27 0 L -1
28 0 U 8
29 0 U 20
30 0 U 3
31 0 L 15
32 1 U 27
33 0 L 18
34 0 L 19
35 0 U 28
36 1 L 34
37 1 U 0
38 1 U 28
39 0 U 22
40 0 L 34
41 1 L 34
42 0 L 6
43 0 L 3
44 1 L 7
45 1 L 42
46 1 U 40
47 0 L 7
48
0 0 L -1
1 0 U -1
2 1 L -1
3 0 U -1
4 0 U 3
5 0 L 4
6 1 L 0
7 1 U 5
8 1 L 2
9 0 L 6
10 1 L 3
11 0 L 1
12 0 L 5
13 0 U 6
14 1 L 10
15 1 U 14
16 0 U -1
17 1 U -1
18 0 U 16
19 1 U 18
20 1 U -1
21 0 L 20
22 1 U 18
23 1 L -1
24 0 L 2
25 1 L 9
26 1 U 16
27 0 L -1
28 0 U 8
29 0 U 20
30 0 U 3
31 0 L 15
32 1 U 27
33 0 L 18
34 0 L 19
35 0 U 28
36 0 L 29
37 1 U 21
38 1 U 28
39 0 U 22
40 0 L 26
41 1 L 34
42 0 L 6
43 0 L 11
44 1 L 7
45 1 L 42
46 1 U 40
47 0 L 7
48
0 0 U -1
1 0 U -1
2 0 L -1
3 0 U -1
4 0 U 2
5 0 L 4
6 1 L 0
7 1 U 5
8 1 L 2
9 0 L 6
10 1 L 3
11 0 L 1
12 0 L 5
13 1 U 6
14 1 L 7
15 1 U 14
16 0 U -1
17 1 U -1
18 0 U 16
19 1 U 18
20 1 U -1
21 0 L 20
22 1 U 18
23 1 L -1
24 0 L 2
25 0 L 1
26 0 U 17
27 0 L -1
28 0 U 8
29 0 U 20
30 0 U 3
31 0 L 15
32 1 U 27
33 0 L 18
34 0 L 33
35 0 U 28
36 1 L 34
37 1 U 0
38 1 U 28
39 0 U 22
40 0 L 29
41 1 L 34
42 0 L 6
43 1 L 9
44 1 L 5
45 1 L 42
46 1 U 40
47 0 L 7
48
0 0 U -1
1 0 U -1
2 0 L -1
3 0 U -1
4 0 U 2
5 0 L 4
6 1 L 0
7 1 U 0
8 1 L 2
9 0 L 6
10 1 L 3
11 0 L 1
12 0 L 5
13 0 U 6
14 1 L 7
15 1 U 14
16 0 U -1
17 1 U -1
18 0 U 16
19 1 U 18
20 1 U -1
21 0 L 20
22 1 U 18
23 1 L -1
24 0 L -1
25 1 L 24
26 1 U 17
27 0 L -1
28 0 U 8
29 0 U 20
30 0 U 0
31 0 L 15
32 1 U 27
33 0 L 18
34 0 L 19
35 0 U 22
36 1 L 11
37 1 U 21
38 1 U 28
39 0 U 22
40 0 L 34
41 1 L 34
42 0 L 6
43 1 L 9
44 1 L 5
45 1 L 42
46 1 U 40
47 0 L 43
48
0 0 L -1
1 0 U -1
2 1 L -1
3 0 U -1
4 0 U 2
5 0 L 4
6 1 L 0
7 1 U 5
8 1 L 2
9 0 L 6
10 1 L 3
11 0 L 1
12 0 L 5
13 1 U 6
14 1 L 7
15 1 U 14
16 0 U -1
17 1 U -1
18 0 U 16
19 1 U 18
20 1 U -1
21 0 L 20
22 1 U 18
23 1 L -1
24 0 L -1
25 0 L 24
26 0 U 16
27 0 L -1
28 0 U 8
29 0 U 20
30 0 U 0
31 0 L 15
32 1 U 27
33 0 L 18
34 0 L 33
35 0 U 22
36 0 L 6
37 1 U 21
38 1 U 28
39 0 U 22
40 0 L 35
41 0 L 34
42 0 L 25
43 1 L 9
44 1 L 5
45 1 L 42
46 1 U 40
47 0 L 43
48
0 0 U -1
1 0 U -1
2 1 L -1
3 0 U -1
4 0 U 3
5 0 L 4
6 1 L 0
7 1 U 5
8 1 L 2
9 0 L 6
10 1 L 3
11 1 L 1
12 0 L 5
13 0 U 6
14 1 L 7
15 1 U 14
16 0 U -1
17 1 U -1
18 0 U 16
19 1 U 18
20 1 U -1
21 0 L 20
22 1 U 18
23 1 L -1
24 0 L -1
25 0 L 23
26 1 U 16
27 0 L -1
28 0 U 8
29 0 U 20
30 0 U 0
31 0 L 15
32 1 U 27
33 0 L 18
34 0 L 33
35 0 U 10
36 1 L 32
37 1 U 21
38 1 U 28
39 0 U 22
40 0 L 35
41 1 L 34
42 0 L 25
43 1 L 9
44 1 L 5
45 1 L 42
46 1 U 40
47 0 L 43
48
0 0 L -1
1 0 U -1
2 1 L -1
3 0 U -1
4 0 U 2
5 0 L 4
6 1 L 0
7 1 U 0
8 1 L 2
9 0 L 6
10 1 L 3
11 0 L 1
12 0 L 5
13 1 U 6
14 1 L 7
15 1 U 14
16 0 U -1
17 1 U -1
18 0 U 16
19 1 U 18
20 1 U -1
21 0 L 20
22 1 U 18
23 1 L -1
24 0 L -1
25 0 L 24
26 0 U 16
27 0 L -1
28 0 U 8
29 0 U 20
30 0 U 21
31 0 L 15
32 1 U 27
33 0 L 18
34 0 L 19
35 1 U 24
36 1 L 12
37 1 U 0
38 1 U 28
39 0 U 22
40 0 L 35
41 1 L 34
42 0 L 25
43 1 L 9
44 1 L 13
45 1 L 42
46 1 U 40
47 0 L 43
48
0 0 L -1
1 0 U -1
2 1 L -1
3 0 U -1
4 0 U 3
5 0 L 4
6 1 L 0
7 1 U 0
8 1 L 2
9 0 L 6
10 1 L 3
11 1 L 1
12 0 L 5
13 0 U 6
14 1 L 10
15 1 U 14
16 0 U -1
17 1 U -1
18 0 U 16
19 1 U 18
20 1 U -1
21 0 L 20
22 1 U 18
23 1 L -1
24 0 L -1
25 0 L 24
26 0 U 17
27 0 L -1
28 0 U 8
29 0 U 20
30 0 U 20
31 0 L 15
32 1 U 27
33 0 L 18
34 0 L 33
35 0 U 24
36 0 L 6
37 1 U 0
38 1 U 28
39 0 U 22
40 0 L 35
41 1 L 34
42 0 L 6
43 1 L 9
44 1 L 5
45 1 L 42
46 1 U 40
47 0 L 43
48
0 0 L -1
1 0 U -1
2 1 L -1
3 0 U -1
4 0 U 3
5 0 L 4
6 1 L 0
7 1 U 5
8 1 L 2
9 0 L 6
10 1 L 3
11 0 L 6
12 0 L 5
13 0 U 6
14 1 L 7
15 1 U 14
16 0 U -1
17 1 U -1
18 0 U 16
19 1 U 18
20 1 U -1
21 0 L 20
22 1 U 18
23 1 L -1
24 0 L -1
25 1 L 9
26 0 U 16
27 0 L -1
28 0 U 8
29 0 U 20
30 0 U 21
31 0 L 15
32 1 U 27
33 0 L 18
34 0 L 33
35 0 U 31
36 0 L 6
37 1 U 21
38 1 U 28
39 0 U 22
40 0 L 35
41 1 L 34
42 0 L 6
43 1 L 9
44 1 L 13
45 1 L 42
46 1 U 40
47 0 L 43
48
0 0 L -1
1 0 U -1
2 1 L -1
3 0 U -1
4 0 U 3
5 0 L 4
6 1 L 0
7 1 U 0
8 1 L 2
9 0 L 6
10 1 L 3
11 1 L 6
12 0 L 5
13 0 U 6
14 1 L 10
15 1 U 14
16 0 U -1
17 1 U -1
18 0 U 16
19 1 U 18
20 1 U -1
21 0 L 20
22 1 U 18
23 1 L -1
24 0 L -1
25 0 L 6
26 1 U 17
27 0 L -1
28 0 U 8
29 0 U 20
30 0 U 21
31 0 L 15
32 1 U 27
33 0 L 18
34 0 L 33
35 0 U 15
36 0 L 4
37 1 U 21
38 1 U 28
39 0 U 22
40 0 L 35
41 1 L 34
42 0 L 32
43 0 L 4
44 1 L 43
45 1 L 42
46 1 U 40
47 0 L 43
48
0 0 U -1
1 0 U -1
2 0 L -1
3 0 U -1
4 0 U 3
5 0 L 4
6 1 L 0
7 1 U 5
8 1 L 2
9 0 L 6
10 1 L 3
11 1 L 1
12 0 L 5
13 1 U 6
14 1 L 7
15 1 U 14
16 0 U -1
17 1 U -1
18 0 U 16
19 1 U 18
20 1 U -1
21 0 L 20
22 1 U 18
23 1 L -1
24 0 L -1
25 0 L 6
26 1 U 17
27 0 L -1
28 0 U 8
29 0 U 20
30 0 U 21
31 0 L 15
32 1 U 27
33 0 L 18
34 0 L 33
35 0 U 22
36 1 U 35
37 1 U 21
38 1 U 28
39 0 U 22
40 0 L 35
41 1 L 34
42 0 L 32
43 1 L 4
44 1 L 43
45 1 L 42
46 1 U 40
47 0 L 43
48
0 0 U -1
1 0 U -1
2 0 L -1
3 0 U -1
4 0 U 3
5 0 L 4
6 1 L 0
7 1 U 0
8 1 L 2
9 0 L 6
10 1 L 3
11 0 L 1
12 0 L 5
13 0 U 6
14 1 L 7
15 1 U 14
16 0 U -1
17 1 U -1
18 0 U 16
19 1 U 18
20 1 U -1
21 0 L 20
22 1 U 18
23 1 L -1
24 0 L -1
25 1 U 2
26 1 U 17
27 0 L -1
28 0 U 8
29 0 U 20
30 0 U 3
31 0 L 15
32 1 U 27
33 0 L 18
34 0 L 33
35 1 U 22
36 1 U 35
37 1 U 21
38 1 U 28
39 0 U 22
40 0 L 26
41 1 L 34
42 1 L 32
43 1 L 9
44 1 L 1
45 0 L 32
46 1 U 36
47 0 L 43
48
0 0 L -1
1 0 U -1
2 0 L -1
3 0 U -1
4 0 U 3
5 0 L 4
6 1 L 0
7 1 U 0
8 1 L 2
9 0 L 6
10 1 L 3
11 0 L 1
12 0 L 5
13 0 U 6
14 1 L 7
15 1 U 14
16 0 U -1
17 1 U -1
18 0 U 16
19 1 U 18
20 1 U -1
21 0 L 20
22 1 U 18
23 1 L -1
24 0 L -1
25 1 U 3
26 1 U 17
27 0 L -1
28 0 U 8
29 0 U 20
30 0 U 3
31 0 L 15
32 1 U 27
33 0 L 18
34 0 L 25
35 0 U 31
36 1 L 4
37 1 U 0
38 1 U 28
39 0 U 22
40 0 L 35
41 1 L 34
42 1 L 32
43 1 L 9
44 1 L 6
45 0 L 32
46 1 U 40
47 0 L 7
48
0 0 L -1
1 0 U -1
2 0 L -1
3 0 U -1
4 0 U 2
5 0 L 4
6 1 L 0
7 1 U 5
8 1 L 2
9 0 L 6
10 1 L 3
11 0 L 6
12 0 L 5
13 0 U 6
14 1 L 7
15 1 U 14
16 0 U -1
17 1 U -1
18 0 U 16
19 1 U 18
20 1 U -1
21 0 L 20
22 1 U 18
23 1 L -1
24 0 L -1
25 1 U 3
26 1 U 16
27 0 L -1
28 0 U 8
29 0 U 20
30 0 U 3
31 0 L 15
32 1 U 27
33 0 L 18
34 0 L 33
35 0 U 24
36 0 L 12
37 1 U 21
38 1 U 28
39 0 U 22
40 0 L 29
41 1 L 34
42 1 L 32
43 1 L 9
44 1 L 7
45 0 L 32
46 1 U 40
47 0 L 43
48
0 0 U -1
1 0 U -1
2 1 L -1
3 0 U -1
4 0 U 2
5 0 L 4
6 1 L 0
7 1 U 5
8 1 L 2
9 0 L 6
10 1 L 3
11 0 L 6
12 0 L 5
13 0 U 6
14 1 L 10
15 1 U 14
16 0 U -1
17 1 U -1
18 0 U 16
19 1 U 18
20 1 U -1
21 0 L 20
22 1 U 18
23 1 L -1
24 0 L -1
25 1 U 3
26 0 U 16
27 0 L -1
28 0 U 8
29 0 U 20
30 0 U 20
31 0 L 15
32 1 U 27
33 0 L 18
34 0 L 33
35 1 U 24
36 0 L 12
37 1 U 21
38 1 U 28
39 0 U 22
40 0 L 26
41 1 L 34
42 0 L 32
43 1 L 9
44 1 L 43
45 0 L 32
46 1 U 42
47 0 L 7
48
0 0 L -1
1 0 U -1
2 1 L -1
3 0 U -1
4 0 U 2
5 0 L 4
6 1 L 0
7 1 U 0
8 1 L 2
9 0 L 6
10 1 L 3
11 0 L 6
12 0 L 5
13 0 U 6
14 1 L 7
15 1 U 14
16 0 U -1
17 1 U -1
18 0 U 16
19 1 U 18
20 1 U -1
21 0 L 20
22 1 U 18
23 1 L -1
24 0 L -1
25 1 U 3
26 1 U 16
27 0 L -1
28 0 U 7
29 0 U 20
30 0 U 0
31 0 L 15
32 1 U 27
33 0 L 18
34 0 L 33
35 0 U 22
36 1 L 12
37 1 U 21
38 1 U 6
39 0 U 22
40 0 L 35
41 0 L 34
42 0 L 32
43 1 L 9
44 1 L 7
45 0 L 32
46 1 U 42
47 0 L 7
48
0 0 U -1
1 0 U -1
2 1 L -1
3 0 U -1
4 0 U 2
5 0 L 4
6 1 L 0
7 1 U 0
8 1 L 2
9 0 L 6
10 1 L 3
11 0 L 6
12 0 L 5
13 1 U 6
14 1 L 7
15 1 U 14
16 0 U -1
17 1 U -1
18 0 U 16
19 1 U 18
20 1 U -1
21 0 L 20
22 1 U 18
23 1 L -1
24 0 L -1
25 0 L 3
26 1 U 17
27 0 L -1
28 0 U 7
29 0 U 20
30 0 U 21
31 0 L 15
32 1 U 27
33 0 L 18
34 0 L 33
35 0 U 22
36 1 U 35
37 1 U 21
38 1 U 6
39 0 U 22
40 0 L 36
41 1 L 34
42 0 L 32
43 1 L 42
44 1 L 7
45 0 L 32
46 1 U 42
47 0 L 7
48
0 0 U -1
1 0 U -1
2 0 L -1
3 0 U -1
4 0 U 3
5 0 L 4
6 1 L 0
7 1 U 0
8 1 L 2
9 0 L 6
10 1 L 3
11 0 L 6
12 0 L 5
13 0 U 6
14 1 L 10
15 1 U 14
16 0 U -1
17 1 U -1
18 0 U 16
19 1 U 18
20 1 U -1
21 0 L 20
22 1 U 18
23 1 L -1
24 0 L -1
25 0 L 24
26 1 U 17
27 0 L -1
28 0 U 7
29 0 U 20
30 0 U 20
31 0 L 15
32 1 U 27
33 0 L 18
34 0 L 33
35 1 U 22
36 1 U 35
37 1 U 21
38 1 U 6
39 0 U 22
40 0 L 35
41 1 L 34
42 0 L 32
43 0 L 42
44 1 L 5
45 0 L 32
46 1 U 40
47 0 L 13
48
0 0 L -1
1 0 U -1
2 1 L -1
3 0 U -1
4 0 U 3
5 0 L 4
6 1 L 0
7 1 U 0
8 1 L 2
9 0 L 6
10 1 L 3
11 0 L 1
12 0 L 5
13 0 U 6
14 1 L 10
15 1 U 14
16 0 U -1
17 1 U -1
18 0 U 16
19 1 U 18
20 1 U -1
21 0 L 20
22 1 U 18
23 1 L -1
24 0 L -1
25 0 L 23
26 1 U 16
27 0 L -1
28 0 U 7
29 0 U 20
30 0 U 21
31 0 L 15
32 1 U 27
33 0 L 18
34 0 L 33
35 0 U 22
36 1 U 35
37 1 U 21
38 1 U 28
39 0 U 22
40 0 L 35
41 1 L 34
42 0 L 25
43 0 L 42
44 1 L 4
45 0 L 6
46 1 U 40
47 0 L 13
48
0 0 L -1
1 0 U -1
2 0 L -1
3 0 U -1
4 0 U 2
5 0 L 4
6 1 L 0
7 1 U 0
8 1 L 2
9 0 L 6
10 1 L 3
11 0 L 1
12 0 L 5
13 0 U 6
14 1 L 10
15 1 U 14
16 0 U -1
17 1 U -1
18 0 U 16
19 1 U 18
20 1 U -1
21 0 L 20
22 1 U 18
23 1 L -1
24 0 L -1
25 0 L 24
26 0 U 17
27 0 L -1
28 0 U 7
29 0 U 20
30 0 U 21
31 0 L 15
32 1 U 27
33 0 L 18
34 0 L 33
35 0 U 22
36 1 U 6
37 1 U 21
38 1 U 28
39 0 U 22
40 0 L 35
41 1 L 34
42 0 L 25
43 0 L 42
44 1 L 13
45 0 L 6
46 1 U 40
47 0 L 45
48
0 0 L -1
1 0 U -1
2 0 L -1
3 0 U -1
4 0 U 3
5 0 L 4
6 1 L 0
7 1 U 0
8 1 L 2
9 0 L 6
10 1 L 3
11 0 L 1
12 0 L 5
13 0 U 6
14 1 L 7
15 1 U 14
16 0 U -1
17 1 U -1
18 0 U 16
19 1 U 18
20 1 U -1
21 0 L 20
22 1 U 18
23 1 L -1
24 0 L -1
25 0 L 23
26 1 U 16
27 0 L -1
28 0 U 7
29 0 U 20
30 0 U 0
31 0 L 15
32 1 U 27
33 0 L 18
34 0 L 19
35 0 U 22
36 0 U 6
37 1 U 21
38 1 U 28
39 0 U 22
40 0 L 34
41 1 L 34
42 0 L 25
43 0 L 42
44 1 L 13
45 0 L 6
46 1 U 40
47 0 L 45
48
0 0 L -1
1 0 U -1
2 1 L -1
3 0 U -1
4 0 U 3
5 0 L 4
6 1 L 0
7 1 U 0
8 1 L 2
9 0 L 6
10 1 L 3
11 0 L 6
12 0 L 5
13 0 U 6
14 1 L 10
15 1 U 14
16 0 U -1
17 1 U -1
18 0 U 16
19 1 U 18
20 1 U -1
21 0 L 20
22 1 U 18
23 1 L -1
24 0 L -1
25 0 L 24
26 0 U 16
27 0 L -1
28 0 U 7
29 0 U 20
30 0 U 0
31 0 L 15
32 1 U 27
33 0 L 18
34 0 L 19
35 0 U 22
36 0 U 6
37 1 U 21
38 1 U 28
39 0 U 22
40 0 L 35
41 0 L 34
42 1 L 25
43 0 L 42
44 1 L 43
45 0 L 25
46 1 U 40
47 0 L 7
48
0 0 U -1
1 0 U -1
2 1 L -1
3 0 U -1
4 0 U 3
5 0 L 4
6 1 L 0
7 1 U 0
8 1 L 2
9 0 L 6
10 1 L 3
11 0 L 1
12 0 L 5
13 0 U 6
14 1 L 10
15 1 U 14
16 0 U -1
17 1 U -1
18 0 U 16
19 1 U 18
20 1 U -1
21 0 L 20
22 1 U 18
23 1 L -1
24 0 L -1
25 1 L 24
26 1 U 16
27 0 L -1
28 0 U 7
29 0 U 20
30 0 U 0
31 0 L 15
32 1 U 27
33 0 L 16
34 0 L 19
35 0 U 15
36 0 U 22
37 1 U 21
38 1 U 6
39 0 U 22
40 0 L 35
41 1 L 34
42 0 L 32
43 0 L 11
44 1 L 5
45 0 L 25
46 1 U 35
47 0 L 7
48
0 0 U -1
1 0 U -1
2 0 L -1
3 0 U -1
4 0 U 2
5 0 L 4
6 1 L 0
7 1 U 0
8 1 L 2
9 0 L 6
10 1 L 3
11 0 L 1
12 0 L 5
13 0 U 6
14 1 L 10
15 1 U 14
16 0 U -1
17 1 U -1
18 0 U 16
19 1 U 18
20 1 U -1
21 0 L 20
22 1 U 18
23 1 L -1
24 0 L -1
25 0 L 24
26 1 U 16
27 0 L -1
28 0 U 7
29 0 U 20
30 0 U 0
31 0 L 15
32 1 U 27
33 0 L 16
34 0 L 31
35 0 U 10
36 1 U 22
37 1 U 21
38 1 U 6
39 0 U 22
40 0 L 35
41 1 L 34
42 1 L 25
43 0 L 11
44 1 L 1
45 0 L 25
46 1 U 35
47 0 L 7
48
0 0 L -1
1 0 U -1
2 1 L -1
3 0 U -1
4 0 U 3
5 0 L 4
6 1 L 0
7 1 U 0
8 1 L 2
9 0 L 6
10 1 L 3
11 0 L 1
12 0 L 5
13 0 U 6
14 1 L 10
15 1 U 14
16 0 U -1
17 1 U -1
18 0 U 16
19 1 U 18
20 1 U -1
21 0 L 20
22 1 U 18
23 1 L -1
24 0 L -1
25 0 L 23
26 1 U 16
27 0 L -1
28 0 U 7
29 0 U 20
30 0 U 0
31 0 L 15
32 1 U 27
33 0 L 16
34 0 L 19
35 0 U 10
36 1 U 28
37 1 U 21
38 1 U 6
39 0 U 24
40 0 L 25
41 1 L 34
42 1 L 25
43 0 L 11
44 1 L 5
45 0 L 25
46 1 U 35
47 0 L 43
48
0 0 U -1
1 0 U -1
2 0 L -1
3 0 U -1
4 0 U 2
5 0 L 4
6 1 L 0
7 1 U 0
8 1 L 2
9 0 L 6
10 1 L 3
11 0 L 1
12 0 L 5
13 0 U 6
14 1 L 10
15 1 U 14
16 0 U -1
17 1 U -1
18 0 U 16
19 1 U 18
20 1 U -1
21 0 L 20
22 1 U 18
23 1 L -1
24 0 L -1
25 1 L 23
26 0 U 16
27 0 L -1
28 0 U 7
29 0 U 28
30 0 U 0
31 0 L 15
32 1 U 27
33 0 L 16
34 0 L 19
35 0 U 10
36 0 U 22
37 1 U 21
38 1 U 29
39 0 U 24
40 0 L 6
41 1 L 34
42 1 L 32
43 0 L 11
44 1 L 5
45 0 L 25
46 1 U 42
47 0 L 43
48
0 0 U -1
1 0 U -1
2 1 L -1
3 0 U -1
4 0 U 3
5 0 L 4
6 1 L 0
7 1 U 0
8 1 L 2
9 0 L 6
10 1 L 3
11 0 L 1
12 0 L 5
13 0 U 6
14 1 L 10
15 1 U 14
16 0 U -1
17 1 U -1
18 0 U 16
19 1 U 18
20 1 U -1
21 0 L 20
22 1 U 18
23 1 L -1
24 0 L -1
25 0 L 23
26 1 U 17
27 0 L -1
28 0 U 7
29 0 U 28
30 0 U 0
31 0 L 15
32 1 U 27
33 0 L 16
34 0 L 19
35 0 U 10
36 1 U 6
37 1 U 21
38 1 U 29
39 0 U 38
40 0 L 6
41 1 L 34
42 1 L 25
43 0 L 3
44 1 L 7
45 0 L 6
46 1 U 42
47 0 L 10
48
0 0 U -1
1 0 U -1
2 0 L -1
3 0 U -1
4 0 U 3
5 0 L 4
6 1 L 0
7 1 U 0
8 1 L 2
9 0 L 6
10 1 L 3
11 0 L 6
12 0 L 5
13 1 U 6
14 1 L 10
15 1 U 14
16 0 U -1
17 1 U -1
18 0 U 16
19 1 U 18
20 1 U 5
21 0 L 20
22 1 U 18
23 1 L -1
24 0 L -1
25 0 L 23
26 0 U 17
27 0 L -1
28 0 U 7
29 0 U 28
30 0 U 0
31 0 L 15
32 1 U 27
33 0 L 16
34 0 L 19
35 0 U 10
36 0 U 6
37 1 U 21
38 1 U 25
39 0 U 38
40 0 L 32
41 1 L 34
42 1 L 25
43 0 L 3
44 1 L 5
45 0 L 32
46 1 U 35
47 0 L 10
48
0 0 L -1
1 0 U -1
2 0 L -1
3 0 U -1
4 0 U 3
5 0 L 4
6 1 L 0
7 1 U 5
8 1 L 2
9 0 L 6
10 1 L 3
11 0 L 6
12 0 L 5
13 0 U 6
14 1 L 10
15 1 U 14
16 0 U -1
17 1 U -1
18 0 U 16
19 1 U 18
20 1 U -1
21 0 L 20
22 1 U 18
23 1 L -1
24 0 L -1
25 0 L 23
26 1 U 17
27 0 L -1
28 0 U 8
29 0 U 28
30 0 U 3
31 0 L 15
32 1 U 27
33 0 L 16
34 0 L 31
35 0 U 10
36 0 U 28
37 1 U 21
38 1 U 26
39 0 U 38
40 0 L 32
41 1 L 34
42 1 L 25
43 0 L 3
44 1 L 5
45 0 L 1
46 1 U 42
47 0 L 13
48
0 0 U -1
1 0 U -1
2 1 L -1
3 0 U -1
4 0 U 3
5 0 L 4
6 1 L 0
7 1 U 0
8 1 L 2
9 0 L 6
10 1 L 3
11 0 L 1
12 0 L 5
13 0 U 6
14 1 L 10
15 1 U 14
16 0 U -1
17 1 U -1
18 0 U 16
19 1 U 18
20 1 U 5
21 0 L 20
22 1 U 18
23 1 L -1
24 0 L -1
25 1 L 23
26 1 U 17
27 0 L -1
28 0 U 7
29 0 U 6
30 0 U 0
31 0 L 15
32 1 U 27
33 0 L 16
34 0 L 31
35 0 U 31
36 0 U 28
37 1 U 21
38 1 U 26
39 0 U 38
40 0 L 32
41 1 L 34
42 1 L 25
43 0 L 3
44 1 L 10
45 0 L 25
46 1 U 42
47 0 L 7
48
0 0 L -1
1 0 U -1
2 1 L -1
3 0 U -1
4 0 U 3
5 0 L 4
6 1 L 0
7 1 U 0
8 1 L 2
9 0 L 6
10 1 L 3
11 0 L 1
12 0 L 5
13 0 U 6
14 1 L 10
15 1 U 14
16 0 U -1
17 1 U -1
18 0 U 16
19 1 U 18
20 1 U 5
21 0 L 20
22 1 U 18
23 1 L -1
24 0 L -1
25 1 L 23
26 1 U 16
27 0 L -1
28 0 U 7
29 0 U 6
30 0 U 21
31 0 L 15
32 1 U 27
33 0 L 16
34 0 L 31
35 0 U 31
36 1 U 28
37 1 U 21
38 1 U 26
39 0 U 38
40 0 L 32
41 1 L 34
42 1 L 32
43 0 L 40
44 1 L 5
45 0 L 25
46 1 U 42
47 0 L 13
48
0 0 U -1
1 0 U -1
2 0 L -1
3 0 U -1
4 0 U 2
5 0 L 4
6 1 L 0
7 1 U 0
8 1 L 2
9 0 L 6
10 1 L 3
11 0 L 1
12 0 L 5
13 0 U 6
14 1 L 10
15 1 U 14
16 0 U -1
17 1 U -1
18 0 U 16
19 1 U 18
20 1 U 5
21 0 L 20
22 1 U 18
23 1 L -1
24 0 L -1
25 0 L 23
26 1 U 16
27 0 L -1
28 0 U 7
29 0 U 28
30 0 U 21
31 0 L 15
32 1 U 27
33 0 L 16
34 0 L 31
35 0 U 24
36 0 U 30
37 1 U 21
38 1 U 26
39 0 U 38
40 0 L 32
41 1 L 34
42 1 L 32
43 0 L 11
44 1 L 7
45 0 L 32
46 1 U 42
47 0 L 43
48
0 0 L -1
1 0 U -1
2 0 L -1
3 0 U -1
4 0 U 2
5 0 L 4
6 1 L 0
7 1 U 0
8 1 L 2
9 0 L 6
10 1 L 3
11 0 L 1
12 0 L 5
13 0 U 6
14 1 L 10
15 1 U 14
16 0 U -1
17 1 U -1
18 0 U 16
19 1 U 18
20 1 U 5
21 0 L 20
22 1 U 18
23 1 L -1
24 0 L -1
25 0 L 23
26 1 U 16
27 0 L -1
28 0 U 8
29 0 U 28
30 0 U 21
31 0 L 15
32 1 U 27
33 0 L 16
34 0 L 31
35 1 U 24
36 0 U 24
37 1 U 0
38 1 U 26
39 0 U 38
40 0 L 32
41 1 L 34
42 1 L 6
43 0 L 3
44 1 L 43
45 0 L 1
46 1 U 42
47 0 L 10
48
0 0 U -1
1 0 U -1
2 1 L -1
3 0 U -1
4 0 U 3
5 0 L 4
6 1 L 0
7 1 U 5
8 1 L 2
9 0 L 6
10 1 L 3
11 0 L 1
12 0 L 5
13 0 U 6
14 1 L 10
15 1 U 14
16 0 U -1
17 1 U -1
18 0 U 16
19 1 U 18
20 1 U 5
21 0 L 20
22 1 U 18
23 1 L -1
24 0 L -1
25 1 L 24
26 1 U 16
27 0 L -1
28 0 U 8
29 0 U 28
30 0 U 21
31 0 L 15
32 1 U 27
33 0 L 16
34 0 L 31
35 1 U 24
36 1 U 31
37 1 U 21
38 1 U 29
39 0 U 38
40 0 L 32
41 1 L 34
42 1 L 6
43 0 L 11
44 1 L 43
45 0 L 25
46 1 U 35
47 0 L 13
48
0 0 L -1
1 0 U -1
2 1 L -1
3 0 U -1
4 0 U 3
5 0 L 4
6 1 L 0
7 1 U 0
8 1 L 2
9 0 L 6
10 1 L 3
11 0 L 1
12 0 L 5
13 0 U 6
14 1 L 10
15 1 U 14
16 0 U -1
17 1 U -1
18 0 U 16
19 1 U 18
20 1 U 5
21 0 L 20
22 1 U 18
23 1 L -1
24 0 L -1
25 1 L 24
26 0 U 16
27 0 L -1
28 0 U 8
29 0 U 28
30 0 U 21
31 0 L 15
32 1 U 27
33 0 L 16
34 0 L 31
35 0 U 24
36 1 U 30
37 1 U 21
38 1 U 29
39 0 U 38
40 0 L 32
41 1 L 34
42 1 L 6
43 0 L 11
44 1 L 43
45 0 L 25
46 1 U 42
47 0 L 43
48
0 0 U -1
1 0 U -1
2 0 L -1
3 0 U -1
4 0 U 3
5 0 L 4
6 1 L 0
7 1 U 5
8 1 L 2
9 0 L 6
10 1 L 3
11 0 L 1
12 0 L 5
13 0 U 6
14 1 L 10
15 1 U 14
16 0 U -1
17 1 U -1
18 0 U 16
19 1 U 18
20 1 U -1
21 0 L 20
22 1 U 18
23 1 L -1
24 0 L -1
25 0 L 23
26 0 U 16
27 0 L -1
28 0 U 8
29 0 U 28
30 0 U 21
31 0 L 15
32 1 U 27
33 0 L 16
34 0 L 31
35 1 U 22
36 0 U 4
37 1 U 21
38 1 U 26
39 0 U 38
40 0 L 6
41 1 L 34
42 1 L 6
43 0 L 3
44 1 L 7
45 0 L 25
46 1 U 42
47 0 L 13
48
0 0 U -1
1 0 U -1
2 1 L -1
3 0 U -1
4 0 U 3
5 0 L 4
6 1 L 0
7 1 U 0
8 1 L 2
9 0 L 6
10 1 L 3
11 0 L 6
12 0 L 5
13 0 U 6
14 1 L 10
15 1 U 14
16 0 U -1
17 1 U -1
18 0 U 16
19 1 U 18
20 1 U -1
21 0 L 20
22 1 U 18
23 1 L -1
24 0 L -1
25 0 L 24
26 1 U 16
27 0 L -1
28 0 U 8
29 0 U 28
30 0 U 21
31 0 L 15
32 1 U 27
33 0 L 16
34 0 L 31
35 0 U 22
36 0 U 15
37 1 U 21
38 1 U 29
39 0 U 38
40 0 L 25
41 1 L 34
42 1 L 6
43 0 L 42
44 1 L 10
45 0 L 25
46 1 U 39
47 0 L 13
48
0 0 L -1
1 0 U -1
2 0 L -1
3 0 U -1
4 0 U 2
5 0 L 4
6 1 L 0
7 1 U 0
8 1 L 2
9 0 L 6
10 1 L 3
11 0 L 6
12 0 L 5
13 0 U 6
14 1 L 10
15 1 U 14
16 0 U -1
17 1 U -1
18 0 U 16
19 1 U 18
20 1 U -1
21 0 L 20
22 1 U 18
23 1 L -1
24 0 L -1
25 0 L 24
26 0 U 16
27 0 L -1
28 0 U 8
29 0 U 28
30 0 U 21
31 0 L 15
32 1 U 27
33 0 L 16
34 0 L 31
35 0 U 31
36 1 U 4
37 1 U 21
38 1 U 29
39 0 U 38
40 0 L 25
41 1 L 34
42 1 L 6
43 0 L 42
44 1 L 5
45 0 L 25
46 1 U 39
47 0 L 43
48
0 0 U -1
1 0 U -1
2 0 L -1
3 0 U -1
4 0 U 2
5 0 L 4
6 1 L 0
7 1 U 0
8 1 L 2
9 0 L 6
10 1 L 3
11 0 L 1
12 0 L 5
13 0 U 6
14 1 L 10
15 1 U 14
16 0 U -1
17 1 U -1
18 0 U 16
19 1 U 18
20 1 U -1
21 0 L 20
22 1 U 18
23 1 L -1
24 0 L -1
25 0 L 24
26 1 U 16
27 0 L -1
28 0 U 7
29 0 U 6
30 0 U 21
31 0 L 15
32 1 U 27
33 0 L 16
34 0 L 31
35 1 U 22
36 1 U 30
37 1 U 21
38 1 U 29
39 0 U 38
40 0 L 25
41 1 L 34
42 1 L 6
43 0 L 11
44 1 L 10
45 0 L 1
46 1 U 39
47 0 L 7
48
0 0 U -1
1 0 U -1
2 0 L -1
3 0 U -1
4 0 U 2
5 0 L 4
6 1 L 0
7 1 U 0
8 1 L 2
9 0 L 6
10 1 L 3
11 0 L 6
12 0 L 5
13 0 U 6
14 1 L 10
15 1 U 14
16 0 U -1
17 1 U -1
18 0 U 16
19 1 U 18
20 1 U -1
21 0 L 20
22 1 U 18
23 1 L -1
24 0 L -1
25 0 L 24
26 0 U 17
27 0 L -1
28 0 U 8
29 0 U 28
30 1 U 20
31 0 L 15
32 1 U 27
33 0 L 16
34 0 L 19
35 0 U 15
36 1 U 16
37 1 U 0
38 1 U 18
39 0 U 38
40 0 L 32
41 1 L 34
42 1 L 6
43 0 L 42
44 1 L 10
45 0 L 32
46 1 U 39
47 0 L 10
48
0 0 L -1
1 0 U -1
2 0 L -1
3 0 U -1
4 0 U 2
5 0 L 4
6 1 L 0
7 1 U 5
8 1 L 2
9 0 L 6
10 1 L 3
11 0 L 1
12 0 L 5
13 0 U 6
14 1 L 10
15 1 U 14
16 0 U -1
17 1 U -1
18 0 U 16
19 1 U 18
20 1 U -1
21 0 L 20
22 1 U 18
23 1 L -1
24 0 L -1
25 1 L 24
26 0 U 17
27 0 L -1
28 0 U 8
29 0 U 28
30 1 U 20
31 0 L 15
32 1 U 27
33 0 L 16
34 0 L 19
35 0 U 15
36 1 U 12
37 1 U 0
38 1 U 26
39 0 U 38
40 0 L 6
41 1 L 34
42 1 L 25
43 0 L 11
44 1 L 10
45 0 L 32
46 1 U 42
47 0 L 10
48
0 0 U -1
1 0 U -1
2 0 L -1
3 0 U -1
4 0 U 2
5 0 L 4
6 1 L 0
7 1 U 5
8 1 L 2
9 0 L 6
10 1 L 3
11 0 L 6
12 0 L 5
13 0 U 6
14 1 L 10
15 1 U 14
16 0 U -1
17 1 U -1
18 0 U 16
19 1 U 18
20 1 U -1
21 0 L 20
22 1 U 18
23 1 L -1
24 0 L -1
25 0 L 23
26 1 U 17
27 0 L -1
28 0 U 8
29 0 U 28
30 1 U 20
31 0 L 15
32 1 U 27
33 0 L 16
34 0 L 19
35 0 U 10
36 0 U 1
37 1 U 21
38 1 U 29
39 0 U 38
40 0 L 25
41 1 L 34
42 1 L 32
43 0 L 3
44 1 L 5
45 0 L 6
46 1 U 35
47 0 L 7
48
0 0 L -1
1 0 U -1
2 1 L -1
3 0 U -1
4 0 U 3
5 0 L 4
6 1 L 0
7 1 U 5
8 1 L 2
9 0 L 6
10 1 L 3
11 0 L 6
12 0 L 5
13 0 U 6
14 1 L 10
15 1 U 14
16 0 U -1
17 1 U -1
18 0 U 16
19 1 U 18
20 1 U -1
21 0 L 20
22 1 U 18
23 1 L -1
24 0 L -1
25 0 L 24
26 1 U 17
27 0 L -1
28 0 U 8
29 0 U 28
30 1 U 20
31 0 L 15
32 1 U 27
33 0 L 16
34 0 L 31
35 0 U 15
36 1 U 20
37 1 U 21
38 1 U 18
39 0 U 38
40 0 L 25
41 1 L 34
42 1 L 32
43 0 L 3
44 1 L 43
45 0 L 6
46 1 U 35
47 0 L 13
48
0 0 L -1
1 0 U -1
2 1 L -1
3 0 U -1
4 0 U 3
5 0 L 4
6 1 L 0
7 1 U 5
8 1 L 2
9 0 L 6
10 1 L 3
11 0 L 6
12 0 L 5
13 0 U 6
14 1 L 10
15 1 U 14
16 0 U -1
17 1 U -1
18 0 U 16
19 1 U 18
20 1 U -1
21 0 L 20
22 1 U 18
23 1 L -1
24 0 L -1
25 0 L 24
26 1 U 17
27 0 L -1
28 0 U 8
29 0 U 28
30 1 U 20
31 0 L 15
32 1 U 27
33 0 L 16
34 0 L 31
35 0 U 15
36 1 U 2
37 1 U 21
38 1 U 18
39 0 U 38
40 0 L 6
41 1 L 34
42 1 L 32
43 0 L 3
44 1 L 7
45 0 L 25
46 1 U 35
47 0 L 10
48
0 0 L -1
1 0 U -1
2 0 L -1
3 0 U -1
4 0 U 3
5 0 L 4
6 1 L 0
7 1 U 0
8 1 L 2
9 0 L 6
10 1 L 3
11 0 L 1
12 0 L 5
13 0 U 6
14 1 L 10
15 1 U 14
16 0 U -1
17 1 U -1
18 0 U 16
19 1 U 18
20 1 U -1
21 0 L 20
22 1 U 18
23 1 L -1
24 0 L -1
25 1 L 24
26 1 U 16
27 0 L -1
28 0 U 7
29 0 U 28
30 1 U 20
31 0 L 15
32 1 U 27
33 0 L 16
34 0 L 31
35 0 U 10
36 1 U 2
37 1 U 21
38 1 U 29
39 0 U 38
40 0 L 32
41 1 L 34
42 1 L 32
43 0 L 3
44 1 L 7
45 0 L 32
46 1 U 42
47 0 L 10
48
0 0 L -1
1 0 U -1
2 1 L -1
3 0 U -1
4 0 U 3
5 0 L 4
6 1 L 0
7 1 U 0
8 1 L 2
9 0 L 6
10 1 L 3
11 0 L 1
12 0 L 5
13 0 U 6
14 1 L 10
15 1 U 14
16 0 U -1
17 1 U -1
18 0 U 16
19 1 U 18
20 1 U -1
21 0 L 20
22 1 U 18
23 1 L -1
24 0 L -1
25 0 L 23
26 0 U 16
27 0 L -1
28 0 U 7
29 0 U 28
30 1 U 20
31 0 L 15
32 1 U 27
33 0 L 16
34 0 L 31
35 0 U 24
36 1 U 3
37 1 U 21
38 1 U 29
39 0 U 24
40 0 L 6
41 1 L 34
42 1 L 32
43 0 L 3
44 1 L 13
45 0 L 1
46 1 U 42
47 0 L 7
48
0 0 U -1
1 0 U -1
2 0 L -1
3 0 U -1
4 0 U 2
5 0 L 4
6 1 L 0
7 1 U 0
8 1 L 2
9 0 L 6
10 1 L 3
11 0 L 6
12 0 L 5
13 0 U 6
14 1 L 10
15 1 U 14
16 0 U -1
17 1 U -1
18 0 U 16
19 1 U 18
20 1 U -1
21 0 L 20
22 1 U 18
23 1 L -1
24 0 L -1
25 0 L 23
26 0 U 17
27 0 L -1
28 0 U 7
29 0 U 28
30 1 U 20
31 0 L 15
32 1 U 27
33 0 L 16
34 0 L 19
35 0 U 22
36 1 U 35
37 1 U 21
38 1 U 29
39 0 U 38
40 0 L 32
41 1 L 34
42 1 L 32
43 0 L 40
44 1 L 7
45 0 L 25
46 1 U 42
47 0 L 10
