40
0 1 U -1
1 1 U -1
2 0 U -1
3 1 U -1
4 1 U -1
5 0 U -1
6 1 U -1
7 1 U -1
8 1 U -1
9 0 U -1
10 0 U -1
11 0 U -1
12 0 U -1
13 0 U -1
14 1 U -1
15 1 U -1
16 1 U -1
17 1 U -1
18 1 U -1
19 0 U -1
20 1 U -1
21 1 U -1
22 0 U -1
23 0 U -1
24 1 U -1
25 1 U -1
26 0 U -1
27 1 U -1
28 1 U -1
29 1 U -1
30 1 U -1
31 0 U -1
32 1 U -1
33 1 U -1
34 1 U -1
35 1 U -1
36 0 U -1
37 1 U -1
38 1 U -1
39 1 U -1
40
0 1 U -1
1 1 U -1
2 0 U -1
3 1 U -1
4 1 U -1
5 0 U -1
6 1 U -1
7 1 U -1
8 1 U -1
9 0 U -1
10 0 U -1
11 0 U -1
12 0 U -1
13 0 U -1
14 1 U -1
15 1 U -1
16 1 U -1
17 1 U -1
18 1 U -1
19 0 U -1
20 1 U -1
21 1 U -1
22 0 U -1
23 0 U -1
24 1 U -1
25 1 U -1
26 0 U -1
27 1 U -1
28 1 U -1
29 1 U -1
30 1 U -1
31 0 U -1
32 1 U -1
33 1 U -1
34 1 U -1
35 1 U -1
36 0 U -1
37 1 U -1
38 1 U -1
39 1 U -1
40
0 1 U -1
1 1 U -1
2 0 U -1
3 1 U -1
4 1 U -1
5 0 U -1
6 1 U -1
7 1 U -1
8 1 U -1
9 0 U -1
10 0 U -1
11 0 U -1
12 0 U -1
13 0 U -1
14 1 U -1
15 1 U -1
16 1 U -1
17 1 U -1
18 1 U -1
19 0 U -1
20 1 U -1
21 1 U -1
22 0 U -1
23 0 U -1
24 1 U -1
25 1 U -1
26 0 U -1
27 1 U -1
28 1 U -1
29 1 U -1
30 1 U -1
31 0 U -1
32 1 U -1
33 1 U -1
34 1 U -1
35 1 U -1
36 0 U -1
37 1 U -1
38 1 U -1
39 1 U -1
40
0 1 U -1
1 1 U -1
2 0 U -1
3 1 U -1
4 1 U -1
5 0 U -1
6 1 U -1
7 1 U -1
8 1 U -1
9 0 U -1
10 0 U -1
11 0 U -1
12 0 U -1
13 0 U -1
14 1 U -1
15 1 U -1
16 1 U -1
17 1 U -1
18 1 U -1
19 0 U -1
20 1 U -1
21 1 U -1
22 0 U -1
23 0 U -1
24 1 U -1
25 1 U -1
26 0 U -1
27 1 U -1
28 1 U -1
29 1 U -1
30 1 U -1
31 0 U -1
32 1 U -1
33 1 U -1
34 1 U -1
35 1 U -1
36 0 U -1
37 1 U -1
38 1 U -1
39 1 U -1
40
0 1 U -1
1 1 U -1
2 0 U -1
3 1 U -1
4 1 U -1
5 0 U -1
6 1 U -1
7 1 U -1
8 1 U -1
9 0 U -1
10 0 U -1
11 0 U -1
12 0 U -1
13 0 U -1
14 1 U -1
15 1 U -1
16 1 U -1
17 1 U -1
18 1 U -1
19 0 U -1
20 1 U -1
21 1 U -1
22 0 U -1
23 0 U -1
24 1 U -1
25 1 U -1
26 0 U -1
27 1 U -1
28 1 U -1
29 1 U -1
30 1 U -1
31 0 U -1
32 1 U -1
33 1 U -1
34 1 U -1
35 1 U -1
36 0 U -1
37 1 U -1
38 1 U -1
39 1 U -1
40
0 1 U -1
1 1 U -1
2 0 U -1
3 1 U -1
4 1 U -1
5 0 U -1
6 1 U -1
7 1 U -1
8 1 U -1
9 0 U -1
10 0 U -1
11 0 U -1
12 0 U -1
13 0 U -1
14 1 U -1
15 1 U -1
16 1 U -1
17 1 U -1
18 1 U -1
19 0 U -1
20 1 U -1
21 1 U -1
22 0 U -1
23 0 U -1
24 1 U -1
25 1 U -1
26 0 U -1
27 1 U -1
28 1 U -1
29 1 U -1
30 1 U -1
31 0 U -1
32 1 U -1
33 1 U -1
34 1 U -1
35 1 U -1
36 0 U -1
37 1 U -1
38 1 U -1
39 1 U -1
40
0 1 U -1
1 1 U -1
2 0 U -1
3 1 U -1
4 1 U -1
5 0 U -1
6 1 U -1
7 1 U -1
8 1 U -1
9 0 U -1
10 0 U -1
11 0 U -1
12 0 U -1
13 0 U -1
14 1 U -1
15 1 U -1
16 1 U -1
17 1 U -1
18 1 U -1
19 0 U -1
20 1 U -1
21 1 U -1
22 0 U -1
23 0 U -1
24 1 U -1
25 1 U -1
26 0 U -1
27 1 U -1
28 1 U -1
29 1 U -1
30 1 U -1
31 0 U -1
32 1 U -1
33 1 U -1
34 1 U -1
35 1 U -1
36 0 U -1
37 1 U -1
38 1 U -1
39 1 U -1
40
0 1 U -1
1 1 U -1
2 0 U -1
3 1 U -1
4 1 U -1
5 0 U -1
6 1 U -1
7 1 U -1
8 1 U -1
9 0 U -1
10 0 U -1
11 0 U -1
12 0 U -1
13 0 U -1
14 1 U -1
15 1 U -1
16 1 U -1
17 1 U -1
18 1 U -1
19 0 U -1
20 1 U -1
21 1 U -1
22 0 U -1
23 0 U -1
24 1 U -1
25 1 U -1
26 0 U -1
27 1 U -1
28 1 U -1
29 1 U -1
30 1 U -1
31 0 U -1
32 1 U -1
33 1 U -1
34 1 U -1
35 1 U -1
36 0 U -1
37 1 U -1
38 1 U -1
39 1 U -1
40
0 1 U -1
1 1 U -1
2 0 U -1
3 1 U -1
4 1 U -1
5 0 U -1
6 1 U -1
7 1 U -1
8 1 U -1
9 0 U -1
10 0 U -1
11 0 U -1
12 0 U -1
13 0 U -1
14 1 U -1
15 1 U -1
16 1 U -1
17 1 U -1
18 1 U -1
19 0 U -1
20 1 U -1
21 1 U -1
22 0 U -1
23 0 U -1
24 1 U -1
25 1 U -1
26 0 U -1
27 1 U -1
28 1 U -1
29 1 U -1
30 1 U -1
31 0 U -1
32 1 U -1
33 1 U -1
34 1 U -1
35 1 U -1
36 0 U -1
37 1 U -1
38 1 U -1
39 1 U -1
40
0 1 U -1
1 1 U -1
2 0 U -1
3 1 U -1
4 1 U -1
5 0 U -1
6 1 U -1
7 1 U -1
8 1 U -1
9 0 U -1
10 0 U -1
11 0 U -1
12 0 U -1
13 0 U -1
14 1 U -1
15 1 U -1
16 1 U -1
17 1 U -1
18 1 U -1
19 0 U -1
20 1 U -1
21 1 U -1
22 0 U -1
23 0 U -1
24 1 U -1
25 1 U -1
26 0 U -1
27 1 U -1
28 1 U -1
29 1 U -1
30 1 U -1
31 0 U -1
32 1 U -1
33 1 U -1
34 1 U -1
35 1 U -1
36 0 U -1
37 1 U -1
38 1 U -1
39 1 U -1
40
0 1 U -1
1 1 U -1
2 0 U -1
3 1 U -1
4 1 U -1
5 0 U -1
6 1 U -1
7 1 U -1
8 1 U -1
9 0 U -1
10 0 U -1
11 0 U -1
12 0 U -1
13 0 U -1
14 1 U -1
15 1 U -1
16 1 U -1
17 1 U -1
18 1 U -1
19 0 U -1
20 1 U -1
21 1 U -1
22 0 U -1
23 0 U -1
24 1 U -1
25 1 U -1
26 0 U -1
27 1 U -1
28 1 U -1
29 1 U -1
30 1 U -1
31 0 U -1
32 1 U -1
33 1 U -1
34 1 U -1
35 1 U -1
36 0 U -1
37 1 U -1
38 1 U -1
39 1 U -1
40
0 1 U -1
1 1 U -1
2 0 U -1
3 1 U -1
4 1 U -1
5 0 U -1
6 1 U -1
7 1 U -1
8 1 U -1
9 0 U -1
10 0 U -1
11 0 U -1
12 0 U -1
13 0 U -1
14 1 U -1
15 1 U -1
16 1 U -1
17 1 U -1
18 1 U -1
19 0 U -1
20 1 U -1
21 1 U -1
22 0 U -1
23 0 U -1
24 1 U -1
25 1 U -1
26 0 U -1
27 1 U -1
28 1 U -1
29 1 U -1
30 1 U -1
31 0 U -1
32 1 U -1
33 1 U -1
34 1 U -1
35 1 U -1
36 0 U -1
37 1 U -1
38 1 U -1
39 1 U -1
40
0 1 U -1
1 1 U -1
2 0 U -1
3 1 U -1
4 1 U -1
5 0 U -1
6 1 U -1
7 1 U -1
8 1 U -1
9 0 U -1
10 0 U -1
11 0 U -1
12 0 U -1
13 0 U -1
14 1 U -1
15 1 U -1
16 1 U -1
17 1 U -1
18 1 U -1
19 0 U -1
20 1 U -1
21 1 U -1
22 0 U -1
23 0 U -1
24 1 U -1
25 1 U -1
26 0 U -1
27 1 U -1
28 1 U -1
29 1 U -1
30 1 U -1
31 0 U -1
32 1 U -1
33 1 U -1
34 1 U -1
35 1 U -1
36 0 U -1
37 1 U -1
38 1 U -1
39 1 U -1
40
0 1 U -1
1 1 U -1
2 0 U -1
3 1 U -1
4 1 U -1
5 0 U -1
6 1 U -1
7 1 U -1
8 1 U -1
9 0 U -1
10 0 U -1
11 0 U -1
12 0 U -1
13 0 U -1
14 1 U -1
15 1 U -1
16 1 U -1
17 1 U -1
18 1 U -1
19 0 U -1
20 1 U -1
21 1 U -1
22 0 U -1
23 0 U -1
24 1 U -1
25 1 U -1
26 0 U -1
27 1 U -1
28 1 U -1
29 1 U -1
30 1 U -1
31 0 U -1
32 1 U -1
33 1 U -1
34 1 U -1
35 1 U -1
36 0 U -1
37 1 U -1
38 1 U -1
39 1 U -1
40
0 1 U -1
1 1 U -1
2 0 U -1
3 1 U -1
4 1 U -1
5 0 U -1
6 1 U -1
7 1 U -1
8 1 U -1
9 0 U -1
10 0 U -1
11 0 U -1
12 0 U -1
13 0 U -1
14 1 U -1
15 1 U -1
16 1 U -1
17 1 U -1
18 1 U -1
19 0 U -1
20 1 U -1
21 1 U -1
22 0 U -1
23 0 U -1
24 1 U -1
25 1 U -1
26 0 U -1
27 1 U -1
28 1 U -1
29 1 U -1
30 1 U -1
31 0 U -1
32 1 U -1
33 1 U -1
34 1 U -1
35 1 U -1
36 0 U -1
37 1 U -1
38 1 U -1
39 1 U -1
40
0 1 U -1
1 1 U -1
2 0 U -1
3 1 U -1
4 1 U -1
5 0 U -1
6 1 U -1
7 1 U -1
8 1 U -1
9 0 U -1
10 0 U -1
11 0 U -1
12 0 U -1
13 0 U -1
14 1 U -1
15 1 U -1
16 1 U -1
17 1 U -1
18 1 U -1
19 0 U -1
20 1 U -1
21 1 U -1
22 0 U -1
23 0 U -1
24 1 U -1
25 1 U -1
26 0 U -1
27 1 U -1
28 1 U -1
29 1 U -1
30 1 U -1
31 0 U -1
32 1 U -1
33 1 U -1
34 1 U -1
35 1 U -1
36 0 U -1
37 1 U -1
38 1 U -1
39 1 U -1
40
0 1 U -1
1 1 U -1
2 0 U -1
3 1 U -1
4 1 U -1
5 0 U -1
6 1 U -1
7 1 U -1
8 1 U -1
9 0 U -1
10 0 U -1
11 0 U -1
12 0 U -1
13 0 U -1
14 1 U -1
15 1 U -1
16 1 U -1
17 1 U -1
18 1 U -1
19 0 U -1
20 1 U -1
21 1 U -1
22 0 U -1
23 0 U -1
24 1 U -1
25 1 U -1
26 0 U -1
27 1 U -1
28 1 U -1
29 1 U -1
30 1 U -1
31 0 U -1
32 1 U -1
33 1 U -1
34 1 U -1
35 1 U -1
36 0 U -1
37 1 U -1
38 1 U -1
39 1 U -1
40
0 1 U -1
1 1 U -1
2 0 U -1
3 1 U -1
4 1 U -1
5 0 U -1
6 1 U -1
7 1 U -1
8 1 U -1
9 0 U -1
10 0 U -1
11 0 U -1
12 0 U -1
13 0 U -1
14 1 U -1
15 1 U -1
16 1 U -1
17 1 U -1
18 1 U -1
19 0 U -1
20 1 U -1
21 1 U -1
22 0 U -1
23 0 U -1
24 1 U -1
25 1 U -1
26 0 U -1
27 1 U -1
28 1 U -1
29 1 U -1
30 1 U -1
31 0 U -1
32 1 U -1
33 1 U -1
34 1 U -1
35 1 U -1
36 0 U -1
37 1 U -1
38 1 U -1
39 1 U -1
40
0 1 U -1
1 1 U -1
2 0 U -1
3 1 U -1
4 1 U -1
5 0 U -1
6 1 U -1
7 1 U -1
8 1 U -1
9 0 U -1
10 0 U -1
11 0 U -1
12 0 U -1
13 0 U -1
14 1 U -1
15 1 U -1
16 1 U -1
17 1 U -1
18 1 U -1
19 0 U -1
20 1 U -1
21 1 U -1
22 0 U -1
23 0 U -1
24 1 U -1
25 1 U -1
26 0 U -1
27 1 U -1
28 1 U -1
29 1 U -1
30 1 U -1
31 0 U -1
32 1 U -1
33 1 U -1
34 1 U -1
35 1 U -1
36 0 U -1
37 1 U -1
38 1 U -1
39 1 U -1
40
0 1 U -1
1 1 U -1
2 0 U -1
3 1 U -1
4 1 U -1
5 0 U -1
6 1 U -1
7 1 U -1
8 1 U -1
9 0 U -1
10 0 U -1
11 0 U -1
12 0 U -1
13 0 U -1
14 1 U -1
15 1 U -1
16 1 U -1
17 1 U -1
18 1 U -1
19 0 U -1
20 1 U -1
21 1 U -1
22 0 U -1
23 0 U -1
24 1 U -1
25 1 U -1
26 0 U -1
27 1 U -1
28 1 U -1
29 1 U -1
30 1 U -1
31 0 U -1
32 1 U -1
33 1 U -1
34 1 U -1
35 1 U -1
36 0 U -1
37 1 U -1
38 1 U -1
39 1 U -1
40
0 1 U -1
1 1 U -1
2 0 U -1
3 1 U -1
4 1 U -1
5 0 U -1
6 1 U -1
7 1 U -1
8 1 U -1
9 0 U -1
10 0 U -1
11 0 U -1
12 0 U -1
13 0 U -1
14 1 U -1
15 1 U -1
16 1 U -1
17 1 U -1
18 1 U -1
19 0 U -1
20 1 U -1
21 1 U -1
22 0 U -1
23 0 U -1
24 1 U -1
25 1 U -1
26 0 U -1
27 1 U -1
28 1 U -1
29 1 U -1
30 1 U -1
31 0 U -1
32 1 U -1
33 1 U -1
34 1 U -1
35 1 U -1
36 0 U -1
37 1 U -1
38 1 U -1
39 1 U -1
40
0 1 U -1
1 1 U -1
2 0 U -1
3 1 U -1
4 1 U -1
5 0 U -1
6 1 U -1
7 1 U -1
8 1 U -1
9 0 U -1
10 0 U -1
11 0 U -1
12 0 U -1
13 0 U -1
14 1 U -1
15 1 U -1
16 1 U -1
17 1 U -1
18 1 U -1
19 0 U -1
20 1 U -1
21 1 U -1
22 0 U -1
23 0 U -1
24 1 U -1
25 1 U -1
26 0 U -1
27 1 U -1
28 1 U -1
29 1 U -1
30 1 U -1
31 0 U -1
32 1 U -1
33 1 U -1
34 1 U -1
35 1 U -1
36 0 U -1
37 1 U -1
38 1 U -1
39 1 U -1
40
0 1 U -1
1 1 U -1
2 0 U -1
3 1 U -1
4 1 U -1
5 0 U -1
6 1 U -1
7 1 U -1
8 1 U -1
9 0 U -1
10 0 U -1
11 0 U -1
12 0 U -1
13 0 U -1
14 1 U -1
15 1 U -1
16 1 U -1
17 1 U -1
18 1 U -1
19 0 U -1
20 1 U -1
21 1 U -1
22 0 U -1
23 0 U -1
24 1 U -1
25 1 U -1
26 0 U -1
27 1 U -1
28 1 U -1
29 1 U -1
30 1 U -1
31 0 U -1
32 1 U -1
33 1 U -1
34 1 U -1
35 1 U -1
36 0 U -1
37 1 U -1
38 1 U -1
39 1 U -1
40
0 1 U -1
1 1 U -1
2 0 U -1
3 1 U -1
4 1 U -1
5 0 U -1
6 1 U -1
7 1 U -1
8 1 U -1
9 0 U -1
10 0 U -1
11 0 U -1
12 0 U -1
13 0 U -1
14 1 U -1
15 1 U -1
16 1 U -1
17 1 U -1
18 1 U -1
19 0 U -1
20 1 U -1
21 1 U -1
22 0 U -1
23 0 U -1
24 1 U -1
25 1 U -1
26 0 U -1
27 1 U -1
28 1 U -1
29 1 U -1
30 1 U -1
31 0 U -1
32 1 U -1
33 1 U -1
34 1 U -1
35 1 U -1
36 0 U -1
37 1 U -1
38 1 U -1
39 1 U -1
40
0 1 U -1
1 1 U -1
2 0 U -1
3 1 U -1
4 1 U -1
5 0 U -1
6 1 U -1
7 1 U -1
8 1 U -1
9 0 U -1
10 0 U -1
11 0 U -1
12 0 U -1
13 0 U -1
14 1 U -1
15 1 U -1
16 1 U -1
17 1 U -1
18 1 U -1
19 0 U -1
20 1 U -1
21 1 U -1
22 0 U -1
23 0 U -1
24 1 U -1
25 1 U -1
26 0 U -1
27 1 U -1
28 1 U -1
29 1 U -1
30 1 U -1
31 0 U -1
32 1 U -1
33 1 U -1
34 1 U -1
35 1 U -1
36 0 U -1
37 1 U -1
38 1 U -1
39 1 U -1
40
0 1 U -1
1 1 U -1
2 0 U -1
3 1 U -1
4 1 U -1
5 0 U -1
6 1 U -1
7 1 U -1
8 1 U -1
9 0 U -1
10 0 U -1
11 0 U -1
12 0 U -1
13 0 U -1
14 1 U -1
15 1 U -1
16 1 U -1
17 1 U -1
18 1 U -1
19 0 U -1
20 1 U -1
21 1 U -1
22 0 U -1
23 0 U -1
24 1 U -1
25 1 U -1
26 0 U -1
27 1 U -1
28 1 U -1
29 1 U -1
30 1 U -1
31 0 U -1
32 1 U -1
33 1 U -1
34 1 U -1
35 1 U -1
36 0 U -1
37 1 U -1
38 1 U -1
39 1 U -1
