31
0 0 U -1
1 0 U -1
2 0 U -1
3 0 U -1
4 0 U -1
5 0 U -1
6 0 U -1
7 0 U -1
8 0 U -1
9 0 U -1
10 0 U -1
11 0 U -1
12 0 U -1
13 0 U -1
14 0 U -1
15 0 U -1
16 0 U -1
17 0 U -1
18 0 U -1
19 0 U -1
20 0 U -1
21 0 U -1
22 0 U -1
23 0 U -1
24 0 U -1
25 0 U -1
26 0 U -1
27 0 U -1
28 0 U -1
29 0 U -1
30 0 U -1
31
0 1 U -1
1 0 L -1
2 0 U -1
3 0 L -1
4 0 L -1
5 1 U 1
6 0 U -1
7 1 U 6
8 1 U 7
9 0 L 5
10 0 L 4
11 1 U -1
12 1 L 3
13 1 L -1
14 0 L 4
15 1 U -1
16 0 U 15
17 1 U 9
18 0 L 16
19 0 L 1
20 0 U 18
21 0 U -1
22 0 U 3
23 1 L 11
24 1 U 14
25 0 L 23
26 0 U 11
27 0 L 16
28 0 L 8
29 0 L -1
30 1 U 17
31
0 1 U -1
1 0 L -1
2 1 U -1
3 1 L -1
4 0 L -1
5 1 U 1
6 0 U -1
7 1 U 6
8 0 U 7
9 0 L 6
10 0 L 4
11 1 U -1
12 1 L -1
13 0 L -1
14 0 L 13
15 1 U -1
16 0 U 1
17 1 U 9
18 0 L 16
19 1 L 4
20 0 U 3
21 0 U -1
22 0 U 7
23 0 L 9
24 0 L 19
25 1 U 20
26 0 U 11
27 1 L 11
28 1 L 24
29 0 L -1
30 0 U 25
31
0 1 L -1
1 0 L -1
2 1 U -1
3 0 L -1
4 0 L -1
5 1 U 1
6 0 U -1
7 1 U 6
8 1 U 7
9 0 L 5
10 1 L 3
11 1 U -1
12 1 L -1
13 0 L -1
14 1 L 13
15 1 U -1
16 0 U 15
17 1 U 9
18 0 L 16
19 0 L 1
20 0 U 16
21 1 U -1
22 1 U 5
23 0 L 17
24 1 U -1
25 1 U 22
26 0 U 21
27 1 L 11
28 1 L 19
29 0 L 25
30 0 L 27
31
0 1 L -1
1 0 L -1
2 1 U -1
3 1 L -1
4 0 L -1
5 1 U 1
6 0 U -1
7 1 U 6
8 1 U 7
9 0 L 5
10 1 L 3
11 1 U -1
12 1 L -1
13 1 L -1
14 1 L 3
15 1 U -1
16 0 U 1
17 1 U 9
18 0 L 16
19 0 L 9
20 0 U 18
21 0 U -1
22 0 U 7
23 0 L 17
24 1 L 11
25 1 U 22
26 0 U 11
27 1 L -1
28 0 L 14
29 0 L 20
30 1 L 23
31
0 1 L -1
1 0 L -1
2 0 U -1
3 0 L -1
4 0 L -1
5 1 U 1
6 0 U -1
7 0 U 6
8 0 U 7
9 0 L 5
10 1 L 3
11 1 U -1
12 1 L -1
13 1 L -1
14 1 L 12
15 1 U -1
16 0 U 1
17 1 U 9
18 0 L 16
19 0 L -1
20 1 U 18
21 0 U -1
22 0 U 18
23 1 L 11
24 0 L 11
25 1 U 22
26 0 U 11
27 1 L 3
28 0 L 27
29 0 L 25
30 0 L 15
31
0 1 U -1
1 0 L -1
2 1 U -1
3 1 L -1
4 1 L -1
5 1 U 1
6 1 U -1
7 0 U 6
8 1 U 7
9 0 L 5
10 1 L 3
11 0 U -1
12 0 L -1
13 1 L -1
14 1 L 12
15 1 U -1
16 0 U 15
17 1 U 9
18 0 L 16
19 0 L 4
20 0 U 18
21 1 U 15
22 0 U 5
23 1 L 9
24 0 L -1
25 0 U 22
26 1 U -1
27 0 L 5
28 1 L 27
29 0 U 23
30 1 U 25
31
0 1 U -1
1 0 L -1
2 0 U -1
3 0 L -1
4 0 L -1
5 1 U 1
6 1 U -1
7 0 U 6
8 0 U 7
9 0 L 5
10 0 L 4
11 0 U -1
12 0 L -1
13 1 L -1
14 1 L 12
15 1 U -1
16 0 U 1
17 1 U 9
18 1 L 16
19 1 L 4
20 0 U 18
21 1 U 6
22 0 U 3
23 1 L 9
24 0 L -1
25 0 U 22
26 1 U -1
27 1 L 19
28 1 L 27
29 0 U 23
30 1 U 25
31
0 1 L -1
1 0 L -1
2 1 U -1
3 0 L -1
4 0 L -1
5 1 U 1
6 1 U -1
7 0 U 6
8 0 U 7
9 0 L 5
10 1 L 4
11 0 U -1
12 0 L -1
13 1 L -1
14 1 L 12
15 1 U -1
16 0 U 15
17 1 U 9
18 1 L 16
19 1 L 4
20 0 U 18
21 1 U 6
22 0 U 21
23 1 L 9
24 1 L -1
25 0 U 22
26 1 U -1
27 1 L 19
28 1 L 27
29 0 U 23
30 1 U 25
31
0 1 U -1
1 0 L -1
2 1 U -1
3 1 L -1
4 0 L -1
5 1 U 1
6 1 U -1
7 0 U 6
8 0 U 7
9 0 L 5
10 1 L 3
11 0 U -1
12 0 L -1
13 1 L -1
14 1 L 12
15 1 U -1
16 0 U 1
17 1 U 9
18 1 L 16
19 1 L 4
20 0 U 18
21 1 U 6
22 0 U 3
23 1 L 9
24 0 L -1
25 0 U 22
26 1 U -1
27 1 L 19
28 1 L 27
29 0 U 23
30 1 U 25
31
0 1 U -1
1 0 L -1
2 0 U -1
3 1 L -1
4 0 L -1
5 1 U 1
6 1 U -1
7 0 U 6
8 1 U 7
9 0 L 5
10 1 L 3
11 0 U -1
12 0 L -1
13 1 L -1
14 1 L 12
15 1 U -1
16 0 U 15
17 1 U 12
18 1 L 16
19 1 L 4
20 0 U 18
21 1 U 15
22 0 U 21
23 1 L 9
24 1 L -1
25 0 U 22
26 1 U -1
27 1 L 19
28 1 L 27
29 0 U 23
30 1 U 25
31
0 1 L -1
1 0 L -1
2 0 U -1
3 1 L -1
4 0 L -1
5 1 U 1
6 1 U -1
7 0 U 6
8 0 U 7
9 0 L 5
10 1 L 4
11 0 U -1
12 0 L -1
13 1 L -1
14 1 L 12
15 1 U -1
16 0 U 1
17 1 U 9
18 1 L 16
19 1 L 4
20 0 U 18
21 1 U 6
22 0 U 21
23 1 L 9
24 1 L -1
25 0 U 22
26 1 U -1
27 1 L 19
28 1 L 27
29 0 U 23
30 1 U 23
31
0 1 U -1
1 0 L -1
2 1 U -1
3 0 L -1
4 0 L -1
5 1 U 1
6 1 U -1
7 0 U 6
8 0 U 7
9 0 L 5
10 1 L 4
11 0 U -1
12 0 L -1
13 1 L -1
14 1 L 12
15 1 U -1
16 0 U 1
17 1 U 9
18 1 L 16
19 1 L 4
20 0 U 18
21 1 U 6
22 0 U 3
23 1 L 9
24 0 L -1
25 0 U 22
26 1 U -1
27 1 L 19
28 1 L 27
29 0 U 23
30 1 U 23
31
0 1 L -1
1 0 L -1
2 0 U -1
3 0 L -1
4 0 L -1
5 1 U 1
6 1 U -1
7 0 U 6
8 0 U 7
9 0 L 5
10 1 L 3
11 0 U -1
12 0 L -1
13 1 L -1
14 1 L 12
15 1 U -1
16 0 U 15
17 1 U 9
18 1 L 16
19 1 L 4
20 0 U 18
21 1 U 6
22 0 U 7
23 1 L 9
24 0 L -1
25 0 U 10
26 1 U -1
27 1 L 19
28 1 L 27
29 0 U 23
30 1 U 23
31
0 1 L -1
1 0 L -1
2 0 U -1
3 1 L -1
4 0 L -1
5 1 U 1
6 1 U -1
7 0 U 6
8 0 U 7
9 0 L 5
10 1 L 4
11 0 U -1
12 0 L -1
13 1 L -1
14 1 L 12
15 1 U -1
16 0 U 15
17 1 U 9
18 1 L 16
19 1 L 4
20 0 U 18
21 1 U 6
22 0 U 3
23 1 L 9
24 0 L -1
25 0 U 22
26 1 U -1
27 1 L 19
28 1 L 27
29 0 U 23
30 1 U 25
31
0 1 L -1
1 0 L -1
2 0 U -1
3 0 L -1
4 0 L -1
5 1 U 1
6 1 U -1
7 0 U 6
8 0 U 7
9 0 L 5
10 1 L 3
11 0 U -1
12 0 L -1
13 1 L -1
14 1 L 12
15 1 U -1
16 0 U 15
17 1 U 9
18 1 L 16
19 1 L 4
20 0 U 18
21 1 U 6
22 0 U 7
23 1 L 9
24 1 L -1
25 0 U 22
26 1 U -1
27 1 L 19
28 1 L 27
29 0 U 23
30 1 U 23
31
0 1 U -1
1 0 L -1
2 0 U -1
3 0 L -1
4 0 L -1
5 1 U 1
6 1 U -1
7 0 U 6
8 1 U 7
9 0 L 5
10 1 L 4
11 0 U -1
12 0 L -1
13 1 L -1
14 1 L 12
15 1 U -1
16 0 U 1
17 1 U 9
18 1 L 16
19 1 L 4
20 0 U 18
21 1 U 6
22 0 U 21
23 1 L 9
24 0 L -1
25 0 U 10
26 1 U -1
27 1 L 19
28 1 L 27
29 0 U 23
30 1 U 25
31
0 1 U -1
1 0 L -1
2 0 U -1
3 1 L -1
4 0 L -1
5 1 U 1
6 1 U -1
7 0 U 6
8 0 U 7
9 0 L 5
10 1 L 3
11 0 U -1
12 0 L -1
13 1 L -1
14 1 L 12
15 1 U -1
16 0 U 15
17 1 U 9
18 1 L 16
19 1 L 4
20 0 U 18
21 1 U 6
22 0 U 21
23 1 L 9
24 1 L -1
25 0 U 10
26 1 U -1
27 1 L 19
28 1 L 27
29 0 U 23
30 0 U 23
31
0 1 U -1
1 0 L -1
2 0 U -1
3 1 L -1
4 0 L -1
5 1 U 1
6 1 U -1
7 0 U 6
8 0 U 7
9 0 L 5
10 1 L 4
11 0 U -1
12 0 L -1
13 1 L -1
14 1 L 12
15 1 U -1
16 0 U 1
17 1 U 9
18 1 L 16
19 1 L 4
20 0 U 18
21 1 U 6
22 0 U 21
23 1 L 9
24 1 L -1
25 0 U 10
26 1 U -1
27 1 L 19
28 1 L 27
29 0 U 23
30 1 U 23
31
0 1 L -1
1 0 L -1
2 0 U -1
3 1 L -1
4 0 L -1
5 1 U 1
6 1 U -1
7 0 U 6
8 0 U 7
9 0 L 5
10 1 L 3
11 0 U -1
12 0 L -1
13 1 L -1
14 1 L 12
15 1 U -1
16 0 U 1
17 1 U 9
18 1 L 16
19 1 L 4
20 0 U 18
21 1 U 6
22 0 U 21
23 1 L 9
24 1 L -1
25 0 U 10
26 1 U -1
27 1 L 19
28 1 L 27
29 0 U 23
30 1 U 23
31
0 1 L -1
1 0 L -1
2 0 U -1
3 0 L -1
4 0 L -1
5 1 U 1
6 1 U -1
7 1 U 6
8 0 U 7
9 0 L 5
10 1 L 3
11 0 U -1
12 0 L -1
13 1 L -1
14 1 L 12
15 1 U -1
16 0 U 15
17 1 U 9
18 1 L 16
19 1 L 4
20 0 U 18
21 1 U 6
22 0 U 21
23 1 L 9
24 0 L -1
25 0 U 10
26 1 U -1
27 1 L 19
28 1 L 27
29 0 U 23
30 1 U 23
31
0 1 L -1
1 0 L -1
2 1 U -1
3 1 L -1
4 0 L -1
5 1 U 1
6 1 U -1
7 0 U 6
8 0 U 7
9 0 L 5
10 1 L 3
11 0 U -1
12 0 L -1
13 1 L -1
14 1 L 12
15 1 U -1
16 0 U 15
17 1 U 9
18 1 L 16
19 1 L 4
20 0 U 18
21 1 U 6
22 0 U 7
23 1 L 9
24 0 L -1
25 0 U 22
26 1 U -1
27 1 L 19
28 1 L 27
29 0 U 23
30 1 U 25
31
0 1 U -1
1 0 L -1
2 0 U -1
3 1 L -1
4 0 L -1
5 1 U 1
6 1 U -1
7 0 U 6
8 0 U 7
9 0 L 5
10 1 L 4
11 0 U -1
12 0 L -1
13 1 L -1
14 1 L 12
15 1 U -1
16 0 U 15
17 1 U 9
18 1 L 16
19 1 L 4
20 0 U 18
21 1 U 6
22 0 U 21
23 1 L 9
24 1 L -1
25 0 U 10
26 1 U -1
27 1 L 19
28 1 L 27
29 0 U 23
30 1 U 25
31
0 1 U -1
1 0 L -1
2 0 U -1
3 1 L -1
4 0 L -1
5 1 U 1
6 1 U -1
7 0 U 6
8 0 U 7
9 0 L 5
10 1 L 3
11 0 U -1
12 0 L -1
13 1 L -1
14 1 L 12
15 1 U -1
16 0 U 15
17 1 U 9
18 1 L 16
19 1 L 4
20 0 U 18
21 1 U 15
22 0 U 21
23 1 L 9
24 0 L -1
25 0 U 22
26 1 U -1
27 1 L 19
28 1 L 27
29 0 U 23
30 1 U 25
31
0 1 L -1
1 0 L -1
2 1 U -1
3 1 L -1
4 0 L -1
5 1 U 1
6 1 U -1
7 0 U 6
8 0 U 7
9 0 L 5
10 1 L 4
11 0 U -1
12 0 L -1
13 1 L -1
14 1 L 12
15 1 U -1
16 0 U 15
17 1 U 9
18 1 L 16
19 1 L 4
20 0 U 18
21 1 U 15
22 0 U 21
23 1 L 9
24 1 L -1
25 0 U 10
26 1 U -1
27 1 L 19
28 1 L 27
29 0 U 23
30 1 U 23
31
0 1 U -1
1 0 L -1
2 0 U -1
3 0 L -1
4 0 L -1
5 1 U 1
6 1 U -1
7 0 U 6
8 0 U 7
9 0 L 5
10 1 L 3
11 0 U -1
12 0 L -1
13 1 L -1
14 1 L 12
15 1 U -1
16 0 U 1
17 1 U 9
18 1 L 16
19 1 L 4
20 0 U 18
21 1 U 6
22 0 U 3
23 1 L 9
24 1 L -1
25 0 U 22
26 1 U -1
27 1 L 19
28 1 L 27
29 0 U 23
30 1 U 25
31
0 1 L -1
1 0 L -1
2 1 U -1
3 0 L -1
4 0 L -1
5 1 U 1
6 1 U -1
7 0 U 6
8 0 U 7
9 0 L 5
10 0 L 4
11 0 U -1
12 0 L -1
13 1 L -1
14 1 L 12
15 1 U -1
16 0 U 1
17 1 U 9
18 1 L 16
19 1 L 4
20 0 U 18
21 1 U 6
22 0 U 21
23 1 L 9
24 0 L -1
25 0 U 22
26 1 U -1
27 1 L 19
28 1 L 27
29 0 U 23
30 1 U 14
31
0 1 L -1
1 0 L -1
2 0 U -1
3 1 L -1
4 0 L -1
5 1 U 1
6 1 U -1
7 0 U 6
8 1 U 7
9 0 L 5
10 1 L 4
11 0 U -1
12 0 L -1
13 1 L -1
14 1 L 12
15 1 U -1
16 0 U 1
17 1 U 12
18 1 L 16
19 1 L 4
20 0 U 18
21 1 U 15
22 0 U 3
23 1 L 9
24 0 L -1
25 0 U 22
26 1 U -1
27 1 L 19
28 1 L 27
29 0 U 23
30 1 U 23
31
0 1 U -1
1 0 L -1
2 0 U -1
3 1 L -1
4 0 L -1
5 1 U 1
6 1 U -1
7 0 U 6
8 1 U 7
9 0 L 5
10 0 L 4
11 0 U -1
12 0 L -1
13 1 L -1
14 1 L 12
15 1 U -1
16 0 U 1
17 1 U 9
18 1 L 16
19 1 L 4
20 0 U 18
21 1 U 6
22 0 U 21
23 1 L 9
24 1 L -1
25 0 U 22
26 1 U -1
27 1 L 19
28 1 L 27
29 0 U 23
30 1 U 25
31
0 1 U -1
1 0 L -1
2 1 U -1
3 1 L -1
4 0 L -1
5 1 U 1
6 1 U -1
7 0 U 6
8 0 U 7
9 0 L 5
10 1 L 4
11 0 U -1
12 0 L -1
13 1 L -1
14 1 L 12
15 1 U -1
16 0 U 15
17 1 U 9
18 1 L 16
19 1 L 4
20 0 U 18
21 1 U 6
22 0 U 21
23 1 L 9
24 1 L -1
25 0 U 10
26 1 U -1
27 1 L 19
28 1 L 27
29 0 U 23
30 1 U 25
31
0 1 U -1
1 0 L -1
2 1 U -1
3 0 L -1
4 0 L -1
5 1 U 1
6 1 U -1
7 0 U 6
8 1 U 7
9 0 L 5
10 1 L 3
11 0 U -1
12 0 L -1
13 1 L -1
14 1 L 12
15 1 U -1
16 0 U 1
17 1 U 9
18 1 L 16
19 1 L 4
20 0 U 18
21 1 U 6
22 0 U 3
23 1 L 9
24 0 L -1
25 0 U 22
26 1 U -1
27 1 L 19
28 1 L 27
29 0 U 23
30 1 U 23
31
0 1 U -1
1 0 L -1
2 0 U -1
3 0 L -1
4 0 L -1
5 1 U 1
6 1 U -1
7 0 U 6
8 0 U 7
9 0 L 5
10 1 L 3
11 0 U -1
12 0 L -1
13 1 L -1
14 1 L 12
15 1 U -1
16 0 U 15
17 1 U 9
18 1 L 16
19 1 L 4
20 0 U 18
21 1 U 15
22 0 U 3
23 1 L 9
24 1 L -1
25 0 U 22
26 1 U -1
27 1 L 19
28 1 L 27
29 0 U 23
30 1 U 25
31
0 1 U -1
1 0 L -1
2 0 U -1
3 1 L -1
4 0 L -1
5 1 U 1
6 1 U -1
7 0 U 6
8 0 U 7
9 0 L 5
10 1 L 4
11 0 U -1
12 0 L -1
13 1 L -1
14 1 L 12
15 1 U -1
16 0 U 1
17 1 U 9
18 1 L 16
19 1 L 4
20 0 U 18
21 1 U 6
22 0 U 21
23 1 L 9
24 0 L -1
25 0 U 10
26 1 U -1
27 1 L 19
28 1 L 27
29 0 U 23
30 1 U 25
31
0 1 U -1
1 0 L -1
2 0 U -1
3 0 L -1
4 0 L -1
5 1 U 1
6 1 U -1
7 0 U 6
8 0 U 7
9 0 L 5
10 1 L 4
11 0 U -1
12 0 L -1
13 1 L -1
14 1 L 12
15 1 U -1
16 0 U 1
17 1 U 9
18 1 L 16
19 1 L 4
20 0 U 18
21 1 U 6
22 0 U 3
23 1 L 9
24 1 L -1
25 0 U 22
26 1 U -1
27 1 L 19
28 1 L 27
29 0 U 23
30 1 U 25
31
0 1 L -1
1 0 L -1
2 0 U -1
3 1 L -1
4 0 L -1
5 1 U 1
6 1 U -1
7 0 U 6
8 1 U 7
9 0 L 5
10 1 L 4
11 0 U -1
12 0 L -1
13 1 L -1
14 1 L 12
15 1 U -1
16 0 U 1
17 1 U 9
18 1 L 16
19 1 L 4
20 0 U 18
21 1 U 15
22 0 U 21
23 1 L 9
24 1 L -1
25 0 U 10
26 1 U -1
27 1 L 19
28 1 L 27
29 0 U 23
30 1 U 23
31
0 1 U -1
1 0 L -1
2 0 U -1
3 0 L -1
4 0 L -1
5 1 U 1
6 1 U -1
7 0 U 6
8 0 U 7
9 0 L 5
10 1 L 3
11 0 U -1
12 0 L -1
13 1 L -1
14 1 L 12
15 1 U -1
16 0 U 1
17 1 U 9
18 1 L 16
19 1 L 4
20 0 U 18
21 1 U 6
22 0 U 7
23 1 L 9
24 1 L -1
25 0 U 22
26 1 U -1
27 1 L 19
28 1 L 27
29 0 U 23
30 1 U 25
31
0 1 L -1
1 0 L -1
2 1 U -1
3 1 L -1
4 0 L -1
5 1 U 1
6 1 U -1
7 0 U 6
8 0 U 7
9 0 L 5
10 1 L 4
11 0 U -1
12 0 L -1
13 1 L -1
14 1 L 12
15 1 U -1
16 0 U 15
17 1 U 9
18 1 L 16
19 1 L 4
20 0 U 18
21 1 U 15
22 0 U 21
23 1 L 9
24 0 L -1
25 0 U 22
26 1 U -1
27 1 L 19
28 1 L 27
29 0 U 23
30 1 U 23
31
0 1 U -1
1 0 L -1
2 0 U -1
3 1 L -1
4 0 L -1
5 1 U 1
6 1 U -1
7 0 U 6
8 0 U 7
9 0 L 5
10 0 L 4
11 0 U -1
12 0 L -1
13 1 L -1
14 1 L 12
15 1 U -1
16 0 U 1
17 1 U 9
18 1 L 16
19 1 L 4
20 0 U 18
21 1 U 6
22 0 U 21
23 1 L 9
24 0 L -1
25 0 U 22
26 1 U -1
27 1 L 19
28 1 L 27
29 0 U 23
30 1 U 23
31
0 1 L -1
1 0 L -1
2 1 U -1
3 1 L -1
4 0 L -1
5 1 U 1
6 1 U -1
7 0 U 6
8 0 U 7
9 0 L 5
10 1 L 3
11 0 U -1
12 0 L -1
13 1 L -1
14 1 L 12
15 1 U -1
16 0 U 1
17 1 U 9
18 1 L 16
19 1 L 4
20 0 U 18
21 1 U 15
22 0 U 21
23 1 L 9
24 0 L -1
25 0 U 10
26 1 U -1
27 1 L 19
28 1 L 27
29 0 U 23
30 1 U 25
31
0 1 L -1
1 0 L -1
2 0 U -1
3 1 L -1
4 0 L -1
5 1 U 1
6 1 U -1
7 0 U 6
8 0 U 7
9 0 L 5
10 0 L 4
11 0 U -1
12 0 L -1
13 1 L -1
14 1 L 12
15 1 U -1
16 0 U 15
17 1 U 9
18 1 L 16
19 1 L 4
20 0 U 18
21 1 U 6
22 0 U 3
23 1 L 9
24 0 L -1
25 0 U 22
26 1 U -1
27 1 L 19
28 1 L 27
29 0 U 23
30 1 U 25
31
0 1 L -1
1 0 L -1
2 1 U -1
3 1 L -1
4 0 L -1
5 1 U 1
6 1 U -1
7 0 U 6
8 0 U 7
9 0 L 5
10 1 L 4
11 0 U -1
12 0 L -1
13 1 L -1
14 1 L 12
15 1 U -1
16 0 U 1
17 1 U 9
18 1 L 16
19 1 L 4
20 0 U 18
21 1 U 6
22 0 U 7
23 1 L 9
24 1 L -1
25 0 U 22
26 1 U -1
27 1 L 19
28 1 L 27
29 0 U 23
30 1 U 25
31
0 1 L -1
1 0 L -1
2 0 U -1
3 1 L -1
4 0 L -1
5 1 U 1
6 1 U -1
7 0 U 6
8 0 U 7
9 0 L 5
10 0 L 4
11 0 U -1
12 0 L -1
13 1 L -1
14 1 L 12
15 1 U -1
16 0 U 15
17 1 U 9
18 1 L 16
19 1 L 4
20 0 U 18
21 1 U 6
22 0 U 3
23 1 L 9
24 1 L -1
25 0 U 22
26 1 U -1
27 1 L 19
28 1 L 27
29 0 U 23
30 1 U 25
31
0 1 U -1
1 0 L -1
2 0 U -1
3 0 L -1
4 0 L -1
5 1 U 1
6 1 U -1
7 0 U 6
8 0 U 7
9 0 L 5
10 1 L 3
11 0 U -1
12 0 L -1
13 1 L -1
14 1 L 12
15 1 U -1
16 0 U 1
17 1 U 9
18 1 L 16
19 1 L 4
20 0 U 18
21 1 U 6
22 0 U 7
23 1 L 9
24 1 L -1
25 0 U 22
26 1 U -1
27 1 L 19
28 1 L 27
29 0 U 23
30 1 U 23
31
0 1 U -1
1 0 L -1
2 0 U -1
3 1 L -1
4 0 L -1
5 1 U 1
6 1 U -1
7 0 U 6
8 0 U 7
9 0 L 5
10 0 L 4
11 0 U -1
12 0 L -1
13 1 L -1
14 1 L 12
15 1 U -1
16 0 U 1
17 1 U 9
18 1 L 16
19 1 L 4
20 0 U 18
21 1 U 15
22 0 U 21
23 1 L 9
24 1 L -1
25 0 U 22
26 1 U -1
27 1 L 19
28 1 L 27
29 0 U 23
30 1 U 25
31
0 1 U -1
1 0 L -1
2 0 U -1
3 1 L -1
4 0 L -1
5 1 U 1
6 1 U -1
7 0 U 6
8 0 U 7
9 0 L 5
10 1 L 3
11 0 U -1
12 0 L -1
13 1 L -1
14 1 L 12
15 1 U -1
16 0 U 1
17 1 U 9
18 1 L 16
19 1 L 4
20 0 U 18
21 1 U 6
22 0 U 3
23 1 L 9
24 1 L -1
25 0 U 22
26 1 U -1
27 1 L 19
28 1 L 27
29 0 U 23
30 1 U 23
31
0 1 L -1
1 0 L -1
2 1 U -1
3 1 L -1
4 0 L -1
5 1 U 1
6 1 U -1
7 0 U 6
8 0 U 7
9 0 L 5
10 1 L 4
11 0 U -1
12 0 L -1
13 1 L -1
14 1 L 12
15 1 U -1
16 0 U 15
17 1 U 9
18 1 L 16
19 1 L 4
20 0 U 18
21 1 U 6
22 0 U 3
23 1 L 9
24 0 L -1
25 0 U 22
26 1 U -1
27 1 L 19
28 1 L 27
29 0 U 23
30 1 U 23
31
0 1 U -1
1 0 L -1
2 0 U -1
3 0 L -1
4 0 L -1
5 1 U 1
6 1 U -1
7 0 U 6
8 0 U 7
9 0 L 5
10 1 L 4
11 0 U -1
12 0 L -1
13 1 L -1
14 1 L 12
15 1 U -1
16 0 U 1
17 1 U 9
18 1 L 16
19 1 L 4
20 0 U 18
21 1 U 15
22 0 U 21
23 1 L 9
24 0 L -1
25 0 U 22
26 1 U -1
27 1 L 19
28 1 L 27
29 0 U 23
30 1 U 23
31
0 1 U -1
1 0 L -1
2 0 U -1
3 0 L -1
4 0 L -1
5 1 U 1
6 1 U -1
7 0 U 6
8 0 U 7
9 0 L 5
10 1 L 3
11 0 U -1
12 0 L -1
13 1 L -1
14 1 L 12
15 1 U -1
16 0 U 15
17 1 U 9
18 1 L 16
19 1 L 4
20 0 U 18
21 1 U 6
22 0 U 21
23 1 L 9
24 0 L -1
25 0 U 10
26 1 U -1
27 1 L 19
28 1 L 27
29 0 U 23
30 1 U 25
31
0 1 L -1
1 0 L -1
2 1 U -1
3 1 L -1
4 0 L -1
5 1 U 1
6 1 U -1
7 0 U 6
8 0 U 7
9 0 L 5
10 1 L 3
11 0 U -1
12 0 L -1
13 1 L -1
14 1 L 12
15 1 U -1
16 0 U 15
17 1 U 9
18 1 L 16
19 1 L 4
20 0 U 18
21 1 U 15
22 0 U 3
23 1 L 9
24 1 L -1
25 0 U 22
26 1 U -1
27 1 L 19
28 1 L 27
29 0 U 23
30 1 U 25
31
0 1 U -1
1 0 L -1
2 0 U -1
3 0 L -1
4 0 L -1
5 1 U 1
6 1 U -1
7 0 U 6
8 0 U 7
9 0 L 5
10 1 L 4
11 0 U -1
12 0 L -1
13 1 L -1
14 1 L 12
15 1 U -1
16 0 U 15
17 1 U 9
18 1 L 16
19 1 L 4
20 0 U 18
21 1 U 6
22 0 U 3
23 1 L 9
24 1 L -1
25 0 U 22
26 1 U -1
27 1 L 19
28 1 L 27
29 0 U 23
30 1 U 25
31
0 1 L -1
1 0 L -1
2 1 U -1
3 1 L -1
4 0 L -1
5 1 U 1
6 1 U -1
7 0 U 6
8 0 U 7
9 0 L 5
10 1 L 4
11 0 U -1
12 0 L -1
13 1 L -1
14 1 L 12
15 1 U -1
16 0 U 15
17 1 U 9
18 1 L 16
19 1 L 4
20 0 U 18
21 1 U 15
22 0 U 3
23 1 L 9
24 1 L -1
25 0 U 22
26 1 U -1
27 1 L 19
28 1 L 27
29 0 U 23
30 1 U 23
31
0 1 U -1
1 0 L -1
2 0 U -1
3 1 L -1
4 0 L -1
5 1 U 1
6 1 U -1
7 0 U 6
8 0 U 7
9 0 L 5
10 1 L 3
11 0 U -1
12 0 L -1
13 1 L -1
14 1 L 12
15 1 U -1
16 0 U 15
17 1 U 9
18 1 L 16
19 1 L 4
20 0 U 18
21 1 U 6
22 0 U 7
23 1 L 9
24 1 L -1
25 0 U 10
26 1 U -1
27 1 L 19
28 1 L 27
29 0 U 23
30 1 U 25
31
0 1 L -1
1 0 L -1
2 1 U -1
3 1 L -1
4 0 L -1
5 1 U 1
6 1 U -1
7 0 U 6
8 0 U 7
9 0 L 5
10 0 L 4
11 0 U -1
12 0 L -1
13 1 L -1
14 1 L 12
15 1 U -1
16 0 U 1
17 1 U 9
18 1 L 16
19 1 L 4
20 0 U 18
21 1 U 15
22 0 U 21
23 1 L 9
24 0 L -1
25 0 U 22
26 1 U -1
27 1 L 19
28 1 L 27
29 0 U 23
30 1 U 23
31
0 1 L -1
1 0 L -1
2 0 U -1
3 1 L -1
4 0 L -1
5 1 U 1
6 1 U -1
7 0 U 6
8 0 U 7
9 0 L 5
10 0 L 4
11 0 U -1
12 0 L -1
13 1 L -1
14 1 L 12
15 1 U -1
16 0 U 1
17 1 U 9
18 1 L 16
19 1 L 4
20 0 U 18
21 1 U 15
22 0 U 21
23 1 L 9
24 1 L -1
25 0 U 22
26 1 U -1
27 1 L 19
28 1 L 27
29 0 U 23
30 1 U 14
31
0 1 L -1
1 0 L -1
2 1 U -1
3 1 L -1
4 0 L -1
5 1 U 1
6 1 U -1
7 0 U 6
8 0 U 7
9 0 L 5
10 1 L 4
11 0 U -1
12 0 L -1
13 1 L -1
14 1 L 12
15 1 U -1
16 0 U 15
17 1 U 9
18 1 L 16
19 1 L 4
20 0 U 18
21 1 U 6
22 0 U 7
23 1 L 9
24 1 L -1
25 0 U 22
26 1 U -1
27 1 L 19
28 1 L 27
29 0 U 23
30 1 U 25
31
0 1 L -1
1 0 L -1
2 1 U -1
3 1 L -1
4 0 L -1
5 1 U 1
6 1 U -1
7 0 U 6
8 0 U 7
9 0 L 5
10 1 L 3
11 0 U -1
12 0 L -1
13 1 L -1
14 1 L 12
15 1 U -1
16 0 U 1
17 1 U 9
18 1 L 16
19 1 L 4
20 0 U 18
21 1 U 6
22 0 U 21
23 1 L 9
24 0 L -1
25 0 U 22
26 1 U -1
27 1 L 19
28 1 L 27
29 0 U 23
30 1 U 23
