70
0 0 U -1
1 0 U -1
2 0 U -1
3 0 U -1
4 0 U -1
5 0 U -1
6 0 U -1
7 0 U -1
8 0 U -1
9 0 U -1
10 0 U -1
11 0 U -1
12 0 U -1
13 0 U -1
14 0 U -1
15 0 U -1
16 0 U -1
17 0 U -1
18 0 U -1
19 0 U -1
20 0 U -1
21 0 U -1
22 0 U -1
23 0 U -1
24 0 U -1
25 0 U -1
26 0 U -1
27 0 U -1
28 0 U -1
29 0 U -1
30 0 U -1
31 0 U -1
32 0 U -1
33 0 U -1
34 0 U -1
35 0 U -1
36 0 U -1
37 0 U -1
38 0 U -1
39 0 U -1
40 0 U -1
41 0 U -1
42 0 U -1
43 0 U -1
44 0 U -1
45 0 U -1
46 0 U -1
47 0 U -1
48 0 U -1
49 0 U -1
50 0 U -1
51 0 U -1
52 0 U -1
53 0 U -1
54 0 U -1
55 0 U -1
56 0 U -1
57 0 U -1
58 0 U -1
59 0 U -1
60 0 U -1
61 0 U -1
62 0 U -1
63 0 U -1
64 0 U -1
65 0 U -1
66 0 U -1
67 0 U -1
68 0 U -1
69 0 U -1
70
0 1 U -1
1 0 L -1
2 0 U -1
3 1 U 0
4 1 U 2
5 1 U -1
6 0 U -1
7 0 L -1
8 0 U -1
9 0 U 6
10 0 U -1
11 0 L -1
12 1 U 4
13 0 L 9
14 1 U 1
15 0 L -1
16 1 U 4
17 0 U -1
18 0 L 4
19 0 U 8
20 1 U -1
21 0 U -1
22 0 L 19
23 1 L 6
24 1 L 20
25 1 L 1
26 1 U 16
27 0 U -1
28 0 U 21
29 0 L 0
30 0 U 12
31 0 U 15
32 0 L 27
33 1 L 4
34 0 L 10
35 1 L 23
36 1 L -1
37 0 L 16
38 1 U -1
39 0 U 4
40 1 U 39
41 0 U 31
42 0 U 41
43 1 U 32
44 1 U 0
45 1 L 27
46 1 L 19
47 0 L 1
48 1 L 7
49 1 U 0
50 1 U 19
51 0 U 39
52 1 U -1
53 0 L 22
54 1 U -1
55 0 U 29
56 1 U 52
57 1 U 3
58 0 U 11
59 1 U 2
60 1 L 43
61 0 U 30
62 1 U 61
63 1 U 46
64 0 U 16
65 0 L 63
66 1 L -1
67 1 L 17
68 1 U 24
69 0 L 65
70
0 1 U -1
1 0 L -1
2 0 U -1
3 1 U 0
4 0 U 0
5 1 U 0
6 0 U -1
7 1 L -1
8 0 U -1
9 0 U 1
10 0 U -1
11 0 L -1
12 1 U 1
13 1 L 9
14 1 U 10
15 0 L -1
16 1 U 4
17 0 U -1
18 0 L 4
19 1 U 4
20 1 U -1
21 0 U -1
22 0 L 19
23 0 L 6
24 1 L 20
25 1 L 1
26 1 U 16
27 0 L -1
28 0 U 8
29 0 L 1
30 0 U 12
31 0 U 29
32 1 L 28
33 0 L 11
34 0 U -1
35 1 L 10
36 1 L 18
37 1 L 16
38 1 U 8
39 0 U 1
40 1 U 0
41 1 U 31
42 0 U 41
43 1 U 32
44 0 L 31
45 1 L 28
46 1 L 19
47 1 L 7
48 0 L 25
49 1 L 31
50 1 L 37
51 0 U 39
52 1 U -1
53 1 L 4
54 0 U 49
55 0 U 30
56 1 U 54
57 0 U 3
58 1 L 2
59 1 U 20
60 0 L 43
61 0 U 30
62 1 U 61
63 1 U 36
64 1 U 3
65 0 L 63
66 1 L -1
67 1 L 42
68 1 U 29
69 1 L 65
70
0 1 L -1
1 0 L -1
2 0 U -1
3 1 U 2
4 0 U 2
5 1 U 2
6 0 U -1
7 0 L -1
8 0 U -1
9 0 U 1
10 0 U -1
11 0 L -1
12 0 U 1
13 0 L 9
14 1 U 5
15 1 L -1
16 1 U 4
17 0 U -1
18 0 L 4
19 1 U 3
20 1 U 0
21 0 U -1
22 0 L 21
23 1 L 18
24 1 L 20
25 1 L 11
26 1 U 16
27 0 L 25
28 0 U 1
29 0 L 1
30 0 U 9
31 0 U 29
32 0 L 21
33 0 L 29
34 0 U -1
35 0 L 13
36 1 L 18
37 1 L 16
38 0 U 5
39 0 U 1
40 0 U -1
41 1 U 31
42 1 U 41
43 0 U 32
44 1 L 31
45 1 L 28
46 1 L 19
47 1 L 7
48 0 L 42
49 1 L 31
50 1 U 22
51 0 U 39
52 0 U -1
53 1 L 4
54 1 L 31
55 0 U 21
56 1 L -1
57 0 U 3
58 0 L 15
59 1 U 2
60 1 L 43
61 1 U 30
62 1 U 46
63 1 U 46
64 0 U 3
65 1 L 63
66 1 L -1
67 1 L 42
68 0 U 57
69 0 L 65
70
0 1 U -1
1 0 L -1
2 0 U -1
3 1 U 0
4 0 U 2
5 1 U -1
6 0 U -1
7 0 L -1
8 0 U -1
9 0 U 1
10 0 U -1
11 1 L -1
12 0 U 4
13 0 L 9
14 0 U 4
15 1 L -1
16 0 U 1
17 0 U -1
18 0 L 4
19 1 U 3
20 1 U -1
21 0 U -1
22 0 L -1
23 0 L 18
24 1 L 20
25 1 L 1
26 1 U 19
27 0 L 25
28 1 U -1
29 1 L 3
30 1 U 9
31 0 U 29
32 0 L 21
33 1 L 15
34 1 U 20
35 0 L 14
36 1 L 18
37 0 L 16
38 0 U 1
39 0 U 3
40 1 U -1
41 0 U 31
42 0 U 41
43 1 U 32
44 1 U -1
45 0 L 32
46 1 L 19
47 0 L 15
48 0 L 42
49 1 L 31
50 0 U 7
51 1 U 50
52 0 U 20
53 1 L 4
54 0 L 18
55 0 U 49
56 1 L -1
57 1 U 3
58 0 U 2
59 1 U 0
60 0 L 55
61 0 U 30
62 1 U 46
63 1 U 46
64 1 L 2
65 1 L 63
66 1 L 56
67 0 L 17
68 1 U 5
69 1 U 65
70
0 1 U -1
1 0 L -1
2 0 U -1
3 1 U 0
4 0 U 2
5 1 U -1
6 0 U -1
7 0 L -1
8 0 U -1
9 0 U 1
10 0 U -1
11 1 L -1
12 1 U 6
13 1 L 9
14 0 U 1
15 1 L -1
16 0 U 4
17 0 U -1
18 0 L 4
19 1 U 3
20 1 U -1
21 0 U -1
22 0 L -1
23 1 L 6
24 1 L 20
25 1 L 1
26 1 U 19
27 0 L 25
28 1 U -1
29 0 L 3
30 1 U 9
31 0 U 29
32 0 L 24
33 1 L 15
34 1 U 20
35 1 L 10
36 1 L 18
37 0 L 2
38 1 U 1
39 0 U 34
40 1 U -1
41 0 U 31
42 0 U 41
43 0 U 32
44 1 U -1
45 0 L 28
46 1 L 19
47 1 L 15
48 1 L 42
49 1 L 31
50 0 U 7
51 1 U 50
52 0 U 20
53 1 L 4
54 0 L 24
55 0 U 49
56 1 L -1
57 1 U 3
58 1 L 5
59 1 U 0
60 1 L 55
61 0 U 51
62 1 U 46
63 1 U 46
64 1 L 2
65 1 L 63
66 1 L 1
67 1 L 17
68 0 U 28
69 0 U 65
70
0 1 L -1
1 0 L -1
2 0 U -1
3 1 U 0
4 1 U 2
5 1 U -1
6 0 U -1
7 1 L -1
8 0 U -1
9 0 U 1
10 0 U -1
11 1 L -1
12 0 U 6
13 0 L 9
14 0 U 1
15 0 L -1
16 0 U 1
17 0 U -1
18 0 L 4
19 1 U 3
20 1 U -1
21 0 U -1
22 0 L -1
23 1 L 18
24 1 L 20
25 1 L 1
26 1 U 19
27 0 L 25
28 1 U -1
29 0 L 2
30 1 U 27
31 0 U 29
32 0 L 24
33 1 L 15
34 1 U 20
35 1 L 10
36 1 L 18
37 0 L 16
38 1 U 1
39 0 U 14
40 1 U -1
41 1 U 31
42 1 U 41
43 0 U 23
44 1 U -1
45 1 L 28
46 1 L 19
47 1 L 15
48 1 L 19
49 0 L 31
50 0 U 12
51 1 U 27
52 0 U 20
53 1 L 4
54 1 L 42
55 0 U 49
56 1 U -1
57 1 U 14
58 1 L 5
59 1 U 0
60 1 L 55
61 0 U 28
62 1 U 46
63 1 U 46
64 0 L 25
65 0 L 63
66 1 L 15
67 0 L 17
68 1 U 8
69 1 U 65
70
0 1 L -1
1 0 L -1
2 0 U -1
3 1 U 0
4 0 U 0
5 1 U 2
6 0 U -1
7 1 L -1
8 0 U -1
9 0 U 5
10 0 U -1
11 0 L -1
12 0 U 6
13 0 L 9
14 0 U 5
15 1 L -1
16 0 U 4
17 0 U -1
18 0 L 4
19 1 U 3
20 1 U -1
21 0 U -1
22 0 L -1
23 0 L 6
24 1 L 20
25 1 L 1
26 1 U 19
27 0 L 25
28 1 U -1
29 0 L 2
30 1 U 27
31 0 U 29
32 0 L 24
33 1 L 15
34 1 U 20
35 1 L 10
36 1 L 18
37 0 L 3
38 1 U 1
39 0 U 14
40 1 U 18
41 0 U 31
42 0 U 41
43 1 U 37
44 1 U -1
45 0 L 28
46 1 L 19
47 1 L 15
48 0 L 42
49 1 L 31
50 0 U 12
51 1 U 27
52 0 U 28
53 1 L 4
54 0 L 16
55 0 U 49
56 1 U -1
57 1 U 12
58 0 L 5
59 0 U 56
60 1 L 55
61 0 U 15
62 1 U 46
63 1 U 46
64 0 L 47
65 1 L 63
66 1 L 15
67 0 L 17
68 1 U 8
69 0 U 47
70
0 1 L -1
1 0 L -1
2 0 U -1
3 1 U 0
4 0 U 0
5 1 U 2
6 0 U -1
7 1 L -1
8 0 U -1
9 0 U 5
10 0 U -1
11 0 L -1
12 0 U 6
13 0 L 9
14 0 U 5
15 1 L -1
16 0 U 4
17 0 U -1
18 0 L 4
19 1 U 14
20 1 U -1
21 0 U -1
22 0 L -1
23 0 L 6
24 1 L 20
25 1 L 1
26 1 U 19
27 0 L 25
28 1 U -1
29 0 L 2
30 1 U 27
31 0 U 29
32 0 L 24
33 1 L 15
34 1 U 20
35 1 L 10
36 1 L 18
37 0 L 3
38 1 U 4
39 0 U 34
40 1 U 18
41 0 U 31
42 0 U 41
43 1 U 37
44 1 U -1
45 0 L 28
46 1 L 19
47 1 L 15
48 1 L 42
49 1 L 31
50 0 U 3
51 1 U 27
52 0 U 28
53 1 L 4
54 0 L 35
55 0 U 49
56 1 U -1
57 1 U 12
58 0 L 5
59 1 U 20
60 1 L 55
61 0 U 15
62 1 U 46
63 1 U 46
64 1 L 47
65 1 L 63
66 1 L 15
67 0 L 17
68 1 U 8
69 0 U 47
70
0 1 L -1
1 0 L -1
2 0 U -1
3 1 U 0
4 0 U 2
5 1 U 0
6 0 U -1
7 1 L -1
8 0 U -1
9 0 U 1
10 0 U -1
11 0 L -1
12 1 U 6
13 0 L 9
14 0 U 5
15 0 L -1
16 0 U 4
17 0 U -1
18 0 L 4
19 1 U 14
20 1 U -1
21 1 U -1
22 0 L -1
23 1 L 18
24 1 L 20
25 1 L 11
26 1 U 19
27 0 L 25
28 1 U -1
29 0 L 11
30 0 U 27
31 0 U 29
32 0 L 24
33 0 L 15
34 0 U 10
35 0 L 10
36 1 L 18
37 0 L 2
38 1 U 4
39 0 U 3
40 1 U 32
41 0 U 31
42 0 U 41
43 1 U 37
44 1 U -1
45 0 L 32
46 1 L 19
47 1 L 22
48 1 L 42
49 1 L 31
50 0 U 3
51 1 U 27
52 0 U 28
53 1 L 4
54 1 L 7
55 0 U 49
56 1 U -1
57 1 U 34
58 1 L 5
59 1 U 2
60 0 L 55
61 1 U 24
62 1 U 46
63 1 U 60
64 1 L 47
65 1 L 63
66 1 L 19
67 1 L 42
68 0 U 28
69 0 L 47
70
0 1 L -1
1 0 L -1
2 0 U -1
3 1 U 0
4 0 U 2
5 1 U 0
6 0 U -1
7 1 L -1
8 0 U -1
9 0 U 1
10 0 U -1
11 0 L -1
12 1 U 6
13 0 L 9
14 0 U 5
15 0 L -1
16 0 U 3
17 0 U -1
18 0 L 4
19 1 U 14
20 1 U 2
21 1 U -1
22 0 L -1
23 0 L 18
24 1 L 20
25 1 L 11
26 1 U 19
27 0 L 25
28 1 U -1
29 0 L 2
30 0 U 27
31 0 U 29
32 0 L 24
33 0 L 15
34 0 U 5
35 1 L 13
36 1 L 18
37 0 L 2
38 1 U 4
39 0 U 3
40 1 U 32
41 0 U 31
42 0 U 41
43 1 U 23
44 1 U -1
45 0 L 32
46 1 L 19
47 1 L 22
48 1 L 17
49 1 L 31
50 0 U 7
51 1 U 27
52 0 U 28
53 1 L 4
54 1 L 7
55 0 U 49
56 1 U -1
57 1 U 55
58 0 L 5
59 1 U 2
60 0 L 55
61 1 U 24
62 1 U 40
63 1 U 36
64 1 L 47
65 1 L 49
66 1 L 19
67 0 L 42
68 0 U 28
69 0 L 47
70
0 1 L -1
1 0 L -1
2 0 U -1
3 1 U 0
4 0 U 2
5 1 U 0
6 0 U -1
7 1 L -1
8 0 U -1
9 0 U 1
10 0 U -1
11 0 L -1
12 1 U 6
13 0 L 9
14 0 U 5
15 1 L -1
16 0 U 3
17 0 U -1
18 0 L 4
19 1 U 14
20 1 U -1
21 1 U -1
22 0 L -1
23 0 L 18
24 1 L 20
25 1 L 11
26 1 U 19
27 0 L 25
28 1 U -1
29 0 L 2
30 0 U 27
31 0 U 29
32 0 L 24
33 1 L 7
34 0 U 10
35 1 L 13
36 1 L 18
37 1 L 33
38 1 U 4
39 0 U 3
40 1 U 32
41 0 U 31
42 0 U 41
43 0 U 18
44 1 U -1
45 0 L 32
46 1 L 19
47 1 L 22
48 1 L 17
49 1 L 31
50 0 U 7
51 1 U 27
52 0 U 21
53 1 L 4
54 0 L 7
55 0 U 49
56 1 U -1
57 1 U 55
58 0 L 5
59 1 U 56
60 0 L 55
61 1 U 26
62 1 U 47
63 1 U 36
64 1 L 47
65 1 L 49
66 1 L 19
67 1 L 42
68 1 U 28
69 1 L 47
70
0 1 U -1
1 0 L -1
2 0 U -1
3 1 U 0
4 0 U 2
5 1 U 0
6 0 U -1
7 1 L -1
8 0 U -1
9 0 U 5
10 0 U -1
11 0 L -1
12 0 U 6
13 1 L 9
14 0 U 5
15 1 L -1
16 0 U 3
17 0 U -1
18 0 L 4
19 1 U 14
20 1 U 2
21 1 U -1
22 0 L -1
23 0 L 18
24 1 L 20
25 1 L 11
26 1 U 19
27 0 L 25
28 1 U -1
29 0 L 2
30 0 U 27
31 0 U 29
32 0 L 24
33 1 L 7
34 1 U 8
35 1 L 13
36 1 L 18
37 1 L 33
38 1 U 4
39 0 U 3
40 1 U 32
41 0 U 33
42 0 U 41
43 1 U 35
44 1 U -1
45 0 L 32
46 1 L 19
47 1 L 22
48 1 L 17
49 1 L 31
50 0 U 34
51 0 U 27
52 0 U 21
53 1 L 4
54 1 L 7
55 0 U 49
56 1 U -1
57 1 U 55
58 0 L 5
59 1 U 56
60 0 L 55
61 1 U 23
62 1 U 47
63 1 U 36
64 1 L 2
65 1 L 49
66 1 L 19
67 1 L 42
68 0 U 28
69 0 L 47
70
0 1 L -1
1 0 L -1
2 0 U -1
3 1 U 0
4 0 U 2
5 1 U 0
6 0 U -1
7 1 L -1
8 0 U -1
9 0 U 5
10 0 U -1
11 0 L -1
12 1 U 6
13 1 L 9
14 0 U 5
15 0 L -1
16 0 U 3
17 0 U -1
18 0 L 4
19 1 U 14
20 1 U 0
21 1 U -1
22 0 L 21
23 0 L 18
24 1 L 20
25 1 L 11
26 1 U 19
27 0 L 25
28 1 U -1
29 0 L 3
30 0 U 27
31 0 U 29
32 0 L 24
33 0 L 15
34 0 U 10
35 1 L 13
36 1 L 18
37 0 L 8
38 1 U 20
39 0 U 3
40 1 U -1
41 0 U 33
42 0 U 41
43 1 U 35
44 1 U 43
45 0 L 32
46 1 L 19
47 1 L 7
48 1 L 17
49 1 L 31
50 0 U 12
51 1 U 19
52 0 U 21
53 1 L 4
54 0 L 15
55 0 U 49
56 1 U -1
57 1 U 3
58 1 L 47
59 1 U 21
60 0 L 55
61 1 U 33
62 1 U 44
63 1 U 36
64 0 L 2
65 1 L 63
66 1 L 19
67 1 L 35
68 0 U 21
69 1 L 47
70
0 1 U -1
1 0 L -1
2 0 U -1
3 1 U 2
4 0 U 2
5 1 U 0
6 0 U -1
7 1 L -1
8 0 U -1
9 0 U 5
10 0 U -1
11 0 L -1
12 1 U 6
13 0 L 9
14 0 U 1
15 1 L -1
16 0 U 3
17 0 U -1
18 0 L 4
19 1 U 14
20 1 U 2
21 1 U -1
22 0 L -1
23 0 L 18
24 1 L 20
25 1 L 11
26 1 U 7
27 0 L 25
28 1 U -1
29 0 L 1
30 1 U 27
31 0 U 29
32 0 L 24
33 1 L 0
34 0 U 1
35 1 L 13
36 1 L 18
37 0 L 8
38 0 U 20
39 0 U 14
40 1 U -1
41 0 U 15
42 0 U 22
43 1 U 35
44 1 U 43
45 0 L 32
46 1 L 19
47 1 L 7
48 1 L 17
49 0 L 31
50 0 U 12
51 0 U 19
52 0 U 21
53 1 L 4
54 0 U 0
55 0 U 49
56 1 U -1
57 1 U 3
58 1 L 47
59 1 U 2
60 0 L 55
61 1 U 24
62 1 U 44
63 1 U 36
64 0 L 3
65 1 L 63
66 1 L 19
67 1 L 35
68 0 U 28
69 1 L 47
70
0 1 L -1
1 0 L -1
2 0 U -1
3 1 U 0
4 0 U 2
5 1 U 2
6 0 U -1
7 1 L -1
8 0 U -1
9 0 U 1
10 0 U -1
11 0 L -1
12 1 U 6
13 0 L 9
14 0 U 1
15 1 L -1
16 0 U 3
17 0 U -1
18 0 L 4
19 1 U 14
20 1 U 2
21 1 U -1
22 0 L -1
23 1 L 18
24 1 L 20
25 1 L 1
26 1 U 7
27 0 L 25
28 1 U -1
29 0 U 3
30 0 U 27
31 0 U 11
32 0 L 24
33 0 L 0
34 0 U 8
35 1 L 10
36 1 L 18
37 0 L 8
38 1 U 20
39 0 U 34
40 1 U -1
41 0 U 15
42 0 U 22
43 1 U 35
44 1 U 43
45 0 L 32
46 1 L 19
47 1 L 0
48 1 L 17
49 0 L 31
50 0 U 14
51 0 U 38
52 0 U 21
53 1 L 4
54 0 L -1
55 1 U 21
56 1 U -1
57 1 U 34
58 1 L 47
59 1 U 2
60 1 L 44
61 1 U 23
62 1 U 44
63 1 U 46
64 0 L 3
65 1 L 63
66 1 L 19
67 0 L 17
68 1 U 21
69 1 L 47
70
0 1 L -1
1 0 L -1
2 0 U -1
3 1 U 0
4 0 U 2
5 1 U 0
6 0 U -1
7 1 L -1
8 0 U -1
9 0 U 1
10 0 U -1
11 0 L -1
12 1 U 6
13 1 L 9
14 0 U 1
15 1 L -1
16 0 U 3
17 0 U -1
18 1 L 4
19 0 U 14
20 1 U -1
21 1 U -1
22 0 L -1
23 0 L 12
24 1 L 20
25 1 L 1
26 1 U 7
27 0 L 25
28 1 U -1
29 1 L 25
30 1 U 27
31 0 U 11
32 0 L 24
33 0 L 0
34 0 U 20
35 1 U 21
36 1 L 9
37 1 L 12
38 1 U 1
39 0 U 3
40 1 U -1
41 0 U 24
42 0 U 22
43 1 U 33
44 1 U 43
45 0 L 32
46 1 L 19
47 1 L 15
48 1 L 17
49 0 L 31
50 0 U 14
51 1 U 50
52 0 U 21
53 1 L 4
54 1 L 2
55 1 U 20
56 1 U -1
57 1 L 4
58 0 U 46
59 0 U 49
60 1 L 44
61 1 U 23
62 1 U 44
63 0 U 37
64 0 L 3
65 1 L 63
66 1 L 19
67 1 L 17
68 1 U 28
69 0 L 47
70
0 1 L -1
1 0 L -1
2 0 U -1
3 1 U 0
4 0 U 2
5 1 U 2
6 0 U -1
7 1 L -1
8 0 U -1
9 0 U 1
10 0 U -1
11 0 L -1
12 1 U 6
13 0 L 9
14 0 U 1
15 1 L -1
16 1 U 3
17 0 U -1
18 1 L 4
19 0 U 14
20 1 U -1
21 1 U -1
22 0 L -1
23 1 L 12
24 1 L 20
25 1 L 1
26 1 U 7
27 0 L 25
28 1 U -1
29 0 U -1
30 0 U 27
31 0 U 11
32 0 L 24
33 1 L 0
34 0 U 20
35 0 U 1
36 1 L 9
37 1 L 12
38 0 U 4
39 0 U 34
40 1 U -1
41 0 U 24
42 0 U 41
43 0 U 31
44 1 U 43
45 0 L 26
46 1 L 19
47 1 L 15
48 0 L 17
49 1 L 48
50 0 U 14
51 1 U 39
52 0 U 21
53 1 L 4
54 1 U 20
55 1 U 28
56 1 L 47
57 1 L 4
58 1 L 2
59 1 U 2
60 1 L 44
61 1 U 23
62 1 U 3
63 0 U 61
64 1 L 47
65 1 L 63
66 1 L 19
67 1 L 17
68 0 U 2
69 0 L 47
70
0 1 U -1
1 0 L -1
2 0 U -1
3 1 U 0
4 0 U 2
5 1 U -1
6 0 U -1
7 1 L -1
8 0 U -1
9 0 U 1
10 0 U -1
11 0 L -1
12 1 U 6
13 1 L 9
14 0 U 1
15 1 L -1
16 1 U 4
17 0 U -1
18 1 L 5
19 1 U 12
20 1 U -1
21 1 U -1
22 0 L -1
23 1 L 8
24 1 L 20
25 1 L 1
26 1 U 7
27 0 L 25
28 1 U -1
29 0 U -1
30 1 U 27
31 0 U 11
32 0 L 24
33 1 L 17
34 0 U 20
35 0 U 1
36 1 L 9
37 1 L 12
38 1 U 4
39 0 U 34
40 1 U -1
41 0 U 24
42 0 U 41
43 0 U 31
44 0 U 43
45 1 L 32
46 0 L 19
47 1 L 22
48 0 L 42
49 1 L 20
50 0 U 14
51 0 U 39
52 0 U 20
53 1 L 4
54 0 L 17
55 1 U 28
56 1 L 47
57 1 L 4
58 0 L 43
59 1 U 0
60 1 L 44
61 1 U 51
62 0 U 3
63 0 U 36
64 0 L 47
65 1 L 63
66 1 L 49
67 0 L 17
68 1 U 29
69 0 L 47
70
0 1 U -1
1 0 L -1
2 0 U -1
3 1 U 2
4 0 U 2
5 1 U 2
6 0 U -1
7 1 L -1
8 0 U -1
9 0 U 1
10 0 U -1
11 1 L -1
12 1 U 6
13 1 L 9
14 1 U 12
15 0 L -1
16 0 U 1
17 0 U -1
18 0 L 5
19 0 U 12
20 1 U -1
21 1 U -1
22 0 L -1
23 1 L 8
24 1 L 20
25 1 L 1
26 0 U 7
27 0 L 25
28 1 U -1
29 1 L -1
30 0 U 27
31 0 L 2
32 0 L 24
33 1 L 23
34 1 U 21
35 0 U 1
36 1 L 9
37 1 L 36
38 0 U 6
39 0 U 34
40 1 U -1
41 0 U 24
42 0 U 41
43 1 U 26
44 0 U 43
45 0 L 32
46 0 L 34
47 1 L 22
48 0 L 42
49 1 L 20
50 0 U 35
51 1 U 39
52 0 U 40
53 1 L 4
54 1 L 17
55 1 U -1
56 0 L 47
57 0 L 4
58 0 L 22
59 1 U 28
60 1 L 44
61 1 U 48
62 0 U 3
63 0 U 44
64 1 L 2
65 1 L 63
66 1 L 49
67 0 L 17
68 1 U 28
69 0 L 47
70
0 1 L -1
1 0 L -1
2 0 U -1
3 1 U 0
4 0 U 2
5 1 U -1
6 0 U -1
7 1 L -1
8 0 U -1
9 0 U 6
10 0 U -1
11 1 L -1
12 1 L 6
13 1 L 9
14 1 U 12
15 0 L 8
16 0 U 1
17 0 U -1
18 0 L 9
19 1 U 12
20 1 U -1
21 1 U -1
22 0 L -1
23 1 L 8
24 1 L 20
25 1 L 1
26 0 U 7
27 0 L 25
28 1 U -1
29 1 L 4
30 0 U 16
31 0 L 1
32 0 L 24
33 1 L 23
34 1 U 21
35 0 U 6
36 1 L 9
37 1 L 27
38 1 U 17
39 0 U 3
40 1 U -1
41 0 U 30
42 1 U 41
43 0 U 26
44 0 U 43
45 1 L 32
46 0 L 34
47 1 L 22
48 0 L 17
49 1 L 48
50 0 U 3
51 1 U 39
52 1 U 40
53 1 L 4
54 1 L 0
55 1 U -1
56 0 L 47
57 1 L 4
58 1 L -1
59 0 U 55
60 1 L 44
61 1 U 48
62 0 U 59
63 0 U 44
64 1 L 2
65 1 L 63
66 1 L 49
67 0 L 17
68 0 U 20
69 0 L 58
70
0 1 U -1
1 0 L -1
2 0 U -1
3 1 U 2
4 0 U 2
5 1 U -1
6 0 U -1
7 0 L -1
8 0 U -1
9 0 U 6
10 0 U -1
11 1 L -1
12 1 L 6
13 1 L 9
14 1 U 12
15 1 L 7
16 0 U 1
17 0 U -1
18 0 L 9
19 1 U 12
20 1 U -1
21 1 U -1
22 0 L -1
23 1 L 8
24 1 L 20
25 1 L 1
26 1 U 9
27 0 L 25
28 1 U -1
29 1 L 25
30 1 U 15
31 0 L 7
32 0 L 24
33 1 L 23
34 1 U 21
35 1 U 10
36 1 L 9
37 1 L 27
38 0 U -1
39 0 U 12
40 0 L -1
41 0 U 30
42 0 U 41
43 1 U 24
44 0 U 43
45 1 L 32
46 0 L 34
47 0 L 0
48 0 L 42
49 0 L 20
50 0 U 35
51 1 U 39
52 0 U 5
53 1 L 4
54 1 L 45
55 1 U -1
56 0 L 47
57 0 L 4
58 1 L -1
59 0 U 55
60 1 L 44
61 1 U 51
62 0 U 34
63 0 U 61
64 0 L 25
65 1 L 63
66 1 L 49
67 1 L 17
68 0 U 39
69 1 L 58
70
0 1 U -1
1 0 L -1
2 0 U -1
3 1 U 2
4 0 U 2
5 1 U -1
6 0 U -1
7 0 L -1
8 0 U -1
9 0 U 6
10 0 U -1
11 0 L -1
12 1 L 6
13 1 L 9
14 1 U 7
15 1 L 2
16 0 U 3
17 0 U -1
18 0 L 9
19 1 U 17
20 1 U -1
21 1 U -1
22 1 U 9
23 1 L 8
24 1 L 20
25 1 L 1
26 0 U 12
27 0 L 25
28 1 U -1
29 1 L 21
30 0 U 7
31 0 L -1
32 0 L 24
33 0 L 23
34 1 U 21
35 0 U 28
36 1 L 9
37 0 L 27
38 1 U -1
39 0 U 12
40 0 L -1
41 0 U 30
42 0 U 41
43 1 U 30
44 0 U 43
45 1 L 28
46 1 L 34
47 0 L 0
48 0 L 42
49 0 L 20
50 1 U 38
51 1 U 39
52 1 U 5
53 1 L 4
54 1 L 9
55 1 U -1
56 0 L 47
57 0 L 4
58 0 L -1
59 1 U 28
60 1 L 44
61 1 U 51
62 0 U 12
63 0 U 61
64 0 L 25
65 1 L 63
66 1 L 49
67 0 L 17
68 1 U 13
69 0 L 58
70
0 1 U -1
1 0 L -1
2 0 U -1
3 1 U 2
4 0 U 2
5 1 U -1
6 0 U -1
7 0 L -1
8 0 U -1
9 0 U 1
10 0 U -1
11 0 L -1
12 1 U 6
13 1 L 9
14 0 U 3
15 0 L 2
16 0 U 14
17 0 U -1
18 1 L 6
19 0 U 6
20 1 U -1
21 1 U -1
22 1 U 14
23 1 L 4
24 1 L 20
25 1 L 1
26 1 U 12
27 0 L 25
28 1 U -1
29 0 L 24
30 0 U 7
31 0 L -1
32 0 L 24
33 0 L 23
34 1 U 21
35 1 U 28
36 1 L 9
37 1 L 27
38 1 U -1
39 0 U 34
40 0 L -1
41 0 U 30
42 0 U 41
43 0 U 30
44 0 U 43
45 1 L 32
46 0 L 34
47 1 L 31
48 0 L 42
49 0 L 20
50 1 U 17
51 0 U 39
52 1 U 5
53 1 U 4
54 0 L 40
55 1 U -1
56 0 L 27
57 0 U 4
58 1 L -1
59 1 U 55
60 1 U 44
61 1 U 51
62 1 L 12
63 1 U 61
64 1 L 25
65 1 L 63
66 1 L 49
67 1 L 17
68 1 U 16
69 1 L 58
70
0 1 L -1
1 0 L -1
2 0 U -1
3 1 U 0
4 0 U 2
5 1 U -1
6 0 U -1
7 0 L -1
8 0 U -1
9 0 U 6
10 0 U -1
11 1 L 3
12 1 U 6
13 1 L 9
14 1 U 4
15 1 L 7
16 0 U 14
17 0 U -1
18 1 L 6
19 1 U 8
20 1 U -1
21 1 U -1
22 1 U 12
23 1 L 4
24 1 L 20
25 1 L 1
26 1 U 12
27 0 L 25
28 1 U -1
29 0 L 19
30 0 U 7
31 1 L -1
32 0 L 24
33 1 L -1
34 1 U 21
35 0 U 28
36 1 L 9
37 1 L 27
38 1 U -1
39 0 U 34
40 0 L -1
41 0 U 30
42 0 U 41
43 1 U 23
44 0 U 43
45 1 L 32
46 0 L 34
47 1 L 31
48 0 L 42
49 1 L 20
50 1 U 17
51 0 U 39
52 1 U 2
53 1 U 50
54 0 L 26
55 1 U -1
56 1 L 27
57 0 U 19
58 0 L -1
59 1 U 5
60 1 U 44
61 1 U 51
62 1 L 12
63 0 U 61
64 1 L 58
65 1 L 51
66 1 L 22
67 1 L 17
68 1 U 16
69 0 L 64
70
0 1 L -1
1 0 L -1
2 0 U -1
3 1 U 2
4 0 U 2
5 1 U -1
6 0 U -1
7 0 L -1
8 0 U -1
9 0 U 6
10 0 U -1
11 1 L 3
12 1 L 6
13 0 L 9
14 1 U 4
15 0 L 3
16 0 U 14
17 0 U -1
18 1 L 6
19 0 U 10
20 1 U -1
21 1 U -1
22 1 U 12
23 1 L 11
24 1 L 20
25 1 L 1
26 1 U 12
27 0 L 25
28 1 U -1
29 0 L 19
30 0 U 7
31 1 L -1
32 0 L 24
33 0 L -1
34 1 U 21
35 0 U 21
36 1 L 23
37 1 L 27
38 1 U -1
39 0 U 34
40 0 L -1
41 0 U 31
42 0 U 41
43 1 U 23
44 0 U 43
45 1 L 32
46 0 L 34
47 0 L 2
48 0 L 42
49 1 L 20
50 1 U 17
51 0 U 39
52 1 U 5
53 1 U 50
54 1 L 31
55 1 U -1
56 1 L 11
57 0 U 34
58 0 L -1
59 1 U 28
60 1 U 46
61 1 U 51
62 1 L 36
63 1 U 40
64 0 L 58
65 1 L 63
66 1 L 22
67 1 L 17
68 0 U 24
69 1 L 64
70
0 1 L -1
1 0 L -1
2 0 U -1
3 1 U 0
4 1 U 2
5 1 U -1
6 0 U -1
7 0 L -1
8 0 U -1
9 0 U 6
10 0 U -1
11 1 L 3
12 1 U 6
13 0 L 9
14 0 U 4
15 0 L 3
16 0 U 14
17 0 U -1
18 1 L 6
19 0 U 6
20 1 U -1
21 1 U -1
22 1 U 12
23 1 L 11
24 1 L 20
25 1 L 1
26 1 U 12
27 0 L 25
28 1 U -1
29 0 L 19
30 0 U 7
31 1 L -1
32 0 L 24
33 1 L -1
34 1 U 21
35 1 U 21
36 1 L 23
37 1 L 27
38 0 U -1
39 0 U 34
40 0 L -1
41 0 U 31
42 0 U 41
43 0 U 23
44 1 U 43
45 1 L 35
46 0 L 34
47 0 L 25
48 0 L 42
49 0 L 20
50 1 U 17
51 0 U 39
52 1 U 5
53 1 U 50
54 0 L 32
55 1 U -1
56 0 L 11
57 0 U 34
58 0 L -1
59 1 U 28
60 0 U 46
61 0 U 51
62 1 L 36
63 1 U 36
64 1 L 58
65 1 L 33
66 0 L 24
67 0 L 17
68 1 U 57
69 1 L 64
70
0 1 U -1
1 0 L -1
2 0 U -1
3 1 U 0
4 0 U 2
5 1 U -1
6 0 U -1
7 0 L -1
8 0 U -1
9 0 U 6
10 0 U -1
11 1 L 3
12 0 L 9
13 1 L 9
14 0 U 4
15 0 L 2
16 0 U 9
17 0 U -1
18 1 L 6
19 0 U 8
20 1 U -1
21 1 U -1
22 1 U 7
23 1 L 4
24 1 L 20
25 1 L 1
26 1 U 12
27 0 L 25
28 1 U -1
29 0 L 19
30 1 U 14
31 1 L -1
32 0 L 24
33 1 L -1
34 1 U 21
35 0 U 20
36 1 L 23
37 1 L 27
38 0 U -1
39 0 U 34
40 0 L -1
41 0 U 31
42 0 U 41
43 1 U 23
44 0 U 43
45 1 L 35
46 1 L 22
47 0 L 3
48 0 L 42
49 0 L 5
50 1 U 6
51 0 U 39
52 1 U 0
53 1 U 50
54 0 U 52
55 1 U -1
56 0 L 11
57 0 U 11
58 0 L -1
59 1 U 28
60 0 U 47
61 0 U 46
62 1 L 36
63 0 L 51
64 1 L 58
65 1 L 33
66 0 L 24
67 1 L 48
68 0 U 63
69 1 L 64
70
0 1 U -1
1 0 L -1
2 0 U -1
3 1 U 2
4 0 U 2
5 1 U -1
6 0 U -1
7 0 L -1
8 0 U -1
9 0 U 6
10 0 U -1
11 1 L 3
12 0 L 0
13 1 L 9
14 0 U 4
15 0 L 12
16 0 U 9
17 0 U -1
18 1 L 6
19 0 U 8
20 1 U -1
21 1 U -1
22 1 U 7
23 1 L 11
24 1 L 20
25 1 L 1
26 1 U 7
27 0 L 25
28 1 U -1
29 0 L 20
30 0 U 14
31 1 L -1
32 0 L 24
33 0 L -1
34 1 U 21
35 1 U 20
36 0 L 23
37 1 L 27
38 0 U -1
39 0 U 34
40 0 L -1
41 0 U 16
42 0 U 41
43 0 U 26
44 0 U 25
45 1 L 35
46 0 L 34
47 0 L 3
48 1 L 42
49 1 L 47
50 1 U 6
51 0 U 23
52 1 U 0
53 1 U 7
54 0 L 35
55 1 U -1
56 1 L 11
57 0 U 11
58 0 L -1
59 1 U 5
60 0 U 44
61 0 U 48
62 1 L 36
63 1 L 51
64 1 L 58
65 1 L 58
66 0 L 24
67 1 L 42
68 0 U 44
69 1 L 64
70
0 1 L -1
1 0 L -1
2 0 U -1
3 1 U 0
4 0 U 2
5 1 U -1
6 0 U -1
7 0 L -1
8 0 U -1
9 0 U 6
10 0 U -1
11 1 L 3
12 1 L -1
13 0 L 9
14 0 U 4
15 0 L 3
16 1 U 14
17 0 U -1
18 1 L 6
19 0 U 10
20 1 U -1
21 1 U -1
22 1 U 7
23 1 L 11
24 1 L 19
25 1 L 1
26 1 U 7
27 0 L 25
28 1 U -1
29 0 L 16
30 1 U 14
31 1 L -1
32 0 L 24
33 1 U -1
34 1 U 21
35 1 U 20
36 0 L 23
37 1 L 27
38 1 U 28
39 0 U 34
40 0 L -1
41 0 U 23
42 0 U 41
43 0 U 26
44 0 U 25
45 1 L 35
46 0 L 34
47 0 L 3
48 1 L 42
49 0 L 47
50 0 U 2
51 0 U 39
52 1 U 5
53 1 U 19
54 0 U 35
55 1 U -1
56 1 L 11
57 0 U 11
58 0 L -1
59 1 U 0
60 0 U 44
61 0 U 48
62 1 L 36
63 1 L 51
64 1 L 58
65 1 L 58
66 0 L 56
67 0 L 42
68 0 U 44
69 1 L 64
70
0 1 L -1
1 0 L -1
2 0 U -1
3 1 U 0
4 0 U 2
5 1 U -1
6 0 U -1
7 0 L -1
8 0 U -1
9 0 U 6
10 0 U -1
11 1 L 3
12 1 L -1
13 0 L 9
14 0 U 4
15 0 L 7
16 1 U 7
17 0 U -1
18 0 L 6
19 0 U 17
20 1 U -1
21 1 U -1
22 1 U 7
23 1 L 11
24 1 L 19
25 1 L 1
26 1 U 7
27 0 L 25
28 1 U -1
29 0 L 21
30 0 U 14
31 1 L -1
32 0 U 24
33 1 U -1
34 1 U 21
35 1 U 21
36 0 L 23
37 1 L 27
38 0 U 21
39 0 U 34
40 0 L -1
41 0 U 23
42 0 U 41
43 0 U 30
44 0 U 25
45 1 L 35
46 0 L 34
47 0 L 3
48 1 L 42
49 0 L 47
50 0 U 21
51 0 U 39
52 1 U 5
53 1 U 19
54 0 U 35
55 1 U -1
56 1 L 11
57 0 U 11
58 0 L -1
59 1 U 0
60 0 U 44
61 0 U 48
62 1 L 36
63 0 L 51
64 1 L 58
65 1 L 12
66 0 L 56
67 0 L 42
68 0 U 44
69 1 L 64
70
0 1 L -1
1 0 L -1
2 0 U -1
3 1 U 2
4 0 U 2
5 1 U -1
6 0 U -1
7 0 L -1
8 0 U -1
9 0 U 6
10 0 U -1
11 1 L 3
12 0 L -1
13 0 L 9
14 0 U 4
15 0 L 3
16 1 U 7
17 0 U -1
18 0 L 6
19 0 U 17
20 1 U -1
21 1 U -1
22 1 U 7
23 1 L 11
24 1 L 16
25 1 L 1
26 1 U 14
27 0 L 25
28 1 U -1
29 0 L 21
30 1 U 14
31 1 L -1
32 0 U 24
33 1 U -1
34 1 U 21
35 1 U 21
36 0 L 23
37 1 L 27
38 1 U 21
39 0 U 34
40 1 L -1
41 0 U 23
42 0 U 41
43 0 U 30
44 0 U 25
45 0 L 29
46 0 L 34
47 1 L 3
48 1 L 42
49 1 L 47
50 0 U 21
51 0 U 39
52 1 U 0
53 1 U 19
54 1 U 35
55 1 U -1
56 1 L 11
57 0 U 11
58 0 L -1
59 1 U 20
60 0 U 44
61 1 U 48
62 1 L 36
63 0 L 51
64 1 L 58
65 0 L 12
66 0 L 56
67 0 L 42
68 0 U 44
69 0 L 34
70
0 1 L -1
1 0 L -1
2 0 U -1
3 1 U 2
4 0 U 2
5 1 U -1
6 0 U -1
7 0 L -1
8 0 U -1
9 0 U 6
10 0 U -1
11 1 L 3
12 1 L -1
13 1 L 9
14 0 U 1
15 0 L 3
16 1 U 7
17 0 U -1
18 0 L 6
19 0 U 17
20 1 U -1
21 1 U -1
22 1 U 7
23 1 L 11
24 1 L 16
25 1 L 1
26 1 U 19
27 1 L 25
28 1 U -1
29 0 L 21
30 0 U 7
31 1 L -1
32 0 U 24
33 0 U -1
34 1 U 21
35 1 U 21
36 0 L 23
37 1 L 30
38 0 U 28
39 0 U 34
40 1 L -1
41 0 U 23
42 0 U 41
43 0 U 30
44 0 U 25
45 1 L 29
46 0 L 34
47 1 L 3
48 1 L 42
49 1 L 47
50 0 U 21
51 0 U 39
52 1 U 0
53 1 U 19
54 1 U 35
55 1 U -1
56 1 L 11
57 0 U 11
58 0 L -1
59 1 U 37
60 0 U 44
61 1 U 48
62 1 L 36
63 0 L 51
64 1 L 31
65 0 L 12
66 0 L 56
67 1 L 42
68 0 U 61
69 1 L 34
70
0 1 L -1
1 0 L -1
2 0 U -1
3 1 U 2
4 0 U 2
5 1 U -1
6 0 U -1
7 0 L -1
8 0 U -1
9 0 U 6
10 0 U -1
11 1 L 3
12 0 L -1
13 0 L 9
14 0 U 11
15 0 L 14
16 0 U 7
17 0 U -1
18 0 L 6
19 0 U 17
20 1 U -1
21 1 U -1
22 1 U 7
23 1 L 11
24 1 L 16
25 1 L 1
26 1 U 19
27 0 L 25
28 1 U -1
29 0 L 21
30 0 U 7
31 1 L -1
32 0 U 24
33 0 U 20
34 1 U 21
35 1 U 21
36 0 L 23
37 1 L 30
38 1 U 28
39 0 U 34
40 1 L -1
41 0 U 23
42 0 U 41
43 0 U 23
44 0 U 25
45 1 L 29
46 0 L 34
47 1 L 25
48 1 L 42
49 0 L 47
50 0 U 0
51 0 U 39
52 1 U 5
53 1 U 3
54 1 U 4
55 1 U -1
56 0 L 47
57 0 U 9
58 0 L -1
59 1 U 37
60 0 U 44
61 0 U 32
62 1 L 8
63 0 U 25
64 1 L 31
65 0 L 12
66 1 L 56
67 1 L 42
68 1 L 61
69 1 L 34
70
0 1 L -1
1 0 L -1
2 0 U -1
3 1 U 2
4 0 U 2
5 1 U -1
6 0 U -1
7 0 L -1
8 0 U -1
9 0 U 6
10 0 U -1
11 1 L 3
12 1 L -1
13 0 L 9
14 0 U 11
15 0 L 9
16 1 U 7
17 0 U -1
18 0 L 6
19 0 U 17
20 1 U -1
21 1 U -1
22 1 U 7
23 1 L 11
24 1 L 16
25 1 L 1
26 1 U 19
27 0 L 25
28 1 U -1
29 0 L 21
30 1 U 7
31 1 L -1
32 0 U 24
33 0 U 17
34 1 U 21
35 1 U 21
36 0 L 23
37 1 L 30
38 1 U 20
39 0 U 34
40 0 L -1
41 0 U 23
42 0 U 41
43 1 U 30
44 0 U 25
45 1 L 29
46 0 L 34
47 1 L 25
48 1 L 42
49 1 L 47
50 0 U 10
51 0 U 39
52 1 U 0
53 1 U 52
54 1 U 4
55 1 U -1
56 0 L 47
57 0 U 9
58 0 L -1
59 1 U 37
60 0 U 44
61 1 U 41
62 1 L 8
63 0 U 29
64 0 L 31
65 0 L 7
66 0 L 27
67 0 L 42
68 0 U 61
69 0 L 34
70
0 1 U -1
1 0 L -1
2 0 U -1
3 1 U 0
4 0 U 2
5 1 U -1
6 0 U -1
7 0 L -1
8 0 U -1
9 0 U 6
10 0 U -1
11 1 L 3
12 1 L -1
13 1 L 9
14 0 U 11
15 1 L 9
16 1 U 7
17 0 U -1
18 0 L 6
19 0 U 17
20 1 U -1
21 1 U -1
22 1 U 7
23 1 L 4
24 1 L 16
25 1 L 1
26 1 U 19
27 0 L 25
28 1 U -1
29 0 L 21
30 0 U 7
31 1 L -1
32 0 U 24
33 1 U 6
34 1 U 21
35 1 U 21
36 0 L 23
37 1 L 30
38 1 U 28
39 0 U 34
40 1 L 32
41 0 U 23
42 0 U 41
43 0 U 30
44 0 U 25
45 0 L 29
46 0 L 34
47 1 L 25
48 1 L 42
49 1 L 47
50 0 U 5
51 0 U 39
52 1 U 0
53 1 U 52
54 0 U 4
55 1 U -1
56 0 L 47
57 0 U 9
58 1 L -1
59 1 U 37
60 0 U 44
61 1 U 51
62 1 L 36
63 0 U 25
64 1 L 31
65 0 L 7
66 0 L 27
67 0 L 66
68 1 L 61
69 1 L 34
70
0 1 L -1
1 0 L -1
2 0 U -1
3 1 U 0
4 0 U 2
5 1 U -1
6 0 U -1
7 0 L -1
8 0 U -1
9 0 U 6
10 0 L -1
11 1 L 3
12 1 L -1
13 0 L 9
14 0 U 11
15 1 L 9
16 0 U 7
17 0 U -1
18 0 L 6
19 0 U 17
20 0 U -1
21 1 U -1
22 1 U 7
23 1 L 4
24 1 L 16
25 1 L 1
26 1 U 19
27 0 L 25
28 1 U -1
29 0 L 21
30 1 U 7
31 1 L -1
32 0 U 24
33 0 U 6
34 1 U 21
35 1 U 21
36 0 L 23
37 1 L 30
38 0 U 28
39 0 U 19
40 1 L 32
41 0 U 23
42 0 U 41
43 1 U 30
44 0 U 25
45 1 L 29
46 0 L 34
47 1 L 25
48 0 L 42
49 1 L 47
50 0 U 21
51 0 U 39
52 1 U 0
53 1 U 52
54 0 U 4
55 1 U -1
56 0 L 47
57 0 U 9
58 0 L -1
59 1 U 37
60 0 U 44
61 1 U 51
62 1 L 36
63 0 U 25
64 1 L 31
65 0 L 58
66 0 L 27
67 0 L 66
68 0 L 61
69 1 L 40
70
0 1 L -1
1 0 L -1
2 0 U -1
3 1 U 0
4 0 U 2
5 1 U -1
6 0 U -1
7 0 L -1
8 0 U -1
9 0 U 6
10 0 L -1
11 1 L 3
12 0 L -1
13 1 L 9
14 0 U 11
15 1 L 9
16 0 U 7
17 0 U -1
18 0 L 6
19 0 U 17
20 1 U -1
21 1 U -1
22 1 U 7
23 1 L 11
24 1 L 16
25 1 L 1
26 1 U 19
27 0 L 25
28 1 U -1
29 0 L 21
30 0 U 7
31 1 L -1
32 0 U 24
33 0 U 6
34 1 U 21
35 1 U 21
36 0 L 23
37 1 L 30
38 1 U 28
39 0 U 19
40 1 L 32
41 0 U 23
42 0 U 41
43 0 U 30
44 0 U 25
45 0 L 29
46 0 L 34
47 1 L 25
48 0 L 42
49 0 L 47
50 0 U 21
51 0 U 39
52 1 U 0
53 1 U 38
54 1 U 50
55 1 U -1
56 0 L 47
57 0 U 9
58 0 L -1
59 1 U 37
60 0 U 44
61 0 U 51
62 1 L 36
63 0 U 25
64 1 L 0
65 0 L 58
66 0 L 27
67 0 L 66
68 1 L 61
69 1 L 40
70
0 1 U -1
1 0 L -1
2 0 U -1
3 1 U 2
4 0 U 2
5 1 U -1
6 0 U -1
7 0 L -1
8 0 U -1
9 0 U 6
10 0 L -1
11 1 L 3
12 1 L -1
13 0 L 9
14 1 U 11
15 0 L 9
16 0 U 7
17 0 U -1
18 0 L 6
19 0 U 17
20 1 U -1
21 1 U -1
22 1 U 19
23 1 L 11
24 1 L 20
25 1 L 1
26 1 U 19
27 0 L 25
28 1 U -1
29 0 L 21
30 1 U 7
31 1 L -1
32 0 U 24
33 0 U 8
34 1 U 21
35 1 U 21
36 0 L 23
37 1 L 30
38 0 U 28
39 0 U 19
40 1 L 32
41 0 U 23
42 0 U 41
43 1 U 30
44 1 U 25
45 1 L 29
46 0 L 34
47 1 L 25
48 0 L 33
49 0 L 47
50 0 U 21
51 0 U 30
52 1 U 5
53 1 U 38
54 0 U 50
55 1 U -1
56 0 L 47
57 0 U 11
58 0 L -1
59 1 U 37
60 0 U 44
61 0 U 46
62 1 L 36
63 0 U 25
64 0 L 31
65 0 L 58
66 0 L 27
67 0 L 66
68 0 L 61
69 1 L 40
70
0 1 L -1
1 0 L -1
2 0 U -1
3 1 U 0
4 0 U 2
5 1 U -1
6 0 U -1
7 0 L -1
8 0 U -1
9 0 U 6
10 0 L -1
11 1 L 3
12 1 L -1
13 0 L 9
14 1 U 11
15 1 L 9
16 0 U 7
17 0 U -1
18 0 L 6
19 0 U 17
20 1 U -1
21 1 U -1
22 1 U 19
23 1 L 11
24 1 L 20
25 1 L 12
26 1 U 19
27 0 L 3
28 1 U -1
29 0 L 21
30 0 U 7
31 1 L -1
32 0 U 24
33 0 U 17
34 1 U 21
35 1 U 21
36 0 L 23
37 1 L 30
38 0 U 21
39 0 U 34
40 1 L 32
41 0 U 30
42 0 U 41
43 0 U 23
44 1 U 18
45 1 L 26
46 0 L 34
47 1 L 25
48 0 L 42
49 1 L 11
50 0 U 21
51 0 U 30
52 1 U 0
53 1 U 4
54 0 U 35
55 1 U -1
56 0 L 47
57 0 U 22
58 0 L -1
59 1 U 37
60 0 U 44
61 0 U 46
62 1 L 36
63 0 U 12
64 0 L 31
65 0 L 58
66 0 L 27
67 0 L 66
68 1 L 61
69 0 L 40
70
0 1 U -1
1 0 L -1
2 0 U -1
3 1 U 2
4 0 U 2
5 1 U -1
6 0 U -1
7 0 L -1
8 0 U -1
9 0 U 6
10 0 L -1
11 1 L 3
12 1 L -1
13 0 L 9
14 1 U 11
15 0 L 9
16 0 U 7
17 0 U -1
18 0 L 6
19 0 U 17
20 1 U -1
21 1 U -1
22 1 U 19
23 1 L 4
24 1 L 20
25 1 L 12
26 1 U 19
27 0 L 3
28 1 U -1
29 0 L 21
30 0 U 7
31 1 L -1
32 0 U 24
33 0 U 17
34 1 U 21
35 1 U 21
36 0 L 23
37 1 L 30
38 0 U 21
39 0 U 34
40 1 L 32
41 0 U 30
42 0 U 41
43 0 U 14
44 1 U 43
45 1 L 26
46 0 L 40
47 1 L 25
48 0 L 42
49 1 U 11
50 0 U 20
51 0 U 30
52 1 U 5
53 0 U 3
54 1 L 32
55 1 U -1
56 0 L 47
57 0 U 11
58 0 L -1
59 1 U 28
60 0 U 44
61 0 U 46
62 1 L 36
63 0 U 40
64 0 L 31
65 0 L 58
66 0 L 27
67 0 L 66
68 0 L 61
69 1 L 40
70
0 1 U -1
1 0 L -1
2 0 U -1
3 1 U 0
4 0 U 2
5 1 U -1
6 0 U -1
7 0 L -1
8 0 U -1
9 0 U 6
10 0 L -1
11 1 L 3
12 1 L -1
13 0 L 9
14 1 U 11
15 1 L 6
16 0 U 7
17 0 U -1
18 0 L 6
19 0 U 17
20 1 U -1
21 1 U -1
22 1 U 19
23 1 L 4
24 1 L 20
25 1 L 12
26 1 U 19
27 0 L 2
28 1 U -1
29 0 L 21
30 0 U 7
31 1 L -1
32 0 U 24
33 0 U 17
34 1 U 21
35 1 U 20
36 0 L 5
37 1 L 30
38 1 U 21
39 0 U 34
40 1 L 32
41 0 U 30
42 0 U 41
43 0 U 14
44 1 U 43
45 1 L 26
46 0 L 40
47 1 L 25
48 0 L 33
49 0 U 11
50 0 U 20
51 0 U 30
52 1 U 5
53 0 U 3
54 0 L 20
55 1 U -1
56 0 L 47
57 0 U 11
58 0 L -1
59 1 U 37
60 1 U 44
61 0 U 46
62 1 L 36
63 0 U 12
64 0 L 31
65 0 L 58
66 0 L 27
67 0 L 66
68 0 L 61
69 0 L 40
70
0 1 L -1
1 0 L -1
2 0 U -1
3 1 U 0
4 0 U 2
5 1 U -1
6 0 U -1
7 0 L -1
8 0 U -1
9 0 U 6
10 0 L -1
11 1 L 3
12 1 L -1
13 0 L 9
14 1 U 11
15 0 L 6
16 0 U 7
17 0 U -1
18 0 L 6
19 0 U 17
20 1 U -1
21 1 U -1
22 1 U 19
23 0 L 4
24 1 L 20
25 1 L 12
26 1 U 19
27 0 L 3
28 1 U -1
29 0 L 21
30 1 U 7
31 1 L -1
32 0 U 24
33 1 U 8
34 1 U 21
35 1 U 20
36 0 L 5
37 1 L 30
38 1 U 28
39 0 U 34
40 1 L 32
41 0 U 30
42 0 U 41
43 0 U 14
44 1 U 43
45 0 L 26
46 0 L 40
47 1 L 25
48 0 L 33
49 1 L 11
50 0 U 5
51 0 U 30
52 1 U 37
53 1 U 3
54 0 L 20
55 1 U -1
56 0 L 47
57 0 U 33
58 0 L -1
59 1 U 37
60 1 U 44
61 0 U 46
62 1 L 36
63 0 U 12
64 0 L 31
65 0 L 58
66 0 L 27
67 0 L 66
68 1 L 61
69 1 L 24
70
0 1 U -1
1 0 L -1
2 0 U -1
3 1 U 2
4 0 U 2
5 1 U -1
6 0 U -1
7 0 L -1
8 0 U -1
9 0 U 6
10 0 L -1
11 1 L 3
12 1 L -1
13 0 L 9
14 1 U 11
15 0 L 6
16 0 U 7
17 0 U -1
18 0 L 6
19 0 U 17
20 1 U -1
21 1 U -1
22 1 U 19
23 1 L 11
24 1 L 20
25 1 L 7
26 1 U 19
27 0 L 3
28 1 U -1
29 0 L 21
30 1 U 7
31 1 L -1
32 0 U 24
33 0 U 17
34 1 U 21
35 1 U 20
36 0 L 5
37 1 L 30
38 0 U 28
39 0 U 34
40 1 L 32
41 0 U 30
42 0 U 41
43 1 U 14
44 0 U 43
45 1 L 26
46 0 L 40
47 1 L 25
48 0 L 32
49 1 L 11
50 0 U 5
51 1 U 30
52 1 U 37
53 1 U 34
54 1 L 33
55 1 U -1
56 0 L 47
57 0 U 19
58 0 L -1
59 1 U 28
60 0 U 47
61 0 U 46
62 1 L 36
63 0 U 12
64 1 L 31
65 0 L 58
66 0 L 27
67 0 L 66
68 0 L 61
69 1 L 24
70
0 1 L -1
1 0 L -1
2 0 U -1
3 1 U 2
4 0 U 2
5 1 U -1
6 0 U -1
7 0 L -1
8 0 U -1
9 0 U 6
10 0 L -1
11 1 L 3
12 1 L -1
13 1 L 9
14 0 U 11
15 1 L 6
16 0 U 7
17 0 U -1
18 0 L 6
19 0 U 17
20 1 U -1
21 1 U -1
22 1 U 19
23 0 L 11
24 1 L 20
25 1 L 7
26 1 U 19
27 0 L 3
28 1 U -1
29 0 L 21
30 1 U 7
31 1 L -1
32 0 U 24
33 0 U 17
34 1 U 21
35 1 U 20
36 0 L 5
37 1 L 30
38 0 U 28
39 0 U 33
40 1 L 32
41 0 U 30
42 0 U 41
43 1 U 27
44 1 U 43
45 1 L 35
46 0 L 40
47 1 L 25
48 0 L 32
49 0 L 4
50 0 U 5
51 0 U 39
52 1 U 37
53 0 U 38
54 0 L 33
55 1 U -1
56 0 L 47
57 1 U 13
58 0 L -1
59 1 U 28
60 0 U 47
61 0 U 46
62 1 L 36
63 0 U 12
64 1 L 31
65 0 L 58
66 0 L 27
67 0 L 66
68 0 L 61
69 0 L 24
70
0 1 L -1
1 0 L -1
2 0 U -1
3 1 U 2
4 0 U 2
5 1 U -1
6 0 U -1
7 0 L -1
8 0 U -1
9 0 U 6
10 0 L -1
11 1 L 3
12 1 L -1
13 0 L 9
14 0 U 11
15 0 L 9
16 0 U 7
17 0 U -1
18 0 L 6
19 0 U 17
20 1 U -1
21 1 U -1
22 1 U 19
23 1 L 11
24 1 L 20
25 1 L 7
26 1 U 19
27 0 L 3
28 1 U -1
29 0 L 21
30 0 U 7
31 1 L -1
32 0 U 24
33 0 U 6
34 1 U 21
35 1 U 20
36 0 L 5
37 1 L 30
38 1 U 21
39 0 U 33
40 1 L 32
41 0 U 30
42 0 U 41
43 0 U 27
44 1 U 43
45 1 L 29
46 0 L 40
47 1 L 25
48 0 L 32
49 1 L 4
50 0 U 0
51 1 U 39
52 1 U 37
53 1 U 33
54 1 L 33
55 1 U -1
56 0 L 47
57 0 U 9
58 0 L -1
59 1 U 28
60 0 U 44
61 0 U 46
62 1 L 36
63 0 U 12
64 0 L 0
65 0 L 58
66 0 L 27
67 0 L 66
68 1 L 61
69 1 L 24
70
0 1 U -1
1 0 L -1
2 0 U -1
3 1 U 2
4 0 U 2
5 1 U -1
6 0 U -1
7 0 L -1
8 0 U -1
9 0 U 6
10 1 L -1
11 1 L 3
12 1 L -1
13 0 L 9
14 0 L 11
15 0 L 9
16 0 U 7
17 0 U -1
18 0 L 6
19 0 U 17
20 1 U -1
21 1 U -1
22 1 U 19
23 0 L 11
24 1 L 20
25 1 L 12
26 1 U 19
27 0 L 25
28 1 U -1
29 0 L 21
30 0 U 7
31 1 L -1
32 0 U 24
33 0 U 8
34 1 U 21
35 1 U 20
36 0 L 5
37 1 L 30
38 1 U 21
39 0 U 19
40 1 L 32
41 0 U 30
42 0 U 41
43 0 U 27
44 1 U 43
45 0 L 35
46 0 L 40
47 1 L 25
48 0 L 32
49 1 L 42
50 0 U 28
51 1 U 39
52 1 U 5
53 1 U 52
54 1 U 51
55 1 U -1
56 0 L 47
57 0 U 9
58 0 L -1
59 1 U 28
60 0 U 44
61 0 U 46
62 1 L 36
63 0 U 24
64 0 L 31
65 0 L 58
66 0 L 27
67 0 L 66
68 1 L 61
69 1 L 24
70
0 1 L -1
1 0 L -1
2 0 U -1
3 1 U 0
4 0 U 2
5 1 U -1
6 0 U -1
7 0 L -1
8 0 U -1
9 0 U 6
10 1 L -1
11 1 L 3
12 0 L -1
13 0 L 9
14 0 L 4
15 1 L 14
16 0 U 9
17 0 U -1
18 1 L 6
19 0 U 17
20 1 U -1
21 1 U -1
22 1 U 19
23 0 L 4
24 1 L 20
25 1 L 12
26 1 U 19
27 0 L 3
28 1 U -1
29 0 L 21
30 0 U 7
31 1 L -1
32 0 U 24
33 1 U -1
34 1 U 21
35 1 U 20
36 0 L 5
37 1 L 30
38 1 U 21
39 0 U 19
40 1 L 32
41 0 U 30
42 0 U 41
43 0 U 27
44 1 U 43
45 1 L 35
46 0 L 41
47 1 L 25
48 1 L 32
49 0 L 20
50 0 U 28
51 1 U 39
52 1 U 0
53 1 U 52
54 1 U 51
55 1 U -1
56 0 L 47
57 0 U 9
58 0 L -1
59 1 U 20
60 0 U 44
61 0 U 56
62 1 L 36
63 0 U 24
64 0 L 31
65 1 L 58
66 0 L 65
67 0 L 66
68 1 L 9
69 1 L 34
70
0 1 U -1
1 0 L -1
2 0 U -1
3 1 U 2
4 0 U 2
5 1 U -1
6 0 U -1
7 0 L -1
8 0 U -1
9 0 U 6
10 1 L -1
11 1 L 3
12 1 L -1
13 0 L 9
14 0 L 11
15 1 L 14
16 1 U 13
17 0 U -1
18 1 L 6
19 0 U 17
20 1 U -1
21 1 U -1
22 1 U 19
23 0 L 11
24 1 L 19
25 1 L 12
26 1 U 19
27 0 L 3
28 1 U -1
29 0 L 21
30 0 U 7
31 1 L -1
32 0 U 24
33 1 U -1
34 1 U 21
35 1 U 20
36 0 L 5
37 1 L 30
38 0 U 21
39 0 U 19
40 1 L 32
41 0 U 30
42 0 U 41
43 0 U 27
44 1 U 43
45 1 L 35
46 0 L 38
47 1 L 25
48 1 L 32
49 0 L 42
50 0 U 0
51 1 U 39
52 1 U 0
53 1 U 19
54 1 U 51
55 1 U -1
56 0 L 11
57 0 U 19
58 0 L -1
59 1 U 28
60 0 U 44
61 0 U 56
62 1 L 36
63 0 U 57
64 0 L 31
65 1 L 58
66 0 L 65
67 0 L 66
68 1 L 9
69 1 L 34
70
0 1 U -1
1 0 L -1
2 0 U -1
3 1 U 2
4 0 U 2
5 1 U -1
6 0 U -1
7 0 L -1
8 0 U -1
9 0 U 6
10 1 L -1
11 1 L 3
12 1 L -1
13 0 L 9
14 0 L 11
15 0 L 14
16 1 U 13
17 0 U -1
18 1 L 15
19 0 U 17
20 1 U -1
21 1 U -1
22 1 U 19
23 0 L 11
24 1 L 18
25 1 L 12
26 0 U 19
27 0 L 25
28 1 U -1
29 0 L 21
30 0 U 7
31 1 L -1
32 0 U 24
33 1 U -1
34 1 U 21
35 1 U 20
36 0 L 5
37 1 L 30
38 0 U 21
39 0 U 34
40 0 L 22
41 0 U 30
42 0 U 41
43 0 U 27
44 1 U 43
45 1 L 35
46 0 L 41
47 1 L 25
48 1 L 24
49 0 L 20
50 0 U 21
51 1 U 39
52 1 U 0
53 1 U 3
54 1 U 51
55 1 U -1
56 0 L 47
57 0 U 52
58 0 L -1
59 1 U 28
60 0 U 44
61 0 U 41
62 1 L 8
63 0 U 57
64 0 L 0
65 1 L 58
66 0 L 65
67 0 L 66
68 1 L 9
69 1 L 34
70
0 1 L -1
1 0 L -1
2 0 U -1
3 1 U 0
4 0 U 2
5 1 U -1
6 0 U -1
7 0 L -1
8 0 U -1
9 0 U 6
10 1 L -1
11 1 L 3
12 1 L -1
13 1 L 9
14 0 L 11
15 1 L 14
16 1 U 13
17 0 U -1
18 1 L 15
19 0 U 17
20 1 U -1
21 1 U -1
22 1 U 19
23 0 L 4
24 1 L 18
25 1 L 12
26 0 U 19
27 0 L 25
28 1 U -1
29 0 L 21
30 0 U 7
31 1 L -1
32 0 L 24
33 0 U -1
34 1 U 21
35 1 U 20
36 0 L 14
37 1 L 30
38 1 U 21
39 0 U 34
40 1 L 22
41 0 U 30
42 0 U 41
43 0 U 27
44 1 U 43
45 1 L 35
46 1 L 41
47 1 L 25
48 0 L 24
49 0 L 20
50 0 U 21
51 1 U 39
52 1 U 5
53 1 U 3
54 0 U 51
55 1 U -1
56 0 L 47
57 0 U 52
58 0 L -1
59 1 U 28
60 0 U 44
61 1 U 41
62 1 L 8
63 0 U 57
64 0 L 0
65 1 L 58
66 0 L 65
67 0 L 66
68 1 L 9
69 1 L 34
70
0 1 L -1
1 0 L -1
2 0 U -1
3 1 U 0
4 0 U 2
5 1 U -1
6 0 U -1
7 0 L -1
8 0 U -1
9 0 U 6
10 1 L -1
11 1 L 3
12 0 L -1
13 1 L 9
14 0 L 11
15 1 L 14
16 1 U 13
17 0 U -1
18 1 L 6
19 0 U 17
20 1 U -1
21 1 U -1
22 1 U 19
23 0 L 4
24 1 L 18
25 1 L 12
26 0 U 19
27 0 L 2
28 1 U -1
29 0 L 21
30 0 U 7
31 1 L -1
32 0 L 24
33 0 U -1
34 1 U 21
35 1 U 20
36 1 L 14
37 1 L 30
38 0 U 20
39 0 U 19
40 1 L 22
41 0 U 30
42 0 U 41
43 0 U 27
44 1 U 43
45 1 L 35
46 1 L 45
47 1 L 25
48 1 L 24
49 1 L 20
50 0 U 5
51 1 U 39
52 1 U 5
53 1 U 3
54 1 U 51
55 1 U -1
56 0 L 47
57 0 U 52
58 0 L -1
59 1 U 0
60 0 U 54
61 1 U 41
62 1 L 8
63 0 U 57
64 0 L 0
65 1 L 58
66 0 L 65
67 0 L 66
68 0 L 62
69 1 L 34
70
0 1 L -1
1 0 L -1
2 0 U -1
3 1 U 0
4 0 U 2
5 1 U -1
6 0 U -1
7 0 L -1
8 0 U -1
9 0 U 6
10 1 L -1
11 1 L 3
12 0 L -1
13 0 L 9
14 0 L 11
15 1 L 14
16 1 U 13
17 0 U -1
18 1 L 6
19 0 U 17
20 1 U -1
21 1 U -1
22 1 U 7
23 0 L 11
24 1 L 18
25 1 L 12
26 0 U 19
27 0 L 25
28 1 U -1
29 0 L 21
30 0 U 7
31 0 L -1
32 0 L 24
33 1 U -1
34 1 U 21
35 1 U 21
36 0 L 5
37 1 L 30
38 0 U 20
39 0 U 19
40 1 L 24
41 0 U 30
42 0 U 41
43 0 U 27
44 1 U 43
45 1 L 35
46 1 L 45
47 1 L 2
48 1 L 20
49 1 L 20
50 0 U 20
51 1 U 39
52 1 U 0
53 1 U 3
54 0 U 51
55 1 U -1
56 0 L 47
57 0 U 52
58 0 L -1
59 1 U 33
60 0 U 54
61 1 U 41
62 1 L 8
63 0 U 12
64 0 L 0
65 0 L 58
66 0 L 65
67 0 L 66
68 0 L 62
69 1 L 49
70
0 1 U -1
1 0 L -1
2 0 U -1
3 1 U 2
4 0 U 2
5 1 U -1
6 0 U -1
7 0 L -1
8 0 U -1
9 0 U 6
10 1 L -1
11 1 L 3
12 0 L -1
13 0 L 9
14 0 L 4
15 1 L 14
16 1 U 13
17 0 U -1
18 1 L 6
19 0 U 17
20 1 U -1
21 1 U -1
22 1 U 7
23 0 L 11
24 1 L 18
25 0 L 12
26 0 U 19
27 0 L 25
28 1 U -1
29 0 L 21
30 0 U 7
31 1 L -1
32 0 L 24
33 0 U -1
34 1 U 21
35 0 U 21
36 0 L 5
37 1 L 30
38 0 U 0
39 0 U 19
40 1 L 22
41 0 U 30
42 0 U 41
43 0 U 27
44 1 U 43
45 1 L 29
46 1 L 33
47 1 L 2
48 1 L 22
49 1 L 20
50 1 L 0
51 1 U 39
52 1 U 0
53 1 U 3
54 0 U 51
55 1 U -1
56 0 L 47
57 0 U 35
58 0 L -1
59 1 U 33
60 0 U 54
61 1 U 41
62 1 L 8
63 0 U 53
64 0 L 0
65 0 L 58
66 0 L 65
67 0 L 66
68 0 L 62
69 1 L 34
70
0 1 U -1
1 0 L -1
2 0 U -1
3 1 U 2
4 0 U 2
5 1 U -1
6 0 U -1
7 0 L -1
8 0 U -1
9 0 U 6
10 1 L -1
11 1 L 3
12 0 L -1
13 0 L 9
14 1 L 4
15 1 L 14
16 1 U 13
17 0 U -1
18 1 L 15
19 0 U 17
20 1 U -1
21 1 U -1
22 1 U 9
23 0 L 11
24 1 L 18
25 1 L 7
26 0 U 19
27 0 L 3
28 1 U -1
29 0 L 21
30 0 U 7
31 1 L -1
32 0 L 24
33 0 U -1
34 1 U 21
35 1 U 21
36 0 L 5
37 1 L 30
38 0 U 5
39 0 U 34
40 1 L 22
41 0 U 30
42 0 U 41
43 0 U 27
44 1 U 43
45 1 L 29
46 1 L 33
47 1 L 2
48 1 L 22
49 1 L 22
50 1 L 0
51 1 U 39
52 1 U 0
53 1 U 19
54 1 U 51
55 1 U -1
56 0 L 47
57 0 U 35
58 0 L -1
59 1 U 28
60 0 U 54
61 1 U 41
62 1 L 8
63 0 U 53
64 0 L 0
65 0 L 58
66 1 L 65
67 0 L 66
68 0 L 62
69 1 L 34
70
0 1 U -1
1 0 L -1
2 0 U -1
3 1 U 2
4 0 U 2
5 1 U -1
6 0 U -1
7 0 L -1
8 0 U -1
9 0 U 6
10 1 L -1
11 1 L 3
12 0 L -1
13 1 L 9
14 1 L 4
15 0 L 14
16 1 U 13
17 0 U -1
18 1 L 15
19 0 U 17
20 1 U -1
21 1 U -1
22 1 U 13
23 0 L 11
24 1 L 18
25 1 L 7
26 0 U 19
27 0 L 25
28 1 U -1
29 0 L 21
30 0 U 7
31 1 L -1
32 0 L 22
33 0 U -1
34 1 U 21
35 1 U 21
36 0 L 5
37 1 L 30
38 0 U 33
39 0 U 34
40 1 L 24
41 0 U 30
42 0 U 41
43 0 U 27
44 1 U 43
45 1 L 29
46 1 L 33
47 1 L 2
48 1 L 22
49 1 L 22
50 0 L 0
51 1 U 39
52 1 U 33
53 1 U 3
54 1 U 51
55 1 U -1
56 0 L 47
57 0 U 38
58 0 L -1
59 1 U 28
60 0 U 54
61 1 U 41
62 1 L 8
63 0 U 53
64 0 L 0
65 0 L 58
66 1 L 65
67 0 L 66
68 0 L 62
69 1 L 32
70
0 1 L -1
1 0 L -1
2 0 U -1
3 1 U 2
4 0 U 2
5 1 U -1
6 0 U -1
7 0 L -1
8 0 U -1
9 0 U 6
10 1 L -1
11 1 L 3
12 0 L -1
13 0 L 9
14 1 L 4
15 0 L 14
16 1 U 13
17 0 U -1
18 1 L 15
19 0 U 17
20 1 U -1
21 1 U -1
22 1 U 11
23 0 L 11
24 1 L 18
25 1 L 7
26 0 U 19
27 0 L 25
28 1 U -1
29 0 L 21
30 0 U 7
31 1 L -1
32 0 L 22
33 0 U -1
34 1 U 21
35 1 U 21
36 0 L 5
37 1 L 30
38 1 U 0
39 0 U 34
40 1 L 24
41 0 U 30
42 0 U 41
43 0 U 27
44 1 U 43
45 1 L 29
46 1 L 33
47 1 L 25
48 1 L 22
49 1 L 22
50 1 L 0
51 1 U 39
52 1 U 33
53 1 U 3
54 0 U 51
55 1 U -1
56 0 L 47
57 0 U 38
58 0 L -1
59 1 U 28
60 0 U 54
61 1 U 51
62 1 L 8
63 0 U 14
64 1 L 0
65 0 L 58
66 1 L 65
67 0 L 66
68 0 L 62
69 1 L 32
70
0 1 L -1
1 0 L -1
2 0 U -1
3 1 U 2
4 0 U 2
5 1 U -1
6 0 U -1
7 0 L -1
8 0 U -1
9 0 U 6
10 1 L -1
11 1 L 3
12 0 L -1
13 0 L 9
14 1 L 4
15 0 L 14
16 1 U 13
17 0 U -1
18 1 L 15
19 0 U 17
20 1 U -1
21 1 U -1
22 1 U 11
23 0 L 11
24 1 L 18
25 1 L 12
26 0 U 19
27 0 L 25
28 1 U -1
29 0 L 21
30 0 U 7
31 1 L -1
32 0 L 22
33 0 U -1
34 1 U 21
35 1 U 21
36 0 L 5
37 1 L 30
38 1 U 5
39 0 U 34
40 1 L 24
41 0 U 30
42 0 U 41
43 0 U 27
44 1 U 43
45 1 L 29
46 1 L 41
47 1 L 2
48 1 L 20
49 1 L 21
50 0 L 0
51 1 U 39
52 1 U 33
53 1 U 3
54 0 U 51
55 1 U -1
56 0 L 47
57 0 U 38
58 0 L -1
59 1 U 28
60 0 U 54
61 1 U 51
62 1 L 8
63 0 U 14
64 0 L 0
65 0 L 58
66 0 L 65
67 0 L 66
68 0 L 62
69 1 L 32
70
0 1 L -1
1 0 L -1
2 0 U -1
3 1 U 2
4 0 U 2
5 1 U -1
6 0 U -1
7 0 L -1
8 0 U -1
9 0 U 6
10 1 L -1
11 1 L 3
12 0 L -1
13 0 L 9
14 1 L 4
15 0 L 14
16 1 U 13
17 0 U -1
18 1 L 6
19 0 U 17
20 1 U -1
21 1 U -1
22 1 U 7
23 0 L 11
24 1 L 18
25 0 L 12
26 0 U 19
27 0 L 25
28 0 U 20
29 0 L 21
30 0 U 7
31 1 L -1
32 0 L 22
33 1 U -1
34 1 U 21
35 1 U 21
36 0 L 15
37 1 L 30
38 0 U 5
39 0 U 34
40 1 L 24
41 0 U 30
42 0 U 41
43 0 U 27
44 1 U 43
45 1 L 33
46 1 L 41
47 1 L 2
48 0 L 42
49 0 L 21
50 1 L 0
51 1 U 39
52 1 U 5
53 1 U 34
54 1 U 51
55 1 U -1
56 1 L 11
57 0 U 38
58 0 L -1
59 1 U 21
60 0 U 54
61 1 U 51
62 1 L 8
63 0 U 30
64 0 L 0
65 0 L 31
66 0 L 65
67 0 L 66
68 0 L 62
69 1 L 32
70
0 1 U -1
1 0 L -1
2 0 U -1
3 1 U 0
4 0 U 2
5 1 U -1
6 0 U -1
7 0 L -1
8 0 U -1
9 0 U 6
10 1 L -1
11 1 L 3
12 0 L -1
13 0 L 9
14 1 L 4
15 0 L 14
16 1 U 13
17 0 U -1
18 1 L 6
19 0 U 17
20 1 U -1
21 1 U -1
22 1 U 7
23 0 L 11
24 1 L 18
25 0 L 12
26 0 U 19
27 0 L 25
28 1 U 20
29 0 L 21
30 0 U 7
31 0 L -1
32 0 L 22
33 0 U -1
34 1 U 21
35 0 U 8
36 0 L 15
37 1 L 30
38 1 U 5
39 0 U 34
40 1 U 24
41 0 U 30
42 0 U 41
43 0 U 27
44 1 U 43
45 0 L 33
46 1 L 45
47 1 L 2
48 0 L 42
49 1 L 21
50 1 L 32
51 1 U 39
52 1 U 5
53 1 U 19
54 1 U 51
55 1 U -1
56 1 L 4
57 0 U 52
58 0 L -1
59 1 U 37
60 0 U 36
61 1 U 43
62 0 L 15
63 0 U 53
64 0 L 0
65 0 L 0
66 0 L 65
67 1 L 66
68 0 L 62
69 1 L 32
70
0 1 U -1
1 0 L -1
2 0 U -1
3 1 U 0
4 0 U 2
5 1 U -1
6 0 U -1
7 0 L -1
8 0 U -1
9 0 U 6
10 1 L -1
11 1 L 3
12 1 L -1
13 0 L 9
14 1 L 4
15 0 L 14
16 1 U 13
17 0 U -1
18 1 L 6
19 0 U 17
20 1 U -1
21 1 U -1
22 1 U 7
23 0 L 11
24 1 L 18
25 1 L 12
26 0 U 19
27 0 L 25
28 0 U 20
29 0 L 21
30 0 U 7
31 1 L -1
32 0 L 22
33 0 U -1
34 1 U 21
35 1 U 20
36 0 L 6
37 1 L 30
38 0 U 33
39 0 U 34
40 1 U 24
41 0 U 30
42 0 U 41
43 0 U 27
44 1 U 43
45 1 L 33
46 1 L 45
47 1 L 2
48 0 L 42
49 1 L 21
50 0 L 48
51 1 U 39
52 1 U 5
53 1 U 19
54 0 U 51
55 1 U -1
56 1 L 4
57 0 U 34
58 0 L -1
59 1 U 37
60 0 U 36
61 1 U 51
62 0 L 15
63 0 U 57
64 0 L 0
65 0 L 0
66 0 L 65
67 1 L 66
68 0 L 62
69 1 L 32
70
0 1 U -1
1 0 L -1
2 0 U -1
3 1 U 0
4 0 U 2
5 1 U -1
6 0 U -1
7 0 L -1
8 0 U -1
9 0 U 6
10 1 L -1
11 1 L 3
12 1 L -1
13 0 L 9
14 1 L 4
15 0 L 14
16 0 U 13
17 0 U -1
18 1 L 6
19 0 U 17
20 1 U -1
21 1 U -1
22 1 U 19
23 0 L 11
24 1 L 18
25 1 L 12
26 0 U 19
27 0 L 2
28 0 U 20
29 0 L 21
30 0 U 7
31 1 L -1
32 0 L 24
33 1 U -1
34 1 U 21
35 1 U 21
36 0 L 6
37 1 L 30
38 0 U 0
39 0 U 34
40 1 U 24
41 0 U 30
42 0 U 41
43 0 U 27
44 1 U 43
45 1 L 33
46 1 L 45
47 1 L 2
48 0 L 42
49 0 L 21
50 0 L 48
51 1 U 39
52 1 U 0
53 1 U 52
54 1 U 51
55 1 U -1
56 1 L 4
57 0 U 7
58 0 L -1
59 1 U 37
60 0 U 36
61 1 U 51
62 1 L 15
63 0 U 57
64 0 L 0
65 0 L 0
66 0 L 65
67 1 L 66
68 0 L 18
69 1 L 32
70
0 1 L -1
1 0 L -1
2 0 U -1
3 1 U 2
4 0 U 2
5 1 U -1
6 0 U -1
7 0 L -1
8 0 U -1
9 0 U 6
10 1 L -1
11 1 L 3
12 0 L -1
13 0 L 9
14 1 L 4
15 0 L 14
16 1 U 13
17 0 U -1
18 1 L 6
19 0 U 17
20 1 U -1
21 1 U -1
22 1 U 19
23 0 L 11
24 1 L 18
25 1 L 12
26 0 U 19
27 0 L 2
28 0 U 20
29 0 L 21
30 0 U 7
31 1 L -1
32 0 L 24
33 0 U -1
34 1 U 21
35 0 U 21
36 0 L 6
37 1 L 30
38 1 U 5
39 0 U 34
40 1 U 24
41 0 U 30
42 0 U 41
43 0 U 32
44 1 U 43
45 1 L 33
46 0 L 45
47 1 L 2
48 0 L 42
49 1 L 21
50 1 L 0
51 1 U 39
52 1 U 0
53 1 U 4
54 0 U 51
55 1 U -1
56 1 L 4
57 0 U 52
58 0 L -1
59 1 U 37
60 0 U 36
61 1 U 41
62 0 L 15
63 0 U 57
64 0 L 0
65 0 L 58
66 0 L 65
67 1 L 66
68 0 L 18
69 1 L 32
70
0 1 L -1
1 0 L -1
2 0 U -1
3 1 U 0
4 0 U 2
5 1 U -1
6 0 U -1
7 0 L -1
8 0 U -1
9 0 U 6
10 1 L -1
11 1 L 3
12 0 L -1
13 0 L 9
14 1 L 4
15 0 L 14
16 1 U 13
17 0 U -1
18 1 L 6
19 0 U 17
20 1 U -1
21 1 U -1
22 1 U 19
23 0 L 11
24 1 L 18
25 1 L 12
26 0 U 19
27 0 L 2
28 1 U 20
29 0 L 21
30 1 U 7
31 1 L -1
32 0 L 24
33 0 U -1
34 1 U 21
35 0 U 21
36 0 L 15
37 1 L 30
38 0 U 20
39 0 U 34
40 1 U 24
41 0 U 30
42 1 U 41
43 0 U 32
44 1 U 43
45 1 L 33
46 0 L 45
47 1 L 2
48 0 L 40
49 1 L 21
50 1 L 31
51 1 U 39
52 1 U 37
53 1 U 4
54 1 U 51
55 1 U -1
56 1 L 4
57 0 U 7
58 0 L -1
59 1 U 37
60 0 U 36
61 1 U 41
62 0 L 15
63 0 U 57
64 0 L 0
65 0 L 0
66 0 L 65
67 1 L 66
68 1 L 32
69 1 L 32
70
0 1 L -1
1 0 L -1
2 0 U -1
3 1 U 0
4 0 U 2
5 1 U -1
6 0 U -1
7 0 L -1
8 0 U -1
9 0 U 6
10 0 L -1
11 1 L 3
12 1 L -1
13 0 L 9
14 1 L 4
15 0 L 14
16 1 U 13
17 0 U -1
18 1 L 15
19 0 U 17
20 1 U -1
21 1 U -1
22 1 U 19
23 0 L 11
24 1 L 18
25 1 L 12
26 0 U 19
27 0 L 2
28 0 U 20
29 0 L 21
30 1 U 7
31 1 L -1
32 0 L 22
33 0 U -1
34 1 U 21
35 1 U 20
36 0 L 15
37 1 L 30
38 1 U 5
39 0 U 34
40 1 U 24
41 0 U 30
42 1 U 41
43 0 U 32
44 1 U 43
45 1 L 33
46 0 L 45
47 1 L 2
48 0 L 40
49 1 L 21
50 0 L 12
51 1 U 39
52 1 U 37
53 1 U 3
54 0 U 41
55 1 U -1
56 1 L 4
57 0 U 7
58 0 L 40
59 1 U 21
60 0 U 36
61 1 U 41
62 1 L 15
63 0 U 57
64 0 L 31
65 0 L 0
66 0 L 65
67 1 L 66
68 0 L 32
69 1 L 32
70
0 1 U -1
1 0 L -1
2 0 U -1
3 1 U 0
4 0 U 2
5 1 U -1
6 0 U -1
7 0 L -1
8 0 U -1
9 0 U 6
10 1 L -1
11 1 L 3
12 0 L -1
13 1 L 9
14 1 L 4
15 0 L 14
16 1 U 13
17 0 U -1
18 1 L 15
19 0 U 17
20 1 U -1
21 1 U -1
22 1 U 19
23 1 L 4
24 1 L 18
25 1 L 1
26 0 U 19
27 0 L 25
28 0 U 20
29 1 L 21
30 1 U 7
31 1 L -1
32 0 L 24
33 0 U -1
34 1 U 21
35 0 U 20
36 0 L 15
37 1 L 30
38 0 U 21
39 0 U 38
40 1 U 24
41 0 U 30
42 1 U 41
43 0 U 25
44 1 U 43
45 1 L 33
46 0 L 45
47 1 L 2
48 0 L 40
49 0 L 48
50 1 L 0
51 1 U 39
52 1 U 37
53 1 U 3
54 0 U 43
55 1 U -1
56 1 L 4
57 0 U 13
58 0 L 28
59 1 U 21
60 0 U 36
61 0 U 47
62 1 L 15
63 0 U 57
64 0 L 31
65 0 L 0
66 0 L 65
67 1 L 66
68 0 L 32
69 1 L 32
70
0 1 L -1
1 0 L -1
2 0 U -1
3 1 U 2
4 0 U 2
5 1 U -1
6 0 U -1
7 0 L -1
8 0 U -1
9 0 U 6
10 1 L -1
11 1 L 3
12 0 L -1
13 0 L 9
14 1 L 4
15 0 L 14
16 1 U 13
17 0 U -1
18 1 L 15
19 0 U 17
20 1 U -1
21 1 U -1
22 1 U 19
23 1 L 4
24 1 L 18
25 1 L 1
26 0 U 19
27 0 L 25
28 0 U 20
29 1 L 21
30 1 U 7
31 1 L -1
32 0 L 24
33 0 U -1
34 0 U 21
35 1 U 5
36 0 L 15
37 1 L 30
38 0 U 21
39 0 U 38
40 1 U 24
41 0 U 30
42 0 U 41
43 0 U 25
44 1 L 18
45 1 L 33
46 0 L 45
47 1 L 2
48 0 L 40
49 1 L 22
50 1 L 0
51 1 U 39
52 1 U 37
53 1 U 3
54 0 U 43
55 1 U -1
56 1 L 4
57 0 U 10
58 1 L 48
59 1 U 21
60 0 U 54
61 0 U 47
62 1 L 15
63 0 U 57
64 0 L 31
65 0 L 0
66 0 L 65
67 1 L 66
68 0 L 32
69 1 L 32
70
0 1 U -1
1 0 L -1
2 0 U -1
3 1 U 0
4 0 U 2
5 1 U -1
6 0 U -1
7 0 L -1
8 0 U -1
9 0 U 6
10 1 L -1
11 1 L 3
12 1 L -1
13 0 L 9
14 1 L 4
15 0 L 14
16 0 U 13
17 0 U -1
18 1 L 15
19 0 U 17
20 1 U -1
21 1 U -1
22 1 U 19
23 0 L 4
24 1 L 18
25 1 L 12
26 0 U 19
27 0 L 25
28 0 U 20
29 1 L 21
30 1 U 7
31 1 L -1
32 0 L 24
33 0 U -1
34 1 U 21
35 0 U 20
36 0 L 15
37 1 L 30
38 1 U 21
39 0 U 38
40 1 U 24
41 0 U 30
42 0 U 41
43 0 U 25
44 1 L 41
45 1 L 33
46 0 L 45
47 1 L 2
48 0 L 40
49 1 L 20
50 1 L 0
51 1 U 39
52 1 U 37
53 0 U 3
54 1 U 43
55 1 U -1
56 0 L 11
57 0 U 10
58 1 L 32
59 1 U 21
60 1 U 54
61 0 U 47
62 1 L 15
63 0 U 57
64 0 L 31
65 0 L 0
66 0 L 65
67 1 L 66
68 1 L 32
69 1 L 32
70
0 1 L -1
1 0 L -1
2 0 U -1
3 1 U 0
4 0 U 2
5 0 U -1
6 0 U -1
7 0 L -1
8 0 U -1
9 0 U 6
10 1 L -1
11 1 L 3
12 1 L -1
13 0 L 9
14 1 L 4
15 0 L 14
16 1 U 13
17 0 U -1
18 1 L 15
19 0 U 17
20 1 U -1
21 1 U -1
22 1 U 7
23 1 L 4
24 1 L 18
25 1 L 12
26 0 U 19
27 0 L 2
28 0 U 20
29 1 L 21
30 0 U 7
31 1 L -1
32 0 L 24
33 0 U -1
34 1 U 21
35 1 U 33
36 1 L 15
37 1 L 30
38 1 U 21
39 0 U 38
40 1 U 24
41 0 U 30
42 0 U 41
43 0 U 25
44 1 L 33
45 1 L 33
46 0 L 45
47 1 L 2
48 0 L 40
49 1 L 42
50 1 L 20
51 1 U 39
52 1 U 37
53 1 U 28
54 0 U 43
55 1 U -1
56 1 L 11
57 0 U 39
58 1 L 32
59 1 U 37
60 1 U 54
61 0 U 47
62 1 L 15
63 0 U 4
64 0 L 31
65 1 L 0
66 0 L 3
67 0 L 66
68 0 L 32
69 1 L 48
70
0 1 U -1
1 0 L -1
2 0 U -1
3 1 U 2
4 0 U 0
5 0 U -1
6 0 U -1
7 0 L -1
8 0 U -1
9 0 U 6
10 1 L -1
11 1 L 3
12 1 L -1
13 0 L 9
14 1 L 11
15 0 L 14
16 1 U 13
17 0 U -1
18 1 L 15
19 0 U 17
20 1 U -1
21 1 U -1
22 1 U 19
23 1 L 4
24 1 L 18
25 1 L 12
26 0 U 19
27 0 L 2
28 0 U 20
29 1 L 21
30 0 U 7
31 1 L -1
32 0 L 24
33 1 U -1
34 1 U 21
35 1 U 33
36 1 L 15
37 1 L 30
38 1 U 21
39 0 U 38
40 1 U 24
41 0 U 30
42 0 U 41
43 0 U 25
44 1 L 35
45 1 L 33
46 0 L 45
47 1 L 2
48 0 L 40
49 1 L 24
50 1 L 20
51 1 U 39
52 1 U 37
53 1 U 28
54 0 U 43
55 1 U -1
56 1 L 11
57 0 U 11
58 1 L 32
59 1 U 5
60 1 U 31
61 0 U 56
62 1 L 13
63 0 U 4
64 0 L 31
65 1 L 0
66 0 L 3
67 0 L 66
68 0 L 32
69 0 L 48
70
0 1 U -1
1 0 L -1
2 0 U -1
3 1 U 2
4 0 U 2
5 0 U -1
6 0 U -1
7 0 L -1
8 1 L -1
9 0 U 6
10 0 L -1
11 1 L 3
12 1 U -1
13 1 L 9
14 1 L 11
15 0 L 14
16 0 U 9
17 0 U -1
18 1 L 15
19 0 U 17
20 1 U -1
21 1 U -1
22 1 U 19
23 0 L 4
24 1 L 18
25 1 L 10
26 0 U 19
27 1 L 25
28 0 U 20
29 1 L 21
30 0 U 7
31 1 L -1
32 0 L 24
33 0 U -1
34 1 U 21
35 1 U 33
36 1 L 15
37 1 L 30
38 1 U 21
39 0 U 38
40 1 U 24
41 0 U 30
42 0 U 41
43 0 U 16
44 1 L 35
45 1 L 33
46 0 L 45
47 1 L 2
48 0 L 40
49 1 L 24
50 1 L 24
51 0 U 39
52 1 U 37
53 1 U 34
54 0 U 43
55 1 U -1
56 0 L 11
57 0 U 11
58 0 L 48
59 1 U 5
60 1 U 48
61 0 U 48
62 1 L 13
63 0 U 4
64 0 L 31
65 1 L 0
66 0 L 3
67 0 L 66
68 0 L 67
69 1 L 48
70
0 1 U -1
1 0 L -1
2 0 U -1
3 1 U 2
4 0 U 2
5 0 U -1
6 0 U -1
7 0 L -1
8 1 L -1
9 0 U 6
10 0 L -1
11 1 L 3
12 0 U -1
13 0 L 9
14 1 L 11
15 0 L 14
16 1 U 9
17 0 U -1
18 1 L 15
19 0 U 17
20 1 U -1
21 1 U -1
22 1 U 19
23 0 L 4
24 1 L 18
25 1 L 0
26 0 U 19
27 1 L 25
28 0 U 20
29 1 L 21
30 0 U 7
31 1 L -1
32 0 L 24
33 1 U -1
34 1 U 21
35 1 U 21
36 0 L 15
37 1 L 30
38 0 U 21
39 0 U 38
40 1 U 24
41 0 U 30
42 0 U 41
43 1 U 32
44 1 L 35
45 1 L 33
46 0 L 45
47 1 L 2
48 0 L 40
49 1 L 2
50 1 L 24
51 0 U 39
52 1 U 37
53 1 U 38
54 0 U 43
55 1 U -1
56 0 L 11
57 0 U 11
58 0 L 48
59 1 U 5
60 1 U 48
61 0 U 48
62 1 L 13
63 0 U 4
64 0 L 31
65 1 L 0
66 0 L 2
67 0 L 66
68 0 L 67
69 0 L 48
70
0 1 U -1
1 0 L -1
2 0 U -1
3 1 U 0
4 0 U 2
5 0 U -1
6 1 U -1
7 0 L -1
8 1 L -1
9 0 U 2
10 0 L -1
11 1 L 3
12 1 U -1
13 0 L 9
14 1 L 11
15 0 L 14
16 0 U 7
17 0 U -1
18 1 L 15
19 0 U 17
20 1 U -1
21 1 U -1
22 1 U 19
23 0 L 4
24 1 L 18
25 1 L 10
26 0 U 19
27 1 L 23
28 0 U 20
29 1 L 21
30 0 U 7
31 1 L -1
32 0 L 20
33 1 U -1
34 1 U 21
35 0 U 21
36 0 L 15
37 1 L 30
38 1 U 20
39 0 U 38
40 1 U 24
41 0 U 30
42 0 U 41
43 1 U 32
44 1 L 35
45 1 L 33
46 0 L 30
47 1 L 2
48 0 L 40
49 0 L 2
50 1 L 22
51 0 U 39
52 1 U 37
53 1 U 3
54 1 U 18
55 1 U -1
56 1 L 11
57 0 U 11
58 1 L 32
59 1 U 33
60 1 U 48
61 0 U 54
62 1 L 5
63 0 U 4
64 0 L 31
65 1 L 0
66 0 L 64
67 0 L 66
68 1 L 67
69 1 L 48
70
0 1 U -1
1 0 L -1
2 0 U -1
3 1 U 2
4 0 U 0
5 1 U -1
6 1 U -1
7 0 L -1
8 1 L -1
9 0 U 2
10 0 L -1
11 1 L 3
12 1 U -1
13 0 L 9
14 1 L 11
15 0 L 14
16 1 U 7
17 0 U -1
18 1 L 15
19 0 U 17
20 1 U -1
21 1 U -1
22 1 U 7
23 1 L 4
24 1 L 18
25 0 L 10
26 0 U 19
27 1 L 23
28 0 U 20
29 1 L 21
30 0 U 7
31 1 L -1
32 0 L 20
33 1 U -1
34 1 U 21
35 0 U 21
36 0 L 15
37 1 L 30
38 1 U 21
39 0 U 38
40 1 U 24
41 0 U 30
42 0 U 41
43 1 U 30
44 1 L 35
45 1 L 33
46 0 L 30
47 1 L 3
48 0 L 40
49 0 L 48
50 1 L 22
51 0 U 39
52 1 U 37
53 1 U 35
54 0 U 43
55 1 U -1
56 0 L 11
57 0 U 11
58 1 L 32
59 1 U 33
60 1 U 48
61 0 U 58
62 1 L 13
63 0 U 4
64 0 L 31
65 1 L 0
66 0 L 64
67 1 L 66
68 1 L 67
69 0 L 48
70
0 1 L -1
1 0 L -1
2 0 U -1
3 1 U 0
4 0 U 0
5 1 U -1
6 1 U -1
7 0 L -1
8 1 L -1
9 0 U 6
10 0 L -1
11 1 L 3
12 0 U -1
13 0 L 9
14 1 L 11
15 0 L 14
16 1 U 7
17 0 U -1
18 1 L 15
19 0 U 17
20 1 U -1
21 1 U -1
22 1 U 7
23 1 L 4
24 1 L 18
25 0 L 10
26 0 U 19
27 1 L 15
28 0 U 20
29 1 L 21
30 0 U 7
31 1 L -1
32 0 L 20
33 1 U -1
34 1 U 21
35 0 U 21
36 0 L 15
37 1 L 30
38 1 U 21
39 0 U 38
40 1 U 24
41 0 U 30
42 0 U 41
43 0 U 30
44 1 L 35
45 1 L 33
46 0 L 30
47 1 L 3
48 0 L 40
49 1 L 48
50 1 L 22
51 1 U 39
52 1 U 37
53 1 U 35
54 1 U 43
55 1 U -1
56 1 L 11
57 0 U 11
58 0 L 48
59 1 U 33
60 1 U 48
61 0 U 44
62 1 L 13
63 0 U 4
64 0 L 31
65 0 L 0
66 0 L 3
67 1 L 4
68 0 L 67
69 1 L 48
70
0 1 U -1
1 0 L -1
2 0 U -1
3 1 U 0
4 0 U 0
5 0 U -1
6 1 U -1
7 0 L -1
8 0 L 7
9 0 U 2
10 0 L -1
11 1 L 3
12 0 U -1
13 0 L 9
14 1 L 11
15 0 L 14
16 0 U 7
17 0 U -1
18 1 L 15
19 0 U 17
20 1 U -1
21 1 U -1
22 1 U 19
23 0 L 4
24 1 L 18
25 1 L 0
26 0 U 19
27 1 L 6
28 0 U 20
29 1 L 21
30 0 U 7
31 1 L -1
32 0 L 20
33 1 U -1
34 1 U 21
35 0 U 20
36 0 L 15
37 1 L 30
38 0 U 12
39 0 U 38
40 1 U 24
41 0 U 30
42 0 U 41
43 0 U 30
44 1 L 35
45 1 L 33
46 0 L 30
47 1 L 3
48 0 L 40
49 0 L 3
50 1 L 22
51 0 U 39
52 1 U 37
53 1 U 52
54 0 U 43
55 1 U -1
56 1 L 5
57 0 U 11
58 0 L 48
59 1 U 2
60 1 U 48
61 0 U 44
62 1 L 16
63 0 U 4
64 1 L 31
65 1 L 0
66 0 L 3
67 1 L 4
68 1 L 67
69 1 L 48
70
0 1 U -1
1 0 L -1
2 0 U -1
3 1 U 0
4 0 U 2
5 0 U -1
6 1 U -1
7 0 L -1
8 0 L 7
9 0 U 2
10 0 L -1
11 1 L 3
12 0 U -1
13 0 L 9
14 1 L 11
15 0 L 14
16 1 U 7
17 0 U -1
18 1 L 15
19 0 U 17
20 1 U -1
21 1 U -1
22 1 U 13
23 0 L 4
24 1 L 18
25 1 L 0
26 0 U 19
27 1 L 6
28 0 U 20
29 1 L 21
30 0 U 7
31 1 L -1
32 0 L 20
33 1 U -1
34 1 U 12
35 0 U 12
36 0 L 15
37 1 L 30
38 1 U 12
39 0 U 19
40 1 U 24
41 0 U 30
42 0 U 41
43 0 U 23
44 1 L 35
45 1 L 33
46 0 L 30
47 1 L 3
48 0 L 40
49 0 L 3
50 1 L 22
51 0 U 39
52 1 U 37
53 1 U 52
54 1 U 43
55 1 U -1
56 0 L 5
57 0 U 11
58 1 L 48
59 1 U 5
60 1 U 56
61 0 U 44
62 1 L 13
63 0 U 4
64 1 L 31
65 1 L 10
66 0 L 3
67 1 L 4
68 0 L 67
69 1 L 48
70
0 1 U -1
1 0 L -1
2 0 U -1
3 1 U 2
4 0 U 2
5 0 U -1
6 1 U -1
7 0 L -1
8 0 L 7
9 0 U 5
10 0 L -1
11 1 L 3
12 0 U -1
13 1 L 9
14 1 L 11
15 0 L 14
16 1 U 7
17 0 U -1
18 1 L 15
19 0 U 17
20 1 U -1
21 1 U -1
22 1 U 13
23 0 L 4
24 1 L 18
25 1 L 0
26 0 U 7
27 1 L 6
28 0 U 20
29 1 L 21
30 0 U 13
31 1 L -1
32 0 L 20
33 1 U -1
34 1 U 12
35 1 U 33
36 0 L 15
37 1 L 30
38 1 U 12
39 0 U 19
40 1 U 24
41 0 U 30
42 0 U 41
43 0 U 23
44 1 L 35
45 1 L 33
46 0 L 45
47 1 L 3
48 0 L 40
49 1 L 3
50 1 L 22
51 0 U 39
52 1 U 37
53 1 U 52
54 1 U 43
55 1 U -1
56 0 L 5
57 0 U 11
58 1 L 48
59 1 U 5
60 1 U 56
61 0 U 44
62 1 L 13
63 0 U 4
64 1 L 31
65 1 L 10
66 0 L 3
67 0 L 66
68 1 L 67
69 0 L 48
70
0 1 U -1
1 0 L -1
2 0 U -1
3 1 U 0
4 0 U 2
5 0 U -1
6 1 U -1
7 0 L -1
8 0 L 0
9 0 U 2
10 0 L -1
11 1 L 3
12 0 U -1
13 0 L 9
14 1 L 11
15 0 L 14
16 1 U 7
17 0 U -1
18 1 L 15
19 0 U 17
20 1 U -1
21 1 U -1
22 1 U 13
23 0 L 4
24 1 L 18
25 1 L 0
26 0 U 7
27 1 L 23
28 0 U 20
29 1 L 21
30 0 U 13
31 0 L -1
32 0 L 24
33 0 U -1
34 1 U 12
35 1 U 33
36 0 L 15
37 1 L 30
38 1 U 37
39 0 U 19
40 1 U 24
41 1 U 30
42 0 U 27
43 0 U 23
44 1 L 35
45 1 L 33
46 0 L 41
47 1 L 3
48 0 L 40
49 1 L 31
50 1 L 22
51 0 U 39
52 1 U 37
53 1 U 52
54 0 U 43
55 1 U -1
56 0 L 5
57 0 U 15
58 0 L 48
59 1 U 5
60 1 U 56
61 0 U 44
62 1 L 13
63 0 U 4
64 0 L 31
65 1 L 10
66 1 L 25
67 0 L 66
68 0 L 67
69 0 L 50
70
0 1 L -1
1 0 L -1
2 0 U -1
3 1 U 2
4 0 U 0
5 1 U -1
6 1 U -1
7 0 L -1
8 0 L 0
9 0 U 2
10 0 L -1
11 1 L 3
12 0 U -1
13 1 L 9
14 1 L 11
15 0 L 14
16 1 U 13
17 0 U -1
18 1 L 15
19 0 U 17
20 1 U -1
21 1 U -1
22 1 U 13
23 0 L 4
24 1 L 18
25 1 L 0
26 0 U 7
27 1 L 9
28 0 U 20
29 1 L 21
30 0 U 13
31 0 L -1
32 0 L 24
33 0 U -1
34 1 U 20
35 1 U 33
36 0 L 23
37 1 L 30
38 1 U 33
39 0 U 19
40 1 U 24
41 1 U 30
42 0 U 27
43 0 U 23
44 1 L 35
45 1 L 33
46 0 L 45
47 1 L 3
48 0 L 40
49 0 L 2
50 1 L 20
51 0 U 30
52 1 U 37
53 1 U 52
54 0 U 43
55 1 U -1
56 0 L 5
57 0 U 22
58 1 L 48
59 1 U 37
60 1 U 56
61 0 U 56
62 1 L 13
63 0 U 4
64 1 L 31
65 1 L 10
66 1 L 25
67 0 L 66
68 0 L 67
69 1 L 32
70
0 1 U -1
1 0 L -1
2 0 U -1
3 1 U 2
4 0 U 2
5 0 U -1
6 1 U -1
7 0 L -1
8 0 L 0
9 0 U 0
10 0 L -1
11 1 L 3
12 0 U -1
13 0 L 9
14 1 L 11
15 0 L 14
16 1 U 13
17 0 U -1
18 1 L 15
19 0 U 17
20 1 U -1
21 1 U -1
22 1 U 13
23 0 L 4
24 1 L 18
25 1 L 0
26 0 U 13
27 1 L 6
28 0 U 20
29 1 L 21
30 0 U 7
31 0 L -1
32 0 L 20
33 0 U -1
34 1 U 21
35 1 U 21
36 0 L 23
37 1 L 30
38 0 U 12
39 0 U 19
40 1 U 24
41 1 U 30
42 0 U 27
43 0 U 23
44 1 L 33
45 1 L 33
46 0 L 45
47 1 L 3
48 1 L 40
49 0 L 40
50 1 L 20
51 0 U 39
52 1 U 37
53 1 U 38
54 1 U 43
55 1 U -1
56 0 L 5
57 0 U 22
58 1 L 32
59 1 U 37
60 0 U 54
61 0 L 56
62 1 L 13
63 0 U 4
64 1 L 31
65 0 L 10
66 1 L 25
67 0 L 66
68 1 L 67
69 1 L 32
70
0 1 U -1
1 0 L -1
2 0 U -1
3 1 U 0
4 0 U 2
5 0 U -1
6 1 U -1
7 0 L -1
8 0 L 0
9 0 U 6
10 0 L -1
11 1 L 3
12 1 U -1
13 1 L 9
14 1 L 11
15 0 L 14
16 1 U 13
17 0 U -1
18 1 L 15
19 0 U 17
20 1 U -1
21 1 U -1
22 1 U 13
23 0 L 4
24 1 L 18
25 1 L 0
26 0 U 13
27 1 L 6
28 0 U 20
29 1 L 21
30 0 U 7
31 0 L -1
32 0 L 22
33 0 U -1
34 1 U 21
35 1 U 21
36 0 L 23
37 1 L 30
38 0 U 12
39 0 U 19
40 1 U 24
41 1 U 30
42 0 U 27
43 0 U 23
44 1 L 33
45 1 L 33
46 0 L 45
47 1 L 3
48 1 L 40
49 0 L 40
50 1 L 20
51 0 U 39
52 1 U 37
53 1 U 19
54 0 U 48
55 1 U -1
56 0 L 5
57 0 U 22
58 1 L 32
59 1 U 37
60 0 U 54
61 0 L 56
62 1 L 13
63 0 U 4
64 1 L 31
65 1 L -1
66 1 L 25
67 0 L 66
68 1 L 67
69 1 L 32
70
0 1 U -1
1 0 L -1
2 0 U -1
3 1 U 0
4 0 U 2
5 0 U -1
6 1 U -1
7 0 L -1
8 0 L 0
9 0 U 6
10 0 L -1
11 0 L 3
12 1 U -1
13 1 L 9
14 1 L 11
15 1 L 14
16 1 U 13
17 0 U -1
18 1 L 15
19 0 U 17
20 1 U -1
21 1 U -1
22 1 U 13
23 0 L 4
24 1 L 18
25 1 L 0
26 0 U 19
27 1 L 6
28 0 U 20
29 1 L 21
30 0 U 7
31 0 L -1
32 0 L 22
33 0 U -1
34 1 U 21
35 1 U 21
36 0 L 23
37 1 L 30
38 0 U 33
39 0 U 19
40 1 U 24
41 1 U 30
42 0 U 27
43 0 U 25
44 1 L 33
45 1 L 35
46 0 L 45
47 1 L 3
48 1 L 40
49 1 L 2
50 1 L 22
51 0 U 23
52 1 U 37
53 1 U 19
54 0 U 48
55 1 U -1
56 0 L 5
57 0 U 22
58 1 L 34
59 1 U 37
60 0 U 54
61 0 L 56
62 1 L 13
63 0 U 4
64 0 L 31
65 1 L -1
66 1 L 25
67 0 L 66
68 1 L 67
69 1 L 32
70
0 1 U -1
1 0 L -1
2 0 U -1
3 1 U 0
4 0 U 0
5 0 U -1
6 1 U -1
7 0 L -1
8 0 L 0
9 0 U 6
10 0 L -1
11 0 L 3
12 0 U -1
13 0 L 9
14 1 L 11
15 1 L 14
16 1 U 13
17 0 U -1
18 1 L 15
19 0 U 17
20 1 U -1
21 1 U -1
22 1 U 13
23 0 L 4
24 1 L 18
25 1 L 0
26 0 U 19
27 1 L 6
28 0 U 20
29 1 L 21
30 0 U 7
31 0 L -1
32 0 L 28
33 0 U -1
34 1 U 21
35 1 U 12
36 1 L 23
37 1 L 30
38 1 U 33
39 0 U 35
40 1 U 24
41 1 U 30
42 0 L 27
43 0 U 25
44 1 L 33
45 1 L 35
46 0 L 45
47 1 L 3
48 1 L 40
49 0 L 2
50 1 L 22
51 0 U 23
52 1 U 37
53 1 U 34
54 1 U 48
55 1 U -1
56 0 L 5
57 0 U 22
58 1 L 34
59 1 U 37
60 0 U 54
61 0 L 56
62 1 L 36
63 0 U 4
64 1 L 31
65 1 L -1
66 1 L 8
67 1 L 66
68 0 L 22
69 1 L 32
