44
0 0 U -1
1 0 U -1
2 0 U -1
3 0 U -1
4 0 U -1
5 0 U -1
6 0 U -1
7 0 U -1
8 0 U -1
9 0 U -1
10 0 U -1
11 0 U -1
12 0 U -1
13 0 U -1
14 0 U -1
15 0 U -1
16 0 U -1
17 0 U -1
18 0 U -1
19 0 U -1
20 0 U -1
21 0 U -1
22 0 U -1
23 0 U -1
24 0 U -1
25 0 U -1
26 0 U -1
27 0 U -1
28 0 U -1
29 0 U -1
30 0 U -1
31 0 U -1
32 0 U -1
33 0 U -1
34 0 U -1
35 0 U -1
36 0 U -1
37 0 U -1
38 0 U -1
39 0 U -1
40 0 U -1
41 0 U -1
42 0 U -1
43 0 U -1
44
0 0 L -1
1 1 U -1
2 1 U -1
3 0 U 2
4 0 U -1
5 0 U 4
6 1 L -1
7 0 U 5
8 0 U 0
9 0 L 2
10 1 L 6
11 0 L 1
12 1 U 0
13 1 U 4
14 0 L 11
15 0 L 8
16 1 L -1
17 0 U 1
18 1 U -1
19 1 L 13
20 1 L 11
21 0 U 5
22 0 U 16
23 0 L 20
24 0 L 3
25 0 U 20
26 0 L 15
27 0 U 26
28 0 L -1
29 0 L -1
30 1 U 11
31 1 L 26
32 1 U -1
33 0 U 3
34 0 L 6
35 1 U 31
36 0 U 8
37 1 L 1
38 1 L 29
39 1 U 32
40 0 U 34
41 1 L 32
42 1 U 1
43 1 L -1
44
0 0 L -1
1 1 U -1
2 0 U -1
3 1 U 2
4 0 U -1
5 1 U 4
6 0 L -1
7 0 U 5
8 0 U 3
9 1 L 1
10 1 L 4
11 0 L 1
12 1 U 0
13 1 U 4
14 1 L 9
15 0 L 14
16 1 L -1
17 0 U 2
18 1 U -1
19 1 L 14
20 0 L 3
21 0 U 0
22 0 U 16
23 0 L 5
24 0 L 11
25 0 U 19
26 0 L 15
27 0 U 26
28 1 L 0
29 1 L -1
30 1 U 20
31 1 L 29
32 1 U -1
33 1 U 6
34 0 L 6
35 0 U 26
36 0 U 6
37 0 L 31
38 0 L 35
39 1 U 5
40 1 U 35
41 1 L 40
42 1 U -1
43 1 L -1
44
0 0 U -1
1 1 U -1
2 0 U -1
3 1 U 2
4 0 U -1
5 1 U 4
6 0 L -1
7 0 U 5
8 0 U 3
9 1 L 1
10 1 L 4
11 0 L 1
12 1 U 0
13 1 U 12
14 1 L 2
15 0 L 14
16 1 L -1
17 0 U 10
18 1 U -1
19 1 L 14
20 1 L 11
21 0 U 5
22 0 U 7
23 0 L 7
24 1 L 3
25 0 U 19
26 0 L 15
27 0 U 14
28 1 L 0
29 1 L -1
30 1 U 11
31 1 L 29
32 1 U -1
33 1 U 6
34 1 L 6
35 1 U 13
36 0 U 3
37 1 U 36
38 0 L 27
39 1 U 0
40 1 U 26
41 1 L 34
42 1 U 10
43 0 L -1
44
0 0 U -1
1 1 U -1
2 0 U -1
3 1 U 2
4 0 U -1
5 0 U 4
6 0 L 5
7 0 U 5
8 1 U 6
9 1 L 1
10 1 L 4
11 0 L 1
12 1 U 6
13 1 U 12
14 1 L 9
15 0 L 14
16 1 L -1
17 0 U 10
18 1 U -1
19 1 L 14
20 1 L 3
21 0 U 18
22 0 U 16
23 0 L 7
24 1 L 11
25 0 U 19
26 0 L 15
27 0 U 15
28 1 L 0
29 1 L -1
30 0 U 26
31 1 L 0
32 1 U -1
33 0 U 30
34 1 L 0
35 0 U 13
36 0 U 3
37 1 U 13
38 0 L 26
39 1 U 32
40 0 U 11
41 1 L 1
42 1 U 10
43 0 L -1
44
0 0 U -1
1 1 U -1
2 0 U -1
3 1 U 2
4 0 U -1
5 1 U 4
6 0 L 5
7 0 U 5
8 1 U 6
9 1 L 1
10 1 L 4
11 0 L 1
12 1 U 6
13 1 U 12
14 1 L 11
15 0 L 6
16 1 L -1
17 0 U 10
18 1 U -1
19 1 L 6
20 1 L 3
21 0 U 18
22 0 U 16
23 0 L 11
24 0 L 14
25 0 U 19
26 0 L 15
27 0 U 11
28 1 L 0
29 1 L -1
30 0 U 15
31 1 L 0
32 1 U -1
33 0 U 30
34 1 L 0
35 1 U 3
36 0 U 8
37 1 U 22
38 0 L 27
39 1 U 0
40 0 U 30
41 1 L 1
42 1 U -1
43 0 L -1
44
0 0 U -1
1 1 U -1
2 0 U -1
3 1 U 2
4 0 U -1
5 1 U 4
6 0 L 5
7 0 U 5
8 0 U 6
9 1 L 1
10 1 U -1
11 0 L 1
12 1 U 6
13 1 U 12
14 1 L 9
15 0 L 14
16 1 L -1
17 0 U 10
18 1 U -1
19 1 L 14
20 1 L 2
21 0 U 0
22 0 U 16
23 0 L 3
24 0 L 23
25 0 U 19
26 0 L 15
27 0 U 14
28 1 L 0
29 1 L -1
30 0 U 14
31 1 L 0
32 1 U -1
33 1 U 30
34 1 L 0
35 0 U 0
36 0 U 35
37 0 U 11
38 0 L 27
39 1 U 5
40 1 L 33
41 1 L 34
42 1 U -1
43 0 L -1
44
0 0 L -1
1 1 U -1
2 0 U -1
3 1 U 2
4 0 U -1
5 0 U 4
6 0 L 5
7 0 U 5
8 1 U 0
9 1 L 1
10 1 L -1
11 0 L 1
12 1 U 6
13 1 U 12
14 1 L 9
15 0 L 14
16 1 L -1
17 0 U 1
18 1 U -1
19 1 L 14
20 1 L 11
21 0 U 17
22 0 U 7
23 0 L 9
24 1 L 23
25 0 U 19
26 0 L 15
27 0 U 14
28 1 L 10
29 1 L -1
30 0 U 14
31 0 U 5
32 1 U -1
33 0 U 30
34 1 L 10
35 1 U 10
36 0 U 31
37 0 U 36
38 1 L -1
39 1 U 0
40 1 L 33
41 1 L 34
42 1 U -1
43 1 L -1
44
0 0 U -1
1 0 U -1
2 0 U 1
3 1 U 2
4 0 U -1
5 1 U 4
6 1 L 0
7 0 U 5
8 1 U -1
9 1 L 2
10 1 U -1
11 0 L 1
12 1 U 5
13 1 U 12
14 1 L 9
15 0 L 14
16 0 L -1
17 0 U 8
18 1 U 8
19 1 L 14
20 0 L 9
21 0 U 18
22 0 U 7
23 0 L 7
24 1 L -1
25 0 U 19
26 0 L 15
27 0 U 15
28 1 L 16
29 1 L -1
30 0 U 14
31 0 U 5
32 0 U -1
33 1 U 30
34 1 U 5
35 1 L 29
36 0 U 31
37 0 U 26
38 0 L 1
39 1 U 32
40 0 L 33
41 0 L 28
42 1 U 32
43 1 L -1
44
0 0 U -1
1 0 U -1
2 1 U 1
3 1 U 2
4 0 U -1
5 1 U 4
6 1 L 0
7 0 U 5
8 0 U -1
9 1 L 2
10 1 L 8
11 0 L 2
12 1 U 5
13 1 U 10
14 1 U 9
15 0 L 14
16 0 L -1
17 0 U 8
18 0 U 1
19 1 L 14
20 0 L 9
21 0 U 17
22 0 U 7
23 0 L 8
24 1 U -1
25 0 U -1
26 0 L 15
27 0 U 15
28 1 L 16
29 1 L -1
30 0 U 29
31 0 U 5
32 0 U -1
33 0 U 30
34 1 U 5
35 1 L 11
36 0 U 31
37 0 U 26
38 1 U 32
39 0 U 32
40 0 L 33
41 0 L 0
42 1 U 32
43 0 L -1
44
0 0 L -1
1 0 U -1
2 1 U 1
3 0 U 2
4 0 U -1
5 1 U 4
6 0 L 1
7 0 U 5
8 0 U -1
9 1 L 2
10 1 L 8
11 0 L 1
12 1 U 5
13 1 L -1
14 1 L 6
15 0 L 8
16 0 L -1
17 0 U 8
18 0 U 8
19 1 L 8
20 0 L 9
21 1 U 18
22 0 U 7
23 0 L 20
24 0 U 19
25 0 U -1
26 0 L 15
27 0 U 15
28 1 L 13
29 1 L -1
30 0 U 15
31 0 U 5
32 0 U -1
33 0 U 29
34 1 U 2
35 0 L 3
36 0 U 31
37 0 U 15
38 0 L 11
39 0 U 32
40 0 L 33
41 1 L 13
42 1 U 32
43 0 L -1
44
0 0 L -1
1 0 U -1
2 1 U 1
3 0 U 2
4 0 U -1
5 1 U 4
6 0 L 1
7 0 U 5
8 0 U -1
9 1 L 2
10 1 L 8
11 0 L 1
12 1 U 5
13 1 L -1
14 1 L 6
15 0 L 8
16 0 L -1
17 0 U 8
18 0 U 1
19 1 L 14
20 1 L 3
21 1 U 13
22 0 U 7
23 0 L 4
24 1 U 19
25 0 U -1
26 0 L 21
27 0 U 15
28 1 L 13
29 1 L -1
30 0 U 15
31 0 U 5
32 0 U -1
33 0 U 20
34 1 U 0
35 1 L 6
36 0 U 31
37 0 U 36
38 0 L 11
39 0 U 32
40 0 L 33
41 1 L 13
42 1 U 32
43 0 L -1
44
0 0 U -1
1 0 U -1
2 1 U 1
3 1 U 2
4 0 U -1
5 1 U 4
6 0 L 2
7 0 U 5
8 0 U -1
9 1 L 1
10 1 L 8
11 0 L 1
12 1 U 5
13 1 L -1
14 0 L 6
15 0 L 14
16 0 L -1
17 0 U 8
18 0 U 8
19 1 L 14
20 1 L 11
21 0 U 13
22 0 U 7
23 0 L 6
24 1 U -1
25 0 U -1
26 0 L 24
27 0 U 15
28 1 L 0
29 1 L -1
30 0 U 15
31 0 U 5
32 0 U -1
33 1 U 30
34 1 U 32
35 1 L 27
36 0 U 31
37 0 U 15
38 0 L 28
39 0 U 32
40 1 L 33
41 1 L 13
42 1 U 32
43 1 L -1
44
0 0 U -1
1 0 U -1
2 1 U 1
3 0 U 2
4 0 U -1
5 1 U 4
6 0 L 1
7 0 U 5
8 0 U -1
9 1 L 1
10 1 L 8
11 0 L 1
12 1 U 5
13 1 L 12
14 0 L 9
15 0 L 14
16 0 L -1
17 0 U 8
18 0 U 1
19 1 L 14
20 1 L 9
21 1 U 17
22 0 U 3
23 0 L 8
24 1 L 7
25 0 U -1
26 0 L 15
27 0 U 15
28 1 L 0
29 1 L -1
30 0 U 15
31 0 U 5
32 0 U -1
33 0 U 30
34 1 U 17
35 1 L 29
36 0 U 31
37 0 U 15
38 0 L 35
39 0 U 12
40 0 L 30
41 1 L 29
42 1 U 32
43 0 L -1
44
0 0 L -1
1 0 U -1
2 0 U 1
3 1 U 2
4 0 U -1
5 1 U 4
6 0 L 2
7 0 U 5
8 0 U -1
9 1 L 1
10 1 L -1
11 0 L 1
12 1 U 5
13 1 L 12
14 0 L 9
15 0 L 14
16 0 L -1
17 0 U 8
18 0 U 8
19 1 L 14
20 1 L 11
21 1 U 10
22 0 U 21
23 0 L 4
24 0 L 1
25 0 U -1
26 0 L 15
27 0 U 15
28 1 L 16
29 1 L -1
30 0 U 26
31 0 U 5
32 0 U -1
33 0 U 29
34 1 U 5
35 0 L 0
36 0 U 31
37 0 U 15
38 0 L 9
39 0 U 12
40 1 L 30
41 1 L 29
42 1 U 32
43 0 L -1
44
0 0 L -1
1 0 U -1
2 0 U 1
3 1 U 2
4 0 U -1
5 1 U 4
6 0 L 1
7 0 U 5
8 1 U 7
9 1 L 1
10 1 L -1
11 0 L 1
12 1 U 5
13 1 L 12
14 0 L 9
15 0 L 14
16 0 L -1
17 1 U 13
18 0 U 1
19 1 L 4
20 1 L 11
21 1 U 17
22 0 U 7
23 0 L 14
24 0 L 1
25 0 U -1
26 0 L 15
27 0 U 15
28 1 L 0
29 1 L -1
30 0 U 14
31 0 U 5
32 0 U -1
33 1 U 29
34 1 U 18
35 1 L 29
36 0 U 31
37 0 U 36
38 0 L 9
39 0 U 7
40 0 L 33
41 1 L 10
42 1 U 32
43 0 L -1
44
0 0 U -1
1 0 U -1
2 0 U 1
3 0 U 2
4 0 U -1
5 1 U 4
6 0 L 2
7 0 U 5
8 1 U 4
9 1 L 1
10 1 L -1
11 0 L 1
12 1 U 5
13 1 L 12
14 0 L 9
15 0 L 7
16 0 L -1
17 1 U 13
18 0 U 1
19 1 L 14
20 1 L 9
21 1 U 5
22 0 U 7
23 0 L 5
24 1 L 12
25 0 U -1
26 0 L 13
27 0 U 15
28 1 L 16
29 1 L -1
30 0 U 15
31 0 U 5
32 0 U -1
33 1 U 29
34 1 U 17
35 0 L 29
36 0 U 31
37 0 U 15
38 1 L 3
39 0 U 12
40 1 L 33
41 1 L 29
42 1 U 32
43 0 L -1
44
0 0 U -1
1 0 U -1
2 0 U 1
3 0 U 2
4 0 U -1
5 1 U 4
6 0 L 2
7 0 U 5
8 1 U 4
9 1 L 1
10 1 L -1
11 0 L 1
12 1 U 5
13 1 L 12
14 0 L 9
15 0 L 7
16 0 L -1
17 1 U 13
18 0 U 1
19 1 L 4
20 1 L 11
21 1 U 17
22 0 U 7
23 0 L 5
24 1 L 10
25 0 U -1
26 0 L 15
27 0 U 15
28 1 L 10
29 1 L -1
30 0 U 15
31 0 U 5
32 0 U -1
33 1 U 28
34 1 U 5
35 1 L 23
36 0 U 31
37 0 U 15
38 1 L 10
39 0 U 12
40 0 L 30
41 0 L 1
42 1 U 32
43 0 L -1
44
0 0 L -1
1 0 U -1
2 0 U 1
3 1 U 2
4 0 U -1
5 1 U 4
6 0 L 1
7 0 U 5
8 1 U 7
9 1 L 1
10 1 L -1
11 0 L 1
12 1 U 5
13 1 L 12
14 0 L 9
15 0 L 14
16 0 L -1
17 0 U 1
18 0 U 1
19 1 L 14
20 1 L 9
21 1 U 10
22 0 U 7
23 0 L 20
24 0 L 10
25 0 U -1
26 0 L 15
27 0 U 15
28 1 L 10
29 1 L -1
30 0 U 15
31 0 U 5
32 0 U -1
33 1 U 30
34 1 U 0
35 1 L 21
36 0 U 31
37 0 U 26
38 0 L 29
39 0 U 8
40 0 L 30
41 0 L 2
42 1 U 32
43 0 L -1
44
0 0 L -1
1 0 U -1
2 1 U 1
3 1 U 2
4 0 U -1
5 1 U 4
6 1 L 0
7 0 U 5
8 1 L 7
9 1 L 1
10 1 L -1
11 0 L 2
12 1 U 5
13 1 L 9
14 0 L 9
15 0 L 14
16 0 L -1
17 0 U 1
18 0 U 1
19 1 L 14
20 1 L 11
21 1 U 18
22 0 U 7
23 0 L 9
24 0 L 23
25 0 U -1
26 0 L 15
27 0 U 15
28 1 L 0
29 1 L -1
30 0 U 15
31 0 U 5
32 0 U -1
33 1 U 30
34 1 U 18
35 1 L 27
36 0 U 31
37 0 U 26
38 0 L 10
39 0 U 7
40 0 L 33
41 0 L 16
42 1 U 32
43 0 L -1
44
0 0 U -1
1 0 U -1
2 1 U 1
3 1 U 2
4 0 U -1
5 1 U 4
6 0 L 2
7 0 U 5
8 1 L 7
9 1 L 1
10 1 U 7
11 0 L 2
12 1 U 5
13 1 L -1
14 0 U 12
15 0 L 14
16 0 L -1
17 0 U 8
18 0 U 1
19 1 L 14
20 1 L 11
21 1 U 18
22 0 U 7
23 0 L 6
24 0 L 8
25 0 U -1
26 0 L 15
27 0 U 15
28 1 L 0
29 1 L -1
30 0 U 26
31 0 U 5
32 0 U -1
33 1 U 30
34 1 U 2
35 0 L 0
36 0 U 31
37 0 U 33
38 1 L 16
39 0 U 10
40 1 L 33
41 0 L 13
42 1 U 32
43 0 L -1
44
0 0 U -1
1 0 U -1
2 1 U 1
3 1 U 2
4 0 U -1
5 1 U 4
6 0 L 1
7 0 U 5
8 1 L 7
9 1 L 1
10 1 U 7
11 0 L 2
12 1 U 5
13 1 L -1
14 0 U 12
15 0 L 14
16 0 L -1
17 0 U 1
18 0 U 1
19 1 L 14
20 1 L 11
21 1 U 13
22 0 U 7
23 0 L 11
24 1 U 19
25 0 U -1
26 0 L 15
27 0 U 15
28 1 L 0
29 1 L -1
30 0 U 26
31 0 U 5
32 0 U -1
33 1 U 29
34 1 U 0
35 1 L 29
36 0 U 31
37 1 U 36
38 1 L 29
39 0 U 6
40 1 L 30
41 0 L 13
42 1 U 32
43 0 L -1
44
0 0 L -1
1 0 U -1
2 1 U 1
3 1 U 2
4 0 U -1
5 1 U 4
6 1 L 2
7 0 U 5
8 1 L 7
9 1 L 1
10 1 U 7
11 0 L 2
12 1 U 5
13 1 L -1
14 0 U 12
15 0 L 14
16 0 L -1
17 0 U 1
18 0 U 1
19 1 L 14
20 1 L 9
21 1 U 18
22 0 U 7
23 0 L 11
24 0 U 20
25 0 U -1
26 0 L 25
27 0 U 15
28 1 L 16
29 1 L -1
30 0 U 9
31 0 U 5
32 0 U -1
33 1 U 29
34 1 U 0
35 1 L 24
36 0 U 31
37 0 U 15
38 1 L 29
39 0 U 12
40 0 L 30
41 1 L 0
42 1 U 32
43 0 L -1
44
0 0 U -1
1 0 U -1
2 1 U 1
3 1 U 2
4 0 U -1
5 1 U 4
6 0 L 1
7 0 U 5
8 1 L 7
9 1 L 1
10 1 L -1
11 0 L 1
12 1 U 5
13 1 L 12
14 0 U 12
15 0 L 14
16 0 L -1
17 0 U 1
18 0 U 1
19 1 L 14
20 1 L 11
21 1 U 5
22 0 U 7
23 0 L 11
24 0 U 19
25 0 U -1
26 0 L 15
27 0 U 15
28 1 L 0
29 1 L -1
30 0 U 15
31 0 U 5
32 0 U -1
33 0 U 29
34 1 U 18
35 1 L 24
36 0 U 31
37 0 U 26
38 1 L 29
39 0 U 6
40 0 L 30
41 1 L 10
42 1 U 32
43 0 L -1
44
0 0 U -1
1 0 U -1
2 1 U 1
3 1 U 2
4 0 U -1
5 1 U 4
6 0 L 1
7 0 U 5
8 0 L 7
9 1 L 1
10 1 L -1
11 0 L 1
12 1 U 5
13 1 L 12
14 0 U 12
15 0 L 14
16 0 L -1
17 0 U 8
18 0 U 1
19 1 L 14
20 1 L 11
21 1 U 10
22 0 U 7
23 0 L 11
24 1 U 20
25 0 U -1
26 0 L 15
27 0 U 15
28 1 L 16
29 1 L -1
30 0 U 14
31 0 U 5
32 0 U -1
33 1 U 29
34 1 U 5
35 1 L 24
36 0 U 31
37 0 U 36
38 1 L 0
39 0 U 7
40 1 L 30
41 1 L 29
42 1 U 32
43 0 L -1
44
0 0 L -1
1 0 U -1
2 1 U 1
3 1 U 2
4 0 U -1
5 1 U 4
6 0 L 1
7 0 U 5
8 0 L 7
9 1 L 1
10 1 L -1
11 0 L 1
12 1 U 5
13 1 L 12
14 0 U 12
15 0 L 14
16 0 L -1
17 0 U 8
18 0 U 8
19 1 L 14
20 1 L 9
21 1 U 10
22 0 U 7
23 0 L 5
24 0 U 19
25 0 U -1
26 0 L 15
27 0 U 15
28 1 L 0
29 1 L -1
30 0 U 15
31 0 U 5
32 0 U -1
33 0 U 30
34 1 U 32
35 1 L 1
36 0 U 31
37 1 U 36
38 1 L 10
39 0 U 31
40 1 L 30
41 1 L 10
42 1 U 32
43 0 L -1
44
0 0 L -1
1 0 U -1
2 1 U 1
3 1 U 2
4 0 U -1
5 1 U 4
6 1 L 1
7 0 U 5
8 1 L 7
9 1 L 1
10 1 L -1
11 0 L 2
12 1 U 5
13 1 L 9
14 0 U 12
15 0 L 14
16 0 L -1
17 0 U 1
18 0 U 1
19 1 L 14
20 1 L 9
21 1 U 10
22 0 U 21
23 0 L 4
24 1 U 19
25 0 U -1
26 0 L 15
27 0 U 15
28 1 L 0
29 1 L -1
30 0 U 26
31 0 U 5
32 0 U -1
33 0 U 29
34 1 U 2
35 1 L 11
36 0 U 31
37 0 U 26
38 1 L 29
39 0 U 12
40 0 L 33
41 1 L 0
42 1 U 32
43 0 L -1
44
0 0 U -1
1 0 U -1
2 1 U 1
3 1 U 2
4 0 U -1
5 1 U 4
6 0 L 1
7 0 U 5
8 0 L 7
9 1 L 1
10 1 L -1
11 0 L 2
12 1 U 5
13 1 L 12
14 0 U 12
15 0 L 14
16 0 L -1
17 0 U 8
18 0 U 1
19 1 L 14
20 1 L 11
21 1 U 10
22 0 U 21
23 0 L 7
24 0 U 19
25 0 U -1
26 0 L 15
27 0 U 15
28 1 L 0
29 1 L -1
30 0 U 26
31 0 U 5
32 0 U -1
33 1 U 30
34 1 U 18
35 1 L 27
36 0 U 31
37 0 U 15
38 1 L 10
39 0 U 21
40 1 L 33
41 1 L 0
42 1 U 32
43 0 L -1
44
0 0 L -1
1 0 U -1
2 1 U 1
3 1 U 2
4 0 U -1
5 1 U 4
6 0 L 1
7 0 U 5
8 0 L 7
9 1 L 1
10 1 L -1
11 0 L 1
12 1 U 5
13 1 L 12
14 0 U 12
15 0 L 14
16 0 L -1
17 0 U 8
18 0 U 1
19 1 L 14
20 1 L 11
21 1 U 17
22 0 U 7
23 0 L 20
24 0 U 19
25 0 U -1
26 0 L 15
27 0 U 15
28 1 L 16
29 1 L -1
30 0 U 15
31 0 U 5
32 0 U -1
33 0 U 29
34 1 U 17
35 1 L 9
36 0 U 31
37 0 U 15
38 1 L 29
39 0 U 7
40 0 L 33
41 1 L 10
42 1 U 32
43 0 L -1
44
0 0 L -1
1 0 U -1
2 1 U 1
3 1 U 2
4 0 U -1
5 1 U 4
6 0 L 2
7 0 U 5
8 1 L 7
9 1 L 1
10 1 U -1
11 0 L 2
12 1 U 5
13 1 L 12
14 0 U 12
15 0 L 14
16 0 L -1
17 0 U 13
18 0 U 1
19 1 L 14
20 1 L 11
21 1 U 5
22 0 U 7
23 0 L 9
24 0 U 20
25 0 U -1
26 0 L 15
27 0 U 15
28 1 L 0
29 1 L -1
30 0 U 29
31 0 U 5
32 0 U -1
33 0 U 30
34 1 U 32
35 1 L 24
36 0 U 31
37 0 U 36
38 1 L 16
39 0 U 7
40 0 L 30
41 1 L 16
42 1 U 32
43 0 L -1
44
0 0 U -1
1 0 U -1
2 1 U 1
3 1 U 2
4 0 U -1
5 1 U 4
6 1 L 0
7 0 U 5
8 1 L 7
9 1 L 6
10 1 U -1
11 0 L 2
12 1 U 5
13 1 L 12
14 0 U 12
15 0 L 14
16 0 L -1
17 0 U 13
18 0 U 13
19 1 L 14
20 1 L 11
21 0 U 18
22 0 U 7
23 0 L 20
24 0 U 19
25 0 U -1
26 0 L 15
27 0 U 15
28 1 U 5
29 1 L -1
30 0 U 15
31 0 U 5
32 0 U -1
33 1 U 30
34 1 U 2
35 1 L 27
36 0 U 31
37 0 U 14
38 1 L 16
39 0 U 7
40 1 L 33
41 1 L 16
42 1 U 32
43 0 L -1
44
0 0 U -1
1 0 U -1
2 1 U 1
3 1 U 0
4 0 U -1
5 1 U 4
6 1 L 0
7 0 U 5
8 1 L 7
9 0 L 6
10 1 U -1
11 0 L 6
12 1 U 5
13 1 L 12
14 0 U 9
15 0 L 14
16 0 L -1
17 0 U 13
18 0 U 13
19 1 L 4
20 1 L 1
21 0 U 18
22 0 U 7
23 0 L 14
24 0 U 19
25 0 U -1
26 0 L 15
27 0 U 15
28 1 U 8
29 1 L -1
30 0 U 15
31 0 U 5
32 0 U -1
33 1 U 30
34 1 U 32
35 1 L 27
36 0 U 31
37 0 U 36
38 1 L 16
39 0 U 7
40 0 L 30
41 1 L 20
42 1 U 32
43 0 L 29
44
0 0 U -1
1 0 U -1
2 1 U 1
3 1 U 0
4 0 U -1
5 1 U 4
6 1 L 0
7 0 U 5
8 1 U 4
9 0 L 6
10 1 U -1
11 0 L 6
12 1 U 5
13 1 L 12
14 0 U 9
15 0 L 14
16 0 L -1
17 0 U 13
18 0 U 13
19 1 L 14
20 1 L 1
21 0 U 8
22 0 U 3
23 0 L 14
24 0 U 19
25 0 U -1
26 0 L 15
27 0 U 15
28 1 U 8
29 1 L -1
30 0 U 16
31 0 U 5
32 0 U -1
33 1 U 30
34 1 U 8
35 1 L 25
36 0 U 31
37 1 U 36
38 1 L 0
39 0 U 31
40 1 L 33
41 1 L 20
42 1 U 32
43 0 L 29
44
0 0 L -1
1 0 U -1
2 1 U 1
3 1 U 0
4 0 U -1
5 1 U 4
6 1 L 0
7 0 U 5
8 0 U 4
9 0 L 3
10 1 U -1
11 0 L 6
12 1 U 5
13 1 L 12
14 0 U 9
15 0 L 14
16 0 L -1
17 0 U 13
18 0 U 13
19 1 L 14
20 1 L 1
21 1 U 8
22 0 U 7
23 0 L 14
24 1 U 19
25 0 U -1
26 0 L 15
27 0 U 15
28 1 U 8
29 1 L -1
30 0 U 16
31 0 U 5
32 0 U -1
33 1 U 30
34 1 U 32
35 1 L 27
36 0 U 31
37 0 U 36
38 1 L 0
39 0 U 3
40 1 L 33
41 1 L 20
42 1 U 32
43 0 L 29
44
0 0 L -1
1 0 U -1
2 1 U 1
3 1 U 0
4 0 U -1
5 1 U 4
6 1 L 0
7 0 U 5
8 0 U 4
9 0 L 3
10 1 U -1
11 0 L 6
12 1 U 5
13 1 L 12
14 0 U 9
15 0 L 14
16 0 L -1
17 0 U 1
18 0 U 13
19 1 L 14
20 1 L 1
21 1 U 8
22 0 U 7
23 0 L 14
24 1 U 19
25 0 U -1
26 0 L 15
27 0 U 15
28 1 U 18
29 1 L -1
30 0 U 16
31 0 U 0
32 0 U -1
33 1 U 30
34 1 U 32
35 1 L 25
36 0 U 21
37 0 U 36
38 1 L 0
39 0 U 12
40 0 L 30
41 1 L 20
42 1 U 32
43 0 L 29
44
0 0 U -1
1 0 U -1
2 1 U 1
3 1 U 0
4 0 U -1
5 1 U 4
6 1 L 0
7 0 U 5
8 0 U 4
9 0 L 1
10 1 U -1
11 0 L 6
12 1 U 5
13 1 L 12
14 0 U 6
15 0 L 14
16 0 L -1
17 0 U 1
18 0 U 13
19 1 L 14
20 1 L 3
21 1 U 8
22 0 U 21
23 0 L 14
24 1 U 19
25 0 U -1
26 0 L 15
27 0 U 15
28 1 U 5
29 1 L -1
30 0 U 15
31 0 U 0
32 0 U -1
33 1 U 30
34 1 U 0
35 1 L 27
36 0 U 21
37 0 U 15
38 1 L 16
39 0 U 21
40 0 L 30
41 1 L 20
42 1 U 32
43 0 L 29
44
0 0 L -1
1 0 U -1
2 1 U 1
3 1 U 0
4 0 U -1
5 1 U 4
6 1 L 0
7 0 U 5
8 0 U 4
9 0 L 3
10 1 U -1
11 0 L 6
12 1 U 5
13 1 L 12
14 0 U 6
15 0 L 14
16 0 L -1
17 0 U 1
18 0 U 1
19 1 L 14
20 1 L 3
21 1 U 8
22 0 U 21
23 0 L 14
24 1 U 19
25 0 U -1
26 0 L 15
27 0 U 15
28 1 U 18
29 1 L -1
30 0 U 16
31 0 U 18
32 0 U -1
33 1 U 30
34 1 U 0
35 1 L 25
36 0 U 28
37 0 U 36
38 1 L 16
39 0 U 3
40 0 L 30
41 1 L 20
42 1 U 32
43 0 L 29
44
0 0 L -1
1 0 U -1
2 1 U 1
3 1 U 0
4 0 U -1
5 1 U 4
6 1 L 0
7 0 U 5
8 0 U 4
9 0 L 3
10 1 U -1
11 0 L 6
12 1 U 5
13 1 U 10
14 0 U 9
15 0 L 14
16 0 L -1
17 0 U 1
18 0 U 1
19 1 L 4
20 1 L 1
21 1 U 8
22 0 U 7
23 0 L 14
24 1 U 19
25 0 U -1
26 0 L 15
27 0 U 15
28 1 U 5
29 1 L -1
30 0 U 26
31 0 U 18
32 0 U -1
33 1 U 30
34 1 U 0
35 1 L 28
36 0 U 21
37 0 U 26
38 1 L 0
39 0 U 28
40 0 L 35
41 1 L 20
42 1 U 32
43 0 L 29
44
0 0 L -1
1 0 U -1
2 1 U 1
3 1 U 0
4 0 U -1
5 1 U 4
6 1 L 0
7 0 U 5
8 0 U 4
9 0 L 6
10 1 U -1
11 0 L 6
12 1 U 5
13 1 L 12
14 0 U 9
15 0 L 14
16 0 L -1
17 0 U 1
18 0 U 1
19 1 L 4
20 1 L 3
21 1 U 8
22 0 U 7
23 0 L 14
24 0 U 19
25 0 U -1
26 0 L 15
27 0 U 15
28 1 U 8
29 1 L -1
30 0 U 26
31 0 U 5
32 0 U -1
33 1 U 30
34 1 U 5
35 1 L 28
36 0 U 21
37 0 U 36
38 1 L 16
39 0 U 28
40 0 L 35
41 1 L 20
42 1 U 32
43 0 L 29
44
0 0 L -1
1 0 U -1
2 1 U 1
3 1 U 0
4 0 U -1
5 1 U 4
6 1 L 0
7 0 U 5
8 0 U 4
9 0 L 1
10 1 U -1
11 0 L 6
12 1 U 5
13 1 L 10
14 0 U 9
15 0 L 14
16 0 L -1
17 0 U 1
18 0 U 1
19 1 L 4
20 1 L 1
21 1 U 18
22 0 U 7
23 0 L 14
24 1 U 19
25 0 U -1
26 0 L 15
27 0 U 15
28 1 U 8
29 1 L -1
30 0 U 16
31 0 U 5
32 0 U -1
33 1 U 30
34 1 U 0
35 1 L 27
36 0 U 31
37 0 U 36
38 1 L 16
39 0 U 28
40 0 L 30
41 1 L 20
42 1 U 32
43 0 L 29
44
0 0 U -1
1 0 U -1
2 1 U 1
3 1 U 0
4 0 U -1
5 1 U 4
6 1 L 0
7 0 U 5
8 0 L 7
9 0 L 2
10 1 U -1
11 0 L 6
12 1 U 5
13 1 U -1
14 0 U 6
15 0 L 14
16 0 L -1
17 0 U 1
18 0 U 1
19 1 L 14
20 1 L 3
21 0 U 8
22 0 U 7
23 0 L 14
24 1 U 19
25 0 U -1
26 0 L 13
27 0 U 15
28 1 U 5
29 1 L -1
30 0 U 16
31 0 U 8
32 0 U -1
33 1 U 30
34 1 U 17
35 1 L 27
36 0 U 28
37 0 U 36
38 1 L 0
39 0 U 7
40 0 L 30
41 1 L 20
42 1 U 32
43 0 L 29
44
0 0 L -1
1 0 U -1
2 1 U 1
3 1 U 0
4 0 U -1
5 1 U 4
6 1 L 0
7 0 U 5
8 1 L 7
9 0 L 3
10 0 U 0
11 0 L 6
12 1 U 5
13 1 U -1
14 0 U 9
15 0 L 4
16 0 L -1
17 1 U 13
18 0 U 1
19 1 L 14
20 1 L 1
21 0 U 5
22 0 U 7
23 0 L 14
24 1 U 19
25 0 U -1
26 0 L 15
27 0 U 15
28 1 U 18
29 1 L -1
30 0 U 16
31 0 U 5
32 0 U -1
33 1 U 30
34 1 U 18
35 1 L 27
36 0 U 28
37 0 U 26
38 1 L 0
39 0 U 32
40 0 L 33
41 1 L 20
42 1 U 32
43 0 L 29
44
0 0 L -1
1 0 U -1
2 1 U 1
3 1 U 0
4 0 U -1
5 1 U 4
6 1 L 0
7 0 U 5
8 1 L 7
9 0 L 6
10 0 U 5
11 0 L 6
12 1 U 5
13 1 U -1
14 0 U 6
15 0 L 14
16 0 L -1
17 1 U 13
18 0 U 1
19 1 L 14
20 1 L 3
21 0 U 5
22 0 U 7
23 0 L 4
24 0 U -1
25 0 U -1
26 0 L 15
27 0 U 15
28 1 U 17
29 1 L -1
30 0 U 16
31 0 U 17
32 0 U -1
33 1 U 30
34 1 U 8
35 1 L 27
36 0 U 28
37 0 U 15
38 1 L 16
39 0 U 32
40 0 L 33
41 1 L 20
42 1 U 32
43 0 L 29
44
0 0 U -1
1 0 U -1
2 1 U 1
3 1 U 0
4 0 U -1
5 1 U 4
6 1 L 0
7 0 U 5
8 1 L 7
9 0 L 6
10 0 U 0
11 0 L 3
12 1 U 5
13 1 U -1
14 0 U 6
15 0 L 4
16 0 L -1
17 1 U 13
18 0 U 1
19 1 L 14
20 1 L 1
21 0 U 17
22 0 U 7
23 0 L 14
24 0 U -1
25 0 U -1
26 0 L 15
27 0 U 15
28 1 U 5
29 1 L -1
30 0 U 16
31 0 U 17
32 0 U -1
33 1 U 30
34 1 U 8
35 1 L 18
36 0 U 28
37 0 U 36
38 1 L 16
39 0 U 32
40 0 L 33
41 1 L 20
42 1 U 32
43 0 L 29
44
0 0 U -1
1 0 U -1
2 1 U 1
3 1 U 0
4 0 U -1
5 1 U 4
6 1 L 0
7 0 U 5
8 1 L 7
9 0 L 6
10 0 U 8
11 0 L 3
12 1 U 5
13 1 U -1
14 0 U 6
15 0 L 14
16 0 L -1
17 1 U 13
18 0 U 1
19 1 L 14
20 1 L 2
21 0 U 5
22 0 U 7
23 0 L 4
24 0 U -1
25 0 U -1
26 0 L 15
27 0 U 15
28 1 U 5
29 1 L -1
30 0 U 16
31 0 U 17
32 0 U -1
33 1 U 30
34 1 U 8
35 1 L 18
36 0 U 28
37 0 U 16
38 1 L 16
39 0 U 32
40 0 L 33
41 1 L 20
42 1 U 32
43 0 L 29
44
0 0 U -1
1 0 U -1
2 1 U 1
3 1 U 0
4 0 U -1
5 1 U 4
6 1 L 0
7 0 U 5
8 1 L 7
9 0 L 6
10 0 U 0
11 0 L 6
12 1 U 5
13 1 U -1
14 0 U 9
15 0 L 14
16 0 L -1
17 1 U 13
18 0 U 1
19 1 L 14
20 1 L 6
21 0 U 5
22 0 U 7
23 0 L 8
24 0 U -1
25 0 U -1
26 0 L 15
27 0 U 15
28 1 U 18
29 1 L -1
30 0 U 16
31 0 U 17
32 0 U -1
33 1 U 30
34 1 U 8
35 1 L 27
36 0 U 28
37 0 U 16
38 1 L 16
39 0 U 32
40 0 L 33
41 1 L 20
42 1 U 32
43 0 L 29
44
0 0 L -1
1 0 U -1
2 1 U 1
3 1 U 0
4 0 U -1
5 1 U 4
6 1 L 0
7 0 U 5
8 1 L 7
9 0 L 6
10 0 U 5
11 0 L 6
12 1 U 5
13 1 U -1
14 0 U 9
15 0 L 4
16 0 L -1
17 1 U 13
18 0 U 1
19 1 L 14
20 1 L 6
21 0 U 17
22 0 U 7
23 0 L 8
24 0 U 19
25 0 U -1
26 0 L 15
27 0 U 15
28 1 U 5
29 1 L -1
30 0 U 15
31 0 U 5
32 0 U -1
33 1 U 30
34 1 U 17
35 1 L 27
36 0 U 28
37 0 U 15
38 1 L 16
39 0 U 32
40 0 L 33
41 1 L 20
42 1 U 32
43 0 L 29
44
0 0 L -1
1 0 U -1
2 1 U 1
3 1 U 0
4 0 U -1
5 1 U 4
6 1 L 0
7 0 U 5
8 1 L 7
9 0 L 6
10 0 U 5
11 0 L 3
12 1 U 5
13 1 U -1
14 0 U 9
15 0 L 14
16 0 L -1
17 1 U 13
18 0 U 1
19 1 L 14
20 1 L 1
21 0 U 17
22 0 U 7
23 0 L 4
24 0 U -1
25 0 U -1
26 0 L 15
27 0 U 15
28 1 U 18
29 1 L -1
30 0 U 26
31 0 U 5
32 0 U -1
33 1 U 30
34 1 U 32
35 1 L 27
36 0 U 28
37 0 U 16
38 1 L 16
39 0 U 32
40 0 L 33
41 1 L 20
42 1 U 32
43 0 L 29
44
0 0 L -1
1 0 U -1
2 1 U 1
3 1 U 0
4 0 U -1
5 1 U 4
6 1 L 0
7 0 U 5
8 1 L 7
9 0 L 6
10 0 U 0
11 0 L 6
12 1 U 5
13 1 U -1
14 0 U 9
15 0 L 14
16 0 L -1
17 1 U 13
18 0 U 1
19 1 L 14
20 1 L 6
21 0 U 5
22 0 U 3
23 0 L 14
24 1 U -1
25 0 U -1
26 0 L 15
27 0 U 15
28 1 U 18
29 1 L -1
30 0 U 16
31 0 U 17
32 0 U -1
33 1 U 30
34 1 U 18
35 1 L 27
36 0 U 28
37 0 U 15
38 1 L 0
39 0 U 32
40 0 L 33
41 1 L 20
42 1 U 32
43 0 L 29
44
0 0 U -1
1 0 U -1
2 1 U 1
3 1 U 0
4 0 U -1
5 1 U 4
6 1 L 0
7 0 U 5
8 1 L 7
9 0 L 6
10 0 U 8
11 0 L 3
12 1 U 5
13 1 U -1
14 0 U 9
15 0 L 4
16 0 L -1
17 1 U 13
18 0 U 1
19 1 L 14
20 1 L 6
21 0 U 5
22 0 U 7
23 0 L 14
24 0 U -1
25 0 U -1
26 0 L 15
27 0 U 15
28 1 U 17
29 1 L -1
30 0 U 16
31 0 U 5
32 0 U -1
33 1 U 30
34 1 U 17
35 1 L 18
36 0 U 28
37 0 U 16
38 1 L 0
39 0 U 32
40 0 L 33
41 1 L 20
42 1 U 32
43 0 L 29
44
0 0 L -1
1 0 U -1
2 1 U 1
3 1 U 0
4 0 U -1
5 1 U 4
6 1 L 0
7 0 U 5
8 1 L 7
9 0 L 6
10 0 U 0
11 0 L 6
12 1 U 5
13 1 U -1
14 0 U 9
15 0 L 14
16 0 L -1
17 1 U 13
18 0 U 1
19 1 L 14
20 1 L 6
21 0 U 5
22 0 U 7
23 0 L 4
24 0 U -1
25 0 U -1
26 0 L 15
27 0 U 15
28 1 U 18
29 1 L -1
30 0 U 16
31 0 U 5
32 0 U -1
33 1 U 30
34 1 U 32
35 1 L 27
36 0 U 31
37 0 U 16
38 1 L 0
39 0 U 32
40 0 L 33
41 1 L 20
42 1 U 32
43 0 L 29
44
0 0 U -1
1 0 U -1
2 1 U 1
3 1 U 0
4 0 U -1
5 1 U 4
6 1 L 0
7 0 U 5
8 1 L 7
9 0 L 6
10 0 U 5
11 0 L 3
12 1 U 5
13 1 U -1
14 0 U 9
15 0 L 14
16 0 L -1
17 1 U 13
18 0 U 1
19 1 L 14
20 1 L 2
21 0 U 5
22 0 U 3
23 0 L 4
24 0 U -1
25 0 U -1
26 0 L 15
27 0 U 15
28 1 U 18
29 1 L -1
30 0 U 26
31 0 U 5
32 0 U -1
33 1 U 30
34 1 U 18
35 1 L 18
36 0 U 28
37 0 U 15
38 1 L 16
39 0 U 32
40 0 L 33
41 1 L 20
42 1 U 32
43 0 L 29
44
0 0 L -1
1 0 U -1
2 1 U 1
3 1 U 0
4 0 U -1
5 1 U 4
6 1 L 0
7 0 U 5
8 1 L 7
9 0 L 6
10 0 U 0
11 0 L 3
12 1 U 5
13 1 U -1
14 0 U 6
15 0 L 14
16 0 L -1
17 1 U 13
18 0 U 1
19 1 L 14
20 1 L 6
21 0 U 17
22 0 U 7
23 0 L 8
24 1 U -1
25 0 U -1
26 0 L 15
27 0 U 15
28 1 U 5
29 1 L -1
30 0 U 26
31 0 U 5
32 0 U -1
33 1 U 30
34 1 U 18
35 1 L 27
36 0 U 31
37 0 U 16
38 1 L 16
39 0 U 32
40 0 L 33
41 1 L 20
42 1 U 32
43 0 L 29
44
0 0 U -1
1 0 U -1
2 1 U 1
3 1 U 0
4 0 U -1
5 1 U 4
6 1 L 0
7 0 U 5
8 1 L 7
9 0 L 6
10 0 U 8
11 0 L 3
12 1 U 5
13 1 U -1
14 0 U 9
15 0 L 4
16 0 L -1
17 1 U 13
18 0 U 1
19 1 L 14
20 1 L 6
21 0 U 17
22 0 U 3
23 0 L 8
24 1 U -1
25 0 U -1
26 0 L 15
27 0 U 15
28 1 U 5
29 1 L -1
30 0 U 16
31 0 U 5
32 0 U -1
33 1 U 30
34 1 U 2
35 1 L 18
36 0 U 31
37 0 U 36
38 1 L 16
39 0 U 32
40 0 L 33
41 1 L 20
42 1 U 32
43 0 L 29
44
0 0 U -1
1 0 U -1
2 1 U 1
3 1 U 0
4 0 U -1
5 1 U 4
6 1 L 0
7 0 U 5
8 1 L 7
9 0 L 6
10 0 U 0
11 0 L 3
12 1 U 5
13 1 U -1
14 0 U 9
15 0 L 4
16 0 L -1
17 1 U 13
18 0 U 1
19 1 L 14
20 1 L 6
21 0 U 5
22 0 U 7
23 0 L 4
24 1 U -1
25 0 U -1
26 0 L 15
27 0 U 15
28 1 U 17
29 1 L -1
30 0 U 16
31 0 U 5
32 0 U -1
33 1 U 30
34 1 U 32
35 1 L 18
36 0 U 31
37 0 U 36
38 1 L 0
39 0 U 32
40 0 L 33
41 1 L 20
42 1 U 32
43 0 L 29
44
0 0 U -1
1 0 U -1
2 1 U 1
3 1 U 0
4 0 U -1
5 1 U 4
6 1 L 0
7 0 U 5
8 1 L 7
9 0 L 6
10 0 U 8
11 0 L 6
12 1 U 5
13 1 U -1
14 0 U 9
15 0 L 14
16 0 L -1
17 1 U 13
18 0 U 1
19 1 L 14
20 1 L 6
21 0 U 5
22 0 U 7
23 0 L 8
24 0 U -1
25 0 U -1
26 0 L 15
27 0 U 15
28 1 U 17
29 1 L -1
30 0 U 26
31 0 U 5
32 0 U -1
33 1 U 30
34 1 U 0
35 1 L 27
36 0 U 28
37 0 U 16
38 1 L 0
39 0 U 32
40 0 L 33
41 1 L 20
42 1 U 32
43 0 L 29
44
0 0 U -1
1 0 U -1
2 1 U 1
3 1 U 0
4 0 U -1
5 1 U 4
6 1 L 0
7 0 U 5
8 1 L 7
9 0 L 6
10 0 U 5
11 0 L 3
12 1 U 5
13 1 U -1
14 0 U 9
15 0 L 14
16 0 L -1
17 1 U 13
18 0 U 1
19 1 L 14
20 1 L 3
21 0 U 17
22 0 U 3
23 0 L 14
24 1 U -1
25 0 U -1
26 0 L 15
27 0 U 15
28 1 U 18
29 1 L -1
30 0 U 16
31 0 U 5
32 0 U -1
33 1 U 30
34 1 U 17
35 1 L 18
36 0 U 31
37 0 U 15
38 1 L 0
39 0 U 32
40 0 L 33
41 1 L 20
42 1 U 32
43 0 L 29
44
0 0 L -1
1 0 U -1
2 1 U 1
3 1 U 0
4 0 U -1
5 1 U 4
6 1 L 0
7 0 U 5
8 1 L 7
9 0 L 6
10 0 U 8
11 0 L 3
12 1 U 5
13 1 U -1
14 0 U 6
15 0 L 14
16 0 L -1
17 1 U 13
18 0 U 1
19 1 L 14
20 1 L 2
21 0 U 17
22 0 U 7
23 0 L 4
24 1 U -1
25 0 U -1
26 0 L 15
27 0 U 15
28 1 U 18
29 1 L -1
30 0 U 26
31 0 U 5
32 0 U -1
33 1 U 30
34 1 U 8
35 1 L 18
36 0 U 28
37 0 U 15
38 1 L 0
39 0 U 32
40 0 L 33
41 1 L 20
42 1 U 32
43 0 L 29
44
0 0 U -1
1 0 U -1
2 1 U 1
3 1 U 0
4 0 U -1
5 1 U 4
6 1 L 0
7 0 U 5
8 1 L 7
9 0 L 6
10 0 U 0
11 0 L 3
12 1 U 5
13 1 U -1
14 0 U 6
15 0 L 4
16 0 L -1
17 1 U 13
18 0 U 1
19 1 L 14
20 1 L 6
21 0 U 17
22 0 U 7
23 0 L 14
24 0 U -1
25 0 U -1
26 0 L 15
27 0 U 15
28 1 U 18
29 1 L -1
30 0 U 26
31 0 U 5
32 0 U -1
33 1 U 30
34 1 U 0
35 1 L 18
36 0 U 28
37 0 U 36
38 1 L 0
39 0 U 32
40 0 L 33
41 1 L 20
42 1 U 32
43 0 L 29
44
0 0 U -1
1 0 U -1
2 1 U 1
3 1 U 0
4 0 U -1
5 1 U 4
6 1 L 0
7 0 U 5
8 1 L 7
9 0 L 6
10 0 U 5
11 0 L 3
12 1 U 5
13 1 U -1
14 0 U 6
15 0 L 4
16 0 L -1
17 1 U 13
18 0 U 1
19 1 L 14
20 1 L 6
21 0 U 17
22 0 U 7
23 0 L 4
24 0 U -1
25 0 U -1
26 0 L 15
27 0 U 15
28 1 U 17
29 1 L -1
30 0 U 26
31 0 U 18
32 0 U -1
33 1 U 30
34 1 U 8
35 1 L 27
36 0 U 28
37 0 U 16
38 1 L 16
39 0 U 32
40 0 L 33
41 1 L 20
42 1 U 32
43 0 L 29
44
0 0 L -1
1 0 U -1
2 1 U 1
3 1 U 0
4 0 U -1
5 1 U 4
6 1 L 0
7 0 U 5
8 1 L 7
9 0 L 6
10 0 U 8
11 0 L 3
12 1 U 5
13 1 U -1
14 0 U 6
15 0 L 4
16 0 L -1
17 1 U 13
18 0 U 1
19 1 L 14
20 1 L 1
21 0 U 5
22 0 U 7
23 0 L 4
24 0 U -1
25 0 U -1
26 0 L 15
27 0 U 15
28 1 U 18
29 1 L -1
30 0 U 16
31 0 U 17
32 0 U -1
33 1 U 30
34 1 U 8
35 1 L 27
36 0 U 28
37 0 U 26
38 1 L 16
39 0 U 32
40 0 L 33
41 1 L 20
42 1 U 32
43 0 L 29
44
0 0 U -1
1 0 U -1
2 1 U 1
3 1 U 0
4 0 U -1
5 1 U 4
6 1 L 0
7 0 U 5
8 1 L 7
9 0 L 6
10 0 U 0
11 0 L 6
12 1 U 5
13 1 U -1
14 0 U 6
15 0 L 14
16 0 L -1
17 1 U 13
18 0 U 1
19 1 L 14
20 1 L 6
21 0 U 5
22 0 U 7
23 0 L 14
24 1 U -1
25 0 U -1
26 0 L 15
27 0 U 15
28 1 U 18
29 1 L -1
30 0 U 26
31 0 U 17
32 0 U -1
33 1 U 30
34 1 U 32
35 1 L 27
36 0 U 28
37 0 U 15
38 1 L 0
39 0 U 32
40 0 L 33
41 1 L 20
42 1 U 32
43 0 L 29
44
0 0 L -1
1 0 U -1
2 1 U 1
3 1 U 0
4 0 U -1
5 1 U 4
6 1 L 0
7 0 U 5
8 1 L 7
9 0 L 6
10 0 U 5
11 0 L 6
12 1 U 5
13 1 U -1
14 0 U 6
15 0 L 4
16 0 L -1
17 1 U 13
18 0 U 1
19 1 L 14
20 1 L 6
21 0 U 17
22 0 U 7
23 0 L 14
24 0 U -1
25 0 U -1
26 0 L 15
27 0 U 15
28 1 U 5
29 1 L -1
30 0 U 16
31 0 U 5
32 0 U -1
33 1 U 30
34 1 U 0
35 1 L 28
36 0 U 28
37 0 U 16
38 1 L 0
39 0 U 32
40 0 L 33
41 1 L 20
42 1 U 32
43 0 L 29
44
0 0 U -1
1 0 U -1
2 1 U 1
3 1 U 0
4 0 U -1
5 1 U 4
6 1 L 0
7 0 U 5
8 1 L 7
9 0 L 6
10 0 U 5
11 0 L 6
12 1 U 5
13 1 U -1
14 0 U 9
15 0 L 4
16 0 L -1
17 1 U 13
18 0 U 1
19 1 L 14
20 1 L 6
21 0 U 5
22 0 U 7
23 0 L 8
24 1 U -1
25 0 U -1
26 0 L 15
27 0 U 15
28 1 U 17
29 1 L -1
30 0 U 16
31 0 U 17
32 0 U -1
33 1 U 30
34 1 U 0
35 1 L 28
36 0 U 28
37 0 U 36
38 1 L 0
39 0 U 32
40 0 L 33
41 1 L 20
42 1 U 32
43 0 L 29
44
0 0 U -1
1 0 U -1
2 1 U 1
3 1 U 0
4 0 U -1
5 1 U 4
6 1 L 0
7 0 U 5
8 1 L 7
9 0 L 6
10 0 U 8
11 0 L 3
12 1 U 5
13 1 U -1
14 0 U 6
15 0 L 4
16 0 L -1
17 1 U 13
18 0 U 1
19 1 L 14
20 1 L 3
21 0 U 17
22 0 U 3
23 0 L 14
24 1 U -1
25 0 U -1
26 0 L 15
27 0 U 15
28 1 U 5
29 1 L -1
30 0 U 16
31 0 U 18
32 0 U -1
33 1 U 30
34 1 U 18
35 1 L 27
36 0 U 28
37 0 U 36
38 1 L 0
39 0 U 32
40 0 L 33
41 1 L 20
42 1 U 32
43 0 L 29
44
0 0 L -1
1 0 U -1
2 1 U 1
3 1 U 0
4 0 U -1
5 1 U 4
6 1 L 0
7 0 U 5
8 1 L 7
9 0 L 6
10 0 U 0
11 0 L 3
12 1 U 5
13 1 U -1
14 0 U 6
15 0 L 14
16 0 L -1
17 1 U 13
18 0 U 1
19 1 L 14
20 1 L 2
21 0 U 17
22 0 U 7
23 0 L 14
24 1 U -1
25 0 U -1
26 0 L 15
27 0 U 15
28 1 U 5
29 1 L -1
30 0 U 16
31 0 U 17
32 0 U -1
33 1 U 30
34 1 U 5
35 1 L 27
36 0 U 28
37 0 U 36
38 1 L 16
39 0 U 32
40 0 L 33
41 1 L 20
42 1 U 32
43 0 L 29
44
0 0 U -1
1 0 U -1
2 1 U 1
3 1 U 0
4 0 U -1
5 1 U 4
6 1 L 0
7 0 U 5
8 1 L 7
9 0 L 6
10 0 U 5
11 0 L 3
12 1 U 5
13 1 U -1
14 0 U 6
15 0 L 4
16 0 L -1
17 1 U 13
18 0 U 1
19 1 L 14
20 1 L 6
21 0 U 5
22 0 U 7
23 0 L 8
24 0 U 19
25 0 U -1
26 0 L 15
27 0 U 15
28 1 U 18
29 1 L -1
30 0 U 26
31 0 U 18
32 0 U -1
33 1 U 30
34 1 U 2
35 1 L 27
36 0 U 28
37 0 U 26
38 1 L 0
39 0 U 32
40 0 L 33
41 1 L 20
42 1 U 32
43 0 L 29
44
0 0 L -1
1 0 U -1
2 1 U 1
3 1 U 0
4 0 U -1
5 1 U 4
6 1 L 0
7 0 U 5
8 1 L 7
9 0 L 6
10 0 U 8
11 0 L 3
12 1 U 5
13 1 U -1
14 0 U 6
15 0 L 14
16 0 L -1
17 1 U 13
18 0 U 1
19 1 L 14
20 1 L 6
21 0 U 5
22 0 U 7
23 0 L 8
24 0 U 19
25 0 U -1
26 0 L 15
27 0 U 15
28 1 U 18
29 1 L -1
30 0 U 16
31 0 U 18
32 0 U -1
33 1 U 30
34 1 U 5
35 1 L 27
36 0 U 28
37 0 U 16
38 1 L 0
39 0 U 32
40 0 L 33
41 1 L 20
42 1 U 32
43 0 L 29
44
0 0 U -1
1 0 U -1
2 1 U 1
3 1 U 0
4 0 U -1
5 1 U 4
6 1 L 0
7 0 U 5
8 1 L 7
9 0 L 6
10 0 U 5
11 0 L 3
12 1 U 5
13 1 U -1
14 0 U 9
15 0 L 14
16 0 L -1
17 1 U 13
18 0 U 1
19 1 L 14
20 1 L 6
21 0 U 17
22 0 U 3
23 0 L 8
24 0 U 19
25 0 U -1
26 0 L 15
27 0 U 15
28 1 U 18
29 1 L -1
30 0 U 26
31 0 U 5
32 0 U -1
33 1 U 30
34 1 U 5
35 1 L 18
36 0 U 28
37 0 U 15
38 1 L 16
39 0 U 32
40 0 L 33
41 1 L 20
42 1 U 32
43 0 L 29
44
0 0 U -1
1 0 U -1
2 1 U 1
3 1 U 0
4 0 U -1
5 1 U 4
6 1 L 0
7 0 U 5
8 1 L 7
9 0 L 6
10 0 U 8
11 0 L 3
12 1 U 5
13 1 U -1
14 0 U 9
15 0 L 4
16 0 L -1
17 1 U 13
18 0 U 1
19 1 L 14
20 1 L 6
21 0 U 5
22 0 U 3
23 0 L 8
24 1 U -1
25 0 U -1
26 0 L 15
27 0 U 15
28 1 U 17
29 1 L -1
30 0 U 26
31 0 U 5
32 0 U -1
33 1 U 30
34 1 U 0
35 1 L 18
36 0 U 31
37 0 U 36
38 1 L 16
39 0 U 32
40 0 L 33
41 1 L 20
42 1 U 32
43 0 L 29
44
0 0 U -1
1 0 U -1
2 1 U 1
3 1 U 0
4 0 U -1
5 1 U 4
6 1 L 0
7 0 U 5
8 1 L 7
9 0 L 6
10 0 U 0
11 0 L 3
12 1 U 5
13 1 U -1
14 0 U 9
15 0 L 4
16 0 L -1
17 1 U 13
18 0 U 1
19 1 L 14
20 1 L 1
21 0 U 17
22 0 U 7
23 0 L 14
24 0 U -1
25 0 U -1
26 0 L 15
27 0 U 15
28 1 U 5
29 1 L -1
30 0 U 26
31 0 U 17
32 0 U -1
33 1 U 30
34 1 U 5
35 1 L 18
36 0 U 28
37 0 U 26
38 1 L 16
39 0 U 32
40 0 L 33
41 1 L 20
42 1 U 32
43 0 L 29
44
0 0 L -1
1 0 U -1
2 1 U 1
3 1 U 0
4 0 U -1
5 1 U 4
6 1 L 0
7 0 U 5
8 1 L 7
9 0 L 6
10 0 U 5
11 0 L 3
12 1 U 5
13 1 U -1
14 0 U 6
15 0 L 4
16 0 L -1
17 1 U 13
18 0 U 1
19 1 L 14
20 1 L 1
21 0 U 5
22 0 U 3
23 0 L 14
24 0 U -1
25 0 U -1
26 0 L 15
27 0 U 15
28 1 U 17
29 1 L -1
30 0 U 26
31 0 U 5
32 0 U -1
33 1 U 30
34 1 U 17
35 1 L 18
36 0 U 31
37 0 U 15
38 1 L 16
39 0 U 32
40 0 L 33
41 1 L 20
42 1 U 32
43 0 L 29
