30
0 0 U -1
1 0 U -1
2 0 U -1
3 0 U -1
4 0 U -1
5 0 U -1
6 0 U -1
7 0 U -1
8 0 U -1
9 0 U -1
10 0 U -1
11 0 U -1
12 0 U -1
13 0 U -1
14 0 U -1
15 0 U -1
16 0 U -1
17 0 U -1
18 0 U -1
19 0 U -1
20 0 U -1
21 0 U -1
22 0 U -1
23 0 U -1
24 0 U -1
25 0 U -1
26 0 U -1
27 0 U -1
28 0 U -1
29 0 U -1
30
0 0 U -1
1 1 L -1
2 0 U -1
3 0 U 0
4 0 U -1
5 1 L 4
6 1 L -1
7 1 U 1
8 1 U 3
9 0 L 1
10 1 L 9
11 0 U 5
12 1 U 11
13 0 U -1
14 0 U 7
15 0 U -1
16 0 L 7
17 1 U 15
18 1 U 3
19 1 L -1
20 1 L 12
21 1 L 16
22 1 U 3
23 0 L 20
24 1 L 20
25 0 U -1
26 0 U 11
27 1 U -1
28 1 U 25
29 1 L 25
30
0 0 L -1
1 0 L -1
2 0 U -1
3 0 U 2
4 0 U -1
5 1 L 4
6 1 L -1
7 1 U 1
8 1 U 3
9 0 L 6
10 1 L 2
11 0 U 5
12 1 L 10
13 0 U -1
14 0 U 8
15 0 U -1
16 1 L 7
17 1 U 3
18 0 U 1
19 1 L -1
20 1 L 13
21 1 L 16
22 1 U 15
23 0 L 20
24 1 L 20
25 0 U -1
26 1 U 11
27 1 U -1
28 1 U 25
29 1 L 25
30
0 0 U -1
1 0 L -1
2 0 U -1
3 0 U 0
4 0 U -1
5 1 L 4
6 1 L -1
7 1 U 1
8 1 U 3
9 0 U 8
10 1 L 9
11 0 U 5
12 1 L 8
13 0 U -1
14 0 U 12
15 0 U -1
16 1 L 7
17 0 U 15
18 1 U 3
19 1 L -1
20 1 L 14
21 0 L 16
22 0 U 20
23 0 L 17
24 0 L 20
25 0 U -1
26 0 U 11
27 1 U -1
28 1 U 3
29 1 L 23
30
0 0 U -1
1 1 L -1
2 0 U -1
3 0 U 2
4 0 L 3
5 1 L 4
6 1 L -1
7 1 U 1
8 1 U 3
9 0 U 8
10 0 L 3
11 0 U 5
12 1 L 5
13 0 U -1
14 0 U 6
15 0 U -1
16 0 L 7
17 1 U 15
18 0 U 3
19 1 L -1
20 0 U 7
21 0 L 4
22 1 U 15
23 0 L 15
24 0 L 20
25 0 U -1
26 1 U 11
27 1 U -1
28 1 U 3
29 1 L 23
30
0 0 L -1
1 1 L -1
2 0 U -1
3 0 U 0
4 0 L 3
5 1 L 4
6 1 L -1
7 1 U 1
8 1 U 3
9 0 U 8
10 1 L 9
11 0 U 5
12 1 L -1
13 0 U -1
14 1 L 8
15 0 U -1
16 0 L 7
17 1 U 3
18 0 U 15
19 1 L -1
20 0 L 13
21 0 L 16
22 0 U 1
23 1 L 20
24 0 L 20
25 0 U -1
26 1 U 11
27 1 U -1
28 1 U 27
29 1 L 22
30
0 0 U -1
1 1 L -1
2 0 U -1
3 0 U 2
4 0 L 3
5 1 L 4
6 1 L -1
7 1 U 1
8 1 U 3
9 0 U 8
10 0 L 2
11 0 U 5
12 0 L 8
13 0 U -1
14 0 L 10
15 0 U -1
16 1 L 7
17 0 U 1
18 0 U 1
19 1 L -1
20 0 U 6
21 1 L 16
22 1 U 1
23 0 L 17
24 1 L 17
25 0 U -1
26 0 U 11
27 1 U -1
28 1 U 15
29 1 L 24
30
0 0 L -1
1 1 L -1
2 0 U -1
3 0 U 0
4 0 L 3
5 1 L 4
6 1 L -1
7 1 U 1
8 1 U 3
9 0 U 8
10 1 L 9
11 0 U 5
12 0 L 8
13 0 U -1
14 0 L 4
15 0 U -1
16 0 L 7
17 1 U 1
18 0 U 3
19 1 L -1
20 0 U 12
21 0 L 16
22 0 U 3
23 1 L 20
24 0 L 20
25 0 U -1
26 0 U 11
27 1 U -1
28 1 U 3
29 1 L 22
30
0 0 U -1
1 1 L -1
2 0 U -1
3 0 U 2
4 0 L 3
5 1 L 4
6 1 L -1
7 1 U 1
8 1 U 3
9 0 U 8
10 0 L 9
11 0 U 5
12 0 L 5
13 0 U -1
14 0 L 10
15 0 U -1
16 1 L 7
17 1 U 15
18 0 U 15
19 1 L -1
20 0 L 11
21 1 L 16
22 1 U 3
23 0 L 20
24 1 L 15
25 0 U -1
26 0 U 11
27 1 U -1
28 1 U 27
29 1 L 23
30
0 0 U -1
1 1 L -1
2 0 U -1
3 0 U 2
4 0 L 3
5 1 L 4
6 1 L -1
7 1 U 1
8 1 U 3
9 0 U 8
10 0 L 2
11 0 U 5
12 0 L 5
13 0 U -1
14 0 L 10
15 0 U -1
16 0 L 7
17 1 U 15
18 1 U 15
19 1 L -1
20 0 U 7
21 0 L 16
22 0 U 1
23 0 L 20
24 0 L 20
25 0 U -1
26 0 U 11
27 1 U -1
28 1 U 3
29 1 L 22
30
0 0 L -1
1 1 L -1
2 0 U -1
3 0 U 2
4 0 L 3
5 1 L 4
6 1 L -1
7 1 U 1
8 1 U 3
9 0 U 8
10 0 L 9
11 0 U 5
12 1 L 5
13 0 U -1
14 0 L 10
15 0 U -1
16 0 L 7
17 1 U 15
18 0 U 15
19 1 L -1
20 0 U 12
21 1 L 10
22 0 U 3
23 1 L 20
24 0 L 20
25 0 U -1
26 0 U 11
27 1 U -1
28 1 U 25
29 1 L 25
30
0 0 L -1
1 1 L -1
2 0 U -1
3 0 U 2
4 0 L 3
5 1 L 4
6 1 L -1
7 1 U 1
8 1 U 3
9 0 U 8
10 1 L 9
11 0 U 5
12 0 L 5
13 0 U -1
14 0 L 10
15 0 U -1
16 0 L 7
17 1 U 3
18 0 U 1
19 1 L -1
20 1 U 12
21 0 L 16
22 0 U 15
23 0 L 20
24 0 L 20
25 0 U -1
26 0 U 11
27 1 U -1
28 1 U 27
29 1 L 25
30
0 0 U -1
1 1 L -1
2 0 U -1
3 0 U 2
4 0 L 3
5 1 L 4
6 1 L -1
7 1 U 1
8 1 U 3
9 0 U 8
10 0 L 2
11 0 U 5
12 0 L 5
13 0 U -1
14 0 L 10
15 0 U -1
16 0 L 7
17 1 U 15
18 1 U 15
19 1 L -1
20 0 U 6
21 1 L 16
22 1 U 15
23 0 L 15
24 0 L 15
25 0 U -1
26 1 U 11
27 1 U -1
28 1 U 15
29 1 L 22
30
0 0 U -1
1 1 L -1
2 0 U -1
3 0 U 2
4 0 L 3
5 1 L 4
6 1 L -1
7 1 U 1
8 1 U 3
9 0 U 8
10 0 L 9
11 0 U 5
12 1 L 5
13 0 U -1
14 0 L 10
15 0 U -1
16 1 L 7
17 1 U 1
18 0 U 15
19 1 L -1
20 0 U 8
21 1 L 16
22 0 U 15
23 0 L 20
24 0 L 20
25 0 U -1
26 1 U 11
27 1 U -1
28 1 U 27
29 1 L 23
30
0 0 L -1
1 1 L -1
2 0 U -1
3 0 U 2
4 0 L 3
5 1 L 4
6 1 L -1
7 1 U 1
8 1 U 3
9 0 U 8
10 0 L 9
11 0 U 5
12 1 L 5
13 0 U -1
14 0 L 4
15 0 U -1
16 1 L 7
17 1 U 3
18 0 U 1
19 1 L -1
20 0 L 12
21 1 L 16
22 1 U 3
23 1 L 20
24 0 L 20
25 0 U -1
26 0 U 11
27 1 U -1
28 1 U 25
29 1 L 22
30
0 0 U -1
1 1 L -1
2 0 U -1
3 0 U 2
4 0 L 3
5 1 L 4
6 1 L -1
7 1 U 1
8 1 U 3
9 0 U 8
10 1 L 9
11 0 U 5
12 0 L 5
13 0 U -1
14 0 L 10
15 0 U -1
16 0 L 7
17 1 U 15
18 1 U 15
19 1 L -1
20 1 U 17
21 0 L 10
22 0 U 1
23 0 L 20
24 0 L 20
25 0 U -1
26 0 U 11
27 1 U -1
28 1 U 15
29 1 L 25
30
0 0 L -1
1 1 L -1
2 0 U -1
3 0 U 0
4 0 L 3
5 1 L 4
6 1 L -1
7 1 U 1
8 1 U 3
9 0 U 8
10 0 L 3
11 0 U 5
12 1 L 5
13 0 U -1
14 0 L 10
15 0 U -1
16 1 L 7
17 1 U 15
18 1 U 1
19 1 L -1
20 0 L 12
21 1 L 16
22 0 U 15
23 0 L 20
24 1 L 15
25 0 U -1
26 1 U 11
27 1 U -1
28 1 U 3
29 1 L 23
30
0 0 U -1
1 1 L -1
2 0 U -1
3 0 U 2
4 0 L 3
5 1 L 4
6 1 L -1
7 1 U 1
8 1 U 3
9 0 U 8
10 0 L 2
11 0 U 5
12 0 L 8
13 0 U -1
14 0 L 10
15 0 U -1
16 0 L 7
17 1 U 15
18 1 U 1
19 1 L -1
20 0 U 17
21 1 L 10
22 1 U 1
23 0 L 15
24 1 L 15
25 0 U -1
26 0 U 11
27 1 U -1
28 1 U 27
29 1 L 22
30
0 0 L -1
1 1 L -1
2 0 U -1
3 0 U 2
4 0 L 3
5 1 L 4
6 1 L -1
7 1 U 1
8 1 U 3
9 0 U 8
10 0 L 9
11 0 U 5
12 1 L 8
13 0 U -1
14 0 L 10
15 0 U -1
16 0 L 7
17 1 U 1
18 0 U 15
19 1 L -1
20 1 U 8
21 1 L 10
22 0 U 3
23 0 L 15
24 1 L 15
25 0 U -1
26 1 U 11
27 1 U -1
28 1 U 25
29 1 L 25
30
0 0 U -1
1 1 L -1
2 0 U -1
3 0 U 2
4 0 L 3
5 1 L 4
6 1 L -1
7 1 U 1
8 1 U 3
9 0 U 8
10 0 L 9
11 0 U 5
12 1 L 8
13 0 U -1
14 0 L 10
15 0 U -1
16 0 L 7
17 1 U 1
18 0 U 3
19 1 L -1
20 0 L 14
21 1 L 10
22 1 U 15
23 0 L 20
24 0 L 15
25 0 U -1
26 1 U 11
27 1 U -1
28 1 U 3
29 1 L 23
30
0 0 U -1
1 1 L -1
2 0 U -1
3 0 U 2
4 0 L 3
5 1 L 4
6 1 L -1
7 1 U 1
8 1 U 3
9 0 U 8
10 0 L 2
11 0 U 5
12 0 L 5
13 0 U -1
14 0 L 10
15 0 U -1
16 1 L 7
17 1 U 1
18 1 U 1
19 1 L -1
20 0 U 8
21 1 L 16
22 0 U 3
23 0 L 20
24 0 L 15
25 0 U -1
26 1 U 11
27 1 U -1
28 1 U 15
29 1 L 23
30
0 0 U -1
1 1 L -1
2 0 U -1
3 0 U 2
4 0 L 3
5 1 L 4
6 1 L -1
7 1 U 1
8 1 U 3
9 0 U 8
10 0 L 3
11 0 U 5
12 0 L 5
13 0 U -1
14 0 L 10
15 0 U -1
16 1 L 7
17 1 U 1
18 1 U 3
19 1 L -1
20 0 L 11
21 1 L 16
22 1 U 15
23 0 L 20
24 0 L 20
25 0 U -1
26 1 U 11
27 1 U -1
28 1 U 15
29 1 L 25
30
0 0 U -1
1 1 L -1
2 0 U -1
3 0 U 0
4 0 L 3
5 1 L 4
6 1 L -1
7 1 U 1
8 1 U 3
9 0 U 8
10 0 L 3
11 0 U 5
12 1 L 5
13 0 U -1
14 0 L 10
15 0 U -1
16 1 L 7
17 1 U 3
18 1 U 1
19 1 L -1
20 0 U 17
21 1 L 16
22 1 U 3
23 0 L 15
24 1 L 15
25 0 U -1
26 0 U 11
27 1 U -1
28 1 U 27
29 1 L 24
30
0 0 L -1
1 1 L -1
2 0 U -1
3 0 U 2
4 0 L 3
5 1 L 4
6 1 L -1
7 1 U 1
8 1 U 3
9 0 U 8
10 0 L 2
11 0 U 5
12 0 L 8
13 0 U -1
14 0 L 10
15 0 U -1
16 1 L 7
17 1 U 15
18 0 U 15
19 1 L -1
20 0 U 12
21 1 L 16
22 0 U 1
23 0 L 15
24 1 L 20
25 0 U -1
26 0 U 11
27 1 U -1
28 1 U 27
29 1 L 25
30
0 0 U -1
1 1 L -1
2 0 U -1
3 0 U 2
4 0 L 3
5 1 L 4
6 1 L -1
7 1 U 1
8 1 U 3
9 0 U 8
10 0 L 3
11 0 U 5
12 0 L 8
13 0 U -1
14 0 L 10
15 0 U -1
16 1 L 7
17 1 U 15
18 1 U 3
19 1 L -1
20 0 U 6
21 1 L 16
22 1 U 15
23 1 L 20
24 0 L 15
25 0 U -1
26 0 U 11
27 1 U -1
28 1 U 25
29 1 L 25
30
0 0 U -1
1 1 L -1
2 0 U -1
3 0 U 2
4 0 L 3
5 1 L 4
6 1 L -1
7 1 U 1
8 1 U 3
9 0 U 8
10 0 L 3
11 0 U 5
12 0 L 5
13 0 U -1
14 0 L 10
15 0 U -1
16 1 L 7
17 1 U 1
18 0 U 3
19 1 L -1
20 0 L 13
21 1 L 16
22 0 U 3
23 0 L 15
24 1 L 20
25 0 U -1
26 0 U 11
27 1 U -1
28 1 U 27
29 1 L 23
30
0 0 L -1
1 1 L -1
2 0 U -1
3 0 U 2
4 0 L 3
5 1 L 4
6 1 L -1
7 1 U 1
8 1 U 3
9 0 U 8
10 1 L 2
11 0 U 5
12 0 L 5
13 0 U -1
14 0 L 10
15 0 U -1
16 1 L 7
17 1 U 15
18 1 U 1
19 1 L -1
20 0 L 13
21 1 L 16
22 1 U 1
23 0 L 20
24 1 L 15
25 0 U -1
26 1 U 11
27 1 U -1
28 1 U 25
29 1 L 25
30
0 0 U -1
1 1 L -1
2 0 U -1
3 0 U 2
4 0 L 3
5 1 L 4
6 1 L -1
7 1 U 1
8 1 U 3
9 0 U 8
10 1 L 3
11 0 U 5
12 1 L 5
13 0 U -1
14 0 L 10
15 0 U -1
16 1 L 7
17 1 U 15
18 0 U 15
19 1 L -1
20 0 U 6
21 1 L 16
22 1 U 15
23 0 L 15
24 0 L 15
25 0 U -1
26 1 U 11
27 1 U -1
28 1 U 3
29 1 L 25
