90
0 0 U -1
1 0 U -1
2 0 U -1
3 0 U -1
4 0 U -1
5 0 U -1
6 0 U -1
7 0 U -1
8 0 U -1
9 0 U -1
10 0 U -1
11 0 U -1
12 0 U -1
13 0 U -1
14 0 U -1
15 0 U -1
16 0 U -1
17 0 U -1
18 0 U -1
19 0 U -1
20 0 U -1
21 0 U -1
22 0 U -1
23 0 U -1
24 0 U -1
25 0 U -1
26 0 U -1
27 0 U -1
28 0 U -1
29 0 U -1
30 0 U -1
31 0 U -1
32 0 U -1
33 0 U -1
34 0 U -1
35 0 U -1
36 0 U -1
37 0 U -1
38 0 U -1
39 0 U -1
40 0 U -1
41 0 U -1
42 0 U -1
43 0 U -1
44 0 U -1
45 0 U -1
46 0 U -1
47 0 U -1
48 0 U -1
49 0 U -1
50 0 U -1
51 0 U -1
52 0 U -1
53 0 U -1
54 0 U -1
55 0 U -1
56 0 U -1
57 0 U -1
58 0 U -1
59 0 U -1
60 0 U -1
61 0 U -1
62 0 U -1
63 0 U -1
64 0 U -1
65 0 U -1
66 0 U -1
67 0 U -1
68 0 U -1
69 0 U -1
70 0 U -1
71 0 U -1
72 0 U -1
73 0 U -1
74 0 U -1
75 0 U -1
76 0 U -1
77 0 U -1
78 0 U -1
79 0 U -1
80 0 U -1
81 0 U -1
82 0 U -1
83 0 U -1
84 0 U -1
85 0 U -1
86 0 U -1
87 0 U -1
88 0 U -1
89 0 U -1
90
0 1 U -1
1 0 L -1
2 1 U -1
3 1 L 0
4 0 L -1
5 0 L 1
6 0 U 5
7 0 L -1
8 0 U -1
9 1 U 1
10 1 U 4
11 1 L -1
12 0 L 3
13 1 U -1
14 1 U 7
15 0 L -1
16 0 L -1
17 0 L 9
18 1 U 0
19 0 L 13
20 0 U 12
21 0 L 13
22 0 L -1
23 1 U 20
24 1 U 7
25 1 L 2
26 0 U -1
27 0 U 15
28 0 L 6
29 0 U -1
30 0 L 16
31 0 L 4
32 0 U 5
33 0 L 12
34 0 U 11
35 0 U -1
36 0 U -1
37 1 U 11
38 1 L 29
39 1 U 26
40 0 L 9
41 0 L -1
42 0 U -1
43 0 U 10
44 1 U -1
45 0 L 10
46 1 U 34
47 0 L -1
48 1 L 23
49 1 L 34
50 0 U 43
51 0 U 13
52 1 L 16
53 1 U 6
54 0 L 6
55 0 L 52
56 1 U 37
57 0 U 21
58 1 U 33
59 1 U 35
60 0 U -1
61 0 L 58
62 1 L 52
63 0 L 49
64 0 U 30
65 0 L 33
66 1 U 17
67 1 L 35
68 0 L 45
69 0 L -1
70 1 U 63
71 0 L -1
72 0 L -1
73 1 U -1
74 0 U 11
75 0 L 9
76 1 U 55
77 1 U 63
78 0 U 69
79 1 U 31
80 0 U 31
81 0 U 47
82 1 U 68
83 0 L 52
84 1 L 46
85 1 L 46
86 0 U 39
87 0 L 24
88 1 U -1
89 0 U 69
90
0 1 U -1
1 0 L -1
2 1 U -1
3 1 L 0
4 0 L -1
5 0 L 1
6 0 U 5
7 0 L -1
8 0 U -1
9 1 U 1
10 1 U 4
11 0 L -1
12 0 L 3
13 1 U -1
14 1 U 10
15 0 L -1
16 0 L -1
17 1 L 9
18 1 L 9
19 0 L -1
20 0 U 12
21 0 L 18
22 0 U -1
23 0 U 20
24 0 U 2
25 1 L 2
26 0 U -1
27 0 U 15
28 0 L 6
29 0 U -1
30 0 L 16
31 0 L 19
32 0 U 3
33 0 L 12
34 0 U 11
35 0 U 22
36 0 U 0
37 1 U 11
38 1 L 23
39 0 U 20
40 1 L 9
41 0 L -1
42 0 L 2
43 0 U 10
44 0 U -1
45 0 L 40
46 0 L 34
47 0 L -1
48 1 L 23
49 0 L 34
50 0 U 34
51 0 L 30
52 0 L 16
53 1 L 52
54 0 L 6
55 1 U 22
56 1 U 37
57 0 U 21
58 0 U 33
59 1 U 35
60 0 U 13
61 0 L 22
62 1 L 25
63 1 L 35
64 1 L 27
65 0 L 33
66 1 U 52
67 0 L 49
68 1 L 48
69 0 L -1
70 0 U 63
71 0 L 58
72 0 L -1
73 1 U 9
74 0 U 11
75 0 L 0
76 0 L 12
77 0 U 63
78 0 U 71
79 0 U 57
80 0 U 66
81 1 U 70
82 1 U 68
83 0 L 52
84 0 L 14
85 1 L 13
86 1 U 32
87 1 U 24
88 0 U -1
89 1 U 77
90
0 1 L -1
1 0 L -1
2 1 U -1
3 1 L 0
4 0 L -1
5 0 L 4
6 0 U 5
7 0 L -1
8 0 U -1
9 1 U 8
10 1 U 3
11 0 L -1
12 0 L 3
13 1 U -1
14 1 U 7
15 0 L -1
16 0 L -1
17 1 L -1
18 0 L 9
19 0 L -1
20 0 U 12
21 0 L 18
22 1 U -1
23 0 U 20
24 1 U 2
25 1 L 2
26 0 U -1
27 0 U 15
28 0 L 6
29 0 U -1
30 0 L 0
31 0 L 28
32 1 U 3
33 0 L 12
34 0 U 15
35 1 U 22
36 0 U 0
37 1 U 11
38 0 L 23
39 0 U 36
40 1 L 9
41 0 L -1
42 1 L 41
43 0 U 14
44 1 U -1
45 0 L 40
46 1 L 39
47 1 L -1
48 0 L 23
49 1 L 34
50 1 U 7
51 0 L 31
52 0 L 16
53 1 L 52
54 0 L 30
55 1 U 26
56 1 U 37
57 0 U 21
58 0 U 33
59 1 U 28
60 1 U 36
61 0 L 45
62 1 U 25
63 1 L 35
64 1 L 27
65 1 U 28
66 1 U 52
67 0 L 49
68 0 L 48
69 0 L -1
70 0 U 48
71 0 L 50
72 0 L -1
73 1 U 36
74 0 U 43
75 1 U 0
76 0 L 5
77 0 U 63
78 0 U 73
79 0 U 57
80 0 U 66
81 1 U 52
82 1 U 68
83 1 U 9
84 0 L 6
85 0 L 66
86 1 L 10
87 1 U 24
88 1 U -1
89 1 U 51
90
0 1 U -1
1 0 L -1
2 1 U -1
3 1 L 0
4 0 L -1
5 0 L 1
6 0 U 5
7 0 L -1
8 0 U -1
9 1 U 8
10 1 U 3
11 0 L -1
12 0 L 3
13 1 U -1
14 1 U 7
15 0 L -1
16 0 L -1
17 0 L -1
18 0 L 9
19 1 L -1
20 1 U 12
21 0 L 18
22 1 U -1
23 0 U 16
24 0 U 2
25 0 L 2
26 0 U -1
27 0 U 15
28 0 L 6
29 1 U 0
30 0 L 0
31 0 L 28
32 1 U 3
33 0 L 12
34 0 U 15
35 1 U 22
36 0 U 0
37 1 U 11
38 0 L 23
39 0 U 36
40 1 L 9
41 0 L -1
42 1 L 41
43 0 U 14
44 0 U -1
45 0 L 40
46 0 L 20
47 1 L -1
48 0 L 23
49 1 L 34
50 0 U 7
51 0 L 9
52 0 L 16
53 1 L 52
54 0 L 2
55 0 U 42
56 0 U 37
57 0 U 21
58 0 U 48
59 1 L 2
60 1 U 36
61 0 L 45
62 1 U 25
63 1 L 35
64 1 L 27
65 1 U 28
66 1 U 52
67 1 L 42
68 0 L 48
69 0 L -1
70 0 U 48
71 0 L 50
72 0 L -1
73 1 U 36
74 1 U 43
75 1 L 72
76 0 L 14
77 0 U 63
78 0 U 73
79 0 U 57
80 0 L 66
81 0 U 52
82 1 U 68
83 0 L 9
84 0 L 19
85 1 L 66
86 1 L 85
87 1 U 39
88 0 U -1
89 1 U 68
90
0 1 L -1
1 0 L -1
2 1 U -1
3 1 L 0
4 0 L -1
5 0 L 1
6 0 U 5
7 0 L -1
8 0 U -1
9 1 U 8
10 1 U 3
11 0 L -1
12 0 L 3
13 1 U -1
14 1 U 7
15 0 L -1
16 0 L -1
17 1 L 10
18 1 L 9
19 1 L -1
20 0 U 12
21 0 L 18
22 0 U -1
23 0 U 11
24 0 U 2
25 1 L 2
26 1 L 3
27 0 U 15
28 0 L 6
29 1 U 0
30 1 L 19
31 1 L 28
32 0 U 24
33 0 L 31
34 0 U 32
35 0 U 22
36 0 U 0
37 0 U 11
38 0 L 23
39 0 U 24
40 1 L 9
41 0 L -1
42 1 L 41
43 0 U 14
44 1 U -1
45 0 L 40
46 1 L 20
47 1 L -1
48 1 L 23
49 1 L 34
50 1 U 7
51 0 U 8
52 1 L 16
53 1 L 52
54 0 L 2
55 0 U 38
56 1 U 37
57 0 U 21
58 0 U 48
59 0 U 2
60 1 U 36
61 0 L 26
62 1 U 16
63 0 L 39
64 1 L 27
65 0 L 28
66 1 U 52
67 1 L 42
68 0 L 48
69 0 U -1
70 0 U 63
71 1 L 50
72 0 L -1
73 1 U 36
74 1 U 43
75 1 L 72
76 0 L 14
77 0 U 63
78 0 U 73
79 0 U 57
80 0 L 29
81 1 U 52
82 1 U 68
83 1 L 9
84 1 L 38
85 0 L 66
86 1 U 50
87 1 U 24
88 1 U -1
89 1 U 68
90
0 1 L -1
1 0 L -1
2 1 U -1
3 1 L 0
4 1 L -1
5 0 L -1
6 0 U 5
7 0 L -1
8 0 U -1
9 1 U 8
10 1 U 3
11 0 L -1
12 1 L 3
13 1 U -1
14 1 U 7
15 0 L -1
16 0 L -1
17 1 U 10
18 0 L 9
19 0 L -1
20 0 U 7
21 0 L 18
22 0 U -1
23 0 U 11
24 0 U 2
25 1 L 2
26 1 L 3
27 0 U 15
28 0 L 6
29 1 U 0
30 1 L 19
31 1 L 28
32 0 U 24
33 1 L 31
34 0 U 32
35 0 U 22
36 0 U 0
37 0 U 11
38 0 L 23
39 0 U 3
40 0 L 9
41 0 L -1
42 1 L 41
43 0 U 14
44 1 U -1
45 0 L 10
46 1 L 20
47 1 U -1
48 1 L 46
49 1 L 34
50 1 U 7
51 0 L 33
52 0 L 16
53 1 L 52
54 0 L 2
55 0 U 2
56 0 U 37
57 0 U 21
58 0 U 48
59 0 U 9
60 1 U 36
61 0 L 18
62 1 U 16
63 1 L 58
64 0 L -1
65 1 L 15
66 1 U 52
67 1 L 52
68 1 L 48
69 1 L -1
70 1 U 63
71 1 L 50
72 0 L -1
73 1 U 47
74 1 U 6
75 1 L 72
76 0 L 14
77 0 U 63
78 0 U 36
79 0 U 57
80 0 L 29
81 0 U 61
82 1 U 68
83 1 L 17
84 1 L 38
85 0 L 45
86 1 U 50
87 1 U 24
88 1 U -1
89 1 U 68
90
0 1 U -1
1 0 L -1
2 1 U -1
3 1 L 0
4 1 L -1
5 0 L -1
6 0 U 5
7 0 L 5
8 1 U -1
9 1 U 8
10 1 U 3
11 0 L -1
12 1 L 3
13 1 U -1
14 1 U 7
15 0 L -1
16 0 L -1
17 0 U 10
18 0 L 9
19 0 L -1
20 0 U 7
21 0 L 18
22 0 U -1
23 0 U 11
24 0 U 2
25 1 L 2
26 1 L 3
27 0 U 15
28 0 L 6
29 1 U 0
30 0 L 19
31 1 L 28
32 0 U 24
33 1 L 31
34 0 U 32
35 0 U 22
36 0 U 0
37 1 U 11
38 0 L 23
39 0 U 3
40 1 L 9
41 0 L -1
42 1 L 41
43 0 U 14
44 0 U -1
45 0 L 10
46 1 L 20
47 1 U -1
48 1 L 46
49 1 U 34
50 0 U 7
51 0 L 33
52 0 L 6
53 1 L 52
54 0 L 2
55 0 L 27
56 1 U 37
57 0 U 21
58 0 U 48
59 1 U 10
60 1 U 44
61 0 L 29
62 1 U 16
63 1 L 58
64 0 L -1
65 1 L 15
66 1 U 52
67 0 L 52
68 0 L 48
69 1 L -1
70 0 L 63
71 1 L 50
72 0 L -1
73 1 U 57
74 1 U 6
75 1 L 30
76 0 L 14
77 0 U 63
78 0 U 76
79 0 U 57
80 0 U 29
81 0 U 68
82 1 U 68
83 1 U 17
84 0 L 28
85 1 L 45
86 1 L 50
87 1 U 24
88 0 U -1
89 1 U 68
90
0 1 U -1
1 0 L -1
2 1 U -1
3 1 L 0
4 1 L -1
5 0 L -1
6 0 U 5
7 0 L 4
8 1 U -1
9 1 U 8
10 1 U 3
11 0 L -1
12 0 L 3
13 1 U -1
14 1 U 7
15 0 L -1
16 0 L -1
17 1 U 10
18 0 L 8
19 0 L -1
20 0 U 7
21 0 L 18
22 0 U -1
23 0 U 12
24 0 U 2
25 0 L 2
26 1 L 3
27 0 U 15
28 0 L 6
29 1 U 0
30 0 L 19
31 1 L 28
32 0 U 24
33 0 L 12
34 0 U 32
35 0 U 22
36 0 U 22
37 1 U 11
38 0 L 23
39 0 U 3
40 0 L 9
41 0 L -1
42 1 L 41
43 0 U 11
44 1 U -1
45 0 L 10
46 1 L 20
47 1 L -1
48 1 L 46
49 0 U 34
50 0 U 7
51 0 L 33
52 0 L 6
53 1 L 52
54 0 L 2
55 1 L 8
56 1 U 37
57 0 U 21
58 0 U 48
59 1 U 2
60 0 U 44
61 0 L 29
62 1 U 16
63 1 L 58
64 1 U -1
65 1 L 11
66 1 U 52
67 1 L 30
68 0 L 48
69 1 U -1
70 0 L 63
71 1 L 50
72 1 L -1
73 1 U 15
74 1 L 16
75 0 L 45
76 0 L 14
77 0 U 63
78 0 U 76
79 0 U 57
80 0 U 29
81 0 U 68
82 1 U 68
83 1 U 24
84 1 U 28
85 0 L 45
86 1 L 61
87 1 L 24
88 0 U -1
89 1 U 68
90
0 1 L -1
1 0 L -1
2 1 U -1
3 1 L 0
4 1 L -1
5 0 L -1
6 0 U 5
7 0 L 4
8 1 U -1
9 1 U 8
10 1 U 3
11 0 L -1
12 1 L 3
13 1 U -1
14 1 U 11
15 0 L -1
16 0 L -1
17 1 U 10
18 1 L 8
19 1 L -1
20 0 U 7
21 0 L 18
22 0 U -1
23 0 U 14
24 0 U 2
25 1 L 2
26 1 L 3
27 0 U 15
28 0 L 6
29 1 U 0
30 0 L 19
31 1 L 30
32 0 U 24
33 1 L 12
34 0 U 11
35 0 U 22
36 0 U 13
37 0 U 32
38 1 L 23
39 1 U 35
40 1 L 9
41 0 L -1
42 1 L 41
43 0 U 32
44 1 U -1
45 0 L 10
46 1 L 20
47 1 L -1
48 1 L 46
49 1 U 44
50 1 U 7
51 1 L 4
52 1 L 41
53 1 L 52
54 0 L 2
55 0 U 50
56 1 U 37
57 0 U 26
58 0 U 48
59 0 U 2
60 0 U 44
61 0 L 29
62 1 U 16
63 1 L 58
64 0 U -1
65 0 L 15
66 1 U 52
67 0 L 63
68 0 L 48
69 0 U -1
70 0 L 63
71 1 L 50
72 1 L -1
73 0 L 4
74 1 L 73
75 0 L 34
76 0 L 14
77 0 U 57
78 0 U 76
79 0 U 57
80 1 U 8
81 0 U 68
82 1 U 68
83 0 U 23
84 0 U 60
85 1 L 45
86 1 L 61
87 1 U 24
88 1 U -1
89 1 U 70
90
0 1 L -1
1 0 L -1
2 1 U -1
3 1 L 0
4 1 L -1
5 0 L -1
6 0 U 5
7 0 L 4
8 1 U -1
9 1 U 8
10 1 U 3
11 0 L -1
12 1 L 3
13 1 U -1
14 1 U 11
15 0 L -1
16 0 L -1
17 0 U 10
18 1 L 8
19 1 L -1
20 0 U 11
21 1 L 14
22 0 U -1
23 0 U 14
24 0 U 8
25 1 L 2
26 1 L 3
27 0 U 14
28 0 L 6
29 1 U 0
30 0 L 19
31 1 L 30
32 0 U 24
33 0 L 12
34 0 U 11
35 0 U 22
36 0 U 29
37 0 U 32
38 1 L 23
39 1 U 8
40 0 L -1
41 0 L -1
42 1 L 41
43 0 U 12
44 1 U -1
45 0 L 10
46 1 L 20
47 1 L -1
48 1 L 46
49 1 U 13
50 0 U 24
51 0 U 4
52 1 L 0
53 1 L 3
54 0 L 28
55 1 L 52
56 0 U 37
57 0 U 26
58 0 U 48
59 1 U 29
60 0 U 44
61 0 L 45
62 1 U 16
63 1 L 58
64 1 L 4
65 0 L 55
66 1 U 52
67 0 L 63
68 0 L 48
69 1 U -1
70 1 L 63
71 1 L 50
72 1 L -1
73 1 L 0
74 1 L 47
75 0 L 63
76 0 L 65
77 0 U 16
78 0 U 76
79 0 U 30
80 1 U 8
81 0 U 68
82 1 U 68
83 0 L 78
84 0 U 60
85 1 L 45
86 1 L 61
87 1 U 24
88 0 U -1
89 1 U 68
90
0 1 U -1
1 0 L -1
2 1 U -1
3 1 L 0
4 1 L -1
5 0 L 1
6 0 U 5
7 0 L 1
8 1 U -1
9 1 U 8
10 1 U 4
11 0 L -1
12 1 L 3
13 1 U -1
14 1 U 11
15 0 L -1
16 0 L -1
17 1 L 10
18 0 L 8
19 1 L -1
20 0 U 15
21 0 L 14
22 0 U -1
23 1 U 19
24 0 U 13
25 0 L 2
26 1 U 1
27 0 U 14
28 0 L 6
29 1 U 0
30 0 L 19
31 0 L 28
32 0 U 24
33 0 L 12
34 0 U 11
35 1 U 13
36 0 U 8
37 1 U 15
38 1 L 23
39 1 U 8
40 1 L -1
41 0 L -1
42 0 L 41
43 0 U 12
44 0 U -1
45 0 L 10
46 0 L 20
47 1 L -1
48 1 L 46
49 0 L 22
50 1 U 13
51 0 U 10
52 1 L 1
53 1 L 3
54 0 L 28
55 1 L 52
56 0 U 37
57 0 U 37
58 0 U 48
59 1 U 58
60 0 U 44
61 0 L 45
62 1 U 60
63 1 L 58
64 1 L 54
65 0 L 55
66 1 U 52
67 0 L 63
68 0 L 48
69 1 U 2
70 0 L 63
71 1 L -1
72 1 U -1
73 1 U 8
74 0 L 4
75 0 L 49
76 0 L 65
77 0 U 16
78 0 U 76
79 0 U 30
80 1 U 41
81 1 L 68
82 1 U 8
83 1 L 78
84 1 U 57
85 1 L 45
86 1 L 85
87 0 U 24
88 1 U -1
89 1 U 68
90
0 1 L -1
1 0 L -1
2 1 U -1
3 1 L 0
4 1 L -1
5 0 L 4
6 0 U 5
7 0 L 1
8 1 U -1
9 1 U 8
10 1 U 3
11 0 L -1
12 1 L 5
13 1 U -1
14 1 U 11
15 0 L -1
16 0 L -1
17 1 L 10
18 0 L 8
19 1 L -1
20 0 U 14
21 0 L 9
22 0 U -1
23 0 U 19
24 0 U 13
25 1 L 2
26 1 U 11
27 1 U 14
28 0 L 6
29 1 U 0
30 0 L 19
31 0 L 28
32 0 U 24
33 0 L 12
34 0 U 11
35 1 U 13
36 0 U 9
37 1 U 15
38 1 L 23
39 1 U 8
40 0 L -1
41 0 L -1
42 0 L 7
43 0 U 12
44 0 U -1
45 0 L 10
46 0 L 20
47 1 L -1
48 1 L 46
49 1 L 22
50 1 U 36
51 0 U 16
52 1 L 1
53 1 L 28
54 0 L 41
55 1 L 52
56 1 U 37
57 0 U 20
58 0 U 48
59 0 U 56
60 0 U 44
61 0 L 21
62 1 U 60
63 0 L 58
64 0 L 55
65 1 L 55
66 1 U 52
67 0 L 20
68 0 L 48
69 1 U 2
70 1 L 63
71 0 L -1
72 0 U -1
73 0 U 8
74 0 L 4
75 0 L 49
76 0 L 12
77 0 U 16
78 0 U 76
79 0 U 21
80 1 U 41
81 1 L 68
82 1 U 8
83 0 L 33
84 0 L 57
85 1 L 45
86 1 L 85
87 0 U 24
88 0 U -1
89 0 U 66
90
0 1 L -1
1 0 L -1
2 1 U -1
3 1 L 0
4 1 L -1
5 0 L 4
6 0 U 5
7 0 L 1
8 1 U -1
9 1 U 8
10 1 U 3
11 0 L -1
12 1 L 5
13 1 U -1
14 1 U 11
15 0 L -1
16 0 L -1
17 1 L 10
18 0 L 8
19 1 L -1
20 0 U 14
21 0 L 9
22 0 U -1
23 0 U 19
24 0 U 2
25 1 L 2
26 1 U 11
27 1 U 14
28 0 L 6
29 1 U 0
30 0 L 19
31 0 L 28
32 0 U 24
33 0 L 12
34 0 U 11
35 1 U 29
36 0 U 9
37 1 U 15
38 1 L 23
39 1 U 13
40 0 L -1
41 0 L -1
42 0 L 7
43 0 U 12
44 0 U -1
45 0 L 10
46 0 L 20
47 1 L -1
48 0 L 46
49 1 L 22
50 1 L 36
51 0 U 16
52 1 L 1
53 1 L 3
54 0 L 41
55 0 L 52
56 1 U 37
57 0 U 20
58 0 U 48
59 0 L 56
60 0 U 44
61 0 U 21
62 1 U 60
63 1 L 58
64 0 L 55
65 1 L 10
66 1 U 52
67 1 L 65
68 0 L 48
69 1 U 2
70 1 L 63
71 0 L -1
72 1 U -1
73 0 U 5
74 0 L 4
75 0 U 49
76 0 L 42
77 0 U 16
78 0 U 76
79 1 U 21
80 1 U 41
81 1 L 68
82 1 U 8
83 1 L 33
84 1 L 57
85 0 L 45
86 1 L 85
87 0 U 4
88 1 U -1
89 0 U 66
90
0 1 U -1
1 0 L -1
2 1 U -1
3 1 L 0
4 1 L -1
5 0 L 4
6 0 U 5
7 0 L 1
8 1 U -1
9 1 U 8
10 1 U 3
11 0 L -1
12 1 L 5
13 1 U -1
14 1 U 11
15 0 L -1
16 0 L -1
17 0 U 6
18 0 L 9
19 1 L -1
20 0 U 14
21 0 L 9
22 1 U -1
23 0 U 1
24 0 U 8
25 0 L 2
26 0 U 22
27 1 U 14
28 0 L 6
29 1 U 0
30 0 L 19
31 1 L 28
32 0 U 24
33 0 L 12
34 0 U 10
35 1 U 29
36 0 U 9
37 1 U 15
38 1 L 23
39 0 U 35
40 0 L -1
41 0 L -1
42 0 L 7
43 0 U 12
44 0 U -1
45 0 L 10
46 0 L 20
47 1 L -1
48 0 L 46
49 0 L 29
50 1 L 29
51 0 U 16
52 1 L 15
53 1 L 25
54 0 L 28
55 1 U 24
56 1 U 37
57 0 U 20
58 0 U 48
59 0 L 56
60 0 U 44
61 0 U 21
62 1 U 60
63 1 L 58
64 1 L 15
65 0 U 10
66 1 U 52
67 1 L 51
68 0 L 48
69 1 U 2
70 1 L 63
71 1 L -1
72 1 U -1
73 1 U 10
74 1 L 4
75 0 U 49
76 0 L 42
77 0 U 16
78 0 U 76
79 1 U 75
80 1 U 41
81 1 L 68
82 0 U 8
83 0 L 24
84 1 L 57
85 1 L 45
86 1 L 85
87 1 U 5
88 0 U -1
89 0 U 66
90
0 1 U -1
1 0 L -1
2 1 U -1
3 1 L 0
4 1 L -1
5 0 L 4
6 0 U 5
7 0 L 4
8 1 U -1
9 1 U 8
10 1 U 3
11 0 L -1
12 1 L 5
13 1 U -1
14 1 U 11
15 0 L -1
16 0 L -1
17 1 U 6
18 1 L 9
19 1 L -1
20 0 U 14
21 0 L 9
22 1 U -1
23 0 U 1
24 0 U 8
25 0 L 2
26 0 U 22
27 1 U 14
28 0 L 6
29 1 U 0
30 0 L 19
31 1 L 28
32 0 U 24
33 0 L 12
34 0 U 17
35 1 U 29
36 0 U 6
37 1 U 15
38 1 L 24
39 0 U 35
40 0 L -1
41 0 L -1
42 0 L 7
43 0 U 12
44 0 U -1
45 0 L 10
46 0 L 20
47 1 L -1
48 0 L 46
49 1 L 29
50 1 U 42
51 0 U 43
52 1 L 0
53 1 L 12
54 1 L 28
55 0 L 1
56 1 U 37
57 0 U 20
58 0 U 45
59 1 L 54
60 0 U 44
61 0 U 21
62 1 U 60
63 1 L 58
64 1 L 0
65 1 L 10
66 1 U 52
67 1 L 51
68 0 L 48
69 0 U 2
70 1 L 63
71 0 L 1
72 1 U -1
73 0 U 10
74 1 U 4
75 0 U 49
76 0 L 42
77 0 U 16
78 0 U 76
79 1 U 75
80 1 U 33
81 0 L 68
82 0 U 8
83 1 L 70
84 1 L 57
85 1 L 45
86 1 L 85
87 1 U 5
88 0 U -1
89 0 U 66
90
0 1 U -1
1 0 L -1
2 1 U -1
3 1 L 0
4 1 L -1
5 0 L 4
6 0 U 5
7 0 L 4
8 1 U -1
9 1 U 8
10 1 U 3
11 0 L -1
12 1 L 5
13 1 U -1
14 1 U 11
15 0 L -1
16 0 L -1
17 1 U 6
18 1 L 9
19 1 L -1
20 0 U 14
21 0 L 9
22 1 U -1
23 0 U -1
24 0 U 8
25 0 L 2
26 1 U 22
27 0 U 15
28 0 L 0
29 1 U 0
30 1 L 4
31 1 L 2
32 0 U 24
33 0 L 12
34 0 U 11
35 1 U 29
36 1 U 6
37 1 U 15
38 1 L 24
39 0 U 35
40 0 L -1
41 0 L -1
42 0 L 7
43 0 U 12
44 0 U -1
45 0 L 33
46 0 L 20
47 0 L -1
48 0 L 46
49 0 L 29
50 0 U 15
51 0 U 16
52 1 L 6
53 1 L 12
54 1 L 28
55 0 U 40
56 1 U 37
57 0 U 20
58 0 U 45
59 0 L 20
60 0 U 44
61 0 U 21
62 1 U 60
63 1 L 58
64 0 L 59
65 0 L 0
66 1 U 52
67 1 L 51
68 0 L 48
69 0 U 2
70 0 L 63
71 1 L 1
72 1 U -1
73 1 U 10
74 1 U 4
75 0 U 49
76 0 L 42
77 0 U 16
78 0 U 76
79 1 U 75
80 1 U 33
81 1 L 68
82 0 U 8
83 1 L 57
84 1 L 10
85 0 L 45
86 1 L 85
87 0 U 5
88 1 U -1
89 0 U 66
90
0 1 U -1
1 0 L -1
2 1 U -1
3 1 L 0
4 1 L -1
5 0 L 4
6 0 U 5
7 0 L 1
8 1 U -1
9 1 U 8
10 1 U 3
11 0 L -1
12 1 L 3
13 1 U -1
14 1 U 11
15 0 L -1
16 0 L -1
17 1 U 6
18 0 L 9
19 1 L -1
20 0 U 14
21 0 L 9
22 1 U -1
23 1 U -1
24 0 U 8
25 0 L 2
26 0 U 22
27 0 U 15
28 0 L 6
29 1 U 0
30 1 L 4
31 1 L 2
32 0 U 24
33 0 L 12
34 0 U 11
35 0 U 29
36 1 U 6
37 1 U 15
38 1 L 24
39 0 U -1
40 0 L -1
41 0 L -1
42 0 L 7
43 0 U 12
44 0 U -1
45 0 L 33
46 1 L 20
47 0 L -1
48 0 L 46
49 0 L 29
50 0 U 8
51 0 U 16
52 1 L 6
53 1 L 12
54 1 L 28
55 0 U 40
56 1 U 37
57 0 U 51
58 0 U 48
59 0 L 20
60 0 U 44
61 0 U 56
62 1 U 60
63 1 L 58
64 0 L 59
65 0 L 0
66 1 U 52
67 1 L 51
68 0 L 64
69 0 U 2
70 0 L 63
71 1 L 1
72 1 U -1
73 1 U 10
74 1 U 4
75 0 U 49
76 0 L 42
77 0 U 27
78 0 U 76
79 0 U 75
80 1 U 33
81 1 L 68
82 1 U 8
83 1 L 72
84 1 L 22
85 0 L 45
86 1 L 85
87 0 U 74
88 1 U -1
89 0 U 66
90
0 1 U -1
1 0 L -1
2 1 U -1
3 1 L 0
4 1 L -1
5 0 L 4
6 0 U 5
7 0 L 4
8 1 U -1
9 1 U 8
10 1 U 3
11 0 L -1
12 1 L 3
13 1 U -1
14 1 U 11
15 0 L -1
16 0 L -1
17 1 U 6
18 0 L 9
19 1 L -1
20 0 U 14
21 0 L 9
22 1 U -1
23 1 U -1
24 0 U 8
25 0 L 2
26 0 U 22
27 1 U 15
28 0 L 6
29 1 U 0
30 0 L 0
31 1 L 2
32 0 U 24
33 0 L 25
34 0 U 11
35 0 U 29
36 1 U 7
37 0 U 15
38 1 L 24
39 0 U -1
40 0 L -1
41 0 L -1
42 0 L 7
43 0 U 12
44 0 U -1
45 0 L 33
46 1 L 20
47 0 L -1
48 0 L 46
49 1 L 29
50 1 U 8
51 0 U 16
52 1 L 19
53 1 L 12
54 1 L 28
55 1 L 34
56 1 U 37
57 0 U 51
58 0 U 48
59 0 L 20
60 0 U 44
61 0 U 40
62 1 U 60
63 1 L 58
64 0 L 59
65 0 L 0
66 1 U 52
67 0 L 51
68 0 L 64
69 0 U 2
70 0 L 63
71 0 L 2
72 1 U -1
73 1 U 10
74 1 U 4
75 0 U 67
76 0 L 42
77 0 U 37
78 0 U 76
79 1 U 40
80 1 U 33
81 1 L 68
82 0 U 8
83 0 L 70
84 1 L 22
85 1 L 26
86 1 L 85
87 1 U 35
88 1 U -1
89 0 U 66
90
0 1 U -1
1 0 L -1
2 1 U -1
3 1 L 0
4 1 L -1
5 0 L 4
6 0 U 5
7 0 L 4
8 1 U -1
9 1 U 8
10 1 U 3
11 0 L -1
12 1 L 3
13 1 U -1
14 1 U 11
15 0 L -1
16 0 L -1
17 0 U 2
18 0 L 8
19 1 L -1
20 0 U 14
21 0 L 9
22 1 U -1
23 0 U 10
24 0 U 8
25 0 L 2
26 1 U 22
27 1 U 15
28 0 L 6
29 1 U 0
30 1 L 0
31 0 L 28
32 0 U 24
33 0 L 25
34 0 U 11
35 0 U 29
36 1 U 7
37 0 U 15
38 1 L 24
39 0 U -1
40 0 L -1
41 0 L -1
42 0 L 7
43 0 U 12
44 0 U -1
45 0 L 33
46 1 L 20
47 0 L -1
48 0 L 46
49 0 L 29
50 1 U 25
51 0 U 16
52 1 L 19
53 1 L 12
54 1 L 28
55 0 L 19
56 1 U 37
57 0 U 51
58 0 U 48
59 0 L 20
60 0 U 44
61 0 U 40
62 1 U 60
63 1 L 58
64 0 L 59
65 1 L 47
66 1 U 52
67 0 L 51
68 0 L 64
69 0 U 8
70 0 L 63
71 1 U 15
72 1 U -1
73 1 U 35
74 1 L 4
75 0 U 67
76 0 L 42
77 0 U 37
78 0 U 76
79 1 U 40
80 1 U 33
81 1 L 68
82 0 U 8
83 0 U 70
84 1 L 22
85 0 L 26
86 1 L -1
87 1 U 35
88 0 U -1
89 0 U 66
90
0 1 L -1
1 0 L -1
2 1 U -1
3 1 L 0
4 1 L -1
5 0 L 4
6 0 U 5
7 0 L 4
8 1 U -1
9 1 U 8
10 1 U 6
11 0 L -1
12 1 L 3
13 1 U -1
14 1 U 11
15 0 L -1
16 0 L -1
17 0 U 13
18 1 L 8
19 1 L -1
20 0 U 14
21 0 L 14
22 1 U -1
23 0 U 20
24 0 U 8
25 0 L 2
26 1 U 22
27 1 U 26
28 0 L 6
29 1 U 0
30 1 L 2
31 0 L 28
32 0 U 24
33 0 L 25
34 0 U 11
35 0 U 29
36 1 U 7
37 0 U 15
38 1 L 26
39 0 U -1
40 0 L 15
41 0 L -1
42 0 L 7
43 0 U 12
44 0 U -1
45 0 L 33
46 1 L 20
47 1 L -1
48 0 L 46
49 1 L 48
50 1 L 24
51 0 U 16
52 1 L 19
53 1 L 12
54 1 L 28
55 0 U 14
56 1 U 37
57 0 U 51
58 0 U 48
59 0 L 20
60 0 U 44
61 0 U 40
62 1 U 17
63 1 L 58
64 0 L 59
65 1 U 11
66 1 U 52
67 0 L 51
68 0 L 64
69 0 U 8
70 0 L 63
71 1 U 26
72 1 U -1
73 1 U 35
74 0 L 4
75 0 U 67
76 0 L 42
77 0 U 37
78 0 U 76
79 1 U 40
80 1 U 33
81 1 L 68
82 0 U 8
83 1 L 70
84 1 L 10
85 1 L 26
86 0 L -1
87 1 U 35
88 1 U -1
89 0 U 66
90
0 1 U -1
1 0 L -1
2 1 U -1
3 1 L 0
4 1 L -1
5 0 L 4
6 0 U 5
7 0 L 4
8 1 U -1
9 1 U 8
10 1 U 6
11 0 L -1
12 1 L 3
13 1 U -1
14 1 U 11
15 0 L -1
16 0 L -1
17 0 U 13
18 1 L 8
19 1 L -1
20 0 U 15
21 0 L 14
22 1 U -1
23 0 U 14
24 0 U 8
25 0 L 2
26 1 U 22
27 1 U 26
28 0 L 6
29 1 U 0
30 1 L 2
31 0 L 28
32 0 U 17
33 0 L 25
34 0 U 11
35 0 U 29
36 1 U 7
37 0 U 15
38 1 L 26
39 1 L -1
40 1 L 11
41 0 L -1
42 0 L 7
43 0 U 12
44 1 U -1
45 0 L 33
46 0 L 20
47 1 L -1
48 0 L 46
49 0 L 48
50 0 U 19
51 0 U 16
52 1 L 19
53 1 L 12
54 1 L 28
55 1 L 12
56 1 U 37
57 0 U 51
58 0 U 48
59 0 L 20
60 0 U 44
61 0 U 40
62 1 U 17
63 1 L 58
64 1 L 59
65 0 U 17
66 1 U 52
67 0 L 51
68 0 L 64
69 0 U 8
70 0 L 63
71 1 U 26
72 1 U -1
73 1 U 35
74 1 L 4
75 0 U 67
76 0 L 54
77 0 U 37
78 0 U 76
79 1 U 40
80 1 U 33
81 1 L 68
82 0 U 8
83 0 L 70
84 1 L 10
85 1 L 26
86 0 L -1
87 0 U 35
88 0 U -1
89 0 U 66
90
0 1 L -1
1 0 L -1
2 1 U -1
3 1 L 0
4 0 L -1
5 0 L 4
6 0 U 5
7 0 L 1
8 1 U -1
9 1 U 8
10 0 U 6
11 0 L -1
12 1 L 7
13 1 U -1
14 1 U 11
15 0 L -1
16 0 L -1
17 0 U 13
18 1 L 8
19 1 L -1
20 0 U 14
21 1 L 8
22 1 U -1
23 0 U 14
24 0 U 13
25 0 L 2
26 1 U 22
27 1 U 26
28 0 L 6
29 1 U 0
30 1 L 2
31 0 L 28
32 0 U 17
33 0 L 25
34 0 U 11
35 0 U 29
36 1 U 7
37 0 U 14
38 1 L 26
39 1 L -1
40 1 L 11
41 0 L -1
42 0 L 2
43 0 U -1
44 1 U -1
45 0 L 33
46 0 L 20
47 0 L -1
48 1 L 46
49 0 L 39
50 1 U 25
51 0 U 16
52 1 L 19
53 1 L 12
54 1 L 28
55 1 U 7
56 0 U 37
57 0 U 51
58 0 U 48
59 1 L 20
60 0 U 44
61 0 U 40
62 0 U 17
63 1 L 58
64 1 L 59
65 1 U 17
66 1 U 52
67 0 L 51
68 0 L 64
69 0 U 8
70 0 L 63
71 1 U 26
72 1 U -1
73 1 U 35
74 1 L 4
75 0 U 67
76 0 L 74
77 0 U 37
78 0 L 76
79 1 U 77
80 1 U 41
81 1 L 68
82 0 U 8
83 1 L 81
84 1 U 10
85 0 L 26
86 1 L -1
87 0 U 35
88 0 U -1
89 0 U 66
90
0 1 U -1
1 0 L -1
2 1 U -1
3 1 L 0
4 0 L -1
5 0 L 1
6 0 U 5
7 0 L 1
8 1 U -1
9 1 U 8
10 0 U 4
11 0 L -1
12 1 L 7
13 1 U -1
14 1 U 11
15 0 L -1
16 0 L -1
17 0 U 13
18 1 L 8
19 1 L -1
20 0 U 14
21 1 L 8
22 1 U -1
23 0 U 14
24 0 U -1
25 0 L 2
26 1 U 22
27 1 U 26
28 0 L 6
29 1 U 0
30 1 L 2
31 0 L 28
32 0 U 17
33 1 L 25
34 0 U 11
35 0 U 29
36 1 U 6
37 1 U 14
38 1 L 20
39 1 L -1
40 0 L 11
41 0 L -1
42 1 L 2
43 0 U -1
44 1 U -1
45 0 L 33
46 1 L 20
47 0 L -1
48 1 L 46
49 0 L 39
50 0 L 2
51 0 U 23
52 1 L 47
53 1 L 25
54 0 L 28
55 1 L 7
56 1 U 37
57 0 U 51
58 0 U 48
59 1 L 20
60 0 U 44
61 0 L 40
62 0 U 17
63 1 L 58
64 1 L 59
65 0 U 27
66 1 U 52
67 0 L 51
68 0 L 64
69 0 U 8
70 0 L 63
71 1 U 13
72 1 U -1
73 1 U 35
74 1 L 15
75 0 U 10
76 0 L 74
77 0 U 37
78 0 L 76
79 0 U 77
80 1 U 75
81 0 L 68
82 0 U 8
83 1 L 80
84 0 L 22
85 1 L 26
86 0 L 81
87 0 U 35
88 1 U -1
89 0 U 66
90
0 1 L -1
1 0 L -1
2 1 U -1
3 1 L 0
4 1 L -1
5 0 L 1
6 0 U 5
7 0 L 1
8 1 U -1
9 1 U 8
10 0 U 4
11 0 L -1
12 1 L 3
13 1 U -1
14 1 U 11
15 0 L -1
16 0 L -1
17 0 U 13
18 0 L 8
19 1 L -1
20 0 U 14
21 1 L 8
22 1 U -1
23 1 U 14
24 0 U -1
25 0 L 2
26 1 U 22
27 1 U 26
28 0 L 6
29 1 U 0
30 1 L 2
31 0 L 28
32 0 U 5
33 1 L 31
34 0 U 11
35 0 U 29
36 1 U 6
37 0 U 32
38 1 L 20
39 1 L -1
40 1 L 11
41 0 L -1
42 1 L 28
43 0 U -1
44 1 U -1
45 1 L 33
46 0 L 20
47 0 L -1
48 1 L 46
49 0 L 39
50 1 L 12
51 0 U 23
52 1 L 47
53 1 L 25
54 0 L 28
55 1 L 7
56 0 U 37
57 0 U 51
58 0 U 48
59 1 L 20
60 0 U 44
61 0 L 7
62 0 U 27
63 1 L 58
64 1 L 59
65 0 U 27
66 1 U 52
67 0 L 51
68 0 L 64
69 0 U 8
70 0 L 63
71 1 U 13
72 1 U -1
73 0 L 17
74 1 L 15
75 0 U 10
76 0 L 74
77 0 U 37
78 0 L 76
79 1 U 77
80 1 U 75
81 0 L 68
82 0 U 8
83 1 L 70
84 0 L 78
85 0 L 46
86 0 U 81
87 1 U 82
88 1 U -1
89 0 U 68
90
0 1 U -1
1 0 L -1
2 1 U -1
3 1 L 0
4 0 L -1
5 0 L 1
6 0 U 5
7 0 L 1
8 1 U -1
9 1 U 8
10 0 U 4
11 0 L -1
12 1 L 3
13 1 U -1
14 1 U 11
15 0 L -1
16 0 L -1
17 1 U 13
18 0 L 8
19 1 L -1
20 0 U 14
21 1 L 8
22 1 U -1
23 1 U 14
24 0 U -1
25 1 L 2
26 1 U 22
27 1 U 2
28 0 L 6
29 1 U 0
30 1 L 28
31 0 L 28
32 0 U 5
33 1 L 31
34 0 U 11
35 0 U 29
36 1 U 6
37 0 U 32
38 1 L 20
39 1 L -1
40 1 L 39
41 0 L -1
42 1 L 2
43 0 U -1
44 1 U -1
45 1 L 33
46 0 L 20
47 0 L -1
48 1 L 46
49 1 L 39
50 1 U 12
51 0 U 23
52 1 L 47
53 1 L 25
54 0 L 28
55 0 L 7
56 0 U 37
57 0 U 51
58 0 U 48
59 1 L 20
60 0 U 44
61 0 L 50
62 0 U 27
63 1 L 58
64 1 L 59
65 0 U 51
66 1 U 52
67 1 L 52
68 0 L 64
69 0 U 8
70 0 L 63
71 1 U 13
72 1 U -1
73 0 L 17
74 1 L 15
75 0 U 10
76 0 L 74
77 0 U 28
78 0 L 76
79 1 U 40
80 1 U 75
81 1 L 68
82 0 U 8
83 0 U 70
84 0 L 78
85 0 L 59
86 0 U 81
87 1 U 27
88 1 U -1
89 1 U 68
90
0 1 L -1
1 0 L -1
2 1 U -1
3 1 L 0
4 0 L -1
5 0 L 4
6 0 U 5
7 0 L 1
8 1 U -1
9 1 U 8
10 0 U 4
11 0 L -1
12 1 L 2
13 1 U -1
14 1 U 11
15 0 L -1
16 0 L -1
17 0 U 13
18 0 L 8
19 1 L -1
20 0 U 14
21 1 L 8
22 1 U -1
23 1 U 14
24 0 U -1
25 1 L 2
26 0 U 24
27 1 U 2
28 0 L 6
29 1 U 0
30 1 L 28
31 0 L 28
32 0 U 5
33 1 L 31
34 0 U 11
35 0 U 29
36 1 U 6
37 0 U 32
38 0 L 20
39 1 L -1
40 1 L 39
41 0 L -1
42 1 L 2
43 0 U -1
44 1 U -1
45 1 L 33
46 0 L 20
47 0 L -1
48 1 L 46
49 0 L 39
50 0 U 14
51 0 U 23
52 0 L 47
53 1 L 30
54 0 L 28
55 0 L 7
56 0 U 37
57 0 U 51
58 0 U 48
59 0 L 20
60 0 U 44
61 0 L 50
62 1 U 27
63 1 L 58
64 0 L 59
65 0 U 51
66 1 L 40
67 1 U 6
68 0 L 64
69 0 U 8
70 0 L 63
71 1 L 13
72 1 U -1
73 0 L 66
74 1 L 15
75 0 U 62
76 0 L 74
77 0 U 28
78 0 L 76
79 1 U 77
80 1 U 75
81 0 L 68
82 0 U 8
83 0 L 70
84 0 L 78
85 1 L 59
86 0 U 81
87 1 U 27
88 1 U -1
89 0 U 68
90
0 1 L -1
1 0 L -1
2 1 U -1
3 1 L 0
4 0 L -1
5 0 L 1
6 0 U 5
7 0 L 1
8 1 U -1
9 1 U 8
10 0 U 4
11 0 L -1
12 1 L 2
13 1 U -1
14 1 U 11
15 0 L -1
16 0 L -1
17 1 U 13
18 0 L 8
19 1 L -1
20 1 U 14
21 1 L 8
22 1 U -1
23 1 U 14
24 0 U -1
25 1 L 2
26 0 U 24
27 1 U 2
28 0 L 6
29 1 U 0
30 1 L 28
31 0 L 28
32 0 U 5
33 1 L 31
34 0 U 11
35 0 U 29
36 1 U 6
37 1 U 12
38 1 L 20
39 1 L -1
40 0 L 11
41 0 L -1
42 1 L 2
43 0 U -1
44 1 U -1
45 0 L 33
46 1 L 21
47 0 L -1
48 0 L 46
49 1 L 39
50 1 U 14
51 0 U 23
52 1 L 47
53 0 L 30
54 0 L 28
55 1 U 7
56 1 U 37
57 0 U 51
58 0 U 48
59 0 L 20
60 0 U 44
61 0 L 56
62 1 U 27
63 1 L 58
64 1 L 59
65 0 U 25
66 1 L 47
67 1 U 8
68 0 L 64
69 0 U 8
70 1 L 63
71 0 L 6
72 1 U -1
73 1 L 66
74 1 L 15
75 0 U 62
76 0 L 74
77 0 U 28
78 0 L 76
79 0 U 77
80 1 U 75
81 0 L 68
82 0 U 8
83 0 L 70
84 0 U 78
85 0 L 59
86 0 U 81
87 1 U 27
88 1 U -1
89 0 U 59
90
0 1 L -1
1 0 L -1
2 1 U -1
3 1 L 0
4 0 L -1
5 0 L 1
6 0 U 5
7 0 L 4
8 1 U -1
9 1 U 8
10 0 U 5
11 0 L -1
12 1 L 2
13 1 U -1
14 1 U 11
15 0 L -1
16 0 L -1
17 0 U 13
18 1 L 8
19 1 L -1
20 0 U 14
21 1 L 8
22 1 U -1
23 1 U 14
24 0 U -1
25 1 L 2
26 0 U 2
27 1 U 2
28 0 L 6
29 1 U 0
30 1 L 28
31 0 L 28
32 0 U 5
33 1 L 31
34 0 U 11
35 0 U 29
36 1 U 6
37 1 U 12
38 1 L 20
39 1 L -1
40 0 L 11
41 0 L -1
42 1 L 40
43 0 U -1
44 0 U -1
45 0 L 33
46 0 L 20
47 0 L -1
48 1 L 46
49 0 L 39
50 1 U 15
51 0 U 23
52 1 L 47
53 0 L 30
54 0 L 28
55 0 U 50
56 0 U 37
57 0 U 51
58 0 U 48
59 0 L 20
60 0 U 44
61 0 L 13
62 1 U 27
63 1 L 58
64 1 L 59
65 1 U 62
66 1 L 47
67 0 U 8
68 0 L 64
69 0 U 67
70 0 L 63
71 0 L 6
72 1 U -1
73 1 L 66
74 1 L 15
75 0 U 62
76 0 L 74
77 0 U 28
78 0 L 76
79 0 U 77
80 1 U 75
81 0 L 68
82 0 U 8
83 0 L 70
84 1 U 26
85 1 L 59
86 0 U 81
87 1 U 27
88 1 U -1
89 0 U 59
90
0 1 U -1
1 0 L -1
2 1 U -1
3 1 L 0
4 0 L -1
5 0 L 1
6 0 U 5
7 0 L 4
8 1 U -1
9 1 U 8
10 0 U 5
11 0 L -1
12 1 L 3
13 1 U -1
14 1 U 11
15 0 L -1
16 0 L -1
17 1 U 13
18 1 L 8
19 1 L -1
20 0 U 14
21 1 L 8
22 1 U 17
23 1 U 10
24 0 U -1
25 0 L 2
26 0 U 2
27 1 U 2
28 0 L 6
29 1 U 0
30 1 L 28
31 0 L 28
32 0 U 5
33 0 L 31
34 0 U 11
35 0 U 29
36 0 U 6
37 1 U 12
38 1 L 20
39 1 L -1
40 0 L 11
41 0 L -1
42 1 L 40
43 0 U -1
44 1 U -1
45 0 L 33
46 0 L 20
47 0 L -1
48 1 L 46
49 1 L 39
50 0 U 3
51 0 U 23
52 1 L 47
53 0 L 30
54 0 L 52
55 1 U 41
56 0 U 37
57 0 U 51
58 0 U 48
59 1 L 20
60 0 U 44
61 0 L 18
62 1 U 27
63 1 L 58
64 1 L 59
65 0 U 9
66 1 L 47
67 0 U 2
68 0 L 64
69 0 U 67
70 0 L 63
71 0 L 6
72 0 U -1
73 1 L 66
74 1 L 15
75 0 U 62
76 0 L 74
77 0 U 18
78 0 L 76
79 0 U 77
80 1 U 75
81 0 L 68
82 0 U 8
83 0 L 70
84 1 L 26
85 0 L 59
86 0 U 81
87 1 U 27
88 1 U -1
89 1 U 59
90
0 1 U -1
1 0 L -1
2 1 U -1
3 1 L 0
4 0 L -1
5 0 L 4
6 0 U 5
7 0 L 1
8 1 U -1
9 1 U 8
10 0 U 5
11 0 L -1
12 1 L 3
13 1 U -1
14 1 U 11
15 0 L -1
16 0 L -1
17 1 U 13
18 0 L 8
19 1 L -1
20 1 U 14
21 0 L 8
22 1 U 17
23 1 U 10
24 0 U -1
25 0 L 2
26 0 U 2
27 1 U 2
28 0 L 6
29 1 U 0
30 1 L 28
31 0 L 28
32 0 U 27
33 0 L 31
34 0 U 11
35 0 U 29
36 0 U 7
37 1 U 12
38 1 L 20
39 1 L -1
40 1 L 11
41 0 L -1
42 1 L 40
43 0 U -1
44 1 U -1
45 0 L 33
46 0 L 20
47 0 L -1
48 0 L 46
49 1 L 39
50 1 U 3
51 0 U 23
52 1 L 47
53 1 L 30
54 0 L 52
55 1 U 40
56 1 U 37
57 0 U 37
58 0 U 48
59 1 L 20
60 0 U 44
61 0 L 18
62 1 U 27
63 1 L 58
64 0 L 59
65 0 U 9
66 1 L 47
67 0 U 2
68 0 L 64
69 0 U 67
70 0 L 63
71 0 L 6
72 1 U -1
73 0 L 66
74 1 L 15
75 0 U 62
76 0 L 74
77 1 U 20
78 0 L 76
79 0 U 38
80 1 U 75
81 1 L 68
82 0 U 8
83 1 L 44
84 0 L 70
85 1 L 59
86 0 L 81
87 1 U 27
88 0 U -1
89 1 U 59
90
0 1 U -1
1 0 L -1
2 1 U -1
3 1 L 0
4 0 L -1
5 0 L 4
6 0 U 5
7 0 L 1
8 1 U -1
9 1 U 8
10 0 U 6
11 0 L -1
12 1 L 7
13 1 U -1
14 1 U 11
15 0 L -1
16 0 L -1
17 1 U 13
18 0 L 8
19 1 L -1
20 1 U 14
21 0 L 8
22 1 U 17
23 1 U 10
24 0 U -1
25 0 L 2
26 0 U 2
27 1 U 2
28 0 L 6
29 1 U 0
30 1 L 28
31 0 L 28
32 0 U 27
33 0 L 31
34 0 U 11
35 0 U 29
36 0 U 7
37 1 U 12
38 1 L 20
39 1 L -1
40 1 L 11
41 0 L -1
42 1 L 40
43 0 U -1
44 0 U -1
45 0 L 33
46 0 L 20
47 0 L -1
48 0 L 46
49 1 L 39
50 1 U 11
51 0 U 36
52 0 L 47
53 1 L 30
54 0 L 52
55 1 U 40
56 1 U 37
57 0 U 37
58 0 U 48
59 0 L 20
60 0 U 44
61 0 L 18
62 1 U 27
63 1 L 58
64 1 L 59
65 0 U 9
66 1 L 5
67 0 U 2
68 0 L 64
69 0 U 67
70 0 L 63
71 1 L 6
72 1 U -1
73 0 L 66
74 1 L 15
75 0 U 62
76 0 L 74
77 1 U 20
78 0 L 76
79 0 U 38
80 1 U 75
81 1 L 68
82 0 U 8
83 0 L 44
84 0 L 70
85 1 L 59
86 0 L 81
87 1 U 27
88 1 U -1
89 1 U 59
90
0 1 U -1
1 0 L -1
2 1 U -1
3 1 L 0
4 0 L -1
5 0 L 1
6 0 U 5
7 0 L 1
8 1 U -1
9 1 U 8
10 0 U 5
11 0 L -1
12 1 L 3
13 1 U -1
14 1 U 11
15 0 L -1
16 0 L -1
17 0 U 13
18 0 L 9
19 1 L -1
20 1 U 14
21 0 L 8
22 1 U 3
23 0 U 10
24 0 U -1
25 1 L 2
26 0 U 2
27 1 U 2
28 0 L 6
29 1 U 0
30 1 L 28
31 0 L 28
32 0 U 27
33 0 L 31
34 0 U 11
35 0 U 29
36 0 U 7
37 1 U 12
38 1 L 20
39 1 L -1
40 1 L 11
41 0 L -1
42 0 L 40
43 0 U -1
44 0 U -1
45 0 L 33
46 0 L 20
47 0 L -1
48 0 L 46
49 0 L 39
50 0 U 17
51 0 U 36
52 0 L 47
53 1 L 30
54 0 L 52
55 1 U 40
56 1 U 37
57 0 U 37
58 0 U 48
59 1 L 20
60 0 U 44
61 0 L 18
62 1 U 27
63 1 L 58
64 1 L 59
65 0 U 5
66 1 L 5
67 0 U 2
68 0 L 64
69 0 U 67
70 0 L 63
71 1 L 6
72 1 U -1
73 0 L 21
74 1 L 15
75 0 U 62
76 0 L 74
77 1 U 20
78 0 L 76
79 0 U 38
80 1 U 75
81 1 L 68
82 0 U 8
83 0 L 44
84 0 U 70
85 0 L 59
86 0 L 81
87 1 U 27
88 1 U -1
89 1 U 59
90
0 1 L -1
1 0 L -1
2 1 U -1
3 1 L 0
4 0 L -1
5 0 L 1
6 0 U 5
7 0 L 1
8 1 U -1
9 1 U 8
10 0 U 5
11 0 L -1
12 1 L 5
13 1 U -1
14 1 U 11
15 0 L -1
16 0 L -1
17 0 U 13
18 1 L 9
19 1 L -1
20 1 U 14
21 0 L 8
22 1 U 3
23 0 U 14
24 0 U -1
25 1 L 2
26 0 U 2
27 1 U 2
28 0 L 6
29 1 U 0
30 1 L 28
31 0 L 28
32 0 U 27
33 0 L 31
34 0 U 11
35 0 U 29
36 0 U 7
37 1 U 12
38 1 L 20
39 1 L -1
40 0 L 11
41 0 L -1
42 0 L 40
43 0 U -1
44 0 U -1
45 0 L 33
46 1 L 20
47 0 L -1
48 0 L 46
49 0 L 39
50 1 U 10
51 0 U 36
52 0 L 47
53 1 L 12
54 0 L 52
55 1 U 40
56 1 U 37
57 0 U 37
58 0 U 48
59 1 L 20
60 0 U 44
61 0 L 18
62 1 U 27
63 1 L 58
64 0 L 59
65 0 U 7
66 1 L 5
67 0 U 2
68 0 L 64
69 0 U 67
70 0 L 63
71 1 L 6
72 1 U -1
73 0 L 21
74 1 L 19
75 0 U 62
76 0 L 74
77 1 U 20
78 0 L 76
79 0 U 38
80 1 U 75
81 1 L 68
82 0 U 8
83 1 L 44
84 0 L 70
85 1 L 23
86 0 L 81
87 1 U 27
88 1 U -1
89 1 U 59
90
0 1 U -1
1 0 L -1
2 1 U -1
3 1 L 0
4 0 L -1
5 0 L 1
6 0 U 5
7 0 L 1
8 1 U -1
9 1 U 8
10 0 U 3
11 0 L -1
12 1 L 5
13 1 U -1
14 1 U 11
15 0 L 1
16 0 L -1
17 1 U 13
18 1 L 9
19 1 L -1
20 1 U 14
21 0 L 9
22 1 U 3
23 0 U 14
24 0 U -1
25 1 L 2
26 0 U 24
27 1 U 2
28 0 L 0
29 1 U 0
30 1 L 28
31 0 L 2
32 0 U 27
33 1 L 31
34 0 U 11
35 0 U 29
36 0 U 7
37 1 U 12
38 1 L 20
39 1 L -1
40 1 L 11
41 0 L -1
42 1 L 40
43 0 U -1
44 1 U -1
45 0 L 33
46 1 L 20
47 0 L -1
48 0 L 46
49 1 L 39
50 1 U 46
51 0 U 36
52 0 L 47
53 1 L 12
54 0 L 52
55 0 L 41
56 1 U 37
57 0 U 37
58 0 U 48
59 1 L 20
60 0 U 44
61 0 L 18
62 1 U 27
63 1 L 58
64 1 L 59
65 0 U 7
66 1 L 5
67 0 U 2
68 0 L 64
69 0 U 67
70 0 L 63
71 1 L 6
72 1 U -1
73 0 L 21
74 1 L 19
75 0 U 22
76 0 L 74
77 1 U 20
78 0 L 76
79 0 U 38
80 1 U 75
81 1 L 68
82 0 U 8
83 1 L 44
84 0 U 70
85 0 L 23
86 0 L 70
87 1 U 82
88 1 U -1
89 1 U 59
90
0 1 U -1
1 0 L -1
2 1 U -1
3 1 L 0
4 0 L -1
5 0 L 1
6 0 U 5
7 0 L 1
8 1 U -1
9 1 U 8
10 0 U 5
11 0 L -1
12 1 L 5
13 1 U -1
14 1 U 11
15 0 L 4
16 0 L -1
17 1 U 13
18 0 L 9
19 1 L -1
20 1 U 14
21 0 L 8
22 1 U 3
23 0 U 14
24 0 U -1
25 0 L 2
26 0 L 24
27 1 U 2
28 0 L 0
29 1 U 0
30 1 L 28
31 0 L 2
32 0 U 27
33 0 L 31
34 0 U 11
35 0 U 29
36 0 U 7
37 1 U 12
38 1 L 20
39 1 L -1
40 0 L 11
41 0 L -1
42 1 L 40
43 0 U -1
44 1 U -1
45 0 L 33
46 1 L 20
47 0 L -1
48 0 L 46
49 1 L 39
50 0 U 2
51 0 U 36
52 0 L 47
53 1 L 12
54 0 L 52
55 0 L 41
56 1 U 37
57 0 U 37
58 0 U 48
59 1 L 20
60 0 U 44
61 0 L 18
62 1 U 27
63 1 L 58
64 1 L 59
65 0 U 7
66 1 L 5
67 0 U 2
68 0 L 64
69 0 U 67
70 0 L 63
71 0 L 6
72 1 U -1
73 1 L 21
74 1 L -1
75 0 U 22
76 0 L 74
77 1 U 20
78 0 L 76
79 0 U 38
80 1 U 75
81 1 L 68
82 0 U 8
83 0 L 44
84 0 U 70
85 1 L 23
86 0 L 70
87 1 U 27
88 0 U -1
89 1 U 59
90
0 1 L -1
1 0 L -1
2 1 U -1
3 1 L 0
4 0 L -1
5 0 L 1
6 0 U 5
7 0 L 4
8 1 U -1
9 1 U 8
10 0 U 5
11 0 L -1
12 1 L 5
13 1 U -1
14 1 U 11
15 0 L 4
16 0 L -1
17 0 U 13
18 1 L 9
19 1 L -1
20 1 U 14
21 0 L 8
22 1 U 3
23 0 U 14
24 0 U -1
25 0 L 2
26 0 L 24
27 1 U 2
28 0 L 19
29 1 U 0
30 1 L 28
31 0 L 2
32 0 U 27
33 0 L 31
34 0 U 11
35 0 U 29
36 0 U 7
37 1 U 12
38 1 L 20
39 1 L -1
40 0 L 11
41 0 L -1
42 1 L 40
43 0 U -1
44 0 U -1
45 0 L 33
46 1 L 20
47 0 L -1
48 0 L 46
49 0 L 39
50 1 U 32
51 0 U 36
52 0 L 47
53 1 L 12
54 0 L 52
55 0 U 16
56 1 U 37
57 0 U 37
58 0 U 48
59 1 L 20
60 0 U 44
61 0 L 18
62 1 U 27
63 1 L 58
64 0 L 59
65 0 U 60
66 1 L 5
67 0 U 2
68 0 L 64
69 0 U 67
70 0 L 63
71 0 L 18
72 1 U -1
73 0 L 49
74 1 L -1
75 0 U 22
76 0 L 0
77 1 U 20
78 0 L 76
79 0 U 38
80 1 U 75
81 1 L 68
82 0 U 8
83 0 L 44
84 0 U 70
85 0 L 23
86 0 L 70
87 1 U 27
88 0 U -1
89 1 U 59
90
0 1 U -1
1 0 L -1
2 1 U -1
3 1 L 0
4 0 L -1
5 0 L 1
6 0 U 5
7 0 L 4
8 1 U -1
9 1 U 8
10 0 U 6
11 0 L -1
12 1 L 3
13 1 U -1
14 1 U 11
15 0 L 4
16 0 L -1
17 1 U 13
18 0 L 9
19 1 L -1
20 1 U 14
21 0 L 8
22 1 U 3
23 0 U 14
24 0 U -1
25 1 L 2
26 0 L 24
27 1 U 2
28 0 L 19
29 1 U 0
30 1 L 28
31 0 L 2
32 0 U 27
33 0 L 31
34 0 U 11
35 0 U 29
36 0 U 9
37 1 U 12
38 1 L 20
39 1 L -1
40 0 L 11
41 0 L -1
42 1 L 7
43 0 U -1
44 1 U -1
45 0 L 33
46 1 L 20
47 0 L -1
48 0 L 46
49 0 L 39
50 0 U 32
51 0 U 36
52 0 L 47
53 1 L 12
54 0 L 52
55 0 U 16
56 1 U 37
57 0 U 37
58 0 U 48
59 0 L 20
60 0 U 2
61 0 L 13
62 1 U 27
63 1 L 58
64 1 L 59
65 0 U 60
66 1 L 2
67 0 U 2
68 0 L 64
69 0 U 67
70 0 L 63
71 0 L 18
72 1 U -1
73 0 L 49
74 1 L -1
75 0 U 22
76 0 L 0
77 1 U 20
78 0 L 76
79 0 U 38
80 1 U 75
81 1 L 68
82 0 U 8
83 0 L 44
84 0 L 70
85 1 L 23
86 0 L 70
87 1 U 27
88 1 U -1
89 1 U 52
90
0 1 L -1
1 0 L -1
2 1 U -1
3 1 L 0
4 0 L -1
5 0 L 1
6 0 U 5
7 0 L 4
8 1 U -1
9 1 U 8
10 0 U 3
11 0 L -1
12 1 L 3
13 1 U -1
14 1 U 11
15 0 L 5
16 0 L -1
17 1 U 13
18 1 L 9
19 1 L -1
20 1 U 14
21 0 L 8
22 1 U 3
23 0 U 14
24 0 U -1
25 0 L 2
26 0 L 24
27 1 U 2
28 0 L 19
29 1 U 0
30 1 L 28
31 0 L 2
32 0 U 5
33 0 L 31
34 0 U 11
35 0 U 29
36 0 U 9
37 1 U 12
38 1 L 20
39 1 L -1
40 0 L 11
41 0 L -1
42 1 L 2
43 0 U -1
44 0 U -1
45 0 L 33
46 1 L 20
47 0 L -1
48 0 L 46
49 0 L 39
50 0 U 12
51 0 U 36
52 0 L 47
53 1 L 12
54 0 L 52
55 0 U 9
56 1 U 37
57 0 U 37
58 0 U 48
59 0 L 20
60 0 U 2
61 0 L 13
62 1 U 27
63 1 L 58
64 0 L 59
65 0 U 11
66 1 L 2
67 0 U 44
68 0 L 64
69 0 U 67
70 0 L 63
71 0 L 18
72 1 U -1
73 0 L 49
74 1 L -1
75 0 U 22
76 0 L 0
77 1 U 20
78 0 L 66
79 0 U 38
80 1 U 75
81 1 L 68
82 0 U 8
83 0 L 44
84 0 L 70
85 0 L 23
86 0 L 70
87 1 U 27
88 0 U -1
89 1 U 59
90
0 1 L -1
1 0 L -1
2 1 U -1
3 1 L 0
4 1 L -1
5 0 L 4
6 0 U 5
7 0 L 4
8 1 U -1
9 1 U 8
10 0 U 6
11 0 L -1
12 1 L 5
13 1 U -1
14 1 U 11
15 0 L 7
16 0 L -1
17 1 U 13
18 0 L 9
19 1 L -1
20 1 U 14
21 0 L 8
22 1 U 3
23 0 U 14
24 0 U -1
25 1 L 2
26 0 L 24
27 1 U 2
28 0 L 19
29 1 U 0
30 1 L 28
31 0 L 2
32 0 U 5
33 0 L 31
34 0 U 11
35 0 U 29
36 0 U 9
37 1 U 12
38 1 L 20
39 1 L -1
40 0 L 11
41 0 L -1
42 1 L 2
43 0 U -1
44 0 U -1
45 0 L 33
46 1 L 20
47 0 L -1
48 0 L 46
49 1 L 39
50 1 U 44
51 0 U 36
52 0 L 47
53 1 L 12
54 0 L 52
55 1 U 9
56 1 U 37
57 0 U 37
58 0 U 48
59 1 L 20
60 0 U 2
61 0 L 10
62 1 U 27
63 1 L 58
64 0 L 59
65 1 U 11
66 1 L 2
67 0 U 44
68 0 L 64
69 0 U 67
70 0 L 63
71 0 L 18
72 1 U -1
73 0 L 49
74 1 L -1
75 0 U 22
76 0 L 0
77 1 U 20
78 0 L 66
79 0 U 38
80 1 U 75
81 1 L 68
82 0 U 8
83 0 L 37
84 0 U 70
85 0 L 23
86 0 L 70
87 1 U 27
88 1 U -1
89 1 U 59
90
0 1 L -1
1 0 L -1
2 1 U -1
3 1 L 0
4 1 L -1
5 0 L 4
6 0 U 5
7 0 L 4
8 1 U -1
9 1 U 8
10 0 U 5
11 0 L -1
12 1 L 5
13 1 U -1
14 1 U 11
15 0 L 7
16 0 L -1
17 1 U 13
18 0 L 9
19 1 L -1
20 1 U 14
21 0 L 8
22 1 U 3
23 0 U 14
24 0 U -1
25 0 L 2
26 0 U 24
27 1 U 2
28 0 L 19
29 1 U 0
30 1 L 28
31 0 L 2
32 0 U 5
33 0 L 31
34 0 U 11
35 0 U 29
36 0 U 9
37 1 U 12
38 1 L 20
39 1 L -1
40 0 L 11
41 0 L -1
42 1 L 2
43 0 U -1
44 1 U -1
45 0 L 33
46 1 L 20
47 0 L -1
48 0 L 46
49 0 L 39
50 1 U 44
51 0 U 18
52 0 L 47
53 1 L 25
54 0 L 52
55 0 U 9
56 1 U 37
57 0 U 37
58 0 U 48
59 1 L 20
60 0 U 2
61 0 L 10
62 1 U 27
63 1 L 58
64 0 L 59
65 1 U 11
66 1 L 2
67 0 U 44
68 0 L 64
69 0 U 67
70 0 L 63
71 0 L 17
72 1 U -1
73 1 L 49
74 1 L -1
75 0 U 22
76 0 L 28
77 1 U 20
78 0 L 66
79 0 U 38
80 1 U 75
81 1 L 68
82 0 U 8
83 0 L 37
84 0 L 70
85 0 L 23
86 0 L 70
87 1 U 27
88 0 U -1
89 1 U 59
90
0 1 U -1
1 0 L -1
2 1 U -1
3 1 L 0
4 1 L -1
5 0 L 4
6 0 U 5
7 0 L 4
8 1 U -1
9 1 U 8
10 0 U 3
11 0 L -1
12 1 L 3
13 1 U -1
14 1 U 11
15 0 L 7
16 0 L -1
17 1 U 13
18 0 L 9
19 1 L -1
20 1 U 14
21 0 L 8
22 1 U 3
23 0 U 14
24 0 U -1
25 0 L 2
26 0 L 24
27 1 U 2
28 0 L 19
29 1 U 0
30 1 L 28
31 0 L 2
32 0 U 5
33 0 L 15
34 0 U 10
35 0 U 29
36 1 U 9
37 1 U 12
38 1 L 20
39 1 L -1
40 0 L 11
41 0 L -1
42 1 L 2
43 0 U -1
44 0 U -1
45 0 L 33
46 1 L 20
47 0 L -1
48 0 L 46
49 1 L 39
50 1 U 11
51 0 U 18
52 0 L 6
53 1 L 31
54 0 L 52
55 1 U 15
56 1 U 37
57 0 U 37
58 0 U 48
59 0 L 20
60 0 U 2
61 0 L 10
62 1 U 27
63 1 L 58
64 0 L 59
65 0 U 62
66 1 L 2
67 0 U 44
68 0 L 64
69 0 U 67
70 0 L 63
71 0 L 14
72 1 U -1
73 0 L 49
74 1 L -1
75 0 U 22
76 0 L 28
77 1 U 20
78 0 L 66
79 0 U 38
80 1 U 75
81 1 L 68
82 0 U 8
83 0 L 37
84 0 L 70
85 0 L 23
86 0 L 70
87 1 U 27
88 0 U -1
89 1 U 59
90
0 1 U -1
1 0 L -1
2 1 U -1
3 1 L 0
4 1 L -1
5 0 L 4
6 0 U 5
7 0 L 4
8 1 U -1
9 1 U 8
10 0 U 3
11 0 L -1
12 1 L 3
13 1 U -1
14 1 U 11
15 0 L 7
16 0 L -1
17 0 U 13
18 1 L 9
19 1 L -1
20 1 U 14
21 0 L 8
22 1 U 3
23 0 U 14
24 0 U -1
25 1 L 2
26 0 L 24
27 1 U 2
28 0 L 19
29 1 U 0
30 1 L 28
31 0 L 2
32 0 U 5
33 0 L 15
34 0 U 10
35 0 U 29
36 1 U 9
37 1 U 12
38 1 L 20
39 1 L -1
40 0 L 11
41 0 L -1
42 1 L 2
43 0 U -1
44 1 U -1
45 0 L 33
46 1 L 20
47 1 L -1
48 0 L 46
49 1 L 39
50 0 U 33
51 0 U 18
52 0 L 6
53 1 L 31
54 0 L 52
55 0 U 16
56 1 U 37
57 0 U 37
58 0 U 48
59 0 L 20
60 0 U 2
61 0 L 10
62 1 U 27
63 1 L 58
64 1 L 59
65 1 U 62
66 1 L 2
67 0 U 44
68 0 L 64
69 0 U 67
70 0 L 63
71 0 L 14
72 1 U -1
73 1 L 6
74 1 L -1
75 0 U 22
76 0 L 28
77 1 U 20
78 0 L 66
79 0 U 38
80 1 U 75
81 1 L 68
82 0 U 67
83 0 L 37
84 1 L 58
85 0 L 23
86 0 U 70
87 1 U 27
88 1 U -1
89 1 U 59
90
0 1 L -1
1 0 L -1
2 1 U -1
3 1 L 0
4 1 L -1
5 0 L 4
6 0 U 5
7 0 L 4
8 1 U -1
9 1 U 8
10 0 U 3
11 0 L -1
12 1 L 3
13 1 U -1
14 1 U 11
15 0 L 7
16 0 L -1
17 1 U 13
18 1 L 9
19 1 L -1
20 1 U 14
21 0 L 8
22 1 U 3
23 0 U 15
24 0 U -1
25 1 L 2
26 0 U 24
27 1 U 2
28 0 L 19
29 1 U 0
30 1 L 28
31 0 L 2
32 0 U 5
33 0 L 15
34 0 U 10
35 0 U 29
36 1 U 9
37 1 U 12
38 1 L 20
39 1 L -1
40 0 L 11
41 0 L -1
42 1 L 2
43 0 U -1
44 1 U -1
45 0 L 33
46 1 L 20
47 0 L -1
48 0 L 46
49 1 L 39
50 1 U 35
51 0 U 18
52 0 L 6
53 1 L 31
54 0 L 52
55 0 U 12
56 1 U 37
57 0 U 19
58 0 U 48
59 0 L 20
60 0 U 2
61 0 L 10
62 1 U 27
63 1 L 58
64 0 L 59
65 1 U 44
66 1 L 2
67 0 U 44
68 0 L 64
69 0 U 67
70 0 L 63
71 0 L 14
72 1 U -1
73 1 L 6
74 1 L -1
75 0 U 36
76 0 L 28
77 1 U 18
78 0 L 66
79 0 U 38
80 1 U 75
81 1 L 68
82 0 U 67
83 0 L 37
84 1 L 58
85 0 L 23
86 0 L 70
87 1 U 35
88 0 U -1
89 1 U 59
90
0 1 U -1
1 0 L -1
2 1 U -1
3 1 L 0
4 1 L -1
5 0 L 4
6 0 U 5
7 0 L 4
8 1 U -1
9 1 U 8
10 0 U 3
11 0 L -1
12 1 L 3
13 1 U -1
14 1 U 11
15 0 L 7
16 0 L -1
17 0 U 13
18 1 L 9
19 1 L -1
20 1 U 15
21 0 L 8
22 1 U 3
23 0 U 15
24 0 U -1
25 1 L 2
26 0 L 24
27 1 U 2
28 0 L 19
29 1 U 0
30 1 L 28
31 0 L 2
32 0 U 5
33 0 L 15
34 0 U 10
35 0 U 29
36 1 U 9
37 1 U 12
38 1 L 20
39 1 L -1
40 0 L 11
41 0 L -1
42 1 L 2
43 0 U -1
44 1 U -1
45 0 L 33
46 1 L 20
47 0 L -1
48 0 L 46
49 0 L 39
50 1 U 15
51 0 U 18
52 1 L 16
53 1 L 31
54 0 L 52
55 0 U 12
56 1 U 37
57 0 U 19
58 0 U 48
59 1 L 20
60 0 U 2
61 0 L 10
62 1 U 27
63 1 L 58
64 1 L 59
65 1 U 44
66 1 L 2
67 0 U 44
68 0 L 64
69 0 U 67
70 0 L 63
71 0 L 66
72 1 U -1
73 1 L 6
74 1 L -1
75 0 U 22
76 0 L 28
77 1 U 28
78 0 L 66
79 0 U 38
80 1 U 75
81 1 L 68
82 0 U 67
83 0 L 37
84 0 L 58
85 1 L 23
86 0 U 70
87 1 U 35
88 1 U -1
89 1 U 59
90
0 1 L -1
1 0 L -1
2 1 U -1
3 1 L 0
4 1 L -1
5 0 L 4
6 0 U 5
7 0 L 4
8 1 U -1
9 1 U 8
10 0 U 3
11 0 L -1
12 1 L 3
13 1 U -1
14 1 U 11
15 0 L 7
16 0 L -1
17 1 U 13
18 1 L 9
19 1 L -1
20 1 U 15
21 0 L 8
22 1 U 3
23 0 U 14
24 0 U -1
25 1 L 2
26 0 L 24
27 1 U 2
28 0 L 19
29 1 U 0
30 1 L 28
31 0 L 2
32 0 U 5
33 0 L 15
34 0 U 11
35 0 U 29
36 1 U 9
37 1 U 12
38 1 L 20
39 1 L -1
40 0 L 11
41 0 L -1
42 1 L 2
43 0 U -1
44 1 U -1
45 0 L 33
46 1 L 20
47 1 L -1
48 0 L 46
49 0 L 39
50 1 U 35
51 0 U 18
52 1 L 1
53 1 L 31
54 0 L 52
55 0 U 12
56 1 U 37
57 0 U 19
58 0 U 48
59 1 L 20
60 0 U 2
61 0 L 10
62 1 U 27
63 1 L 58
64 1 L 59
65 1 U 44
66 1 L 2
67 0 U 44
68 0 L 64
69 0 U 67
70 0 L 63
71 0 L 66
72 1 U -1
73 1 L 6
74 1 L -1
75 0 U 10
76 0 L 28
77 1 U 28
78 0 L 66
79 0 U 38
80 1 U 75
81 1 L 68
82 0 U 67
83 0 L 37
84 0 L 58
85 1 L 23
86 1 L 70
87 1 U 35
88 0 U -1
89 1 U 59
90
0 1 L -1
1 0 L -1
2 1 U -1
3 1 L 0
4 1 L -1
5 0 L 4
6 0 U 5
7 0 L 4
8 1 U -1
9 1 U 8
10 0 U 3
11 0 L -1
12 1 L 5
13 1 U -1
14 1 U 11
15 0 L 7
16 0 L -1
17 1 U 13
18 1 L 9
19 1 L -1
20 1 U 15
21 0 L 8
22 1 U 3
23 0 U 14
24 0 U -1
25 0 L 2
26 0 L 24
27 1 U 2
28 0 L 19
29 1 U 0
30 1 L 28
31 0 L 2
32 0 U 5
33 0 L 15
34 0 U 11
35 0 U 29
36 0 U 9
37 1 U 12
38 1 L 20
39 1 L -1
40 0 L 11
41 0 L -1
42 1 L 2
43 0 U -1
44 1 U -1
45 0 L 33
46 1 L 20
47 0 L -1
48 0 L 46
49 1 L 39
50 1 L 16
51 0 U 18
52 1 L 1
53 1 L 42
54 0 L 52
55 1 U 35
56 1 U 37
57 0 U 19
58 0 U 48
59 0 L 20
60 0 U 2
61 0 L 10
62 0 U 27
63 1 L 58
64 1 L 59
65 1 U 44
66 1 L 2
67 0 U 44
68 0 L 64
69 0 U 67
70 0 L 63
71 0 L 66
72 1 U -1
73 1 L 27
74 1 L -1
75 0 U 10
76 0 L 28
77 1 U 28
78 0 L 30
79 0 U 38
80 1 U 75
81 1 L 68
82 0 U 67
83 0 L 37
84 0 L 58
85 0 L 23
86 0 U 70
87 1 U 35
88 1 U -1
89 1 U 64
90
0 1 L -1
1 0 L -1
2 1 U -1
3 1 L 0
4 1 L -1
5 0 L 4
6 0 U 5
7 0 L 4
8 1 U -1
9 1 U 8
10 0 U 3
11 0 L -1
12 1 L 5
13 1 U -1
14 1 U 11
15 0 L 7
16 0 L -1
17 1 U 13
18 1 L 9
19 1 L -1
20 1 U 15
21 0 L 8
22 1 U 3
23 0 U 14
24 0 U -1
25 1 L 2
26 0 L 24
27 1 U 2
28 0 L 19
29 1 U 0
30 1 L 28
31 0 L 2
32 0 U 5
33 0 L 15
34 0 U 11
35 0 U 29
36 0 U 9
37 1 U 12
38 1 L 33
39 1 L -1
40 0 L 11
41 0 L -1
42 1 L 2
43 0 U -1
44 1 U -1
45 0 L 33
46 1 L 20
47 1 L -1
48 0 L 46
49 1 L 39
50 1 L -1
51 0 U 18
52 0 L 1
53 1 L 30
54 0 L 52
55 1 U 44
56 1 U 37
57 0 U 19
58 0 U 48
59 0 L 20
60 0 U 2
61 0 L 10
62 1 U 27
63 1 L 58
64 0 L 59
65 1 U 10
66 1 L 2
67 0 U 44
68 0 L 64
69 0 U 67
70 0 L 63
71 0 L 1
72 1 U -1
73 1 U 27
74 1 L -1
75 0 U 10
76 0 L 28
77 1 U 28
78 0 L 30
79 0 U 38
80 1 U 75
81 1 L 68
82 0 U 67
83 1 L 37
84 1 L 58
85 0 L 23
86 0 L 51
87 1 U 35
88 0 U -1
89 1 U 64
90
0 1 L -1
1 0 L -1
2 1 U -1
3 1 L 0
4 1 L -1
5 0 L 4
6 0 U 5
7 0 L 4
8 1 U -1
9 1 U 8
10 0 U 3
11 0 L -1
12 1 L 7
13 1 U -1
14 1 U 11
15 0 L 7
16 0 L -1
17 1 U 13
18 1 L 9
19 1 L -1
20 1 U 15
21 0 L 8
22 1 U 3
23 0 U 14
24 0 U -1
25 0 L 2
26 0 L 24
27 1 U 2
28 0 L 19
29 1 U 0
30 1 L 28
31 0 L 2
32 0 U 5
33 0 L 15
34 0 U 10
35 0 U 29
36 0 U 9
37 1 U 12
38 1 L 33
39 1 L -1
40 0 L 39
41 0 L -1
42 1 L 28
43 0 U -1
44 1 U -1
45 0 L 33
46 1 L 20
47 1 L -1
48 0 L 46
49 1 L 39
50 1 L -1
51 0 U 18
52 1 L 1
53 1 L 30
54 0 L 52
55 1 U 44
56 1 U 37
57 0 U 19
58 0 U 48
59 1 L 20
60 0 U 2
61 0 L 10
62 1 U 27
63 1 L 58
64 0 L 59
65 1 L 18
66 1 L 2
67 0 U 44
68 0 L 64
69 0 U 67
70 0 L 63
71 1 L 1
72 1 U -1
73 1 L 27
74 1 L -1
75 0 U 10
76 0 L 28
77 1 U 28
78 0 L 30
79 0 U 38
80 1 U 75
81 1 L 68
82 0 U 67
83 0 L 37
84 1 L 58
85 1 L 23
86 0 L 51
87 1 U 35
88 1 U -1
89 1 U 64
90
0 1 U -1
1 0 L -1
2 1 U -1
3 1 L 0
4 1 L -1
5 0 L 4
6 0 U 5
7 0 L 4
8 1 U -1
9 1 U 8
10 0 U 3
11 0 L -1
12 1 L 7
13 1 U -1
14 1 U 11
15 0 L 7
16 0 L -1
17 1 U 13
18 1 L 9
19 1 L -1
20 1 U 15
21 0 L 8
22 1 U 3
23 0 U 14
24 0 U -1
25 0 L 2
26 0 L 24
27 1 U 2
28 0 L 19
29 1 U 0
30 1 L 28
31 0 L 2
32 0 U 5
33 0 L 15
34 0 U 10
35 0 U 29
36 0 U 9
37 1 U 12
38 1 L 33
39 1 L -1
40 1 L 39
41 0 L -1
42 1 L 28
43 0 U -1
44 1 U -1
45 0 L 33
46 1 L 20
47 1 L -1
48 0 L 46
49 0 L 39
50 1 L -1
51 0 U 18
52 1 L 1
53 1 L 8
54 0 L 52
55 1 U 44
56 1 U 37
57 0 U 19
58 0 U 48
59 0 L 20
60 0 U 2
61 0 L 10
62 1 U 27
63 1 L 58
64 1 L 59
65 1 L 18
66 1 L 2
67 0 U 44
68 0 L 64
69 0 U 67
70 0 L 63
71 0 L 1
72 1 U -1
73 1 U 27
74 1 L -1
75 0 U 10
76 0 L 28
77 1 U 36
78 0 L 30
79 0 U 38
80 1 U 75
81 1 L 68
82 0 U 67
83 0 L 37
84 0 L 58
85 0 L 23
86 0 L 51
87 1 U 35
88 1 U -1
89 1 U 64
90
0 1 L -1
1 0 L -1
2 1 U -1
3 1 L 0
4 1 L -1
5 0 L 4
6 0 U 5
7 0 L 4
8 1 U -1
9 1 U 8
10 0 U 3
11 0 L -1
12 1 L 3
13 1 U -1
14 1 U 11
15 0 L 7
16 0 L -1
17 1 U 13
18 1 L 9
19 1 L -1
20 1 U 15
21 0 L 8
22 1 U 3
23 0 U 14
24 0 U -1
25 1 L 2
26 0 L 24
27 1 U 2
28 0 L 6
29 1 U 0
30 1 L 2
31 0 L 2
32 0 U 5
33 0 L 15
34 0 U 10
35 0 U 29
36 0 U 9
37 1 U 12
38 1 L 33
39 1 L -1
40 1 L 11
41 0 L -1
42 1 L 28
43 0 U -1
44 1 U -1
45 0 L 33
46 1 L 20
47 1 L -1
48 0 L 46
49 0 L 39
50 1 L -1
51 0 U 18
52 0 L 4
53 1 L 15
54 0 L 52
55 1 U 44
56 1 U 37
57 0 U 19
58 0 U 48
59 1 L 20
60 0 U 2
61 0 L 10
62 1 U 27
63 1 L 58
64 0 L 59
65 1 L 14
66 1 L 28
67 0 U 44
68 0 L 64
69 0 U 67
70 0 L 63
71 1 L 1
72 1 U -1
73 1 U 27
74 1 L -1
75 0 U 10
76 0 L 28
77 1 U 36
78 0 L 30
79 0 U 38
80 1 U 75
81 1 L 68
82 0 U 67
83 0 L 62
84 0 L 58
85 0 L 23
86 0 L 51
87 1 U 35
88 0 U -1
89 1 U 64
90
0 1 L -1
1 0 L -1
2 1 U -1
3 1 L 0
4 1 L -1
5 0 L 4
6 0 U 5
7 0 L 4
8 1 U -1
9 1 U 8
10 0 U 3
11 0 L -1
12 1 L 3
13 1 U -1
14 1 U 11
15 0 L 7
16 0 L -1
17 1 U 13
18 1 L 9
19 1 L -1
20 1 U 15
21 0 L 8
22 1 U 3
23 0 U 14
24 0 U -1
25 1 L 2
26 0 L 24
27 1 U 2
28 0 L 6
29 1 U 0
30 1 L 2
31 0 L 2
32 0 U 5
33 0 L 15
34 0 U 10
35 0 U 29
36 0 U 7
37 1 U 12
38 1 L 33
39 1 L -1
40 1 L 11
41 0 L -1
42 1 L 28
43 0 U -1
44 1 U -1
45 0 L 33
46 1 L 20
47 1 L -1
48 0 L 46
49 1 L 39
50 1 L -1
51 0 U 18
52 0 L 4
53 1 L 15
54 0 L 52
55 0 U 44
56 1 U 37
57 0 U 19
58 0 U 48
59 0 L 20
60 0 U 2
61 0 L 10
62 1 U 27
63 1 L 58
64 0 L 59
65 1 L 14
66 1 L 28
67 0 U 44
68 0 L 64
69 0 U 67
70 0 L 63
71 1 L 1
72 1 U -1
73 1 U 27
74 1 L -1
75 0 U 22
76 0 L 28
77 1 U 36
78 0 L 25
79 0 U 38
80 1 U 75
81 1 L 68
82 0 U 67
83 0 L 62
84 1 L 58
85 0 L 23
86 0 L 51
87 1 U 35
88 0 U -1
89 1 U 64
90
0 1 U -1
1 0 L -1
2 1 U -1
3 1 L 0
4 1 L -1
5 0 L 4
6 0 U 5
7 0 L 4
8 1 U -1
9 1 U 8
10 0 U 3
11 0 L -1
12 1 L 3
13 1 U -1
14 1 U 11
15 0 L 7
16 0 L -1
17 1 U 13
18 1 L 9
19 1 L -1
20 1 U 15
21 0 L 8
22 1 U 3
23 0 U 14
24 0 U -1
25 1 L 2
26 0 L 21
27 1 U 2
28 0 L 6
29 1 U 0
30 1 L 2
31 0 L 2
32 0 U 5
33 0 L 15
34 0 U 7
35 0 U 29
36 0 U 7
37 1 U 12
38 1 L 33
39 1 L -1
40 0 L 11
41 0 L -1
42 1 L 28
43 0 U -1
44 1 U -1
45 0 L 33
46 1 L 20
47 1 L -1
48 0 L 46
49 1 L 39
50 0 L -1
51 0 U 18
52 1 L 4
53 1 L 15
54 0 L 52
55 1 U 44
56 1 U 37
57 0 U 19
58 0 U 48
59 1 L 20
60 0 U 2
61 0 L 10
62 1 U 27
63 1 L 58
64 1 L 59
65 1 L 14
66 1 L 28
67 0 U 44
68 0 L 64
69 0 U 55
70 0 L 63
71 1 L 1
72 1 U -1
73 1 U 27
74 1 L -1
75 0 U 22
76 0 L 28
77 1 U 36
78 0 L 25
79 0 U 38
80 1 U 75
81 1 L 68
82 0 U 67
83 0 L 62
84 0 L 58
85 1 L 23
86 0 L 51
87 1 U 35
88 1 U -1
89 1 U 64
90
0 1 U -1
1 0 L -1
2 1 U -1
3 1 L 0
4 1 L -1
5 0 L 4
6 0 U 5
7 0 L 4
8 1 U -1
9 1 U 8
10 0 U 3
11 0 L -1
12 1 L 3
13 1 U -1
14 1 U 11
15 0 L 7
16 0 L -1
17 1 U 13
18 1 L 9
19 1 L -1
20 1 U 15
21 0 L 8
22 1 U 3
23 0 U 14
24 0 U -1
25 0 L 2
26 0 L 21
27 1 U 2
28 0 L 6
29 1 U 0
30 1 L 2
31 0 L 2
32 0 U 5
33 0 L 15
34 0 U 7
35 0 U 29
36 0 U 9
37 1 U 12
38 1 L 33
39 1 L -1
40 0 L 11
41 0 L -1
42 1 L 28
43 0 U -1
44 1 U -1
45 0 L 33
46 1 L 20
47 1 L -1
48 0 L 46
49 1 L 39
50 1 L -1
51 0 U 18
52 1 L 4
53 1 L 15
54 0 L 52
55 1 U 44
56 1 U 37
57 0 U 19
58 0 U 48
59 1 L 20
60 0 U 2
61 0 L 18
62 1 U 27
63 1 L 58
64 1 L 59
65 1 L 14
66 1 L 28
67 0 U 44
68 0 L 64
69 0 U 55
70 0 L 63
71 0 L 1
72 1 U -1
73 1 U 27
74 1 L -1
75 0 U 10
76 0 L 28
77 1 U 36
78 0 L 76
79 0 U 38
80 1 U 75
81 0 L 68
82 0 U 67
83 1 U 62
84 0 L 58
85 1 L 23
86 0 L 51
87 1 U 35
88 1 U -1
89 1 U 64
90
0 1 U -1
1 0 L -1
2 1 U -1
3 1 L 0
4 1 L -1
5 0 L 4
6 0 U 5
7 0 L 4
8 1 U -1
9 1 U 8
10 0 U 3
11 0 L -1
12 1 L 3
13 1 U -1
14 1 U 11
15 0 L 7
16 0 L -1
17 1 U 13
18 1 L 9
19 1 L -1
20 1 U 15
21 0 L 8
22 1 U 3
23 0 U 14
24 0 U -1
25 0 L 2
26 0 L 21
27 1 U 2
28 0 L 6
29 1 U 0
30 1 L 2
31 0 L 28
32 0 U 27
33 0 L 15
34 0 U 7
35 0 U 29
36 0 U 9
37 1 U 12
38 1 L 33
39 1 L -1
40 0 L 39
41 0 L -1
42 1 L 28
43 0 U -1
44 1 U -1
45 0 L 33
46 1 L 20
47 1 L -1
48 0 L 46
49 1 L 39
50 0 L 1
51 0 U 18
52 1 L 4
53 1 L 31
54 0 L 52
55 0 U 44
56 1 U 37
57 0 U 19
58 0 U 48
59 1 L 20
60 0 U 2
61 0 L 18
62 1 U 27
63 1 L 58
64 0 L 59
65 1 L 14
66 1 L 28
67 0 U 44
68 0 L 64
69 0 U 55
70 0 L 63
71 0 L 1
72 1 U -1
73 1 U 27
74 1 L -1
75 0 U 10
76 0 L 28
77 1 U 36
78 0 L 66
79 0 U 38
80 1 U 75
81 1 L 68
82 0 U 67
83 1 U 32
84 0 L 58
85 0 L 23
86 0 L 51
87 1 U 35
88 0 U -1
89 1 U 64
90
0 1 U -1
1 0 L -1
2 1 U -1
3 1 L 0
4 1 L -1
5 0 L 4
6 0 U 5
7 0 L 4
8 1 U -1
9 1 U 8
10 0 U 3
11 0 L -1
12 1 L 3
13 1 U -1
14 1 U 11
15 0 L 7
16 0 L -1
17 1 U 13
18 1 L 9
19 1 L -1
20 1 U 15
21 0 L 8
22 1 U 3
23 0 U 14
24 0 U -1
25 1 L 2
26 0 L 21
27 1 U 2
28 0 L 6
29 1 U 0
30 1 L 28
31 0 L 28
32 0 U 27
33 0 L 15
34 0 U 7
35 0 U 29
36 0 U 9
37 1 U 12
38 1 L 33
39 1 L -1
40 1 L 39
41 0 L -1
42 1 L 28
43 0 U -1
44 1 U -1
45 0 L 33
46 1 L 20
47 1 L -1
48 0 L 46
49 1 L 39
50 0 L 1
51 0 U 18
52 0 L 4
53 1 L 9
54 0 L 52
55 0 U 44
56 1 U 37
57 0 U 19
58 0 U 48
59 1 L 20
60 0 U 2
61 0 L 18
62 1 U 27
63 1 L 58
64 0 L 59
65 1 L 14
66 1 L 28
67 0 U 44
68 0 L 64
69 0 U 55
70 0 L 63
71 1 L 1
72 1 U -1
73 1 U 27
74 1 L -1
75 0 U 10
76 0 L 28
77 1 U 36
78 0 U 66
79 0 U 38
80 1 U 75
81 1 L 68
82 0 U 67
83 1 U 32
84 0 L 36
85 0 L 23
86 0 L 51
87 1 U 35
88 1 U -1
89 1 U 64
90
0 1 L -1
1 0 L -1
2 1 U -1
3 1 L 0
4 0 L -1
5 0 L 4
6 0 U 5
7 0 L 1
8 1 U -1
9 1 U 8
10 0 U 3
11 0 L -1
12 1 L 3
13 1 U -1
14 1 U 11
15 0 L 7
16 0 L -1
17 1 U 13
18 1 L 9
19 1 L -1
20 1 U 14
21 0 L 8
22 1 U 3
23 0 U 14
24 0 U -1
25 0 L 2
26 0 L 6
27 1 U 2
28 0 L 6
29 1 U 0
30 1 L 28
31 0 L 28
32 0 U 27
33 0 L 15
34 0 U 7
35 0 U 29
36 0 U 9
37 1 U 12
38 1 L 33
39 1 L -1
40 1 L 39
41 0 L -1
42 1 L 28
43 0 U -1
44 1 U -1
45 0 L 33
46 1 L 20
47 1 L -1
48 0 L 46
49 1 L 39
50 0 L 1
51 0 U 18
52 1 L 19
53 1 L 9
54 0 L 28
55 0 U 44
56 1 U 37
57 0 U 19
58 0 U 48
59 0 L 20
60 0 U 2
61 0 L 18
62 1 U 27
63 1 L 58
64 0 L 59
65 1 L 14
66 1 L 28
67 0 U 44
68 0 L 64
69 0 U 55
70 0 L 63
71 1 L 0
72 1 U -1
73 1 U 27
74 1 L -1
75 0 U 10
76 0 L 28
77 1 U 18
78 0 U 66
79 0 U 38
80 1 U 75
81 1 L 68
82 0 U 67
83 1 U 32
84 0 L 36
85 0 L 23
86 0 L 51
87 1 U 35
88 0 U -1
89 1 U 64
90
0 1 U -1
1 0 L -1
2 1 U -1
3 1 L 0
4 1 L -1
5 0 L 4
6 0 U 5
7 0 L 1
8 1 U -1
9 1 U 8
10 0 U 3
11 0 L -1
12 1 L 3
13 1 U -1
14 1 U 11
15 0 L 7
16 0 L -1
17 1 U 13
18 1 L 8
19 1 L -1
20 1 U 14
21 0 L 9
22 1 U 3
23 0 U 14
24 0 U -1
25 1 L 2
26 0 L 6
27 1 U 2
28 0 L 6
29 1 U 0
30 1 L 28
31 0 L 28
32 0 U 27
33 0 L 15
34 0 U 9
35 0 U 29
36 0 U 9
37 1 U 12
38 1 L 33
39 1 L -1
40 1 L 39
41 0 L -1
42 1 L 28
43 0 U -1
44 1 U -1
45 0 L 33
46 1 L 20
47 1 L -1
48 0 L 46
49 1 L 39
50 0 L 1
51 0 U 18
52 1 L 19
53 1 L 9
54 0 L 28
55 1 U 44
56 0 U 37
57 0 U 19
58 0 U 48
59 1 L 20
60 0 U 2
61 0 L 18
62 1 U 27
63 1 L 58
64 1 L 59
65 1 L 14
66 1 L 28
67 0 U 44
68 0 L 64
69 0 U 55
70 0 L 63
71 1 L 0
72 1 U -1
73 1 U 27
74 1 L -1
75 0 U 10
76 0 L 28
77 0 U 18
78 0 U 71
79 0 U 39
80 1 U 75
81 1 L 68
82 0 U 67
83 1 U 22
84 0 L 62
85 1 L 23
86 0 L 51
87 1 U 35
88 0 U -1
89 1 U 64
90
0 1 U -1
1 0 L -1
2 1 U -1
3 1 L 0
4 1 L -1
5 0 L 4
6 0 U 5
7 0 L 4
8 1 U -1
9 1 U 8
10 0 U 3
11 0 L -1
12 1 L 3
13 1 U -1
14 1 U 11
15 0 L 7
16 0 L -1
17 1 U 13
18 1 L 8
19 1 L -1
20 1 U 14
21 0 L 9
22 1 U 3
23 0 U 14
24 0 U -1
25 1 L 2
26 0 L 24
27 1 U 2
28 0 L 6
29 1 U 0
30 1 L 28
31 0 L 28
32 0 U 27
33 0 L 15
34 0 U 9
35 0 U 29
36 0 U 9
37 1 U 12
38 1 L 33
39 1 L -1
40 1 L 39
41 0 L -1
42 1 L 28
43 0 U -1
44 1 U -1
45 0 L 33
46 1 L 20
47 1 L -1
48 0 L 46
49 1 L 39
50 1 L 1
51 0 U 18
52 1 L 19
53 1 L 9
54 0 L 28
55 0 U 44
56 1 U 37
57 0 U 19
58 0 U 48
59 0 L 20
60 0 U 44
61 0 L 18
62 1 U 27
63 1 L 58
64 1 L 59
65 1 L 14
66 1 L 28
67 0 U 44
68 0 L 64
69 0 U 55
70 0 L 63
71 1 L 0
72 1 U -1
73 1 U 27
74 1 L -1
75 0 U 11
76 0 L 28
77 0 U 18
78 0 U 71
79 0 U 77
80 1 U 75
81 1 L 68
82 0 U 67
83 1 U 22
84 0 L 62
85 1 L 23
86 0 L 51
87 1 U 35
88 1 U -1
89 1 U 64
90
0 1 L -1
1 0 L -1
2 1 U -1
3 1 L 0
4 0 L -1
5 0 L 1
6 0 U 5
7 0 L 1
8 1 U -1
9 1 U 8
10 0 U 5
11 0 L -1
12 1 L 3
13 1 U -1
14 1 U 11
15 0 L 7
16 0 L -1
17 0 U 13
18 1 L 9
19 1 L -1
20 1 U 14
21 0 L 9
22 1 U 3
23 0 U 15
24 0 U -1
25 1 L 2
26 0 L 24
27 1 U 2
28 0 L 6
29 1 U 0
30 1 L 28
31 0 L 28
32 0 U 27
33 0 L 15
34 0 U 9
35 0 U 29
36 0 U 9
37 1 U 12
38 1 L 33
39 1 L -1
40 1 L 4
41 0 L -1
42 1 L 28
43 0 U -1
44 1 U -1
45 0 L 33
46 1 L 20
47 1 L -1
48 1 L 46
49 0 L 39
50 1 L 1
51 0 U 18
52 1 L 19
53 1 L 9
54 0 L 28
55 0 U 44
56 1 U 37
57 0 U 19
58 0 U 48
59 0 L 20
60 0 U 44
61 0 L 18
62 1 U 27
63 1 L 58
64 0 L 59
65 1 L 14
66 1 L 28
67 0 U 44
68 0 L 64
69 0 U 55
70 0 L 63
71 1 L 0
72 1 U -1
73 1 U 27
74 1 L -1
75 0 U 11
76 0 L 28
77 0 U 36
78 0 U 71
79 0 U 77
80 1 U 75
81 1 L 68
82 0 U 67
83 1 U 22
84 0 L 62
85 1 L 23
86 0 L 81
87 1 U 82
88 1 U -1
89 1 U 64
90
0 1 L -1
1 0 L -1
2 1 U -1
3 1 L 0
4 0 L -1
5 0 L 1
6 0 U 5
7 0 L 1
8 1 U -1
9 1 U 8
10 0 U 5
11 0 L -1
12 1 L 7
13 1 U -1
14 1 U 11
15 0 L 7
16 0 L -1
17 0 U 13
18 0 L 9
19 1 L -1
20 1 U 14
21 0 L 9
22 1 U 3
23 0 U 15
24 0 U -1
25 1 L 2
26 0 L 24
27 1 U 2
28 0 L 6
29 1 U 0
30 1 L 2
31 0 L 28
32 0 U 27
33 0 L 15
34 0 U 9
35 0 U 29
36 0 U 7
37 1 U 12
38 1 L 27
39 1 L -1
40 1 L 4
41 0 L -1
42 1 L 28
43 0 U -1
44 1 U -1
45 0 L 33
46 1 L 20
47 1 L -1
48 1 L 46
49 1 L 39
50 0 L 1
51 0 U 18
52 1 L 16
53 1 L 9
54 0 L 28
55 0 U 44
56 1 U 37
57 0 U 19
58 0 U 48
59 0 L 20
60 0 U 44
61 0 L 18
62 1 U 27
63 1 L 58
64 1 L 59
65 1 L 21
66 1 L 40
67 0 U 44
68 0 L 64
69 0 U 55
70 0 L 63
71 1 L 0
72 1 U -1
73 1 U 27
74 1 L -1
75 0 U 11
76 0 L 3
77 0 U 36
78 0 U 71
79 0 U 77
80 1 U 10
81 0 L 68
82 0 U 67
83 1 U 22
84 0 L 50
85 0 L 23
86 0 L 81
87 1 U 17
88 0 U -1
89 1 U 64
90
0 1 L -1
1 0 L -1
2 1 U -1
3 1 L 0
4 0 L -1
5 0 L 4
6 0 U 5
7 0 L 1
8 1 U -1
9 1 U 8
10 0 U 5
11 0 L -1
12 1 L 5
13 1 U -1
14 1 U 11
15 0 L 7
16 0 L -1
17 0 U 13
18 1 L 9
19 1 L -1
20 1 U 14
21 0 L 9
22 1 U 3
23 1 U 10
24 0 U -1
25 0 L 2
26 1 L 24
27 1 U 2
28 0 L 6
29 1 U 0
30 1 L 2
31 0 L 28
32 0 U 27
33 0 L 15
34 0 U 11
35 0 U 29
36 0 U 7
37 1 U 12
38 1 L 27
39 1 L -1
40 1 L 4
41 0 L -1
42 1 L 28
43 0 U -1
44 1 U -1
45 0 L 33
46 1 L 20
47 1 L -1
48 1 L 46
49 0 L 39
50 0 L 1
51 0 U 18
52 1 L 49
53 1 L 9
54 0 L 7
55 1 U 44
56 1 U 37
57 0 U 19
58 0 U 48
59 1 L 20
60 0 U 2
61 0 L 10
62 1 U 27
63 1 L 58
64 1 L 59
65 1 L 55
66 1 L 40
67 0 U 44
68 1 L 64
69 0 U 55
70 0 L 63
71 1 L 0
72 1 U -1
73 1 U 27
74 1 L -1
75 0 U 11
76 0 L 3
77 0 U 36
78 0 U 71
79 0 U 77
80 1 U 10
81 0 L 68
82 0 U 67
83 1 U 22
84 0 L 50
85 1 L 23
86 0 L 85
87 1 U 17
88 0 U -1
89 1 U 64
90
0 1 L -1
1 0 L -1
2 1 U -1
3 1 L 0
4 0 L -1
5 0 L 1
6 0 U 5
7 0 L 1
8 1 U -1
9 1 U 8
10 0 U 5
11 0 L -1
12 1 L 5
13 1 U -1
14 1 U 11
15 0 L 7
16 0 L -1
17 0 U 13
18 0 L 9
19 1 L -1
20 1 U 14
21 0 L 9
22 1 U 3
23 1 U 10
24 0 U -1
25 0 L 2
26 1 L 24
27 1 U 2
28 0 L 6
29 1 U 0
30 1 L 2
31 0 L 28
32 0 U 27
33 0 L 15
34 0 U 11
35 0 U 29
36 0 U 9
37 1 U 12
38 1 L 27
39 1 L -1
40 1 L 4
41 0 L -1
42 1 L 28
43 0 U -1
44 1 U -1
45 0 L 33
46 1 L 20
47 1 L -1
48 1 L 46
49 1 L 39
50 1 L 16
51 0 U 18
52 1 L 49
53 1 L 30
54 0 L 7
55 0 U 44
56 1 U 37
57 0 U 19
58 0 U 48
59 1 L 20
60 0 U 2
61 1 L 10
62 1 U 27
63 1 L 58
64 1 L 59
65 1 L 55
66 1 L 40
67 0 U 44
68 1 L 64
69 0 U 55
70 0 L 63
71 1 L 0
72 1 U -1
73 0 L 20
74 1 L -1
75 0 U 11
76 0 L 3
77 0 U 36
78 0 U 71
79 0 U 77
80 1 U 10
81 0 L 68
82 0 U 67
83 1 U 12
84 0 L 50
85 1 L 23
86 0 L 85
87 1 U 17
88 1 U -1
89 1 U 64
90
0 1 L -1
1 0 L -1
2 1 U -1
3 1 L 0
4 0 L -1
5 0 L 1
6 0 U 5
7 0 L 1
8 1 U -1
9 1 U 8
10 0 U 5
11 0 L -1
12 1 L 7
13 1 U -1
14 1 U 11
15 0 L 7
16 0 L -1
17 0 U 13
18 0 L 9
19 1 L -1
20 1 U 14
21 1 L 9
22 1 U 3
23 1 U 10
24 0 U -1
25 0 L 2
26 0 U 24
27 1 U 2
28 0 L 6
29 1 U 0
30 1 L 2
31 0 L 28
32 0 U 27
33 0 L 15
34 0 U 11
35 0 U 29
36 0 U 9
37 1 U 12
38 1 L 20
39 1 L -1
40 1 L 4
41 0 L -1
42 1 L 2
43 0 U -1
44 1 U -1
45 0 L 33
46 1 L 20
47 1 L -1
48 1 L 46
49 0 L 39
50 0 L 16
51 0 U 18
52 1 L 49
53 1 L 30
54 0 L 40
55 1 U 44
56 1 U 37
57 0 U 19
58 0 U 48
59 1 L 20
60 0 U 2
61 0 L 13
62 1 U 4
63 1 L 58
64 1 L 59
65 1 L 55
66 1 L 40
67 0 U 44
68 1 L 64
69 0 U 55
70 0 L 63
71 1 L 19
72 1 U -1
73 0 L 20
74 1 L -1
75 0 U 11
76 0 L 3
77 0 U 36
78 0 U 71
79 0 U 77
80 1 U 10
81 1 L 68
82 0 U 67
83 1 U 22
84 0 L 50
85 0 L 23
86 0 L 85
87 1 U 17
88 1 U -1
89 1 U 64
90
0 1 L -1
1 0 L -1
2 1 U -1
3 1 L 0
4 0 L -1
5 0 L 1
6 0 U 5
7 0 L 1
8 1 U -1
9 1 U 8
10 0 U 5
11 0 L -1
12 1 L 7
13 1 U -1
14 1 U 11
15 0 L 7
16 0 L -1
17 0 U 13
18 1 L 9
19 1 L -1
20 1 U 14
21 0 L 9
22 1 U 3
23 1 U 10
24 0 U -1
25 0 L 2
26 0 U 24
27 1 U 2
28 0 L 6
29 1 U 0
30 1 L 2
31 0 L 28
32 0 U 27
33 0 L 15
34 0 U 11
35 0 U 29
36 0 U 9
37 1 U 12
38 1 L 20
39 1 L -1
40 1 L 4
41 0 L -1
42 1 L 2
43 0 U -1
44 1 U -1
45 0 L 33
46 1 L 20
47 1 L -1
48 1 L 46
49 1 L 39
50 0 L 16
51 0 U 18
52 1 L 49
53 1 L 30
54 0 L 40
55 1 U 44
56 1 U 37
57 0 U 19
58 0 U 48
59 0 L 20
60 0 U 2
61 0 L 18
62 1 U 4
63 1 L 58
64 0 L 59
65 1 L 55
66 1 L 40
67 0 U 44
68 1 L 64
69 0 U 55
70 0 L 63
71 1 L 19
72 1 U -1
73 0 L 20
74 1 L -1
75 0 U 11
76 0 L 3
77 0 U 36
78 0 U 71
79 0 U 77
80 1 U 10
81 0 L 68
82 0 U 67
83 1 U 22
84 0 L 50
85 1 L 23
86 0 L 65
87 1 U 17
88 1 U -1
89 1 U 64
90
0 1 U -1
1 0 L -1
2 1 U -1
3 1 L 0
4 0 L -1
5 0 L 1
6 0 U 5
7 0 L 1
8 1 U -1
9 1 U 8
10 0 U 5
11 0 L -1
12 1 L 2
13 1 U -1
14 1 U 11
15 0 L 7
16 0 L -1
17 0 U 13
18 1 L 9
19 1 L -1
20 1 U 14
21 0 L 9
22 1 U 3
23 1 U 10
24 0 U -1
25 1 L 2
26 0 L 24
27 1 U 2
28 0 L 6
29 1 U 0
30 1 L 2
31 0 L 28
32 0 U 27
33 0 L 15
34 0 U 11
35 0 U 29
36 0 U 9
37 1 U 12
38 1 L 20
39 1 L -1
40 0 L 4
41 0 L -1
42 1 L 28
43 0 U -1
44 1 U -1
45 0 L 33
46 1 L 20
47 1 L -1
48 1 L 46
49 1 L 39
50 0 L 16
51 0 U 18
52 1 L 49
53 1 L 30
54 0 L 40
55 1 U 44
56 1 U 37
57 0 U 19
58 0 U 48
59 1 L 20
60 0 U 2
61 0 L 18
62 0 U 4
63 1 L 58
64 1 L 59
65 1 L 55
66 1 L 40
67 0 U 44
68 1 L 38
69 0 U 55
70 0 L 63
71 1 L 19
72 1 U -1
73 0 L 20
74 1 L -1
75 0 U 11
76 0 L 3
77 0 U 36
78 0 U 71
79 0 U 77
80 1 U 10
81 0 L 68
82 0 U 67
83 1 U 5
84 0 L 50
85 0 L 23
86 0 L 65
87 1 U 17
88 1 U -1
89 1 U 64
90
0 1 U -1
1 0 L -1
2 1 U -1
3 1 L 0
4 0 L -1
5 0 L 1
6 0 U 5
7 0 L 1
8 1 U -1
9 1 U 8
10 0 U 5
11 0 L -1
12 1 L 2
13 1 U -1
14 1 U 11
15 0 L 7
16 0 L -1
17 0 U 13
18 1 L 9
19 1 L -1
20 1 U 14
21 0 L 9
22 1 U 3
23 0 U 10
24 0 U -1
25 1 L 2
26 0 L 24
27 1 U 2
28 0 L 6
29 1 U 0
30 1 L 2
31 0 L 28
32 0 U 27
33 0 L 15
34 0 U 11
35 0 U 29
36 0 U 9
37 1 U 12
38 1 L 20
39 1 L -1
40 0 L 4
41 0 L -1
42 1 L 28
43 0 U -1
44 1 U -1
45 0 L 33
46 1 L 20
47 1 L -1
48 1 L 46
49 1 L 39
50 0 L 16
51 0 U 18
52 1 L 49
53 1 L 30
54 0 L 40
55 0 U 44
56 1 U 37
57 0 U 19
58 0 U 48
59 0 L 20
60 0 U 2
61 0 L 18
62 1 U 4
63 1 L 58
64 1 L 59
65 1 L 55
66 1 L 40
67 0 U 44
68 1 L 38
69 0 U 55
70 0 L 63
71 1 L 19
72 1 U -1
73 0 L 20
74 1 L -1
75 0 U 11
76 0 L 3
77 0 U 36
78 0 U 71
79 0 U 77
80 1 U 10
81 0 L 68
82 0 U 67
83 1 U 5
84 0 L 50
85 0 L 29
86 0 L 65
87 1 U 17
88 1 U -1
89 1 U 64
90
0 1 U -1
1 0 L -1
2 1 U -1
3 1 L 0
4 0 L -1
5 0 L 1
6 0 U 5
7 0 L 1
8 1 U -1
9 1 U 8
10 0 U 5
11 0 L -1
12 1 L 2
13 1 U -1
14 1 U 11
15 0 L 7
16 0 L -1
17 0 U 13
18 1 L 9
19 1 L -1
20 1 U 14
21 0 L 9
22 1 U 3
23 1 U 14
24 0 U -1
25 1 L 2
26 0 U 24
27 1 U 2
28 0 L 6
29 1 U 0
30 1 L 2
31 0 L 28
32 0 U 5
33 0 L 15
34 0 U 12
35 0 U 29
36 0 U 9
37 1 U 12
38 1 L 20
39 1 L -1
40 1 L 4
41 0 L -1
42 1 L 40
43 0 U -1
44 1 U -1
45 0 L 33
46 1 L 20
47 1 L -1
48 1 L 46
49 1 L 39
50 0 L 16
51 0 U 18
52 1 L 49
53 1 L 30
54 0 L 40
55 0 U 44
56 1 U 37
57 0 U 19
58 0 U 48
59 1 L 20
60 0 U 2
61 0 L 18
62 0 U 4
63 1 L 58
64 1 L 59
65 1 L 55
66 1 L 5
67 0 U 44
68 1 L 38
69 0 U 55
70 0 L 63
71 1 L 19
72 1 U -1
73 0 L 20
74 1 L -1
75 0 U 11
76 0 L 3
77 0 U 36
78 0 U 71
79 0 U 77
80 1 U 10
81 0 L 68
82 0 U 67
83 1 U 5
84 0 L 50
85 1 L 32
86 0 L 65
87 1 U 17
88 0 U -1
89 1 U 64
90
0 1 U -1
1 0 L -1
2 1 U -1
3 1 L 0
4 0 L -1
5 0 L 1
6 0 U 5
7 0 L 1
8 1 U -1
9 1 U 8
10 0 U 5
11 0 L -1
12 1 L 2
13 1 U -1
14 1 U 11
15 0 L 7
16 0 L -1
17 0 U 13
18 1 L 9
19 1 L -1
20 1 U 14
21 0 L 9
22 1 U 13
23 0 U 14
24 0 U -1
25 1 L 2
26 0 L 24
27 1 U 2
28 0 L 6
29 1 U 0
30 1 L 2
31 0 L 28
32 0 U 5
33 0 L 15
34 0 U 12
35 0 U 29
36 0 U 9
37 1 U 12
38 1 L 20
39 1 L -1
40 1 L 11
41 0 L -1
42 1 L 40
43 0 U -1
44 1 U -1
45 0 L 33
46 1 L 20
47 1 L -1
48 1 L 46
49 0 L 39
50 0 L 16
51 0 U 18
52 1 L 49
53 1 L 30
54 0 L 40
55 0 U 44
56 1 U 37
57 0 U 19
58 0 U 48
59 1 L 20
60 0 U 2
61 0 L 18
62 1 U 4
63 1 L 58
64 1 L 59
65 1 L 55
66 1 L 5
67 0 U 44
68 1 L 38
69 0 U 55
70 0 L 63
71 1 L 19
72 1 U -1
73 0 L 20
74 1 L -1
75 0 U 11
76 0 L 12
77 0 U 36
78 0 U 71
79 0 U 77
80 1 U 10
81 0 L 68
82 0 U 67
83 1 U 5
84 0 L 50
85 1 L 32
86 0 L 65
87 1 U 17
88 0 U -1
89 1 U 64
90
0 1 L -1
1 0 L -1
2 1 U -1
3 1 L 0
4 0 L -1
5 0 L 1
6 0 U 5
7 0 L 1
8 1 U -1
9 1 U 8
10 0 U 5
11 0 L -1
12 1 L 2
13 1 U -1
14 1 U 11
15 0 L 7
16 0 L -1
17 0 U 13
18 1 L 9
19 1 L -1
20 1 U 14
21 0 L 8
22 1 U 3
23 1 U 15
24 0 U -1
25 1 L 2
26 1 L 24
27 1 U 2
28 0 L 6
29 1 U 0
30 1 L 2
31 0 L 28
32 0 U 5
33 0 L 31
34 0 U 11
35 0 U 29
36 0 U 9
37 1 U 12
38 1 L 20
39 1 L -1
40 1 L 11
41 0 L -1
42 1 L 41
43 0 U -1
44 1 U -1
45 0 L 33
46 1 L 20
47 1 L -1
48 1 L 46
49 1 L 39
50 0 L 16
51 0 U 18
52 1 L 49
53 1 L 30
54 0 L 52
55 0 U 44
56 1 U 37
57 0 U 19
58 0 U 48
59 1 L 20
60 0 U 2
61 0 L 18
62 1 U 4
63 1 L 58
64 1 L 59
65 1 L 55
66 1 L 5
67 0 U 44
68 1 L 38
69 0 U 55
70 0 L 63
71 1 L 16
72 1 U -1
73 0 L 22
74 1 L -1
75 0 U 11
76 0 L 12
77 0 U 36
78 0 U 71
79 0 U 77
80 1 U 10
81 0 L 68
82 0 U 67
83 1 U 5
84 0 L 50
85 1 L 32
86 0 L 65
87 1 U 17
88 1 U -1
89 1 U 64
90
0 1 L -1
1 0 L -1
2 1 U -1
3 1 L 0
4 1 L -1
5 0 L 4
6 0 U 5
7 0 L 1
8 1 U -1
9 1 U 8
10 0 U 5
11 0 L -1
12 1 L 2
13 1 U -1
14 1 U 11
15 0 L 7
16 0 L -1
17 0 U 13
18 1 L 9
19 1 L -1
20 1 U 14
21 0 L 8
22 1 U 3
23 1 U 16
24 0 U -1
25 1 L 2
26 1 L 24
27 1 U 2
28 0 L 6
29 1 U 0
30 1 L 2
31 0 L 28
32 0 U 5
33 0 L 31
34 0 U 11
35 0 U 29
36 0 U 9
37 1 U 12
38 1 L 20
39 1 L -1
40 1 L 11
41 0 L -1
42 1 L 40
43 0 U -1
44 1 U -1
45 0 L 33
46 1 L 20
47 1 L -1
48 1 L 46
49 1 L 39
50 0 L 1
51 0 U 18
52 1 L 49
53 1 L 8
54 0 L 52
55 0 U 44
56 1 U 37
57 0 U 19
58 0 U 48
59 1 L 20
60 0 U 2
61 0 L 18
62 1 U 4
63 1 L 58
64 0 L 59
65 1 L 55
66 1 L 28
67 0 U 44
68 1 L 38
69 0 U 55
70 0 L 63
71 1 L 16
72 1 U -1
73 0 L 22
74 1 L -1
75 0 U 11
76 0 L 12
77 0 U 36
78 0 U 71
79 0 U 77
80 1 U 10
81 0 L 68
82 0 U 67
83 1 U 5
84 0 L 50
85 1 L 32
86 0 L 65
87 1 U 17
88 0 U -1
89 1 U 64
90
0 1 L -1
1 0 L -1
2 1 U -1
3 1 L 0
4 1 L -1
5 0 L 4
6 0 U 5
7 0 L 1
8 1 U -1
9 1 U 8
10 0 U 5
11 0 L -1
12 1 L 2
13 1 U -1
14 1 U 11
15 0 L 7
16 0 L -1
17 0 U 13
18 1 L 9
19 1 L -1
20 1 U 14
21 0 L 9
22 1 U 3
23 1 U 16
24 0 U -1
25 1 L 2
26 0 U 24
27 1 U 2
28 0 L 6
29 1 U 0
30 1 L 2
31 0 L 28
32 1 U 5
33 0 L 31
34 0 U 11
35 0 U 29
36 0 U 9
37 1 U 12
38 1 L 20
39 1 L -1
40 1 L 11
41 0 L -1
42 1 L 40
43 0 U -1
44 1 U -1
45 0 L 33
46 1 L 20
47 1 L -1
48 1 L 46
49 0 L 39
50 0 L 19
51 0 U 18
52 1 L 49
53 1 L 25
54 0 L 52
55 0 U 44
56 1 U 37
57 0 U 19
58 0 U 48
59 0 L 20
60 0 U 2
61 0 L 18
62 0 U 4
63 1 L 58
64 0 L 59
65 1 L 55
66 1 L 28
67 0 U 44
68 1 L 55
69 0 U 55
70 0 L 63
71 1 L 16
72 1 U -1
73 1 U 11
74 1 L -1
75 0 U 11
76 0 L 12
77 0 U 36
78 0 U 71
79 0 U 77
80 1 U 10
81 0 L 68
82 0 U 67
83 0 U 5
84 0 L 50
85 0 L 32
86 0 L 65
87 1 U 17
88 1 U -1
89 1 U 64
90
0 1 U -1
1 0 L -1
2 1 U -1
3 1 L 0
4 0 L -1
5 0 L 1
6 0 U 5
7 0 L 1
8 1 U -1
9 1 U 8
10 0 U 5
11 0 L -1
12 1 L 2
13 1 U -1
14 1 U 11
15 0 L 7
16 0 L -1
17 0 U 13
18 1 L 9
19 1 L -1
20 1 U 14
21 0 L 9
22 1 U 3
23 1 U 16
24 0 U -1
25 1 L 2
26 0 U 24
27 1 U 2
28 0 L 6
29 1 U 0
30 1 L 2
31 0 L 28
32 1 U 5
33 0 L 31
34 0 U 11
35 0 U 29
36 0 U 9
37 1 U 12
38 1 L 20
39 1 L -1
40 0 L 11
41 0 L -1
42 1 L 40
43 0 U -1
44 1 U -1
45 0 L 33
46 1 L 20
47 1 L -1
48 1 L 46
49 1 L 39
50 0 L 16
51 0 U 18
52 0 L 49
53 1 L 25
54 0 L 52
55 1 U 44
56 1 U 37
57 0 U 19
58 0 U 48
59 0 L 20
60 0 U 2
61 0 L 18
62 0 U 4
63 1 L 58
64 0 L 59
65 1 L 55
66 1 L 28
67 0 U 44
68 1 L 55
69 0 U 55
70 0 L 63
71 1 L 16
72 1 U -1
73 1 U 11
74 1 L -1
75 0 L 22
76 0 L 12
77 0 U 36
78 0 U 71
79 0 U 77
80 1 U 10
81 0 L 68
82 0 U 67
83 0 U 5
84 0 L 57
85 0 L 32
86 0 L 85
87 1 U 17
88 0 U -1
89 1 U 64
90
0 1 U -1
1 0 L -1
2 1 U -1
3 1 L 0
4 0 L -1
5 0 L 1
6 0 U 5
7 0 L 4
8 1 U -1
9 1 U 8
10 0 U 5
11 0 L -1
12 1 L 7
13 1 U -1
14 1 U 11
15 0 L 3
16 0 L -1
17 0 U 13
18 1 L 9
19 1 L -1
20 1 U 14
21 0 L 9
22 1 U 3
23 1 U 16
24 0 U -1
25 1 L 2
26 0 L 24
27 1 U 2
28 0 L 6
29 1 U 0
30 1 L 2
31 0 L 28
32 0 U 5
33 0 L 31
34 0 U 11
35 0 U 29
36 0 U 9
37 1 U 12
38 1 L 33
39 1 L -1
40 1 L 11
41 0 L -1
42 1 L 40
43 0 U -1
44 1 U -1
45 0 L 33
46 1 L 20
47 1 L -1
48 1 L 46
49 0 L 39
50 0 L 16
51 0 U 18
52 1 L 49
53 1 L 25
54 0 L 28
55 0 U 44
56 1 U 37
57 0 U 19
58 0 U 48
59 0 L 20
60 0 U 2
61 0 L 18
62 1 U 4
63 1 L 58
64 0 L 59
65 1 L 55
66 1 L 28
67 0 U 44
68 1 L 55
69 0 U 55
70 0 L 63
71 1 L 16
72 1 U -1
73 1 U 11
74 1 L -1
75 0 L 22
76 0 L 52
77 0 U 36
78 0 U 71
79 0 U 77
80 1 U 10
81 0 L 68
82 0 U 67
83 1 U 5
84 1 L 57
85 1 L 32
86 0 L 85
87 1 U 17
88 0 U -1
89 1 U 64
90
0 1 U -1
1 0 L -1
2 1 U -1
3 1 L 1
4 0 L -1
5 0 L 1
6 0 U 5
7 0 L 1
8 1 U -1
9 1 U 8
10 0 U 5
11 0 L -1
12 1 L 7
13 1 U -1
14 1 U 11
15 0 L 5
16 0 L -1
17 0 U 13
18 1 L 9
19 1 L -1
20 1 U 14
21 0 L 9
22 1 U 3
23 1 U 10
24 0 U -1
25 1 L 2
26 0 U 24
27 1 U 2
28 0 L 6
29 1 U 0
30 1 L 28
31 0 L 28
32 0 U 27
33 0 L 31
34 0 U 7
35 0 U 29
36 0 U 9
37 1 U 12
38 1 L 33
39 1 L -1
40 1 L 11
41 0 L -1
42 1 L 40
43 0 U -1
44 1 U -1
45 0 L 33
46 1 L 20
47 1 L -1
48 1 L 46
49 1 L 39
50 0 L 0
51 0 U 18
52 1 L 49
53 1 L 9
54 0 L 28
55 0 U 44
56 1 U 37
57 0 U 19
58 0 U 48
59 0 L 20
60 0 U 2
61 0 L 18
62 1 U 4
63 1 L 58
64 1 L 59
65 1 L 55
66 1 L 28
67 0 U 44
68 1 L 55
69 0 U 55
70 0 L 63
71 1 L 16
72 1 U -1
73 1 U 11
74 1 L -1
75 0 L 22
76 0 L 52
77 0 U 36
78 0 U 71
79 0 U 77
80 1 U 10
81 0 L 68
82 0 U 67
83 1 U 5
84 1 L 57
85 1 L 29
86 0 L 85
87 1 U 17
88 0 U -1
89 1 U 64
90
0 1 U -1
1 0 L -1
2 1 U -1
3 1 L 1
4 0 L -1
5 0 L 1
6 0 U 5
7 0 L 4
8 1 U -1
9 1 U 8
10 0 U 5
11 0 L -1
12 1 L 7
13 1 U -1
14 1 U 11
15 0 L 11
16 0 L -1
17 0 U 13
18 1 L 9
19 1 L -1
20 1 U 14
21 0 L 9
22 1 U 3
23 0 U 10
24 0 U -1
25 0 L 2
26 0 U 25
27 1 U 2
28 0 L 6
29 1 U 0
30 1 L 28
31 0 L 28
32 0 U 27
33 0 L 31
34 0 U 7
35 0 U 29
36 0 U 9
37 1 U 12
38 1 L 33
39 1 L -1
40 1 L 11
41 0 L -1
42 1 L 40
43 0 U -1
44 1 U -1
45 0 L 33
46 1 L 20
47 1 L -1
48 1 L 46
49 1 L 39
50 1 L 0
51 0 U 18
52 1 L 49
53 1 L 9
54 0 L 28
55 1 U 44
56 1 U 37
57 0 U 19
58 0 U 48
59 1 L 20
60 0 U 2
61 0 L 18
62 1 U 4
63 1 L 58
64 1 L 59
65 1 L 55
66 1 L 15
67 0 U 44
68 1 L 55
69 0 U 55
70 0 L 63
71 1 L 16
72 1 U -1
73 1 U 11
74 1 L -1
75 0 U 22
76 0 L 52
77 0 U 36
78 0 U 71
79 0 U 77
80 1 U 10
81 0 L 68
82 0 U 67
83 0 U 5
84 0 L 57
85 1 L 29
86 0 L 78
87 1 U 17
88 0 U -1
89 1 U 64
90
0 1 L -1
1 0 L -1
2 1 U -1
3 1 L 1
4 0 L -1
5 0 L 1
6 0 U 5
7 0 L 4
8 1 U -1
9 1 U 8
10 0 U 5
11 0 L -1
12 1 L 5
13 1 U -1
14 1 U 11
15 0 L 11
16 0 L -1
17 0 U 13
18 1 L 9
19 1 L -1
20 1 U 14
21 0 L 9
22 1 U 3
23 0 U 10
24 0 U -1
25 0 L 2
26 0 U 25
27 1 U 2
28 0 L 6
29 1 U 0
30 1 L 28
31 0 L 15
32 0 U 27
33 0 L 31
34 0 U 7
35 0 U 29
36 0 U 9
37 1 U 12
38 1 L 33
39 1 L -1
40 1 L 11
41 0 L -1
42 1 L 41
43 0 U -1
44 1 U -1
45 0 L 33
46 1 L 20
47 1 L -1
48 1 L 46
49 1 L 39
50 1 L 0
51 0 U 18
52 1 L 1
53 1 L 8
54 0 L 28
55 1 U 44
56 1 U 37
57 0 U 19
58 0 U 48
59 0 L 20
60 0 U 2
61 0 L 18
62 1 U 4
63 1 L 58
64 0 L 59
65 1 L 55
66 1 L 15
67 0 U 44
68 1 L 55
69 0 U 55
70 0 L 63
71 1 L 16
72 1 U -1
73 1 U 11
74 1 L -1
75 0 U 22
76 0 L 52
77 0 U 36
78 0 U 71
79 0 U 77
80 1 U 10
81 0 L 68
82 0 U 55
83 0 U 5
84 1 L 57
85 1 L 29
86 0 L 78
87 1 U 17
88 1 U -1
89 1 U 64
90
0 1 U -1
1 0 L -1
2 1 U -1
3 1 L 1
4 0 L -1
5 0 L 1
6 0 U 5
7 0 L 4
8 1 U -1
9 1 U 8
10 0 U 5
11 0 L -1
12 1 L 5
13 1 U -1
14 1 U 11
15 0 L 11
16 0 L -1
17 0 U 13
18 1 L 9
19 1 L -1
20 1 U 14
21 0 L 9
22 1 U 3
23 0 U 10
24 0 U -1
25 1 L 2
26 0 U 19
27 1 U 2
28 0 L 6
29 1 U 0
30 1 L 28
31 0 L 15
32 0 U 27
33 0 L 31
34 0 U 7
35 0 U 29
36 0 U 9
37 1 U 12
38 1 L 33
39 1 L -1
40 1 L 4
41 0 L -1
42 1 L 41
43 0 U -1
44 1 U -1
45 0 L 33
46 1 L 20
47 1 L -1
48 1 L 46
49 0 L 39
50 1 L 1
51 0 U 18
52 1 L 1
53 1 L 8
54 0 L 28
55 0 U 44
56 1 U 37
57 0 U 19
58 0 U 48
59 1 L 20
60 0 U 2
61 0 L 18
62 1 U 4
63 1 L 58
64 0 L 59
65 1 L 55
66 1 L 15
67 0 U 44
68 1 L 55
69 0 U 55
70 0 L 63
71 1 L 16
72 1 U -1
73 1 U 11
74 1 L -1
75 0 L 22
76 0 L 52
77 0 U 36
78 0 U 71
79 0 U 77
80 1 U 22
81 0 L 68
82 0 U 55
83 0 U 5
84 0 L 57
85 0 L 29
86 0 L 78
87 1 U 17
88 1 U -1
89 1 U 64
90
0 1 U -1
1 0 L -1
2 1 U -1
3 1 L 1
4 0 L -1
5 0 L 1
6 0 U 5
7 0 L 4
8 1 U -1
9 1 U 8
10 0 U 5
11 0 L -1
12 1 L 5
13 1 U -1
14 1 U 11
15 0 L 11
16 0 L -1
17 0 U 13
18 0 L 9
19 1 L -1
20 1 U 14
21 0 L 9
22 1 U 3
23 0 U 10
24 0 U -1
25 0 L 7
26 0 U 23
27 1 U 2
28 0 L 6
29 1 U 0
30 1 L 28
31 0 L 15
32 0 U 27
33 0 L 31
34 0 U 7
35 0 U 29
36 0 U 9
37 1 U 12
38 1 L 33
39 1 L -1
40 1 L 4
41 0 L -1
42 1 L 41
43 0 U -1
44 1 U -1
45 0 L 33
46 1 L 20
47 1 L -1
48 1 L 46
49 0 L 39
50 0 L 1
51 0 U 18
52 1 L 1
53 1 L 8
54 0 L 28
55 0 U 44
56 1 U 37
57 0 U 19
58 0 U 48
59 0 L 27
60 0 U 2
61 0 L 18
62 1 U 4
63 1 L 58
64 1 L 59
65 1 L 55
66 1 L 15
67 0 U 44
68 1 L 55
69 0 U 55
70 0 L 63
71 1 L 16
72 1 U -1
73 1 U 11
74 1 L -1
75 0 L 22
76 0 L 52
77 0 U 36
78 0 U 71
79 0 U 39
80 1 U 22
81 0 L 68
82 0 U 55
83 0 U 5
84 0 L 57
85 0 L 29
86 0 L 78
87 1 U 17
88 1 U -1
89 1 U 64
90
0 1 L -1
1 0 L -1
2 1 U -1
3 1 L 1
4 0 L -1
5 0 L 1
6 0 U 5
7 0 L 4
8 1 U -1
9 1 U 8
10 0 U 5
11 0 L -1
12 1 L 5
13 1 U -1
14 1 U 11
15 0 L 11
16 0 L -1
17 0 U 13
18 1 L 9
19 1 L -1
20 1 U 14
21 0 L 9
22 1 U 3
23 0 U 10
24 0 U -1
25 0 L 7
26 0 U 23
27 1 U 2
28 0 L 6
29 1 U 0
30 1 L 28
31 0 L 15
32 0 U 27
33 0 L 31
34 0 U 11
35 0 U 29
36 0 U 9
37 1 U 12
38 1 L 33
39 1 L -1
40 1 L 4
41 0 L -1
42 1 L 41
43 0 U -1
44 1 U -1
45 0 L 33
46 1 L 20
47 1 L -1
48 1 L 46
49 1 L 39
50 1 L 1
51 0 U 18
52 1 L 1
53 1 L 8
54 0 L 28
55 0 U 44
56 1 U 37
57 0 U 19
58 0 U 48
59 0 L 27
60 0 U 2
61 0 L 18
62 1 U 4
63 1 L 58
64 1 L 59
65 1 L 55
66 1 L 15
67 0 U 44
68 1 L 55
69 0 U 55
70 0 L 63
71 1 L 16
72 1 U -1
73 1 U 11
74 1 L 56
75 0 L 22
76 0 L 52
77 0 U 36
78 0 U 71
79 0 U 39
80 1 U 22
81 0 L 68
82 0 U 55
83 0 U 5
84 0 L 57
85 0 L 29
86 0 L 78
87 1 U 17
88 1 U -1
89 1 U 64
90
0 1 U -1
1 0 L -1
2 1 U -1
3 1 L 1
4 0 L -1
5 0 L 1
6 0 U 5
7 0 L 4
8 1 U -1
9 1 U 8
10 0 U 5
11 0 L -1
12 1 L 5
13 1 U -1
14 1 U 11
15 0 L 11
16 0 L -1
17 0 U 13
18 1 L 9
19 1 L -1
20 1 U 14
21 0 L 9
22 1 U 3
23 1 U 10
24 0 U -1
25 0 L 3
26 0 U 19
27 1 U 2
28 0 L 6
29 1 U 0
30 1 L 28
31 0 L 15
32 0 U 27
33 0 L 31
34 0 U 11
35 0 U 29
36 0 U 9
37 1 U 12
38 1 L 27
39 1 L -1
40 0 L 4
41 0 L -1
42 1 L 3
43 0 U -1
44 1 U -1
45 0 L 33
46 1 L 20
47 1 L -1
48 1 L 46
49 0 L 39
50 0 L 1
51 0 U 18
52 1 L 1
53 1 L 8
54 0 L 28
55 0 U 44
56 1 U 37
57 0 U 19
58 0 U 48
59 0 L 27
60 0 U 44
61 0 L 18
62 1 U 4
63 1 L 58
64 1 L 59
65 1 L 34
66 1 L 2
67 0 U 44
68 1 L 55
69 0 U 13
70 0 L 63
71 1 L 16
72 1 U -1
73 1 U 11
74 1 L 56
75 0 L 22
76 0 L 52
77 0 U 36
78 0 U 71
79 0 U 39
80 1 U 22
81 0 L 68
82 0 U 55
83 1 U 17
84 0 L 57
85 1 L 35
86 0 L 78
87 1 U 17
88 1 U -1
89 1 U 64
90
0 1 L -1
1 0 L -1
2 1 U -1
3 1 L 1
4 0 L -1
5 0 L 1
6 0 U 5
7 0 L 4
8 1 U -1
9 1 U 8
10 0 U 5
11 0 L -1
12 1 L 7
13 1 U -1
14 1 U 11
15 0 L 11
16 0 L -1
17 0 U 13
18 1 L 9
19 1 L -1
20 1 U 14
21 0 L 9
22 1 U 3
23 1 U 10
24 0 U -1
25 0 L 3
26 0 U 19
27 1 U 2
28 0 L 6
29 1 U 0
30 1 L 28
31 0 L 15
32 0 U 27
33 0 L 31
34 0 U 11
35 0 U 29
36 0 U 9
37 1 U 12
38 1 L 27
39 1 L -1
40 0 L 39
41 0 L -1
42 1 L 3
43 0 U -1
44 1 U -1
45 0 L 33
46 1 L 20
47 1 L -1
48 1 L 46
49 1 L 39
50 0 L 40
51 0 U 18
52 1 L 1
53 1 L 30
54 0 L 28
55 0 U 44
56 1 U 37
57 0 U 19
58 0 U 48
59 0 L 27
60 0 U 44
61 0 L 22
62 1 U 4
63 1 L 58
64 1 L 59
65 1 L 34
66 1 L 52
67 0 U 44
68 1 L 55
69 0 U 13
70 0 L 63
71 1 L 16
72 1 U -1
73 1 U 11
74 1 L 56
75 0 L 22
76 0 L 52
77 0 U 36
78 0 U 71
79 0 U 39
80 1 U 22
81 0 L 68
82 0 U 55
83 1 U 35
84 0 L 57
85 0 L 32
86 0 L 78
87 1 U 17
88 1 U -1
89 1 U 64
90
0 1 U -1
1 0 L -1
2 1 U -1
3 1 L 1
4 0 L -1
5 0 L 1
6 0 U 5
7 0 L 4
8 1 U -1
9 1 U 8
10 0 U 5
11 0 L -1
12 1 L 5
13 1 U -1
14 1 U 11
15 0 L 11
16 0 L -1
17 0 U 13
18 1 L 9
19 1 L -1
20 1 U 14
21 0 L 9
22 1 U 3
23 0 U 10
24 0 U -1
25 0 L 3
26 0 U 19
27 1 U 2
28 0 L 6
29 1 U 0
30 1 L 28
31 0 L 28
32 0 U 5
33 0 L 31
34 0 U 11
35 0 U 29
36 0 U 9
37 1 U 12
38 1 L 27
39 1 L -1
40 1 L 39
41 0 L -1
42 1 L 41
43 0 U -1
44 1 U -1
45 0 L 33
46 1 L 20
47 1 L -1
48 1 L 46
49 0 L 39
50 0 L 40
51 0 U 18
52 1 L 49
53 1 L 30
54 0 L 28
55 0 U 44
56 1 U 37
57 0 U 19
58 0 U 48
59 0 L 27
60 0 U 44
61 0 L 22
62 1 U 4
63 1 L 58
64 1 L 59
65 1 L 34
66 1 L 7
67 0 U 44
68 1 L 55
69 0 U 13
70 0 L 63
71 1 L 16
72 1 U -1
73 1 U 11
74 1 L 56
75 0 U 22
76 0 L 52
77 0 U 36
78 0 U 71
79 0 U 39
80 1 U 10
81 0 L 68
82 0 U 55
83 1 U 35
84 0 L 57
85 1 L 32
86 0 L 78
87 1 U 17
88 1 U -1
89 1 U 64
90
0 1 U -1
1 0 L -1
2 1 U -1
3 1 L 1
4 0 L -1
5 0 L 1
6 0 U 5
7 0 L 4
8 1 U -1
9 1 U 8
10 0 U 5
11 0 L -1
12 1 L 5
13 1 U -1
14 1 U 11
15 0 L 11
16 0 L -1
17 0 U 13
18 1 L 9
19 1 L -1
20 1 U 14
21 0 L 9
22 1 U 3
23 0 U 10
24 0 U -1
25 0 L 3
26 0 U 19
27 1 U 2
28 0 L 6
29 1 U 0
30 1 L 28
31 0 L 28
32 0 U 5
33 0 L 31
34 0 U 15
35 0 U 29
36 0 U 9
37 1 U 12
38 1 L 27
39 1 L -1
40 0 L 39
41 0 L -1
42 1 L 41
43 0 U -1
44 1 U -1
45 0 L 33
46 1 L 20
47 1 L -1
48 1 L 46
49 1 L 39
50 0 L 19
51 0 U 18
52 1 L 49
53 1 L 8
54 0 L 52
55 0 U 44
56 1 U 37
57 0 U 19
58 0 U 48
59 0 L 27
60 0 U 44
61 0 L 22
62 1 U 4
63 1 L 58
64 1 L 59
65 1 L 34
66 1 L 7
67 0 U 44
68 1 L 55
69 0 U 13
70 0 L 63
71 1 L 16
72 1 U -1
73 1 U 11
74 1 L 56
75 0 L 24
76 0 L 52
77 0 U 36
78 0 U 71
79 0 U 39
80 1 U 22
81 0 L 68
82 0 U 55
83 1 U 35
84 0 L 57
85 0 L 32
86 0 L 78
87 1 U 17
88 0 U -1
89 1 U 64
90
0 1 U -1
1 0 L -1
2 1 U -1
3 1 L 1
4 0 L -1
5 0 L 1
6 0 U 5
7 0 L 4
8 1 U -1
9 1 U 8
10 0 U 5
11 0 L -1
12 1 L 5
13 1 U -1
14 1 U 11
15 0 L 11
16 0 L -1
17 0 U 13
18 1 L 9
19 1 L -1
20 1 U 14
21 0 L 9
22 1 U 3
23 0 U 10
24 0 U -1
25 0 L 3
26 0 U 19
27 1 U 2
28 0 L 6
29 1 U 0
30 1 L 28
31 0 L 28
32 0 U 5
33 0 L 31
34 0 U 15
35 0 U 29
36 0 U 9
37 1 U 12
38 1 L 27
39 1 L -1
40 1 L 39
41 0 L -1
42 1 L 28
43 0 U -1
44 1 U -1
45 0 L 33
46 1 L 20
47 1 L -1
48 1 L 46
49 1 L 39
50 0 L 19
51 0 U 18
52 1 L 49
53 1 L 8
54 0 L 52
55 0 U 44
56 1 U 37
57 0 U 19
58 0 U 48
59 0 L 27
60 0 U 44
61 0 L 22
62 1 U 35
63 1 L 58
64 1 L 59
65 1 L 48
66 1 L 7
67 0 U 44
68 1 L 55
69 0 U 13
70 0 L 63
71 1 L 16
72 1 U -1
73 1 U 11
74 1 L 56
75 0 L 24
76 0 L 52
77 0 U 36
78 0 U 71
79 0 U 39
80 1 U 22
81 0 L 68
82 0 U 55
83 1 U 35
84 0 L 57
85 1 L 32
86 0 L 78
87 1 U 17
88 1 U -1
89 1 U 64
90
0 1 L -1
1 0 L -1
2 1 U -1
3 1 L 1
4 0 L -1
5 0 L 1
6 0 U 5
7 0 L 4
8 1 U -1
9 1 U 8
10 0 U 5
11 0 L -1
12 1 L 5
13 1 U -1
14 1 U 11
15 0 L 1
16 0 L -1
17 0 U 13
18 1 L 9
19 1 L -1
20 1 U 14
21 0 L 9
22 1 U 3
23 0 U 10
24 0 U -1
25 0 L 3
26 0 U 19
27 1 U 2
28 0 L 6
29 1 U 0
30 1 L 28
31 0 L 28
32 0 U 5
33 0 L 31
34 0 U 15
35 0 U 29
36 0 U 9
37 1 U 12
38 1 L 27
39 1 L -1
40 0 L 39
41 0 L -1
42 1 L 28
43 0 U -1
44 1 U -1
45 0 L 33
46 1 L 20
47 1 L -1
48 1 L 46
49 0 L 39
50 0 L 19
51 0 U 18
52 1 L 49
53 1 L 8
54 0 L 52
55 0 U 44
56 1 U 37
57 0 U 19
58 0 U 48
59 0 L 27
60 0 U 44
61 0 L 22
62 1 U 35
63 1 L 58
64 1 L 59
65 1 L 48
66 1 L 7
67 0 U 44
68 1 L 55
69 0 U 13
70 0 L 63
71 1 L 1
72 1 U -1
73 1 U 11
74 1 L 56
75 0 L 14
76 0 L 52
77 0 U 36
78 0 U 71
79 0 U 39
80 1 U 22
81 0 L 68
82 0 U 55
83 1 U 35
84 0 L 57
85 1 L 32
86 0 L 78
87 1 U 17
88 1 U -1
89 1 U 64
90
0 1 U -1
1 0 L -1
2 1 U -1
3 1 L 1
4 0 L -1
5 0 L 1
6 0 U 5
7 0 L 4
8 1 U -1
9 1 U 8
10 0 U 5
11 0 L -1
12 1 L 5
13 1 U -1
14 1 U 11
15 0 L 1
16 0 L -1
17 0 U 13
18 1 L 9
19 1 L -1
20 1 U 14
21 0 L 9
22 1 U 3
23 0 U 10
24 0 U -1
25 0 L 3
26 0 U 19
27 1 U 2
28 0 L 0
29 1 U 0
30 1 L 28
31 0 L 28
32 0 U 5
33 0 L 31
34 0 U 15
35 0 U 29
36 0 U 9
37 1 U 12
38 1 L 27
39 1 L -1
40 1 L 39
41 0 L -1
42 1 L 28
43 0 U -1
44 1 U -1
45 0 L 33
46 0 L 20
47 1 L -1
48 1 L 46
49 0 L 39
50 0 L 40
51 0 U 15
52 1 L 49
53 1 L 8
54 0 L 52
55 0 U 44
56 1 U 37
57 0 U 19
58 0 U 48
59 0 L 27
60 0 U 44
61 0 L 13
62 1 U 35
63 1 L 58
64 1 L 59
65 1 L 48
66 1 L 7
67 0 U 44
68 1 L 55
69 0 U 13
70 0 L 63
71 1 L 1
72 1 U -1
73 1 U 62
74 1 L 56
75 0 L 14
76 0 L 52
77 0 U 36
78 0 U 71
79 0 U 39
80 1 U 22
81 0 L 68
82 0 U 55
83 1 U 35
84 0 L 57
85 1 L 32
86 0 L 53
87 1 U 17
88 1 U -1
89 1 U 64
90
0 1 L -1
1 0 L -1
2 1 U -1
3 1 L 1
4 0 L -1
5 0 L 1
6 0 U 5
7 0 L 4
8 1 U -1
9 1 U 8
10 0 U 5
11 0 L -1
12 1 L 5
13 1 U -1
14 1 U 11
15 0 L 1
16 0 L -1
17 1 U 13
18 1 L 9
19 1 L -1
20 1 U 14
21 0 L 9
22 1 U 3
23 0 U 10
24 0 U -1
25 0 L 3
26 0 U 23
27 1 U 2
28 0 L 0
29 1 U 0
30 1 L 28
31 0 L 28
32 0 U 5
33 0 L 31
34 0 U 7
35 0 U 29
36 0 U 9
37 0 U 12
38 1 L 27
39 1 L -1
40 0 L 39
41 0 L -1
42 1 L 28
43 0 U -1
44 1 U -1
45 0 L 33
46 0 L 20
47 1 L -1
48 1 L 46
49 1 L 39
50 0 L 40
51 0 U 15
52 1 L 49
53 1 L 8
54 0 L 52
55 0 U 44
56 1 U 37
57 0 U 19
58 0 U 48
59 0 L 27
60 0 U 44
61 0 L 13
62 1 U 35
63 1 L 58
64 1 L 59
65 1 L 55
66 1 L 7
67 0 U 44
68 1 L 55
69 0 U 13
70 0 L 63
71 1 L 1
72 1 U -1
73 0 U 16
74 1 L 56
75 0 L 14
76 0 L 52
77 0 U 36
78 0 U 71
79 0 U 39
80 1 U 22
81 0 L 68
82 0 U 55
83 1 U 35
84 0 L 57
85 1 L 32
86 0 L 53
87 1 U 82
88 0 U -1
89 1 U 64
90
0 1 L -1
1 0 L -1
2 1 U -1
3 1 L 1
4 0 L -1
5 0 L 1
6 0 U 5
7 0 L 4
8 1 U -1
9 1 U 8
10 0 U 5
11 0 L -1
12 1 L 5
13 1 U -1
14 1 U 11
15 0 L 11
16 0 L -1
17 0 U 13
18 0 L 9
19 1 L -1
20 1 U 14
21 0 L 9
22 1 U 3
23 0 U 10
24 0 U -1
25 1 L 2
26 0 U 19
27 1 U 2
28 0 L 0
29 1 U 0
30 1 L 28
31 0 L 28
32 0 U 5
33 0 L 31
34 0 U 15
35 0 U 29
36 0 U 9
37 1 U 12
38 1 L 27
39 1 L -1
40 0 L 39
41 0 L -1
42 1 L 28
43 0 U -1
44 1 U -1
45 0 L 33
46 0 L 20
47 1 L -1
48 1 L 46
49 1 L 39
50 0 L 40
51 1 U 15
52 1 L 49
53 1 L 8
54 0 L 52
55 0 U 44
56 1 U 37
57 0 U 19
58 0 U 48
59 0 L 27
60 0 U 44
61 0 L 13
62 1 U 35
63 1 L 58
64 1 L 59
65 1 L 55
66 1 L 7
67 0 U 44
68 1 L 55
69 0 U 13
70 0 L 63
71 1 L 1
72 1 U -1
73 1 U 16
74 1 L 56
75 0 L 14
76 0 L 52
77 0 U 36
78 0 U 71
79 0 U 39
80 1 U 22
81 0 L 68
82 0 U 55
83 1 U 35
84 0 L 57
85 1 L 32
86 0 L 53
87 1 U 82
88 1 U -1
89 1 U 64
90
0 1 U -1
1 0 L -1
2 1 U -1
3 1 L 1
4 0 L -1
5 0 L 1
6 0 U 5
7 0 L 4
8 1 U -1
9 1 U 8
10 0 U 5
11 0 L -1
12 1 L 3
13 1 U -1
14 1 U 11
15 0 L 11
16 0 L -1
17 0 U 13
18 0 L 9
19 1 L -1
20 1 U 14
21 0 L 9
22 1 U 3
23 0 U 10
24 0 U -1
25 0 L 2
26 0 U 19
27 1 U 2
28 0 L 0
29 1 U 0
30 1 L 6
31 0 L 28
32 0 U 5
33 0 L 31
34 0 U 15
35 0 U 29
36 0 U 9
37 0 U 12
38 1 L 20
39 1 L -1
40 1 L 39
41 0 L -1
42 1 L 28
43 0 U -1
44 1 U -1
45 0 L 33
46 0 L 20
47 1 L -1
48 1 L 46
49 0 L 39
50 0 L 40
51 0 U 15
52 1 L 49
53 1 L 8
54 0 L 52
55 0 U 44
56 1 U 37
57 0 U 19
58 0 U 48
59 0 L 27
60 0 U 44
61 0 L 13
62 1 U 35
63 1 L 58
64 1 L 59
65 1 L 55
66 1 L 41
67 0 U 44
68 1 L 55
69 0 U 13
70 0 L 63
71 1 L 1
72 1 U -1
73 0 U 16
74 1 L 56
75 0 L 14
76 0 L 52
77 0 U 36
78 0 U 71
79 0 U 39
80 1 U 22
81 0 L 68
82 0 U 55
83 1 U 35
84 0 L 57
85 0 L 32
86 0 L 53
87 1 U 82
88 1 U -1
89 1 U 64
90
0 1 U -1
1 0 L -1
2 1 U -1
3 1 L 1
4 0 L -1
5 0 L 1
6 0 U 5
7 0 L 1
8 1 U -1
9 1 U 8
10 0 U 5
11 0 L -1
12 1 L 2
13 1 U -1
14 1 U 11
15 0 L 11
16 0 L -1
17 0 U 13
18 1 L 9
19 1 L -1
20 1 U 14
21 0 L 9
22 1 U 3
23 0 U 10
24 0 U -1
25 0 L 3
26 0 U 23
27 1 U 2
28 0 L 0
29 1 U 0
30 1 L 6
31 0 L 28
32 0 U 5
33 0 L 31
34 0 U 15
35 0 U 29
36 0 U 9
37 0 U 12
38 1 L 20
39 1 L -1
40 0 L 39
41 0 L -1
42 1 L 28
43 0 U -1
44 1 U -1
45 0 L 33
46 0 L 20
47 1 L -1
48 1 L 46
49 1 L 39
50 0 L 40
51 1 U 15
52 1 L 49
53 1 L 8
54 0 L 52
55 0 U 44
56 1 U 37
57 0 U 19
58 0 U 48
59 0 L 27
60 0 U 44
61 0 L 13
62 1 U 35
63 1 L 58
64 1 L 59
65 1 L 55
66 1 L 41
67 0 U 44
68 1 L 55
69 0 U 13
70 0 L 63
71 1 L 1
72 1 U -1
73 0 U 16
74 1 L 56
75 0 L 14
76 0 L 52
77 0 U 36
78 0 U 71
79 0 U 30
80 1 U 22
81 0 L 68
82 0 U 55
83 1 U 35
84 0 L 57
85 0 L 32
86 0 L 53
87 1 U 82
88 1 U -1
89 1 U 64
90
0 1 U -1
1 0 L -1
2 1 U -1
3 1 L 1
4 0 L -1
5 0 L 1
6 0 U 5
7 0 L 1
8 1 U -1
9 1 U 8
10 0 U 5
11 0 L -1
12 1 L 2
13 1 U -1
14 1 U 11
15 0 L 11
16 0 L -1
17 0 U 13
18 0 L 9
19 1 L -1
20 1 U 14
21 0 L 9
22 1 U 3
23 0 U 10
24 0 U -1
25 0 L 3
26 0 U 23
27 1 U 2
28 0 L 0
29 1 U 0
30 1 L 6
31 0 L 28
32 0 U 5
33 0 L 31
34 0 U 15
35 0 U 29
36 0 U 9
37 0 U 12
38 1 L 20
39 1 L -1
40 1 L 39
41 0 L -1
42 1 L 41
43 0 U -1
44 1 U -1
45 0 L 33
46 0 L 20
47 1 L -1
48 1 L 46
49 1 L 39
50 0 L 49
51 0 U 15
52 1 L 49
53 1 L 8
54 0 L 52
55 0 U 44
56 1 U 37
57 0 U 19
58 0 U 48
59 0 L 27
60 0 U 44
61 0 L 13
62 1 U 35
63 1 L 58
64 1 L 59
65 1 L 55
66 1 L 28
67 0 U 44
68 1 L 55
69 0 U 13
70 0 L 63
71 1 L 19
72 1 U -1
73 0 U 16
74 1 L 56
75 0 L 14
76 0 L 52
77 0 U 36
78 0 U 71
79 0 U 30
80 1 U 22
81 0 L 68
82 0 U 55
83 1 U 35
84 0 L 57
85 1 L 32
86 0 L 53
87 1 U 82
88 0 U -1
89 1 U 64
90
0 1 L -1
1 0 L -1
2 1 U -1
3 1 L 1
4 0 L -1
5 0 L 1
6 0 U 5
7 0 L 1
8 1 U -1
9 1 U 8
10 0 U 5
11 0 L -1
12 1 L 2
13 1 U -1
14 1 U 11
15 0 L 11
16 0 L -1
17 0 U 13
18 1 L 9
19 1 L -1
20 1 U 14
21 0 L 9
22 1 U 3
23 0 U 10
24 0 U -1
25 0 L 3
26 0 U 23
27 1 U 2
28 0 L 0
29 1 U 0
30 1 L 6
31 0 L 28
32 0 U 5
33 0 L 31
34 0 U 15
35 0 U 29
36 0 U 9
37 0 U 12
38 1 L 20
39 1 L -1
40 1 L 39
41 0 L -1
42 1 L 41
43 0 U -1
44 1 U -1
45 0 L 33
46 0 L 20
47 1 L -1
48 1 L 46
49 1 L 39
50 0 L 49
51 0 U 15
52 1 L 49
53 1 L 8
54 0 L 52
55 0 U 44
56 1 U 37
57 0 U 37
58 0 U 48
59 0 L 27
60 0 U 44
61 0 L 13
62 1 U 35
63 1 L 58
64 1 L 59
65 1 L 55
66 1 L 28
67 0 U 44
68 1 L 55
69 0 U 13
70 0 L 63
71 1 L 1
72 1 U -1
73 0 U 16
74 1 L 56
75 0 L 14
76 0 L 52
77 0 U 36
78 0 U 71
79 0 U 30
80 1 U 22
81 0 L 68
82 0 U 67
83 1 U 35
84 0 L 57
85 1 L 32
86 0 L 53
87 1 U 17
88 1 U -1
89 1 U 64
90
0 1 U -1
1 0 L -1
2 1 U -1
3 1 L 1
4 0 L -1
5 0 L 1
6 0 U 5
7 0 L 4
8 1 U -1
9 1 U 8
10 0 U 5
11 0 L -1
12 1 L 2
13 1 U -1
14 1 U 11
15 0 L 11
16 0 L -1
17 0 U 13
18 0 L 9
19 1 L -1
20 1 U 14
21 0 L 9
22 1 U 3
23 0 U 10
24 0 U -1
25 0 L 3
26 0 U 23
27 1 U 2
28 0 L 0
29 1 U 0
30 1 L 6
31 0 L 28
32 0 U 5
33 0 L 31
34 0 U 22
35 0 U 29
36 0 U 9
37 0 U 12
38 1 L 20
39 1 L -1
40 0 L 39
41 0 L -1
42 1 L 41
43 0 U -1
44 1 U -1
45 0 L 33
46 0 L 20
47 1 L -1
48 1 L 46
49 0 L 39
50 0 L 49
51 1 U 15
52 1 L 49
53 1 L 8
54 0 L 52
55 0 U 8
56 1 U 37
57 0 U 37
58 0 U 48
59 0 L 27
60 0 U 44
61 0 L 13
62 1 U 35
63 1 L 58
64 1 L 59
65 1 L 55
66 1 L 28
67 0 U 44
68 1 L 55
69 0 U 13
70 0 L 63
71 1 L 1
72 1 U -1
73 0 U 16
74 1 L 56
75 0 L 14
76 0 L 52
77 0 U 36
78 0 U 71
79 0 U 30
80 1 U 22
81 0 L 68
82 0 U 67
83 1 U 35
84 0 L 81
85 1 L 32
86 0 L 53
87 1 U 17
88 0 U -1
89 1 U 64
90
0 1 U -1
1 0 L -1
2 1 U -1
3 1 L 1
4 0 L -1
5 0 L 1
6 0 U 5
7 0 L 4
8 1 U -1
9 1 U 8
10 0 U 5
11 0 L -1
12 1 L 7
13 1 U -1
14 1 U 11
15 0 L 11
16 0 L -1
17 0 U 13
18 0 L 9
19 1 L -1
20 1 U 14
21 0 L 9
22 1 U 3
23 0 U 10
24 0 U -1
25 0 L 3
26 0 U 23
27 1 U 2
28 0 L 0
29 1 U 0
30 1 L 6
31 0 L 28
32 0 U 5
33 0 L 31
34 0 U 9
35 0 U 29
36 0 U 9
37 1 U 12
38 1 L 20
39 1 L -1
40 1 L 39
41 0 L -1
42 1 L 41
43 0 U -1
44 1 U -1
45 0 L 33
46 0 L 20
47 1 L -1
48 1 L 46
49 1 L 39
50 0 L 16
51 0 U 15
52 1 L 49
53 1 L 8
54 0 L 52
55 0 U 8
56 1 U 37
57 0 U 37
58 0 U 48
59 0 L 27
60 0 U 44
61 0 L 13
62 1 U 35
63 1 L 58
64 1 L 59
65 1 L 55
66 1 L 28
67 0 U 44
68 1 L 55
69 0 U 13
70 0 L 63
71 1 L 1
72 1 U -1
73 0 U 16
74 1 L 56
75 0 L 14
76 0 L 52
77 0 U 16
78 0 U 71
79 0 U 38
80 1 U 22
81 0 L 68
82 0 U 8
83 1 U 35
84 0 L 81
85 1 L 32
86 0 L 78
87 1 U 35
88 1 U -1
89 1 U 64
90
0 1 U -1
1 0 L -1
2 1 U -1
3 1 L 1
4 0 L -1
5 0 L 1
6 0 U 5
7 0 L 1
8 1 U -1
9 1 U 8
10 0 U 5
11 0 L -1
12 1 L 7
13 1 U -1
14 1 U 11
15 0 L 11
16 0 L -1
17 0 U 13
18 0 L 9
19 1 L -1
20 1 U 14
21 0 L 9
22 1 U 3
23 0 U 10
24 0 U -1
25 0 L 3
26 0 U 23
27 1 U 2
28 0 L 0
29 1 U 0
30 1 L 6
31 0 L 28
32 0 U 27
33 0 L 31
34 0 U 9
35 0 U 29
36 0 U 6
37 0 U 12
38 1 L 20
39 1 L -1
40 0 L 39
41 0 L -1
42 1 L 41
43 0 U -1
44 1 U -1
45 0 L 33
46 0 L 20
47 1 L -1
48 1 L 46
49 0 L 39
50 0 L 40
51 0 U 15
52 1 L 49
53 1 L 8
54 0 L 52
55 0 U 8
56 1 U 37
57 0 U 37
58 0 U 48
59 0 L 27
60 0 U 44
61 0 L 13
62 1 U 35
63 1 L 58
64 1 L 59
65 1 L 55
66 1 L 15
67 0 U 44
68 1 L 55
69 0 U 13
70 0 L 63
71 1 L 1
72 1 U -1
73 0 U 16
74 1 L 56
75 0 L 14
76 0 L 52
77 0 U 16
78 0 U 71
79 0 U 38
80 1 U 22
81 0 L 68
82 0 U 8
83 1 U 35
84 1 L 80
85 1 L 32
86 0 L 78
87 1 U 35
88 1 U -1
89 1 U 64
90
0 1 U -1
1 0 L -1
2 1 U -1
3 1 L 1
4 0 L -1
5 0 L 1
6 0 U 5
7 0 L 4
8 1 U -1
9 1 U 8
10 0 U 5
11 0 L -1
12 1 L 3
13 1 U -1
14 1 U 11
15 0 L 11
16 0 L -1
17 0 U 13
18 0 L 9
19 1 L -1
20 1 U 14
21 0 L 9
22 1 U 3
23 0 U 10
24 0 U -1
25 0 L 3
26 0 U 23
27 1 U 2
28 0 L 0
29 1 U 0
30 1 L 6
31 0 L 28
32 0 U 27
33 0 L 31
34 0 U 9
35 0 U 29
36 0 U 6
37 0 U 12
38 1 L 20
39 1 L -1
40 1 L 39
41 0 L -1
42 1 L 41
43 0 U -1
44 1 U -1
45 0 L 33
46 0 L 20
47 1 L -1
48 1 L 46
49 1 L 39
50 0 L 40
51 0 U 15
52 1 L 49
53 1 L 8
54 0 L 52
55 0 U 8
56 1 U 37
57 0 U 37
58 0 U 48
59 0 L 27
60 0 U 44
61 0 L 18
62 1 U 35
63 1 L 58
64 1 L 59
65 1 L 55
66 1 L 15
67 0 U 44
68 1 L 55
69 0 U 13
70 0 L 63
71 1 L 1
72 1 U -1
73 0 U 16
74 1 L 56
75 0 L 18
76 0 L 52
77 0 U 16
78 0 U 71
79 0 U 38
80 1 U 15
81 0 L 68
82 0 U 8
83 1 U 35
84 1 L 80
85 1 L 32
86 0 L 78
87 1 U 35
88 1 U -1
89 1 U 64
90
0 1 L -1
1 0 L -1
2 1 U -1
3 1 L 1
4 0 L -1
5 0 L 1
6 0 U 5
7 0 L 1
8 1 U -1
9 1 U 8
10 0 U 5
11 0 L -1
12 1 L 3
13 1 U -1
14 1 U 11
15 0 L 11
16 0 L -1
17 0 U 13
18 1 L 9
19 1 L -1
20 1 U 14
21 0 L 9
22 1 U 3
23 0 U 10
24 0 U -1
25 0 L 3
26 0 U 19
27 1 U 2
28 0 L 0
29 1 U 0
30 1 L 6
31 0 L 28
32 0 U 5
33 0 L 31
34 0 U 7
35 0 U 29
36 0 U 6
37 1 U 12
38 1 L 20
39 1 L -1
40 1 L 39
41 0 L -1
42 1 L 41
43 0 U -1
44 1 U -1
45 0 L 33
46 0 L 20
47 1 L -1
48 1 L 46
49 0 L 39
50 0 L 16
51 0 U 15
52 1 L 49
53 1 L 8
54 0 L 52
55 0 U 3
56 1 U 37
57 0 U 37
58 0 U 48
59 0 L 27
60 0 U 44
61 0 L 18
62 1 U 35
63 1 L 58
64 1 L 59
65 1 L 55
66 1 L 15
67 0 U 44
68 1 L 55
69 0 U 13
70 0 L 63
71 1 L 1
72 1 U -1
73 1 U 16
74 1 L 51
75 0 L 18
76 0 L 52
77 0 U 16
78 0 U 71
79 0 U 38
80 1 U 15
81 0 L 68
82 0 U 8
83 1 U 35
84 1 L 80
85 1 L 32
86 0 L 78
87 1 U 82
88 1 U -1
89 1 U 64
90
0 1 L -1
1 0 L -1
2 1 U -1
3 1 L 1
4 0 L -1
5 0 L 1
6 0 U 5
7 0 L 1
8 1 U -1
9 1 U 8
10 0 U 5
11 0 L -1
12 1 L 5
13 1 U -1
14 1 U 11
15 0 L 11
16 0 L -1
17 0 U 13
18 1 L 9
19 1 L -1
20 1 U 14
21 0 L 9
22 1 U 13
23 0 U 10
24 0 U -1
25 0 L 3
26 0 U 19
27 1 U 2
28 0 L 0
29 1 U 0
30 1 L 15
31 0 L 28
32 0 U 5
33 0 L 31
34 0 U 7
35 0 U 29
36 0 U 0
37 0 U 12
38 1 L 20
39 1 L -1
40 1 L 39
41 0 L -1
42 1 L 41
43 0 U -1
44 1 U -1
45 0 L 33
46 0 L 20
47 1 L -1
48 1 L 46
49 1 L 39
50 0 L 16
51 0 U 15
52 1 L 49
53 1 L 31
54 0 L 52
55 0 U 3
56 1 U 28
57 0 U 37
58 0 U 48
59 0 L 27
60 0 U 44
61 0 L 18
62 1 U 35
63 1 L 58
64 1 L 59
65 1 L 55
66 1 L 7
67 0 U 44
68 1 L 55
69 0 U 13
70 0 L 63
71 1 L 1
72 1 U -1
73 0 U 16
74 1 U 63
75 0 L 18
76 0 L 52
77 0 U 16
78 0 U 71
79 0 U 38
80 1 U 15
81 0 L 68
82 0 U 8
83 1 U 35
84 0 L 80
85 1 L 32
86 0 L 78
87 1 U 82
88 1 U -1
89 1 U 64
90
0 1 L -1
1 0 L -1
2 1 U -1
3 1 L 1
4 0 L -1
5 0 L 1
6 0 U 5
7 0 L 1
8 1 U -1
9 1 U 8
10 0 U 5
11 0 L -1
12 1 L 5
13 1 U -1
14 1 U 11
15 0 L 11
16 0 L -1
17 0 U 13
18 1 L 9
19 1 L -1
20 1 U 14
21 0 L 9
22 1 U 13
23 0 U 10
24 0 U -1
25 0 L 3
26 0 U 19
27 1 U 2
28 0 L 0
29 1 U 0
30 1 L 15
31 0 L 28
32 0 U 5
33 0 L 31
34 0 U 6
35 0 U 29
36 0 U 0
37 0 U 12
38 1 L 33
39 1 L -1
40 0 L 11
41 0 L -1
42 1 L 41
43 0 U -1
44 1 U -1
45 0 L 33
46 0 L 20
47 1 L -1
48 1 L 46
49 1 L 39
50 0 L 0
51 0 U 15
52 1 L 49
53 1 L 30
54 0 L 52
55 0 U 3
56 1 U 28
57 0 U 37
58 0 U 48
59 0 L 27
60 0 U 44
61 0 L 18
62 1 U 35
63 1 L 58
64 1 L 59
65 1 L 34
66 1 L 41
67 0 U 44
68 1 L 55
69 0 U 13
70 0 L 63
71 1 L 1
72 1 U -1
73 0 U 16
74 1 U 63
75 0 L 18
76 0 L 52
77 0 U 16
78 0 U 71
79 0 U 38
80 1 U 15
81 0 L 68
82 0 U 8
83 1 U 35
84 0 L 80
85 0 L 29
86 0 L 78
87 0 U 82
88 1 U -1
89 1 U 64
90
0 1 L -1
1 0 L -1
2 1 U -1
3 1 L 1
4 0 L -1
5 0 L 1
6 0 U 5
7 0 L 4
8 1 U -1
9 1 U 8
10 0 U 5
11 0 L -1
12 1 L 5
13 1 U -1
14 1 U 11
15 0 L 11
16 0 L -1
17 0 U 13
18 1 L 9
19 1 L -1
20 1 U 14
21 0 L 9
22 1 U 3
23 1 U 10
24 0 U -1
25 0 L 3
26 0 U 19
27 1 U 2
28 0 L 0
29 1 U 0
30 1 L 15
31 0 L 28
32 0 U 5
33 0 L 31
34 0 U 6
35 0 U 29
36 0 U 0
37 0 U 12
38 1 L 33
39 1 L -1
40 0 L 11
41 0 L -1
42 1 L 41
43 0 U -1
44 1 U -1
45 0 L 33
46 0 L 20
47 1 L -1
48 1 L 46
49 0 L 39
50 0 L 49
51 0 U 15
52 1 L 1
53 1 L 30
54 0 L 52
55 0 U 3
56 1 U 28
57 0 U 37
58 0 U 48
59 0 L 27
60 0 U 44
61 0 L 18
62 1 U 35
63 1 L 58
64 1 L 59
65 1 L 64
66 1 L 2
67 0 U 44
68 1 L 55
69 0 U 13
70 0 L 63
71 1 L 1
72 1 U -1
73 0 U 16
74 1 L 63
75 0 L 18
76 0 L 52
77 0 U 16
78 0 U 71
79 0 U 38
80 1 U 15
81 0 L 68
82 0 U 8
83 1 U 35
84 0 L 80
85 1 L 29
86 0 L 78
87 0 U 82
88 1 U -1
89 1 U 64
90
0 1 L -1
1 0 L -1
2 1 U -1
3 1 L 1
4 0 L -1
5 0 L 1
6 0 U 5
7 0 L 4
8 1 U -1
9 1 U 8
10 0 U 5
11 0 L -1
12 1 L 2
13 1 U -1
14 1 U 11
15 0 L 11
16 0 L -1
17 0 U 13
18 1 L 9
19 1 L -1
20 1 U 14
21 0 L 9
22 1 U 3
23 1 U 10
24 0 U -1
25 0 L 3
26 0 U 19
27 1 U 2
28 0 L 0
29 1 U 0
30 1 L 15
31 0 L 28
32 0 U 5
33 0 L 31
34 0 U 6
35 0 U 29
36 0 U 0
37 0 U 12
38 1 L 33
39 1 L -1
40 1 L 11
41 0 L -1
42 1 L 41
43 0 U -1
44 1 U -1
45 0 L 33
46 0 L 20
47 1 L -1
48 1 L 46
49 0 L 39
50 0 L 49
51 0 U 15
52 1 L 1
53 1 L 30
54 0 L 52
55 0 U 4
56 1 U 28
57 0 U 37
58 0 U 48
59 0 L 27
60 0 U 44
61 0 L 18
62 1 U 35
63 1 L 58
64 1 L 59
65 1 L 64
66 1 L 2
67 0 U 44
68 1 L 55
69 0 U 13
70 0 L 63
71 1 L 1
72 1 U -1
73 0 U 16
74 1 L 63
75 0 L 18
76 0 L 52
77 0 U 16
78 0 U 71
79 0 U 38
80 1 U 15
81 0 L 68
82 0 U 8
83 0 U 35
84 0 L 80
85 1 L 29
86 0 L 78
87 0 U 82
88 1 U -1
89 1 U 50
90
0 1 U -1
1 0 L -1
2 1 U -1
3 1 L 1
4 0 L -1
5 0 L 1
6 0 U 5
7 0 L 4
8 1 U -1
9 1 U 8
10 0 U 5
11 0 L -1
12 1 L 2
13 1 U -1
14 1 U 11
15 0 L 11
16 0 L -1
17 0 U 13
18 1 L 9
19 1 L -1
20 1 U 14
21 0 L 9
22 1 U 3
23 0 U 10
24 0 U -1
25 0 L 15
26 0 U 19
27 1 U 2
28 0 L 0
29 1 U 0
30 1 L 15
31 0 L 28
32 0 U 5
33 0 L 31
34 0 U 6
35 0 U 29
36 0 U 0
37 0 U 12
38 1 L 33
39 1 L -1
40 0 L 39
41 0 L -1
42 1 L 41
43 0 U -1
44 1 U -1
45 0 L 33
46 0 L 20
47 1 L -1
48 1 L 46
49 1 L 39
50 0 L 40
51 0 U 15
52 1 L 1
53 1 L 30
54 0 L 52
55 0 U 4
56 1 U 37
57 0 U 19
58 0 U 48
59 0 L 27
60 0 U 44
61 0 L 18
62 1 U 35
63 1 L 58
64 1 L 59
65 1 L 64
66 1 L 2
67 0 U 44
68 1 L 55
69 0 U 13
70 0 L 63
71 1 L 1
72 1 U -1
73 1 U 16
74 1 L 63
75 0 L 66
76 0 L 52
77 0 U 16
78 0 U 71
79 0 U 38
80 1 U 15
81 0 L 68
82 0 U 8
83 1 U 35
84 0 L 57
85 1 L 29
86 0 L 78
87 0 U 17
88 1 U -1
89 1 U 50
