67
0 0 U -1
1 0 U -1
2 0 U -1
3 0 U -1
4 0 U -1
5 0 U -1
6 0 U -1
7 0 U -1
8 0 U -1
9 0 U -1
10 0 U -1
11 0 U -1
12 0 U -1
13 0 U -1
14 0 U -1
15 0 U -1
16 0 U -1
17 0 U -1
18 0 U -1
19 0 U -1
20 0 U -1
21 0 U -1
22 0 U -1
23 0 U -1
24 0 U -1
25 0 U -1
26 0 U -1
27 0 U -1
28 0 U -1
29 0 U -1
30 0 U -1
31 0 U -1
32 0 U -1
33 0 U -1
34 0 U -1
35 0 U -1
36 0 U -1
37 0 U -1
38 0 U -1
39 0 U -1
40 0 U -1
41 0 U -1
42 0 U -1
43 0 U -1
44 0 U -1
45 0 U -1
46 0 U -1
47 0 U -1
48 0 U -1
49 0 U -1
50 0 U -1
51 0 U -1
52 0 U -1
53 0 U -1
54 0 U -1
55 0 U -1
56 0 U -1
57 0 U -1
58 0 U -1
59 0 U -1
60 0 U -1
61 0 U -1
62 0 U -1
63 0 U -1
64 0 U -1
65 0 U -1
66 0 U -1
67
0 0 U -1
1 0 L -1
2 0 U 0
3 0 U -1
4 0 U 3
5 0 L 0
6 1 L 3
7 0 L -1
8 0 U -1
9 0 U 2
10 0 L 6
11 0 U 4
12 1 L -1
13 0 U 5
14 1 U -1
15 0 L -1
16 1 U -1
17 0 U 13
18 1 U 7
19 1 U -1
20 0 U 3
21 1 L 9
22 0 U 1
23 0 U 16
24 1 U 22
25 1 U -1
26 0 U -1
27 0 U 7
28 0 U 1
29 0 U 28
30 0 U 22
31 1 U 0
32 0 L -1
33 1 L 26
34 1 L 25
35 0 L 29
36 0 L 18
37 0 U 5
38 0 L 2
39 0 U -1
40 0 U 13
41 0 U -1
42 0 U 27
43 0 L -1
44 0 L 38
45 1 L 31
46 1 U 10
47 1 L 5
48 0 U 1
49 1 L -1
50 1 L 4
51 1 L 42
52 0 L 21
53 0 U 51
54 1 L -1
55 1 U 2
56 0 U -1
57 1 U 32
58 1 L 22
59 0 U 49
60 1 U 34
61 0 U -1
62 0 U 57
63 1 U 35
64 1 U 11
65 1 L 54
66 1 L 6
67
0 0 U -1
1 0 L -1
2 0 U 0
3 0 U -1
4 0 U 3
5 0 L 0
6 1 L 3
7 0 L -1
8 0 U -1
9 0 U 2
10 0 L 6
11 1 U 7
12 0 L -1
13 0 U 11
14 1 U -1
15 0 L -1
16 1 U -1
17 1 U 13
18 1 U 9
19 1 U -1
20 0 U 3
21 0 L 9
22 1 U 3
23 0 U 3
24 1 U 5
25 0 U 0
26 1 U -1
27 1 U 1
28 0 U 1
29 0 U 28
30 0 U 24
31 0 U 13
32 0 L 12
33 1 L 26
34 1 L 25
35 1 L 1
36 0 L 18
37 1 L 4
38 1 U 11
39 0 U -1
40 0 U 18
41 0 U -1
42 1 U 4
43 0 L 39
44 0 U 27
45 1 U 5
46 0 L 37
47 0 L 37
48 0 U 13
49 0 L -1
50 1 L 4
51 1 U 42
52 0 L 21
53 0 L 8
54 0 L -1
55 1 U 14
56 0 U -1
57 1 U 32
58 0 L 22
59 0 U 49
60 1 U 34
61 0 U -1
62 0 U 57
63 0 L 46
64 0 L 25
65 0 U 8
66 0 L 54
67
0 0 L -1
1 0 L -1
2 0 U 0
3 0 U -1
4 0 U 3
5 0 L 0
6 1 L 3
7 0 L -1
8 0 U -1
9 0 U 2
10 0 L 8
11 1 U 7
12 0 L -1
13 0 U 12
14 1 U -1
15 0 L -1
16 1 U -1
17 1 U 13
18 1 U 15
19 1 U 16
20 1 U 11
21 1 L 9
22 0 U 8
23 0 U 3
24 1 U 6
25 0 U 0
26 1 U -1
27 0 U 1
28 0 U 1
29 0 U 28
30 0 U 26
31 1 L 22
32 0 L 1
33 1 L 30
34 1 L 25
35 1 L 10
36 0 L 18
37 1 L 15
38 1 L 0
39 0 U -1
40 0 U 18
41 0 U 7
42 0 U 4
43 0 L 3
44 0 U 27
45 0 U 26
46 1 L 39
47 1 L 37
48 0 U 13
49 1 L -1
50 1 L 30
51 0 U 42
52 1 L 21
53 1 U 22
54 0 L -1
55 1 U 53
56 0 U 12
57 0 U 32
58 1 L 4
59 0 U 49
60 0 U 34
61 1 U -1
62 1 U 57
63 0 L 1
64 0 L -1
65 0 L 43
66 0 U 3
67
0 0 L -1
1 0 L -1
2 0 U 0
3 0 U -1
4 0 U 3
5 0 L 0
6 1 L 3
7 0 L -1
8 0 U -1
9 0 U 1
10 0 L 8
11 1 U 7
12 0 U 9
13 0 U 5
14 0 U -1
15 0 L -1
16 0 U -1
17 1 U 13
18 1 U 6
19 1 U 16
20 0 U 11
21 1 L 12
22 1 U 8
23 0 U 7
24 1 U 5
25 0 U 0
26 1 U -1
27 0 U 3
28 0 U 1
29 0 U 28
30 0 U 26
31 1 U 7
32 0 L 1
33 1 L 30
34 1 L 25
35 0 L -1
36 0 L 23
37 1 L 15
38 1 L -1
39 0 U -1
40 0 U 18
41 0 U 7
42 0 U 27
43 0 L 5
44 1 U 27
45 0 U 8
46 1 L 39
47 1 L 37
48 0 U 29
49 0 L -1
50 1 L 27
51 0 U 42
52 0 L 21
53 0 U 22
54 1 L -1
55 0 U 53
56 0 U 55
57 0 U 51
58 0 L 2
59 0 U 49
60 0 U 34
61 0 U -1
62 1 U 57
63 0 L 49
64 0 L 12
65 0 L 43
66 0 U 3
67
0 0 U -1
1 0 L -1
2 0 U 0
3 0 U -1
4 0 U 3
5 0 L 0
6 1 L 3
7 0 L -1
8 0 U 0
9 0 U 2
10 0 L 8
11 1 U 7
12 1 U 11
13 0 U 5
14 0 U -1
15 0 L -1
16 0 U -1
17 0 U 13
18 1 U 9
19 1 U 16
20 1 U 11
21 1 L 9
22 1 U -1
23 1 U 2
24 1 U 5
25 0 U 0
26 1 U -1
27 1 U 8
28 0 U 1
29 0 U 28
30 1 U 0
31 0 U 22
32 0 U 1
33 1 L 24
34 1 L 25
35 0 L -1
36 0 L 23
37 1 L 15
38 0 L 28
39 0 U -1
40 0 U 18
41 0 L 7
42 0 U 4
43 0 L 5
44 1 U 3
45 0 U 44
46 1 L 39
47 1 L 37
48 0 U 29
49 1 L -1
50 1 L 30
51 0 U 42
52 1 L 21
53 0 L 47
54 1 L -1
55 1 U 23
56 1 U 55
57 0 L 6
58 0 L 16
59 0 U 49
60 1 U 34
61 0 U -1
62 1 U 56
63 0 L 2
64 0 L 43
65 0 L 41
66 0 L 3
67
0 0 L -1
1 0 L -1
2 0 U 0
3 0 U -1
4 0 U 3
5 0 L 0
6 1 L 3
7 0 L -1
8 0 U 0
9 0 U 2
10 1 L 8
11 1 U 4
12 0 L -1
13 1 U 12
14 0 U -1
15 0 L -1
16 0 U -1
17 1 U 15
18 1 U 15
19 1 U 16
20 0 U 8
21 1 L 9
22 0 U -1
23 1 U 2
24 0 U 5
25 0 U 0
26 1 U -1
27 0 U 5
28 0 U 14
29 0 U 7
30 0 U 0
31 1 U 12
32 0 U 30
33 0 L 24
34 1 L 25
35 1 L 5
36 1 L 15
37 1 U 2
38 1 L 14
39 1 U 22
40 0 U 18
41 0 L 7
42 1 U 32
43 1 U 39
44 0 U 3
45 0 L 25
46 1 L 36
47 1 L 5
48 0 U 29
49 1 L -1
50 1 L 30
51 0 U 5
52 0 L 21
53 1 L 1
54 0 L -1
55 1 U 23
56 1 U 55
57 1 L 8
58 0 L 22
59 0 U 53
60 0 U 34
61 1 U -1
62 1 U 56
63 0 L 2
64 0 L 57
65 0 L 0
66 1 L 57
67
0 0 U -1
1 0 L -1
2 0 U 0
3 0 U -1
4 0 U 3
5 0 L 0
6 1 L 3
7 0 L -1
8 0 U 0
9 0 U 4
10 1 L -1
11 1 U 7
12 0 L 3
13 1 U 11
14 0 U -1
15 0 L -1
16 0 U -1
17 1 L 9
18 1 U 5
19 1 U 16
20 1 U 4
21 1 L 9
22 0 U -1
23 1 U 19
24 0 U 5
25 1 U 0
26 1 U -1
27 0 U 5
28 0 U 3
29 0 U 11
30 1 U 0
31 1 U 16
32 0 U 30
33 0 L 22
34 1 L 20
35 0 L 3
36 1 L 15
37 0 L 25
38 0 L 36
39 1 U 22
40 0 U 35
41 0 L 7
42 1 U 32
43 0 L 41
44 0 U 8
45 0 L 22
46 1 L 5
47 1 L 36
48 0 U 29
49 1 L -1
50 1 L 20
51 0 U 20
52 1 L 15
53 0 U 49
54 0 L -1
55 1 U 19
56 1 U 55
57 0 L 19
58 0 L -1
59 0 U 53
60 0 U 34
61 0 U -1
62 1 U 56
63 0 L 19
64 1 L 47
65 0 L 34
66 0 L 52
67
0 0 U -1
1 0 L -1
2 0 U 0
3 0 U -1
4 0 U 3
5 0 L 0
6 1 L 3
7 0 L -1
8 0 U 0
9 0 U 4
10 1 L -1
11 1 U 4
12 0 L 4
13 1 U 11
14 1 U -1
15 0 L -1
16 0 U -1
17 1 L 9
18 1 U 5
19 1 U 16
20 1 U 4
21 0 L 9
22 1 U -1
23 1 L 20
24 0 U 5
25 1 U 0
26 1 U 11
27 0 U 26
28 1 U 14
29 0 U 11
30 1 U 0
31 1 U 8
32 0 U 30
33 1 L 17
34 1 L 20
35 1 L 3
36 1 L 4
37 1 L 20
38 0 L 33
39 1 U 22
40 0 U 35
41 0 L 7
42 0 U 14
43 0 L 38
44 1 U 1
45 0 L 19
46 0 L 38
47 0 L 36
48 0 U 29
49 1 L -1
50 1 L 33
51 1 U 44
52 0 L 4
53 0 U 41
54 0 L -1
55 1 U 19
56 1 U 55
57 1 L 19
58 0 L -1
59 0 U 53
60 0 U 34
61 1 U -1
62 1 U 56
63 0 L 43
64 0 L 49
65 0 L 25
66 0 L 35
67
0 0 U -1
1 0 L -1
2 0 U 0
3 0 U -1
4 0 U 3
5 0 L 0
6 1 L 3
7 0 L -1
8 0 U 0
9 0 U 8
10 1 L -1
11 1 U 4
12 0 L 4
13 1 U 11
14 1 U -1
15 0 L -1
16 0 U -1
17 0 L 9
18 1 U 6
19 1 U 16
20 0 U 4
21 0 L 9
22 1 U -1
23 1 L -1
24 0 U 5
25 1 U 0
26 1 U -1
27 1 L 6
28 1 U 14
29 0 U 11
30 1 U 16
31 1 L 28
32 0 U 30
33 0 L 16
34 1 L 25
35 1 L 15
36 1 L 23
37 1 L 3
38 1 U 32
39 1 U 0
40 0 U 19
41 0 L 7
42 1 U 3
43 1 L 18
44 1 U 8
45 1 L 19
46 0 L 4
47 1 L 36
48 0 U 29
49 1 L -1
50 1 L 45
51 1 U 44
52 0 L 23
53 0 L 12
54 1 L -1
55 1 U 19
56 1 U 55
57 0 L 47
58 0 L -1
59 0 U 21
60 0 U 34
61 0 U -1
62 1 U 56
63 1 L 24
64 1 L 2
65 1 U 5
66 0 L 3
67
0 0 U -1
1 0 L -1
2 0 U 0
3 0 U -1
4 0 U 3
5 0 L 0
6 1 L 3
7 0 L -1
8 0 U 0
9 0 U 8
10 1 L -1
11 1 U 7
12 0 L 3
13 1 U 11
14 1 U -1
15 0 L -1
16 0 U -1
17 0 L 9
18 1 U 13
19 1 U 16
20 0 U 7
21 1 L 9
22 0 U 19
23 1 L -1
24 0 U 5
25 1 U 0
26 1 U -1
27 0 L 12
28 1 U 25
29 0 U 11
30 1 U 16
31 1 U 24
32 0 U 30
33 1 L 16
34 1 L 25
35 0 L 15
36 1 L 4
37 0 U 29
38 1 U 37
39 1 U 16
40 0 U 19
41 0 L 10
42 1 U 3
43 1 L 7
44 0 U 8
45 1 L 19
46 0 U 12
47 1 L 36
48 0 L 29
49 1 L -1
50 0 L 45
51 1 U 44
52 1 L 23
53 1 U 51
54 1 L -1
55 1 U 19
56 1 U 55
57 1 L 33
58 0 L -1
59 0 U 36
60 1 U 34
61 0 U -1
62 1 U 56
63 1 L 24
64 1 L 2
65 1 U 25
66 0 L 12
67
0 0 L -1
1 0 L -1
2 0 U 0
3 0 U -1
4 0 U 3
5 0 L 0
6 1 L 3
7 0 L -1
8 0 U 0
9 0 U 8
10 1 L -1
11 1 U 7
12 1 L 3
13 1 U 11
14 1 U -1
15 0 L -1
16 0 U -1
17 1 L 9
18 1 U 13
19 1 U 16
20 0 U 7
21 1 L 6
22 0 U 12
23 1 L -1
24 0 U 10
25 1 U 0
26 1 U -1
27 1 L 23
28 1 U 14
29 0 U 10
30 1 U 16
31 1 U 16
32 0 U 25
33 0 L 16
34 1 L 20
35 0 L 33
36 1 L 4
37 0 L 4
38 1 L 6
39 1 U 4
40 0 U 14
41 0 L 0
42 1 L -1
43 1 U 32
44 1 U 8
45 1 L 19
46 1 U 10
47 0 L 36
48 1 U 29
49 1 L -1
50 0 L 45
51 1 U 44
52 0 L 23
53 0 U 31
54 0 L -1
55 1 U 19
56 1 U 55
57 0 L 35
58 0 L -1
59 0 U 36
60 0 U 34
61 0 U -1
62 1 U 56
63 0 L 25
64 0 L 38
65 1 U 0
66 0 L 21
67
0 0 L -1
1 0 L -1
2 0 U 0
3 0 U -1
4 0 U 3
5 0 L 0
6 1 L 3
7 0 L -1
8 0 U 0
9 0 U 8
10 1 L -1
11 1 U 7
12 0 L 3
13 1 U 11
14 1 U -1
15 0 L -1
16 0 U -1
17 1 L 9
18 1 U 13
19 1 U 16
20 0 U 7
21 1 L 6
22 1 U 9
23 1 L -1
24 0 U 10
25 1 U 0
26 1 U -1
27 1 L 23
28 1 U 14
29 0 U 10
30 0 U 0
31 1 L 14
32 0 U 30
33 1 L 17
34 1 L 20
35 0 L 33
36 1 L 4
37 1 L 8
38 0 L 36
39 1 U 4
40 1 U 32
41 0 L 10
42 1 U 26
43 1 L 40
44 0 U 8
45 1 L 19
46 1 U 10
47 1 L 36
48 1 U 29
49 1 L -1
50 0 L 47
51 1 U 44
52 1 L 23
53 0 L 1
54 1 L -1
55 1 U 19
56 1 U 55
57 1 L 35
58 0 L -1
59 0 U 37
60 0 U 34
61 0 U 26
62 1 U 56
63 0 L 34
64 0 L 22
65 1 U 30
66 0 L 36
67
0 0 U -1
1 0 L -1
2 0 U 0
3 0 U -1
4 0 U 3
5 0 L 0
6 1 L 3
7 0 L -1
8 0 U 0
9 0 U 2
10 1 L -1
11 1 U 7
12 1 L 3
13 1 U 11
14 1 U -1
15 0 L -1
16 0 U -1
17 0 L 9
18 1 U 13
19 1 U 16
20 0 U 7
21 1 L 6
22 0 U 3
23 1 L -1
24 0 U 10
25 1 U 0
26 1 U -1
27 1 L 23
28 1 U 14
29 0 U 10
30 1 U 0
31 0 L 14
32 0 U 30
33 0 L 17
34 1 L 28
35 0 L 33
36 1 L 4
37 1 U 34
38 1 L 23
39 1 U 7
40 1 U -1
41 0 L 29
42 1 U 26
43 1 U 4
44 1 U 32
45 0 L 21
46 0 U 40
47 1 L 14
48 0 U 31
49 0 L -1
50 0 L 47
51 1 U 44
52 0 L 3
53 1 L 44
54 0 L -1
55 1 U 19
56 1 U 55
57 1 L 52
58 0 L -1
59 0 U 48
60 0 U 34
61 0 U 26
62 1 U 56
63 0 L 21
64 0 L 5
65 1 U 11
66 0 L 20
67
0 0 L -1
1 0 L -1
2 0 U 0
3 0 U -1
4 0 U 3
5 0 L 0
6 1 L 3
7 0 L -1
8 0 U 0
9 0 U 8
10 1 L -1
11 1 U 4
12 1 L 3
13 1 U 11
14 1 U -1
15 0 L -1
16 0 U -1
17 0 L 9
18 1 U 13
19 1 U 16
20 1 U 7
21 1 L 6
22 1 L 1
23 1 L -1
24 0 U 10
25 1 U 0
26 1 U -1
27 1 L 23
28 1 U 25
29 0 U 10
30 1 U 0
31 0 U -1
32 0 U 30
33 0 L 17
34 1 L 18
35 1 L 14
36 1 L 3
37 0 L 8
38 1 L 23
39 1 U 32
40 1 U -1
41 0 L 29
42 0 U 40
43 1 U 26
44 1 U 19
45 0 L 21
46 1 U 40
47 1 L 21
48 0 U 17
49 0 L -1
50 0 L 47
51 1 U 39
52 1 L 15
53 1 L 46
54 0 L -1
55 1 U 19
56 1 U 55
57 1 L 52
58 1 L 1
59 0 U 48
60 0 U 34
61 0 U 26
62 1 U 56
63 0 L 21
64 1 L 58
65 1 U 5
66 1 L 25
67
0 0 U -1
1 0 L -1
2 0 U 0
3 0 U -1
4 0 U 3
5 1 L 3
6 1 L 3
7 0 L -1
8 0 U -1
9 0 U 7
10 1 L -1
11 1 U 4
12 0 L 0
13 1 U 11
14 0 U -1
15 0 L -1
16 0 U -1
17 0 L 9
18 1 U 15
19 1 U 16
20 1 U 4
21 1 L 6
22 0 U 19
23 1 L -1
24 0 U 10
25 0 U 0
26 1 U -1
27 0 L 12
28 1 U 25
29 0 U 10
30 1 U 0
31 1 U -1
32 0 U 30
33 1 L -1
34 1 L 18
35 0 L 9
36 1 L 12
37 1 U 5
38 0 L 14
39 1 U 32
40 1 U -1
41 0 L 29
42 0 U 40
43 1 U 32
44 0 U 22
45 0 L 20
46 1 U 43
47 1 L 21
48 0 U 17
49 0 L -1
50 0 L 47
51 1 U 37
52 1 L 3
53 1 L 28
54 1 L -1
55 1 U 19
56 1 U 55
57 1 L 52
58 0 L -1
59 0 U 48
60 0 U 34
61 1 U 26
62 1 U 56
63 0 L 47
64 1 L 2
65 1 U 22
66 0 L 26
67
0 0 L -1
1 0 L -1
2 0 U 0
3 0 U -1
4 0 U 3
5 1 L 3
6 1 L 3
7 0 L -1
8 0 U -1
9 0 U 4
10 1 L -1
11 1 U 2
12 0 L 0
13 1 U 5
14 1 U -1
15 0 L -1
16 0 U -1
17 0 L 9
18 1 U 15
19 1 U 16
20 1 U 4
21 1 L 6
22 0 U 1
23 1 L 14
24 0 U 10
25 0 U 0
26 1 U -1
27 0 L 15
28 1 U 25
29 0 U 20
30 1 U 0
31 0 L 21
32 0 U 30
33 1 U -1
34 1 L 18
35 1 L 9
36 1 L 3
37 1 U 5
38 0 L 0
39 1 U 32
40 1 U -1
41 0 L 33
42 0 U 40
43 1 U 11
44 0 U 22
45 1 L 28
46 1 L 43
47 1 L 14
48 0 U 27
49 1 L -1
50 0 L 47
51 1 U 37
52 0 L 3
53 0 L 11
54 0 L -1
55 1 U 19
56 1 U 55
57 1 L 36
58 1 L -1
59 0 U 48
60 0 U 34
61 1 U 26
62 1 U 56
63 0 L 47
64 1 L 2
65 1 U 14
66 0 L 9
67
0 0 L -1
1 0 L -1
2 0 U 0
3 0 U -1
4 0 U 3
5 1 L 0
6 1 L 3
7 0 L -1
8 0 U -1
9 0 U 4
10 1 L -1
11 1 U 2
12 1 L 5
13 1 U 5
14 1 U -1
15 0 L -1
16 0 U -1
17 0 L 9
18 1 U 15
19 1 U 16
20 1 U 4
21 1 L 6
22 0 U 1
23 1 L 6
24 0 U 10
25 0 U 0
26 1 U -1
27 1 L 15
28 1 U 25
29 0 U 20
30 1 U 26
31 0 L -1
32 0 U 30
33 1 U 26
34 1 L 18
35 0 L 23
36 1 L 3
37 1 U 5
38 1 U -1
39 1 U 32
40 1 U -1
41 0 L 33
42 0 U 40
43 1 U 26
44 0 L 16
45 0 L 42
46 1 L 29
47 0 L 14
48 1 U 17
49 0 L -1
50 1 L 13
51 1 U 37
52 1 L 3
53 1 L 28
54 1 L -1
55 1 U 19
56 1 U 55
57 1 L 36
58 0 L -1
59 0 U 48
60 1 U 34
61 0 U 26
62 1 U 56
63 0 L 37
64 1 U 2
65 1 U 20
66 0 L 9
67
0 0 U -1
1 0 L -1
2 0 U 0
3 0 U -1
4 0 U 3
5 1 L 3
6 1 L 3
7 0 L -1
8 0 U -1
9 0 U 4
10 1 L -1
11 1 U 2
12 0 U 8
13 1 U 5
14 1 U -1
15 0 L -1
16 0 U -1
17 0 L 9
18 1 U 15
19 1 U 16
20 1 U 4
21 1 L 5
22 0 L 4
23 1 L 21
24 0 U 10
25 1 U 0
26 1 U -1
27 0 L 15
28 1 U 25
29 0 U 20
30 1 U 0
31 0 L 23
32 0 U 30
33 1 U 0
34 1 L 18
35 0 L 21
36 1 L 15
37 1 U 5
38 1 U -1
39 1 U 32
40 1 U -1
41 0 L 33
42 0 U 40
43 1 U 26
44 1 L 19
45 1 L 42
46 1 L 41
47 0 L 14
48 1 U 17
49 0 L -1
50 1 L 44
51 1 U 45
52 0 L 3
53 0 L 17
54 1 L -1
55 1 U 19
56 1 U 55
57 1 L 36
58 1 L -1
59 0 U 48
60 1 U 34
61 1 U 26
62 1 U 56
63 0 L 20
64 1 L 2
65 1 L 7
66 0 L 53
67
0 0 L -1
1 0 L -1
2 0 U 0
3 0 U -1
4 0 U 3
5 1 L 3
6 1 L 3
7 0 L -1
8 0 U 0
9 0 U 7
10 1 L 1
11 1 U 2
12 0 U 11
13 1 U 5
14 1 U -1
15 0 L -1
16 0 U -1
17 0 L 9
18 1 U 15
19 1 U 16
20 0 U 12
21 0 L 5
22 1 U -1
23 1 L 6
24 0 U 10
25 0 U 0
26 1 U -1
27 0 L 3
28 1 U 2
29 0 U 10
30 1 U 0
31 1 L 12
32 0 U 3
33 0 U 0
34 1 L 18
35 0 L 21
36 1 L 15
37 1 L 35
38 1 L -1
39 1 U 32
40 1 U -1
41 0 L 7
42 0 U 40
43 0 U 39
44 1 L 19
45 0 L 42
46 1 L 41
47 0 L 14
48 1 U 17
49 1 L -1
50 1 L 13
51 0 U 43
52 0 L 3
53 0 L 45
54 0 L -1
55 1 U 19
56 1 U 55
57 1 L 36
58 0 L -1
59 0 U 48
60 1 U 34
61 0 U 26
62 1 U 56
63 0 L 24
64 0 L 10
65 1 U 61
66 0 L 31
67
0 0 U -1
1 0 L -1
2 0 U 0
3 0 U -1
4 0 U 3
5 1 L 3
6 1 L 3
7 1 L -1
8 0 U 0
9 0 U 4
10 1 L 1
11 1 U 8
12 1 U 4
13 1 U 12
14 1 U -1
15 0 L -1
16 0 U -1
17 0 L 9
18 1 U 6
19 1 U 16
20 0 U 12
21 1 L 5
22 1 L 14
23 1 L 6
24 0 U 10
25 0 U 0
26 1 U -1
27 0 L 3
28 1 U 2
29 0 U 12
30 1 U 0
31 0 L 12
32 0 U 30
33 0 U -1
34 1 L 18
35 0 L 21
36 1 L 10
37 1 L 35
38 1 L -1
39 1 U 32
40 1 U -1
41 0 L 0
42 0 U 40
43 0 U 39
44 1 L 31
45 0 L 42
46 0 U 43
47 0 L 37
48 0 U 29
49 1 L -1
50 1 L 13
51 0 U 43
52 1 L 3
53 0 U 47
54 0 L -1
55 1 U 19
56 1 U 55
57 0 L 11
58 0 L -1
59 0 U 35
60 0 U 34
61 0 U 26
62 1 U 56
63 0 L 47
64 1 L 41
65 1 U 30
66 0 L 57
67
0 0 U -1
1 0 L -1
2 0 U 0
3 0 U -1
4 0 U 3
5 1 L 3
6 1 L 3
7 1 L -1
8 0 U 0
9 0 U 4
10 1 L 1
11 1 U 8
12 1 U 4
13 1 U 12
14 1 U -1
15 0 L -1
16 0 U -1
17 0 L 9
18 1 U 6
19 1 U 16
20 0 U 12
21 1 L 8
22 0 U 9
23 1 L 8
24 0 U 10
25 0 U 0
26 1 U -1
27 0 L 10
28 1 U 2
29 0 U 10
30 1 U 26
31 0 L 12
32 0 U 30
33 0 U 26
34 1 L 18
35 0 L 21
36 1 L 4
37 0 L 35
38 1 L 7
39 1 U 32
40 1 U -1
41 0 L 0
42 0 U 40
43 0 U 12
44 1 L 31
45 1 L 29
46 0 U 43
47 1 L 37
48 1 U 29
49 1 L -1
50 1 L 28
51 0 U 43
52 1 L 10
53 1 L 22
54 0 L -1
55 1 U 19
56 1 U 55
57 0 L 52
58 0 L -1
59 0 U 31
60 0 U 34
61 0 U 26
62 1 U 56
63 0 L 22
64 1 L 2
65 1 U 0
66 0 L 57
67
0 0 L -1
1 0 L -1
2 0 U 0
3 0 U -1
4 0 U 3
5 1 L 4
6 1 L 3
7 1 L -1
8 0 U 0
9 0 U 4
10 1 L 1
11 1 U 8
12 1 U 4
13 1 U 12
14 1 U -1
15 0 L -1
16 0 U -1
17 0 L 9
18 1 U 9
19 1 U 16
20 0 U 7
21 1 L 8
22 0 U 19
23 1 U 11
24 0 U 10
25 0 U 0
26 1 U -1
27 0 L 3
28 1 U 2
29 0 U 10
30 0 U 26
31 1 L 12
32 0 U 30
33 0 U 4
34 1 L 18
35 0 L 21
36 1 L 4
37 0 L 12
38 1 U 0
39 1 U 25
40 1 U -1
41 0 L 0
42 1 U 32
43 0 U 12
44 0 L 31
45 0 L 9
46 1 U 10
47 1 L 37
48 0 U 29
49 1 L -1
50 1 L 28
51 1 U 12
52 1 L 41
53 1 L 22
54 1 L -1
55 1 U 19
56 1 U 55
57 1 L 52
58 0 L -1
59 0 U 31
60 0 U 34
61 1 U 40
62 1 U 56
63 0 L 20
64 1 L 14
65 1 U 5
66 1 L 21
67
0 0 U -1
1 0 L -1
2 0 U 0
3 0 U -1
4 0 U 3
5 1 L 1
6 1 L 3
7 1 L -1
8 0 U 0
9 0 U 4
10 1 L 1
11 1 U 8
12 0 U 4
13 1 U 12
14 1 U -1
15 0 L -1
16 0 U -1
17 0 L 9
18 1 U 9
19 1 U 16
20 0 U 7
21 1 L 8
22 1 U 0
23 1 U 11
24 0 U 10
25 0 U 0
26 1 U -1
27 0 L 15
28 1 U 8
29 0 U 10
30 0 U 26
31 0 L 14
32 0 U 30
33 0 U 32
34 1 L 18
35 1 L 21
36 1 L 4
37 0 L 12
38 1 U -1
39 1 U 25
40 1 U -1
41 0 L 0
42 0 U 29
43 0 U 7
44 0 L 31
45 0 L 23
46 1 U 10
47 1 L 37
48 1 U 40
49 1 L -1
50 1 L 28
51 1 U 12
52 1 L 4
53 1 U 14
54 0 L -1
55 1 U 19
56 1 U 55
57 0 L 52
58 0 L -1
59 0 U 36
60 0 U 34
61 1 U 40
62 0 U 56
63 0 L 47
64 1 U 25
65 1 U 12
66 0 L 21
67
0 0 U -1
1 0 L -1
2 0 U 0
3 0 U -1
4 0 U 3
5 1 L 1
6 1 L 3
7 1 L -1
8 0 U 0
9 0 U 4
10 1 L 1
11 1 U 8
12 0 U 4
13 1 U 7
14 1 U -1
15 0 L -1
16 0 U -1
17 0 L 9
18 1 U 9
19 1 U 16
20 0 U 7
21 1 L 8
22 1 L 16
23 1 U 5
24 0 U 7
25 1 U 0
26 1 U -1
27 0 L 15
28 1 U 8
29 0 U 10
30 0 U 0
31 0 L 14
32 0 U 30
33 1 U 32
34 1 L 18
35 1 L 21
36 1 L 3
37 0 L 12
38 0 U 8
39 1 U 19
40 1 U -1
41 0 L 0
42 0 U 27
43 1 U 30
44 1 L 31
45 1 L 23
46 1 L 41
47 1 L 37
48 1 U 40
49 1 L -1
50 1 L 28
51 1 U 12
52 0 L 2
53 0 U 33
54 0 L -1
55 1 U 19
56 1 U 55
57 0 L 52
58 0 L -1
59 0 U 36
60 0 U 34
61 0 U 40
62 0 U 56
63 0 L 47
64 1 U 5
65 1 U 23
66 0 L 36
67
0 0 L -1
1 0 L -1
2 0 U 0
3 0 U -1
4 0 U 3
5 1 L 1
6 1 L 3
7 1 L -1
8 0 U 0
9 0 U 4
10 1 L 1
11 1 U 8
12 0 U 5
13 1 U 7
14 1 U -1
15 0 L -1
16 0 U -1
17 0 L 9
18 1 U 9
19 1 U 16
20 0 U 7
21 1 L 8
22 0 U 16
23 1 U 11
24 0 U 7
25 1 U 0
26 1 U -1
27 0 L 4
28 1 U 11
29 0 U 10
30 0 U 0
31 0 L 14
32 0 U 30
33 0 U 32
34 1 L 18
35 1 L 21
36 1 L 3
37 1 L 31
38 0 U 11
39 1 U 32
40 1 U -1
41 0 L 0
42 0 U 27
43 1 U 9
44 0 L 31
45 1 L 23
46 1 L 45
47 1 L 35
48 1 U 40
49 1 L -1
50 1 L 28
51 1 U 12
52 0 L 2
53 0 U 7
54 1 L -1
55 1 U 19
56 1 U 55
57 0 L 33
58 0 L -1
59 0 U 36
60 1 U 34
61 1 U 40
62 0 U 56
63 0 L 37
64 1 U 13
65 1 U 4
66 0 L 36
67
0 0 U -1
1 0 L -1
2 0 U 0
3 0 U -1
4 0 U 3
5 1 L 1
6 1 L 3
7 1 L -1
8 0 U 0
9 0 U 4
10 1 L 1
11 1 U 8
12 0 U 4
13 1 U 7
14 1 U -1
15 0 L -1
16 0 U -1
17 0 L 9
18 1 U 9
19 1 U 16
20 0 U 7
21 1 L 8
22 0 U 8
23 1 U 11
24 0 U 7
25 1 U 0
26 1 U -1
27 0 L 15
28 1 U 23
29 0 U 10
30 0 U 26
31 0 L 14
32 0 U 30
33 0 U 32
34 1 L 18
35 1 L 21
36 1 L 3
37 0 L 31
38 0 U 4
39 1 U 32
40 1 U -1
41 0 L 0
42 0 U 27
43 1 U 10
44 1 L 31
45 1 L 36
46 1 L 45
47 0 L 46
48 1 U 40
49 1 L -1
50 1 L 28
51 1 U 12
52 0 L 41
53 0 L 31
54 0 L -1
55 1 U 19
56 1 U 55
57 0 L 33
58 0 L -1
59 0 U 36
60 1 U 34
61 0 U 40
62 0 U 56
63 1 L 16
64 1 U 13
65 1 U 5
66 0 L 22
67
0 0 U -1
1 0 L -1
2 0 U 0
3 0 U -1
4 0 U 3
5 1 L 1
6 1 L 3
7 1 L -1
8 0 U 0
9 0 U 4
10 1 L 1
11 1 U 2
12 0 U 5
13 1 U 7
14 1 U -1
15 0 L -1
16 0 U -1
17 0 L 9
18 1 U 9
19 1 U 16
20 0 U 7
21 1 L 8
22 0 U 14
23 1 U 11
24 0 U 7
25 1 U 0
26 1 U -1
27 0 L 10
28 1 U 23
29 0 U 10
30 0 U 26
31 0 L 14
32 0 U 30
33 0 U 32
34 1 L 18
35 1 L 21
36 1 L 3
37 1 U 4
38 0 U 8
39 1 U 19
40 1 U -1
41 0 L 0
42 0 U 27
43 1 U 28
44 0 L 31
45 1 L 36
46 1 L 45
47 0 L 46
48 1 U 40
49 1 L -1
50 1 L 28
51 1 U 12
52 0 L 10
53 1 L 47
54 0 L -1
55 1 U 19
56 1 U 55
57 0 L 33
58 0 L -1
59 0 U 36
60 0 U 34
61 1 U 40
62 0 U 56
63 1 L 16
64 1 U 13
65 1 U 5
66 0 L 21
67
0 0 U -1
1 0 L -1
2 0 U 0
3 0 U -1
4 0 U 3
5 1 L 1
6 1 L 3
7 1 L -1
8 0 U 0
9 0 U 4
10 1 L 1
11 1 U 2
12 0 U 4
13 1 U 12
14 1 U -1
15 0 L -1
16 0 U -1
17 0 L 9
18 1 U 9
19 1 U 16
20 0 U 10
21 1 L 8
22 0 U 2
23 1 U 8
24 0 U 7
25 0 U 0
26 1 U -1
27 0 L 10
28 1 U 23
29 0 U 10
30 0 U 26
31 0 L 14
32 0 U 30
33 0 U 23
34 0 L 18
35 0 L 21
36 1 L 10
37 1 U 2
38 0 U 32
39 1 U 19
40 1 U -1
41 0 L 0
42 0 U 1
43 0 L 18
44 0 L 31
45 0 L 36
46 1 L 45
47 0 L 46
48 1 U 40
49 1 L -1
50 1 L 28
51 1 U 12
52 0 L 10
53 0 L 19
54 0 L -1
55 1 U 19
56 1 U 55
57 0 L 33
58 0 L -1
59 0 U 36
60 1 U 36
61 0 U 40
62 0 U 56
63 0 L 17
64 1 U 42
65 1 U 29
66 1 L 21
67
0 0 L -1
1 0 L -1
2 0 U 0
3 0 U -1
4 0 U 3
5 1 L 1
6 1 L 3
7 1 L -1
8 0 U 0
9 0 U 4
10 1 L 1
11 1 U 8
12 0 U 4
13 1 U 7
14 1 U -1
15 0 L -1
16 0 U -1
17 0 L 9
18 1 U 9
19 1 U 16
20 0 U 10
21 1 L 8
22 0 U 19
23 1 U 8
24 0 U 7
25 0 U 0
26 1 U -1
27 0 L 10
28 1 U 23
29 0 U 10
30 0 U 26
31 0 L 14
32 0 U 30
33 0 U 23
34 0 L 18
35 1 L 21
36 1 L 10
37 1 L 34
38 0 U 32
39 1 U 19
40 1 U -1
41 0 L 0
42 0 U 1
43 0 L 18
44 0 L 31
45 0 L 36
46 1 L 45
47 1 L 12
48 1 U 40
49 1 L -1
50 1 L 28
51 1 U 12
52 0 L 3
53 0 U 32
54 0 L -1
55 1 U 25
56 1 U 55
57 0 L 33
58 0 L -1
59 0 U 36
60 1 U 36
61 1 U 40
62 0 U 56
63 0 L 17
64 1 L 2
65 1 U 13
66 1 L 21
67
0 0 U -1
1 0 L -1
2 0 U 0
3 0 U -1
4 0 U 3
5 1 L 4
6 1 L 3
7 1 L -1
8 0 U 0
9 0 U 4
10 1 L 1
11 1 U 8
12 0 U 4
13 1 U 7
14 1 U -1
15 0 L -1
16 0 U -1
17 0 L 9
18 1 U 9
19 1 U 16
20 0 U 10
21 1 L 8
22 0 U 13
23 1 U 8
24 0 U 7
25 0 U 0
26 1 U -1
27 0 L 10
28 1 U 23
29 0 U 10
30 0 U 26
31 1 L 14
32 0 U 30
33 0 U 23
34 1 L 18
35 0 L 21
36 1 L 10
37 1 L 23
38 0 U 32
39 1 U 32
40 1 U -1
41 0 L 0
42 0 U 27
43 0 L 25
44 1 L 31
45 0 L 36
46 1 L 45
47 0 L 12
48 1 U 40
49 1 L -1
50 1 L 28
51 1 U 12
52 0 L 10
53 1 U 19
54 0 L -1
55 1 U 25
56 1 U 55
57 0 L 33
58 0 L -1
59 0 U 36
60 1 U 36
61 0 U 40
62 0 U 56
63 0 L 17
64 1 U 25
65 1 U 13
66 0 L 21
67
0 0 U -1
1 0 L -1
2 0 U 0
3 0 U -1
4 0 U 3
5 1 L 4
6 1 L 3
7 1 L -1
8 0 U 0
9 0 U 4
10 1 L 1
11 1 U 2
12 0 U 4
13 1 U 7
14 1 U -1
15 0 L -1
16 1 U -1
17 0 L 9
18 1 U 9
19 0 U 16
20 0 U 10
21 1 L 8
22 0 U 10
23 1 U 8
24 0 U 7
25 0 U 0
26 1 U -1
27 0 L 10
28 1 U 23
29 0 U 10
30 0 U 26
31 0 L 15
32 0 U 30
33 0 U 23
34 1 L 18
35 1 L 21
36 1 L 10
37 0 L 7
38 1 U 2
39 1 U 32
40 1 U -1
41 0 L 0
42 0 U 27
43 0 L 25
44 1 L 21
45 0 L 36
46 1 L 45
47 1 L 46
48 1 U 40
49 1 L -1
50 1 L 28
51 1 U 12
52 0 L 10
53 0 L 41
54 0 L -1
55 1 U 25
56 1 U 55
57 0 L 33
58 0 L -1
59 0 U 44
60 1 U 36
61 1 U 40
62 0 U 56
63 0 L 17
64 1 U 38
65 1 U 15
66 0 L 21
67
0 0 L -1
1 0 L -1
2 0 U 0
3 0 U -1
4 0 U 3
5 1 L 4
6 1 L 3
7 1 L -1
8 0 U 0
9 0 U 4
10 1 L 1
11 1 U 2
12 0 U 4
13 1 U 12
14 1 U -1
15 0 L -1
16 1 U -1
17 0 L 9
18 1 U 9
19 0 U 16
20 0 U 10
21 1 L 5
22 0 U 6
23 1 U 8
24 0 U 7
25 0 U 0
26 1 U -1
27 0 L 4
28 1 U 23
29 0 U 10
30 0 U 26
31 1 L 10
32 0 U 30
33 0 U 23
34 0 L 18
35 1 L 21
36 1 L 10
37 0 L 11
38 0 U 2
39 1 U 25
40 1 U -1
41 0 L 0
42 0 U 14
43 0 L 23
44 1 L 36
45 0 L 36
46 1 L 45
47 1 L 46
48 1 U 40
49 1 L -1
50 1 L 28
51 1 U 33
52 0 L 10
53 1 L 24
54 1 L -1
55 1 U 25
56 1 U 55
57 0 L 33
58 0 L -1
59 0 U 44
60 1 U 36
61 0 U 40
62 0 U 56
63 0 L 17
64 1 U 25
65 1 U 15
66 0 L 9
67
0 0 U -1
1 0 L -1
2 0 U 0
3 0 U -1
4 0 U 3
5 1 L 3
6 1 L 3
7 1 L -1
8 0 U 0
9 0 U 4
10 1 L 1
11 1 U 2
12 1 U 4
13 1 U 12
14 1 U -1
15 0 L -1
16 1 U -1
17 1 L 9
18 1 U 9
19 0 U 16
20 0 U 10
21 1 L 5
22 0 U 8
23 1 U 8
24 0 U 7
25 0 U 0
26 1 U -1
27 0 L 4
28 1 U 23
29 0 U 10
30 0 U 26
31 0 L 15
32 0 U 30
33 0 U 23
34 0 L 33
35 1 L 21
36 1 L 10
37 1 L 35
38 0 U 2
39 1 U 25
40 1 U -1
41 0 L 0
42 0 U 32
43 0 L 28
44 1 L 36
45 0 L 36
46 1 L 45
47 1 L 46
48 1 U 40
49 1 L -1
50 1 L 28
51 1 U 33
52 0 L 10
53 0 L 47
54 1 L 7
55 1 U 25
56 1 U 55
57 0 L 33
58 0 L -1
59 0 U 43
60 1 U 36
61 1 U 40
62 0 U 56
63 0 L 19
64 1 U 8
65 1 U 15
66 0 L 9
67
0 0 U -1
1 0 L -1
2 0 U 0
3 0 U -1
4 0 U 3
5 1 L 3
6 1 L 3
7 1 L -1
8 0 U 0
9 0 U 4
10 1 L 1
11 1 U 2
12 1 U 4
13 1 U 12
14 1 U -1
15 0 L -1
16 1 U -1
17 0 L 9
18 1 U 9
19 0 U 16
20 0 U 10
21 1 L 6
22 1 U 19
23 1 U 8
24 0 U 10
25 0 U 0
26 1 U -1
27 0 L 4
28 1 U 23
29 0 U 10
30 0 U 26
31 0 L -1
32 0 U 30
33 0 U 23
34 0 L 33
35 1 L 12
36 1 L 10
37 1 U 28
38 0 U 32
39 1 U 23
40 1 U -1
41 0 L 0
42 0 U 32
43 0 L 18
44 0 L 36
45 0 L 36
46 1 L 45
47 0 L 46
48 1 U 40
49 1 L -1
50 1 L 28
51 1 U 7
52 0 L 4
53 0 U 2
54 1 L 7
55 1 U 25
56 1 U 55
57 0 L 33
58 0 L -1
59 0 U 43
60 1 U 36
61 0 U 40
62 0 U 29
63 0 L 19
64 1 U 5
65 1 U 32
66 0 L 9
67
0 0 L -1
1 0 L -1
2 0 U 0
3 0 U -1
4 0 U 3
5 1 L 1
6 1 L 3
7 1 L -1
8 0 U -1
9 0 U 4
10 1 L 1
11 1 U 2
12 1 U 4
13 1 U 12
14 1 U -1
15 0 L -1
16 0 U -1
17 1 L 9
18 1 U 9
19 0 U 16
20 0 U 10
21 1 L 8
22 0 U 2
23 1 U 2
24 0 U 10
25 0 U 0
26 1 U -1
27 0 L 15
28 1 U 23
29 0 U 7
30 0 U 26
31 0 U 28
32 0 U 30
33 0 U 23
34 0 L 33
35 1 L 9
36 1 L 10
37 1 U 22
38 0 U 23
39 1 U 2
40 1 U -1
41 0 L 0
42 0 U 1
43 0 L 38
44 0 L 36
45 0 L 22
46 1 L 45
47 0 L 46
48 1 U 40
49 1 L -1
50 1 L 28
51 1 U 7
52 0 L 4
53 0 U 42
54 1 L 7
55 1 U 25
56 1 U 55
57 0 L 33
58 0 L -1
59 0 U 43
60 0 U 36
61 0 U 40
62 0 U 56
63 0 L 19
64 1 U 10
65 1 U 32
66 1 L 9
67
0 0 U -1
1 0 L -1
2 0 U 0
3 0 U -1
4 0 U 3
5 1 L 1
6 1 L 3
7 1 L -1
8 0 U -1
9 0 U 5
10 1 L 1
11 1 U 2
12 1 U 11
13 1 U 7
14 1 U -1
15 0 L -1
16 1 U -1
17 0 L 9
18 1 U 9
19 0 U 16
20 0 L 15
21 1 L 6
22 0 U 19
23 1 U 2
24 0 U 10
25 0 U 0
26 1 U -1
27 1 L 15
28 1 U 23
29 0 U 10
30 0 U 26
31 0 U 28
32 0 U 30
33 0 U 23
34 0 L 33
35 1 L 12
36 1 L 10
37 1 L 14
38 0 U 2
39 1 U 25
40 1 U -1
41 0 L 0
42 0 U 1
43 0 L 38
44 0 L 36
45 0 L 22
46 1 L 45
47 1 L 46
48 1 U 40
49 1 L -1
50 1 L 28
51 1 U 12
52 0 L 4
53 0 U 51
54 1 L 7
55 1 U 25
56 1 U 55
57 0 L 33
58 0 L -1
59 0 U 43
60 1 U 36
61 0 U 40
62 0 U 56
63 0 L 19
64 1 U 38
65 1 U 15
66 0 L 9
67
0 0 L -1
1 0 L -1
2 0 U 0
3 0 U -1
4 0 U 3
5 1 L 1
6 1 L 3
7 1 L -1
8 0 U -1
9 0 U 5
10 1 L 1
11 1 U 2
12 1 U 11
13 1 U 7
14 1 U -1
15 0 L -1
16 1 U -1
17 1 L 9
18 1 U 6
19 0 U 16
20 0 L 15
21 1 L 6
22 0 U 19
23 1 U 2
24 0 U 10
25 0 U 0
26 1 U -1
27 1 L 15
28 1 U 23
29 0 U 10
30 0 U 26
31 0 L 14
32 0 U 30
33 0 U 19
34 0 L 33
35 1 U 12
36 1 L 10
37 0 U 22
38 0 U 2
39 1 U 25
40 1 U -1
41 0 L 0
42 0 U 1
43 0 L 4
44 1 L 12
45 1 L 22
46 1 L 45
47 1 L 46
48 1 U 40
49 1 L -1
50 1 L 23
51 1 U 12
52 0 L 4
53 1 L 33
54 1 L 7
55 1 U 32
56 1 U 55
57 0 L 33
58 0 L -1
59 0 U 43
60 0 U 36
61 0 U 40
62 0 U 56
63 0 L 19
64 1 U 10
65 1 U 32
66 0 L 45
67
0 0 U -1
1 0 L -1
2 0 U 0
3 0 U -1
4 0 U 3
5 1 L 1
6 1 L 3
7 1 L -1
8 0 U -1
9 0 U 5
10 1 L 1
11 1 U 2
12 1 U 11
13 1 U 7
14 1 U -1
15 0 L -1
16 1 U -1
17 1 L 9
18 1 U 6
19 0 U 16
20 0 L 14
21 1 L 6
22 1 U 2
23 1 U 2
24 0 U 10
25 0 U 0
26 1 U -1
27 0 L 15
28 1 U 11
29 0 U 10
30 0 U 0
31 0 L 13
32 0 U 30
33 0 U 22
34 0 L 33
35 1 U 12
36 1 L 3
37 0 L 21
38 1 U 19
39 1 U 19
40 1 U -1
41 0 L 0
42 0 U 14
43 0 L 8
44 0 L 17
45 1 L 22
46 1 L 45
47 0 L 46
48 1 U 40
49 1 L -1
50 1 L 23
51 1 U 12
52 0 L 4
53 1 L 13
54 1 L 7
55 1 U 14
56 1 U 55
57 0 L 33
58 0 L -1
59 0 U 43
60 0 U 36
61 0 U 40
62 0 U 56
63 0 L 19
64 1 U 25
65 1 U 64
66 0 L 46
67
0 0 L -1
1 0 L -1
2 0 U 0
3 0 U -1
4 0 U 3
5 1 L 1
6 1 L 3
7 1 L -1
8 0 U -1
9 0 U 5
10 1 L 1
11 1 U 2
12 1 U 11
13 1 U 7
14 1 U -1
15 0 L -1
16 1 U -1
17 0 L 9
18 1 U 6
19 0 U 16
20 1 L 14
21 1 L 6
22 1 U 2
23 1 U 2
24 0 U 10
25 0 U 0
26 1 U -1
27 0 L 4
28 1 U 22
29 0 U 10
30 0 U 0
31 0 L 20
32 0 U 30
33 0 U 22
34 0 L 18
35 1 U 12
36 1 L 10
37 1 L 33
38 1 U -1
39 1 U 32
40 1 U -1
41 0 L 0
42 0 U 14
43 0 L 8
44 0 L 17
45 1 L 22
46 1 L 45
47 0 L 46
48 1 U 40
49 1 L -1
50 1 L 23
51 1 U 12
52 0 L 4
53 0 U 17
54 1 L 7
55 1 U 19
56 1 U 55
57 0 L 33
58 0 L -1
59 0 U 43
60 0 U 34
61 0 U 40
62 0 U 56
63 0 L 47
64 1 U 10
65 1 U 22
66 0 L 46
67
0 0 U -1
1 0 L -1
2 0 U 0
3 0 U -1
4 0 U 3
5 1 L 1
6 1 L 3
7 1 L -1
8 0 U -1
9 0 U 5
10 1 L 1
11 1 U 2
12 1 U 11
13 1 U 7
14 1 U -1
15 0 L -1
16 1 U -1
17 1 L 9
18 1 U 15
19 0 U 16
20 1 L 14
21 1 L 6
22 0 U 2
23 1 U 2
24 0 U 10
25 0 U 0
26 1 U -1
27 0 L 4
28 1 U 22
29 0 U 10
30 0 U 0
31 1 L 22
32 0 U 30
33 0 U 22
34 0 L 18
35 1 U 28
36 1 L 4
37 1 L 12
38 1 U -1
39 1 U 25
40 1 U -1
41 0 L 0
42 0 U 14
43 0 L 18
44 1 L 19
45 1 L 22
46 1 L 45
47 0 L 46
48 1 U 40
49 1 L -1
50 1 L 23
51 1 U 7
52 0 L 4
53 0 U 41
54 0 L 7
55 1 U 19
56 1 U 55
57 0 L 33
58 0 L -1
59 0 U 43
60 0 U 43
61 0 U 40
62 0 U 56
63 0 L 47
64 1 U 12
65 1 U 2
66 0 L 46
67
0 0 L -1
1 0 L -1
2 0 U 0
3 0 U -1
4 0 U 3
5 1 L 1
6 1 L 3
7 1 L -1
8 0 U -1
9 0 U 5
10 1 L 1
11 1 U 2
12 1 U 11
13 1 U 7
14 1 U -1
15 0 L -1
16 1 U -1
17 0 L 9
18 1 U 13
19 0 U 16
20 1 L 14
21 1 L 6
22 0 U 2
23 1 U 2
24 0 U 10
25 0 U 0
26 1 U -1
27 0 L 15
28 1 U 22
29 0 U 10
30 0 U 0
31 0 L 4
32 0 U 30
33 0 U 2
34 0 L 18
35 1 U 28
36 1 L 4
37 0 U 19
38 1 U -1
39 1 U 25
40 1 U -1
41 0 L 0
42 0 U 1
43 0 L 18
44 1 L 19
45 1 L 22
46 1 L 45
47 0 L 46
48 1 U 40
49 1 L -1
50 1 L 19
51 1 U 7
52 0 L 4
53 0 L 50
54 0 L 7
55 1 U 19
56 1 U 55
57 0 L 33
58 0 L -1
59 0 U 43
60 0 U 34
61 0 U 40
62 0 U 56
63 0 L 47
64 1 U 25
65 1 U 11
66 0 L 46
67
0 0 U -1
1 0 L -1
2 0 U 0
3 0 U -1
4 0 U 3
5 1 L 1
6 1 L 3
7 1 L -1
8 0 U -1
9 0 U 5
10 1 L 1
11 1 U 2
12 1 U 11
13 1 U 7
14 1 U -1
15 0 L -1
16 1 U -1
17 0 L 9
18 1 U 6
19 0 U 16
20 1 L 9
21 1 L 6
22 0 U 2
23 1 U 2
24 0 U 10
25 0 U 0
26 1 U -1
27 0 L 10
28 1 U 22
29 0 U 10
30 0 U 0
31 1 L 10
32 0 U 30
33 0 U 19
34 0 L 18
35 1 U 28
36 1 L 4
37 0 U 11
38 1 U 33
39 1 U 25
40 1 U -1
41 0 L 0
42 0 U 1
43 0 L 18
44 0 L 19
45 1 L 22
46 1 L 45
47 0 L 46
48 1 U 40
49 1 L -1
50 1 L 19
51 1 U 7
52 0 L 4
53 0 L 50
54 0 L 7
55 1 U 19
56 1 U 55
57 0 L 33
58 0 L -1
59 0 U 43
60 0 U 34
61 0 U 40
62 0 U 56
63 0 L 47
64 1 U 29
65 1 U 7
66 0 L 14
67
0 0 U -1
1 0 L -1
2 0 U 0
3 0 U -1
4 0 U 3
5 1 L 1
6 1 L 3
7 1 L -1
8 0 U -1
9 0 U 5
10 1 L 1
11 1 U 2
12 1 U 5
13 1 U 12
14 1 U -1
15 0 L -1
16 1 U -1
17 1 L 9
18 1 U 6
19 0 U 16
20 1 L 9
21 1 L 6
22 0 U 19
23 1 U 2
24 0 U 10
25 0 U 0
26 1 U -1
27 0 L 10
28 1 U 22
29 0 U 10
30 0 U 0
31 1 L 4
32 0 U 30
33 0 U 2
34 0 L 18
35 1 U 28
36 1 L 4
37 0 U 1
38 1 U 33
39 1 U 32
40 1 U -1
41 0 L 0
42 0 U 1
43 0 L 33
44 0 L 19
45 1 L 22
46 1 L 45
47 0 L 46
48 1 U 40
49 1 L -1
50 1 L 47
51 1 U 7
52 0 L 4
53 0 L 7
54 0 L 7
55 1 U 19
56 1 U 55
57 0 L 33
58 0 L -1
59 0 U 43
60 1 U 43
61 0 U 40
62 0 U 56
63 0 L 47
64 1 U 1
65 1 U 38
66 0 L 46
67
0 0 U -1
1 0 L -1
2 0 U 0
3 0 U -1
4 0 U 3
5 1 L 1
6 1 L 3
7 1 L -1
8 0 U -1
9 0 U 5
10 1 L 1
11 1 U 2
12 1 U 5
13 1 U 12
14 1 U -1
15 0 L -1
16 1 U -1
17 1 L 9
18 1 U 6
19 0 U 16
20 1 L 9
21 1 L 6
22 0 U 19
23 1 U 2
24 0 U 10
25 0 U 0
26 1 U -1
27 0 L 4
28 1 U 22
29 0 U 10
30 0 U 0
31 0 L 10
32 0 U 30
33 0 U 2
34 0 L 18
35 1 U -1
36 1 L 4
37 1 L 1
38 1 U 33
39 1 U 32
40 1 U -1
41 0 L 0
42 0 U 1
43 0 L 30
44 0 L 19
45 1 L 22
46 1 L 45
47 0 L 46
48 1 U 40
49 1 L -1
50 1 L 19
51 1 U 28
52 0 L 4
53 0 U 25
54 0 L 7
55 1 U 19
56 1 U 55
57 0 L 33
58 0 L -1
59 0 U 43
60 1 U 43
61 0 U 40
62 0 U 56
63 0 L 19
64 1 U 19
65 1 U 38
66 0 L 46
67
0 0 L -1
1 0 L -1
2 0 U 0
3 0 U -1
4 0 U 3
5 1 L 1
6 1 L 3
7 1 L -1
8 0 U 0
9 0 U 5
10 1 L 1
11 1 U 2
12 1 U 11
13 1 U 7
14 1 U -1
15 0 L -1
16 1 U -1
17 1 L 9
18 1 U 15
19 0 U 16
20 1 L 12
21 1 L 6
22 0 U 19
23 1 U 2
24 0 U 10
25 0 U 0
26 1 U -1
27 0 L 15
28 1 U 22
29 0 U 10
30 0 U 26
31 1 L 9
32 0 U 30
33 0 U 23
34 0 L 18
35 1 U -1
36 1 L 4
37 1 U -1
38 1 U 12
39 1 U 32
40 1 U -1
41 0 L 0
42 0 U 1
43 0 L 26
44 1 L 28
45 1 L 36
46 1 L 45
47 0 L 46
48 1 U 40
49 1 L -1
50 1 L 19
51 1 U 28
52 0 L 3
53 0 U 19
54 0 L -1
55 1 U 14
56 1 U 55
57 0 L 33
58 0 L -1
59 0 U 43
60 1 U 43
61 0 U 40
62 0 U 56
63 0 L 19
64 1 U 19
65 1 U 38
66 0 L 45
67
0 0 L -1
1 0 L -1
2 0 U 0
3 0 U -1
4 0 U 3
5 1 L 1
6 1 L 3
7 1 L -1
8 0 U -1
9 0 U 5
10 1 L 7
11 1 U 2
12 1 U 11
13 1 U 7
14 1 U -1
15 0 L -1
16 1 U -1
17 0 L 9
18 1 U 15
19 0 U 16
20 0 L 3
21 1 L 6
22 0 U 19
23 1 U 2
24 0 U 7
25 0 U 0
26 1 U -1
27 1 L 15
28 1 U 22
29 0 U 10
30 0 U 26
31 0 L 9
32 0 U 30
33 0 U 19
34 0 L 18
35 1 L -1
36 1 L 4
37 0 U 10
38 1 U 7
39 1 U 25
40 1 U -1
41 0 L 0
42 0 U 1
43 0 L 33
44 1 L 17
45 1 L 36
46 1 L 45
47 0 L 46
48 1 U 40
49 1 L -1
50 1 L 12
51 1 U 28
52 0 L 3
53 0 L 41
54 0 L -1
55 1 U 14
56 1 U 55
57 1 L 33
58 0 L -1
59 0 U 43
60 0 U 43
61 0 U 40
62 0 U 20
63 0 L 19
64 1 U 37
65 1 U 19
66 0 L 45
67
0 0 U -1
1 0 L -1
2 0 U 0
3 0 U -1
4 0 U 3
5 1 L 1
6 1 L 3
7 1 L -1
8 0 U -1
9 0 U 5
10 1 L 7
11 1 U 2
12 1 U 11
13 1 U 7
14 1 U -1
15 0 L -1
16 1 U -1
17 1 L 9
18 1 U 6
19 0 U 16
20 0 L 4
21 1 L 6
22 1 U 2
23 1 U 2
24 1 U 7
25 0 U 0
26 1 U -1
27 1 L 15
28 1 U 22
29 0 U 10
30 1 U 26
31 0 L 13
32 0 U 30
33 1 U 22
34 0 L 18
35 1 U -1
36 1 L 4
37 0 U 10
38 1 U 7
39 1 U 32
40 1 U -1
41 0 L 0
42 0 U 1
43 0 L 18
44 1 L 17
45 1 L 22
46 1 L 45
47 0 L 46
48 1 U 40
49 1 L -1
50 1 L 12
51 1 U 28
52 0 L 3
53 0 U 41
54 0 L -1
55 1 U 14
56 1 U 9
57 1 L 33
58 0 L 7
59 1 U 43
60 0 U 43
61 0 U 40
62 0 U 20
63 0 L 19
64 1 U 37
65 1 U 19
66 0 L 9
67
0 0 U -1
1 0 L -1
2 0 U 0
3 0 U -1
4 0 U 3
5 1 L 1
6 1 L 3
7 1 L -1
8 0 U -1
9 0 U 5
10 1 L 7
11 1 U 2
12 1 U 5
13 1 U 7
14 1 U -1
15 0 L -1
16 1 U -1
17 1 L 9
18 1 U 6
19 0 U 16
20 0 L 3
21 1 L 6
22 1 U 2
23 1 U 2
24 0 U 7
25 0 U 0
26 1 U -1
27 1 L 15
28 1 U 22
29 0 U 10
30 0 U 26
31 0 L 9
32 0 U 30
33 1 U 22
34 0 L 18
35 1 U -1
36 1 L 4
37 0 U 32
38 1 L 7
39 1 U 32
40 1 U -1
41 0 L 0
42 0 U 1
43 0 L 18
44 1 L 17
45 1 L 22
46 1 L 45
47 1 L 46
48 1 U 40
49 1 L -1
50 1 L 46
51 1 U 28
52 0 L 3
53 0 U 31
54 0 L -1
55 1 U 14
56 1 U 9
57 1 L 33
58 0 L 7
59 0 U 43
60 0 U 43
61 0 U 40
62 0 U 20
63 0 L 19
64 1 U 2
65 1 U 19
66 0 L 9
67
0 0 L -1
1 0 L -1
2 0 U 0
3 0 U -1
4 0 U 3
5 1 L 1
6 1 L 3
7 1 L -1
8 0 U -1
9 0 U 5
10 1 L 1
11 1 U 2
12 1 U 5
13 1 U 7
14 1 U -1
15 0 L -1
16 1 U -1
17 0 L 9
18 1 U 6
19 0 U 16
20 0 L 4
21 1 L 6
22 0 U 2
23 1 U 2
24 0 U 7
25 0 U 0
26 1 U -1
27 1 L 15
28 1 U 22
29 0 U 10
30 0 U 26
31 0 L 21
32 0 U 30
33 0 U 19
34 0 L 18
35 1 U -1
36 1 L 4
37 1 U 5
38 1 U 7
39 1 U 23
40 1 U -1
41 0 L 0
42 0 U 1
43 0 L 30
44 0 L 17
45 1 L 22
46 1 L 45
47 1 L 46
48 1 U 40
49 1 L -1
50 1 L 46
51 1 U 39
52 0 L 4
53 0 U 12
54 0 L -1
55 1 U 14
56 1 U 9
57 1 L 13
58 0 L 7
59 1 U 43
60 0 U 36
61 0 U 40
62 0 U 20
63 0 L 16
64 1 U 33
65 1 U 34
66 0 L 33
67
0 0 U -1
1 0 L -1
2 0 U 0
3 0 U -1
4 0 U 3
5 1 L 1
6 1 L 3
7 1 L -1
8 0 U -1
9 0 U 5
10 1 L 1
11 1 U 2
12 1 U 4
13 1 U 7
14 1 U -1
15 0 L -1
16 1 U -1
17 0 L 9
18 1 U 6
19 0 U 16
20 0 L 4
21 1 L 6
22 0 U 2
23 1 U 2
24 0 U 12
25 0 U 0
26 1 U -1
27 1 L 15
28 1 U 22
29 0 U 10
30 0 U 26
31 1 L 21
32 0 U 30
33 1 U 19
34 0 L 18
35 1 U -1
36 1 L 4
37 0 L 16
38 1 L 7
39 1 U 23
40 1 U -1
41 0 L 0
42 0 U 25
43 0 L 18
44 0 L 17
45 1 L 22
46 1 L 45
47 1 L 46
48 1 U 40
49 1 L -1
50 1 L 46
51 1 L 39
52 0 L 4
53 0 U 42
54 0 L -1
55 1 U 14
56 1 U 9
57 1 L 13
58 0 L 7
59 1 U 43
60 0 U 34
61 0 U 40
62 0 U 20
63 0 L 16
64 1 U 44
65 1 U 47
66 0 L 33
67
0 0 L -1
1 0 L -1
2 0 U 0
3 0 U -1
4 0 U 3
5 1 L 1
6 1 L 3
7 1 L -1
8 0 U -1
9 0 U 5
10 1 L 7
11 1 U 2
12 1 U 5
13 1 U 7
14 1 U -1
15 0 L -1
16 1 U -1
17 0 L 9
18 1 U 6
19 0 U 16
20 0 L 4
21 1 L 6
22 1 U 2
23 1 U 2
24 0 U 12
25 0 U 0
26 1 U -1
27 1 L 15
28 1 U 23
29 0 U 10
30 0 U 26
31 0 L 1
32 0 U 30
33 1 U 19
34 0 L 18
35 1 U -1
36 1 L 4
37 0 U 18
38 1 L 17
39 1 U 25
40 1 U -1
41 0 L 0
42 0 U 25
43 0 L 18
44 1 L 17
45 1 L 22
46 1 L 45
47 1 L 46
48 1 U 40
49 1 L -1
50 1 L 45
51 1 L 39
52 0 L 4
53 0 U 50
54 0 L -1
55 1 U 14
56 1 U 9
57 0 L 13
58 0 L 7
59 1 U 43
60 0 U 34
61 0 U 40
62 0 U 20
63 0 L 26
64 1 U 19
65 0 L 14
66 0 L 19
67
0 0 L -1
1 0 L -1
2 0 U 0
3 0 U -1
4 0 U 3
5 1 L 1
6 1 L 3
7 1 L -1
8 0 U -1
9 0 U 5
10 1 L 7
11 1 U 2
12 1 U 5
13 1 U 7
14 1 U -1
15 0 L -1
16 1 U -1
17 0 L 9
18 1 U 6
19 0 U 16
20 0 L 15
21 1 L 6
22 1 U 2
23 1 U 2
24 0 U 12
25 0 U 0
26 1 U -1
27 1 L 15
28 1 U 22
29 0 U 10
30 0 U 26
31 0 L 25
32 0 U 30
33 0 U 19
34 0 L 18
35 1 U -1
36 1 L 4
37 1 U 29
38 1 L 17
39 1 U 2
40 1 U -1
41 0 L 0
42 1 U 25
43 0 L 33
44 0 L 17
45 1 L 22
46 1 L 45
47 1 L 46
48 1 U 40
49 1 L -1
50 1 L 45
51 1 U 39
52 0 L 4
53 1 L 50
54 0 L -1
55 1 U 14
56 1 U 9
57 0 L 13
58 0 L 7
59 1 U 43
60 1 U 45
61 0 U 40
62 0 U 20
63 0 L 26
64 1 U 22
65 0 L 45
66 0 L 47
67
0 0 U -1
1 0 L -1
2 0 U 0
3 0 U -1
4 0 U 3
5 1 L 1
6 1 L 3
7 1 L -1
8 0 U -1
9 0 U 5
10 1 L 7
11 1 U 2
12 1 U 5
13 1 U 7
14 1 U -1
15 0 L -1
16 1 U -1
17 1 L 9
18 1 U 15
19 0 U 16
20 0 L 15
21 1 L 6
22 0 U 2
23 1 U 2
24 0 U 12
25 0 U 0
26 1 U -1
27 1 L 15
28 1 U 22
29 0 U 7
30 0 U 0
31 0 L 25
32 0 U 30
33 1 U 19
34 0 L 18
35 1 L -1
36 1 L 4
37 1 U 1
38 1 L 17
39 1 U 32
40 1 U -1
41 0 L 0
42 1 U 25
43 0 L 18
44 1 L 17
45 1 L 22
46 1 L 45
47 1 L 46
48 1 U 40
49 1 L -1
50 1 L 21
51 0 U 39
52 0 L 3
53 1 L 45
54 0 L -1
55 1 U 14
56 1 U 9
57 0 L 13
58 0 L 7
59 1 U 43
60 0 U 45
61 0 U 40
62 0 U 20
63 0 L 30
64 1 L 22
65 0 L 45
66 0 L 65
67
0 0 L -1
1 0 L -1
2 0 U 0
3 0 U -1
4 0 U 3
5 1 L 1
6 1 L 3
7 1 L -1
8 0 U -1
9 0 U 5
10 1 L 1
11 1 U 2
12 1 U 5
13 1 U 7
14 1 U -1
15 0 L -1
16 1 U -1
17 0 L 9
18 1 U 15
19 0 U 16
20 0 L 4
21 1 L 6
22 0 U 2
23 1 U 2
24 0 U 12
25 0 U 0
26 1 U -1
27 1 L 15
28 1 U 22
29 0 U 10
30 0 U 0
31 0 L 12
32 0 U 30
33 0 U 19
34 0 L 18
35 1 U -1
36 1 L 4
37 1 L -1
38 1 L -1
39 1 U 23
40 1 U -1
41 0 L 0
42 1 U 2
43 0 L 18
44 1 L 17
45 1 L 22
46 1 L 45
47 0 L 46
48 1 U 40
49 1 L -1
50 1 L 14
51 0 L 39
52 0 L 3
53 1 U 11
54 0 L -1
55 1 U 14
56 1 U 9
57 0 L 13
58 0 L 7
59 1 U 43
60 1 U 45
61 0 U 40
62 0 U 20
63 0 L 57
64 1 L 22
65 0 L 9
66 0 L 65
67
0 0 L -1
1 0 L -1
2 0 U 0
3 0 U -1
4 0 U 3
5 1 L 1
6 1 L 3
7 1 L -1
8 0 U -1
9 0 U 5
10 1 L 1
11 1 U 2
12 1 U 5
13 1 U 7
14 1 U -1
15 0 L -1
16 1 U -1
17 1 L 9
18 1 U 13
19 0 U 16
20 0 L 10
21 1 L 6
22 1 U 2
23 1 U 19
24 0 U 12
25 0 U 0
26 1 U -1
27 1 L 15
28 1 U 22
29 0 U 7
30 0 U 0
31 0 U 12
32 0 U 30
33 0 U 19
34 0 L 18
35 1 U -1
36 1 L 4
37 1 L -1
38 1 L 37
39 1 U 23
40 1 U -1
41 0 L 0
42 1 U 11
43 0 L 18
44 0 L 17
45 1 L 22
46 1 L 45
47 1 L 46
48 1 U 40
49 1 L -1
50 1 L 46
51 0 L 39
52 0 L 3
53 1 U 39
54 0 L 37
55 1 U 14
56 1 U 9
57 1 L 13
58 0 L 7
59 1 U 43
60 1 U 45
61 0 U 40
62 0 U 20
63 0 L 57
64 0 L 46
65 0 L 9
66 0 L 65
67
0 0 U -1
1 0 L -1
2 0 U 0
3 0 U -1
4 0 U 3
5 1 L 1
6 1 L 3
7 1 L -1
8 0 U -1
9 0 U 5
10 1 L 1
11 1 U 2
12 1 U 5
13 1 U 7
14 1 U -1
15 0 L -1
16 1 U -1
17 1 L 9
18 1 U 13
19 0 U 16
20 0 L 4
21 1 L 6
22 0 U 2
23 1 U 19
24 0 U 12
25 0 U 0
26 1 U -1
27 1 L 15
28 1 U 22
29 0 U 7
30 0 U 0
31 0 L 12
32 0 U 30
33 0 U 2
34 0 L 18
35 1 U -1
36 1 L 4
37 1 L -1
38 1 U 37
39 1 U 23
40 1 U -1
41 0 L 0
42 1 U 25
43 0 L 18
44 1 L 17
45 1 L 22
46 1 L 45
47 0 L 46
48 1 U 40
49 1 L -1
50 1 L 46
51 0 U 39
52 0 L 3
53 0 U 47
54 0 L 37
55 1 U 14
56 1 U 9
57 1 L 13
58 0 L 7
59 1 U 43
60 1 U 45
61 0 U 40
62 0 U 20
63 0 L 57
64 0 L 36
65 0 L 14
66 0 L 65
67
0 0 L -1
1 0 L -1
2 0 U 0
3 0 U -1
4 0 U 3
5 1 L 1
6 1 L 3
7 1 L -1
8 0 U -1
9 0 U 5
10 1 L 1
11 1 U 2
12 1 U 5
13 1 U 7
14 1 U -1
15 0 L -1
16 1 U -1
17 1 L 9
18 1 U 13
19 0 U 16
20 0 L 15
21 1 L 6
22 0 U 19
23 1 U 19
24 0 U 12
25 0 U 0
26 1 U -1
27 1 L 15
28 1 U 2
29 0 U 7
30 0 U 0
31 0 L 17
32 0 U 30
33 0 U 2
34 0 L 18
35 1 U -1
36 1 L 15
37 0 L -1
38 1 L 12
39 1 U 25
40 1 U -1
41 0 L 0
42 1 U 22
43 0 L 18
44 1 L 23
45 1 L 36
46 1 L 45
47 1 L 46
48 1 U 40
49 1 L -1
50 1 L 46
51 1 L 39
52 0 L 3
53 0 U 47
54 0 L 37
55 1 U 14
56 1 U 9
57 1 L 13
58 0 L 7
59 1 U 43
60 1 U 45
61 0 U 40
62 0 U 20
63 0 L 57
64 1 U 33
65 0 L 14
66 0 L 65
67
0 0 L -1
1 0 L -1
2 0 U 0
3 0 U -1
4 0 U 3
5 1 L 1
6 1 L 3
7 1 L -1
8 0 U -1
9 0 U 5
10 1 L 1
11 1 U 2
12 1 U 4
13 1 U 7
14 1 U -1
15 0 L -1
16 1 U -1
17 1 L 9
18 1 U 13
19 0 U 16
20 0 L 3
21 1 L 6
22 1 U 19
23 1 U 19
24 0 U 12
25 0 U 0
26 1 U -1
27 1 L 15
28 1 U 22
29 0 U 7
30 0 U 0
31 0 L 28
32 0 U 30
33 1 U 19
34 0 L 18
35 1 U -1
36 1 L 15
37 1 L -1
38 1 L 14
39 1 U 32
40 1 U -1
41 0 L 0
42 1 U 22
43 0 L 18
44 0 L 23
45 1 L 36
46 1 L 45
47 0 L 46
48 1 U 40
49 1 L -1
50 1 L 46
51 1 L 39
52 0 L 3
53 1 U 23
54 0 L 37
55 1 U 14
56 1 U 9
57 1 L 13
58 0 L 7
59 1 U 43
60 1 U 44
61 0 U 40
62 0 U 20
63 0 L 57
64 1 U 39
65 0 L 9
66 0 L 19
67
0 0 L -1
1 0 L -1
2 0 U 0
3 0 U -1
4 0 U 3
5 1 L 1
6 1 L 3
7 1 L -1
8 0 U -1
9 0 U 5
10 1 L 1
11 1 U 2
12 1 U 5
13 1 U 7
14 1 U -1
15 0 L -1
16 1 U -1
17 1 L 9
18 1 U 13
19 0 U 16
20 0 L 3
21 1 L 6
22 0 U 19
23 1 U 2
24 0 U 12
25 0 U 0
26 1 U -1
27 1 L 15
28 1 U 23
29 0 U 7
30 1 U 0
31 0 L 28
32 0 U 30
33 1 U 22
34 0 L 18
35 1 U -1
36 1 L 10
37 0 L -1
38 1 L 14
39 1 U 32
40 1 U -1
41 0 L 0
42 1 U 32
43 0 L 18
44 1 L 23
45 1 L 36
46 1 L 45
47 0 L 46
48 1 U 40
49 1 L -1
50 1 L 46
51 1 U 39
52 0 L 3
53 0 L 51
54 0 L 37
55 1 U 1
56 1 U 9
57 1 L 13
58 0 L 7
59 1 U 43
60 0 U 44
61 0 U 40
62 0 U 20
63 0 L 57
64 1 U 4
65 1 L 52
66 0 L 23
67
0 0 L -1
1 0 L -1
2 0 U 0
3 0 U -1
4 0 U 3
5 1 L 1
6 1 L 3
7 1 L -1
8 0 U -1
9 0 U 5
10 1 L 7
11 1 U 2
12 1 U 5
13 1 U 7
14 1 U -1
15 0 L -1
16 1 U -1
17 1 L 9
18 1 U 13
19 0 U 16
20 0 L 15
21 1 L 6
22 0 U 2
23 1 U 2
24 0 U 7
25 0 U 0
26 1 U -1
27 1 L 15
28 1 U 11
29 0 U 12
30 1 U 0
31 0 L 19
32 0 U 30
33 1 U 32
34 1 L 18
35 1 U -1
36 1 L 3
37 1 L -1
38 1 L 14
39 1 U 32
40 1 U -1
41 0 L 0
42 1 U 11
43 0 L 18
44 1 L 23
45 1 L 36
46 1 L 45
47 0 L 46
48 0 U 40
49 1 L -1
50 1 L 46
51 1 U 39
52 0 L 3
53 1 L 13
54 0 L 37
55 1 U 1
56 1 U 51
57 1 L 11
58 0 L -1
59 1 U 43
60 1 U 44
61 0 U 40
62 0 U 20
63 0 L 33
64 1 U 4
65 0 L 22
66 0 L 38
67
0 0 U -1
1 0 L -1
2 0 U 0
3 0 U -1
4 0 U 3
5 1 L 1
6 1 L 3
7 1 L -1
8 0 U -1
9 0 U 5
10 1 L 7
11 1 U 2
12 1 U 5
13 1 U 7
14 1 U -1
15 0 L -1
16 1 U -1
17 0 L 9
18 1 U 13
19 0 U 16
20 0 L 10
21 1 L 6
22 1 U 2
23 1 U 2
24 0 U 7
25 0 U 0
26 1 U -1
27 1 L 10
28 1 U 22
29 0 U 12
30 1 U 0
31 0 L 28
32 0 U 30
33 0 U 32
34 1 L 18
35 1 U -1
36 1 L 15
37 0 L 0
38 1 L 14
39 1 U 32
40 1 U -1
41 0 L 34
42 1 U 11
43 0 L 18
44 0 L 23
45 1 L 36
46 1 L 9
47 0 L 46
48 0 U 40
49 1 L 7
50 1 U 44
51 1 U 39
52 0 L 3
53 1 L 11
54 1 L -1
55 1 U 1
56 1 U 51
57 0 L 21
58 0 L -1
59 1 U 43
60 0 U 44
61 0 U 40
62 0 U 20
63 0 L 33
64 1 U 19
65 1 U 7
66 0 L 16
67
0 0 U -1
1 0 L -1
2 0 U 0
3 0 U -1
4 0 U 3
5 1 L 1
6 1 L 3
7 1 L -1
8 0 U -1
9 0 U 5
10 1 L 7
11 1 U 2
12 1 U 5
13 1 U 12
14 1 U -1
15 0 L -1
16 0 U -1
17 0 L 9
18 1 U 13
19 1 U 16
20 0 L 15
21 1 L 6
22 1 U 19
23 1 U 2
24 0 U 7
25 0 U 0
26 1 U -1
27 1 L 15
28 1 U 22
29 0 U 12
30 1 U 0
31 0 L 28
32 0 U 30
33 0 U 32
34 1 L 18
35 1 L -1
36 1 L 15
37 0 U 16
38 0 L -1
39 1 U 32
40 1 U -1
41 0 L 34
42 1 U 11
43 0 L 18
44 1 L 23
45 1 L 36
46 1 L 9
47 1 L 14
48 0 U 40
49 0 L 7
50 1 U 44
51 1 U 39
52 0 L 3
53 0 U 16
54 0 L -1
55 1 U 1
56 1 U 51
57 0 L 36
58 0 L -1
59 1 U 43
60 1 U 41
61 0 U 40
62 0 U 20
63 0 L 33
64 1 U 39
65 1 U 42
66 0 L 16
67
0 0 L -1
1 0 L -1
2 0 U 0
3 0 U -1
4 0 U 3
5 1 L 1
6 1 L 3
7 1 L -1
8 0 U -1
9 0 U 5
10 1 L 7
11 1 U 2
12 1 U 5
13 1 U 12
14 1 U -1
15 0 L -1
16 0 U -1
17 0 L 9
18 1 U 13
19 1 U 16
20 0 L 15
21 1 L 6
22 0 U 19
23 1 U 2
24 0 U 7
25 0 U 0
26 1 U -1
27 1 L 15
28 1 U 11
29 0 U 7
30 1 U 0
31 0 L 19
32 0 U 30
33 0 U 32
34 1 L 18
35 1 L -1
36 1 L 15
37 1 L 36
38 0 L -1
39 1 U 32
40 1 U -1
41 0 L 34
42 1 U 11
43 0 L 18
44 1 L 23
45 1 L 36
46 1 L 9
47 1 L 46
48 0 U 40
49 0 L 7
50 1 U 44
51 1 U 39
52 0 L 2
53 0 U 16
54 0 L -1
55 1 U 1
56 1 U 9
57 0 L 11
58 0 L -1
59 1 U 43
60 1 U 41
61 0 U 40
62 0 U 20
63 0 L 33
64 1 U 22
65 1 U 64
66 0 L 47
67
0 0 U -1
1 0 L -1
2 0 U 0
3 0 U -1
4 0 U 3
5 1 L 1
6 1 L 3
7 1 L -1
8 0 U -1
9 0 U 5
10 1 L 1
11 1 U 2
12 1 U 5
13 1 U 12
14 1 U -1
15 0 L -1
16 0 U -1
17 0 L 9
18 1 U 13
19 1 U 16
20 0 L 4
21 1 L 6
22 1 U 2
23 1 U 2
24 0 U 7
25 0 U 0
26 1 U -1
27 1 L 15
28 1 U 11
29 0 U 7
30 1 U 0
31 0 L 16
32 0 U 30
33 0 U 32
34 1 L 18
35 1 L 14
36 1 L 15
37 1 L 2
38 0 L -1
39 1 U 32
40 1 U -1
41 0 L 34
42 1 U 22
43 0 L 18
44 1 L 23
45 1 L 36
46 1 L 9
47 0 L 46
48 1 U 40
49 1 L 7
50 1 U 44
51 1 U 33
52 0 L 2
53 1 U 32
54 1 L -1
55 1 U 14
56 1 U 51
57 0 L 11
58 0 L -1
59 1 U 43
60 1 U 41
61 0 U 40
62 0 U 56
63 0 L 33
64 1 U 2
65 1 U 64
66 0 L 47
67
0 0 U -1
1 0 L -1
2 0 U 0
3 0 U -1
4 0 U 3
5 1 L 1
6 1 L 3
7 1 L -1
8 0 U 0
9 0 U 5
10 1 L 1
11 0 U 2
12 1 U 5
13 1 U 12
14 1 U -1
15 0 L -1
16 0 U -1
17 0 L 9
18 1 U 6
19 1 U 16
20 1 L 15
21 1 L 6
22 0 U 2
23 1 U 2
24 0 U 7
25 0 U 0
26 1 U -1
27 1 L 15
28 1 U 23
29 0 U 12
30 0 U 0
31 0 L 4
32 0 U 30
33 1 U 32
34 1 L 18
35 1 L 1
36 1 L 15
37 0 L 11
38 0 L 36
39 1 U 23
40 1 U -1
41 0 L 34
42 1 L 22
43 0 L 23
44 1 L 17
45 1 L 36
46 1 L 9
47 1 L 46
48 1 U 40
49 0 L 7
50 1 U 44
51 1 U 39
52 0 L 15
53 0 U 45
54 1 L 7
55 1 U 14
56 1 U 51
57 0 L 14
58 0 L -1
59 1 U 43
60 0 U 41
61 0 U 40
62 0 U 56
63 0 L 33
64 1 U 23
65 1 U 64
66 0 L 47
67
0 0 L -1
1 0 L -1
2 0 U 0
3 0 U -1
4 0 U 3
5 1 L 1
6 1 L 3
7 1 L -1
8 0 U 0
9 0 U 5
10 1 L 7
11 1 U 2
12 1 U 4
13 1 U 12
14 1 U -1
15 0 L -1
16 0 U -1
17 0 L 9
18 1 U 6
19 1 U 16
20 1 L 15
21 1 L 6
22 1 U 19
23 1 U 2
24 0 U 7
25 0 U 0
26 1 U -1
27 1 L 15
28 1 U 23
29 0 U 7
30 0 U 0
31 0 U 8
32 0 U 30
33 1 U 19
34 1 L 18
35 1 L 1
36 1 L 15
37 0 U 35
38 0 L 36
39 1 U 23
40 1 U -1
41 0 L 34
42 1 L 12
43 0 L 25
44 1 L 17
45 1 L 36
46 1 L 9
47 1 L 46
48 1 U 40
49 0 L 7
50 1 U 44
51 1 U 39
52 0 L 4
53 1 U 31
54 1 L 7
55 1 U 14
56 1 U 51
57 0 L 36
58 0 L -1
59 1 U 43
60 0 U 44
61 0 U 40
62 0 U 56
63 0 L 33
64 1 U 4
65 1 U 64
66 0 L 47
67
0 0 U -1
1 0 L -1
2 0 U 0
3 0 U -1
4 0 U 3
5 1 L 1
6 1 L 3
7 1 L -1
8 0 U 0
9 0 U 5
10 1 L 7
11 1 U 2
12 1 U 5
13 1 U 12
14 1 U -1
15 0 L -1
16 0 U -1
17 0 L 9
18 1 U 6
19 1 U 16
20 0 L 3
21 1 L 6
22 1 U 8
23 1 U 2
24 0 U 7
25 0 U 0
26 1 U -1
27 1 L 15
28 1 U 23
29 0 U 7
30 0 U 0
31 0 U 23
32 0 U 30
33 1 U 19
34 1 L 18
35 1 L -1
36 1 L 15
37 0 L 2
38 0 L -1
39 1 U 23
40 1 U -1
41 0 L 34
42 1 L 14
43 0 L 25
44 1 L 13
45 1 L 36
46 1 L 9
47 0 L 46
48 1 U 40
49 0 L 7
50 1 U 44
51 1 U 39
52 0 L 3
53 1 U 50
54 1 L 7
55 1 U 14
56 1 U 51
57 0 L 36
58 0 L -1
59 1 U 43
60 1 U 36
61 0 U 40
62 0 U 56
63 0 L 31
64 1 U 2
65 1 U 64
66 0 L 47
67
0 0 L -1
1 0 L -1
2 0 U 0
3 0 U -1
4 0 U 3
5 1 L 1
6 1 L 3
7 1 L -1
8 0 U 0
9 0 U 5
10 1 L 1
11 1 U 2
12 0 U 4
13 1 U 12
14 1 U -1
15 0 L -1
16 0 U -1
17 0 L 9
18 1 U 6
19 1 U 16
20 0 L 10
21 1 L 6
22 0 U 14
23 1 U 2
24 1 U 7
25 0 U 0
26 1 U -1
27 1 L 15
28 1 U 23
29 0 U 7
30 0 U 26
31 1 U 19
32 0 U 30
33 1 U 25
34 1 L 18
35 1 L -1
36 1 L 15
37 0 L 2
38 0 L -1
39 1 U 23
40 1 U -1
41 0 L 34
42 1 L 14
43 0 L 26
44 1 L 13
45 1 L 36
46 1 L 9
47 1 L 46
48 1 U 40
49 0 L 7
50 1 U 44
51 1 U 39
52 0 L 10
53 0 U 43
54 1 L -1
55 1 U 14
56 1 U 51
57 0 L 36
58 0 L -1
59 1 U 43
60 1 U 36
61 0 U 40
62 0 U 56
63 0 L 33
64 1 U 2
65 1 U 10
66 0 L 22
67
0 0 U -1
1 0 L -1
2 0 U 0
3 0 U -1
4 0 U 3
5 1 L 1
6 1 L 3
7 1 L -1
8 0 U 0
9 0 U 5
10 1 L 1
11 1 U 8
12 0 U 4
13 1 U 12
14 1 U -1
15 0 L -1
16 1 U -1
17 0 L 9
18 1 U 6
19 1 U 16
20 0 L 10
21 1 L 6
22 0 U 14
23 1 U 2
24 0 U 7
25 0 U 0
26 1 U -1
27 1 L 15
28 1 U 23
29 0 U 7
30 0 U 0
31 1 U 19
32 0 U 30
33 0 U 8
34 1 L 18
35 1 L 7
36 1 L 15
37 0 U 0
38 0 L 36
39 1 U 22
40 1 U -1
41 0 L 34
42 1 L 14
43 0 L 30
44 1 L 13
45 1 L 36
46 1 L 9
47 0 L 46
48 1 U 40
49 0 L 7
50 1 U 44
51 1 U 39
52 0 L 10
53 0 U 43
54 0 L -1
55 1 U 14
56 1 U 35
57 0 L 36
58 0 L -1
59 1 U 43
60 1 U 36
61 1 U 40
62 0 U 56
63 0 L 37
64 1 L 2
65 1 U 7
66 0 L 47
67
0 0 U -1
1 0 L -1
2 0 U 0
3 0 U -1
4 0 U 3
5 1 L 1
6 1 L 3
7 1 L -1
8 0 U 0
9 0 U 5
10 1 L 1
11 1 U 8
12 1 U 4
13 1 U 12
14 1 U -1
15 0 L -1
16 1 U -1
17 0 L 9
18 1 U 6
19 1 U 16
20 0 L 10
21 1 L 6
22 1 U 11
23 1 U 19
24 1 U 7
25 0 U 0
26 1 U -1
27 1 L 15
28 1 U 23
29 0 U 7
30 0 U 0
31 1 U 25
32 0 U 30
33 0 U 25
34 1 L 18
35 1 L -1
36 1 L 15
37 0 U 26
38 0 U -1
39 1 U 25
40 1 U -1
41 0 L 34
42 1 L 14
43 0 L 26
44 1 L 13
45 1 L 36
46 1 L 45
47 1 L 46
48 1 U 40
49 0 L 7
50 1 U 44
51 1 U 39
52 0 L 49
53 0 L -1
54 0 L -1
55 1 U 14
56 1 U 35
57 0 L 36
58 0 L -1
59 1 U 43
60 0 U 36
61 1 U 40
62 0 U 56
63 0 L 37
64 1 L 54
65 1 U 39
66 0 L 19
67
0 0 U -1
1 0 L -1
2 0 U 0
3 0 U -1
4 0 U 3
5 1 L 1
6 1 L 3
7 1 L -1
8 0 U 0
9 0 U 5
10 1 L 1
11 1 U 2
12 1 U 4
13 1 U 12
14 1 U -1
15 0 L -1
16 1 U -1
17 0 L 9
18 1 U 6
19 1 U 16
20 0 L 10
21 1 L 6
22 0 U 4
23 1 U 19
24 0 U 7
25 0 U 0
26 1 U -1
27 1 L 15
28 1 U 23
29 0 U 7
30 0 U 0
31 1 U 2
32 0 U 30
33 0 U 25
34 1 L 18
35 1 L -1
36 1 L 15
37 1 U 22
38 1 U -1
39 1 U 25
40 1 U -1
41 0 L 34
42 1 L 14
43 0 L 29
44 1 L 13
45 1 L 36
46 1 L 45
47 1 L 46
48 1 U 40
49 0 L 7
50 1 U 44
51 1 U 39
52 0 L 49
53 0 L 26
54 0 L -1
55 1 U 14
56 1 U 35
57 0 L 36
58 0 L -1
59 1 U 43
60 1 U 36
61 1 U 38
62 0 U 56
63 0 L 37
64 1 L 54
65 1 U 39
66 0 L 16
67
0 0 L -1
1 0 L -1
2 0 U 0
3 0 U -1
4 0 U 3
5 1 L 1
6 1 L 3
7 1 L -1
8 0 U 0
9 0 U 5
10 1 L 7
11 1 U 2
12 1 U 4
13 1 U 12
14 1 U -1
15 0 L -1
16 1 U -1
17 0 L 9
18 1 U 15
19 1 U 16
20 0 L 4
21 1 L 6
22 1 U 3
23 1 U 19
24 0 U 7
25 0 U 0
26 1 U -1
27 1 L 15
28 1 U 23
29 0 U 7
30 0 U 0
31 0 U 11
32 0 U 30
33 1 U 25
34 1 L 18
35 1 L -1
36 1 L 4
37 0 U 5
38 1 U -1
39 1 U 25
40 1 U -1
41 0 L 34
42 1 L 11
43 0 L 29
44 1 L 13
45 1 L 36
46 1 L 45
47 1 L 46
48 1 U 40
49 0 L 7
50 1 U 36
51 1 U 39
52 0 L 49
53 0 U 28
54 0 L -1
55 1 U 14
56 1 U 35
57 0 L 36
58 0 L -1
59 1 U 43
60 0 U 36
61 1 U 38
62 0 U 56
63 0 L 37
64 1 L 54
65 1 U 39
66 0 L 17
67
0 0 L -1
1 0 L -1
2 0 U 0
3 0 U -1
4 0 U 3
5 1 L 1
6 1 L 3
7 1 L -1
8 0 U 0
9 0 U 5
10 1 L 7
11 1 U 2
12 1 U 4
13 1 U 12
14 1 U -1
15 0 L -1
16 1 U -1
17 0 L 9
18 1 U 15
19 1 U 16
20 0 L 4
21 1 L 6
22 0 L 17
23 1 U 19
24 0 U 7
25 0 U 0
26 1 U -1
27 1 L 15
28 1 U 23
29 0 U 7
30 0 U 0
31 1 L 2
32 0 U 30
33 1 U 25
34 1 L 18
35 1 L -1
36 1 L 4
37 0 U 35
38 1 U -1
39 1 U 25
40 1 U -1
41 0 L 34
42 1 L 11
43 0 L 18
44 1 L 13
45 1 L 36
46 1 L 45
47 1 L 46
48 1 U 40
49 0 L 7
50 1 U 36
51 1 U 39
52 0 L 49
53 0 U 3
54 0 L -1
55 1 U 14
56 1 U 35
57 0 L 36
58 0 L -1
59 1 U 43
60 1 U 45
61 0 U 38
62 0 U 56
63 0 L 33
64 1 L 54
65 1 U 7
66 0 L 17
67
0 0 U -1
1 0 L -1
2 0 U 0
3 0 U -1
4 0 U 3
5 1 L 1
6 1 L 3
7 1 L -1
8 0 U 0
9 0 U 5
10 1 L 7
11 1 U 2
12 1 U 4
13 1 U 12
14 1 U -1
15 0 L -1
16 1 U -1
17 0 L 9
18 1 U 15
19 1 U 16
20 0 L 15
21 1 L 6
22 0 L 17
23 1 U 19
24 0 U 7
25 0 U 0
26 1 U -1
27 1 L 15
28 1 U 11
29 0 U 28
30 0 U 0
31 1 U 2
32 0 U 30
33 1 U 25
34 1 L 18
35 1 L -1
36 1 L 4
37 1 U 33
38 1 U -1
39 1 U 25
40 1 U -1
41 0 L 34
42 1 L 11
43 0 L 30
44 1 L 13
45 1 L 36
46 1 L 45
47 1 L 46
48 1 U 40
49 0 L 7
50 1 U 36
51 1 U 39
52 0 L 49
53 0 U 31
54 0 L -1
55 1 U 14
56 1 U 35
57 0 L 36
58 0 L -1
59 1 U 43
60 1 U 44
61 0 U 38
62 0 U 56
63 0 L 33
64 1 L 54
65 1 U 53
66 0 L 17
67
0 0 U -1
1 0 L -1
2 0 U 0
3 0 U -1
4 0 U 3
5 1 L 1
6 1 L 3
7 1 L -1
8 0 U 0
9 0 U 5
10 1 L 7
11 1 U 2
12 1 U 5
13 1 U 12
14 1 U -1
15 0 L -1
16 1 U -1
17 0 L 9
18 1 U 15
19 1 U 16
20 0 L 3
21 1 L 6
22 0 U 4
23 1 U 19
24 0 U 7
25 0 U 0
26 1 U -1
27 1 L 15
28 1 U 19
29 0 U 7
30 0 U 0
31 1 U 11
32 0 U 30
33 0 U 32
34 1 L 18
35 1 L -1
36 1 L 4
37 1 U 28
38 0 L -1
39 1 U 25
40 1 U -1
41 0 L 34
42 1 L 12
43 0 L 24
44 1 L 13
45 1 L 36
46 0 L 45
47 1 L 11
48 1 U 40
49 0 L 7
50 1 U 36
51 1 U 31
52 0 L 49
53 1 L 0
54 1 L -1
55 1 U 14
56 1 U 35
57 0 L 12
58 0 L 46
59 0 U 43
60 1 U 44
61 1 U 40
62 0 U 56
63 0 L 38
64 1 L 54
65 1 U 7
66 1 L 52
67
0 0 L -1
1 0 L -1
2 0 U 0
3 0 U -1
4 0 U 3
5 1 L 1
6 1 L 3
7 1 L -1
8 0 U 0
9 0 U 5
10 1 L 1
11 1 U 2
12 1 U 5
13 1 U 12
14 1 U -1
15 0 L -1
16 1 U -1
17 0 L 9
18 1 U 15
19 1 U 16
20 0 L 10
21 1 L 6
22 1 L 5
23 1 U 7
24 0 U 7
25 0 U 0
26 1 U -1
27 1 L 15
28 1 U 11
29 0 U 28
30 0 U 26
31 1 U 11
32 0 U 30
33 0 U 32
34 1 L 18
35 1 L -1
36 1 L 4
37 0 U 19
38 0 L -1
39 1 U 25
40 1 U -1
41 0 L 34
42 1 L 9
43 0 L 24
44 1 L 13
45 1 L 36
46 0 L 45
47 0 L 14
48 1 U 40
49 0 L 38
50 1 U 36
51 1 U 31
52 0 L 15
53 0 U 48
54 1 L -1
55 1 U 1
56 1 U 35
57 0 L 12
58 0 L 46
59 0 U 43
60 0 U 44
61 1 U 40
62 0 U 56
63 0 L 38
64 1 L 56
65 1 U 11
66 0 L 52
67
0 0 U -1
1 0 L -1
2 0 U 0
3 0 U -1
4 0 U 3
5 1 L 1
6 1 L 3
7 1 L -1
8 0 U 0
9 0 U 5
10 1 L 1
11 1 U 2
12 1 U 5
13 1 U 12
14 1 U -1
15 0 L -1
16 1 U -1
17 0 L 9
18 1 U 15
19 1 U 16
20 1 L 15
21 1 L 6
22 1 L 0
23 1 U 7
24 0 U 23
25 0 U 0
26 1 U -1
27 1 L 15
28 1 U 19
29 0 U 28
30 0 U 26
31 1 U 19
32 0 U 30
33 1 U 32
34 1 L 18
35 0 L -1
36 1 L 4
37 1 U 0
38 0 L -1
39 1 U 25
40 1 U -1
41 0 L 34
42 1 L 14
43 0 L 30
44 1 L 13
45 1 L 36
46 0 L 14
47 1 L 14
48 1 U 40
49 0 L 38
50 1 U 36
51 1 U 23
52 0 L 2
53 0 U 8
54 0 L -1
55 1 U 1
56 1 U 51
57 0 L 12
58 0 L 46
59 0 U 43
60 1 U 44
61 1 U 40
62 0 U 56
63 0 L 38
64 1 L 56
65 1 U -1
66 1 L 52
67
0 0 U -1
1 0 L -1
2 0 U 0
3 0 U -1
4 0 U 3
5 1 L 1
6 1 L 3
7 1 L -1
8 0 U 0
9 0 U 5
10 1 L 1
11 1 U 2
12 1 U 5
13 1 U 12
14 1 U -1
15 0 L -1
16 1 U -1
17 0 L 9
18 1 U 15
19 1 U 16
20 0 L 15
21 1 L 6
22 0 L 21
23 1 U 7
24 0 U 23
25 0 U 0
26 1 U -1
27 1 L 15
28 1 U 19
29 0 U 28
30 0 U 26
31 0 U 8
32 0 U 30
33 0 U 32
34 1 L 18
35 1 L 1
36 1 L 4
37 0 U 35
38 0 L -1
39 1 U 2
40 1 U -1
41 0 L 34
42 1 U 11
43 0 L 33
44 1 L 13
45 1 L 36
46 0 L 14
47 1 L 11
48 1 U 40
49 0 L 38
50 1 U 36
51 1 U 23
52 0 L 2
53 0 U 12
54 1 L -1
55 1 U 1
56 1 U 51
57 0 L 9
58 0 L 17
59 0 U 43
60 0 U 44
61 0 U 40
62 0 U 56
63 0 L 38
64 1 L 56
65 1 U 40
66 1 L 52
67
0 0 L -1
1 0 L -1
2 0 U 0
3 0 U -1
4 0 U 3
5 1 L 1
6 1 L 3
7 1 L -1
8 0 U 0
9 0 U 5
10 1 L 7
11 1 U 2
12 1 U 5
13 1 U 12
14 1 U -1
15 0 L -1
16 1 U -1
17 0 L 9
18 1 U 15
19 1 U 16
20 0 L 15
21 1 L 6
22 0 L 0
23 1 U 7
24 0 U 23
25 0 U 0
26 1 U -1
27 1 L 15
28 1 U 11
29 0 U 12
30 1 U 0
31 1 U 8
32 0 U 30
33 0 U 32
34 1 L 18
35 1 L 1
36 1 L 4
37 0 U 31
38 0 L -1
39 1 U 32
40 1 U -1
41 0 L 34
42 1 L 14
43 0 L 33
44 1 L 13
45 1 L 36
46 1 L 45
47 0 L 46
48 0 U 40
49 0 L 38
50 1 U 36
51 1 U 23
52 0 L 10
53 0 U 48
54 1 L -1
55 1 U 1
56 1 U 51
57 0 L 9
58 0 L 17
59 1 U 43
60 1 U 44
61 0 U 40
62 0 U 56
63 0 L 38
64 1 U 61
65 1 U 40
66 1 L 52
67
0 0 U -1
1 0 L -1
2 0 U 0
3 0 U -1
4 0 U 3
5 1 L 1
6 1 L 3
7 1 L -1
8 0 U 0
9 0 U 5
10 1 L 7
11 1 U 2
12 1 U 5
13 1 U 12
14 1 U -1
15 0 L -1
16 1 U -1
17 0 L 9
18 1 U 15
19 1 U 16
20 0 L 10
21 1 L 8
22 1 L 0
23 1 U 12
24 0 U 23
25 0 U 0
26 1 U -1
27 1 L 10
28 1 U 11
29 0 U 12
30 0 U 0
31 1 U 26
32 0 U 30
33 0 U 32
34 1 L 18
35 1 L 1
36 1 L 15
37 1 U 1
38 0 L -1
39 1 U 32
40 1 U -1
41 0 L 34
42 1 L 14
43 0 L 28
44 1 L 13
45 1 L 36
46 1 L 45
47 1 L 46
48 1 U 40
49 0 L 38
50 1 U 36
51 1 U 23
52 0 L 22
53 1 U 2
54 0 L -1
55 1 U 14
56 1 U 51
57 0 L 9
58 0 L 47
59 0 U 43
60 0 U 36
61 0 U 40
62 0 U 56
63 0 L 38
64 1 U 53
65 1 U 40
66 1 L 52
67
0 0 U -1
1 0 L -1
2 0 U 0
3 0 U -1
4 0 U 3
5 1 L 1
6 1 L 3
7 1 L -1
8 0 U 0
9 0 U 5
10 1 L 7
11 1 U 2
12 1 U 5
13 1 U 12
14 1 U -1
15 0 L -1
16 1 U -1
17 0 L 9
18 1 U 15
19 1 U 16
20 0 L 3
21 1 L 8
22 1 L 0
23 1 U 12
24 0 U 23
25 0 U 0
26 1 U -1
27 1 L 10
28 1 U 11
29 0 U 12
30 1 U 0
31 0 L -1
32 0 U 30
33 1 U 32
34 1 L 18
35 1 L 1
36 1 L 15
37 1 L 17
38 0 L -1
39 1 U 32
40 1 U -1
41 0 L 34
42 1 L 12
43 0 L 28
44 1 L 13
45 1 L 36
46 1 L 45
47 1 L 46
48 0 U 40
49 1 L 7
50 1 U 36
51 1 U 23
52 0 L 22
53 0 U 0
54 0 L -1
55 1 U 14
56 1 U 51
57 0 L 21
58 0 L 47
59 1 U 43
60 1 U 36
61 0 U 40
62 0 U 56
63 0 L 38
64 1 U 43
65 1 U -1
66 1 L 52
67
0 0 L -1
1 0 L -1
2 0 U 0
3 0 U -1
4 0 U 3
5 1 L 1
6 1 L 3
7 1 L -1
8 0 U -1
9 0 U 5
10 1 L 7
11 1 U 2
12 1 U 5
13 1 U 12
14 1 U -1
15 0 L -1
16 1 U -1
17 0 L 9
18 1 U 15
19 1 U 16
20 0 L 15
21 1 L 8
22 0 L 2
23 1 U 12
24 0 U 23
25 0 U 0
26 1 U -1
27 1 L 10
28 1 U 11
29 0 U 28
30 0 U 0
31 1 U 2
32 0 U 30
33 1 U 32
34 1 L 18
35 1 L 1
36 1 L 15
37 1 L 21
38 1 L -1
39 1 U 32
40 1 U -1
41 0 L 34
42 1 L 12
43 0 L 24
44 1 L 13
45 0 L 36
46 1 L 45
47 0 L 46
48 1 U 40
49 1 L 7
50 1 U 36
51 1 U 23
52 0 L 4
53 1 L 19
54 0 L -1
55 1 U 14
56 1 U 51
57 0 L 12
58 0 L 47
59 0 U 43
60 1 U 44
61 1 U 40
62 0 U 56
63 0 L 7
64 1 U 61
65 1 U -1
66 1 L 2
67
0 0 L -1
1 0 L -1
2 0 U 0
3 0 U -1
4 0 U 3
5 1 L 1
6 1 L 3
7 1 L -1
8 0 U 0
9 0 U 5
10 1 L 7
11 1 U 2
12 1 U 5
13 1 U 12
14 1 U -1
15 0 L -1
16 1 U -1
17 0 L 9
18 1 U 15
19 1 U 16
20 0 L 3
21 1 L 8
22 0 L 16
23 1 U 7
24 0 U 23
25 0 U 0
26 1 U -1
27 1 L 10
28 1 U 19
29 0 U 28
30 0 U 26
31 0 U 4
32 0 U 30
33 0 U 32
34 1 L 18
35 1 L 1
36 1 L 15
37 1 L 21
38 1 L 16
39 1 U 32
40 1 U -1
41 0 L 34
42 1 L 37
43 0 L 24
44 1 L 13
45 0 L 36
46 1 L 45
47 0 L 46
48 1 U 40
49 1 L 7
50 1 U 36
51 1 U 7
52 0 L 4
53 0 U 36
54 0 L -1
55 1 U 14
56 1 U 51
57 0 L 12
58 0 L 47
59 0 U 43
60 1 U 44
61 0 U 40
62 0 U 56
63 0 L 7
64 1 U 28
65 1 U -1
66 1 L 2
67
0 0 L -1
1 0 L -1
2 0 U 0
3 0 U -1
4 0 U 3
5 1 L 1
6 1 L 3
7 1 L -1
8 0 U 0
9 0 U 5
10 1 L 7
11 1 U 8
12 1 U 5
13 1 U 12
14 1 U -1
15 0 L -1
16 1 U -1
17 0 L 9
18 1 U 13
19 1 U 16
20 0 L 3
21 1 L 8
22 1 U 9
23 1 U 7
24 0 U 23
25 1 U 0
26 1 U -1
27 1 L 10
28 1 U 19
29 0 U 28
30 0 U 0
31 0 U 11
32 0 U 30
33 0 U 32
34 1 L 18
35 1 L 7
36 1 L 15
37 0 L 21
38 1 L 16
39 1 U 32
40 1 U -1
41 0 L 34
42 1 L 37
43 0 L 33
44 1 L 13
45 0 L 36
46 1 L 45
47 1 L 46
48 1 U 40
49 1 L 7
50 1 U 36
51 1 U 23
52 0 L 2
53 1 L 37
54 0 L -1
55 1 U 14
56 1 U 51
57 0 L 12
58 0 L 47
59 0 U 43
60 0 U 45
61 1 U 40
62 0 U 56
63 0 L -1
64 0 U 61
65 1 U 23
66 0 L 52
67
0 0 U -1
1 0 L -1
2 0 U 0
3 0 U -1
4 0 U 3
5 1 L 1
6 1 L 3
7 1 L -1
8 0 U 0
9 0 U 5
10 1 L 7
11 1 U 8
12 1 U 4
13 1 U 12
14 1 U -1
15 0 L -1
16 1 U -1
17 0 L 9
18 1 U 13
19 1 U 16
20 0 L 15
21 1 L 8
22 0 L 5
23 1 U 7
24 0 U 23
25 0 U 0
26 1 U -1
27 1 L 10
28 1 U 19
29 0 U 7
30 1 U 26
31 1 U 6
32 0 U 30
33 1 U 32
34 1 L 18
35 1 L 7
36 1 L 15
37 1 L 21
38 1 L 16
39 1 U 32
40 1 U -1
41 0 L 34
42 1 L 37
43 0 L 30
44 1 L 13
45 1 L 36
46 1 L 45
47 1 L 46
48 1 U 40
49 1 L 7
50 1 U 36
51 1 U 23
52 0 L 22
53 0 L 37
54 0 L -1
55 1 U 14
56 1 U 51
57 0 L 12
58 0 L 28
59 0 U 43
60 1 U 45
61 1 U 40
62 0 U 56
63 0 L -1
64 0 U 61
65 1 U 32
66 1 L 52
67
0 0 U -1
1 0 L -1
2 0 U 0
3 0 U -1
4 0 U 3
5 1 L 1
6 1 L 3
7 1 L -1
8 0 U 0
9 0 U 5
10 1 L 7
11 1 U 2
12 1 U 5
13 1 U 12
14 1 U -1
15 0 L -1
16 1 U -1
17 0 L 9
18 1 U 13
19 1 U 16
20 0 L 15
21 0 L 8
22 1 L 5
23 1 U 7
24 0 U 7
25 1 U 0
26 1 U -1
27 1 L 10
28 1 U 19
29 0 U 7
30 1 U 26
31 0 U 25
32 0 U 30
33 0 U 32
34 1 L 18
35 1 L 7
36 1 L 15
37 1 L 21
38 0 U -1
39 1 U 32
40 1 U -1
41 0 L 34
42 1 L 37
43 0 L 30
44 1 L 13
45 0 L 36
46 1 L 45
47 0 L 46
48 1 U 40
49 1 L 7
50 1 U 36
51 1 U 23
52 0 L 49
53 0 L 37
54 1 L -1
55 1 U 14
56 1 U 51
57 0 L 12
58 0 L 28
59 0 U 43
60 0 U 45
61 1 U 40
62 0 U 56
63 0 L -1
64 1 U 61
65 1 U 31
66 0 L 52
67
0 0 U -1
1 0 L -1
2 0 U 0
3 0 U -1
4 0 U 3
5 1 L 1
6 1 L 3
7 1 L -1
8 0 U 0
9 0 U 5
10 1 L 7
11 1 U 8
12 1 U 4
13 1 U 12
14 1 U -1
15 0 L -1
16 1 U -1
17 0 L 9
18 1 U 13
19 1 U 16
20 0 L 15
21 0 L 8
22 0 U 12
23 1 U 7
24 0 U 7
25 0 U 0
26 1 U -1
27 1 L 10
28 1 U 19
29 0 U 7
30 1 U 26
31 1 U 2
32 0 U 30
33 1 U 32
34 1 L 18
35 1 L 7
36 1 L 15
37 1 L 21
38 0 U -1
39 1 U 32
40 1 U -1
41 0 L -1
42 1 L 37
43 0 L 30
44 1 L 13
45 1 L 36
46 1 L 45
47 1 L 46
48 0 U 40
49 1 L 7
50 1 U 43
51 1 U 28
52 0 L 15
53 0 L 37
54 1 L -1
55 1 U 14
56 1 U 51
57 0 L 12
58 0 L 28
59 0 U 36
60 1 U 45
61 1 U 40
62 0 U 56
63 0 L -1
64 1 U 61
65 1 U 12
66 1 L 52
67
0 0 U -1
1 0 L -1
2 0 U 0
3 0 U -1
4 0 U 3
5 1 L 1
6 1 L 3
7 1 L -1
8 0 U 0
9 0 U 4
10 1 L 7
11 1 U 8
12 1 U 4
13 1 U 12
14 1 U -1
15 0 L -1
16 1 U -1
17 0 L 9
18 1 U 13
19 1 U 16
20 0 L 3
21 0 L 8
22 1 U 12
23 1 U 11
24 0 U 7
25 0 U 0
26 1 U -1
27 1 L 10
28 1 U 11
29 0 U 12
30 1 U 26
31 0 U 2
32 0 U 30
33 0 U 32
34 1 L 18
35 1 L 7
36 1 L 15
37 1 L 21
38 0 U 0
39 1 U 32
40 1 U -1
41 0 L -1
42 1 L 37
43 0 L 24
44 1 L 13
45 1 L 36
46 1 L 45
47 1 L 46
48 1 U 40
49 1 L 7
50 1 U 43
51 1 U 39
52 0 L 2
53 0 U 24
54 0 L -1
55 1 U 14
56 1 U 51
57 0 L 12
58 0 L 13
59 0 U 36
60 1 U 45
61 0 U 40
62 0 U 56
63 0 L -1
64 1 U 61
65 1 U 12
66 0 L 52
67
0 0 L -1
1 0 L -1
2 0 U 0
3 0 U -1
4 0 U 3
5 1 L 4
6 1 L 3
7 1 L -1
8 0 U 0
9 0 U 4
10 1 L 7
11 1 U 8
12 1 U 4
13 1 U 12
14 1 U -1
15 0 L -1
16 1 U -1
17 0 L 9
18 1 U 13
19 1 U 16
20 0 L 3
21 0 L 8
22 1 U 19
23 1 U 7
24 0 U 7
25 0 U 0
26 1 U -1
27 1 L 10
28 1 U 11
29 0 U 12
30 1 U 0
31 0 U 8
32 0 U 30
33 1 U 32
34 1 L 18
35 1 L 7
36 1 L 15
37 0 L 9
38 0 U 32
39 1 U 8
40 1 U -1
41 0 L -1
42 1 L 37
43 0 L 18
44 1 L 13
45 1 L 36
46 1 L 45
47 0 L 46
48 0 U 40
49 1 L 7
50 1 U 45
51 1 U 39
52 0 L 2
53 1 U 16
54 0 L -1
55 1 U 1
56 1 U 51
57 0 L 14
58 0 L 13
59 0 U 36
60 1 U 36
61 0 U 40
62 0 U 56
63 0 L -1
64 1 U 61
65 1 U 7
66 1 L 52
67
0 0 L -1
1 0 L -1
2 0 U 0
3 0 U -1
4 0 U 3
5 1 L 1
6 1 L 3
7 1 L -1
8 0 U 0
9 0 U 4
10 1 L 7
11 1 U 8
12 1 U 4
13 1 U 12
14 1 U -1
15 0 L -1
16 1 U -1
17 0 L 9
18 1 U 13
19 1 U 16
20 0 L 15
21 0 L 8
22 0 U 10
23 1 U 7
24 0 U 7
25 0 U 0
26 1 U -1
27 1 L 10
28 1 U 11
29 0 U 12
30 1 U 0
31 1 U 25
32 0 U 30
33 0 U 32
34 1 L 18
35 1 L 1
36 1 L 4
37 1 L 9
38 0 U 32
39 1 U 8
40 1 U -1
41 0 L -1
42 1 L 37
43 0 L 18
44 1 L 13
45 1 L 36
46 1 L 45
47 0 L 46
48 0 U 40
49 1 L 7
50 1 U 45
51 1 U 39
52 0 L 3
53 0 U 40
54 0 L -1
55 1 U 1
56 1 U 51
57 0 L 14
58 0 L 17
59 0 U 36
60 1 U 36
61 0 U 40
62 0 U 20
63 0 L -1
64 1 U 61
65 1 U 7
66 1 L 36
67
0 0 L -1
1 0 L -1
2 0 U 0
3 0 U -1
4 0 U 3
5 1 L 1
6 1 L 3
7 1 L -1
8 0 U 0
9 0 U 4
10 1 L 7
11 1 U 8
12 1 U 5
13 1 U 12
14 1 U -1
15 0 L -1
16 1 U -1
17 0 L 9
18 1 U 13
19 1 U 16
20 0 L 15
21 0 L 8
22 1 L -1
23 0 U 12
24 0 U 7
25 0 U 0
26 1 U -1
27 1 L 10
28 1 U 19
29 0 U 12
30 1 U 0
31 0 U 25
32 0 U 30
33 1 U 32
34 1 L 23
35 1 L 1
36 1 L 15
37 1 L 21
38 1 U 4
39 1 U 8
40 1 U -1
41 0 L -1
42 1 L 37
43 0 L 37
44 1 L 13
45 1 L 36
46 1 L 45
47 1 L 9
48 1 U 40
49 1 L 7
50 1 U 45
51 1 U 39
52 0 L 35
53 1 L 51
54 1 L -1
55 1 U 1
56 1 U 51
57 0 L 9
58 0 L 31
59 0 U 36
60 0 U 36
61 0 U 40
62 0 U 20
63 0 L -1
64 1 U 61
65 1 U 7
66 1 L 11
67
0 0 L -1
1 0 L -1
2 0 U 0
3 0 U -1
4 0 U 3
5 1 L 1
6 1 L 3
7 1 L -1
8 0 U 0
9 0 U 5
10 1 L 7
11 1 U 8
12 1 U 4
13 1 U 12
14 1 U -1
15 0 L -1
16 1 U -1
17 0 L 9
18 1 U 13
19 1 U 16
20 0 L 10
21 0 L 8
22 0 U 2
23 0 U 9
24 0 U 7
25 0 U 0
26 1 U -1
27 1 L 10
28 1 U 19
29 0 U 12
30 0 U 0
31 0 U 25
32 0 U 30
33 0 U 8
34 1 L 23
35 1 L 1
36 1 L 15
37 1 L 21
38 1 U 1
39 1 U 8
40 1 U -1
41 0 L -1
42 1 L 37
43 0 L 24
44 1 L 13
45 1 L 36
46 1 L 45
47 0 L 9
48 1 U 40
49 1 L 7
50 1 U 45
51 1 U 39
52 0 L 10
53 1 L 36
54 0 L -1
55 1 U 1
56 1 U 51
57 0 L 9
58 0 L 22
59 0 U 36
60 1 U 36
61 1 U 40
62 0 U 20
63 0 L -1
64 1 U 61
65 1 U 7
66 1 L 11
67
0 0 L -1
1 0 L -1
2 0 U 0
3 0 U -1
4 0 U 3
5 1 L 1
6 1 L 3
7 1 L -1
8 0 U 0
9 0 U 5
10 1 L 7
11 1 U 8
12 1 U 4
13 1 U 12
14 1 U -1
15 0 L -1
16 1 U -1
17 0 L 9
18 1 U 13
19 1 U 16
20 0 L 3
21 0 L 8
22 0 U 2
23 0 U 10
24 0 U 7
25 0 U 0
26 1 U -1
27 1 L 10
28 1 U 11
29 0 U 12
30 0 U 0
31 0 U 11
32 0 U 30
33 0 U 25
34 1 L 23
35 1 L 7
36 1 L 15
37 1 L 21
38 1 U 1
39 1 U 8
40 1 U -1
41 0 L -1
42 1 L 37
43 0 L 24
44 1 L 13
45 1 L 36
46 1 L 45
47 1 L 46
48 1 U 40
49 1 L 7
50 1 U 45
51 1 U 39
52 0 L 10
53 1 L 36
54 1 L -1
55 1 U 1
56 1 U 51
57 0 L 9
58 0 L 47
59 0 U 36
60 1 U 36
61 1 U 40
62 0 U 20
63 0 L -1
64 1 U 61
65 1 U 28
66 1 L 11
67
0 0 U -1
1 0 L -1
2 0 U 0
3 0 U -1
4 0 U 3
5 1 L 1
6 1 L 3
7 1 L -1
8 0 U 0
9 0 U 5
10 1 L 7
11 1 U 8
12 1 U 4
13 1 U 12
14 1 U -1
15 0 L -1
16 1 U -1
17 0 L 9
18 1 U 13
19 1 U 16
20 0 L 15
21 0 L 8
22 0 L 0
23 0 U 7
24 0 U 7
25 0 U 0
26 1 U -1
27 1 L 10
28 1 U 11
29 0 U 12
30 0 U 26
31 1 U 19
32 0 U 30
33 0 U 2
34 1 L 23
35 1 L 1
36 1 L 15
37 0 L 7
38 1 U 1
39 1 U 8
40 1 U -1
41 0 L -1
42 1 L 14
43 0 L 24
44 1 L 13
45 1 L 36
46 1 L 45
47 1 L 46
48 1 U 40
49 1 L 7
50 1 U 45
51 1 U 39
52 0 L 10
53 1 L 36
54 0 L -1
55 1 U 1
56 1 U 51
57 0 L 46
58 0 L 47
59 0 U 36
60 1 U 36
61 1 U 40
62 0 U 20
63 0 L -1
64 1 U 61
65 1 U 31
66 1 L 11
67
0 0 U -1
1 0 L -1
2 0 U 0
3 0 U -1
4 0 U 3
5 1 L 1
6 1 L 3
7 1 L -1
8 0 U 0
9 0 U 5
10 1 L 7
11 1 U 8
12 1 U 4
13 1 U 12
14 1 U -1
15 0 L -1
16 1 U -1
17 0 L 9
18 1 U 13
19 1 U 16
20 0 L 15
21 0 L 8
22 0 U 7
23 0 U 22
24 0 U 7
25 0 U 0
26 1 U -1
27 1 L 10
28 1 U 11
29 0 U 12
30 0 U 26
31 0 U 5
32 0 U 30
33 0 U 2
34 1 L 23
35 1 L 1
36 1 L 15
37 0 L 7
38 1 U 1
39 1 U 8
40 1 U -1
41 0 L -1
42 1 L 14
43 0 L 33
44 1 L 13
45 1 L 36
46 1 L 45
47 1 L 46
48 1 U 40
49 1 L 7
50 1 U 45
51 1 U 39
52 0 L 15
53 0 U 41
54 1 L -1
55 1 U 1
56 1 U 51
57 0 L 46
58 0 L 13
59 0 U 45
60 1 U 36
61 1 U 40
62 0 U 20
63 0 L 7
64 1 U 61
65 1 U 39
66 1 L 11
67
0 0 L -1
1 0 L -1
2 0 U 0
3 0 U -1
4 0 U 3
5 1 L 1
6 1 L 3
7 1 L -1
8 0 U 0
9 0 U 4
10 1 L 7
11 1 U 8
12 1 U 4
13 1 U 12
14 1 U -1
15 0 L -1
16 1 U -1
17 0 L 9
18 1 U 13
19 1 U 16
20 0 L 15
21 0 L 8
22 0 L 7
23 0 U 10
24 0 U 7
25 0 U 0
26 1 U -1
27 1 L 10
28 1 U 11
29 0 U 12
30 0 U 0
31 1 U 8
32 0 U 30
33 1 U 2
34 1 L 23
35 1 L 22
36 1 L 3
37 0 L 7
38 1 U 1
39 1 U 2
40 1 U -1
41 0 L -1
42 1 L 14
43 0 L 33
44 1 L 13
45 1 L 36
46 1 L 45
47 0 L 46
48 1 U 40
49 1 L 7
50 1 U 45
51 1 U 39
52 0 L 5
53 0 U 26
54 1 L -1
55 1 U 1
56 1 U 51
57 0 L 46
58 0 L 13
59 0 U 45
60 1 U 36
61 1 U 40
62 0 U 20
63 0 L 7
64 1 U 61
65 1 U 39
66 1 L 11
67
0 0 L -1
1 0 L -1
2 0 U 0
3 0 U -1
4 0 U 3
5 1 L 1
6 1 L 3
7 1 L -1
8 0 U 0
9 0 U 4
10 1 L 7
11 1 U 8
12 1 U 4
13 1 U 12
14 1 U -1
15 0 L -1
16 1 U -1
17 0 L 9
18 1 U 13
19 1 U 16
20 0 L 10
21 0 L 8
22 1 L 7
23 0 U 6
24 0 U 7
25 0 U 0
26 1 U -1
27 1 L 10
28 1 U 11
29 0 U 12
30 0 U 0
31 0 U 19
32 0 U 30
33 0 U 2
34 1 L 23
35 1 L 22
36 1 L 3
37 0 L 35
38 1 U 1
39 1 U 2
40 1 U -1
41 0 L -1
42 1 L 14
43 0 L 33
44 1 L 13
45 1 L 36
46 1 L 45
47 0 L 46
48 1 U 40
49 1 L 7
50 1 U 45
51 1 U 39
52 0 L 5
53 0 U 43
54 1 L -1
55 1 U 14
56 1 U 51
57 0 L 46
58 0 L 13
59 0 U 45
60 0 U 45
61 1 U 40
62 0 U 20
63 0 L 7
64 1 U 61
65 1 U 28
66 1 L 11
67
0 0 U -1
1 0 L -1
2 0 U 0
3 0 U -1
4 0 U 3
5 1 L 4
6 1 L 3
7 1 L -1
8 0 U 0
9 0 U 4
10 1 L 7
11 1 U 8
12 1 U 4
13 1 U 12
14 1 U -1
15 0 L -1
16 1 U -1
17 0 L 9
18 1 U 15
19 1 U 16
20 1 L 10
21 0 L 8
22 0 U 12
23 0 U 6
24 0 U 7
25 0 U 0
26 1 U -1
27 1 L 10
28 1 U 11
29 0 U 7
30 0 U 0
31 0 U 11
32 0 U 30
33 0 U 2
34 1 L 23
35 1 L 1
36 1 L 3
37 0 L 35
38 1 U 1
39 1 U 38
40 1 U -1
41 0 L -1
42 1 L 14
43 0 L 10
44 1 L 13
45 1 L 36
46 1 L 45
47 1 L 46
48 1 U 40
49 1 L 41
50 1 U 45
51 1 U 39
52 0 L 15
53 0 L 34
54 0 L -1
55 1 U 14
56 1 U 35
57 0 L 46
58 0 L 13
59 0 U 44
60 1 U 45
61 0 U 40
62 0 U 56
63 0 L 7
64 1 U 61
65 1 U 28
66 1 L 11
67
0 0 U -1
1 0 L -1
2 0 U 0
3 0 U -1
4 0 U 3
5 1 L 4
6 1 L 3
7 1 L -1
8 0 U 0
9 0 U 4
10 1 L 7
11 1 U 8
12 1 U 4
13 1 U 12
14 1 U -1
15 0 L -1
16 1 U -1
17 0 L 9
18 1 U 15
19 1 U 16
20 1 L 10
21 0 L 5
22 1 U 19
23 0 U 7
24 0 U 7
25 0 U 0
26 1 U -1
27 1 L 10
28 1 U 11
29 0 U 7
30 0 U 0
31 0 U 8
32 0 U 30
33 1 U 8
34 1 L 23
35 1 L 7
36 1 L 3
37 0 L 35
38 1 U 1
39 1 U 38
40 1 U -1
41 0 L -1
42 1 L 14
43 0 L 10
44 0 L 17
45 1 L 36
46 1 L 45
47 0 L 46
48 1 U 40
49 1 L 7
50 1 U 45
51 1 U 39
52 0 L 15
53 0 L 37
54 1 L -1
55 1 U 14
56 1 U 35
57 0 L 22
58 0 L 13
59 0 U 34
60 0 U 45
61 0 U 40
62 0 U 56
63 0 L -1
64 1 U 61
65 1 U 28
66 1 L 11
67
0 0 L -1
1 0 L -1
2 0 U 0
3 0 U -1
4 0 U 3
5 1 L 4
6 1 L 3
7 1 L -1
8 0 U 0
9 0 U 4
10 1 L 7
11 1 U 8
12 1 U 4
13 1 U 12
14 1 U -1
15 0 L -1
16 1 U -1
17 0 L 9
18 1 U 6
19 1 U 16
20 0 L 3
21 0 L 5
22 0 U 10
23 0 U 12
24 0 U 7
25 0 U 0
26 1 U -1
27 1 L 10
28 1 U 11
29 0 U 7
30 0 U 0
31 0 U 8
32 0 U 30
33 1 U 8
34 1 L 23
35 1 L 7
36 1 L 3
37 1 L 35
38 1 U 1
39 1 U 2
40 1 U -1
41 0 L -1
42 1 L 14
43 1 L 10
44 0 L 17
45 1 L 36
46 1 L 45
47 1 L 46
48 1 U 40
49 1 L 7
50 1 U 45
51 1 U 39
52 0 L 15
53 0 L 37
54 1 L -1
55 1 U 1
56 1 U 35
57 0 L 12
58 0 L 13
59 0 U 34
60 0 U 45
61 0 U 40
62 0 U 56
63 0 L -1
64 1 U 61
65 1 U 7
66 1 L 11
67
0 0 L -1
1 0 L -1
2 0 U 0
3 0 U -1
4 0 U 3
5 1 L 4
6 1 L 3
7 1 L -1
8 0 U 0
9 0 U 4
10 1 L 7
11 1 U 8
12 1 U 4
13 1 U 12
14 1 U -1
15 0 L -1
16 1 U -1
17 0 L 9
18 1 U 15
19 1 U 16
20 0 L 15
21 0 L 5
22 0 L 0
23 0 U 22
24 0 U 7
25 0 U 0
26 1 U -1
27 1 L 10
28 1 U 11
29 0 U 7
30 0 U 0
31 0 U 8
32 0 U 30
33 0 U 8
34 1 L 33
35 1 L 7
36 1 L 3
37 0 L 21
38 1 U 1
39 1 U 2
40 1 U -1
41 0 L -1
42 1 L 14
43 1 L 10
44 1 L 31
45 1 L 36
46 1 L 45
47 1 L 46
48 1 U 40
49 1 L 7
50 1 U 44
51 1 U 39
52 0 L 15
53 0 U 38
54 0 L -1
55 1 U 1
56 1 U 35
57 0 L 12
58 0 L 13
59 0 U 36
60 0 U 45
61 0 U 40
62 0 U 56
63 0 L -1
64 1 U 61
65 1 U 33
66 1 L 11
67
0 0 U -1
1 0 L -1
2 0 U 0
3 0 U -1
4 0 U 3
5 1 L 4
6 1 L 3
7 1 L -1
8 0 U 0
9 0 U 4
10 1 L 7
11 1 U 8
12 1 U 4
13 1 U 12
14 1 U -1
15 0 L -1
16 1 U -1
17 0 L 9
18 1 U 15
19 1 U 16
20 0 L 3
21 0 L 5
22 0 L 9
23 0 U -1
24 0 U 7
25 0 U 0
26 1 U -1
27 1 L 10
28 1 U 11
29 0 U 7
30 0 U 0
31 0 U 8
32 0 U 30
33 0 U 8
34 1 L 33
35 1 L 7
36 1 L 15
37 0 L 21
38 1 U 19
39 1 U 2
40 1 U -1
41 0 L -1
42 1 L 14
43 1 L 10
44 1 L 31
45 1 L 36
46 1 L 37
47 1 L 46
48 1 U 40
49 1 L 7
50 1 U 44
51 1 U 39
52 0 L 15
53 0 U 5
54 0 L -1
55 1 U 1
56 1 U 35
57 0 L 37
58 0 L 13
59 0 U 34
60 0 U 45
61 0 U 40
62 0 U 56
63 0 L 7
64 1 U 61
65 1 U 33
66 1 L 11
67
0 0 L -1
1 0 L -1
2 0 U 0
3 0 U -1
4 0 U 3
5 1 L 4
6 1 L 3
7 1 L -1
8 0 U 0
9 0 U 4
10 1 L 7
11 1 U 8
12 1 U 4
13 1 U 12
14 1 U -1
15 0 L -1
16 1 U -1
17 0 L 9
18 1 U 13
19 1 U 16
20 0 L 10
21 0 L 5
22 1 U -1
23 0 U 9
24 0 U 7
25 0 U 0
26 1 U -1
27 1 L 10
28 1 U 11
29 0 U 7
30 0 U 0
31 0 U 2
32 0 U 30
33 0 U 8
34 1 L 33
35 1 L 7
36 1 L 15
37 0 L 21
38 1 U 32
39 1 U 32
40 1 U -1
41 0 L -1
42 1 L 14
43 1 L 10
44 1 L 13
45 1 L 36
46 1 L 9
47 0 L 46
48 1 U 40
49 1 L 7
50 1 U 44
51 1 U 39
52 0 L 15
53 0 L 31
54 0 L -1
55 1 U 1
56 1 U 35
57 0 L 14
58 0 L 13
59 0 U 34
60 0 U 23
61 0 U 40
62 0 U 56
63 0 L 7
64 1 U 61
65 1 U 33
66 1 L 11
