60
0 0 U -1
1 0 U -1
2 0 U -1
3 0 U -1
4 0 U -1
5 0 U -1
6 0 U -1
7 0 U -1
8 0 U -1
9 0 U -1
10 0 U -1
11 0 U -1
12 0 U -1
13 0 U -1
14 0 U -1
15 0 U -1
16 0 U -1
17 0 U -1
18 0 U -1
19 0 U -1
20 0 U -1
21 0 U -1
22 0 U -1
23 0 U -1
24 0 U -1
25 0 U -1
26 0 U -1
27 0 U -1
28 0 U -1
29 0 U -1
30 0 U -1
31 0 U -1
32 0 U -1
33 0 U -1
34 0 U -1
35 0 U -1
36 0 U -1
37 0 U -1
38 0 U -1
39 0 U -1
40 0 U -1
41 0 U -1
42 0 U -1
43 0 U -1
44 0 U -1
45 0 U -1
46 0 U -1
47 0 U -1
48 0 U -1
49 0 U -1
50 0 U -1
51 0 U -1
52 0 U -1
53 0 U -1
54 0 U -1
55 0 U -1
56 0 U -1
57 0 U -1
58 0 U -1
59 0 U -1
60
0 1 L -1
1 0 U -1
2 0 L -1
3 0 U 1
4 0 L -1
5 0 U -1
6 0 L 1
7 0 L 1
8 1 L 1
9 1 L 8
10 1 U 6
11 0 L 7
12 1 U 0
13 1 L -1
14 0 L 8
15 0 U 3
16 0 U 2
17 1 L 2
18 0 U 16
19 1 U 11
20 0 U -1
21 0 U 10
22 0 L 17
23 0 L -1
24 0 L 8
25 1 U 20
26 0 U 21
27 0 U 22
28 1 U 23
29 0 L 12
30 1 U 5
31 0 U 30
32 1 U 26
33 1 L -1
34 0 U 12
35 0 U -1
36 1 L 33
37 1 L 15
38 1 U 11
39 0 U 34
40 0 U 8
41 0 U 14
42 1 L 8
43 0 L 35
44 0 L 26
45 0 U -1
46 1 U -1
47 1 U 16
48 0 L 31
49 0 U 0
50 0 L 46
51 1 L 48
52 0 L 4
53 1 L 1
54 1 U 30
55 1 U 54
56 1 L 0
57 0 U 31
58 1 L -1
59 0 L 23
60
0 1 U -1
1 0 U -1
2 0 L -1
3 0 U 1
4 0 L -1
5 0 U -1
6 0 L 1
7 0 L 1
8 1 L 1
9 1 L 8
10 1 U 6
11 0 L 7
12 1 U 1
13 1 L -1
14 0 L 5
15 0 U 3
16 0 U 2
17 1 L 2
18 0 U 16
19 1 U 11
20 0 U -1
21 0 U 10
22 0 L 17
23 0 L -1
24 0 L 20
25 1 U 20
26 1 U 11
27 0 U 7
28 0 U 17
29 0 L 12
30 1 U 5
31 0 U 30
32 1 L 17
33 1 L -1
34 0 U 5
35 1 U 19
36 1 L 33
37 0 L 15
38 0 U 10
39 1 U 8
40 0 U 8
41 1 U 33
42 1 L 8
43 0 L 39
44 0 U 17
45 0 U 5
46 1 U 5
47 0 U 6
48 0 L 35
49 0 U 3
50 0 L 46
51 1 L 41
52 0 L 4
53 0 L 1
54 1 U 45
55 0 U 54
56 0 U -1
57 1 U 13
58 1 L -1
59 1 L 23
60
0 1 U -1
1 0 U -1
2 0 L -1
3 0 U 1
4 0 L -1
5 0 U -1
6 0 L 1
7 0 L 1
8 1 L 1
9 1 L 8
10 1 U 6
11 0 L 7
12 1 U 0
13 1 L -1
14 0 L 5
15 0 U 0
16 0 U 15
17 1 L 2
18 0 U 12
19 1 U 11
20 0 U -1
21 0 U 10
22 0 L 17
23 0 L -1
24 0 L 20
25 1 U 20
26 0 U 21
27 0 U 7
28 0 U 8
29 1 L 12
30 0 U 24
31 1 U 7
32 0 U -1
33 0 L 23
34 0 U 15
35 1 U 19
36 1 L 4
37 0 L 29
38 0 U 10
39 1 U 17
40 0 U 8
41 1 U 17
42 0 L 3
43 1 L 39
44 0 U 17
45 0 U 5
46 1 U 28
47 0 U 16
48 0 L 35
49 1 U 3
50 0 U 41
51 1 L 7
52 0 L 13
53 0 L 1
54 1 U 45
55 0 U 54
56 0 L 53
57 0 U 13
58 0 L -1
59 0 L 23
60
0 1 U -1
1 0 U -1
2 0 L -1
3 0 U 1
4 0 L -1
5 0 U -1
6 0 L 1
7 0 L 1
8 1 L 1
9 1 L 5
10 1 U 6
11 0 L 7
12 1 U 0
13 1 L -1
14 0 L 8
15 0 U 0
16 1 U 15
17 1 L 2
18 0 U 12
19 1 U 11
20 0 U -1
21 0 U 10
22 0 L 17
23 0 L -1
24 0 L 20
25 1 U 20
26 0 U 21
27 1 U 7
28 0 U 8
29 1 L 12
30 0 L 24
31 0 U 11
32 1 U 7
33 1 L 17
34 0 U 15
35 1 U 19
36 1 L 4
37 0 L 21
38 0 U 33
39 1 U 18
40 0 U 8
41 1 U 17
42 0 L 3
43 0 L 39
44 0 U 24
45 0 U 5
46 0 U 28
47 0 U 16
48 0 L 35
49 1 U 3
50 0 U 41
51 1 L 7
52 0 L 4
53 0 L 22
54 1 U 45
55 0 U 54
56 1 L 53
57 1 U 47
58 1 L -1
59 0 L 23
60
0 1 U -1
1 0 U -1
2 0 L -1
3 0 U 1
4 0 L -1
5 0 U -1
6 0 L 4
7 0 L 1
8 1 L 1
9 1 L 5
10 1 U 6
11 0 L 7
12 1 U 0
13 1 L -1
14 0 L 3
15 0 U -1
16 1 U 5
17 1 L 2
18 0 U 12
19 0 U 11
20 0 U -1
21 0 U 10
22 0 L 17
23 0 L -1
24 0 L 20
25 1 U 20
26 1 U 21
27 1 U 7
28 0 U 17
29 1 L 12
30 0 L 24
31 0 U 24
32 0 U 21
33 0 L 17
34 0 U 31
35 1 U 19
36 1 L -1
37 0 L 21
38 0 U 33
39 1 U 18
40 0 U 31
41 1 U 28
42 0 L 3
43 0 L 39
44 0 U 24
45 0 U 5
46 1 U 8
47 1 U 12
48 0 L 35
49 0 U 44
50 1 U 38
51 1 L 4
52 1 L 0
53 1 L 3
54 1 U 13
55 1 U 54
56 0 U 5
57 0 U 50
58 1 L -1
59 0 L 13
60
0 1 L -1
1 0 U -1
2 0 L -1
3 0 U 1
4 0 L -1
5 0 U -1
6 0 L 4
7 0 L 1
8 1 L 1
9 1 L 1
10 1 U 6
11 0 L 7
12 1 U 0
13 1 L -1
14 0 L 9
15 0 U 1
16 1 U 5
17 1 L 2
18 0 U 16
19 1 U 11
20 0 U -1
21 0 U 10
22 0 L 17
23 0 L 4
24 0 L 20
25 1 U 20
26 1 U 11
27 1 U 25
28 0 U 17
29 1 L 12
30 0 L 24
31 0 U 3
32 1 U 22
33 0 L 3
34 0 U 31
35 1 U 26
36 0 L -1
37 0 L 29
38 0 U 32
39 1 U 11
40 0 U 31
41 1 U 28
42 1 U 3
43 0 L 39
44 0 U 24
45 0 U 4
46 1 U 45
47 1 U 44
48 0 L 35
49 1 U 5
50 0 U 46
51 1 U 12
52 0 L 13
53 1 L 8
54 1 U 40
55 0 U 10
56 0 U -1
57 0 U 50
58 0 L -1
59 0 L 0
60
0 1 L -1
1 0 U -1
2 0 L -1
3 0 U 1
4 0 L -1
5 0 U -1
6 0 L 4
7 0 L 1
8 1 L 1
9 1 L 1
10 1 U 6
11 0 L 7
12 1 U 0
13 1 L -1
14 1 L 9
15 1 U 1
16 1 L 5
17 1 L 2
18 0 U 6
19 1 U 11
20 0 U -1
21 0 U 18
22 0 L 17
23 0 L 4
24 0 L 20
25 1 U 20
26 1 U 11
27 1 U 25
28 0 U 17
29 1 L 12
30 0 L 24
31 0 U 24
32 0 U 22
33 1 L 24
34 0 U 31
35 1 U 26
36 1 L -1
37 0 L 29
38 0 U 32
39 1 U 11
40 0 U 31
41 1 U 28
42 1 U 3
43 0 L 39
44 0 U 24
45 0 U 4
46 1 U 45
47 1 U 44
48 0 L 32
49 1 U 47
50 0 U 28
51 1 U 3
52 0 L 13
53 1 L 8
54 1 U 40
55 0 U 10
56 0 L -1
57 0 U 35
58 0 L -1
59 0 L 0
60
0 1 L -1
1 0 U -1
2 0 L -1
3 0 U 1
4 0 L -1
5 0 U -1
6 0 L 4
7 0 L 1
8 1 L 1
9 1 L 1
10 1 U 4
11 0 L 6
12 1 U 0
13 1 L -1
14 1 L 9
15 0 U 0
16 1 L 5
17 1 L 2
18 0 U 6
19 1 U 11
20 1 U -1
21 0 U 18
22 0 L 17
23 0 L -1
24 0 L 20
25 1 U 20
26 1 U 21
27 1 U 25
28 0 U 17
29 1 L 12
30 0 L 24
31 0 U 24
32 0 U 22
33 1 U 24
34 0 U 4
35 1 U 26
36 1 L 15
37 0 L -1
38 0 U 32
39 1 U 9
40 0 U 31
41 1 U 28
42 1 L 0
43 0 L 39
44 1 U 24
45 0 U 4
46 0 U 45
47 0 U 44
48 0 L 32
49 0 U 33
50 1 U 28
51 1 U 3
52 0 L 23
53 1 L 8
54 1 U 40
55 0 U 32
56 0 U 1
57 0 U 26
58 1 L -1
59 0 L 0
60
0 1 L -1
1 0 U -1
2 0 L -1
3 0 U 1
4 0 L -1
5 0 U -1
6 0 L 4
7 0 L 5
8 1 L 1
9 1 L 1
10 1 U 6
11 0 L 6
12 1 U 0
13 1 L -1
14 0 L 9
15 0 U 0
16 1 L 12
17 1 L 2
18 0 U 6
19 1 U 15
20 1 U -1
21 0 U 18
22 0 L 17
23 0 L -1
24 0 L 20
25 1 U 20
26 0 U 21
27 1 U 25
28 0 U 17
29 1 L 12
30 0 L 24
31 0 U 24
32 1 U 22
33 0 U 24
34 0 U 31
35 0 L 26
36 1 L 26
37 0 L -1
38 0 U 23
39 1 U 9
40 0 U 33
41 1 U 9
42 1 L 0
43 0 L 39
44 0 U 24
45 0 U 12
46 1 U 45
47 0 U 44
48 0 L 32
49 1 U 33
50 0 U 28
51 1 U 3
52 0 L 23
53 1 L 8
54 1 U 40
55 0 U 32
56 1 L 1
57 0 U 50
58 1 L -1
59 0 L 0
60
0 1 L -1
1 0 U -1
2 0 L -1
3 0 U 1
4 0 L -1
5 0 U -1
6 0 L 4
7 0 L 5
8 1 L 1
9 1 L 1
10 1 U 6
11 0 L 9
12 1 U 0
13 0 L -1
14 0 L 6
15 0 U 0
16 1 L 12
17 1 L 2
18 0 U 6
19 1 U 15
20 0 U -1
21 0 U 18
22 0 L 17
23 1 L -1
24 0 L 20
25 1 U 20
26 1 U 21
27 0 U 25
28 0 U 11
29 1 L 12
30 0 L 24
31 0 U 3
32 1 U 22
33 1 U 24
34 0 U 6
35 1 L 26
36 1 L 29
37 0 L -1
38 0 U 18
39 1 U 9
40 0 U 33
41 1 U 1
42 1 L 0
43 0 L 33
44 1 U 0
45 0 U 4
46 1 U 28
47 1 U 44
48 0 L 25
49 0 U 31
50 0 U 21
51 0 U 30
52 0 L 37
53 1 L 52
54 1 U 40
55 0 U 8
56 0 U 8
57 1 U 50
58 0 L -1
59 0 L 0
60
0 1 U -1
1 0 U -1
2 0 L -1
3 0 U 1
4 0 L -1
5 0 U -1
6 0 L 4
7 0 L 4
8 1 L 7
9 1 L 1
10 1 U 6
11 0 L 3
12 1 U 0
13 1 L -1
14 0 L 3
15 0 U 0
16 1 L 12
17 1 L 2
18 0 U 6
19 1 U 15
20 0 U -1
21 0 U 18
22 0 L 17
23 1 L -1
24 0 L 20
25 1 U 20
26 1 U 21
27 1 U 25
28 0 U 11
29 1 L 12
30 0 L 24
31 0 U 24
32 0 U 18
33 1 U 24
34 0 U 31
35 1 L 26
36 1 L 29
37 0 L -1
38 0 U 22
39 1 U 9
40 0 U 31
41 1 U 1
42 1 L 0
43 0 L 40
44 1 U 0
45 0 U 4
46 0 U 28
47 1 U 44
48 0 L 25
49 0 U 31
50 0 U 9
51 1 U 30
52 1 L 37
53 0 L 52
54 1 U 40
55 0 U 8
56 1 L 8
57 1 U 50
58 1 L -1
59 0 L 1
60
0 1 U -1
1 0 U -1
2 0 L -1
3 0 U 1
4 0 L -1
5 0 U -1
6 0 L 4
7 0 L 0
8 1 L 1
9 1 L 1
10 1 U 6
11 0 L 9
12 1 U 1
13 1 L -1
14 0 L 6
15 0 U 0
16 1 L 12
17 1 L 2
18 0 U 6
19 1 U 15
20 1 U -1
21 0 U 8
22 0 L 17
23 0 L -1
24 0 L 20
25 1 U 20
26 1 U 21
27 1 U 25
28 0 U 11
29 1 L 12
30 0 L 24
31 0 U 24
32 0 U 8
33 0 U 24
34 0 U 25
35 1 L 26
36 0 L 21
37 0 L -1
38 0 U 18
39 1 U 9
40 0 U 20
41 1 U 1
42 1 L 0
43 0 L 38
44 1 U 0
45 0 U 4
46 0 U 42
47 1 U 2
48 0 L 25
49 0 U 5
50 0 U 9
51 1 U 30
52 1 L 37
53 0 L 52
54 1 U 13
55 0 U 8
56 0 U 54
57 1 U 50
58 1 L -1
59 0 L 52
60
0 1 L -1
1 0 U -1
2 0 L -1
3 0 U 1
4 0 L -1
5 0 U -1
6 0 L 4
7 0 L 0
8 1 L 1
9 1 L 1
10 1 U 6
11 0 L 9
12 1 U -1
13 1 L -1
14 0 L 6
15 0 U 0
16 1 L 12
17 1 L 2
18 0 U 6
19 1 U 15
20 1 U -1
21 0 U 8
22 0 L 17
23 0 L 2
24 0 L 20
25 1 U 20
26 0 U 21
27 1 U 25
28 0 U 11
29 1 L 12
30 0 L 24
31 0 U 13
32 0 L 8
33 0 U 24
34 0 U 25
35 1 L 26
36 0 L 26
37 0 L -1
38 0 U 10
39 1 U 9
40 0 U 20
41 1 U 1
42 1 L 0
43 0 L 40
44 1 L 36
45 0 U 4
46 1 U 28
47 1 U 3
48 0 L 44
49 0 U 33
50 0 U 9
51 1 U 30
52 1 L 37
53 0 L 52
54 1 U 25
55 0 U 8
56 0 U 8
57 1 U 50
58 0 L -1
59 0 L 52
60
0 1 U -1
1 0 U -1
2 0 L -1
3 0 U 1
4 0 L -1
5 0 U -1
6 0 L 4
7 0 L 0
8 1 L 7
9 1 L 1
10 1 U 6
11 0 L 9
12 1 U 0
13 0 L -1
14 0 L 6
15 0 U 1
16 1 L 12
17 1 L 2
18 0 U 6
19 0 U 15
20 0 U -1
21 0 U 8
22 0 L -1
23 0 L 17
24 0 L 20
25 1 U 20
26 0 U 21
27 1 U 7
28 0 U 11
29 1 L 12
30 0 L 24
31 0 U 13
32 1 L 3
33 1 U 3
34 0 U 25
35 1 L 26
36 0 L 26
37 0 L -1
38 0 U 18
39 1 U 9
40 0 U 12
41 1 U 1
42 1 L 0
43 0 L 40
44 1 L 36
45 0 U 12
46 1 U 9
47 1 U 0
48 0 L 25
49 0 U 5
50 0 U 17
51 1 U 30
52 1 L 17
53 0 L 52
54 1 U 7
55 0 U 45
56 1 U 8
57 0 U 50
58 0 L -1
59 0 L 52
60
0 1 U -1
1 0 U -1
2 0 L -1
3 0 U 1
4 0 L -1
5 0 U -1
6 0 L 4
7 0 L 4
8 1 L 1
9 1 L 1
10 1 U 6
11 0 L 6
12 1 U 1
13 0 L -1
14 1 L 9
15 0 U -1
16 1 L 12
17 1 L 2
18 0 U 6
19 1 U 15
20 0 U -1
21 0 U 18
22 0 L -1
23 0 L 0
24 0 L 20
25 1 U 20
26 0 U 21
27 1 U 7
28 1 L 22
29 0 L 12
30 0 L 24
31 0 U 7
32 1 U 5
33 1 U 3
34 0 U 25
35 0 L 15
36 0 U 26
37 1 L -1
38 0 U 23
39 1 U 9
40 0 U 12
41 1 U 1
42 1 L 4
43 0 L 40
44 0 L 25
45 0 U 41
46 0 L 17
47 1 U 1
48 0 L 25
49 0 U 20
50 0 U 11
51 0 U 30
52 1 L 17
53 0 L 52
54 1 U 7
55 0 U 45
56 0 U 10
57 1 U 44
58 0 L -1
59 0 L 52
60
0 1 U -1
1 0 U -1
2 1 L -1
3 0 U 1
4 0 L -1
5 0 U -1
6 0 L 4
7 0 L 4
8 1 L 1
9 1 L 7
10 1 U 6
11 0 L 6
12 1 U 1
13 1 L -1
14 0 L 9
15 0 U -1
16 1 L 12
17 1 L 2
18 0 U 4
19 1 U 15
20 0 U -1
21 0 U 8
22 0 L -1
23 0 L 4
24 0 L 20
25 1 U 20
26 0 U 21
27 1 U 7
28 0 U 14
29 1 L 12
30 0 L 24
31 0 U 7
32 1 L 8
33 1 U 27
34 0 U 25
35 0 L 15
36 0 U 26
37 1 L -1
38 0 U 10
39 1 U 9
40 0 U 12
41 1 U 1
42 1 L 17
43 0 L 40
44 0 L 25
45 0 U 41
46 1 L 17
47 1 U 0
48 0 L 25
49 0 U 20
50 0 U 9
51 1 U 31
52 1 L 13
53 0 L 52
54 0 U 7
55 1 U 18
56 0 U 35
57 0 U 44
58 0 L -1
59 0 L 52
60
0 1 L -1
1 0 U -1
2 1 L -1
3 0 U 1
4 0 L -1
5 0 U -1
6 0 L 4
7 0 L 0
8 1 L 1
9 1 L 1
10 1 U 6
11 0 L 8
12 1 U 0
13 1 L -1
14 1 L 9
15 0 U -1
16 1 L 12
17 1 L 2
18 0 U 4
19 0 U 15
20 0 U -1
21 0 U 8
22 1 L -1
23 0 L 4
24 0 L 20
25 1 U 2
26 0 U 21
27 0 U 7
28 0 U 24
29 1 L 12
30 0 L 24
31 0 U 7
32 1 L 14
33 1 U 27
34 0 U 13
35 0 L 15
36 0 U 26
37 0 L -1
38 0 U 10
39 1 U 9
40 0 U 19
41 1 U 1
42 1 L 17
43 0 L 40
44 0 L 25
45 0 U 41
46 0 L 37
47 1 U 30
48 0 L 25
49 0 U 28
50 0 U 9
51 1 U 10
52 1 L 13
53 0 L 52
54 0 U 7
55 1 U 40
56 1 U 35
57 0 U 14
58 0 L -1
59 0 L 52
60
0 1 L -1
1 0 U -1
2 1 L -1
3 0 U 1
4 0 L -1
5 0 U -1
6 0 L 4
7 0 L 4
8 1 L 7
9 1 L 7
10 1 U 6
11 0 U 8
12 1 U -1
13 1 L -1
14 0 L 3
15 0 U -1
16 1 L 12
17 1 L 2
18 0 U 6
19 1 U 15
20 0 U -1
21 0 U 8
22 0 L -1
23 1 L 6
24 0 L 20
25 1 U 2
26 0 U 21
27 0 U 25
28 1 U 3
29 1 L 12
30 0 L 24
31 0 U 7
32 0 L 28
33 1 L 27
34 0 U 25
35 0 L 15
36 0 U 21
37 1 L -1
38 0 U 8
39 1 U 9
40 0 U 4
41 1 U 5
42 1 L 2
43 0 L 40
44 1 L 25
45 0 U 41
46 0 L -1
47 0 U 30
48 0 L 25
49 1 U 20
50 0 U 33
51 0 U 46
52 1 L 13
53 0 L 52
54 0 U 7
55 1 U 7
56 1 U 47
57 0 U 14
58 0 L -1
59 0 L 52
60
0 1 U -1
1 0 U -1
2 1 L -1
3 0 U 1
4 0 L -1
5 0 U -1
6 0 L 4
7 0 L 4
8 1 L 7
9 1 L 1
10 1 U 6
11 0 U 8
12 1 U 0
13 1 L -1
14 0 L 8
15 0 U 1
16 1 L 4
17 1 L 2
18 0 U 6
19 0 U 15
20 0 U -1
21 0 U 18
22 0 L -1
23 1 L 6
24 0 L 20
25 1 U 2
26 0 U 21
27 1 U 25
28 0 U 3
29 1 L 12
30 0 L 24
31 1 L 25
32 1 L 17
33 1 U 27
34 0 U 7
35 0 L 15
36 0 U 23
37 0 L -1
38 0 U 27
39 1 U 9
40 0 U 4
41 1 U 5
42 0 L 4
43 0 L 40
44 1 U 2
45 0 U 41
46 0 L -1
47 0 U 24
48 0 L 25
49 0 U 2
50 0 U 33
51 1 U 26
52 1 L 13
53 0 L 52
54 0 U 41
55 1 U 41
56 1 U 51
57 0 U 37
58 0 L -1
59 0 L 52
60
0 1 U -1
1 1 U -1
2 1 L -1
3 0 U 1
4 0 L -1
5 1 U -1
6 0 L 4
7 0 L 0
8 1 L 7
9 1 L 7
10 1 U 6
11 0 U 8
12 1 U 0
13 1 L -1
14 0 L 8
15 0 U -1
16 1 L 4
17 1 L 2
18 0 U 6
19 0 U 15
20 0 U -1
21 0 U 8
22 0 L -1
23 1 L 6
24 0 L 20
25 1 U 20
26 0 U 21
27 1 U 25
28 0 U 21
29 1 L 23
30 0 L 24
31 0 U 24
32 0 L 16
33 1 U 27
34 0 U 7
35 0 L 29
36 0 U 21
37 0 L -1
38 0 U 8
39 1 U 11
40 0 U 4
41 1 U 5
42 1 L 13
43 0 L 40
44 1 U 5
45 0 U 41
46 0 L -1
47 1 U 0
48 0 L 25
49 0 U 15
50 0 U 33
51 0 U 26
52 1 L 13
53 0 L 52
54 0 U 25
55 1 U 12
56 1 U 51
57 0 U 34
58 0 L -1
59 0 L 52
60
0 1 U -1
1 1 U -1
2 1 L -1
3 0 U 1
4 0 L -1
5 1 U -1
6 0 L 4
7 0 L 0
8 1 L 7
9 1 L 7
10 1 U 6
11 0 U 8
12 1 U 0
13 1 L -1
14 0 L 8
15 0 U -1
16 1 L 4
17 1 L 2
18 0 U 6
19 1 U 3
20 0 U -1
21 0 U 8
22 0 L 13
23 1 L 6
24 0 L 20
25 1 U 20
26 1 U 1
27 0 U 25
28 0 U 21
29 0 L 11
30 0 L 24
31 0 U 13
32 0 L 16
33 1 U 8
34 0 U 7
35 0 L 29
36 0 U 33
37 0 L -1
38 0 U 8
39 1 U 11
40 0 U 4
41 1 U 5
42 0 L 37
43 0 L 26
44 1 U 25
45 0 U 7
46 0 L -1
47 1 U 1
48 0 L 25
49 0 U 0
50 0 U 45
51 1 U 23
52 0 L 13
53 0 L 52
54 0 U 13
55 1 U 19
56 0 U 51
57 0 U 34
58 0 L -1
59 0 L 52
60
0 1 U -1
1 1 U -1
2 1 L -1
3 0 U 1
4 0 L -1
5 1 U -1
6 0 L 4
7 0 L 0
8 1 L 7
9 1 L 7
10 1 U 6
11 0 U 8
12 1 U 5
13 1 L -1
14 0 L 8
15 0 U -1
16 1 L 4
17 1 L 2
18 0 U 6
19 1 U 3
20 0 U -1
21 0 U 8
22 0 L -1
23 1 L 8
24 0 L 20
25 1 U 20
26 1 U 1
27 1 U 7
28 0 U 21
29 0 L 11
30 0 L 24
31 0 U 7
32 1 L 16
33 0 U 9
34 0 U 7
35 0 L 29
36 0 U 23
37 0 L -1
38 0 U 18
39 1 U 11
40 0 U 4
41 1 U 0
42 1 L 37
43 0 L 26
44 1 U 19
45 0 U 7
46 0 L -1
47 1 U 2
48 0 L 25
49 1 U 0
50 0 U 45
51 0 U 23
52 1 L 13
53 0 L 3
54 0 U 47
55 1 U 4
56 1 U 36
57 0 U 34
58 0 L -1
59 0 L 52
60
0 1 L -1
1 1 U -1
2 1 L -1
3 0 U 1
4 0 L -1
5 1 U -1
6 0 L 4
7 0 L 0
8 1 L 7
9 1 L 7
10 1 U 6
11 0 U 8
12 1 U 5
13 1 L -1
14 0 L 8
15 0 U -1
16 1 L 4
17 1 L 2
18 0 U 6
19 1 U 1
20 0 U -1
21 0 U 8
22 0 L -1
23 1 L 12
24 0 L 20
25 1 U 20
26 0 U 20
27 1 U 25
28 0 U 21
29 0 L 11
30 0 L 24
31 0 U 13
32 1 L 16
33 0 U 9
34 0 U 25
35 0 L 29
36 0 U 32
37 0 L -1
38 0 U 18
39 1 U 11
40 0 U 26
41 1 U 30
42 1 L 37
43 0 L 26
44 1 U 26
45 0 U 7
46 1 L -1
47 1 U 2
48 0 L 25
49 1 U 0
50 0 U 45
51 0 U 23
52 1 L 13
53 0 L 3
54 0 U 47
55 1 U 7
56 1 U 36
57 0 U 54
58 0 L -1
59 0 L 52
60
0 1 L -1
1 1 U -1
2 1 L -1
3 0 U 1
4 0 L -1
5 1 U -1
6 0 L 4
7 0 L 0
8 1 L 7
9 1 L 7
10 1 U 6
11 0 U 8
12 1 U 5
13 1 L -1
14 0 L 6
15 0 U -1
16 1 L 4
17 1 L 2
18 0 U 6
19 1 U 15
20 0 U -1
21 0 U 8
22 0 L -1
23 1 L 12
24 0 L 20
25 1 U 20
26 1 U 20
27 1 U 25
28 0 U 21
29 0 L 11
30 0 L 24
31 0 L 16
32 0 L 28
33 0 U 11
34 0 U 25
35 0 L 29
36 0 U 32
37 0 L -1
38 0 U 18
39 1 U 11
40 0 U 26
41 1 U 0
42 1 L 37
43 0 L 26
44 0 U 26
45 0 U 7
46 1 L -1
47 1 U 2
48 0 L 25
49 1 U 0
50 1 U 45
51 1 U 31
52 1 L 37
53 0 L 3
54 0 U 47
55 1 U 2
56 0 U 10
57 0 L 54
58 0 L -1
59 0 L 52
60
0 1 U -1
1 1 U -1
2 1 L -1
3 0 U 1
4 0 L -1
5 1 U -1
6 0 L 4
7 0 L 0
8 1 L 7
9 1 L 7
10 1 U 6
11 0 U 8
12 1 U 5
13 1 L -1
14 0 L 8
15 0 U -1
16 1 L 4
17 1 L 2
18 0 U 6
19 1 U 3
20 0 U -1
21 0 U 8
22 0 L -1
23 1 L 12
24 0 L 20
25 1 U 20
26 1 U 15
27 0 U 25
28 0 U 21
29 0 L 11
30 0 L 24
31 0 L 16
32 0 L 28
33 0 U 11
34 0 U 25
35 0 L 28
36 0 U 32
37 0 L -1
38 0 U 18
39 1 U 11
40 0 U 26
41 1 U 0
42 1 L 37
43 0 L 26
44 0 U 6
45 0 U 7
46 0 L -1
47 1 U 2
48 0 L 36
49 1 U 0
50 0 U 45
51 1 L 31
52 1 L 13
53 0 L 3
54 0 U 47
55 1 U 49
56 0 U 40
57 0 L 54
58 0 L -1
59 0 L 9
60
0 1 L -1
1 1 U -1
2 1 L -1
3 0 U 1
4 0 L -1
5 1 U -1
6 0 L 4
7 0 L 0
8 1 L 7
9 1 L 7
10 1 U 6
11 0 U 8
12 1 U 0
13 1 L -1
14 0 L 6
15 0 U -1
16 1 L 4
17 1 L 2
18 0 U 6
19 1 U 3
20 0 U -1
21 0 U 18
22 0 L -1
23 1 L 12
24 0 L 20
25 1 U 20
26 1 U 3
27 1 U 25
28 0 U 21
29 0 L 11
30 0 L 24
31 0 L 16
32 0 L 28
33 0 U 11
34 0 U 25
35 0 L 28
36 0 U 31
37 0 L -1
38 0 U 10
39 1 U 11
40 0 U 26
41 1 U 5
42 1 L 37
43 0 L 26
44 1 U 13
45 0 U 7
46 1 L -1
47 1 U 2
48 0 L 36
49 1 U 30
50 0 U 11
51 1 L 31
52 1 L 37
53 0 L 3
54 0 U 47
55 1 U 19
56 0 U 11
57 0 L 54
58 0 L -1
59 0 L 9
60
0 1 U -1
1 1 U -1
2 1 L -1
3 0 U 1
4 0 L -1
5 1 U -1
6 0 L 4
7 0 L 0
8 1 L 7
9 1 L 7
10 1 U 6
11 0 U 8
12 1 U 0
13 0 L -1
14 0 L 9
15 0 U -1
16 1 L 4
17 1 L 2
18 0 U 6
19 1 U 3
20 0 U -1
21 0 U 18
22 0 L -1
23 1 L 12
24 0 L 20
25 1 U 20
26 1 U 1
27 1 U 25
28 0 U 21
29 0 L 11
30 0 L 24
31 0 L 16
32 0 L 28
33 0 U 14
34 0 U 25
35 0 L 28
36 0 U 31
37 0 L -1
38 0 U 27
39 1 U 11
40 0 U 26
41 1 U 5
42 1 L 37
43 0 L 26
44 1 U 21
45 0 U 7
46 0 L -1
47 1 U 2
48 0 L 36
49 0 U 1
50 0 U 11
51 1 L 31
52 0 L 37
53 0 L 9
54 0 U 47
55 1 U 19
56 1 U 55
57 0 L 54
58 0 L -1
59 0 L 9
60
0 1 L -1
1 1 U -1
2 1 L -1
3 0 U 1
4 0 L -1
5 1 U -1
6 0 L 4
7 0 L 0
8 1 L 7
9 1 L 7
10 1 U 6
11 0 U 8
12 1 U 0
13 1 L -1
14 0 L 9
15 0 U -1
16 1 L 4
17 1 L 2
18 0 U 6
19 0 U 1
20 0 U -1
21 0 U 18
22 0 L -1
23 1 L 12
24 0 L 20
25 1 U 20
26 1 U 1
27 0 U 13
28 0 U 21
29 0 L 11
30 0 L 24
31 0 L 16
32 0 L 28
33 0 U 14
34 0 U 7
35 0 L 28
36 0 U 31
37 0 L -1
38 0 U 16
39 1 U 11
40 0 U 26
41 1 U 5
42 1 L 37
43 0 L 26
44 0 U 30
45 0 U 41
46 0 L -1
47 1 U 2
48 0 L 36
49 0 U 1
50 0 U 11
51 1 L 31
52 1 L 37
53 0 L 9
54 0 U 47
55 1 U 6
56 0 U 55
57 0 L 54
58 0 L -1
59 0 L 9
60
0 1 U -1
1 1 U -1
2 1 L -1
3 0 U 1
4 0 L -1
5 1 U -1
6 0 L 4
7 0 L 0
8 1 L 7
9 1 L 7
10 1 U 6
11 0 U 8
12 1 U 0
13 0 L -1
14 0 L 8
15 0 U -1
16 1 L 4
17 1 L 2
18 0 U 6
19 0 U 1
20 0 U -1
21 0 U 18
22 0 L -1
23 1 L 12
24 0 L 20
25 1 U 20
26 1 U 1
27 0 U 13
28 0 U 21
29 0 L 11
30 0 L 24
31 0 L 16
32 0 L 28
33 0 U 14
34 1 U 7
35 0 L 28
36 0 U 31
37 0 L -1
38 0 U 16
39 1 U 11
40 0 U 26
41 1 U 5
42 1 L 37
43 0 L 26
44 0 U 18
45 0 U 41
46 0 L -1
47 1 U 1
48 0 L 36
49 0 U 24
50 0 U 22
51 1 L 37
52 1 L 37
53 0 L 9
54 0 U 47
55 1 U 6
56 0 U 22
57 0 L 54
58 0 L -1
59 0 L 3
60
0 1 L -1
1 1 U -1
2 1 L -1
3 0 U 1
4 0 L -1
5 1 U -1
6 0 L 4
7 0 L 0
8 1 L 7
9 1 L 7
10 1 U 6
11 0 U 8
12 1 U 0
13 0 L -1
14 0 L 8
15 0 U -1
16 1 L 4
17 1 L 13
18 0 U 12
19 0 U 1
20 0 U -1
21 0 U 8
22 1 L -1
23 1 L 12
24 0 L 20
25 1 U 20
26 1 U 1
27 0 U 13
28 0 U 21
29 0 L 11
30 0 L 24
31 0 L 7
32 0 L 28
33 0 U 9
34 1 U 7
35 0 L 28
36 0 U 31
37 0 L -1
38 0 U 16
39 1 U 11
40 0 U 19
41 1 U 5
42 1 L 37
43 0 L 26
44 1 U 42
45 0 U 41
46 0 L -1
47 1 U 1
48 0 L 36
49 0 U 24
50 0 U 22
51 1 L 37
52 1 L 37
53 0 L 9
54 0 U 47
55 1 U 49
56 1 U 50
57 0 L 54
58 0 L -1
59 0 L 3
60
0 1 L -1
1 1 U -1
2 1 L -1
3 0 U 1
4 0 L -1
5 1 U -1
6 0 L 4
7 0 L 0
8 1 L 7
9 1 L 7
10 1 U 6
11 0 U 8
12 1 U 0
13 0 L -1
14 0 L 8
15 0 U -1
16 1 L 0
17 1 L 13
18 0 U 4
19 0 U 15
20 0 U -1
21 0 U 10
22 1 L -1
23 1 L 12
24 0 L 20
25 1 U 20
26 1 U 1
27 1 U 13
28 0 U 21
29 0 L 11
30 0 L 24
31 0 L 7
32 1 L 28
33 1 U 9
34 1 U 7
35 0 L 28
36 0 U 31
37 0 L -1
38 0 U 18
39 1 U 11
40 0 U 26
41 1 U 5
42 1 L 37
43 0 L 26
44 1 U 27
45 0 U 12
46 1 L -1
47 1 U 15
48 0 L 36
49 0 U 24
50 0 U 27
51 0 L 37
52 1 L 17
53 0 L 9
54 0 U 6
55 1 U 12
56 1 U 50
57 0 L 54
58 0 L -1
59 0 L 52
60
0 1 L -1
1 1 U -1
2 1 L -1
3 0 U 1
4 0 L -1
5 1 U -1
6 0 L 4
7 0 L 0
8 1 L 7
9 1 L 7
10 1 U 6
11 0 U 8
12 1 U 0
13 0 L -1
14 0 L 8
15 0 U -1
16 1 L 4
17 1 L 13
18 0 U 4
19 0 U 15
20 0 U -1
21 0 U 18
22 1 L -1
23 1 L 8
24 0 L 20
25 1 U 20
26 1 U 15
27 1 U 17
28 0 U 21
29 0 L 11
30 0 L 24
31 0 L 7
32 1 L 28
33 1 U 27
34 1 U 7
35 0 L 28
36 0 U 31
37 0 L -1
38 0 U 10
39 1 U 11
40 0 U 26
41 1 U 1
42 1 L 17
43 0 L 26
44 1 U 14
45 0 U 7
46 1 L -1
47 1 U 24
48 0 L 36
49 0 U 24
50 0 U 22
51 0 L 2
52 1 L 17
53 0 L 9
54 0 U 47
55 1 U 12
56 1 U 44
57 0 L 54
58 0 L -1
59 0 L 52
60
0 1 L -1
1 1 U -1
2 1 L -1
3 0 U 1
4 0 L -1
5 1 U -1
6 0 L 4
7 0 L 0
8 1 L 7
9 1 L 3
10 1 U 6
11 0 U 8
12 1 U 0
13 0 L -1
14 0 L 8
15 0 U -1
16 1 L 0
17 1 L 13
18 0 U 4
19 0 U 15
20 0 U -1
21 0 U 18
22 1 L -1
23 1 L 12
24 0 L 20
25 1 U 20
26 1 U 3
27 1 U 17
28 0 U 21
29 0 L 10
30 0 L 24
31 0 L 7
32 1 L 28
33 0 U 27
34 1 U 7
35 0 L 29
36 0 U 31
37 0 L -1
38 0 U 10
39 1 U 11
40 0 U 26
41 1 U 15
42 1 L 17
43 0 L 26
44 1 U 21
45 0 U 25
46 0 L -1
47 1 U 15
48 0 L 36
49 0 U 24
50 0 U 22
51 0 L 22
52 1 L 0
53 0 L 52
54 0 U 47
55 1 U 47
56 1 U 50
57 0 L 54
58 1 L -1
59 0 L 52
60
0 1 L -1
1 1 U -1
2 1 L -1
3 0 U 1
4 0 L -1
5 1 U -1
6 0 L 4
7 0 L 0
8 1 L 7
9 1 L 3
10 1 U 6
11 0 U 8
12 1 U 0
13 0 L -1
14 0 L 8
15 0 U -1
16 1 L 4
17 1 L 13
18 0 U 4
19 1 U 15
20 0 U -1
21 0 U 18
22 1 L -1
23 1 L 5
24 0 L 20
25 1 U 20
26 1 U 24
27 0 U 17
28 0 U 21
29 0 L 10
30 0 L 24
31 0 L 7
32 0 L 28
33 0 U 27
34 1 U 7
35 0 L 29
36 0 U 23
37 0 L -1
38 0 U 18
39 1 U 11
40 0 U 26
41 1 U 15
42 1 L 17
43 0 L 26
44 0 U 41
45 0 U 25
46 1 L -1
47 1 U 1
48 0 L 36
49 0 U 1
50 0 U 22
51 0 L 37
52 1 L 0
53 0 L 52
54 0 U 41
55 1 U 6
56 1 U 50
57 0 L 54
58 0 L -1
59 0 L 52
60
0 1 U -1
1 1 U -1
2 1 L -1
3 0 U 1
4 0 L -1
5 1 U -1
6 0 L 4
7 0 L 0
8 1 L 7
9 1 L 7
10 1 U 6
11 0 U 8
12 1 U 0
13 0 L -1
14 0 L 8
15 0 U -1
16 1 L 0
17 1 L 13
18 0 U 4
19 0 U 1
20 0 U -1
21 0 U 18
22 1 L -1
23 1 L 22
24 0 L 20
25 1 U 20
26 1 U 3
27 1 U 13
28 0 U 21
29 0 L 10
30 0 L 24
31 0 L 7
32 0 L 28
33 0 U 27
34 1 U 25
35 0 L 28
36 0 U 32
37 0 L -1
38 0 U 8
39 1 U 11
40 0 U 26
41 1 U 15
42 1 L 17
43 0 L 26
44 0 U 41
45 0 U 25
46 1 L -1
47 1 U 1
48 0 L 36
49 0 U 15
50 0 U 22
51 1 L 37
52 0 L 0
53 0 L 52
54 0 U 44
55 1 U 12
56 1 U 50
57 0 L 54
58 1 L -1
59 0 L 52
60
0 1 U -1
1 1 U -1
2 1 L -1
3 0 U 1
4 0 L -1
5 1 U -1
6 0 L 4
7 0 L 0
8 1 L 7
9 1 L 3
10 1 U 6
11 0 U 8
12 1 U 0
13 0 L -1
14 0 L 8
15 0 U -1
16 1 L 4
17 1 L 13
18 0 U 4
19 0 U 1
20 0 U -1
21 0 U 18
22 1 L -1
23 1 L 6
24 0 L 20
25 1 U 2
26 1 U 3
27 0 U 13
28 0 U 21
29 0 L 10
30 0 L 24
31 0 L 7
32 0 L 28
33 0 U 27
34 1 U 25
35 0 L 29
36 0 U 32
37 0 L -1
38 0 U 8
39 1 U 11
40 0 U 26
41 1 U 15
42 1 L 17
43 0 L 26
44 0 U 41
45 0 U 25
46 1 L -1
47 1 U 11
48 0 L 36
49 1 U 15
50 0 U 22
51 0 L 37
52 0 L 0
53 0 L 52
54 0 U 44
55 1 U 12
56 1 U 50
57 0 L 54
58 1 L -1
59 0 L 52
60
0 1 L -1
1 1 U -1
2 1 L -1
3 0 U 1
4 0 L -1
5 1 U -1
6 0 L 4
7 0 L 0
8 1 L 7
9 1 L 7
10 1 U 6
11 0 U 8
12 1 U 0
13 0 L -1
14 0 L 8
15 0 U -1
16 1 L 4
17 1 L 13
18 0 U 4
19 1 U 1
20 0 U -1
21 0 U 18
22 1 L -1
23 1 L 8
24 0 L 20
25 1 U 2
26 1 U 3
27 1 U 13
28 0 U 21
29 0 L 10
30 0 U 15
31 0 L 24
32 1 L 28
33 0 U 11
34 1 U 25
35 0 L 28
36 0 U 32
37 0 L -1
38 0 U 8
39 1 U 11
40 0 U 26
41 1 U 24
42 1 L 17
43 0 L 26
44 0 U 41
45 0 U 44
46 1 L -1
47 1 U 11
48 0 L 36
49 0 U 15
50 0 U 22
51 1 L 37
52 1 L 0
53 0 L 52
54 0 U 44
55 1 U 4
56 0 U 50
57 0 L 43
58 0 L -1
59 0 L 52
60
0 1 U -1
1 1 U -1
2 1 L -1
3 0 U 1
4 0 L -1
5 1 U -1
6 0 L 4
7 0 L 0
8 1 L 7
9 0 L 7
10 1 U 6
11 0 U 8
12 1 U 0
13 0 L -1
14 0 L 8
15 0 U -1
16 1 L 4
17 1 L 13
18 0 U 4
19 1 U 1
20 0 U -1
21 0 U 18
22 1 L -1
23 0 L 7
24 0 L 20
25 1 U 2
26 1 U 3
27 0 U 17
28 0 U 21
29 0 L 10
30 0 U 15
31 0 L 26
32 0 L 28
33 0 U -1
34 1 U 25
35 0 L 28
36 0 U 32
37 0 L -1
38 0 U 10
39 1 U 11
40 0 U 26
41 1 U 24
42 1 L 17
43 0 L 26
44 0 U 41
45 0 U 44
46 1 L -1
47 1 U 9
48 0 L 36
49 0 U 0
50 0 U 22
51 1 L 22
52 0 L 0
53 0 L 52
54 0 U 44
55 1 U 4
56 1 U 50
57 0 L 43
58 0 L -1
59 1 L 52
60
0 1 L -1
1 1 U -1
2 1 L -1
3 0 U 1
4 0 L -1
5 1 U -1
6 0 L 4
7 0 L 0
8 1 L 7
9 0 L 7
10 1 U 6
11 0 U 8
12 1 U 0
13 0 L -1
14 0 L 8
15 0 U -1
16 1 L 0
17 1 L 13
18 0 U 4
19 0 U 1
20 0 U -1
21 0 U 18
22 1 L -1
23 0 L 7
24 0 L 20
25 1 U 20
26 1 U 3
27 0 U 17
28 0 U 21
29 0 L 10
30 0 U 15
31 0 L 26
32 0 L 28
33 0 U -1
34 1 U 25
35 0 L 28
36 0 U 32
37 0 L -1
38 0 U 10
39 1 U 11
40 0 U 26
41 1 U 33
42 1 L 17
43 0 L 26
44 0 U 41
45 0 U 44
46 1 L -1
47 1 U 9
48 0 L 36
49 0 U -1
50 0 U 22
51 0 L 22
52 0 L 0
53 0 L 52
54 0 U 44
55 1 U 19
56 1 U 50
57 0 L 43
58 1 L -1
59 1 L 52
60
0 1 U -1
1 1 U -1
2 1 L -1
3 0 U 1
4 0 L -1
5 1 U -1
6 0 L 4
7 0 L 0
8 1 L 7
9 0 L 7
10 1 U 6
11 0 U 8
12 1 U 0
13 0 L -1
14 0 L 8
15 0 U -1
16 1 L 0
17 1 L 13
18 0 U 4
19 0 U 1
20 0 U -1
21 0 U 18
22 1 L -1
23 1 L 12
24 0 L 20
25 1 U 20
26 1 U 3
27 0 U 17
28 0 U 21
29 0 L 10
30 0 U 15
31 0 L 3
32 1 L 28
33 0 U -1
34 1 U 25
35 0 L 28
36 0 U 32
37 0 L -1
38 0 U 10
39 1 U 9
40 0 U 26
41 1 U 33
42 1 L 17
43 0 L 26
44 0 U 41
45 0 U 44
46 1 L 22
47 1 U 45
48 0 L 36
49 0 U 5
50 0 U 22
51 0 L 16
52 0 L 0
53 0 L 52
54 0 U 44
55 1 U 19
56 1 U 50
57 0 L 43
58 1 L -1
59 0 L 52
60
0 1 U -1
1 1 U -1
2 1 L -1
3 0 U 1
4 0 L -1
5 1 U -1
6 0 L 4
7 0 L 0
8 1 L 7
9 0 L 7
10 1 U 6
11 0 U 8
12 1 U -1
13 0 L -1
14 0 L 8
15 0 U -1
16 1 L 0
17 1 L 13
18 0 U 4
19 0 U 1
20 1 U -1
21 0 U 18
22 0 L -1
23 1 L 8
24 0 L 20
25 1 U 20
26 1 U 3
27 0 U 17
28 0 U 21
29 0 L 10
30 0 U 15
31 1 L 14
32 1 L 28
33 0 U -1
34 1 U 25
35 0 L 29
36 0 U 32
37 1 L -1
38 0 U 10
39 1 U 9
40 0 U 26
41 1 U 33
42 0 L 17
43 0 L 26
44 0 U 41
45 0 U 44
46 1 L 22
47 1 U 45
48 0 L 36
49 0 U 5
50 0 U 22
51 0 L 16
52 0 L 0
53 0 L 52
54 0 U 44
55 1 U 19
56 1 U 55
57 0 L 43
58 1 L -1
59 0 L 52
60
0 1 U -1
1 1 U -1
2 1 L -1
3 0 U 1
4 0 L -1
5 1 U -1
6 0 L 4
7 0 L 0
8 1 L 7
9 0 L 7
10 1 U 6
11 0 U 8
12 1 U -1
13 0 L -1
14 0 L 8
15 0 U -1
16 1 L 0
17 1 L 13
18 0 U 4
19 1 U 1
20 1 U -1
21 0 U 18
22 0 L -1
23 1 L 5
24 0 L 20
25 1 U 20
26 1 U 3
27 0 U 17
28 0 U 21
29 0 L 10
30 0 U 24
31 1 L 14
32 0 U 21
33 0 U -1
34 1 U 25
35 0 L 29
36 0 U 32
37 1 L -1
38 0 U 10
39 1 U 9
40 0 U 26
41 1 U 24
42 0 L 17
43 0 L 26
44 0 U 41
45 0 U 44
46 0 L 22
47 1 U 45
48 0 L 36
49 0 U 5
50 0 U 22
51 0 L 16
52 0 L 0
53 0 L 52
54 0 U 44
55 1 U 19
56 1 U 55
57 0 L 54
58 1 L -1
59 0 L 52
60
0 1 U -1
1 1 U -1
2 1 L -1
3 0 U 1
4 0 L -1
5 1 U -1
6 0 L 4
7 0 L 0
8 1 L 7
9 0 L 7
10 1 U 6
11 0 U 8
12 1 U -1
13 0 L -1
14 0 L 8
15 0 U -1
16 1 L 0
17 1 L 13
18 0 U 4
19 1 U 1
20 1 U -1
21 0 U 18
22 0 L -1
23 1 L 5
24 0 L 20
25 1 U 20
26 1 U 3
27 0 U 17
28 0 U 21
29 0 L 10
30 0 U 24
31 1 L 30
32 1 L 7
33 0 L -1
34 1 U 25
35 0 U 28
36 0 U 32
37 1 L -1
38 0 U 10
39 1 U 9
40 0 U 26
41 1 U 24
42 1 L 17
43 0 L 26
44 0 U 41
45 0 U 44
46 0 L 22
47 1 U 9
48 0 L 36
49 0 U 5
50 0 U 22
51 0 L 16
52 0 L 0
53 0 L 52
54 0 U 44
55 1 U 19
56 1 U 55
57 0 L 54
58 1 L -1
59 0 L 52
60
0 1 U -1
1 1 U -1
2 1 L -1
3 0 U 1
4 0 L -1
5 1 U -1
6 0 L 4
7 0 L 0
8 1 L 7
9 0 L 7
10 1 U 6
11 0 U 8
12 1 U -1
13 0 L -1
14 0 L 8
15 0 U -1
16 1 L 4
17 1 L 13
18 0 U 4
19 0 U 1
20 1 U -1
21 0 U 18
22 0 L -1
23 1 L 5
24 0 L 20
25 1 U 20
26 1 U 3
27 0 U 17
28 0 L 15
29 0 L 10
30 0 U 24
31 1 L 30
32 0 L 7
33 0 L -1
34 1 U 25
35 0 U 23
36 0 U 28
37 1 L -1
38 0 U 10
39 1 U 9
40 0 U 26
41 1 U 31
42 1 L 2
43 0 L 26
44 0 U 41
45 0 U 44
46 1 L 22
47 1 U 9
48 0 L 36
49 0 U 5
50 0 U 22
51 0 L 16
52 0 L 4
53 0 L 52
54 0 U 44
55 1 U 19
56 0 U 55
57 0 L 54
58 1 L -1
59 0 L 52
60
0 1 L -1
1 1 U -1
2 1 L -1
3 0 U 1
4 0 L -1
5 1 U -1
6 0 L 4
7 0 L 0
8 1 L 7
9 0 L 7
10 1 U 6
11 0 U 8
12 1 U 5
13 0 L -1
14 0 L 8
15 0 U -1
16 1 L 4
17 1 L 13
18 0 U 4
19 1 U 1
20 0 U 0
21 0 U 18
22 0 L -1
23 1 L 6
24 0 L 20
25 1 U 20
26 1 U 3
27 0 U 18
28 0 L 15
29 0 L 10
30 0 U 24
31 1 L 30
32 1 L 7
33 0 L -1
34 1 U 25
35 0 U 23
36 0 U 23
37 1 L -1
38 0 U 10
39 1 U 9
40 0 U 26
41 1 U 31
42 1 L 2
43 0 L 26
44 0 U 41
45 0 U 44
46 0 L 2
47 1 U 9
48 0 L 36
49 0 U 5
50 0 U 22
51 0 L 16
52 0 L 4
53 0 L 52
54 0 U 44
55 1 U 20
56 1 U 55
57 0 L 43
58 1 L -1
59 0 L 52
60
0 1 L -1
1 1 U -1
2 1 L -1
3 0 U 1
4 0 L -1
5 1 U -1
6 0 L 4
7 0 L 0
8 1 L 7
9 0 L 7
10 1 U 6
11 0 U 8
12 1 U 0
13 0 L -1
14 0 L 9
15 0 U -1
16 1 L 0
17 1 L 13
18 0 U 4
19 0 U 1
20 0 U 0
21 0 U 18
22 1 L -1
23 1 L 6
24 0 L 20
25 1 U 20
26 1 U 3
27 0 U 18
28 0 L 11
29 0 L 10
30 0 U 15
31 1 L 30
32 0 L 7
33 0 L -1
34 1 U 25
35 0 U 23
36 0 U 23
37 1 L -1
38 0 U 10
39 1 U 9
40 0 U 26
41 1 U 31
42 1 L 17
43 0 L 26
44 0 U 41
45 0 U 44
46 1 L 2
47 1 U 9
48 0 L 36
49 0 U 5
50 0 U 22
51 0 L 16
52 0 L 0
53 0 L 52
54 0 U 44
55 1 U 20
56 0 U 55
57 0 L 43
58 1 L -1
59 0 L 32
60
0 1 U -1
1 1 U -1
2 1 L -1
3 0 U 1
4 0 L -1
5 1 U -1
6 0 L 4
7 0 L 0
8 1 L 7
9 0 L 7
10 1 U 6
11 0 U 8
12 1 U 0
13 0 L -1
14 0 L 6
15 0 U -1
16 1 L 0
17 1 L 13
18 0 U 12
19 0 U 1
20 0 U 0
21 0 U 18
22 1 L -1
23 1 L 6
24 0 L 20
25 1 U 20
26 1 U 3
27 0 U 8
28 0 L 11
29 0 L 10
30 0 U 15
31 1 L 30
32 1 L 7
33 0 L -1
34 1 U 25
35 0 U 23
36 0 U 23
37 1 L -1
38 0 U 10
39 1 U 9
40 0 U 26
41 1 U 24
42 1 L 22
43 0 L 26
44 0 U 41
45 0 U 44
46 1 L 2
47 1 U 9
48 0 L 36
49 0 U 5
50 0 U 22
51 0 L 46
52 0 L 0
53 0 L 52
54 0 U 44
55 1 U 20
56 1 U 50
57 0 L 43
58 1 L -1
59 0 L 32
60
0 1 L -1
1 1 U -1
2 1 L -1
3 0 U 1
4 0 L -1
5 1 U -1
6 0 L 4
7 0 L 0
8 1 L 7
9 0 L 7
10 1 U 6
11 0 U 8
12 1 U 0
13 0 L -1
14 0 L 6
15 0 U -1
16 1 L 4
17 1 L 13
18 0 U 12
19 1 U 15
20 0 U 0
21 0 U 18
22 1 L -1
23 1 L 6
24 0 L 20
25 1 U 20
26 1 U 3
27 0 U 8
28 0 L 10
29 0 L 10
30 0 U 15
31 1 L 30
32 0 L 7
33 0 L -1
34 1 U 25
35 0 U 23
36 0 U 23
37 1 L -1
38 0 U 10
39 1 U 9
40 0 U 26
41 1 U 5
42 1 L 22
43 0 L 26
44 0 U 41
45 0 U 44
46 0 L 2
47 1 U 9
48 0 L 36
49 0 U 31
50 0 U 22
51 1 L 46
52 0 L 0
53 0 L 52
54 0 U 44
55 1 U 6
56 1 U 50
57 0 L 43
58 1 L -1
59 0 L 32
60
0 1 U -1
1 1 U -1
2 1 L -1
3 0 U 1
4 0 L -1
5 1 U -1
6 0 L 4
7 0 L 0
8 1 L 7
9 0 L 7
10 1 U 6
11 0 U 8
12 1 U 5
13 0 L -1
14 0 L 6
15 0 U -1
16 1 L 0
17 1 L 13
18 0 U 4
19 1 U 15
20 0 U 5
21 0 U 18
22 1 L -1
23 1 L 8
24 0 L 20
25 1 U 20
26 1 U 3
27 0 U 22
28 0 L 11
29 0 L 10
30 0 U 15
31 1 L 30
32 0 L 7
33 0 L -1
34 1 U 25
35 0 U 23
36 0 U 23
37 1 L -1
38 0 U 8
39 1 U 9
40 0 U 26
41 1 U 24
42 1 L 22
43 0 L 26
44 0 U 41
45 0 U 44
46 1 L 37
47 1 U 9
48 0 L 36
49 0 U 31
50 0 U 22
51 1 L 46
52 0 L 0
53 0 L 52
54 0 U 44
55 1 U 6
56 0 U 49
57 0 L 43
58 1 L -1
59 0 L 32
60
0 1 L -1
1 1 U -1
2 1 L -1
3 0 U 1
4 0 L -1
5 1 U -1
6 0 L 4
7 0 L 0
8 1 L 7
9 0 L 7
10 1 U 6
11 0 U 8
12 1 U 0
13 0 L -1
14 0 L 9
15 0 U -1
16 1 L 0
17 1 L 13
18 0 U 4
19 0 U 15
20 0 U 0
21 0 U 10
22 1 L -1
23 1 L 8
24 0 L 20
25 1 U 20
26 1 U 3
27 0 U 22
28 0 L 11
29 0 L 10
30 0 U 15
31 1 L 30
32 0 L 7
33 0 L -1
34 1 U 25
35 0 U 23
36 0 U 23
37 1 L -1
38 0 U 8
39 1 U 9
40 0 U 12
41 1 U 31
42 1 L 22
43 1 L 26
44 0 U 41
45 0 U 44
46 1 L 37
47 1 U 45
48 0 L 36
49 0 U 31
50 0 U 22
51 1 L 46
52 1 L 0
53 0 L 52
54 0 U 44
55 1 U 6
56 1 U 49
57 0 L 43
58 1 L -1
59 0 L 32
60
0 1 L -1
1 1 U -1
2 1 L -1
3 0 U 1
4 0 L -1
5 1 U -1
6 0 L 4
7 0 L 0
8 1 L 7
9 0 L 7
10 1 U 6
11 0 U 8
12 1 U 0
13 0 L -1
14 0 L 9
15 0 U -1
16 1 L 4
17 1 L 13
18 0 U 4
19 0 U 15
20 0 U 5
21 0 U 10
22 1 L -1
23 1 L 8
24 0 L 20
25 1 U 20
26 1 U 3
27 0 U 22
28 0 L 11
29 0 L 10
30 0 U 15
31 1 L 30
32 1 L 7
33 0 L -1
34 1 U 25
35 0 U 23
36 0 U 28
37 1 L -1
38 0 U 8
39 1 U 8
40 0 U 12
41 1 U 31
42 1 L 22
43 1 L 26
44 0 U 41
45 0 U 44
46 1 L 33
47 1 U 10
48 0 L 36
49 0 U 31
50 0 U 22
51 1 L 46
52 1 L 0
53 0 L 52
54 0 U 44
55 1 U 6
56 0 U 49
57 0 L 43
58 1 L -1
59 0 L 32
60
0 1 L -1
1 1 U -1
2 1 L -1
3 0 U 1
4 0 L -1
5 1 U -1
6 0 L 4
7 0 L 0
8 1 L 7
9 0 L 7
10 1 U 6
11 0 U 8
12 1 U 0
13 0 L -1
14 0 L 6
15 0 U -1
16 1 L 4
17 1 L 13
18 0 U 4
19 0 U 15
20 0 U 5
21 0 U 10
22 1 L -1
23 1 L 8
24 0 L 20
25 1 U 20
26 1 U 3
27 0 U 22
28 0 L 11
29 0 L 10
30 0 U 24
31 1 L 30
32 1 L 7
33 0 L -1
34 1 U 25
35 0 U 23
36 0 U 28
37 1 L -1
38 0 U 8
39 1 U 8
40 0 U 12
41 1 U 31
42 1 L 22
43 1 L 26
44 0 U 41
45 0 U 44
46 0 L 33
47 1 U 40
48 0 L 36
49 0 U 31
50 0 U 22
51 0 L 46
52 1 L 0
53 0 L 52
54 0 U 44
55 1 U 6
56 1 U 49
57 0 L 43
58 1 L -1
59 0 L 32
60
0 1 L -1
1 1 U -1
2 1 L -1
3 0 U 1
4 0 L -1
5 1 U -1
6 0 L 4
7 0 L 0
8 1 L 7
9 0 L 7
10 1 U 6
11 0 U 8
12 1 U 5
13 0 L -1
14 0 L 9
15 0 U -1
16 1 L 4
17 1 L 13
18 0 U 12
19 1 U 1
20 1 U -1
21 0 U 10
22 1 L -1
23 1 L 6
24 0 L 20
25 1 U 20
26 1 U 3
27 0 U 22
28 0 L 11
29 0 L 10
30 0 U 24
31 1 L 30
32 0 L 7
33 0 L -1
34 1 U 25
35 0 U 23
36 0 U 28
37 1 L -1
38 0 U 8
39 1 U 8
40 0 U 12
41 1 U 31
42 1 L 22
43 1 L 26
44 0 U 41
45 0 U 44
46 1 L 33
47 1 U 40
48 0 L 36
49 0 U 31
50 0 U 22
51 0 L 46
52 0 L 0
53 0 L 52
54 0 U 44
55 1 U 6
56 0 U 49
57 0 L 43
58 1 L -1
59 0 L 32
60
0 1 L -1
1 1 U -1
2 1 L -1
3 0 U 1
4 0 L -1
5 1 U -1
6 0 L 4
7 0 L 0
8 1 L 7
9 0 L 7
10 1 U 6
11 0 U 8
12 1 U 0
13 0 L -1
14 0 L 8
15 0 U -1
16 1 L 4
17 1 L 13
18 0 U 4
19 1 U 1
20 0 U -1
21 0 U 8
22 1 L -1
23 1 L 8
24 0 L 20
25 1 U 19
26 1 U 3
27 0 U 8
28 0 L 10
29 0 L 10
30 0 U 24
31 1 L 30
32 1 L 7
33 0 L -1
34 1 U 25
35 0 U 23
36 0 U 23
37 1 L -1
38 0 U 8
39 1 U 8
40 0 U 12
41 1 U 31
42 1 L 22
43 1 L 26
44 0 U 41
45 0 U 44
46 1 L 13
47 1 U 40
48 0 L 36
49 0 U 31
50 0 U 22
51 1 U 46
52 0 L 0
53 0 L 52
54 0 U 44
55 1 U 6
56 0 U 49
57 1 L 43
58 1 L -1
59 0 L 32
60
0 1 L -1
1 1 U -1
2 1 L -1
3 0 U 1
4 0 L -1
5 1 U -1
6 0 L 4
7 0 L 0
8 1 L 7
9 1 L 7
10 1 U 6
11 0 L 8
12 1 U 5
13 0 L -1
14 0 L 8
15 0 U -1
16 1 L 4
17 1 L 13
18 0 U 4
19 1 U 1
20 1 U -1
21 0 U 8
22 1 L -1
23 1 L 8
24 0 L 20
25 1 U 19
26 1 U 3
27 0 U 8
28 0 L 10
29 0 L 10
30 0 U 15
31 1 L 30
32 0 L 7
33 0 L -1
34 1 U 25
35 0 U 32
36 0 U 32
37 1 L -1
38 0 U 8
39 1 U 8
40 0 U 12
41 1 U 31
42 1 L 22
43 1 L 26
44 0 U 41
45 0 U 44
46 1 L 2
47 1 U 40
48 0 L 36
49 0 L 31
50 0 U 22
51 1 U 46
52 0 L 0
53 0 L 52
54 0 U 44
55 1 U 6
56 0 U 49
57 1 L 43
58 1 L -1
59 0 L 32
60
0 1 L -1
1 1 U -1
2 1 L -1
3 0 U 1
4 0 L -1
5 1 U -1
6 0 L 4
7 0 L 0
8 1 L 7
9 1 L 7
10 1 U 6
11 0 U 8
12 1 U 5
13 0 L -1
14 0 L 6
15 0 U -1
16 1 L 0
17 1 L 13
18 0 U 4
19 0 U 1
20 1 U -1
21 0 U 8
22 1 L -1
23 1 L 5
24 0 L 20
25 1 U 20
26 1 U 3
27 0 U 8
28 0 L 10
29 0 L 10
30 0 U 15
31 1 L 30
32 0 L 7
33 0 L -1
34 1 U 25
35 0 U 32
36 0 U 32
37 1 L -1
38 0 U 8
39 1 U 8
40 0 U 12
41 1 U 31
42 1 L 22
43 1 L 26
44 0 U 41
45 0 U 44
46 1 L 2
47 1 U 8
48 0 L 36
49 0 U 31
50 0 U 22
51 1 L 46
52 0 L 0
53 0 L 52
54 0 U 44
55 1 U 6
56 0 U 49
57 0 L 43
58 1 L -1
59 0 L 52
60
0 1 L -1
1 1 U -1
2 1 L -1
3 0 U 1
4 0 L -1
5 1 U -1
6 0 L 4
7 0 L 0
8 1 L 7
9 1 L 7
10 1 U 6
11 0 L 9
12 1 U 0
13 0 L -1
14 0 L 6
15 0 U -1
16 1 L 0
17 1 L 13
18 0 U 6
19 0 U 1
20 1 U -1
21 0 U 8
22 1 L -1
23 1 L 8
24 0 L 20
25 1 U 20
26 1 U 3
27 0 U 8
28 0 L 10
29 0 L 10
30 0 U 15
31 1 L 30
32 0 L 7
33 0 L -1
34 1 U 25
35 0 U 32
36 0 U 23
37 1 L -1
38 0 U 8
39 1 U 8
40 0 U 12
41 1 U 31
42 1 L 22
43 1 L 26
44 0 U 41
45 0 U 44
46 1 L 37
47 1 U 8
48 0 L 36
49 0 U 31
50 0 U 11
51 1 L 46
52 0 L 0
53 0 L 52
54 0 U 44
55 1 U 6
56 1 U 49
57 0 L 43
58 1 L -1
59 0 L 52
60
0 1 L -1
1 1 U -1
2 1 L -1
3 0 U 1
4 0 L -1
5 1 U -1
6 0 L 4
7 0 L 0
8 1 L 7
9 1 L 7
10 1 U 6
11 0 L 9
12 1 U 0
13 0 L -1
14 0 L 6
15 0 U -1
16 1 L 0
17 1 L 13
18 0 U 6
19 1 U 1
20 1 U -1
21 0 U 18
22 1 L -1
23 1 L 8
24 0 L 20
25 1 U 20
26 1 U 3
27 0 U 17
28 0 L 10
29 0 L 10
30 0 U 15
31 1 L 30
32 0 L 16
33 0 L -1
34 1 U 25
35 0 U 32
36 0 U 11
37 1 L -1
38 0 U 8
39 1 U 8
40 0 U 26
41 1 U 31
42 1 L 22
43 1 L 26
44 0 U 41
45 0 U 44
46 0 L 33
47 1 U 8
48 0 L 36
49 0 U 31
50 0 U 11
51 1 L 46
52 0 L 0
53 0 L 52
54 0 U 44
55 1 U 6
56 1 U 49
57 0 L 31
58 1 L -1
59 0 L 52
60
0 1 U -1
1 1 U -1
2 1 L -1
3 0 U 1
4 0 L -1
5 1 U -1
6 0 L 4
7 0 L 0
8 1 L 7
9 1 L 7
10 1 U 6
11 0 L 9
12 1 U 5
13 0 L -1
14 0 L 6
15 0 U -1
16 1 L 0
17 1 L 13
18 0 U 6
19 1 U 1
20 1 U -1
21 0 U 18
22 1 L -1
23 1 L 5
24 0 L 20
25 1 U 20
26 1 U 3
27 0 U 17
28 0 L 10
29 0 L 10
30 0 U 24
31 1 L 30
32 0 L 16
33 0 L -1
34 1 U 25
35 0 U 32
36 0 U 23
37 1 L -1
38 0 U 10
39 1 U 8
40 0 U 26
41 1 U 31
42 1 L 22
43 1 L 26
44 0 U 41
45 0 U 44
46 1 L 13
47 1 U 8
48 0 L 36
49 0 L 31
50 0 U 14
51 1 L 46
52 0 L 0
53 0 L 52
54 0 U 44
55 1 U 6
56 0 U 2
57 1 L 43
58 1 L -1
59 0 L 52
60
0 1 L -1
1 1 U -1
2 1 L -1
3 0 U 1
4 0 L -1
5 1 U -1
6 0 L 4
7 0 L 0
8 1 L 7
9 1 L 3
10 1 U 6
11 0 L 9
12 1 U 0
13 0 L -1
14 0 L 6
15 0 U -1
16 1 L 0
17 1 L 13
18 0 U 6
19 1 U 3
20 1 U -1
21 0 U 18
22 1 L -1
23 1 L 8
24 0 L 20
25 1 U 20
26 1 U 3
27 0 U 16
28 0 L 10
29 0 L 10
30 0 U 15
31 1 L 30
32 0 L 7
33 0 L -1
34 1 U 25
35 0 U 23
36 0 U 21
37 1 L -1
38 0 U 10
39 1 U 8
40 0 U 26
41 1 U 31
42 1 L 22
43 1 L 38
44 0 U 41
45 0 U 44
46 1 L 33
47 1 U 45
48 0 L 36
49 0 L 31
50 0 U 9
51 1 L 1
52 0 L 0
53 0 L 52
54 0 U 44
55 1 U 6
56 1 U 2
57 1 L 43
58 1 L -1
59 0 L 32
60
0 1 U -1
1 1 U -1
2 1 L -1
3 0 U 1
4 0 L -1
5 1 U -1
6 0 L 4
7 0 L 0
8 1 L 7
9 1 L 7
10 1 U 6
11 0 L 9
12 1 U 0
13 0 L -1
14 0 L 6
15 0 U -1
16 1 L 4
17 1 L 13
18 0 U 6
19 1 U 1
20 1 U -1
21 0 U 8
22 1 L -1
23 1 L 8
24 0 L 20
25 1 U 20
26 0 U 3
27 0 U 16
28 0 L 10
29 0 L 10
30 0 U 24
31 1 L 30
32 0 L 7
33 0 L -1
34 1 U 25
35 0 U 23
36 0 U 21
37 1 L -1
38 0 U 10
39 1 U 8
40 0 U 26
41 1 U 31
42 1 L 22
43 1 L 38
44 0 U 41
45 0 U 44
46 1 L 33
47 1 U 45
48 0 L 36
49 0 U 31
50 0 U 9
51 1 L 1
52 0 L 0
53 0 L 52
54 0 U 44
55 1 U 49
56 1 U 54
57 1 L 43
58 1 L -1
59 0 L 32
60
0 1 L -1
1 1 U -1
2 1 L -1
3 0 U 1
4 0 L -1
5 1 U -1
6 0 L 4
7 0 L 0
8 1 L 7
9 1 L 7
10 1 U 6
11 0 L 9
12 1 U 0
13 0 L -1
14 0 L 6
15 0 U -1
16 1 L 4
17 1 L 13
18 0 U 6
19 1 U 15
20 1 U -1
21 0 U 18
22 1 L -1
23 1 L 8
24 0 L 20
25 1 U 20
26 0 U 3
27 0 U 16
28 0 L 10
29 0 L 10
30 0 U 24
31 1 L 30
32 0 L 7
33 0 L -1
34 1 U 25
35 0 U 21
36 0 U 14
37 1 L -1
38 0 U 10
39 1 U 8
40 0 U 26
41 1 U 31
42 1 L 22
43 1 L 38
44 0 U 41
45 0 U 44
46 1 L 33
47 1 U 45
48 0 L 36
49 0 L 31
50 0 U 10
51 1 L 1
52 0 L 0
53 0 L 52
54 0 U 44
55 1 U 49
56 1 U 55
57 0 L 43
58 1 L -1
59 0 L 32
60
0 1 U -1
1 1 U -1
2 1 L -1
3 0 U 1
4 0 L -1
5 1 U -1
6 0 L 4
7 0 L 0
8 1 L 7
9 1 L 7
10 1 U 6
11 0 L 9
12 1 U 0
13 0 L -1
14 0 L 6
15 0 U -1
16 1 L 4
17 1 L 13
18 0 U 4
19 0 U 15
20 1 U -1
21 0 U 18
22 1 L -1
23 1 L 8
24 0 L 20
25 1 U 20
26 1 U 3
27 0 U 17
28 0 L 19
29 0 L 10
30 0 U 24
31 1 L 30
32 0 L 7
33 0 L -1
34 1 U 25
35 0 U 28
36 0 U 11
37 1 L -1
38 0 U 8
39 1 U 8
40 0 U 26
41 1 U 31
42 1 L 22
43 1 L 38
44 0 U 41
45 0 U 44
46 0 L 37
47 1 U 45
48 0 L 36
49 0 U 31
50 0 U 10
51 1 L 1
52 0 L 0
53 0 L 52
54 0 U 44
55 1 U 49
56 0 U 50
57 0 L 43
58 1 L -1
59 0 L 32
60
0 1 L -1
1 1 U -1
2 1 L -1
3 0 U 1
4 0 L -1
5 1 U -1
6 0 L 4
7 0 L 0
8 1 L 7
9 1 L 3
10 1 U 6
11 0 L 9
12 1 U 0
13 0 L -1
14 0 L 6
15 0 U -1
16 1 L 4
17 1 L 13
18 0 U 12
19 0 U 15
20 1 U -1
21 0 U 10
22 0 L -1
23 1 L 8
24 0 L 20
25 1 U 20
26 1 U 3
27 0 U 17
28 0 L 10
29 0 L 10
30 0 U 24
31 1 L 30
32 0 L 1
33 0 L -1
34 1 U 25
35 0 U 33
36 0 U 9
37 1 L -1
38 0 U 8
39 1 U 8
40 0 U 26
41 1 U 31
42 1 L 2
43 1 L 26
44 0 U 41
45 0 U 44
46 1 L 37
47 1 U 8
48 0 L 36
49 0 U 31
50 0 U 10
51 1 L 1
52 0 L 0
53 0 L 52
54 0 U 44
55 1 U 49
56 1 U 28
57 0 L 43
58 1 L -1
59 0 L 52
60
0 1 L -1
1 1 U -1
2 1 L -1
3 0 U 1
4 0 L -1
5 1 U -1
6 0 L 4
7 0 L 0
8 1 L 7
9 1 L 3
10 1 U 6
11 0 L 9
12 1 U 0
13 0 L -1
14 0 L 6
15 0 U -1
16 1 L 4
17 1 L 13
18 0 U 4
19 0 U 15
20 1 U -1
21 0 U 10
22 0 L -1
23 1 L 8
24 0 L 20
25 1 U 20
26 1 U 3
27 0 U 17
28 0 L 10
29 0 L 10
30 0 U 24
31 1 L 30
32 0 L 1
33 0 L -1
34 1 U 25
35 0 U 33
36 0 U 23
37 1 L -1
38 0 U 8
39 1 U 8
40 0 U 26
41 1 U 31
42 1 L 2
43 1 L 26
44 0 U 41
45 0 U 44
46 1 L 37
47 1 U 8
48 0 L 36
49 0 U 31
50 0 U 10
51 1 L 1
52 0 L 0
53 0 L 52
54 0 U 44
55 1 U 26
56 1 U 28
57 0 L 43
58 1 L -1
59 0 L 52
60
0 1 L -1
1 1 U -1
2 1 L -1
3 0 U 1
4 0 L -1
5 1 U -1
6 0 L 4
7 0 L 0
8 1 L 7
9 1 L 3
10 1 U 6
11 0 L 9
12 1 U 5
13 0 L -1
14 0 L 6
15 0 U -1
16 1 L 4
17 1 L 13
18 0 U 12
19 1 U 1
20 1 U -1
21 0 U 18
22 0 L -1
23 1 L 6
24 0 L 20
25 1 U 20
26 1 U 3
27 0 U 17
28 0 L 10
29 0 L 10
30 0 U 24
31 1 L 30
32 0 L 1
33 0 L -1
34 1 U 25
35 0 U 33
36 0 U 23
37 1 L -1
38 0 U 8
39 1 U 8
40 0 U 26
41 1 U 31
42 1 L 2
43 1 L 26
44 0 U 41
45 0 U 44
46 1 L 22
47 1 U 8
48 0 L 36
49 0 U 0
50 0 U 10
51 1 L 1
52 0 L 0
53 0 L 52
54 0 U 44
55 1 U 26
56 0 U 28
57 0 L 54
58 1 L -1
59 0 L 52
60
0 1 L -1
1 1 U -1
2 1 L -1
3 0 U 1
4 0 L -1
5 1 U -1
6 0 L 4
7 0 L 0
8 1 L 7
9 1 L 3
10 1 U 6
11 0 L 9
12 1 U 5
13 0 L -1
14 0 L 8
15 0 U -1
16 1 L 4
17 1 L 13
18 0 U 12
19 0 U 1
20 1 U -1
21 0 U 18
22 0 L -1
23 1 L 5
24 0 L 20
25 1 U 20
26 1 U 3
27 0 U 16
28 0 U 14
29 0 L 10
30 0 U 24
31 1 L 30
32 0 L 1
33 0 L -1
34 1 U 25
35 0 U 33
36 0 U 23
37 1 L -1
38 0 U 8
39 1 U 8
40 0 U 26
41 1 U 31
42 1 L 2
43 1 L 26
44 0 U 41
45 0 U 44
46 1 L 13
47 1 U 8
48 0 L 36
49 0 U 0
50 0 U 10
51 1 L 1
52 0 L 0
53 0 L 52
54 0 U 44
55 1 U 26
56 0 U 50
57 0 L 54
58 1 L -1
59 0 L 52
60
0 1 U -1
1 1 U -1
2 1 L -1
3 0 U 1
4 0 L -1
5 1 U -1
6 0 L 4
7 0 L 0
8 1 L 7
9 1 L 3
10 1 U 6
11 0 L 9
12 1 U 5
13 0 L -1
14 0 L 9
15 0 U -1
16 1 L 4
17 1 L 13
18 0 U 12
19 0 U 1
20 1 U -1
21 0 U 10
22 0 L -1
23 1 L 5
24 0 L 20
25 1 U 20
26 0 U 3
27 0 U 17
28 0 L 14
29 0 L 10
30 0 U 24
31 1 L 30
32 0 L 16
33 0 L -1
34 1 U 25
35 0 U 33
36 0 U 9
37 1 L -1
38 0 U 8
39 1 U 8
40 0 U 26
41 1 U 31
42 1 L 2
43 1 L 38
44 0 U 41
45 0 U 44
46 1 L 13
47 1 U 8
48 0 L 36
49 0 U 0
50 0 U 10
51 1 L 1
52 0 L 0
53 0 L 52
54 0 U 44
55 1 U 26
56 0 U 50
57 0 L 31
58 1 L -1
59 0 L 32
60
0 1 L -1
1 1 U -1
2 1 L -1
3 0 U 1
4 0 L -1
5 1 U -1
6 0 L 4
7 0 L 0
8 1 L 7
9 1 L 3
10 1 U 6
11 0 L 9
12 1 U 0
13 0 L -1
14 0 L 9
15 0 U -1
16 1 L 4
17 1 L 13
18 0 U 12
19 1 U 1
20 1 U -1
21 0 U 18
22 0 L -1
23 1 L 9
24 0 L 20
25 1 U 20
26 0 U 3
27 0 U 17
28 0 L 14
29 0 L 10
30 0 U 24
31 1 L 30
32 0 L 16
33 0 L -1
34 1 U 25
35 0 U 33
36 0 U 11
37 1 L -1
38 0 U 8
39 1 U 8
40 0 U 26
41 1 U 31
42 1 L 2
43 1 L 38
44 0 U 41
45 0 U 44
46 1 L 37
47 1 U 45
48 0 L 36
49 0 U 1
50 0 U 18
51 1 L 42
52 0 L 0
53 0 L 52
54 0 U 44
55 1 U 26
56 0 U 23
57 0 L 35
58 1 L -1
59 0 L 32
60
0 1 L -1
1 1 U -1
2 1 L -1
3 0 U 1
4 0 L -1
5 1 U -1
6 0 L 4
7 0 L 0
8 1 L 7
9 1 L 3
10 1 U 6
11 0 L 9
12 1 U 0
13 0 L -1
14 0 L 9
15 0 U -1
16 1 L 4
17 1 L 13
18 0 U 12
19 1 U 1
20 1 U -1
21 0 U 10
22 0 L -1
23 1 L 9
24 0 L 20
25 1 U 20
26 1 U 3
27 0 U 17
28 0 L 14
29 0 L 10
30 0 U 24
31 1 L 30
32 0 L 16
33 0 L -1
34 1 U 25
35 0 U 33
36 0 U 11
37 1 L -1
38 0 U 8
39 1 U 8
40 0 U 26
41 1 U 31
42 1 L 2
43 1 L 38
44 0 U 41
45 0 U 44
46 1 L 37
47 1 U 45
48 0 L 36
49 0 U 31
50 0 U 18
51 1 L 42
52 0 L 0
53 0 L 32
54 0 U 44
55 1 U 26
56 1 U 39
57 0 L 54
58 1 L -1
59 0 L 32
60
0 1 L -1
1 1 U -1
2 1 L -1
3 0 U 1
4 0 L -1
5 1 U -1
6 0 L 4
7 0 L 0
8 1 L 7
9 1 L 3
10 1 U 6
11 0 L 9
12 1 U 0
13 0 L -1
14 0 L 9
15 0 U -1
16 1 L 4
17 1 L 13
18 0 U 12
19 0 U 1
20 1 U -1
21 0 U 18
22 0 L -1
23 1 L 9
24 0 L 20
25 1 U 20
26 1 U 3
27 0 U 17
28 0 L 14
29 0 L 10
30 0 U 24
31 1 L 30
32 0 L 16
33 0 L -1
34 1 U 25
35 0 U 33
36 0 U 21
37 1 L -1
38 0 U 8
39 1 U 8
40 0 U 26
41 1 U 31
42 1 L 2
43 1 L 38
44 0 U 41
45 0 U 44
46 0 L 37
47 1 U 45
48 0 L 36
49 0 U 5
50 0 U 18
51 1 L 42
52 0 L 0
53 0 L 32
54 0 U 44
55 1 U 26
56 1 U 39
57 0 L 54
58 1 L -1
59 0 L 32
60
0 1 U -1
1 1 U -1
2 1 L -1
3 0 U 1
4 0 L -1
5 1 U -1
6 0 L 4
7 0 L 0
8 1 L 7
9 1 L 3
10 1 U 6
11 0 L 9
12 1 U 0
13 0 L -1
14 0 L 9
15 0 U -1
16 1 L 4
17 1 L 13
18 0 U 12
19 0 U 1
20 1 U -1
21 0 U 10
22 0 L -1
23 1 L 9
24 0 L 20
25 1 U 20
26 1 U 3
27 0 U 17
28 0 L 14
29 0 L 10
30 0 U 24
31 1 L 30
32 0 L 16
33 0 L -1
34 1 U 25
35 0 U 33
36 0 U 23
37 1 L -1
38 0 U 8
39 1 U 8
40 0 U 26
41 1 U 31
42 1 L 2
43 1 L 38
44 0 U 41
45 0 U 44
46 1 L 37
47 1 U 45
48 0 L 36
49 0 U 0
50 0 U 10
51 1 L 42
52 0 L 0
53 0 L 32
54 0 U 44
55 1 U 49
56 0 U 50
57 0 L 54
58 1 L -1
59 0 L 32
60
0 1 U -1
1 1 U -1
2 1 L -1
3 0 U 1
4 0 L -1
5 1 U -1
6 0 L 4
7 0 L 0
8 1 L 7
9 1 L 3
10 1 U 6
11 0 L 9
12 1 U 5
13 0 L -1
14 0 L 9
15 0 U -1
16 1 L 4
17 1 L 13
18 0 U 4
19 0 U 1
20 1 U -1
21 0 U 10
22 0 L -1
23 1 L 5
24 0 L 20
25 1 U 20
26 1 U 3
27 0 U 17
28 0 L 11
29 0 L 10
30 0 U 24
31 1 L 30
32 1 L 16
33 0 L -1
34 1 U 25
35 0 U 23
36 0 U 9
37 1 L -1
38 0 U 8
39 1 U 8
40 0 U 12
41 1 U 31
42 1 L 2
43 1 L 38
44 0 U 41
45 0 U 44
46 0 L 37
47 1 U 45
48 0 L 36
49 0 U 5
50 0 U 10
51 0 L 35
52 1 L 0
53 0 L 32
54 0 U 44
55 1 U 49
56 1 U 28
57 0 L 54
58 1 L -1
59 0 L 32
60
0 1 U -1
1 1 U -1
2 1 L -1
3 0 U 1
4 0 L -1
5 1 U -1
6 0 L 4
7 0 L 0
8 1 L 7
9 1 L 3
10 1 U 6
11 0 L 9
12 1 U 5
13 0 L -1
14 0 L 9
15 0 U -1
16 1 L 4
17 1 L 13
18 0 U 4
19 0 U 1
20 1 U -1
21 0 U 18
22 0 L -1
23 1 L 5
24 0 L 20
25 1 U 20
26 0 U 3
27 0 U 17
28 0 L 23
29 0 L 10
30 0 U 24
31 1 L 30
32 1 L 16
33 0 L -1
34 1 U 25
35 0 U 14
36 0 U 9
37 1 L -1
38 0 U 8
39 1 U 8
40 0 U 12
41 1 U 31
42 1 L 2
43 1 L 38
44 0 U 41
45 0 U 44
46 0 L 37
47 1 U 45
48 0 L 36
49 0 U 5
50 0 U 45
51 1 L 35
52 1 L 0
53 0 L 32
54 0 U 44
55 1 U 26
56 1 U 47
57 0 L 54
58 1 L -1
59 0 L 32
60
0 1 L -1
1 1 U -1
2 1 L -1
3 0 U 1
4 0 L -1
5 1 U -1
6 0 L 4
7 0 L 0
8 1 L 7
9 1 L 3
10 1 U 6
11 0 L 9
12 1 U 5
13 0 L -1
14 0 L 9
15 0 U -1
16 1 L 4
17 1 L 13
18 0 U 4
19 1 U 1
20 1 U -1
21 0 U 8
22 1 L -1
23 1 L 5
24 0 L 20
25 1 U 20
26 1 U 3
27 0 U 17
28 0 L 16
29 0 L 10
30 0 U 24
31 1 L 30
32 0 L 16
33 0 L -1
34 1 U 25
35 0 U 28
36 0 U 9
37 1 L -1
38 0 U 8
39 1 U 8
40 0 U 12
41 1 U 31
42 1 L 17
43 1 L 38
44 0 U 41
45 0 U 44
46 1 L 33
47 1 U 45
48 0 L 36
49 0 U 5
50 0 U 45
51 1 L 35
52 0 L 0
53 0 L 32
54 0 U 44
55 1 U 49
56 1 U 47
57 0 L 54
58 1 L -1
59 0 L 32
60
0 1 L -1
1 1 U -1
2 1 L -1
3 0 U 1
4 0 L -1
5 1 U -1
6 0 L 4
7 0 L 0
8 1 L 7
9 1 L 3
10 1 U 6
11 0 L 9
12 1 U 5
13 0 L -1
14 0 L 9
15 0 U -1
16 1 L 4
17 1 L 13
18 0 U 12
19 1 U 1
20 1 U -1
21 0 U 8
22 1 L -1
23 1 L 10
24 0 L 20
25 1 U 20
26 1 U 3
27 0 U 17
28 0 L 16
29 0 L 10
30 0 U 24
31 1 L 30
32 0 L 16
33 0 L -1
34 1 U 25
35 0 U 28
36 0 U 9
37 1 L -1
38 0 U 8
39 1 U 8
40 0 U 12
41 1 U 31
42 1 L 22
43 1 L 38
44 0 U 41
45 0 U 44
46 0 L 13
47 1 U 8
48 0 L 36
49 0 U 5
50 0 U 8
51 1 L 35
52 0 L 0
53 0 L 32
54 0 U 44
55 1 U 41
56 0 U 47
57 0 L 54
58 1 L -1
59 0 L 32
60
0 1 L -1
1 1 U -1
2 1 L -1
3 0 U 1
4 0 L -1
5 1 U -1
6 0 L 4
7 0 L 0
8 1 L 7
9 1 L 3
10 1 U 6
11 0 L 9
12 1 U 5
13 0 L -1
14 0 L 9
15 0 U -1
16 1 L 4
17 1 L 13
18 0 U 12
19 1 U 1
20 1 U -1
21 0 U 8
22 1 L -1
23 1 L 11
24 0 L 20
25 1 U 20
26 1 U 3
27 0 U 17
28 0 L 9
29 0 L 10
30 0 U 24
31 1 L 30
32 0 L 16
33 0 L -1
34 1 U 25
35 0 U 28
36 0 U 9
37 1 L -1
38 0 U 8
39 1 U 8
40 0 U 12
41 1 U 31
42 1 L 22
43 1 L 38
44 0 U 41
45 0 U 44
46 0 L 13
47 1 U 8
48 0 L 36
49 0 U 31
50 0 U 10
51 0 L 35
52 0 L 0
53 0 L 32
54 0 U 44
55 1 U 41
56 0 U 47
57 0 L 54
58 1 L -1
59 0 L 32
60
0 1 L -1
1 1 U -1
2 1 L -1
3 0 U 1
4 0 L -1
5 1 U -1
6 0 L 4
7 0 L 0
8 1 L 7
9 1 L 3
10 1 U 6
11 0 L 9
12 1 U 5
13 0 L -1
14 0 L 8
15 0 U -1
16 1 L 4
17 1 L 13
18 0 U 12
19 1 U 1
20 1 U -1
21 0 U 10
22 1 L -1
23 1 L 11
24 0 L 20
25 1 U 20
26 1 U 3
27 0 U 17
28 0 L 9
29 0 L 10
30 0 U 24
31 1 L 30
32 0 L 16
33 0 L -1
34 1 U 25
35 0 U 28
36 0 U 14
37 1 L -1
38 0 U 8
39 1 U 8
40 0 U 12
41 1 U 31
42 1 L 17
43 1 L 38
44 0 U 41
45 0 U 44
46 1 L 33
47 1 U 8
48 0 L 36
49 0 U 0
50 0 U 10
51 0 L 35
52 1 L 0
53 0 L 32
54 0 U 44
55 1 U 41
56 0 U 47
57 0 L 54
58 1 L -1
59 0 L 32
60
0 1 U -1
1 1 U -1
2 1 L -1
3 0 U 1
4 0 L -1
5 1 U -1
6 0 L 4
7 0 L 0
8 1 L 7
9 1 L 3
10 1 U 6
11 0 L 9
12 1 U 5
13 0 L -1
14 0 L 9
15 0 U -1
16 1 L 4
17 1 L 13
18 0 U 6
19 0 U 15
20 1 U -1
21 0 U 18
22 1 L -1
23 1 L 11
24 0 L 20
25 1 U 20
26 1 U 3
27 0 U 17
28 0 L 9
29 0 L 10
30 0 U 24
31 1 L 30
32 0 L 16
33 0 L -1
34 1 U 25
35 0 U 28
36 0 U 33
37 1 L -1
38 0 U 8
39 1 U 22
40 0 U 12
41 1 U 31
42 1 L 17
43 1 L 38
44 0 U 41
45 0 U 44
46 0 L 2
47 1 U 8
48 0 L 36
49 0 U 31
50 0 U 10
51 1 L 35
52 1 L 0
53 0 L 32
54 0 U 44
55 1 U 41
56 1 U 47
57 0 L 54
58 1 L -1
59 0 L 52
60
0 1 U -1
1 1 U -1
2 1 L -1
3 0 U 1
4 0 L -1
5 1 U -1
6 0 L 4
7 0 L 0
8 1 L 7
9 1 L 3
10 1 U 6
11 0 L 9
12 1 U 5
13 0 L -1
14 0 L 9
15 0 U -1
16 1 L 4
17 1 L 13
18 0 U 6
19 0 U 1
20 1 U -1
21 0 U 18
22 1 L -1
23 1 L 11
24 0 L 20
25 1 U 20
26 1 U 3
27 0 U 17
28 0 L 9
29 0 L 10
30 0 U 24
31 1 L 30
32 0 L 16
33 0 L -1
34 1 U 25
35 0 U 32
36 0 U 21
37 1 L -1
38 0 U 8
39 1 U 22
40 0 U 12
41 1 U 31
42 1 L 22
43 1 L 38
44 0 U 41
45 0 U 44
46 0 L 13
47 1 U 8
48 0 L 36
49 0 U 31
50 0 U 10
51 1 L 35
52 1 L 4
53 0 L 32
54 0 U 44
55 1 U 19
56 1 U 47
57 0 L 54
58 1 L -1
59 0 L 52
60
0 1 L -1
1 1 U -1
2 1 L -1
3 0 U 1
4 0 L -1
5 1 U -1
6 0 L 4
7 0 L 0
8 1 L 7
9 1 L 3
10 1 U 6
11 0 L 9
12 1 U 5
13 0 L -1
14 0 L 8
15 0 U -1
16 1 L 4
17 1 L 13
18 0 U 4
19 1 U 1
20 1 U -1
21 0 U 10
22 1 L -1
23 1 L 10
24 0 L 20
25 1 U 20
26 1 U 3
27 0 U 17
28 0 L 9
29 0 L 10
30 0 U 24
31 1 L 30
32 1 L 16
33 0 L -1
34 1 U 25
35 0 U 28
36 0 U 21
37 1 L -1
38 0 U 8
39 1 U 8
40 0 U 12
41 1 U 31
42 1 L 22
43 1 L 38
44 0 U 41
45 0 U 44
46 0 L 13
47 1 U 8
48 0 L 36
49 0 U 31
50 0 U 10
51 0 L 35
52 1 L 0
53 0 L 32
54 0 U 44
55 1 U 26
56 0 U 47
57 0 L 54
58 1 L -1
59 0 L 52
60
0 1 L -1
1 1 U -1
2 1 L -1
3 0 U 1
4 0 L -1
5 1 U -1
6 0 L 4
7 0 L 0
8 1 L 7
9 1 L 3
10 1 U 6
11 0 L 9
12 1 U 5
13 0 L -1
14 0 L 8
15 0 U -1
16 1 L 4
17 1 L 13
18 0 U 4
19 1 U 1
20 1 U -1
21 0 U 10
22 1 L -1
23 1 L 14
24 0 L 20
25 1 U 20
26 1 U 3
27 0 U 17
28 0 L 9
29 0 L 10
30 0 U 24
31 1 L 30
32 0 L 16
33 0 L -1
34 1 U 25
35 0 U 23
36 0 U 27
37 1 L -1
38 0 U 8
39 1 U 8
40 0 U 12
41 1 U 31
42 1 L 22
43 1 L 38
44 0 U 41
45 0 U 44
46 0 L 22
47 1 U 8
48 0 L 36
49 0 U 31
50 0 U 10
51 1 L 35
52 0 L 0
53 0 L 32
54 0 U 44
55 1 U 26
56 0 U 28
57 0 L 54
58 1 L -1
59 0 L 32
60
0 1 L -1
1 1 U -1
2 1 L -1
3 0 U 1
4 0 L -1
5 1 U -1
6 0 L 4
7 0 L 0
8 1 L 7
9 1 L 3
10 1 U 6
11 0 L 9
12 1 U 0
13 0 L -1
14 0 L 8
15 0 U -1
16 1 L 4
17 1 L 13
18 0 U 12
19 0 U 1
20 1 U -1
21 0 U 10
22 1 L -1
23 1 L 11
24 0 L 20
25 1 U 19
26 1 U 3
27 0 U 18
28 0 L 9
29 0 L 10
30 0 U 24
31 1 L 30
32 1 L 16
33 0 L -1
34 1 U 25
35 0 U 23
36 0 U 27
37 1 L -1
38 0 U 8
39 1 U 8
40 0 U 12
41 1 U 31
42 1 L 22
43 1 L 38
44 0 U 41
45 0 U 44
46 1 L 22
47 1 U 8
48 0 L 36
49 0 U 31
50 0 U 18
51 1 L 35
52 1 L 0
53 0 L 32
54 0 U 44
55 1 U 49
56 1 U 28
57 0 L 54
58 1 L -1
59 0 L 32
60
0 1 L -1
1 1 U -1
2 1 L -1
3 0 U 1
4 0 L -1
5 1 U -1
6 0 L 4
7 0 L 0
8 1 L 7
9 1 L 3
10 1 U 6
11 0 L 9
12 1 U 0
13 0 L -1
14 0 L 9
15 0 U -1
16 1 L 4
17 1 L 13
18 0 U 12
19 1 U 1
20 1 U -1
21 0 U 10
22 1 L -1
23 1 L 11
24 0 L 20
25 1 U 20
26 1 U 3
27 0 U 18
28 0 L 8
29 0 L 10
30 0 U 24
31 1 L 30
32 1 L 16
33 0 L -1
34 1 U 25
35 0 U 28
36 0 U 27
37 1 L -1
38 0 U 8
39 1 U 8
40 0 U 12
41 1 U 31
42 1 L 22
43 1 L 26
44 0 U 41
45 0 U 44
46 1 L 37
47 1 U 8
48 0 L 36
49 0 U 31
50 0 U 18
51 0 L 35
52 1 L 0
53 0 L 32
54 0 U 44
55 1 U 4
56 1 U 28
57 0 L 54
58 1 L -1
59 0 L 32
60
0 1 L -1
1 1 U -1
2 1 L -1
3 0 U 1
4 0 L -1
5 1 U -1
6 0 L 4
7 0 L 0
8 1 L 7
9 1 L 3
10 1 U 6
11 0 L 9
12 1 U 0
13 0 L -1
14 0 L 9
15 0 U -1
16 1 L 4
17 1 L 13
18 0 U 12
19 0 U 1
20 1 U -1
21 0 U 10
22 1 L -1
23 1 L 11
24 0 L 20
25 1 U 19
26 1 U 3
27 0 U 18
28 0 L 8
29 0 L 10
30 0 U 24
31 1 L 30
32 1 L 16
33 0 L -1
34 1 U 17
35 0 U 28
36 0 U 27
37 1 L -1
38 0 U 8
39 1 U 8
40 0 U 12
41 1 U 31
42 1 L 22
43 1 L 26
44 0 U 41
45 0 U 44
46 0 L 37
47 1 U 8
48 0 L 36
49 0 U 24
50 0 U 18
51 1 L 35
52 1 L 0
53 0 L 32
54 0 U 44
55 1 U 4
56 1 U 32
57 0 L 54
58 1 L -1
59 0 L 32
60
0 1 L -1
1 1 U -1
2 1 L -1
3 0 U 1
4 0 L -1
5 1 U -1
6 0 L 4
7 0 L 0
8 1 L 7
9 1 L 3
10 1 U 6
11 0 L 9
12 1 U 0
13 0 L -1
14 0 L 9
15 0 U -1
16 1 L 4
17 1 L 13
18 0 U 12
19 1 U 1
20 1 U -1
21 0 U 10
22 1 L -1
23 1 L 11
24 0 L 20
25 1 U 19
26 1 U 3
27 0 U 18
28 0 L 8
29 0 L 10
30 0 U 24
31 1 L 30
32 1 L 7
33 0 L -1
34 1 U 17
35 0 U 28
36 0 U 27
37 1 L -1
38 0 U 8
39 1 U 8
40 0 U 12
41 1 U 31
42 1 L 22
43 1 L 26
44 0 U 41
45 0 U 44
46 0 L 13
47 1 U 8
48 0 L 36
49 0 U 5
50 0 U 18
51 1 L 35
52 0 L 0
53 0 L 32
54 0 U 44
55 1 U 4
56 1 U 38
57 0 L 54
58 1 L -1
59 0 L 32
60
0 1 U -1
1 1 U -1
2 1 L -1
3 0 U 1
4 0 L -1
5 1 U -1
6 0 L 4
7 0 L 0
8 1 L 7
9 1 L 3
10 1 U 6
11 0 L 9
12 1 U 0
13 0 L -1
14 0 L 8
15 0 U -1
16 1 L 4
17 1 L 13
18 0 U 12
19 0 U 1
20 1 U -1
21 0 U 10
22 1 L -1
23 1 L 14
24 0 L 20
25 1 U 19
26 0 U 3
27 0 U 18
28 0 L 8
29 0 L 10
30 0 U 24
31 1 L 30
32 1 L 7
33 0 L -1
34 1 U 17
35 0 U 28
36 0 U 27
37 1 L -1
38 0 U 8
39 1 U 8
40 0 U 26
41 1 U 31
42 1 L 22
43 1 L 38
44 0 U 41
45 0 U 44
46 1 L 22
47 1 U 8
48 0 L 36
49 0 U 5
50 0 U 34
51 0 L 35
52 0 L 0
53 0 L 32
54 0 U 44
55 1 U 26
56 1 U 23
57 0 L 31
58 1 L -1
59 0 L 52
60
0 1 U -1
1 1 U -1
2 1 L -1
3 0 U 1
4 0 L -1
5 1 U -1
6 0 L 4
7 0 L 0
8 1 L 7
9 1 L 3
10 1 U 6
11 0 L 9
12 1 U 0
13 0 L -1
14 0 L 9
15 0 U -1
16 1 L 4
17 1 L 13
18 0 U 12
19 1 U 1
20 1 U -1
21 0 U 10
22 1 L -1
23 1 L 14
24 0 L 20
25 1 U 19
26 0 U 3
27 0 U 18
28 0 L 8
29 0 L 10
30 0 U 24
31 1 L 30
32 1 L 16
33 0 L -1
34 1 U 17
35 0 U 32
36 0 U 27
37 1 L -1
38 0 U 8
39 1 U 8
40 0 U 26
41 1 U 31
42 1 L 22
43 1 L 38
44 0 U 41
45 0 U 44
46 0 L 22
47 1 U 8
48 0 L 36
49 0 U 5
50 0 U 34
51 0 L 35
52 1 L 0
53 0 L 32
54 0 U 44
55 1 U 26
56 1 U 39
57 0 L 31
58 1 L -1
59 0 L 52
60
0 1 L -1
1 1 U -1
2 1 L -1
3 0 U 1
4 0 L -1
5 1 U -1
6 0 L 4
7 0 L 0
8 1 L 7
9 1 L 3
10 1 U 6
11 0 L 9
12 1 U 0
13 0 L -1
14 0 L 9
15 0 U -1
16 1 L 4
17 1 L 13
18 0 U 12
19 1 U 1
20 1 U -1
21 0 U 10
22 1 L -1
23 1 L 14
24 0 L 20
25 1 U 19
26 1 U 3
27 0 U 18
28 0 L 5
29 0 L 10
30 0 U 24
31 1 L 30
32 0 L 16
33 0 L -1
34 1 U 17
35 0 U 23
36 0 U 27
37 1 L -1
38 0 U 8
39 1 U 8
40 0 U 26
41 1 U 31
42 1 L 22
43 1 L 38
44 0 U 41
45 0 U 44
46 0 L 37
47 1 U 8
48 0 L 36
49 0 U 31
50 0 U 45
51 1 L 35
52 1 L 0
53 0 L 32
54 0 U 44
55 1 U 19
56 0 U 39
57 0 L 31
58 1 L -1
59 0 L 9
60
0 1 U -1
1 1 U -1
2 1 L -1
3 0 U 1
4 0 L -1
5 1 U -1
6 0 L 4
7 0 L 0
8 1 L 7
9 1 L 3
10 1 U 6
11 0 L 9
12 1 U 0
13 0 L -1
14 0 L 9
15 0 U -1
16 1 L 4
17 1 L 13
18 0 U 12
19 0 U 1
20 1 U -1
21 0 U 18
22 1 L -1
23 1 L 18
24 0 L 20
25 1 U 19
26 0 U 3
27 0 U 18
28 0 L 6
29 0 L 10
30 0 U 24
31 1 L 30
32 1 L 16
33 0 L -1
34 1 U 17
35 0 U 23
36 0 U 27
37 1 L -1
38 0 U 8
39 1 U 8
40 0 U 26
41 1 U 31
42 1 L 22
43 1 L 38
44 0 U 41
45 0 U 44
46 0 L 13
47 1 U 10
48 0 L 36
49 0 U 0
50 0 U 45
51 0 L 35
52 1 L 0
53 0 L 32
54 0 U 44
55 1 U 19
56 0 U 39
57 0 L 31
58 1 L -1
59 0 L 9
60
0 1 L -1
1 1 U -1
2 1 L -1
3 0 U 1
4 0 L -1
5 1 U -1
6 0 L 4
7 0 L 0
8 1 L 7
9 1 L 3
10 1 U 6
11 0 L 9
12 1 U 0
13 0 L -1
14 0 L 8
15 0 U -1
16 1 L 4
17 1 L 13
18 0 U 12
19 1 U 1
20 1 U -1
21 0 U 18
22 1 L -1
23 1 L 10
24 0 L 20
25 1 U 20
26 1 U 3
27 0 U 18
28 0 L 6
29 0 L 10
30 0 U 15
31 1 L 30
32 1 L 16
33 0 L -1
34 1 U 17
35 0 U 23
36 0 U 27
37 1 L -1
38 0 U 8
39 1 U 8
40 0 U 26
41 1 U 31
42 1 L 22
43 1 L 38
44 0 U 41
45 0 U 44
46 1 L 13
47 1 U 45
48 0 L 36
49 0 U 0
50 0 U 34
51 0 L 35
52 1 L 0
53 0 L 32
54 0 U 44
55 1 U 19
56 0 U 39
57 0 L 43
58 1 L -1
59 0 L 9
60
0 1 U -1
1 1 U -1
2 1 L -1
3 0 U 1
4 0 L -1
5 1 U -1
6 0 L 4
7 0 L 0
8 1 L 7
9 1 L 3
10 1 U 6
11 0 L 9
12 1 U 0
13 0 L -1
14 0 L 8
15 0 U -1
16 1 L 0
17 1 L 13
18 0 U 12
19 1 U 1
20 1 U -1
21 0 U 10
22 1 L -1
23 1 L 11
24 0 L 20
25 0 U 20
26 1 U 3
27 0 U 18
28 0 L 6
29 0 L 10
30 0 U 24
31 1 L 30
32 1 L 16
33 0 L -1
34 1 U 17
35 0 U 23
36 0 U 27
37 1 L -1
38 0 U 8
39 1 U 8
40 0 U 26
41 1 U 31
42 1 L 22
43 1 L 38
44 0 U 41
45 0 U 44
46 0 L 22
47 1 U 45
48 0 L 36
49 0 U 0
50 0 U 34
51 0 L 35
52 1 L 0
53 0 L 32
54 0 U 44
55 1 U 19
56 0 U 39
57 0 L 43
58 1 L -1
59 0 L 9
60
0 1 U -1
1 1 U -1
2 1 L -1
3 0 U 1
4 0 L -1
5 1 U -1
6 0 L 4
7 0 L 0
8 1 L 7
9 1 L 3
10 1 U 6
11 0 L 9
12 1 U 0
13 0 L -1
14 0 L 8
15 0 U -1
16 1 L 0
17 1 L 13
18 0 U 12
19 1 U 1
20 1 U -1
21 0 U 10
22 1 L -1
23 1 L 10
24 0 L 20
25 0 U 20
26 1 U 3
27 0 U 18
28 0 L 6
29 0 L 10
30 0 U 24
31 1 L 30
32 0 L 16
33 0 L -1
34 1 U 17
35 0 U 23
36 0 U 27
37 1 L -1
38 0 U 8
39 1 U 8
40 0 U 26
41 1 U 31
42 1 L 22
43 1 L 38
44 0 U 41
45 0 U 44
46 0 L 2
47 1 U 45
48 0 L 36
49 0 U 0
50 0 U 18
51 0 L 35
52 1 L 0
53 0 L 32
54 0 U 26
55 1 U 26
56 1 U 32
57 0 L 43
58 1 L -1
59 0 L 9
60
0 1 U -1
1 1 U -1
2 1 L -1
3 0 U 1
4 0 L -1
5 1 U -1
6 0 L 4
7 0 L 0
8 1 L 7
9 1 L 3
10 1 U 6
11 0 L 9
12 1 U 0
13 0 L -1
14 0 L 9
15 0 U -1
16 1 L 0
17 1 L 13
18 0 U 12
19 0 U 15
20 1 U -1
21 0 U 10
22 1 L -1
23 1 L 10
24 0 L 20
25 0 U 20
26 1 U 3
27 0 U 18
28 0 L 6
29 0 L 10
30 0 U 24
31 1 L 30
32 1 L 7
33 0 L -1
34 1 U 17
35 0 U 27
36 0 U 27
37 1 L -1
38 0 U 8
39 1 U 8
40 0 U 26
41 1 U 31
42 1 L 22
43 1 L 38
44 0 U 41
45 0 U 44
46 0 L 22
47 1 U 45
48 0 L 36
49 0 U 0
50 0 U 34
51 1 L 35
52 0 L 0
53 0 L 32
54 0 U 41
55 1 U 26
56 1 U 32
57 0 L 43
58 1 L -1
59 0 L 9
60
0 1 U -1
1 1 U -1
2 1 L -1
3 0 U 1
4 0 L -1
5 1 U -1
6 0 L 4
7 0 L 0
8 1 L 7
9 1 L 3
10 1 U 6
11 0 L 9
12 1 U 0
13 0 L -1
14 0 L 9
15 0 U -1
16 1 L 0
17 1 L 13
18 0 U 12
19 0 U 15
20 1 U -1
21 0 U 10
22 1 L -1
23 1 L 10
24 0 L 20
25 0 U 20
26 1 U 3
27 0 U 18
28 0 L 8
29 0 L 10
30 0 U 24
31 1 L 30
32 1 L 7
33 0 L -1
34 1 U 17
35 0 U 27
36 0 U 27
37 1 L -1
38 0 U 8
39 1 U 8
40 0 U 26
41 1 U 31
42 1 L 17
43 1 L 38
44 0 U 41
45 0 U 44
46 1 L 22
47 1 U 16
48 0 L 36
49 0 U 5
50 0 U 34
51 1 L 35
52 0 L 0
53 0 L 32
54 0 U 41
55 1 U 26
56 1 U 50
57 0 L 43
58 1 L -1
59 0 L 9
60
0 1 L -1
1 1 U -1
2 1 L -1
3 0 U 1
4 0 L -1
5 1 U -1
6 0 L 4
7 0 L 0
8 1 L 7
9 1 L 3
10 1 U 6
11 0 L 9
12 1 U 0
13 0 L -1
14 0 L 9
15 0 U -1
16 1 L 0
17 1 L 13
18 0 U 12
19 0 U 15
20 1 U -1
21 0 U 10
22 1 L -1
23 1 L 11
24 0 L 20
25 0 U 20
26 0 U 3
27 0 U 10
28 0 L 8
29 0 L 10
30 0 U 24
31 1 L 30
32 1 L 7
33 0 L -1
34 1 U 17
35 0 U 23
36 0 U 27
37 1 L -1
38 0 U 8
39 1 U 8
40 0 U 26
41 1 U 31
42 1 L 17
43 1 L 38
44 0 U 41
45 0 U 44
46 1 L 22
47 1 U 16
48 0 L 36
49 0 U 5
50 0 U 8
51 1 L 35
52 1 L 0
53 0 L 32
54 0 U 41
55 1 U 44
56 0 U 50
57 0 L 43
58 1 L -1
59 0 L 9
60
0 1 U -1
1 1 U -1
2 1 L -1
3 0 U 1
4 0 L -1
5 1 U -1
6 0 L 4
7 0 L 0
8 1 L 7
9 1 L 3
10 1 U 6
11 0 L 9
12 1 U 0
13 0 L -1
14 0 L 9
15 0 U -1
16 1 L 0
17 1 L 13
18 0 U 12
19 1 U 15
20 1 U -1
21 0 U 10
22 1 L -1
23 1 L 11
24 0 L 20
25 0 U 20
26 1 U 3
27 0 U 18
28 0 L 5
29 0 L 10
30 0 U 24
31 1 L 30
32 1 L 7
33 0 L -1
34 1 U 17
35 0 U 23
36 0 U 27
37 1 L -1
38 0 U 8
39 1 U 8
40 0 U 26
41 1 U 31
42 1 L 17
43 1 L 38
44 0 U 41
45 0 U 44
46 1 L 33
47 1 U 18
48 0 L 36
49 0 U 5
50 0 U 8
51 0 L 35
52 0 L 0
53 0 L 32
54 0 U 41
55 1 U 26
56 1 U 50
57 0 L 43
58 1 L -1
59 0 L 32
60
0 1 U -1
1 1 U -1
2 1 L -1
3 0 U 1
4 0 L -1
5 1 U -1
6 0 L 4
7 0 L 0
8 1 L 7
9 1 L 3
10 1 U 6
11 0 L 9
12 1 U 0
13 0 L -1
14 0 L 9
15 0 U -1
16 1 L 0
17 1 L 13
18 0 U 12
19 1 U 15
20 1 U -1
21 0 U 18
22 1 L -1
23 1 L 11
24 0 L 20
25 0 U 20
26 1 U 3
27 0 U 18
28 0 L 9
29 0 L 10
30 0 U 24
31 1 L 30
32 1 L 7
33 0 L -1
34 1 U 17
35 0 U 23
36 0 U 27
37 1 L -1
38 0 U 8
39 1 U 8
40 0 U 26
41 1 U 31
42 1 L 17
43 1 L 38
44 0 U 41
45 0 U 44
46 0 L 33
47 1 U 18
48 0 L 36
49 0 U 5
50 0 U 8
51 1 L 35
52 1 L 0
53 0 L 32
54 0 U 41
55 1 U 41
56 1 U 50
57 0 L 43
58 1 L -1
59 0 L 9
60
0 1 U -1
1 1 U -1
2 1 L -1
3 0 U 1
4 0 L -1
5 1 U -1
6 0 L 4
7 0 L 0
8 1 L 7
9 1 L 3
10 1 U 6
11 0 L 9
12 1 U 0
13 0 L -1
14 0 L 8
15 0 U -1
16 1 L 0
17 1 L 13
18 0 U 12
19 0 U 15
20 1 U -1
21 0 U 18
22 1 L -1
23 1 L 11
24 0 L 20
25 0 U 20
26 1 U 3
27 0 U 10
28 0 L 5
29 0 L 10
30 0 U 24
31 1 L 30
32 1 L 7
33 0 L -1
34 1 U 17
35 0 U 27
36 0 U 27
37 1 L -1
38 0 U 8
39 1 U 8
40 0 U 26
41 1 U 31
42 1 L 17
43 1 L 38
44 0 U 41
45 0 U 44
46 0 L 33
47 1 U 18
48 0 L 36
49 0 U 5
50 0 U 10
51 1 L 35
52 1 L 0
53 0 L 32
54 0 U 26
55 1 U 41
56 0 U 50
57 0 L 43
58 1 L -1
59 0 L 9
60
0 1 U -1
1 1 U -1
2 1 L -1
3 0 U 1
4 0 L -1
5 1 U -1
6 0 L 4
7 0 L 0
8 1 L 7
9 1 L 3
10 1 U 6
11 0 L 9
12 1 U 0
13 0 L -1
14 0 L 8
15 0 U -1
16 1 L 4
17 1 L 13
18 0 U 12
19 0 U 15
20 1 U -1
21 0 U 18
22 1 L -1
23 1 L 11
24 0 L 20
25 0 U 20
26 0 U 3
27 0 U 18
28 0 L 5
29 0 L 10
30 0 U 24
31 1 L 30
32 1 L 7
33 0 L -1
34 1 U 17
35 0 U 27
36 0 U 27
37 1 L -1
38 0 U 8
39 1 U 8
40 0 U 26
41 1 U 31
42 1 L 17
43 1 L 38
44 0 U 41
45 0 U 44
46 0 L 2
47 1 U 40
48 0 L 36
49 0 U 5
50 0 U 10
51 1 L 35
52 0 L 0
53 0 L 32
54 0 U 26
55 1 U 49
56 0 U 50
57 0 L 43
58 1 L -1
59 0 L 9
60
0 1 U -1
1 1 U -1
2 1 L -1
3 0 U 1
4 0 L -1
5 1 U -1
6 0 L 4
7 0 L 0
8 1 L 7
9 1 L 3
10 1 U 6
11 0 L 9
12 1 U 0
13 0 L -1
14 0 L 8
15 0 U -1
16 1 L 4
17 1 L 13
18 0 U 12
19 1 U 15
20 1 U -1
21 0 U 10
22 1 L -1
23 1 L 14
24 0 L 20
25 0 U 20
26 1 U 3
27 0 U 18
28 0 L 5
29 0 L 10
30 0 U 24
31 1 L 30
32 1 L 7
33 0 L -1
34 1 U 17
35 0 U 23
36 0 U 27
37 1 L -1
38 0 U 8
39 1 U 8
40 0 U 26
41 1 U 31
42 1 L 17
43 1 L 38
44 0 U 41
45 0 U 44
46 0 L 2
47 1 U 18
48 0 L 36
49 0 U 31
50 0 U 10
51 1 L 35
52 1 L 0
53 0 L 32
54 0 U 26
55 1 U 49
56 1 U 39
57 0 L 43
58 1 L -1
59 0 L 9
60
0 1 U -1
1 1 U -1
2 1 L -1
3 0 U 1
4 0 L -1
5 1 U -1
6 0 L 4
7 0 L 0
8 1 L 7
9 1 L 3
10 1 U 6
11 0 L 9
12 1 U 0
13 0 L -1
14 0 L 8
15 0 U -1
16 1 L 4
17 1 L 13
18 0 U 12
19 0 U 1
20 1 U -1
21 0 U 10
22 1 L -1
23 1 L 14
24 0 L 20
25 0 U 20
26 1 U 3
27 0 U 18
28 0 L 5
29 0 L 10
30 0 U 24
31 1 L 30
32 1 L 7
33 0 L -1
34 1 U 17
35 0 U 27
36 0 U 27
37 1 L -1
38 0 U 8
39 1 U 8
40 0 U 26
41 1 U 31
42 1 L 17
43 1 L 38
44 0 U 41
45 0 U 44
46 1 L 2
47 1 U 8
48 0 L 36
49 0 U 31
50 0 U 10
51 0 L 35
52 0 L 0
53 0 L 32
54 0 U 26
55 1 U 49
56 0 U 23
57 0 L 43
58 1 L -1
59 0 L 32
60
0 1 L -1
1 1 U -1
2 1 L -1
3 0 U 1
4 0 L -1
5 1 U -1
6 0 L 4
7 0 L 0
8 1 L 7
9 1 L 3
10 1 U 6
11 0 L 9
12 1 U 0
13 0 L -1
14 0 L 9
15 0 U -1
16 1 L 4
17 1 L 13
18 0 U 12
19 1 U 1
20 1 U -1
21 0 U 18
22 1 L -1
23 1 L 14
24 0 L 20
25 0 U 20
26 1 U 3
27 0 U 18
28 0 L 5
29 0 L 10
30 0 U 15
31 1 L 30
32 1 L 7
33 0 L -1
34 1 U 17
35 0 U 27
36 0 U 27
37 1 L -1
38 0 U 8
39 1 U 8
40 0 U 26
41 1 U 31
42 1 L 17
43 1 L 38
44 0 U 41
45 0 U 44
46 1 L 22
47 1 U 34
48 0 L 36
49 0 U 24
50 0 U 34
51 1 L 35
52 1 L 0
53 0 L 32
54 0 U 4
55 1 U 49
56 0 U 23
57 0 L 43
58 1 L -1
59 0 L 32
60
0 1 L -1
1 1 U -1
2 1 L -1
3 0 U 1
4 0 L -1
5 1 U -1
6 0 L 4
7 0 L 0
8 1 L 7
9 1 L 3
10 1 U 6
11 0 L 9
12 1 U 0
13 0 L -1
14 0 L 9
15 0 U -1
16 1 L 4
17 1 L 13
18 0 U 12
19 0 U 1
20 1 U -1
21 0 U 18
22 1 L -1
23 1 L 11
24 0 L 20
25 0 U 20
26 0 U 3
27 0 U 18
28 0 L 6
29 0 L 10
30 0 U 15
31 1 L 30
32 1 L 7
33 0 L -1
34 1 U 25
35 0 U 27
36 0 U 27
37 1 L -1
38 0 U 8
39 1 U 8
40 0 U 26
41 1 U 31
42 1 L 17
43 1 L 38
44 0 U 41
45 0 U 44
46 1 L 2
47 1 U 34
48 0 L 36
49 0 U 24
50 0 U 34
51 1 L 35
52 1 L 4
53 0 L 32
54 0 U 4
55 1 U 49
56 0 U 23
57 0 L 43
58 1 L -1
59 0 L 32
60
0 1 U -1
1 1 U -1
2 1 L -1
3 0 U 1
4 0 L -1
5 1 U -1
6 0 L 4
7 0 L 0
8 1 L 7
9 1 L 3
10 1 U 6
11 0 L 9
12 1 U 0
13 0 L -1
14 0 L 9
15 0 U -1
16 1 L 4
17 1 L 13
18 0 U 12
19 0 U 1
20 1 U -1
21 0 U 18
22 1 L -1
23 1 L 10
24 0 L 20
25 0 U 20
26 0 U 3
27 0 U 18
28 0 L 9
29 0 L 10
30 0 U 15
31 1 L 30
32 1 L 16
33 0 L -1
34 1 U 25
35 0 U 27
36 0 U 27
37 1 L -1
38 0 U 8
39 1 U 8
40 0 U 26
41 1 U 31
42 1 L 17
43 1 L 38
44 0 U 41
45 0 U 44
46 0 L 2
47 1 U 34
48 0 L 36
49 0 U 31
50 0 U 34
51 0 L 35
52 1 L 4
53 0 L 32
54 0 U 4
55 1 U 49
56 1 U 50
57 0 L 43
58 1 L -1
59 0 L 32
60
0 1 U -1
1 1 U -1
2 1 L -1
3 0 U 1
4 0 L -1
5 1 U -1
6 0 L 4
7 0 L 0
8 1 L 7
9 1 L 3
10 1 U 6
11 0 L 9
12 1 U 0
13 0 L -1
14 0 L 8
15 0 U -1
16 1 L 4
17 1 L 13
18 0 U 12
19 1 U 15
20 1 U -1
21 0 U 18
22 1 L -1
23 1 L 10
24 0 L 20
25 0 U 20
26 0 U 3
27 0 U 18
28 0 L 6
29 0 L 10
30 0 U 15
31 1 L 30
32 0 L 16
33 0 L -1
34 1 U 25
35 0 U 28
36 0 U 27
37 1 L -1
38 0 U 8
39 1 U 8
40 0 U 26
41 1 U 31
42 1 L 17
43 1 L 38
44 0 U 41
45 0 U 44
46 1 L 33
47 1 U 34
48 0 L 36
49 0 U 31
50 0 U 18
51 1 L 35
52 0 L 0
53 0 L 32
54 0 U 4
55 1 U 49
56 1 U 50
57 0 L 43
58 1 L -1
59 0 L 32
60
0 1 U -1
1 1 U -1
2 1 L -1
3 0 U 1
4 0 L -1
5 1 U -1
6 0 L 4
7 0 L 0
8 1 L 7
9 1 L 3
10 1 U 6
11 0 L 9
12 1 U 0
13 0 L -1
14 0 L 8
15 0 U -1
16 1 L 4
17 1 L 13
18 0 U 12
19 0 U 15
20 1 U -1
21 0 U 8
22 1 L -1
23 1 L 10
24 0 L 20
25 0 U 20
26 0 U 3
27 0 U 18
28 0 L 9
29 0 L 10
30 0 U 15
31 1 L 30
32 1 L 16
33 0 L -1
34 1 U 25
35 0 U 28
36 0 U 27
37 1 L -1
38 0 U 8
39 1 U 8
40 0 U 26
41 1 U 31
42 1 L 22
43 1 L 38
44 0 U 41
45 0 U 44
46 1 L 2
47 1 U 18
48 0 L 36
49 0 U 31
50 0 U 10
51 0 L 35
52 1 L 0
53 0 L 32
54 0 U 4
55 1 U 49
56 1 U 50
57 0 L 43
58 1 L -1
59 0 L 32
60
0 1 L -1
1 1 U -1
2 1 L -1
3 0 U 1
4 0 L -1
5 1 U -1
6 0 L 4
7 0 L 0
8 1 L 7
9 1 L 3
10 1 U 6
11 0 L 9
12 1 U 5
13 0 L -1
14 0 L 9
15 0 U -1
16 1 L 4
17 1 L 13
18 0 U 12
19 1 U 15
20 1 U -1
21 0 U 8
22 1 L -1
23 1 L 10
24 0 L 20
25 0 U 20
26 1 U 3
27 0 U 10
28 0 L 8
29 0 L 10
30 0 U 15
31 1 L 30
32 0 L 16
33 0 L -1
34 1 U 25
35 0 U 28
36 0 U 27
37 1 L -1
38 0 U 8
39 1 U 8
40 0 U 26
41 1 U 31
42 1 L 22
43 1 L 38
44 0 U 41
45 0 U 44
46 1 L 2
47 1 U 18
48 0 L 36
49 0 U 31
50 0 U 10
51 1 L 35
52 0 L 0
53 0 L 32
54 0 U 26
55 1 U 41
56 1 U 50
57 0 L 43
58 1 L -1
59 0 L 32
60
0 1 U -1
1 1 U -1
2 1 L -1
3 0 U 1
4 0 L -1
5 1 U -1
6 0 L 4
7 0 L 0
8 1 L 7
9 1 L 3
10 1 U 6
11 0 L 9
12 1 U 5
13 0 L -1
14 0 L 8
15 0 U -1
16 1 L 4
17 1 L 13
18 0 U 12
19 0 U 1
20 1 U -1
21 0 U 8
22 1 L -1
23 1 L 10
24 0 L 20
25 0 U 20
26 1 U 3
27 0 U 10
28 0 L 8
29 0 L 10
30 0 U 15
31 1 L 30
32 1 L 7
33 0 L -1
34 1 U 25
35 0 U 28
36 0 U 27
37 1 L -1
38 0 U 8
39 1 U 8
40 0 U 26
41 1 U 31
42 1 L 22
43 1 L 38
44 0 U 41
45 0 U 44
46 0 L 2
47 1 U 10
48 0 L 36
49 0 U 31
50 0 U 10
51 1 L 35
52 1 L 0
53 0 L 32
54 0 U 26
55 1 U 41
56 0 U 32
57 0 L 43
58 1 L -1
59 0 L 32
60
0 1 L -1
1 1 U -1
2 1 L -1
3 0 U 1
4 0 L -1
5 1 U -1
6 0 L 4
7 0 L 0
8 1 L 7
9 1 L 3
10 1 U 6
11 0 L 9
12 1 U 5
13 0 L -1
14 0 L 8
15 0 U -1
16 1 L 4
17 1 L 13
18 0 U 12
19 1 U 1
20 1 U -1
21 0 U 8
22 1 L -1
23 1 L 10
24 0 L 20
25 0 U 20
26 1 U 3
27 0 U 10
28 0 L 6
29 0 L 10
30 0 U 15
31 1 L 30
32 1 L 7
33 0 L -1
34 1 U 25
35 0 U 28
36 0 U 27
37 1 L -1
38 0 U 8
39 1 U 8
40 0 U 12
41 1 U 31
42 1 L 22
43 1 L 38
44 0 U 41
45 0 U 44
46 0 L 2
47 1 U 10
48 0 L 36
49 0 U 31
50 0 U 10
51 1 L 35
52 1 L 0
53 0 L 32
54 0 U 26
55 1 U 26
56 0 U 32
57 0 L 43
58 1 L -1
59 0 L 32
60
0 1 L -1
1 1 U -1
2 1 L -1
3 0 U 1
4 0 L -1
5 1 U -1
6 0 L 4
7 0 L 0
8 1 L 7
9 1 L 3
10 1 U 6
11 0 L 9
12 1 U 5
13 0 L -1
14 0 L 8
15 0 U -1
16 1 L 0
17 1 L 13
18 0 U 6
19 1 U 1
20 1 U -1
21 0 U 8
22 1 L -1
23 1 L 10
24 0 L 20
25 0 U 20
26 1 U 3
27 0 U 10
28 0 L 8
29 0 L 10
30 0 U 15
31 1 L 30
32 0 L 16
33 0 L -1
34 1 U 17
35 0 U 32
36 0 U 27
37 1 L -1
38 0 U 8
39 1 U 8
40 0 U 12
41 1 U 31
42 1 L 22
43 1 L 38
44 0 U 41
45 0 U 44
46 1 L 22
47 1 U 10
48 0 L 36
49 0 U 31
50 0 U 10
51 0 L 35
52 1 L 0
53 0 L 32
54 0 U 41
55 1 U 26
56 1 U 32
57 0 L 43
58 1 L -1
59 0 L 32
60
0 1 U -1
1 1 U -1
2 1 L -1
3 0 U 1
4 0 L -1
5 1 U -1
6 0 L 4
7 0 L 0
8 1 L 7
9 1 L 3
10 1 U 6
11 0 L 9
12 1 U 5
13 0 L -1
14 0 L 8
15 0 U -1
16 1 L 0
17 1 L 13
18 0 U 12
19 0 U 15
20 1 U -1
21 0 U 8
22 1 L -1
23 1 L 10
24 0 L 20
25 0 U 20
26 1 U 3
27 0 U 10
28 0 L 8
29 0 L 10
30 0 U 15
31 1 L 30
32 0 L 16
33 0 L -1
34 1 U 17
35 0 U 32
36 0 U 27
37 1 L -1
38 0 U 8
39 1 U 8
40 0 U 12
41 1 U 31
42 1 L 22
43 1 L 38
44 0 U 41
45 0 U 44
46 0 L 22
47 1 U 40
48 0 L 36
49 0 U 5
50 0 U 10
51 1 L 35
52 1 L 0
53 0 L 32
54 0 U 41
55 1 U 26
56 0 U 39
57 0 L 43
58 1 L -1
59 0 L 32
60
0 1 L -1
1 1 U -1
2 1 L -1
3 0 U 1
4 0 L -1
5 1 U -1
6 0 L 4
7 0 L 0
8 1 L 7
9 1 L 3
10 1 U 6
11 0 L 9
12 1 U 5
13 0 L -1
14 0 L 8
15 0 U -1
16 1 L 4
17 1 L 13
18 0 U 6
19 1 U 15
20 1 U -1
21 0 U 8
22 1 L -1
23 1 L 10
24 0 L 20
25 0 U 20
26 0 U 3
27 0 U 10
28 0 L 9
29 0 L 10
30 0 U 15
31 1 L 30
32 0 L 16
33 0 L -1
34 1 U 17
35 0 U 32
36 0 U 27
37 1 L -1
38 0 U 8
39 1 U 8
40 0 U 12
41 1 U 31
42 1 L 22
43 1 L 38
44 0 U 41
45 0 U 44
46 0 L 22
47 1 U 40
48 0 L 36
49 0 U 5
50 0 U 10
51 1 L 35
52 1 L 0
53 0 L 32
54 0 U 41
55 1 U 19
56 0 U 28
57 0 L 43
58 1 L -1
59 0 L 32
60
0 1 L -1
1 1 U -1
2 1 L -1
3 0 U 1
4 0 L -1
5 1 U -1
6 0 L 4
7 0 L 0
8 1 L 7
9 1 L 3
10 1 U 6
11 0 L 9
12 1 U 5
13 0 L -1
14 0 L 8
15 0 U -1
16 1 L 4
17 1 L 13
18 0 U 12
19 0 U 15
20 1 U -1
21 0 U 8
22 1 L -1
23 1 L 10
24 0 L 20
25 0 U 20
26 1 U 3
27 0 U 10
28 0 L 6
29 0 L 10
30 0 U 15
31 1 L 30
32 0 L 16
33 0 L -1
34 1 U 17
35 0 U 32
36 0 U 27
37 1 L -1
38 0 U 8
39 1 U 8
40 0 U 12
41 1 U 31
42 1 L 22
43 1 L 38
44 0 U 41
45 0 U 44
46 1 L 22
47 1 U 40
48 0 L 36
49 0 U 5
50 0 U 10
51 1 L 35
52 0 L 0
53 0 L 32
54 0 U 41
55 1 U 19
56 1 U 28
57 0 L 43
58 1 L -1
59 0 L 32
60
0 1 U -1
1 1 U -1
2 1 L -1
3 0 U 1
4 0 L -1
5 1 U -1
6 0 L 4
7 0 L 0
8 1 L 7
9 1 L 3
10 1 U 6
11 0 L 9
12 1 U 5
13 0 L -1
14 0 L 9
15 0 U -1
16 1 L 4
17 1 L 13
18 0 U 12
19 0 U 15
20 1 U -1
21 0 U 10
22 1 L -1
23 1 L 10
24 0 L 20
25 0 U 20
26 1 U 3
27 0 U 10
28 0 L 6
29 0 L 10
30 0 U 24
31 1 L 30
32 1 L 16
33 0 L -1
34 1 U 17
35 0 U 32
36 0 U 27
37 1 L -1
38 0 U 8
39 1 U 8
40 0 U 12
41 1 U 31
42 1 L 22
43 1 L 38
44 0 U 41
45 0 U 44
46 1 L 33
47 1 U 10
48 0 L 36
49 0 U 5
50 0 U 40
51 1 L 35
52 1 L 0
53 0 L 32
54 0 U 26
55 1 U 49
56 0 U 28
57 0 L 43
58 1 L -1
59 0 L 32
60
0 1 U -1
1 1 U -1
2 1 L -1
3 0 U 1
4 0 L -1
5 1 U -1
6 0 L 4
7 0 L 0
8 1 L 7
9 1 L 3
10 1 U 6
11 0 L 9
12 1 U 5
13 0 L -1
14 0 L 8
15 0 U -1
16 1 L 4
17 1 L 13
18 0 U 4
19 0 U 15
20 1 U -1
21 0 U 8
22 1 L -1
23 1 L 11
24 0 L 20
25 0 U 20
26 0 U 3
27 0 U 10
28 0 L 5
29 0 L 10
30 0 U 24
31 1 L 30
32 0 L 16
33 0 L -1
34 1 U 17
35 0 U 32
36 0 U 27
37 1 L -1
38 0 U 8
39 1 U 8
40 0 U 12
41 1 U 31
42 1 L 22
43 1 L 38
44 0 U 41
45 0 U 44
46 0 L 33
47 1 U 8
48 0 L 36
49 0 U 24
50 0 U 10
51 1 L 35
52 1 L 0
53 0 L 32
54 0 U 26
55 1 U 4
56 0 U 28
57 0 L 43
58 1 L -1
59 0 L 32
60
0 1 U -1
1 1 U -1
2 1 L -1
3 0 U 1
4 0 L -1
5 1 U -1
6 0 L 4
7 0 L 0
8 1 L 7
9 1 L 3
10 1 U 6
11 0 L 9
12 1 U 5
13 0 L -1
14 0 L 8
15 0 U -1
16 1 L 4
17 1 L 13
18 0 U 4
19 0 U 15
20 1 U -1
21 0 U 8
22 1 L -1
23 1 L 11
24 0 L 20
25 0 U 20
26 0 U 3
27 0 U 10
28 0 L 5
29 0 L 10
30 0 U 24
31 1 L 30
32 0 L 16
33 0 L -1
34 1 U 17
35 0 U 28
36 0 U 27
37 1 L -1
38 0 U 8
39 1 U 8
40 0 U 12
41 1 U 31
42 1 L 22
43 1 L 38
44 0 U 41
45 0 U 44
46 1 L 2
47 1 U 45
48 0 L 36
49 0 U 5
50 0 U 34
51 1 L 35
52 0 L 0
53 0 L 32
54 0 U 26
55 1 U 4
56 0 U 39
57 0 L 43
58 1 L -1
59 0 L 32
60
0 1 L -1
1 1 U -1
2 1 L -1
3 0 U 1
4 0 L -1
5 1 U -1
6 0 L 4
7 0 L 0
8 1 L 7
9 1 L 3
10 1 U 6
11 0 L 9
12 1 U 5
13 0 L -1
14 0 L 8
15 0 U -1
16 1 L 4
17 1 L 13
18 0 U 4
19 1 U 15
20 1 U -1
21 0 U 8
22 1 L -1
23 1 L 14
24 0 L 20
25 0 U 20
26 1 U 3
27 0 U 10
28 0 L 5
29 0 L 10
30 0 U 15
31 1 L 30
32 0 L 16
33 0 L -1
34 1 U 17
35 0 U 28
36 0 U 27
37 1 L -1
38 0 U 8
39 1 U 8
40 0 U 12
41 1 U 31
42 1 L 22
43 1 L 38
44 0 U 41
45 0 U 44
46 0 L 2
47 1 U 40
48 0 L 36
49 0 U 0
50 0 U 45
51 1 L 35
52 0 L 0
53 0 L 32
54 0 U 41
55 1 U 4
56 0 U 39
57 0 L 43
58 1 L -1
59 0 L 32
60
0 1 L -1
1 1 U -1
2 1 L -1
3 0 U 1
4 0 L -1
5 1 U -1
6 0 L 4
7 0 L 0
8 1 L 7
9 1 L 3
10 1 U 6
11 0 L 9
12 1 U 5
13 0 L -1
14 0 L 8
15 0 U -1
16 1 L 0
17 1 L 13
18 0 U 4
19 1 U 15
20 1 U -1
21 0 U 8
22 1 L -1
23 1 L 14
24 0 L 20
25 0 U 20
26 0 U 3
27 0 U 10
28 0 L 5
29 0 L 10
30 0 U 15
31 1 L 30
32 0 L 16
33 0 L -1
34 1 U 25
35 0 U 28
36 0 U 27
37 1 L -1
38 0 U 8
39 1 U 8
40 0 U 12
41 1 U 31
42 1 L 22
43 1 L 38
44 0 U 41
45 0 U 44
46 0 L 2
47 1 U 45
48 0 L 36
49 0 U 0
50 0 U 45
51 1 L 35
52 1 L 4
53 0 L 32
54 0 U 4
55 1 U 49
56 1 U 39
57 0 L 43
58 1 L -1
59 0 L 32
60
0 1 L -1
1 1 U -1
2 1 L -1
3 0 U 1
4 0 L -1
5 1 U -1
6 0 L 4
7 0 L 0
8 1 L 7
9 1 L 3
10 1 U 6
11 0 L 9
12 1 U 5
13 0 L -1
14 0 L 8
15 0 U -1
16 1 L 0
17 1 L 13
18 0 U 12
19 0 U 1
20 1 U -1
21 0 U 8
22 1 L -1
23 1 L 14
24 0 L 20
25 0 U 20
26 0 U 3
27 0 U 10
28 0 L 5
29 0 L 10
30 0 U 24
31 1 L 30
32 0 L 16
33 0 L -1
34 1 U 25
35 0 U 28
36 0 U 27
37 1 L -1
38 0 U 8
39 1 U 8
40 0 U 26
41 1 U 31
42 1 L 22
43 1 L 38
44 0 U 41
45 0 U 44
46 1 L 2
47 1 U 8
48 0 L 36
49 0 U 5
50 0 U 10
51 0 L 35
52 1 L 4
53 0 L 52
54 0 U 12
55 1 U 49
56 0 U 39
57 0 L 43
58 1 L -1
59 0 L 32
60
0 1 U -1
1 1 U -1
2 1 L -1
3 0 U 1
4 0 L -1
5 1 U -1
6 0 L 4
7 0 L 0
8 1 L 7
9 1 L 3
10 1 U 6
11 0 L 9
12 1 U 0
13 0 L -1
14 0 L 8
15 0 U -1
16 1 L 0
17 1 L 13
18 0 U 12
19 0 U 1
20 1 U -1
21 0 U 10
22 1 L -1
23 1 L 14
24 0 L 20
25 0 U 20
26 0 U 3
27 0 U 10
28 0 L 8
29 0 L 10
30 0 U 24
31 1 L 30
32 0 L 16
33 0 L -1
34 1 U 25
35 0 U 32
36 0 U 27
37 1 L -1
38 0 U 8
39 1 U 8
40 0 U 26
41 1 U 31
42 1 L 22
43 1 L 38
44 0 U 41
45 0 U 44
46 0 L 22
47 1 U 8
48 0 L 36
49 0 U 5
50 0 U 10
51 1 L 35
52 1 L 4
53 0 L 32
54 0 U 12
55 1 U 49
56 1 U 47
57 0 L 43
58 1 L -1
59 0 L 32
60
0 1 U -1
1 1 U -1
2 1 L -1
3 0 U 1
4 0 L -1
5 1 U -1
6 0 L 4
7 0 L 0
8 1 L 7
9 1 L 3
10 1 U 6
11 0 L 9
12 1 U 5
13 0 L -1
14 0 L 8
15 0 U -1
16 1 L 0
17 1 L 13
18 0 U 12
19 0 U 15
20 1 U -1
21 0 U 10
22 1 L -1
23 1 L 11
24 0 L 20
25 0 U 20
26 0 U 3
27 0 U 18
28 0 L 8
29 0 L 10
30 0 U 24
31 1 L 30
32 0 L 16
33 0 L -1
34 1 U 25
35 0 U 27
36 0 U 27
37 1 L -1
38 0 U 8
39 1 U 8
40 0 U 26
41 1 U 31
42 1 L 22
43 1 L 38
44 0 U 41
45 0 U 44
46 0 L 37
47 1 U 8
48 0 L 36
49 0 U 5
50 0 U 10
51 1 L 35
52 1 L 0
53 0 L 32
54 0 U 4
55 1 U 49
56 0 U 47
57 0 L 43
58 1 L -1
59 0 L 32
60
0 1 U -1
1 1 U -1
2 1 L -1
3 0 U 1
4 0 L -1
5 1 U -1
6 0 L 4
7 0 L 0
8 1 L 7
9 1 L 3
10 1 U 6
11 0 L 9
12 1 U 0
13 0 L -1
14 0 L 8
15 0 U -1
16 1 L 0
17 1 L 13
18 0 U 12
19 1 U 15
20 1 U -1
21 0 U 18
22 1 L -1
23 1 L 11
24 0 L 20
25 0 U 20
26 0 U 3
27 0 U 18
28 0 L 8
29 0 L 10
30 0 U 24
31 1 L 30
32 0 L 16
33 0 L -1
34 1 U 25
35 0 U 27
36 0 U 27
37 1 L -1
38 0 U 8
39 1 U 8
40 0 U 26
41 1 U 31
42 1 L 22
43 1 L 38
44 0 U 41
45 0 U 44
46 0 L 37
47 1 U 18
48 0 L 36
49 0 U 5
50 0 U 16
51 0 L 35
52 1 L 0
53 0 L 32
54 0 U 4
55 1 U 49
56 1 U -1
57 0 L 43
58 1 L -1
59 0 L 9
60
0 1 U -1
1 1 U -1
2 1 L -1
3 0 U 1
4 0 L -1
5 1 U -1
6 0 L 4
7 0 L 0
8 1 L 7
9 1 L 3
10 1 U 6
11 0 L 9
12 1 U 0
13 0 L -1
14 0 L 9
15 0 U -1
16 1 L 0
17 1 L 13
18 0 U 12
19 1 U 15
20 1 U -1
21 0 U 18
22 1 L -1
23 1 L 11
24 0 L 20
25 0 U 20
26 0 U 3
27 0 U 18
28 0 L 5
29 0 L 10
30 0 U 24
31 1 L 30
32 1 L 16
33 0 L -1
34 1 U 25
35 0 U 32
36 0 U 27
37 1 L -1
38 0 U 8
39 1 U 8
40 0 U 26
41 1 U 31
42 1 L 22
43 1 L 38
44 0 U 41
45 0 U 44
46 0 L 37
47 1 U 45
48 0 L 36
49 0 U 5
50 0 U 10
51 1 L 35
52 1 L 0
53 0 L 32
54 0 U 4
55 1 U 49
56 1 U -1
57 0 L 43
58 1 L -1
59 0 L 9
60
0 1 L -1
1 1 U -1
2 1 L -1
3 0 U 1
4 0 L -1
5 1 U -1
6 0 L 4
7 0 L 0
8 1 L 7
9 1 L 3
10 1 U 6
11 0 L 9
12 1 U 5
13 0 L -1
14 0 L 9
15 0 U -1
16 1 L 0
17 1 L 13
18 0 U 12
19 0 U 15
20 1 U -1
21 0 U 10
22 1 L -1
23 1 L 11
24 0 L 20
25 0 U 20
26 1 U 3
27 0 U 10
28 0 L 8
29 0 L 10
30 0 U 24
31 1 L 30
32 0 L 16
33 0 L -1
34 1 U 25
35 0 U 32
36 0 U 27
37 1 L -1
38 0 U 8
39 1 U 8
40 0 U 26
41 1 U 31
42 1 L 22
43 1 L 38
44 0 U 41
45 0 U 44
46 0 L 37
47 1 U 34
48 0 L 36
49 0 U 31
50 0 U 10
51 1 L 35
52 1 L 0
53 0 L 32
54 0 U 4
55 1 U 49
56 1 U 39
57 0 L 43
58 1 L -1
59 0 L 9
60
0 1 L -1
1 1 U -1
2 1 L -1
3 0 U 1
4 0 L -1
5 1 U -1
6 0 L 4
7 0 L 0
8 1 L 7
9 1 L 3
10 1 U 6
11 0 L 9
12 1 U 5
13 0 L -1
14 0 L 9
15 0 U -1
16 1 L 0
17 1 L 13
18 0 U 12
19 0 U 1
20 1 U -1
21 0 U 18
22 1 L -1
23 1 L 19
24 0 L 20
25 0 U 20
26 1 U 3
27 0 U 10
28 0 L 6
29 0 L 10
30 0 U 24
31 1 L 30
32 1 L 16
33 0 L -1
34 1 U 25
35 0 U 32
36 0 U 27
37 1 L -1
38 0 U 8
39 1 U 8
40 0 U 26
41 1 U 31
42 1 L 22
43 1 L 38
44 0 U 41
45 0 U 44
46 1 L 37
47 1 U 18
48 0 L 36
49 0 U 5
50 0 U 10
51 1 L 35
52 1 L 0
53 0 L 32
54 0 U 4
55 1 U 49
56 1 U 32
57 0 L 43
58 1 L -1
59 0 L 9
60
0 1 U -1
1 1 U -1
2 1 L -1
3 0 U 1
4 0 L -1
5 1 U -1
6 0 L 4
7 0 L 0
8 1 L 7
9 1 L 3
10 1 U 6
11 0 L 9
12 1 U 5
13 0 L -1
14 0 L 9
15 0 U -1
16 1 L 0
17 1 L 13
18 0 U 12
19 0 U 1
20 1 U -1
21 0 U 18
22 1 L -1
23 1 L 19
24 0 L 20
25 0 U 20
26 1 U 3
27 0 U 10
28 0 L 6
29 0 L 10
30 0 U 24
31 1 L 30
32 1 L 16
33 0 L -1
34 1 U 25
35 0 U 32
36 0 U 27
37 1 L -1
38 0 U 8
39 1 U 8
40 0 U 26
41 1 U 31
42 1 L 22
43 1 L 38
44 0 U 41
45 0 U 44
46 0 L 13
47 1 U 18
48 0 L 36
49 0 U 5
50 0 U 18
51 1 L 35
52 1 L 0
53 0 L 32
54 0 U 4
55 1 U 19
56 1 U 38
57 0 L 43
58 1 L -1
59 0 L 9
60
0 1 U -1
1 1 U -1
2 1 L -1
3 0 U 1
4 0 L -1
5 1 U -1
6 0 L 4
7 0 L 0
8 1 L 7
9 1 L 3
10 1 U 6
11 0 L 9
12 1 U 5
13 0 L -1
14 0 L 8
15 0 U -1
16 1 L 0
17 1 L 13
18 0 U 12
19 1 U 1
20 1 U -1
21 0 U 18
22 1 L -1
23 1 L 19
24 0 L 20
25 0 U 20
26 0 U 3
27 0 U 18
28 0 L 12
29 0 L 10
30 0 U 24
31 1 L 30
32 0 L 16
33 0 L -1
34 1 U 25
35 0 U 23
36 0 U 27
37 1 L -1
38 0 U 8
39 1 U 8
40 0 U 26
41 1 U 31
42 1 L 22
43 1 L 38
44 0 U 41
45 0 U 44
46 1 L 13
47 1 U 10
48 0 L 36
49 0 U 5
50 0 U 18
51 1 L 35
52 1 L 0
53 0 L 32
54 0 U 12
55 1 U 49
56 1 U 39
57 0 L 43
58 1 L -1
59 0 L 9
60
0 1 L -1
1 1 U -1
2 1 L -1
3 0 U 1
4 0 L -1
5 1 U -1
6 0 L 4
7 0 L 0
8 1 L 7
9 1 L 3
10 1 U 6
11 0 L 9
12 1 U 5
13 0 L -1
14 0 L 8
15 0 U -1
16 1 L 4
17 1 L 13
18 0 U 12
19 1 U 1
20 1 U -1
21 0 U 18
22 1 L -1
23 1 L 19
24 0 L 20
25 0 U 20
26 0 U 3
27 0 U 18
28 0 L 12
29 0 L 10
30 0 U 24
31 1 L 30
32 1 L 16
33 0 L -1
34 1 U 25
35 0 U 23
36 0 U 27
37 1 L -1
38 0 U 8
39 1 U 8
40 0 U 26
41 1 U 31
42 1 L 22
43 1 L 38
44 0 U 41
45 0 U 44
46 0 L 13
47 1 U 18
48 0 L 36
49 0 U 5
50 0 U 18
51 0 L 35
52 1 L 0
53 0 L 32
54 0 U 4
55 1 U 41
56 0 U 39
57 0 L 43
58 1 L -1
59 0 L 9
60
0 1 U -1
1 1 U -1
2 1 L -1
3 0 U 1
4 0 L -1
5 1 U -1
6 0 L 4
7 0 L 0
8 1 L 7
9 1 L 3
10 1 U 6
11 0 L 9
12 1 U 5
13 0 L -1
14 0 L 9
15 0 U -1
16 1 L 4
17 1 L 13
18 0 U 12
19 0 U 1
20 1 U -1
21 0 U 10
22 1 L -1
23 1 L 19
24 0 L 20
25 0 U 20
26 1 U 3
27 0 U 18
28 0 L 6
29 0 L 10
30 0 U 24
31 1 L 30
32 0 L 16
33 0 L -1
34 1 U 25
35 0 U 23
36 0 U 27
37 1 L -1
38 0 U 8
39 1 U 8
40 0 U 26
41 1 U 31
42 1 L 22
43 1 L 38
44 0 U 41
45 0 U 44
46 0 L 13
47 1 U 18
48 0 L 36
49 0 U 5
50 0 U 10
51 0 L 35
52 1 L 0
53 0 L 32
54 0 U 4
55 1 U 49
56 0 U 38
57 0 L 43
58 1 L -1
59 0 L 9
60
0 1 L -1
1 1 U -1
2 1 L -1
3 0 U 1
4 0 L -1
5 1 U -1
6 0 L 4
7 0 L 0
8 1 L 7
9 1 L 3
10 1 U 6
11 0 L 9
12 1 U 0
13 0 L -1
14 0 L 9
15 0 U -1
16 1 L 0
17 1 L 13
18 0 U 12
19 0 U 1
20 1 U -1
21 0 U 10
22 1 L -1
23 1 L 10
24 0 L 20
25 0 U 20
26 0 U 3
27 0 U 18
28 0 L 6
29 0 L 10
30 0 U 24
31 1 L 30
32 0 L 16
33 0 L -1
34 1 U 25
35 0 U 27
36 0 U 27
37 1 L -1
38 0 U 8
39 1 U 8
40 0 U 26
41 1 U 31
42 1 L 22
43 1 L 38
44 0 U 41
45 0 U 44
46 1 L 13
47 1 U 18
48 0 L 36
49 0 U 5
50 0 U 10
51 0 L 35
52 1 L 0
53 0 L 32
54 0 U 44
55 1 U 26
56 1 U 50
57 0 L 43
58 1 L -1
59 0 L 9
60
0 1 U -1
1 1 U -1
2 1 L -1
3 0 U 1
4 0 L -1
5 1 U -1
6 0 L 4
7 0 L 0
8 1 L 7
9 1 L 3
10 1 U 6
11 0 L 9
12 1 U 0
13 0 L -1
14 0 L 9
15 0 U -1
16 1 L 0
17 1 L 13
18 0 U 12
19 1 U 1
20 1 U -1
21 0 U 10
22 1 L -1
23 1 L 10
24 0 L 20
25 0 U 20
26 0 U 3
27 0 U 18
28 0 L 9
29 0 L 10
30 0 U 24
31 1 L 30
32 0 L 16
33 0 L -1
34 1 U 25
35 0 U 27
36 0 U 27
37 1 L -1
38 0 U 8
39 1 U 8
40 0 U 26
41 1 U 31
42 1 L 22
43 1 L 38
44 0 U 41
45 0 U 44
46 0 L 2
47 1 U 18
48 0 L 36
49 0 U 1
50 0 U 10
51 0 L 35
52 1 L 0
53 0 L 32
54 0 U 44
55 1 U 26
56 1 U 50
57 0 L 43
58 1 L -1
59 0 L 52
60
0 1 L -1
1 1 U -1
2 1 L -1
3 0 U 1
4 0 L -1
5 1 U -1
6 0 L 4
7 0 L 0
8 1 L 7
9 1 L 3
10 1 U 6
11 0 L 9
12 1 U 0
13 0 L -1
14 0 L 9
15 0 U -1
16 1 L 0
17 1 L 13
18 0 U 12
19 0 U 1
20 1 U -1
21 0 U 18
22 1 L -1
23 1 L 10
24 0 L 20
25 1 U 20
26 1 U 3
27 0 U 18
28 0 L 9
29 0 L 10
30 0 U 15
31 1 L 30
32 1 L 16
33 0 L -1
34 1 U 25
35 0 U 28
36 0 U 27
37 1 L -1
38 0 U 8
39 1 U 8
40 0 U 26
41 1 U 31
42 1 L 22
43 1 L 38
44 0 U 41
45 0 U 44
46 1 L 37
47 1 U 8
48 0 L 36
49 0 U 1
50 0 U 8
51 1 L 35
52 1 L 0
53 0 L 32
54 0 U 44
55 1 U 49
56 1 U 50
57 0 L 43
58 1 L -1
59 0 L 32
60
0 1 L -1
1 1 U -1
2 1 L -1
3 0 U 1
4 0 L -1
5 1 U -1
6 0 L 4
7 0 L 0
8 1 L 7
9 1 L 3
10 1 U 6
11 0 L 9
12 1 U 0
13 0 L -1
14 0 L 9
15 0 U -1
16 1 L 0
17 1 L 13
18 0 U 12
19 0 U 15
20 1 U -1
21 0 U 8
22 1 L -1
23 1 L 10
24 0 L 20
25 1 U 20
26 1 U 3
27 0 U 18
28 0 L 9
29 0 L 10
30 0 U 15
31 1 L 30
32 0 L 16
33 0 L -1
34 1 U 25
35 0 U 28
36 0 U 27
37 1 L -1
38 0 U 8
39 1 U 8
40 0 U 26
41 1 U 31
42 1 L 22
43 1 L 38
44 0 U 41
45 0 U 44
46 0 L 13
47 1 U 8
48 0 L 36
49 0 U 1
50 0 U 45
51 1 L 35
52 1 L 4
53 0 L 32
54 0 U 44
55 1 U 12
56 0 U 39
57 0 L 43
58 1 L -1
59 0 L 32
60
0 1 U -1
1 1 U -1
2 1 L -1
3 0 U 1
4 0 L -1
5 1 U -1
6 0 L 4
7 0 L 0
8 1 L 7
9 1 L 3
10 1 U 6
11 0 L 9
12 1 U 0
13 0 L -1
14 0 L 9
15 0 U -1
16 1 L 0
17 1 L 13
18 0 U 12
19 0 U 15
20 1 U -1
21 0 U 10
22 1 L -1
23 1 L 10
24 0 L 20
25 0 U 20
26 0 U 3
27 0 U 10
28 0 L 8
29 0 L 10
30 0 U 24
31 1 L 30
32 0 L 16
33 0 L -1
34 1 U 17
35 0 U 28
36 0 U 27
37 1 L -1
38 0 U 8
39 1 U 8
40 0 U 26
41 1 U 31
42 1 L 22
43 1 L 38
44 0 U 41
45 0 U 44
46 0 L 37
47 1 U 8
48 0 L 36
49 0 U 15
50 0 U 45
51 1 L 35
52 1 L 4
53 0 L 32
54 0 U 49
55 1 U 12
56 0 U 39
57 0 L 43
58 1 L -1
59 0 L 9
60
0 1 L -1
1 1 U -1
2 1 L -1
3 0 U 1
4 0 L -1
5 1 U -1
6 0 L 4
7 0 L 0
8 1 L 7
9 1 L 3
10 1 U 6
11 0 L 9
12 1 U 5
13 0 L -1
14 0 L 8
15 0 U -1
16 1 L 0
17 1 L 13
18 0 U 12
19 0 U 1
20 1 U -1
21 0 U 10
22 1 L -1
23 1 L 11
24 0 L 20
25 0 U 20
26 1 U 3
27 0 U 10
28 0 L 8
29 0 L 10
30 0 U 24
31 1 L 30
32 1 L 16
33 0 L -1
34 1 U 17
35 0 U 28
36 0 U 27
37 1 L -1
38 0 U 8
39 1 U 8
40 0 U 26
41 1 U 31
42 1 L 22
43 1 L 38
44 0 U 41
45 0 U 44
46 1 L 37
47 1 U 8
48 0 L 36
49 0 U 15
50 0 U 45
51 1 L 35
52 1 L 0
53 0 L 32
54 0 U 4
55 1 U 12
56 0 U 39
57 0 L 43
58 1 L -1
59 0 L 9
60
0 1 U -1
1 1 U -1
2 1 L -1
3 0 U 1
4 0 L -1
5 1 U -1
6 0 L 4
7 0 L 0
8 1 L 7
9 1 L 3
10 1 U 6
11 0 L 9
12 1 U 0
13 0 L -1
14 0 L 8
15 0 U -1
16 1 L 0
17 1 L 13
18 0 U 12
19 1 U 1
20 1 U -1
21 0 U 10
22 1 L -1
23 1 L 11
24 0 L 20
25 0 U 20
26 1 U 3
27 0 U 10
28 0 L 9
29 0 L 10
30 0 U 24
31 1 L 30
32 0 L 16
33 0 L -1
34 1 U 17
35 0 U 28
36 0 U 27
37 1 L -1
38 0 U 8
39 1 U 8
40 0 U 26
41 1 U 31
42 1 L 22
43 1 L 38
44 0 U 41
45 0 U 44
46 1 L 2
47 1 U 10
48 0 L 36
49 0 U 24
50 0 U 8
51 1 L 35
52 1 L 0
53 0 L 32
54 0 U 4
55 1 U 44
56 1 U 39
57 0 L 43
58 1 L -1
59 0 L 9
60
0 1 L -1
1 1 U -1
2 1 L -1
3 0 U 1
4 0 L -1
5 1 U -1
6 0 L 4
7 0 L 0
8 1 L 7
9 1 L 3
10 1 U 6
11 0 L 9
12 1 U 0
13 0 L -1
14 0 L 8
15 0 U -1
16 1 L 0
17 1 L 13
18 0 U 6
19 1 U 3
20 1 U -1
21 0 U 8
22 1 L -1
23 1 L 11
24 0 L 20
25 0 U 20
26 1 U 3
27 0 U 10
28 0 L 5
29 0 L 10
30 0 U 24
31 1 L 30
32 1 L 16
33 0 L -1
34 1 U 25
35 0 U 28
36 0 U 27
37 1 L -1
38 0 U 8
39 1 U 8
40 0 U 26
41 1 U 31
42 1 L 22
43 1 L 38
44 0 U 41
45 0 U 44
46 0 L 2
47 1 U 10
48 0 L 36
49 0 U 15
50 0 U 8
51 1 L 35
52 1 L 0
53 0 L 32
54 0 U 26
55 1 U 44
56 0 U 50
57 0 L 43
58 1 L -1
59 0 L 9
60
0 1 U -1
1 1 U -1
2 1 L -1
3 0 U 1
4 0 L -1
5 1 U -1
6 0 L 4
7 0 L 0
8 1 L 7
9 1 L 3
10 1 U 6
11 0 L 9
12 1 U 0
13 0 L -1
14 0 L 8
15 0 U -1
16 1 L 4
17 1 L 13
18 0 U 6
19 0 U 1
20 1 U -1
21 0 U 8
22 1 L -1
23 1 L 11
24 0 L 20
25 0 U 20
26 1 U 3
27 0 U 10
28 0 L 5
29 0 L 10
30 0 U 24
31 1 L 30
32 1 L 16
33 0 L -1
34 1 U 25
35 0 U 28
36 0 U 27
37 1 L -1
38 0 U 8
39 1 U 8
40 0 U 26
41 1 U 31
42 1 L 22
43 1 L 38
44 0 U 41
45 0 U 44
46 1 L 2
47 1 U 34
48 0 L 36
49 0 U 15
50 0 U 8
51 1 L 35
52 1 L 0
53 0 L 32
54 0 U 26
55 1 U 44
56 0 U 50
57 0 L 43
58 1 L -1
59 0 L 9
60
0 1 U -1
1 1 U -1
2 1 L -1
3 0 U 1
4 0 L -1
5 1 U -1
6 0 L 4
7 0 L 0
8 1 L 7
9 1 L 3
10 1 U 6
11 0 L 9
12 1 U 0
13 0 L -1
14 0 L 8
15 0 U -1
16 1 L 0
17 1 L 13
18 0 U 6
19 1 U 1
20 1 U -1
21 0 U 8
22 1 L -1
23 1 L 11
24 0 L 20
25 0 U 20
26 1 U 3
27 0 U 10
28 0 L 5
29 0 L 10
30 0 U 24
31 1 L 30
32 0 L 16
33 0 L -1
34 1 U 25
35 0 U 28
36 0 U 27
37 1 L -1
38 0 U 8
39 1 U 8
40 0 U 26
41 1 U 31
42 1 L 22
43 1 L 38
44 0 U 41
45 0 U 44
46 1 L 2
47 1 U 10
48 0 L 36
49 0 U 24
50 0 U 8
51 1 L 35
52 1 L 0
53 0 L 32
54 0 U 26
55 1 U 49
56 0 U 50
57 0 L 43
58 1 L -1
59 0 L 9
60
0 1 U -1
1 1 U -1
2 1 L -1
3 0 U 1
4 0 L -1
5 1 U -1
6 0 L 4
7 0 L 0
8 1 L 7
9 1 L 3
10 1 U 6
11 0 L 9
12 1 U 5
13 0 L -1
14 0 L 8
15 0 U -1
16 1 L 0
17 1 L 13
18 0 U 6
19 1 U 1
20 1 U -1
21 0 U 8
22 1 L -1
23 1 L 11
24 0 L 20
25 0 U 20
26 0 U 3
27 0 U 10
28 0 L 5
29 0 L 10
30 0 U 24
31 1 L 30
32 0 L 16
33 0 L -1
34 1 U 25
35 0 U 28
36 0 U 27
37 1 L -1
38 0 U 8
39 1 U 8
40 0 U 26
41 1 U 31
42 1 L 22
43 1 L 38
44 0 U 41
45 0 U 44
46 1 L 2
47 1 U 10
48 0 L 36
49 0 U 24
50 0 U 8
51 1 L 35
52 1 L 0
53 0 L 32
54 0 U 4
55 1 U 12
56 1 U 50
57 0 L 43
58 1 L -1
59 0 L 9
60
0 1 U -1
1 1 U -1
2 1 L -1
3 0 U 1
4 0 L -1
5 1 U -1
6 0 L 4
7 0 L 0
8 1 L 7
9 1 L 3
10 1 U 6
11 0 L 9
12 1 U 0
13 0 L -1
14 0 L 8
15 0 U -1
16 1 L 0
17 1 L 13
18 0 U 6
19 1 U 1
20 1 U -1
21 0 U 18
22 1 L -1
23 1 L 11
24 0 L 20
25 0 U 20
26 1 U 3
27 0 U 10
28 0 L 5
29 0 L 10
30 0 U 24
31 1 L 30
32 0 L 16
33 0 L -1
34 1 U 25
35 0 U 28
36 0 U 27
37 1 L -1
38 0 U 8
39 1 U 8
40 0 U 26
41 1 U 31
42 1 L 22
43 1 L 38
44 0 U 41
45 0 U 44
46 1 L 2
47 1 U 10
48 0 L 36
49 0 U 24
50 0 U 8
51 1 L 35
52 1 L 0
53 0 L 32
54 0 U 4
55 1 U 12
56 0 U 50
57 0 L 43
58 1 L -1
59 0 L 9
60
0 1 U -1
1 1 U -1
2 1 L -1
3 0 U 1
4 0 L -1
5 1 U -1
6 0 L 4
7 0 L 0
8 1 L 7
9 1 L 3
10 1 U 6
11 0 L 9
12 1 U 0
13 0 L -1
14 0 L 8
15 0 U -1
16 1 L 0
17 1 L 13
18 0 U 6
19 1 U 15
20 1 U -1
21 0 U 18
22 1 L -1
23 1 L 14
24 0 L 20
25 0 U 20
26 1 U 3
27 0 U 10
28 0 L 5
29 0 L 10
30 0 U 24
31 1 L 30
32 0 L 16
33 0 L -1
34 1 U 25
35 0 U 28
36 0 U 27
37 1 L -1
38 0 U 8
39 1 U 8
40 0 U 26
41 1 U 31
42 1 L 22
43 1 L 38
44 0 U 41
45 0 U 44
46 0 L 2
47 1 U 10
48 0 L 36
49 0 U 24
50 0 U 8
51 1 L 35
52 1 L 0
53 0 L 32
54 0 U 12
55 1 U 12
56 0 U 39
57 0 L 43
58 1 L -1
59 0 L 9
60
0 1 U -1
1 1 U -1
2 1 L -1
3 0 U 1
4 0 L -1
5 1 U -1
6 0 L 4
7 0 L 0
8 1 L 7
9 1 L 3
10 1 U 6
11 0 L 9
12 1 U 0
13 0 L -1
14 0 L 8
15 0 U -1
16 1 L 0
17 1 L 13
18 0 U 4
19 0 U 15
20 1 U -1
21 0 U 18
22 1 L -1
23 1 L 14
24 0 L 20
25 0 U 20
26 1 U 3
27 0 U 10
28 0 L 5
29 0 L 10
30 0 U 24
31 1 L 30
32 1 L 16
33 0 L -1
34 1 U 25
35 0 U 32
36 0 U 27
37 1 L -1
38 0 U 8
39 1 U 8
40 0 U 26
41 1 U 31
42 1 L 22
43 1 L 38
44 0 U 41
45 0 U 44
46 0 L 2
47 1 U 10
48 0 L 36
49 0 U 24
50 0 U 45
51 1 L 35
52 1 L 0
53 0 L 32
54 0 U 12
55 1 U 12
56 1 U 39
57 0 L 43
58 1 L -1
59 0 L 9
60
0 1 L -1
1 1 U -1
2 1 L -1
3 0 U 1
4 0 L -1
5 1 U -1
6 0 L 4
7 0 L 0
8 1 L 7
9 1 L 3
10 1 U 6
11 0 L 9
12 1 U 0
13 0 L -1
14 0 L 8
15 0 U -1
16 1 L 0
17 1 L 13
18 0 U 12
19 0 U 15
20 1 U -1
21 0 U 18
22 1 L -1
23 1 L 14
24 0 L 20
25 0 U 20
26 1 U 3
27 0 U 10
28 0 L 5
29 0 L 10
30 0 U 24
31 1 L 30
32 1 L 16
33 0 L -1
34 1 U 25
35 0 U 23
36 0 U 27
37 1 L -1
38 0 U 8
39 1 U 8
40 0 U 26
41 1 U 31
42 1 L 22
43 1 L 38
44 0 U 41
45 0 U 44
46 0 L 2
47 1 U 10
48 0 L 36
49 0 U 24
50 0 U 45
51 1 L 35
52 1 L 0
53 0 L 32
54 0 U 12
55 1 U 26
56 0 U 39
57 0 L 43
58 1 L -1
59 0 L 52
60
0 1 L -1
1 1 U -1
2 1 L -1
3 0 U 1
4 0 L -1
5 1 U -1
6 0 L 4
7 0 L 0
8 1 L 7
9 1 L 3
10 1 U 6
11 0 L 9
12 1 U 5
13 0 L -1
14 0 L 8
15 0 U -1
16 1 L 0
17 1 L 13
18 0 U 12
19 0 U 15
20 1 U -1
21 0 U 18
22 1 L -1
23 1 L 14
24 0 L 20
25 0 U 20
26 1 U 3
27 0 U 10
28 0 L 5
29 0 L 10
30 0 U 24
31 1 L 30
32 1 L 16
33 0 L -1
34 1 U 25
35 0 U 23
36 0 U 27
37 1 L -1
38 0 U 8
39 1 U 8
40 0 U 26
41 1 U 31
42 1 L 22
43 1 L 38
44 0 U 41
45 0 U 44
46 0 L 2
47 1 U 45
48 0 L 36
49 0 U 24
50 0 U 10
51 1 L 35
52 1 L 0
53 0 L 32
54 0 U 12
55 1 U 26
56 1 U 39
57 0 L 43
58 1 L -1
59 0 L 52
60
0 1 L -1
1 1 U -1
2 1 L -1
3 0 U 1
4 0 L -1
5 1 U -1
6 0 L 4
7 0 L 0
8 1 L 7
9 1 L 3
10 1 U 6
11 0 L 9
12 1 U 5
13 0 L -1
14 0 L 9
15 0 U -1
16 1 L 4
17 1 L 13
18 0 U 12
19 1 U 15
20 1 U -1
21 0 U 10
22 1 L -1
23 1 L 14
24 0 L 20
25 0 U 20
26 0 U 3
27 0 U 10
28 0 L 5
29 0 L 10
30 0 U 24
31 1 L 30
32 0 L 16
33 0 L -1
34 1 U 25
35 0 U 32
36 0 U 27
37 1 L -1
38 0 U 8
39 1 U 8
40 0 U 26
41 1 U 31
42 1 L 22
43 1 L 38
44 0 U 41
45 0 U 44
46 1 L 37
47 1 U 18
48 0 L 36
49 0 U 24
50 0 U 10
51 1 L 35
52 0 L 0
53 0 L 32
54 0 U 12
55 1 U 26
56 0 U 39
57 0 L 43
58 1 L -1
59 0 L 52
60
0 1 U -1
1 1 U -1
2 1 L -1
3 0 U 1
4 0 L -1
5 1 U -1
6 0 L 4
7 0 L 0
8 1 L 7
9 1 L 3
10 1 U 6
11 0 L 9
12 1 U 0
13 0 L -1
14 0 L 8
15 0 U -1
16 1 L 4
17 1 L 13
18 0 U 12
19 0 U 15
20 1 U -1
21 0 U 10
22 1 L -1
23 1 L 14
24 0 L 20
25 0 U 20
26 0 U 3
27 0 U 10
28 0 L 6
29 0 L 10
30 0 U 24
31 1 L 30
32 0 L 16
33 0 L -1
34 1 U 17
35 0 U 32
36 0 U 27
37 1 L -1
38 0 U 8
39 1 U 8
40 0 U 26
41 1 U 31
42 1 L 22
43 1 L 38
44 0 U 41
45 0 U 44
46 1 L 22
47 1 U 18
48 0 L 36
49 0 U 0
50 0 U 34
51 1 L 35
52 1 L 0
53 0 L 32
54 0 U 44
55 1 U 26
56 0 U 50
57 0 L 43
58 1 L -1
59 0 L 52
60
0 1 U -1
1 1 U -1
2 1 L -1
3 0 U 1
4 0 L -1
5 1 U -1
6 0 L 4
7 0 L 0
8 1 L 7
9 1 L 3
10 1 U 6
11 0 L 9
12 1 U 0
13 0 L -1
14 0 L 9
15 0 U -1
16 1 L 4
17 1 L 13
18 0 U 12
19 1 U 15
20 1 U -1
21 0 U 10
22 1 L -1
23 1 L 10
24 0 L 20
25 0 U 20
26 1 U 3
27 0 U 10
28 0 L 6
29 0 L 10
30 0 U 24
31 1 L 30
32 0 L 16
33 0 L -1
34 1 U 17
35 0 U 32
36 0 U 27
37 1 L -1
38 0 U 8
39 1 U 8
40 0 U 26
41 1 U 31
42 1 L 22
43 1 L 38
44 0 U 41
45 0 U 44
46 1 L 2
47 1 U 18
48 0 L 36
49 0 U 5
50 0 U 34
51 1 L 35
52 1 L 0
53 0 L 32
54 0 U 44
55 1 U 26
56 0 U 32
57 0 L 43
58 1 L -1
59 0 L 32
60
0 1 L -1
1 1 U -1
2 1 L -1
3 0 U 1
4 0 L -1
5 1 U -1
6 0 L 4
7 0 L 0
8 1 L 7
9 1 L 3
10 1 U 6
11 0 L 9
12 1 U 0
13 0 L -1
14 0 L 8
15 0 U -1
16 1 L 4
17 1 L 13
18 0 U 12
19 1 U 15
20 1 U -1
21 0 U 18
22 1 L -1
23 1 L 14
24 0 L 20
25 0 U 20
26 1 U 3
27 0 U 18
28 0 L 6
29 0 L 10
30 0 U 24
31 1 L 30
32 0 L 16
33 0 L -1
34 1 U 17
35 0 U 28
36 0 U 27
37 1 L -1
38 0 U 8
39 1 U 8
40 0 U 26
41 1 U 31
42 1 L 22
43 1 L 38
44 0 U 41
45 0 U 44
46 1 L 2
47 1 U 18
48 0 L 36
49 0 U 24
50 0 U 34
51 1 L 35
52 1 L 0
53 0 L 32
54 0 U 4
55 1 U 49
56 1 U 50
57 0 L 43
58 1 L -1
59 0 L 32
60
0 1 U -1
1 1 U -1
2 1 L -1
3 0 U 1
4 0 L -1
5 1 U -1
6 0 L 4
7 0 L 0
8 1 L 7
9 1 L 3
10 1 U 6
11 0 L 9
12 1 U 0
13 0 L -1
14 0 L 8
15 0 U -1
16 1 L 4
17 1 L 13
18 0 U 12
19 1 U 15
20 1 U -1
21 0 U 18
22 1 L -1
23 1 L 14
24 0 L 20
25 0 U 20
26 0 U 3
27 0 U 18
28 0 L 6
29 0 L 10
30 0 U 24
31 1 L 30
32 0 L 16
33 0 L -1
34 1 U 17
35 0 U 32
36 0 U 27
37 1 L -1
38 0 U 8
39 1 U 8
40 0 U 26
41 1 U 31
42 1 L 17
43 1 L 38
44 0 U 41
45 0 U 44
46 0 L 37
47 1 U 45
48 0 L 36
49 0 U 5
50 0 U 40
51 0 L 35
52 0 L 0
53 0 L 32
54 0 U 4
55 1 U 49
56 0 U 23
57 0 L 43
58 1 L -1
59 0 L 32
60
0 1 U -1
1 1 U -1
2 1 L -1
3 0 U 1
4 0 L -1
5 1 U -1
6 0 L 4
7 0 L 0
8 1 L 7
9 1 L 3
10 1 U 6
11 0 L 9
12 1 U 0
13 0 L -1
14 0 L 9
15 0 U -1
16 1 L 4
17 1 L 13
18 0 U 12
19 1 U 15
20 1 U -1
21 0 U 8
22 1 L -1
23 1 L 11
24 0 L 20
25 0 U 20
26 0 U 3
27 0 U 18
28 0 L 6
29 0 L 10
30 0 U 15
31 1 L 30
32 0 L 16
33 0 L -1
34 1 U 17
35 0 U 32
36 0 U 27
37 1 L -1
38 0 U 8
39 1 U 8
40 0 U 26
41 1 U 31
42 1 L 17
43 1 L 38
44 0 U 41
45 0 U 44
46 1 L 13
47 1 U 45
48 0 L 36
49 0 U 0
50 0 U 40
51 1 L 35
52 0 L 0
53 0 L 32
54 0 U 4
55 1 U 49
56 0 U 39
57 0 L 43
58 1 L -1
59 0 L 32
60
0 1 L -1
1 1 U -1
2 1 L -1
3 0 U 1
4 0 L -1
5 1 U -1
6 0 L 4
7 0 L 0
8 1 L 7
9 1 L 3
10 1 U 6
11 0 L 9
12 1 U 0
13 0 L -1
14 0 L 8
15 0 U -1
16 1 L 4
17 1 L 13
18 0 U 12
19 1 U 15
20 1 U -1
21 0 U 18
22 1 L -1
23 1 L 11
24 0 L 20
25 0 U 20
26 0 U 3
27 0 U 18
28 0 L 8
29 0 L 10
30 0 U 15
31 1 L 30
32 1 L 16
33 0 L -1
34 1 U 17
35 0 U 28
36 0 U 27
37 1 L -1
38 0 U 8
39 1 U 8
40 0 U 26
41 1 U 31
42 1 L 17
43 1 L 38
44 0 U 41
45 0 U 44
46 1 L 13
47 1 U 45
48 0 L 36
49 0 U 0
50 0 U 40
51 1 L 35
52 1 L 0
53 0 L 32
54 0 U 4
55 1 U 49
56 1 U 39
57 0 L 43
58 1 L -1
59 0 L 32
60
0 1 L -1
1 1 U -1
2 1 L -1
3 0 U 1
4 0 L -1
5 1 U -1
6 0 L 4
7 0 L 0
8 1 L 7
9 1 L 3
10 1 U 6
11 0 L 9
12 1 U 0
13 0 L -1
14 0 L 8
15 0 U -1
16 1 L 4
17 1 L 13
18 0 U 12
19 1 U 15
20 1 U -1
21 0 U 8
22 1 L -1
23 1 L 11
24 0 L 20
25 0 U 20
26 0 U 3
27 0 U 18
28 0 L 8
29 0 L 10
30 0 U 15
31 1 L 30
32 0 L 16
33 0 L -1
34 1 U 17
35 0 U 21
36 0 U 27
37 1 L -1
38 0 U 8
39 1 U 8
40 0 U 26
41 1 U 31
42 1 L 17
43 1 L 38
44 0 U 41
45 0 U 44
46 0 L 13
47 1 U 45
48 0 L 36
49 0 U 0
50 0 U 40
51 0 L 35
52 1 L 0
53 0 L 32
54 0 U 4
55 1 U 49
56 1 U 39
57 0 L 43
58 1 L -1
59 0 L 32
60
0 1 U -1
1 1 U -1
2 1 L -1
3 0 U 1
4 0 L -1
5 1 U -1
6 0 L 4
7 0 L 0
8 1 L 7
9 1 L 3
10 1 U 6
11 0 L 9
12 1 U 0
13 0 L -1
14 0 L 8
15 0 U -1
16 1 L 4
17 1 L 13
18 0 U 12
19 1 U 15
20 1 U -1
21 0 U 18
22 1 L -1
23 1 L 11
24 0 L 20
25 0 U 20
26 0 U 3
27 0 U 18
28 0 L 8
29 0 L 10
30 0 U 15
31 1 L 30
32 0 L 16
33 0 L -1
34 1 U 17
35 0 U 32
36 0 U 27
37 1 L -1
38 0 U 8
39 1 U 8
40 0 U 26
41 1 U 31
42 1 L 17
43 1 L 38
44 0 U 41
45 0 U 44
46 1 L 13
47 1 U 10
48 0 L 36
49 0 U 0
50 0 U 10
51 1 L 35
52 0 L 0
53 0 L 32
54 0 U 4
55 1 U 49
56 0 U 39
57 0 L 43
58 1 L -1
59 0 L 9
