51
0 0 U -1
1 0 U -1
2 0 U -1
3 0 U -1
4 0 U -1
5 0 U -1
6 0 U -1
7 0 U -1
8 0 U -1
9 0 U -1
10 0 U -1
11 0 U -1
12 0 U -1
13 0 U -1
14 0 U -1
15 0 U -1
16 0 U -1
17 0 U -1
18 0 U -1
19 0 U -1
20 0 U -1
21 0 U -1
22 0 U -1
23 0 U -1
24 0 U -1
25 0 U -1
26 0 U -1
27 0 U -1
28 0 U -1
29 0 U -1
30 0 U -1
31 0 U -1
32 0 U -1
33 0 U -1
34 0 U -1
35 0 U -1
36 0 U -1
37 0 U -1
38 0 U -1
39 0 U -1
40 0 U -1
41 0 U -1
42 0 U -1
43 0 U -1
44 0 U -1
45 0 U -1
46 0 U -1
47 0 U -1
48 0 U -1
49 0 U -1
50 0 U -1
51
0 0 L -1
1 0 U -1
2 0 U 1
3 0 U -1
4 0 U 0
5 0 U -1
6 1 U 0
7 1 L -1
8 0 L 1
9 0 L 6
10 0 L 9
11 0 L 0
12 0 U -1
13 0 U 3
14 0 U -1
15 1 U 2
16 1 U 5
17 1 L 2
18 1 L 16
19 1 L -1
20 1 L -1
21 1 U 9
22 1 U 11
23 1 U 15
24 0 U 4
25 0 L 22
26 1 U 8
27 0 U 9
28 1 U 16
29 1 L 25
30 1 L 13
31 1 L 0
32 0 U 19
33 1 L 5
34 1 L 2
35 0 U 2
36 0 U 33
37 1 L 31
38 0 U 27
39 0 L 23
40 1 U 4
41 0 L 25
42 1 U 11
43 1 U -1
44 1 U 25
45 1 U 2
46 0 U 10
47 0 L 2
48 0 L -1
49 1 L 29
50 1 U 41
51
0 0 U -1
1 0 U -1
2 0 U 1
3 0 U -1
4 0 U 0
5 0 U 1
6 1 U 0
7 1 L -1
8 0 L 1
9 0 L 6
10 0 L 9
11 0 L 0
12 0 U -1
13 0 U 0
14 0 L 12
15 1 U 2
16 1 U 1
17 1 L 2
18 0 L 16
19 1 L -1
20 1 L -1
21 1 U 7
22 1 U 11
23 1 U 15
24 0 U 4
25 0 U 11
26 0 U 6
27 0 U 13
28 0 L 0
29 1 L 25
30 1 L 21
31 0 L 6
32 0 U 19
33 1 L 29
34 1 L 9
35 1 U 16
36 0 U 33
37 1 L 9
38 1 U 27
39 0 L 23
40 1 U 7
41 0 L 7
42 0 U 25
43 1 U 0
44 1 U 22
45 1 U 3
46 1 L 11
47 0 U 8
48 1 L 7
49 0 L 5
50 1 U 44
51
0 0 U -1
1 0 U -1
2 0 U 1
3 1 U -1
4 0 U 0
5 0 U -1
6 1 U 0
7 1 L -1
8 0 L 6
9 0 L 6
10 0 L 9
11 0 L 0
12 0 U -1
13 0 U 0
14 1 L 13
15 1 U 0
16 1 U -1
17 1 L 11
18 0 U 16
19 1 L -1
20 0 L -1
21 1 U 9
22 1 U 11
23 1 U 10
24 0 U 22
25 1 L 22
26 1 U 4
27 0 U 4
28 1 L 23
29 1 L 25
30 1 L 21
31 0 L -1
32 0 U 19
33 0 L 24
34 1 L 25
35 1 U 12
36 0 U 30
37 1 U -1
38 0 U 7
39 0 L 23
40 0 U 8
41 1 L 10
42 1 U 27
43 0 U 3
44 1 U 22
45 1 U 23
46 1 L 33
47 1 U 36
48 1 L 4
49 0 L 5
50 1 U 49
51
0 0 U -1
1 0 U -1
2 0 U 1
3 1 U -1
4 0 U 0
5 0 U 1
6 1 U 0
7 1 L -1
8 0 L 1
9 0 L 6
10 0 L 9
11 0 L 0
12 1 U -1
13 1 U 3
14 1 U 4
15 0 U -1
16 1 U -1
17 0 L 11
18 1 U 16
19 1 L -1
20 0 L -1
21 1 U 14
22 1 U 11
23 1 U 4
24 0 U 10
25 1 L 22
26 0 U 0
27 0 L 6
28 0 U 7
29 0 L 25
30 1 L 29
31 0 L 18
32 0 U 23
33 1 L -1
34 0 L 9
35 1 U 18
36 0 U 30
37 1 U 35
38 0 U 9
39 0 L 12
40 1 U 12
41 1 L 33
42 0 L 3
43 1 U 31
44 1 U 22
45 1 U 17
46 1 L 6
47 1 U 37
48 0 U 4
49 1 L 29
50 1 U 44
51
0 0 U -1
1 0 U -1
2 0 U 1
3 0 U -1
4 0 U 0
5 0 U -1
6 0 U 0
7 1 L -1
8 0 L 1
9 0 L 1
10 0 L 9
11 0 L 0
12 1 U -1
13 1 U 12
14 1 U 13
15 0 U -1
16 1 U -1
17 1 L 2
18 1 U 16
19 1 L -1
20 0 L -1
21 1 L 9
22 1 U 11
23 0 U 6
24 0 U 10
25 0 L 22
26 1 U 2
27 0 L 6
28 0 U -1
29 1 L 25
30 1 L 5
31 1 L 20
32 0 U 23
33 0 L -1
34 0 L 28
35 0 U 12
36 0 U 22
37 1 U 14
38 0 U 37
39 0 L 12
40 1 U 0
41 0 L 14
42 0 U 32
43 1 U 2
44 0 U 29
45 1 U 17
46 0 L 17
47 0 L 6
48 0 U 43
49 0 L 10
50 1 U 47
51
0 0 U -1
1 0 U -1
2 0 U 1
3 1 U -1
4 1 U 0
5 0 U -1
6 1 U 3
7 1 L -1
8 0 L 6
9 0 L 6
10 0 L 9
11 0 L 0
12 1 U -1
13 1 U 12
14 0 U 13
15 0 U -1
16 1 U -1
17 0 L 2
18 1 U 16
19 1 L -1
20 1 L -1
21 0 L 9
22 1 U 11
23 0 U 10
24 0 U 4
25 0 L 22
26 1 U 12
27 0 L 4
28 1 U 5
29 1 L 25
30 1 L 29
31 0 L 11
32 0 U 23
33 0 L -1
34 0 L 28
35 0 U 12
36 0 U 22
37 1 U 35
38 0 U 24
39 1 L 13
40 1 U 34
41 0 U 19
42 1 L 12
43 1 U 18
44 1 U 30
45 1 U 7
46 1 L 37
47 1 L 4
48 1 U 6
49 0 L 10
50 1 L 8
51
0 0 U -1
1 0 U -1
2 0 U 1
3 0 U -1
4 1 U 0
5 0 U 1
6 1 U 3
7 1 L -1
8 0 L 2
9 0 L 6
10 0 L 9
11 0 L 0
12 1 U -1
13 1 U 0
14 1 U 6
15 0 U -1
16 1 U -1
17 1 L 2
18 1 U 16
19 1 L -1
20 0 L -1
21 1 L 19
22 1 U 11
23 1 U 10
24 0 U 6
25 0 L 22
26 0 U 22
27 0 L 9
28 0 U -1
29 1 L 25
30 1 L 29
31 1 L 25
32 0 U 23
33 0 L -1
34 0 L 28
35 0 U 3
36 1 U 25
37 1 U 35
38 0 U 37
39 1 L 13
40 1 U 0
41 1 U 37
42 0 L 26
43 1 U 34
44 0 U 38
45 0 U 9
46 1 L 35
47 1 L 39
48 1 U 8
49 1 L 10
50 1 L 0
51
0 0 L -1
1 0 U -1
2 0 U 1
3 0 U -1
4 1 U 0
5 0 U -1
6 1 U 3
7 1 L -1
8 0 L 6
9 0 L 6
10 0 L 9
11 1 L 0
12 1 U -1
13 1 U 0
14 1 U 4
15 0 U -1
16 1 U -1
17 0 L 2
18 0 U 12
19 1 L -1
20 1 L -1
21 1 U 14
22 1 U 17
23 1 U 10
24 0 U 10
25 0 L 22
26 0 U 22
27 0 L 15
28 0 U 5
29 1 L 25
30 1 L 29
31 1 L 17
32 0 U 17
33 1 L -1
34 0 L 28
35 0 U 12
36 1 U 29
37 1 U 35
38 0 U 37
39 1 L 13
40 1 U 0
41 1 U 35
42 1 L 29
43 1 U 34
44 0 U 30
45 0 U 9
46 1 L 37
47 0 L 32
48 1 L 6
49 0 L 31
50 1 L 19
51
0 0 L -1
1 0 U -1
2 0 U 1
3 1 U -1
4 1 U 0
5 0 U 1
6 1 U 3
7 1 L -1
8 1 L 2
9 0 L 6
10 0 L 9
11 0 L 0
12 1 U -1
13 1 U 3
14 0 U 13
15 0 U -1
16 1 U -1
17 1 L 11
18 0 U 12
19 1 L -1
20 0 L -1
21 1 L 8
22 1 U 19
23 1 U 4
24 0 U 8
25 1 L 11
26 0 U 22
27 0 L 15
28 1 U 1
29 1 L 25
30 1 L 5
31 1 L 25
32 0 U 19
33 1 L -1
34 0 L 28
35 0 U 27
36 0 U 22
37 1 U 10
38 1 U 37
39 1 L 13
40 1 U 2
41 0 U 10
42 0 U 40
43 1 U 27
44 1 U 38
45 0 U 9
46 1 L 27
47 0 L 22
48 1 L 26
49 1 L 29
50 1 L 4
51
0 0 U -1
1 0 U -1
2 0 U 1
3 0 U -1
4 1 U 0
5 0 U 1
6 1 U 3
7 1 L -1
8 1 L 2
9 0 L 6
10 0 L 9
11 0 L 0
12 1 U -1
13 1 U 3
14 0 U 6
15 0 U -1
16 1 U -1
17 0 L 2
18 0 U 12
19 1 L -1
20 1 L -1
21 1 L 20
22 1 U 19
23 0 U 9
24 1 U 20
25 1 L 11
26 1 L 11
27 0 L 15
28 1 U 16
29 1 L 17
30 1 L 29
31 1 L 9
32 0 U 23
33 1 L 20
34 0 L 28
35 0 U 12
36 0 U 22
37 1 U 10
38 1 U 37
39 0 L 13
40 1 U 3
41 0 U 10
42 1 L -1
43 1 U 27
44 0 U 20
45 0 U 41
46 1 L 24
47 0 U 35
48 1 L 2
49 1 L 31
50 1 L 48
51
0 0 L -1
1 0 U -1
2 0 U 1
3 1 U -1
4 1 U 0
5 1 L -1
6 1 U 3
7 0 L 5
8 1 L 2
9 0 L 6
10 0 L 9
11 0 L 0
12 1 U -1
13 1 U 12
14 1 U 13
15 0 U -1
16 1 U -1
17 1 L 11
18 0 U 12
19 1 L -1
20 1 L -1
21 1 L 7
22 1 U 21
23 1 U 4
24 0 U 20
25 1 L 22
26 1 L 22
27 0 L 15
28 0 U 1
29 1 L 17
30 1 L 29
31 1 L 26
32 0 U 23
33 1 L 20
34 0 L 28
35 0 U 12
36 0 U 22
37 1 U 14
38 0 U 17
39 0 L 13
40 1 U 8
41 0 U 12
42 0 L 6
43 1 U 27
44 1 U 22
45 0 U 17
46 1 L 19
47 0 U 43
48 1 L 42
49 0 L 29
50 1 L 3
51
0 0 L -1
1 0 U -1
2 0 U 1
3 1 U -1
4 1 U 0
5 0 L -1
6 1 U 3
7 1 L 5
8 1 L 2
9 0 L 6
10 0 L 9
11 0 L 7
12 0 U -1
13 1 U 3
14 0 U 13
15 0 U -1
16 1 U -1
17 1 L 2
18 0 U 0
19 0 L -1
20 0 L -1
21 1 L 20
22 1 U 21
23 1 U 4
24 1 U 20
25 1 L 22
26 1 L 22
27 0 L 15
28 1 U -1
29 1 L 17
30 1 L 29
31 1 L 26
32 0 U 23
33 1 L 20
34 0 L 28
35 0 U 2
36 0 U 22
37 1 U 14
38 0 U 17
39 0 L 13
40 1 U 8
41 0 U 3
42 0 L 6
43 1 U 3
44 1 U 22
45 0 U 17
46 1 L 4
47 1 U 14
48 1 L 42
49 0 L 10
50 1 L 31
51
0 0 L -1
1 0 U -1
2 0 U 1
3 1 U -1
4 1 U 0
5 1 L -1
6 1 U 3
7 0 U 5
8 1 L 6
9 0 L 6
10 0 L 9
11 0 L 0
12 1 U -1
13 1 U 3
14 1 U 4
15 0 U -1
16 1 U -1
17 0 L 2
18 0 U 3
19 1 L -1
20 1 L -1
21 1 L 0
22 1 U 21
23 1 U 4
24 1 U 20
25 1 L 22
26 1 L 22
27 0 L 15
28 0 U -1
29 1 L 17
30 1 L 29
31 1 L 17
32 0 U 23
33 1 L 20
34 0 L 28
35 0 U 12
36 0 U 22
37 1 U 35
38 1 U 37
39 0 L 13
40 1 U 8
41 0 U 27
42 0 L 6
43 1 U 12
44 1 U 32
45 0 U 5
46 1 L 20
47 0 U 29
48 1 L 2
49 1 L 3
50 1 L 48
51
0 0 U -1
1 0 U -1
2 0 U 1
3 0 U -1
4 0 U 0
5 1 L -1
6 1 U 3
7 0 L 5
8 1 L 2
9 0 L 6
10 0 L 9
11 0 L 0
12 1 U -1
13 1 U 0
14 1 U 13
15 0 U -1
16 1 U -1
17 0 L 2
18 0 U 2
19 0 L -1
20 0 L -1
21 1 L 0
22 1 U 21
23 1 U 13
24 1 U 20
25 1 L 11
26 1 L 22
27 0 L 15
28 1 U 1
29 1 L 17
30 1 L 29
31 1 L 26
32 0 U 23
33 1 L 20
34 0 L 28
35 0 U 3
36 0 U 22
37 1 U 35
38 1 U 37
39 1 L 12
40 1 U 8
41 0 U 3
42 0 L 33
43 1 U 3
44 1 U 32
45 0 U 40
46 1 L 20
47 1 U 30
48 1 L 2
49 1 L 3
50 1 L 48
51
0 0 L -1
1 0 U -1
2 0 U 1
3 1 U -1
4 1 U 0
5 0 L -1
6 1 U 3
7 0 L 5
8 1 L 2
9 0 L 6
10 0 L 9
11 0 L 0
12 1 U -1
13 1 U 0
14 1 U 6
15 0 U -1
16 1 U -1
17 1 L 2
18 0 U 2
19 1 L -1
20 1 L -1
21 1 L 20
22 1 U 21
23 1 U 13
24 0 U 20
25 1 L 11
26 1 L 11
27 0 L 15
28 0 U 1
29 1 L 17
30 1 L 29
31 1 U 30
32 0 U 23
33 1 L 20
34 0 L 28
35 0 U 3
36 0 U 22
37 1 U 35
38 1 U 37
39 0 L 13
40 1 U 8
41 0 U 3
42 0 L 33
43 1 U 2
44 0 U 32
45 0 U 14
46 1 L 20
47 1 U 45
48 1 L 2
49 0 L 31
50 1 L 48
51
0 0 U -1
1 0 U -1
2 0 U 1
3 1 U -1
4 0 U 0
5 1 L -1
6 0 U 0
7 0 L 5
8 1 L 6
9 0 L 1
10 0 L 9
11 0 L 0
12 1 U -1
13 1 U 0
14 0 U 4
15 0 U -1
16 1 U -1
17 0 L 2
18 0 U 15
19 1 L -1
20 0 L -1
21 1 L 7
22 1 U 21
23 1 U 13
24 1 U 20
25 1 L 22
26 1 L 22
27 0 L 15
28 1 U 1
29 1 L 17
30 1 L 29
31 1 U 30
32 0 U 23
33 1 L 20
34 0 L 28
35 0 U 3
36 0 U 22
37 1 U 35
38 0 U 37
39 0 L 12
40 1 U 8
41 0 U 3
42 0 L 33
43 1 U 27
44 1 U 32
45 0 U 43
46 1 L 20
47 0 U 30
48 1 L 2
49 1 L 31
50 1 L 31
51
0 0 U -1
1 0 U -1
2 0 U 1
3 0 U -1
4 1 U 0
5 0 L -1
6 0 U 0
7 1 L 5
8 1 L 6
9 0 L 6
10 0 L 9
11 0 L 7
12 1 U -1
13 1 U 0
14 1 U 13
15 1 U -1
16 1 U -1
17 0 L 11
18 0 U 12
19 1 L -1
20 0 L -1
21 1 L 0
22 1 U 21
23 0 U 6
24 0 U 20
25 1 L 22
26 1 L 22
27 0 L 15
28 1 U 16
29 1 L 9
30 1 L 29
31 1 U 30
32 0 U 19
33 1 L 0
34 0 L 28
35 0 U 0
36 0 U 22
37 1 U 35
38 1 U 11
39 1 L 13
40 1 U 18
41 1 U 27
42 0 L 5
43 1 U 0
44 1 U 32
45 0 U 35
46 1 L 0
47 1 U 29
48 1 L 2
49 1 L 3
50 1 L 48
51
0 0 U -1
1 0 U -1
2 0 U 1
3 1 U -1
4 1 U 0
5 0 L -1
6 0 U 0
7 1 L 5
8 1 L 6
9 0 L 6
10 0 L 9
11 0 L 0
12 1 U -1
13 1 U 3
14 0 U 13
15 1 U -1
16 1 U -1
17 1 L 11
18 0 U 15
19 1 L -1
20 1 L -1
21 1 L 7
22 1 U 21
23 1 U 4
24 1 U 20
25 1 L 22
26 1 L 22
27 0 L 15
28 1 U 15
29 1 L 17
30 1 L 29
31 1 U 25
32 0 U 21
33 1 L 0
34 0 L 28
35 0 U 28
36 0 U 22
37 1 U 35
38 1 U 11
39 1 L 12
40 1 U 8
41 0 U 3
42 0 L 19
43 1 U 41
44 0 U 38
45 0 U 17
46 1 L 0
47 1 U 12
48 1 L 22
49 0 L 31
50 1 L 48
51
0 0 L -1
1 0 U -1
2 0 U 1
3 0 U -1
4 1 U 0
5 1 L -1
6 0 U 0
7 0 L 5
8 1 L 6
9 0 L 6
10 0 L 9
11 0 L 0
12 1 U -1
13 1 L 10
14 0 U 6
15 1 U -1
16 1 U -1
17 0 L 11
18 1 U 15
19 1 L -1
20 1 L -1
21 1 L 0
22 1 U 21
23 1 U 4
24 1 U 20
25 1 L 22
26 1 L 22
27 0 L 15
28 1 U 15
29 1 L 17
30 1 L 29
31 1 U 25
32 0 U 23
33 1 L 0
34 0 L 28
35 0 U 28
36 0 U 22
37 1 U 35
38 0 U 37
39 0 L 12
40 1 U 8
41 0 U 3
42 0 L 19
43 1 U 3
44 0 U 32
45 0 U 14
46 1 L 0
47 1 L -1
48 1 L 46
49 1 L 31
50 1 L 48
51
0 0 U -1
1 0 U -1
2 0 U 1
3 1 U -1
4 1 U 0
5 1 L -1
6 0 U 0
7 0 L 5
8 1 L 2
9 0 L 6
10 0 L 9
11 0 L 0
12 1 U -1
13 1 U 3
14 0 U 6
15 1 U -1
16 1 U -1
17 0 L 11
18 1 U 15
19 1 L -1
20 1 L -1
21 1 L 7
22 1 U 21
23 1 U 6
24 1 U 20
25 1 L 22
26 1 L 22
27 0 L 15
28 1 U 15
29 1 L 17
30 1 L 29
31 1 U 30
32 0 U 23
33 1 L 7
34 0 L 28
35 0 U 28
36 0 U 22
37 1 U 14
38 1 U 11
39 0 L 12
40 1 U 8
41 0 U 0
42 0 L 4
43 1 U 3
44 1 U 22
45 0 U 43
46 1 L 0
47 0 L -1
48 1 L 11
49 1 L 31
50 1 L 48
51
0 0 U -1
1 0 U -1
2 0 U 1
3 0 U -1
4 1 U 0
5 1 L -1
6 0 U 0
7 0 L 5
8 1 L 2
9 0 L 6
10 0 L 9
11 0 L 0
12 1 U -1
13 1 L 10
14 1 U 13
15 1 U -1
16 1 U -1
17 0 L 11
18 1 U 15
19 1 L -1
20 0 L -1
21 1 L 0
22 1 U 21
23 1 U 6
24 1 U 20
25 1 L 22
26 1 L 22
27 0 U 15
28 0 U 16
29 1 L 17
30 1 L 29
31 1 U 30
32 0 U 23
33 1 L 7
34 0 L 28
35 0 U 27
36 0 U 22
37 1 U 35
38 1 U 11
39 0 L 13
40 1 U 0
41 0 U 27
42 0 L 19
43 1 U 41
44 1 U 38
45 0 U 37
46 1 L 7
47 1 L 28
48 1 L 46
49 0 L 31
50 1 L 8
51
0 0 L -1
1 0 U -1
2 0 U 1
3 0 U -1
4 1 U 0
5 1 L -1
6 0 U 0
7 0 L 5
8 1 L 6
9 0 L 6
10 0 L 9
11 0 L 0
12 1 U -1
13 1 L 10
14 1 U 13
15 1 U -1
16 1 U -1
17 0 L 11
18 1 U 15
19 0 L -1
20 1 L -1
21 1 L 0
22 1 U 21
23 1 U 4
24 0 U 18
25 1 L 22
26 1 L 22
27 0 U 15
28 1 U 16
29 1 L 17
30 1 L 29
31 1 U 30
32 0 U 23
33 1 L 7
34 0 L 28
35 0 U 27
36 0 U 22
37 1 U 35
38 0 U 37
39 0 L 12
40 1 U 8
41 0 U 0
42 1 L -1
43 1 U 8
44 0 U 22
45 0 U 11
46 1 L 0
47 1 U 18
48 1 L 46
49 1 L 3
50 1 L 48
51
0 0 L -1
1 0 U -1
2 0 U 1
3 0 U -1
4 1 U 0
5 1 L -1
6 0 U 0
7 0 L 5
8 1 L 2
9 0 L 6
10 0 L 9
11 0 L 0
12 1 U -1
13 1 L 10
14 1 U 4
15 1 U -1
16 1 U -1
17 0 L 11
18 1 U 15
19 1 L -1
20 1 L -1
21 1 L 20
22 1 U 21
23 1 U 4
24 0 U 18
25 1 L 22
26 1 L 22
27 0 U 15
28 0 U 15
29 1 L 17
30 1 L 29
31 1 U 30
32 0 U 21
33 1 L 7
34 0 L 28
35 0 U 0
36 0 U 22
37 1 U 35
38 0 U 37
39 1 L 12
40 1 U 8
41 0 U 0
42 0 L -1
43 1 U 41
44 0 U 38
45 0 U 11
46 1 L 4
47 1 U 18
48 1 L 11
49 1 L 3
50 1 L 8
51
0 0 L -1
1 0 U -1
2 0 U 1
3 0 U -1
4 1 U 0
5 0 L -1
6 0 U 0
7 1 U 6
8 1 L 2
9 0 L 6
10 0 L 9
11 0 L 0
12 1 U -1
13 1 L 10
14 1 U 4
15 1 U -1
16 1 U -1
17 1 L 11
18 1 U 15
19 1 L -1
20 1 L -1
21 1 L 20
22 1 U 21
23 1 U 6
24 0 U 18
25 1 L 22
26 1 L 22
27 0 U 15
28 0 U 15
29 1 L 17
30 1 L 29
31 1 U 30
32 0 U 23
33 1 L 0
34 0 L 28
35 0 U 0
36 0 U 22
37 1 U 35
38 0 U 37
39 1 L 12
40 1 U 8
41 0 U 27
42 1 L 13
43 1 U 8
44 0 U 38
45 0 U 11
46 1 L 4
47 0 U 18
48 1 L 11
49 1 L 31
50 1 L 48
51
0 0 L -1
1 0 U -1
2 0 U 1
3 0 U -1
4 1 U 0
5 0 L -1
6 0 U 0
7 1 U 6
8 1 L 2
9 0 L 6
10 0 L 9
11 0 L 0
12 1 U -1
13 1 L 10
14 1 U 9
15 1 U -1
16 1 U -1
17 0 L 11
18 1 U 15
19 1 L -1
20 0 L -1
21 1 L 7
22 1 U 21
23 1 U 6
24 1 U 20
25 1 L 22
26 1 L 22
27 0 U 15
28 0 U 16
29 1 L 17
30 1 L 29
31 1 U 30
32 0 U 23
33 1 L 4
34 0 L 28
35 0 U 27
36 0 U 22
37 1 U 35
38 0 U 37
39 1 L 12
40 1 U 8
41 0 U 0
42 1 L 13
43 1 U 8
44 0 U 38
45 0 U 17
46 0 L 6
47 1 U 28
48 1 L 46
49 1 L 31
50 1 L 31
51
0 0 U -1
1 0 U -1
2 0 U 1
3 0 U -1
4 1 U 0
5 0 L -1
6 0 U 0
7 1 U 6
8 1 L 6
9 0 L 6
10 0 L 9
11 0 L 0
12 1 U -1
13 1 L 10
14 1 U 6
15 1 U -1
16 1 U -1
17 0 L 11
18 1 U 15
19 1 L -1
20 1 L -1
21 1 L 20
22 1 U 21
23 1 U 4
24 1 U 20
25 1 L 22
26 1 L 22
27 0 U 15
28 1 U 15
29 1 L 17
30 1 L 29
31 1 U 30
32 0 U 23
33 1 L 24
34 0 L 28
35 0 U 27
36 0 U 22
37 1 U 35
38 0 U 37
39 1 L 12
40 1 U 8
41 0 U 0
42 1 L -1
43 1 U 8
44 0 U 32
45 0 U 11
46 0 L 33
47 0 U 18
48 1 L 11
49 1 L 31
50 1 L 48
51
0 0 U -1
1 0 U -1
2 0 U 1
3 0 U -1
4 1 U 0
5 0 L -1
6 0 U 0
7 1 U 6
8 1 L 2
9 0 L 6
10 0 L 9
11 0 L 0
12 1 U -1
13 1 L 10
14 1 U 4
15 1 U -1
16 1 U -1
17 1 L 11
18 1 U 15
19 1 L -1
20 1 L -1
21 1 L 7
22 1 U 21
23 1 U 4
24 1 U 20
25 1 L 22
26 1 L 22
27 0 U 15
28 1 U 15
29 1 L 17
30 1 L 29
31 1 U 30
32 0 U 21
33 1 L 24
34 0 L 28
35 0 U 27
36 0 U 22
37 1 U 35
38 0 U 37
39 1 L 12
40 1 U 0
41 0 U 28
42 1 L -1
43 1 U 8
44 0 U 32
45 0 U 21
46 0 L 1
47 0 U 43
48 1 L 22
49 1 L 31
50 1 L 8
51
0 0 U -1
1 0 U -1
2 0 U 1
3 0 U -1
4 1 U 0
5 0 L -1
6 0 U 0
7 1 U 6
8 1 L 6
9 0 L 6
10 0 L 9
11 0 L 0
12 1 U -1
13 1 L 10
14 1 U 4
15 1 U -1
16 1 U -1
17 0 L 11
18 1 U 15
19 1 L -1
20 0 L -1
21 1 L 7
22 1 U 21
23 0 U 6
24 1 U 20
25 1 L 22
26 1 L 22
27 0 U 15
28 1 U 16
29 1 L 17
30 1 L 29
31 1 U 30
32 0 U 21
33 1 L 19
34 0 L 28
35 0 U 27
36 0 U 22
37 1 U 35
38 0 U 37
39 1 L 12
40 1 U 27
41 0 U 27
42 1 L -1
43 1 U 8
44 0 U 32
45 0 U 19
46 0 L 6
47 1 U 37
48 1 L 2
49 0 L 31
50 1 L 48
51
0 0 U -1
1 0 U -1
2 0 U 1
3 0 U -1
4 1 U 0
5 0 L -1
6 0 U 0
7 1 U 6
8 1 L 6
9 0 L 6
10 0 L 9
11 0 L 0
12 1 U -1
13 1 L 10
14 1 U 6
15 1 U -1
16 1 U -1
17 1 L 11
18 1 U 15
19 1 L -1
20 0 L -1
21 1 L 0
22 1 U 21
23 0 U 10
24 1 U 20
25 1 L 22
26 1 L 22
27 0 U 15
28 0 U 16
29 1 L 17
30 1 L 29
31 1 U 30
32 0 U 21
33 1 L 4
34 0 L 28
35 0 U 27
36 0 U 22
37 1 U 35
38 0 U 37
39 1 L 12
40 1 U 27
41 0 U 3
42 1 L -1
43 1 U 8
44 0 U 32
45 0 U 19
46 0 L 33
47 0 U 17
48 1 L 22
49 0 L 31
50 1 L 48
51
0 0 L -1
1 0 U -1
2 0 U 1
3 0 U -1
4 1 U 0
5 0 L -1
6 0 U 0
7 1 U 6
8 1 L 6
9 0 L 6
10 0 L 9
11 0 L 0
12 1 U -1
13 1 L 10
14 1 U 4
15 1 U -1
16 1 U -1
17 0 L 11
18 1 U 15
19 1 L -1
20 0 L -1
21 1 L 0
22 1 U 21
23 0 U 9
24 1 U 20
25 1 L 22
26 1 L 22
27 0 U 15
28 0 U 16
29 1 L 17
30 1 L 29
31 1 U 30
32 0 U 21
33 1 L 19
34 0 L 28
35 0 U 0
36 0 U 22
37 1 U 35
38 0 U 37
39 1 L 12
40 1 U 27
41 0 U 27
42 1 L -1
43 1 U 8
44 0 U 32
45 0 U 21
46 0 L 33
47 1 U 17
48 1 L 2
49 0 L 31
50 1 L 31
51
0 0 U -1
1 0 U -1
2 0 U 1
3 0 U -1
4 1 U 0
5 0 L -1
6 0 U 0
7 1 U 6
8 1 L 2
9 0 L 6
10 0 L 9
11 0 L 0
12 1 U -1
13 1 L 10
14 1 U 13
15 1 U -1
16 1 U -1
17 0 L 11
18 1 U 15
19 1 L -1
20 1 L -1
21 1 L 7
22 1 U 21
23 1 U 6
24 1 U 20
25 1 L 22
26 1 L 22
27 0 U 15
28 0 U 16
29 1 L 17
30 1 L 29
31 1 U 30
32 0 U 21
33 1 L 24
34 0 L 28
35 0 U 0
36 0 U 22
37 1 U 35
38 0 U 37
39 1 L 12
40 1 U 27
41 0 U 0
42 1 L -1
43 1 U 8
44 0 U 32
45 0 U 21
46 0 L 1
47 1 U 17
48 1 L 22
49 1 L 31
50 1 L 8
51
0 0 L -1
1 0 U -1
2 0 U 1
3 0 U -1
4 1 U 0
5 0 L -1
6 0 U 0
7 1 U 6
8 1 L 6
9 0 L 6
10 0 L 9
11 0 L 0
12 1 U -1
13 1 L 10
14 1 U 13
15 1 U -1
16 1 U -1
17 1 L 11
18 1 U 15
19 1 L -1
20 0 L -1
21 1 L 0
22 1 U 21
23 1 U 4
24 1 U 20
25 1 L 22
26 1 L 22
27 0 U 15
28 0 U 15
29 1 L 17
30 1 L 29
31 1 U 30
32 0 U 21
33 1 L 4
34 0 L 28
35 0 U 27
36 0 U 22
37 1 U 35
38 0 U 37
39 1 L 12
40 1 U 27
41 0 U 0
42 1 L -1
43 1 U 8
44 0 U 32
45 0 U 21
46 0 L 6
47 0 U 17
48 1 L 11
49 1 L 31
50 1 L 31
51
0 0 U -1
1 0 U -1
2 0 U 1
3 0 U -1
4 1 U 0
5 0 L -1
6 0 U 0
7 1 U 6
8 1 L 2
9 0 L 6
10 0 L 9
11 0 L 0
12 1 U -1
13 1 L 10
14 0 U 6
15 1 U -1
16 1 U -1
17 1 L 11
18 1 U 15
19 1 L -1
20 0 L -1
21 1 L 0
22 1 U 21
23 1 U 4
24 1 U 20
25 1 L 22
26 1 L 22
27 0 U 15
28 1 U 15
29 1 L 17
30 1 L 29
31 1 U 30
32 0 U 21
33 1 L 4
34 0 L 28
35 0 U 27
36 0 U 22
37 1 U 35
38 0 U 37
39 1 L 12
40 1 U 0
41 0 U 28
42 1 L -1
43 1 U 8
44 0 U 32
45 0 U 21
46 0 L 33
47 0 U 37
48 1 L 11
49 1 L 10
50 1 L 48
51
0 0 L -1
1 0 U -1
2 0 U 1
3 0 U -1
4 1 U 0
5 0 L -1
6 0 U 0
7 1 U 6
8 1 L 6
9 0 L 6
10 0 L 9
11 0 L 0
12 1 U -1
13 1 L 10
14 1 U 13
15 1 U -1
16 1 U -1
17 1 L 11
18 1 U 15
19 1 L -1
20 1 L -1
21 1 L 20
22 1 U 21
23 1 U 6
24 1 U 20
25 1 L 22
26 1 L 22
27 0 U 15
28 1 U 16
29 1 L 17
30 1 L 29
31 1 U 30
32 0 U 21
33 1 L 24
34 0 L 28
35 0 U 27
36 0 U 22
37 1 U 35
38 0 U 37
39 1 L 12
40 1 U 0
41 0 U 27
42 1 L -1
43 1 U 41
44 0 U 32
45 0 U 19
46 0 L 33
47 1 U 17
48 1 L 11
49 1 L 3
50 1 L 31
51
0 0 U -1
1 0 U -1
2 0 U 1
3 0 U -1
4 1 U 0
5 0 L -1
6 0 U 0
7 1 U 6
8 1 L 6
9 0 L 6
10 0 L 9
11 0 L 0
12 1 U -1
13 1 L 10
14 1 U 4
15 1 U -1
16 1 U -1
17 1 L 11
18 1 U 15
19 1 L -1
20 1 L -1
21 1 L 7
22 1 U 21
23 0 U 6
24 1 U 20
25 1 L 22
26 1 L 22
27 0 U 15
28 0 U 15
29 1 L 17
30 1 L 29
31 1 U 30
32 0 U 21
33 1 L 24
34 0 L 28
35 0 U 27
36 0 U 22
37 1 U 35
38 0 U 37
39 1 L 12
40 1 U 0
41 0 U 0
42 1 L -1
43 1 U 41
44 0 U 32
45 0 U 19
46 0 L 33
47 1 U 11
48 1 L 46
49 1 L 10
50 1 L 31
51
0 0 L -1
1 0 U -1
2 0 U 1
3 0 U -1
4 1 U 0
5 0 L -1
6 0 U 0
7 1 U 6
8 1 L 2
9 0 L 6
10 0 L 9
11 0 L 0
12 1 U -1
13 1 L 10
14 0 U 4
15 1 U -1
16 1 U -1
17 1 L 11
18 1 U 15
19 1 L -1
20 1 L -1
21 1 L 0
22 1 U 21
23 1 U 6
24 1 U 20
25 1 L 22
26 1 L 22
27 0 U 15
28 0 U 16
29 1 L 17
30 1 L 29
31 1 U 30
32 0 U 21
33 1 L 24
34 0 L 28
35 0 U 27
36 0 U 22
37 1 U 35
38 0 U 37
39 1 L 12
40 1 U 0
41 0 U 3
42 1 L -1
43 1 U 8
44 0 U 32
45 0 U 21
46 0 L 33
47 1 U 17
48 1 L 46
49 1 L 10
50 1 L 9
51
0 0 L -1
1 0 U -1
2 0 U 1
3 0 U -1
4 1 U 0
5 0 L -1
6 0 U 0
7 1 U 6
8 1 L 2
9 0 L 6
10 0 L 9
11 0 L 0
12 1 U -1
13 1 L 10
14 1 U 9
15 1 U -1
16 1 U -1
17 1 L 11
18 1 U 15
19 1 L -1
20 1 L -1
21 1 L 0
22 1 U 21
23 1 U 6
24 1 U 20
25 1 L 22
26 1 L 22
27 0 U 15
28 1 U 16
29 1 L 17
30 1 L 29
31 1 U 30
32 0 U 21
33 1 L 24
34 0 L 28
35 0 U 0
36 0 U 22
37 1 U 35
38 0 U 37
39 1 L 12
40 1 U 27
41 0 U 0
42 1 L -1
43 1 U 41
44 0 U 32
45 0 U 19
46 0 L 6
47 0 U 11
48 1 L 46
49 1 L 3
50 1 L 8
51
0 0 U -1
1 0 U -1
2 0 U 1
3 0 U -1
4 1 U 0
5 0 L -1
6 0 U 0
7 1 U 6
8 1 L 2
9 0 L 6
10 0 L 9
11 0 L 0
12 1 U -1
13 1 L 10
14 1 U 4
15 1 U -1
16 1 U -1
17 1 L 11
18 1 U 15
19 1 L -1
20 0 L -1
21 1 L 7
22 1 U 21
23 1 U 4
24 1 U 20
25 1 L 22
26 1 L 22
27 0 U 15
28 0 U 15
29 1 L 17
30 1 L 29
31 1 U 30
32 0 U 21
33 1 L 24
34 0 L 28
35 0 U 27
36 0 U 22
37 1 U 35
38 0 U 37
39 1 L 12
40 1 U 0
41 0 U 3
42 1 L -1
43 1 U 41
44 0 U 32
45 0 U 19
46 0 L 6
47 0 U 43
48 1 L 2
49 0 L 31
50 1 L 31
51
0 0 L -1
1 0 U -1
2 0 U 1
3 0 U -1
4 1 U 0
5 0 L -1
6 0 U 0
7 1 U 6
8 1 L 6
9 0 L 6
10 0 L 9
11 0 L 0
12 1 U -1
13 1 L 10
14 1 U 13
15 1 U -1
16 1 U -1
17 0 L 11
18 1 U 15
19 1 L -1
20 0 L -1
21 1 L 7
22 1 U 21
23 0 U 9
24 1 U 20
25 1 L 22
26 1 L 22
27 0 U 15
28 1 U 15
29 1 L 17
30 1 L 29
31 1 U 30
32 0 U 21
33 1 L 19
34 0 L 28
35 0 U 0
36 0 U 22
37 1 U 35
38 0 U 37
39 1 L 12
40 1 U 27
41 0 U 3
42 1 L -1
43 1 U 41
44 0 U 32
45 0 U 19
46 0 L 33
47 1 U 17
48 1 L 2
49 0 L 31
50 1 L 31
51
0 0 L -1
1 0 U -1
2 0 U 1
3 0 U -1
4 1 U 0
5 0 L -1
6 0 U 0
7 1 U 6
8 1 L 6
9 0 L 6
10 0 L 9
11 0 L 0
12 1 U -1
13 1 L 10
14 0 U 6
15 1 U -1
16 1 U -1
17 1 L 11
18 1 U 15
19 1 L -1
20 1 L -1
21 1 L 20
22 1 U 21
23 1 U 4
24 1 U 20
25 1 L 22
26 1 L 22
27 0 U 15
28 0 U 16
29 1 L 17
30 1 L 29
31 1 U 30
32 0 U 21
33 1 L 19
34 0 L 28
35 0 U 27
36 0 U 22
37 1 U 35
38 0 U 37
39 1 L 12
40 1 U 0
41 0 U 3
42 1 L -1
43 1 U 8
44 0 U 32
45 0 U 19
46 0 L 6
47 0 U 11
48 1 L 2
49 1 L 10
50 1 L 31
51
0 0 U -1
1 0 U -1
2 0 U 1
3 0 U -1
4 1 U 0
5 0 L -1
6 0 U 0
7 1 U 6
8 1 L 2
9 0 L 6
10 0 L 9
11 0 L 0
12 1 U -1
13 1 L 10
14 0 U 4
15 1 U -1
16 1 U -1
17 1 L 11
18 1 U 15
19 1 L -1
20 0 L -1
21 1 L 0
22 1 U 21
23 1 U 4
24 1 U 20
25 1 L 22
26 1 L 22
27 0 U 15
28 1 U 16
29 1 L 17
30 1 L 29
31 1 U 30
32 0 U 21
33 1 L 19
34 0 L 28
35 0 U 27
36 0 U 22
37 1 U 35
38 0 U 37
39 1 L 12
40 1 U 0
41 0 U 28
42 1 L -1
43 1 U 41
44 0 U 32
45 0 U 19
46 0 L 1
47 0 U 10
48 1 L 46
49 0 L 31
50 1 L 48
51
0 0 L -1
1 0 U -1
2 0 U 1
3 0 U -1
4 1 U 0
5 0 L -1
6 0 U 0
7 1 U 6
8 1 L 2
9 0 L 6
10 0 L 9
11 0 L 0
12 1 U -1
13 1 L 10
14 1 U 4
15 1 U -1
16 1 U -1
17 1 L 11
18 1 U 15
19 1 L -1
20 1 L -1
21 1 L 20
22 1 U 21
23 1 U 4
24 1 U 20
25 1 L 22
26 1 L 22
27 0 U 15
28 1 U 16
29 1 L 17
30 1 L 29
31 1 U 30
32 0 U 21
33 1 L 24
34 0 L 28
35 0 U 27
36 0 U 22
37 1 U 35
38 0 U 37
39 1 L 12
40 1 U 0
41 0 U 0
42 1 L -1
43 1 U 41
44 0 U 32
45 0 U 21
46 0 L 33
47 1 U 43
48 1 L 22
49 1 L 31
50 1 L 48
51
0 0 U -1
1 0 U -1
2 0 U 1
3 0 U -1
4 1 U 0
5 0 L -1
6 0 U 0
7 1 U 6
8 1 L 6
9 0 L 6
10 0 L 9
11 0 L 0
12 1 U -1
13 1 L 10
14 0 U 13
15 1 U -1
16 1 U -1
17 1 L 11
18 1 U 15
19 1 L -1
20 1 L -1
21 1 L 20
22 1 U 21
23 1 U 4
24 1 U 20
25 1 L 22
26 1 L 22
27 0 U 15
28 0 U 15
29 1 L 17
30 1 L 29
31 1 U 30
32 0 U 21
33 1 L 24
34 0 L 28
35 0 U 0
36 0 U 22
37 1 U 35
38 0 U 37
39 1 L 12
40 1 U 27
41 0 U 0
42 1 L -1
43 1 U 8
44 0 U 32
45 0 U 19
46 0 L 6
47 1 U 43
48 1 L 11
49 0 L 31
50 1 L 48
51
0 0 L -1
1 0 U -1
2 0 U 1
3 0 U -1
4 1 U 0
5 0 L -1
6 0 U 0
7 1 U 6
8 1 L 6
9 0 L 6
10 0 L 9
11 0 L 0
12 1 U -1
13 1 L 10
14 0 U 13
15 1 U -1
16 1 U -1
17 0 L 11
18 1 U 15
19 1 L -1
20 0 L -1
21 1 L 20
22 1 U 21
23 1 U 6
24 1 U 20
25 1 L 22
26 1 L 22
27 0 U 15
28 0 U 15
29 1 L 17
30 1 L 29
31 1 U 30
32 0 U 21
33 1 L 4
34 0 L 28
35 0 U 0
36 0 U 22
37 1 U 35
38 0 U 37
39 1 L 12
40 1 U 27
41 0 U 0
42 1 L -1
43 1 U 41
44 0 U 32
45 0 U 29
46 0 L 33
47 0 U 11
48 1 L 46
49 0 L 31
50 1 L 48
51
0 0 U -1
1 0 U -1
2 0 U 1
3 0 U -1
4 1 U 0
5 0 L -1
6 0 U 0
7 1 U 6
8 1 L 6
9 0 L 6
10 0 L 9
11 0 L 0
12 1 U -1
13 1 L 10
14 0 U 13
15 1 U -1
16 1 U -1
17 0 L 11
18 1 U 15
19 1 L -1
20 0 L -1
21 1 L 20
22 1 U 21
23 1 U 4
24 1 U 20
25 1 L 22
26 1 L 22
27 0 U 15
28 1 U 16
29 1 L 17
30 1 L 29
31 1 U 30
32 0 U 21
33 1 L 4
34 0 L 28
35 0 U 0
36 0 U 22
37 1 U 35
38 0 U 37
39 1 L 12
40 1 U 27
41 0 U 0
42 1 L -1
43 1 U 41
44 0 U 32
45 0 U 29
46 0 L 1
47 1 U 11
48 1 L 22
49 1 L 31
50 1 L 48
51
0 0 U -1
1 0 U -1
2 0 U 1
3 0 U -1
4 1 U 0
5 0 L -1
6 0 U 0
7 1 U 6
8 1 L 6
9 0 L 6
10 0 L 9
11 0 L 0
12 1 U -1
13 1 L 10
14 0 U 13
15 1 U -1
16 1 U -1
17 0 L 11
18 1 U 15
19 1 L -1
20 0 L -1
21 1 L 0
22 1 U 21
23 1 U 4
24 1 U 20
25 1 L 22
26 1 L 22
27 0 U 15
28 0 U 16
29 1 L 17
30 1 L 29
31 1 U 30
32 0 U 21
33 1 L 4
34 0 L 28
35 0 U 27
36 0 U 22
37 1 U 35
38 0 U 37
39 1 L 12
40 1 U 27
41 0 U 27
42 1 L -1
43 1 U 8
44 0 U 32
45 0 U 19
46 0 L 6
47 0 U 37
48 1 L 11
49 0 L 31
50 1 L 48
51
0 0 L -1
1 0 U -1
2 0 U 1
3 0 U -1
4 1 U 0
5 0 L -1
6 0 U 0
7 1 U 6
8 1 L 6
9 0 L 6
10 0 L 9
11 0 L 0
12 1 U -1
13 1 L 10
14 0 U 6
15 1 U -1
16 1 U -1
17 1 L 11
18 1 U 15
19 1 L -1
20 0 L -1
21 1 L 20
22 1 U 21
23 1 U 13
24 1 U 20
25 1 L 22
26 1 L 22
27 0 U 15
28 1 U 15
29 1 L 17
30 1 L 29
31 1 U 30
32 0 U 21
33 1 L 24
34 0 L 28
35 0 U 27
36 0 U 22
37 1 U 35
38 0 U 37
39 1 L 12
40 1 U 27
41 1 L 28
42 1 L -1
43 1 U 41
44 0 U 32
45 0 U 19
46 0 L 33
47 0 U 43
48 1 L 46
49 1 L 31
50 1 L 9
51
0 0 U -1
1 0 U -1
2 0 U 1
3 0 U -1
4 1 U 0
5 0 L -1
6 0 U 0
7 1 U 6
8 1 L 6
9 0 L 6
10 0 L 9
11 0 L 0
12 1 U -1
13 1 L 10
14 1 U 13
15 1 U -1
16 1 U -1
17 0 L 11
18 1 U 15
19 1 L -1
20 1 L -1
21 1 L 20
22 1 U 21
23 0 U 13
24 1 U 20
25 1 L 22
26 1 L 22
27 0 U 15
28 0 U 15
29 1 L 17
30 1 L 29
31 1 U 30
32 0 U 21
33 1 L 24
34 0 L 28
35 0 U 0
36 0 U 22
37 1 U 35
38 0 U 37
39 1 L 12
40 1 U 27
41 1 L 28
42 1 L -1
43 1 U 41
44 0 U 32
45 0 U 21
46 0 L 33
47 0 U 37
48 1 L 46
49 1 L 10
50 1 L 48
51
0 0 L -1
1 0 U -1
2 0 U 1
3 0 U -1
4 1 U 0
5 0 L -1
6 0 U 0
7 1 U 6
8 1 L 2
9 0 L 6
10 0 L 9
11 0 L 0
12 1 U -1
13 1 L 10
14 1 U 13
15 1 U -1
16 1 U -1
17 1 L 11
18 1 U 15
19 1 L -1
20 0 L -1
21 1 L 20
22 1 U 21
23 1 U 4
24 1 U 20
25 1 L 22
26 1 L 22
27 0 U 15
28 1 U 16
29 1 L 17
30 1 L 29
31 1 U 30
32 0 U 21
33 1 L 4
34 0 L 28
35 0 U 27
36 0 U 22
37 1 U 35
38 0 U 37
39 1 L 12
40 1 U 27
41 0 U 3
42 1 L -1
43 1 U 41
44 0 U 32
45 0 U 21
46 0 L 1
47 1 U 43
48 1 L 22
49 1 L 10
50 1 L 31
51
0 0 L -1
1 0 U -1
2 0 U 1
3 0 U -1
4 1 U 0
5 0 L -1
6 0 U 0
7 1 U 6
8 1 L 2
9 0 L 6
10 0 L 9
11 0 L 0
12 1 U -1
13 1 L 10
14 1 U 13
15 1 U -1
16 1 U -1
17 1 L 11
18 1 U 15
19 1 L -1
20 1 L -1
21 1 L 0
22 1 U 21
23 1 U 4
24 1 U 20
25 1 L 22
26 1 L 22
27 0 U 15
28 0 U 16
29 1 L 17
30 1 L 29
31 1 U 30
32 0 U 21
33 1 L 24
34 0 L 28
35 0 U 27
36 0 U 22
37 1 U 35
38 0 U 37
39 1 L 12
40 1 U 27
41 1 U 28
42 1 L -1
43 1 U 41
44 0 U 32
45 0 U 19
46 0 L 33
47 0 U 43
48 1 L 11
49 1 L 3
50 1 L 8
51
0 0 U -1
1 0 U -1
2 0 U 1
3 0 U -1
4 1 U 0
5 0 L -1
6 0 U 0
7 1 U 6
8 1 L 2
9 0 L 6
10 0 L 9
11 0 L 0
12 1 U -1
13 1 L 10
14 0 U 6
15 1 U -1
16 1 U -1
17 1 L 11
18 1 U 15
19 1 L -1
20 0 L -1
21 1 L 20
22 1 U 21
23 1 U 4
24 1 U 20
25 1 L 22
26 1 L 22
27 0 U 15
28 0 U 16
29 1 L 17
30 1 L 29
31 1 U 30
32 0 U 21
33 1 L 24
34 0 L 28
35 0 U 0
36 0 U 22
37 1 U 35
38 0 U 37
39 1 L 12
40 1 U 27
41 1 U 34
42 1 L -1
43 1 U 8
44 0 U 32
45 0 U 21
46 0 L 1
47 0 U 37
48 1 L 11
49 1 L 3
50 1 L 8
