86
0 0 U -1
1 0 U -1
2 0 U -1
3 0 U -1
4 0 U -1
5 0 U -1
6 0 U -1
7 0 U -1
8 0 U -1
9 0 U -1
10 0 U -1
11 0 U -1
12 0 U -1
13 0 U -1
14 0 U -1
15 0 U -1
16 0 U -1
17 0 U -1
18 0 U -1
19 0 U -1
20 0 U -1
21 0 U -1
22 0 U -1
23 0 U -1
24 0 U -1
25 0 U -1
26 0 U -1
27 0 U -1
28 0 U -1
29 0 U -1
30 0 U -1
31 0 U -1
32 0 U -1
33 0 U -1
34 0 U -1
35 0 U -1
36 0 U -1
37 0 U -1
38 0 U -1
39 0 U -1
40 0 U -1
41 0 U -1
42 0 U -1
43 0 U -1
44 0 U -1
45 0 U -1
46 0 U -1
47 0 U -1
48 0 U -1
49 0 U -1
50 0 U -1
51 0 U -1
52 0 U -1
53 0 U -1
54 0 U -1
55 0 U -1
56 0 U -1
57 0 U -1
58 0 U -1
59 0 U -1
60 0 U -1
61 0 U -1
62 0 U -1
63 0 U -1
64 0 U -1
65 0 U -1
66 0 U -1
67 0 U -1
68 0 U -1
69 0 U -1
70 0 U -1
71 0 U -1
72 0 U -1
73 0 U -1
74 0 U -1
75 0 U -1
76 0 U -1
77 0 U -1
78 0 U -1
79 0 U -1
80 0 U -1
81 0 U -1
82 0 U -1
83 0 U -1
84 0 U -1
85 0 U -1
86
0 0 U -1
1 0 U -1
2 0 U 0
3 0 L -1
4 1 U -1
5 0 U 0
6 0 U -1
7 0 U 0
8 0 U -1
9 0 L -1
10 1 U 0
11 1 U 7
12 1 L 4
13 0 U -1
14 1 U -1
15 1 U 14
16 1 L 8
17 0 L 6
18 1 U 16
19 0 L -1
20 0 U 13
21 1 U -1
22 1 U 5
23 0 U -1
24 1 U 2
25 1 L 3
26 1 U 2
27 1 U 9
28 1 U 25
29 0 U 3
30 0 U 8
31 1 L 4
32 0 L -1
33 1 U 0
34 0 L 31
35 0 L 5
36 0 U 85
37 0 L 16
38 0 U -1
39 1 U -1
40 0 L 31
41 0 U 33
42 0 U 25
43 0 L 9
44 1 U -1
45 0 L 16
46 0 L 27
47 1 U 30
48 1 U 43
49 0 L 28
50 0 L 22
51 1 U 16
52 1 L -1
53 1 U -1
54 0 L 30
55 0 L -1
56 1 U 1
57 1 L 48
58 0 L -1
59 1 U 42
60 1 U -1
61 0 L 35
62 1 U 52
63 0 L 42
64 1 U 56
65 1 U -1
66 1 U -1
67 0 L 27
68 1 L 24
69 1 U 51
70 0 U 8
71 1 U -1
72 0 U 22
73 0 U 12
74 1 L 21
75 1 L -1
76 0 L 43
77 1 U 10
78 0 U 77
79 0 U 68
80 0 L 13
81 1 L 54
82 0 U 63
83 1 L 30
84 0 U 63
85 1 U 22
