36
0 0 U -1
1 0 U -1
2 0 U -1
3 0 U -1
4 0 U -1
5 0 U -1
6 0 U -1
7 0 U -1
8 0 U -1
9 0 U -1
10 0 U -1
11 0 U -1
12 0 U -1
13 0 U -1
14 0 U -1
15 0 U -1
16 0 U -1
17 0 U -1
18 0 U -1
19 0 U -1
20 0 U -1
21 0 U -1
22 0 U -1
23 0 U -1
24 0 U -1
25 0 U -1
26 0 U -1
27 0 U -1
28 0 U -1
29 0 U -1
30 0 U -1
31 0 U -1
32 0 U -1
33 0 U -1
34 0 U -1
35 0 U -1
36
0 1 L -1
1 0 U -1
2 1 U -1
3 1 U -1
4 0 U 0
5 0 L 2
6 0 U -1
7 1 L 2
8 0 L 0
9 1 U 0
10 0 L 6
11 1 U 0
12 1 L -1
13 1 L 8
14 1 U -1
15 0 L -1
16 0 L 14
17 0 L 11
18 1 U 9
19 0 L 7
20 0 U 13
21 0 L -1
22 0 L 12
23 0 U 6
24 1 L 0
25 1 U 11
26 1 U 20
27 1 U 15
28 0 L 18
29 0 U 25
30 1 U 11
31 1 L 26
32 1 U 25
33 0 L 5
34 1 L -1
35 1 U 32
36
0 0 U -1
1 0 U -1
2 1 U -1
3 1 U -1
4 0 U 0
5 0 L 2
6 0 U -1
7 0 L 2
8 0 L 0
9 1 U 2
10 0 L 6
11 1 U 10
12 0 L -1
13 1 L 8
14 1 U -1
15 0 L -1
16 1 L 14
17 0 U 9
18 1 U 16
19 0 L 7
20 0 U 13
21 0 L -1
22 1 L 21
23 0 U 16
24 1 L 0
25 1 U 23
26 1 U 20
27 1 U 8
28 0 L 18
29 0 U 25
30 0 L 0
31 1 L 26
32 1 U 17
33 0 L 5
34 0 L -1
35 1 U 32
36
0 0 L -1
1 0 U -1
2 1 U -1
3 0 U -1
4 0 U 2
5 0 L 2
6 1 U -1
7 1 L 2
8 1 L 0
9 1 U 2
10 0 L 6
11 1 U 10
12 0 L -1
13 1 L 5
14 0 U -1
15 0 L -1
16 1 L 14
17 0 U 9
18 1 U 2
19 0 L 7
20 0 U 15
21 0 L -1
22 1 L 21
23 0 U 16
24 1 L 0
25 1 U 23
26 0 U 20
27 1 U 8
28 0 L 10
29 0 U 17
30 0 L 0
31 1 L 26
32 1 U 17
33 0 L 31
34 0 L -1
35 1 U 32
36
0 0 L -1
1 0 U -1
2 1 U -1
3 0 U -1
4 0 U 2
5 0 L 2
6 0 U -1
7 1 L 2
8 1 L 0
9 1 U 2
10 0 L 6
11 1 U 10
12 0 L -1
13 1 L 5
14 0 U -1
15 0 L -1
16 1 L 14
17 0 U 9
18 1 U 16
19 0 L 7
20 0 U 15
21 0 L -1
22 1 L 21
23 0 U 16
24 1 L 0
25 1 U 23
26 0 U 20
27 1 U 8
28 0 L 10
29 0 U 17
30 0 L 0
31 1 L 26
32 1 U 17
33 0 L 31
34 0 L -1
35 1 U 32
36
0 0 U -1
1 0 U -1
2 1 U -1
3 0 U -1
4 0 U 2
5 0 L 2
6 1 U -1
7 1 L 2
8 1 L 0
9 1 U 2
10 0 L 6
11 1 U 10
12 0 L -1
13 1 L 5
14 1 U -1
15 0 L -1
16 1 L 14
17 0 U 9
18 1 U 1
19 0 L 7
20 1 U 15
21 0 L -1
22 1 L 21
23 0 U 16
24 1 L 0
25 1 U 23
26 0 U 20
27 1 U 8
28 0 L 10
29 0 U 17
30 1 L 22
31 1 L 26
32 1 U 25
33 0 L 31
34 0 L -1
35 1 U 32
36
0 0 L -1
1 0 U -1
2 1 U -1
3 0 U -1
4 0 U 0
5 0 L 2
6 0 U -1
7 1 L 2
8 1 L 0
9 1 U 0
10 0 L 6
11 1 U 10
12 1 L -1
13 1 L 5
14 1 U -1
15 0 L -1
16 1 L 14
17 0 U 9
18 1 U 2
19 0 L 7
20 0 U 15
21 0 L -1
22 1 L 21
23 0 U 16
24 1 L 22
25 1 U 23
26 1 U 20
27 1 U 8
28 0 L 10
29 0 U 17
30 0 L 22
31 1 L 4
32 1 U 17
33 0 L 31
34 0 L -1
35 1 U 32
36
0 0 U -1
1 0 U -1
2 1 U -1
3 0 U -1
4 0 U 0
5 0 L 2
6 1 U -1
7 0 L 2
8 0 L 0
9 1 U 6
10 0 L 8
11 1 U 0
12 1 L -1
13 1 L 5
14 1 U -1
15 0 L -1
16 0 L 14
17 1 U 11
18 0 L 0
19 0 L 7
20 0 U 13
21 0 L -1
22 1 L 21
23 0 U 16
24 1 L 0
25 1 U 9
26 1 U 20
27 1 U 5
28 0 L 17
29 0 U 25
30 0 L 29
31 1 L 4
32 1 U 30
33 0 L 31
34 0 L -1
35 1 U 29
36
0 1 U -1
1 0 U -1
2 1 U -1
3 0 U -1
4 0 U 2
5 0 L 2
6 0 U -1
7 0 L 2
8 0 L 0
9 1 U 2
10 0 L 8
11 1 U 0
12 0 L -1
13 1 L 5
14 0 U -1
15 1 L -1
16 0 L 14
17 1 U 11
18 0 L 15
19 0 L 7
20 0 U 13
21 0 L -1
22 1 L 21
23 0 U 14
24 1 L 0
25 1 U 23
26 0 U 20
27 1 U 10
28 0 L 17
29 0 U 25
30 1 L 29
31 1 L 4
32 1 U 30
33 0 L 31
34 1 U -1
35 1 U 15
36
0 1 L -1
1 0 U -1
2 1 U -1
3 1 U -1
4 0 U 2
5 0 L 2
6 0 U -1
7 0 L 2
8 0 L 0
9 1 U 3
10 0 L 8
11 1 U 2
12 1 L -1
13 1 L 5
14 1 U -1
15 1 L -1
16 0 L 14
17 1 U 4
18 0 L 0
19 0 L 7
20 0 U 13
21 0 L -1
22 1 L 21
23 0 U 6
24 1 L 22
25 1 U 9
26 0 U 20
27 1 U 5
28 0 L 17
29 0 U 25
30 1 L 29
31 1 L 26
32 1 U 9
33 0 L 31
34 0 U 10
35 1 L 29
36
0 0 U -1
1 0 U -1
2 1 U -1
3 1 U -1
4 0 U 2
5 0 L 2
6 1 U -1
7 0 L 2
8 0 L 0
9 1 U 3
10 0 L 8
11 1 U 2
12 0 L -1
13 1 L 5
14 1 U -1
15 0 L -1
16 0 L 14
17 1 U 4
18 0 L -1
19 0 L 7
20 0 U 13
21 0 L -1
22 1 L 21
23 0 U 6
24 1 L 22
25 1 U 23
26 1 U 20
27 1 U 5
28 0 L 17
29 0 U 25
30 0 U 16
31 1 L 4
32 1 U 23
33 0 L 31
34 0 U 5
35 1 L 25
36
0 0 U -1
1 0 U -1
2 1 U -1
3 1 U -1
4 0 U 2
5 0 L 2
6 0 U -1
7 0 L 2
8 1 L 0
9 1 L 0
10 0 L 6
11 1 U 2
12 0 L -1
13 1 L 5
14 1 U -1
15 0 L -1
16 0 L 14
17 1 U 3
18 0 L -1
19 0 L 1
20 0 U 13
21 0 L -1
22 1 L 21
23 0 U 10
24 1 L 0
25 1 U 23
26 0 U 20
27 1 U 8
28 0 L 17
29 0 U 25
30 1 U 10
31 1 L 26
32 1 U 11
33 0 L 31
34 0 U 32
35 1 L 23
36
0 0 L -1
1 0 U -1
2 1 U -1
3 0 U -1
4 0 U 2
5 0 L 2
6 1 U -1
7 0 L 2
8 1 L 0
9 1 L 0
10 1 U 6
11 1 U 2
12 0 L -1
13 1 L 5
14 1 U -1
15 0 L -1
16 0 L 14
17 1 U 4
18 0 L -1
19 1 L 9
20 0 U 13
21 0 L -1
22 1 L 21
23 0 U 3
24 1 L 0
25 1 U 23
26 1 U 20
27 0 U 15
28 0 L 17
29 0 U 25
30 1 U 5
31 1 L 26
32 1 U 6
33 0 L 31
34 0 U 32
35 1 L 25
36
0 0 L -1
1 0 U -1
2 1 U -1
3 0 U -1
4 0 U 2
5 0 L 2
6 0 U -1
7 0 L 2
8 0 L 0
9 1 L 0
10 1 U 6
11 1 U 0
12 0 L -1
13 1 L 5
14 0 U -1
15 0 L -1
16 1 L 14
17 1 U 4
18 0 L -1
19 1 L -1
20 1 U 13
21 1 L -1
22 1 L 8
23 0 U 2
24 1 L 18
25 1 L 17
26 1 U 20
27 1 U 17
28 0 L 17
29 1 U 25
30 1 U 17
31 1 L 26
32 1 U 3
33 0 L 31
34 1 U 32
35 1 L 25
36
0 1 U -1
1 0 U -1
2 1 U -1
3 0 U -1
4 0 U 2
5 0 L 2
6 0 U -1
7 0 L 2
8 0 L 0
9 1 L 0
10 1 U 1
11 1 U 0
12 0 L -1
13 1 L 5
14 1 U -1
15 0 L -1
16 1 L 14
17 1 U 11
18 0 L -1
19 1 U -1
20 1 U 13
21 0 L -1
22 1 L 8
23 0 U 0
24 0 L 21
25 1 L 17
26 0 U 20
27 1 U 5
28 0 L 17
29 1 U 17
30 1 U 17
31 0 L 26
32 1 U 14
33 0 L 31
34 0 U 32
35 1 L 29
36
0 1 L -1
1 0 U -1
2 1 U -1
3 1 U -1
4 0 U 2
5 0 L 2
6 0 U -1
7 0 L 2
8 0 L 0
9 1 L 0
10 1 U 2
11 1 U 0
12 0 L -1
13 1 L 5
14 0 U -1
15 0 L -1
16 1 L 14
17 1 U 4
18 0 L -1
19 1 U -1
20 1 U 13
21 0 L -1
22 1 L 8
23 0 L 14
24 0 L 21
25 1 L 14
26 0 U 20
27 1 U 5
28 0 L 17
29 1 U 17
30 1 U 25
31 0 L 26
32 1 U 0
33 0 L 31
34 1 U -1
35 1 L 29
36
0 0 U -1
1 0 U -1
2 1 U -1
3 1 U -1
4 0 U 2
5 0 L 2
6 0 U -1
7 0 L 2
8 0 L 0
9 1 L 0
10 1 U 1
11 1 U 2
12 0 L -1
13 1 L 5
14 0 U -1
15 0 L -1
16 1 L 14
17 1 U 11
18 0 L -1
19 0 U -1
20 0 U 13
21 0 L -1
22 1 L 8
23 0 L 14
24 0 L 21
25 1 L 17
26 1 U 20
27 1 U 17
28 0 L 17
29 1 U 25
30 1 U 17
31 0 L 26
32 1 U 3
33 0 L 31
34 1 U -1
35 1 L 25
36
0 0 U -1
1 0 U -1
2 1 U -1
3 1 U -1
4 0 U 2
5 0 L 2
6 0 U -1
7 0 L 2
8 0 L 0
9 1 L 0
10 1 U 3
11 1 U 2
12 0 L -1
13 1 L 5
14 0 U -1
15 0 L -1
16 1 L 14
17 1 U 4
18 0 L -1
19 0 U -1
20 0 U 13
21 0 L -1
22 1 L 8
23 0 L 14
24 0 L 21
25 1 L 14
26 0 U 20
27 1 U 17
28 0 L 17
29 1 U 25
30 1 U 12
31 0 L 26
32 1 U 14
33 0 L 31
34 1 U -1
35 1 L 25
36
0 0 L -1
1 0 U -1
2 1 U -1
3 1 U -1
4 0 U 2
5 0 L 2
6 0 U -1
7 0 L 2
8 0 L 0
9 1 L 0
10 1 U 2
11 1 U 2
12 1 L -1
13 1 L 5
14 0 U -1
15 0 L -1
16 1 L 14
17 1 U 4
18 0 L -1
19 0 U -1
20 0 U 13
21 0 L -1
22 1 L 8
23 0 L 17
24 0 L 21
25 1 L 14
26 1 U 20
27 1 U 17
28 0 L 17
29 1 U 25
30 1 U 5
31 0 L 26
32 1 U 19
33 0 L 31
34 0 U 32
35 1 L 29
36
0 0 L -1
1 0 U -1
2 1 U -1
3 1 U -1
4 0 U 2
5 0 L 2
6 0 U -1
7 0 L 2
8 0 L 0
9 1 L 0
10 1 U 1
11 1 U 2
12 1 L -1
13 1 L 5
14 1 U -1
15 0 L -1
16 1 L 14
17 1 U 11
18 0 L -1
19 0 U -1
20 0 U 13
21 0 L -1
22 1 L 8
23 0 U 0
24 0 L 21
25 1 L 17
26 0 U 20
27 1 U 17
28 0 L 17
29 1 U 25
30 1 U 25
31 0 L 26
32 1 U 19
33 0 L 31
34 1 U 11
35 1 L 25
36
0 0 L -1
1 0 U -1
2 1 U -1
3 1 U -1
4 0 U 2
5 0 L 2
6 0 U -1
7 0 L 2
8 0 L 0
9 1 L 0
10 1 U 0
11 1 U 2
12 1 L -1
13 1 L 5
14 0 U -1
15 0 L -1
16 1 L 14
17 1 U 4
18 0 L -1
19 0 U -1
20 0 U 13
21 0 L -1
22 1 L 8
23 0 U 16
24 0 L 21
25 1 L 17
26 0 U 20
27 1 U 17
28 0 L 17
29 1 U 25
30 1 U 5
31 0 L 26
32 1 U 19
33 0 L 31
34 0 U 10
35 1 L 28
36
0 0 U -1
1 0 U -1
2 1 U -1
3 1 U -1
4 0 U 2
5 0 L 2
6 1 U -1
7 0 L 2
8 0 L 0
9 1 L 0
10 1 U 2
11 1 U 2
12 0 L -1
13 1 L 5
14 0 U -1
15 0 L -1
16 0 L 14
17 1 U 4
18 0 L -1
19 1 U -1
20 0 U 13
21 0 L -1
22 1 L 8
23 0 U 1
24 0 L 21
25 1 L 17
26 0 U 20
27 1 U 5
28 0 L 17
29 1 U 25
30 1 U 25
31 0 L 26
32 1 U 19
33 0 L 31
34 1 U 11
35 1 U 30
36
0 0 U -1
1 0 U -1
2 1 U -1
3 1 U -1
4 0 U 2
5 0 L 2
6 1 U -1
7 0 L 2
8 0 L 0
9 1 L 0
10 1 U 0
11 1 U 2
12 0 L -1
13 1 L 5
14 0 U -1
15 0 L -1
16 0 L 14
17 1 U 11
18 0 L -1
19 1 U -1
20 0 U 13
21 0 L -1
22 1 L 8
23 0 U 0
24 0 L 21
25 1 L 17
26 0 U 20
27 1 U 5
28 0 L 17
29 1 U 17
30 1 U 17
31 0 L 26
32 1 U 19
33 0 L 31
34 0 U 23
35 1 U 30
36
0 0 L -1
1 0 U -1
2 1 U -1
3 1 U -1
4 0 U 2
5 0 L 2
6 1 U -1
7 0 L 2
8 0 L 0
9 1 L 0
10 0 U 6
11 1 U 2
12 0 L -1
13 1 L 5
14 1 U -1
15 0 L -1
16 1 L 14
17 1 U 4
18 0 L -1
19 0 U -1
20 0 U 13
21 0 L -1
22 1 L 8
23 0 U 16
24 0 L 21
25 1 U 10
26 0 U 20
27 1 U 5
28 0 L 11
29 1 U 17
30 1 U 17
31 0 L 26
32 1 U 19
33 0 L 31
34 0 U 10
35 1 U 30
36
0 0 U -1
1 0 U -1
2 1 U -1
3 1 U -1
4 0 U 2
5 0 L 2
6 0 U -1
7 0 L 2
8 0 L 0
9 1 L 0
10 1 U 0
11 1 U 2
12 1 L -1
13 1 L 5
14 0 U -1
15 0 L -1
16 1 L 14
17 1 U 11
18 0 L -1
19 0 U -1
20 0 U 13
21 0 L -1
22 1 L 8
23 0 U 16
24 0 L 21
25 1 U 11
26 0 U 20
27 1 U 17
28 0 L 17
29 1 U 25
30 1 U 5
31 0 L 26
32 1 U 19
33 0 L 31
34 1 U 32
35 1 U 30
36
0 0 U -1
1 0 U -1
2 1 U -1
3 1 U -1
4 0 U 2
5 0 L 2
6 0 U -1
7 0 L 2
8 0 L 0
9 1 L 0
10 1 U 1
11 1 U 2
12 1 L -1
13 1 L 5
14 1 U -1
15 0 L -1
16 0 L 14
17 1 U 11
18 0 L -1
19 0 U -1
20 0 U 13
21 0 L -1
22 1 L 8
23 0 U 6
24 0 L 21
25 1 U 11
26 0 U 20
27 1 U 17
28 0 L 17
29 1 U 25
30 1 U 5
31 0 L 26
32 1 U 19
33 0 L 31
34 0 U 32
35 1 U 30
36
0 0 L -1
1 0 U -1
2 1 U -1
3 1 U -1
4 0 U 2
5 0 L 2
6 0 U -1
7 0 L 2
8 0 L 0
9 1 L 0
10 1 U 3
11 1 U 2
12 0 L -1
13 1 L 5
14 0 U -1
15 0 L -1
16 0 L 14
17 1 U 4
18 0 L -1
19 1 U -1
20 0 U 13
21 0 L -1
22 1 L 8
23 0 U 16
24 0 L 21
25 1 U 23
26 0 U 20
27 0 U 17
28 1 L 17
29 0 U 25
30 1 U 17
31 0 L 26
32 1 U 19
33 0 L 31
34 0 U 32
35 1 U 18
36
0 0 L -1
1 0 U -1
2 1 U -1
3 1 U -1
4 0 U 2
5 0 L 2
6 0 U -1
7 0 L 2
8 0 L 0
9 1 L 0
10 1 U 2
11 1 U 2
12 0 L -1
13 1 L 5
14 0 U -1
15 0 L -1
16 0 L 14
17 1 U 11
18 0 L -1
19 0 U -1
20 0 U 13
21 0 L -1
22 1 L 8
23 0 U 16
24 0 L 21
25 1 U 23
26 0 U 20
27 0 U 8
28 0 L 14
29 0 U 25
30 0 U 17
31 0 L 26
32 1 U 19
33 0 L 31
34 1 U 4
35 1 U 29
36
0 0 U -1
1 0 U -1
2 1 U -1
3 1 U -1
4 0 U 2
5 0 L 2
6 0 U -1
7 0 L 2
8 0 L 0
9 0 L 0
10 1 U 2
11 1 U 0
12 0 L -1
13 1 L 5
14 0 U -1
15 0 L -1
16 0 L 14
17 1 U 4
18 0 L -1
19 0 U -1
20 1 U 13
21 0 L -1
22 1 L 8
23 0 U 16
24 0 L 21
25 1 U 23
26 0 U 20
27 0 U 8
28 0 L 17
29 0 U 25
30 0 U 5
31 0 L 26
32 1 U 19
33 0 L 31
34 0 U 25
35 1 U 30
36
0 0 L -1
1 0 U -1
2 1 U -1
3 1 U -1
4 0 U 0
5 0 L 2
6 1 U -1
7 0 L 2
8 0 L 0
9 1 L 0
10 1 U 2
11 1 U 1
12 0 L -1
13 1 L 5
14 0 U -1
15 0 L -1
16 0 L 14
17 1 U 4
18 0 L -1
19 0 U -1
20 1 U 13
21 0 L -1
22 1 L 8
23 0 U 3
24 0 L 21
25 1 U 23
26 0 U 20
27 0 U 22
28 0 L 14
29 0 U 25
30 0 U 5
31 0 L 26
32 1 U 3
33 0 L 31
34 0 U 32
35 1 U 18
36
0 1 U -1
1 0 U -1
2 1 U -1
3 1 U -1
4 0 U 2
5 0 L 2
6 0 U -1
7 0 L 2
8 0 L 0
9 0 L 0
10 1 U 0
11 1 U 1
12 1 L -1
13 1 L 5
14 0 U -1
15 0 L -1
16 0 L 14
17 1 U 11
18 0 L -1
19 0 U -1
20 0 U 13
21 0 L -1
22 1 L 8
23 0 U 6
24 0 L 21
25 1 U 23
26 0 U 20
27 0 U 22
28 0 L 17
29 0 U 25
30 0 U 5
31 0 L 26
32 1 U 14
33 0 L 31
34 0 U 12
35 1 U 30
36
0 0 U -1
1 0 U -1
2 1 U -1
3 1 U -1
4 0 U 2
5 0 L 2
6 0 U -1
7 0 L 2
8 0 L 0
9 1 L 0
10 1 U 3
11 1 U 2
12 0 L -1
13 1 L 5
14 1 U -1
15 0 L -1
16 0 L 14
17 1 U 11
18 0 L -1
19 1 U -1
20 0 U 13
21 0 L -1
22 1 L 8
23 0 U 14
24 0 L 21
25 1 U 23
26 0 U 20
27 1 U 17
28 0 L 17
29 0 U 25
30 0 U 5
31 0 L 26
32 1 U 14
33 0 L 31
34 1 U 32
35 1 U 29
36
0 0 U -1
1 0 U -1
2 1 U -1
3 1 U -1
4 0 U 2
5 0 L 2
6 1 U -1
7 0 L 2
8 0 L 0
9 1 L 0
10 1 U 1
11 1 U 2
12 1 L -1
13 1 L 5
14 1 U -1
15 0 L -1
16 0 L 14
17 1 U 11
18 0 L -1
19 1 U -1
20 0 U 13
21 0 L -1
22 1 L 8
23 0 U 14
24 0 L 21
25 1 U 23
26 0 U 20
27 1 U 17
28 0 L 17
29 0 U 25
30 1 U 5
31 0 L 26
32 1 U 16
33 0 L 31
34 1 U 32
35 1 U 30
36
0 0 L -1
1 0 U -1
2 1 U -1
3 0 U -1
4 0 U 2
5 0 L 2
6 0 U -1
7 0 L 2
8 0 L 0
9 1 L 0
10 1 U 6
11 1 U 2
12 0 L -1
13 1 L 5
14 1 U -1
15 0 L -1
16 0 L 14
17 1 U 11
18 0 L -1
19 0 U 13
20 0 U 13
21 0 L -1
22 1 L 8
23 0 U 3
24 0 L 21
25 1 U 23
26 0 U 20
27 1 U 5
28 0 L 17
29 0 U 25
30 1 U 17
31 0 L 26
32 1 U 6
33 0 L 31
34 0 U 32
35 1 U 18
36
0 0 U -1
1 0 U -1
2 1 U -1
3 0 U -1
4 0 U 2
5 0 L 2
6 1 U -1
7 0 L 2
8 0 L 0
9 1 U 1
10 0 L 6
11 1 U 2
12 1 L -1
13 1 L 5
14 0 U -1
15 0 L -1
16 0 L 14
17 1 U 11
18 0 L -1
19 0 U 13
20 0 U 13
21 0 L -1
22 1 L 8
23 0 U 14
24 0 L 21
25 1 U 23
26 0 U 20
27 1 U 5
28 0 L 10
29 0 U 25
30 0 U 5
31 0 L 26
32 1 U 16
33 0 L 31
34 0 U 32
35 1 U 18
36
0 0 L -1
1 0 U -1
2 1 U -1
3 0 U -1
4 0 U 2
5 0 L 2
6 1 U -1
7 0 L 2
8 0 L 0
9 0 U 6
10 0 L 6
11 1 U 2
12 0 L -1
13 1 L 5
14 0 U -1
15 0 L -1
16 0 L 14
17 1 U 4
18 0 L -1
19 0 U 13
20 0 U 13
21 0 L -1
22 1 L 8
23 0 U 14
24 0 L 21
25 1 U 9
26 0 U 20
27 1 U 5
28 0 L 10
29 0 U 25
30 0 U 5
31 0 L 26
32 0 U 3
33 0 L 31
34 0 U 11
35 1 U 18
36
0 0 L -1
1 0 U -1
2 1 U -1
3 0 U -1
4 0 U 2
5 0 L 2
6 1 U -1
7 0 L 2
8 0 L 0
9 1 U 6
10 0 L 6
11 1 U 0
12 0 L -1
13 1 L 5
14 0 U -1
15 1 L -1
16 0 L 14
17 1 U 4
18 0 L 15
19 0 U 13
20 0 U 13
21 0 L -1
22 1 L 8
23 0 U 14
24 1 L 21
25 1 U 23
26 1 U 20
27 1 U 5
28 0 L 10
29 0 U 25
30 1 U 5
31 0 L 2
32 1 U 3
33 0 L 31
34 0 U 32
35 1 U 30
36
0 1 L -1
1 0 U -1
2 1 U -1
3 0 U -1
4 0 U 2
5 0 L 2
6 1 U -1
7 0 L 2
8 0 L 0
9 1 U 1
10 0 L 6
11 1 U 0
12 1 L -1
13 1 L 5
14 0 U -1
15 1 L -1
16 0 L 14
17 1 U 4
18 0 L 15
19 0 U 13
20 1 U 13
21 0 L -1
22 1 L 8
23 0 U 14
24 1 L 21
25 1 U 23
26 0 U 20
27 1 U 5
28 0 L 10
29 0 U 25
30 1 U 5
31 0 L 2
32 1 U 16
33 0 L 9
34 1 U 32
35 1 U 30
36
0 1 L -1
1 0 U -1
2 1 U -1
3 0 U -1
4 0 U 2
5 0 L 2
6 1 U -1
7 0 L 2
8 0 L 0
9 1 U 1
10 0 L 6
11 1 U 0
12 1 L -1
13 1 L 5
14 0 U -1
15 0 L -1
16 0 L 14
17 1 U 4
18 0 L 12
19 0 U 13
20 1 U 13
21 0 L -1
22 1 L 8
23 0 U 14
24 0 L 21
25 1 U 23
26 1 U 20
27 1 U 5
28 0 L 10
29 0 U 25
30 1 U 5
31 0 L 22
32 1 U 16
33 0 L 9
34 1 U 32
35 1 U 30
36
0 0 U -1
1 0 U -1
2 1 U -1
3 0 U -1
4 0 U 2
5 0 L 2
6 0 U -1
7 0 L 2
8 0 L 0
9 1 U 0
10 0 L 6
11 1 U 1
12 0 L -1
13 1 L 5
14 0 U -1
15 1 L -1
16 0 L 14
17 1 U 11
18 0 L 12
19 0 U 13
20 1 U 13
21 0 L -1
22 1 L 8
23 0 U 14
24 1 L 21
25 1 U 23
26 0 U 20
27 1 U 17
28 0 L 10
29 0 U 25
30 1 U 5
31 0 L 22
32 1 U 6
33 0 L 31
34 0 U 32
35 1 U 30
36
0 0 L -1
1 0 U -1
2 1 U -1
3 1 U -1
4 0 U 0
5 0 L 2
6 0 U -1
7 0 L 2
8 0 L 0
9 0 U 2
10 0 L 6
11 1 U 1
12 1 L -1
13 1 L 5
14 1 U -1
15 0 L -1
16 0 L 14
17 1 U 9
18 0 L 12
19 0 U 15
20 0 U 13
21 0 L -1
22 1 L 8
23 0 U 10
24 1 L 21
25 1 U 23
26 1 U 20
27 1 U 17
28 0 L 17
29 0 U 25
30 1 U 17
31 0 L 26
32 0 U 16
33 0 L 31
34 0 U 9
35 1 U 30
36
0 0 U -1
1 0 U -1
2 1 U -1
3 1 U -1
4 0 U 2
5 0 L 2
6 1 U -1
7 1 L 2
8 0 L 0
9 0 U 3
10 0 L 6
11 1 U 1
12 1 L -1
13 1 L 5
14 1 U -1
15 0 L -1
16 0 L 14
17 1 U 11
18 0 L 12
19 0 U 15
20 0 U 13
21 0 L -1
22 1 L 8
23 0 U 14
24 0 L 21
25 1 U 23
26 0 U 20
27 1 U 17
28 0 L 17
29 0 U 25
30 1 U 17
31 0 L 26
32 1 U 6
33 0 L 31
34 1 U 32
35 1 U 18
36
0 0 L -1
1 0 U -1
2 1 U -1
3 1 U -1
4 0 U 2
5 0 L 2
6 0 U -1
7 1 L 2
8 0 L 0
9 0 U 3
10 0 L 6
11 1 U 1
12 1 L -1
13 1 L 5
14 0 U -1
15 1 L -1
16 0 L 14
17 1 U 11
18 0 L 15
19 0 U 13
20 1 U 13
21 0 L -1
22 1 L 8
23 0 U 3
24 1 L 21
25 1 U 23
26 0 U 20
27 1 U 5
28 0 L 10
29 0 U 25
30 0 U 17
31 0 L 26
32 1 U 16
33 0 L 31
34 0 U 32
35 1 U 30
36
0 0 L -1
1 0 U -1
2 1 U -1
3 1 U -1
4 0 U 2
5 0 L 2
6 0 U -1
7 0 L 2
8 0 L 0
9 1 U 0
10 0 L 6
11 1 U 0
12 0 L -1
13 1 L 5
14 1 U -1
15 1 L -1
16 0 L 14
17 1 U 4
18 0 L 15
19 0 U 13
20 1 U 13
21 0 L -1
22 1 L 8
23 0 U 10
24 1 L 21
25 1 U 23
26 0 U 20
27 1 U 5
28 0 L 10
29 0 U 25
30 1 U 17
31 0 L 26
32 1 U 10
33 0 L 3
34 0 U 32
35 1 U 30
36
0 1 U -1
1 0 U -1
2 1 U -1
3 1 U -1
4 0 U 2
5 0 L 2
6 1 U -1
7 0 L 2
8 0 L 0
9 0 U 3
10 0 L 6
11 1 U 2
12 1 L -1
13 1 L 5
14 1 U -1
15 0 L -1
16 0 L 14
17 1 U 11
18 0 L -1
19 0 U 13
20 0 U 13
21 0 L -1
22 1 L 8
23 0 U 10
24 0 L 21
25 1 U 23
26 0 U 20
27 1 U 17
28 0 L 17
29 0 U 25
30 1 U 17
31 0 L 22
32 0 U 16
33 0 L 31
34 0 U 23
35 1 U 18
36
0 0 U -1
1 0 U -1
2 1 U -1
3 1 U -1
4 0 U 2
5 0 L 2
6 1 U -1
7 0 L 2
8 0 L 0
9 0 U 3
10 0 L 6
11 1 U 2
12 1 L -1
13 1 L 5
14 1 U -1
15 0 L -1
16 0 L 14
17 1 U 4
18 0 L 12
19 0 U 13
20 0 U 13
21 0 L -1
22 1 L 8
23 0 U 10
24 0 L 21
25 1 U 23
26 0 U 20
27 1 U 17
28 0 L 17
29 0 U 25
30 1 U 17
31 0 L 26
32 0 U 14
33 0 L 31
34 1 U 11
35 1 U 18
36
0 0 L -1
1 0 U -1
2 1 U -1
3 1 U -1
4 0 U 2
5 0 L 2
6 1 U -1
7 0 L 2
8 0 L 0
9 0 U 3
10 0 L 6
11 1 U 2
12 1 L -1
13 1 L 5
14 1 U -1
15 0 L -1
16 0 L 14
17 1 U 11
18 0 L -1
19 0 U 13
20 0 U 13
21 0 L -1
22 1 L 8
23 0 U 10
24 0 L 21
25 1 U 23
26 0 U 20
27 1 U 17
28 0 L 17
29 0 U 25
30 1 U 17
31 0 L 26
32 0 U 14
33 0 L 31
34 1 U 23
35 1 U 18
36
0 0 U -1
1 0 U -1
2 1 U -1
3 1 U -1
4 0 U 2
5 0 L 2
6 0 U -1
7 0 L 2
8 0 L 0
9 0 U 3
10 0 L 6
11 1 U 2
12 0 L -1
13 1 L 5
14 1 U -1
15 1 L -1
16 0 L 14
17 1 U 4
18 0 L 12
19 0 U 13
20 0 U 13
21 0 L -1
22 1 L 8
23 0 U 10
24 1 L 21
25 1 U 23
26 0 U 20
27 1 U 17
28 0 L 10
29 0 U 25
30 1 U 5
31 0 L 26
32 0 U 14
33 0 L 3
34 1 U 9
35 1 U 30
36
0 0 U -1
1 0 U -1
2 1 U -1
3 1 U -1
4 0 U 2
5 0 L 2
6 1 U -1
7 0 L 2
8 0 L 0
9 0 U 3
10 0 L 6
11 1 U 2
12 0 L -1
13 1 L 5
14 0 U -1
15 1 L -1
16 0 L 14
17 1 U 4
18 0 L 15
19 0 U 13
20 0 U 13
21 0 L -1
22 1 L 8
23 0 U 3
24 1 L 21
25 1 U 23
26 0 U 20
27 1 U 5
28 0 L 17
29 0 U 25
30 1 U 5
31 0 L 26
32 0 U 6
33 0 L 31
34 1 U 23
35 1 U 30
36
0 0 U -1
1 0 U -1
2 1 U -1
3 1 U -1
4 0 U 2
5 0 L 2
6 1 U -1
7 0 L 2
8 0 L 0
9 0 U 3
10 0 L 6
11 1 U 2
12 0 L -1
13 1 L 5
14 1 U -1
15 1 L -1
16 0 L 14
17 1 U 4
18 0 L 15
19 0 U 13
20 0 U 13
21 0 L -1
22 1 L 8
23 0 U 3
24 1 L 21
25 1 U 23
26 0 U 20
27 1 U 5
28 0 L 10
29 0 U 25
30 1 U 5
31 0 L 26
32 0 U 6
33 0 L 31
34 0 U 9
35 1 U 30
36
0 0 L -1
1 0 U -1
2 1 U -1
3 1 U -1
4 0 U 2
5 0 L 2
6 0 U -1
7 0 L 2
8 0 L 0
9 0 U 3
10 0 L 6
11 1 U 2
12 1 L -1
13 1 L 5
14 1 U -1
15 1 L -1
16 0 L 14
17 1 U 4
18 0 L 15
19 0 U 13
20 0 U 13
21 0 L -1
22 1 L 8
23 0 U 3
24 0 L 21
25 1 U 23
26 1 U 20
27 1 U 17
28 0 L 17
29 0 U 25
30 1 U 5
31 0 L 26
32 0 U 14
33 0 L 31
34 1 U 4
35 1 U 30
36
0 0 U -1
1 0 U -1
2 1 U -1
3 1 U -1
4 0 U 2
5 0 L 2
6 0 U -1
7 0 L 2
8 0 L 0
9 0 U 3
10 0 L 6
11 1 U 2
12 0 L -1
13 1 L 5
14 1 U -1
15 1 L -1
16 0 L 14
17 1 U 11
18 0 L 12
19 0 U 13
20 0 U 13
21 0 L -1
22 1 L 8
23 0 U 3
24 1 L 21
25 1 U 23
26 1 U 20
27 1 U 5
28 0 L 17
29 0 U 25
30 1 U 5
31 0 L 26
32 0 U 16
33 0 L 31
34 0 U 9
35 1 U 30
36
0 0 U -1
1 0 U -1
2 1 U -1
3 1 U -1
4 0 U 2
5 0 L 2
6 0 U -1
7 0 L 2
8 0 L 0
9 0 U 3
10 0 L 6
11 1 U 2
12 1 L -1
13 1 L 5
14 1 U -1
15 1 L -1
16 0 L 14
17 1 U 11
18 0 L 12
19 0 U 13
20 0 U 13
21 0 L -1
22 1 L 8
23 0 U 10
24 1 L 21
25 1 U 23
26 1 U 20
27 1 U 5
28 0 L 10
29 0 U 25
30 1 U 5
31 0 L 26
32 0 U 16
33 0 L 3
34 1 U 11
35 1 U 30
36
0 0 L -1
1 0 U -1
2 1 U -1
3 1 U -1
4 0 U 2
5 0 L 2
6 1 U -1
7 0 L 2
8 0 L 0
9 0 U 3
10 0 L 6
11 1 U 2
12 0 L -1
13 1 L 5
14 1 U -1
15 1 L -1
16 0 L 14
17 1 U 4
18 0 L 15
19 0 U 13
20 0 U 13
21 0 L -1
22 1 L 8
23 0 U 10
24 1 L 21
25 1 U 23
26 0 U 20
27 1 U 5
28 0 L 17
29 0 U 25
30 1 U 5
31 0 L 26
32 0 U 14
33 0 L 3
34 0 U 32
35 1 U 30
36
0 0 L -1
1 0 U -1
2 1 U -1
3 1 U -1
4 0 U 2
5 0 L 2
6 0 U -1
7 0 L 2
8 0 L 0
9 0 U 3
10 0 L 6
11 1 U 2
12 1 L -1
13 1 L 5
14 0 U -1
15 1 L -1
16 0 L 14
17 1 U 11
18 0 L 15
19 0 U 13
20 0 U 13
21 0 L -1
22 1 L 8
23 0 U 14
24 1 L 21
25 1 U 23
26 0 U 20
27 1 U 5
28 0 L 17
29 0 U 25
30 1 U 25
31 0 L 22
32 0 U 16
33 0 L 31
34 1 U 23
35 1 U 18
36
0 0 L -1
1 0 U -1
2 1 U -1
3 1 U -1
4 0 U 2
5 0 L 2
6 1 U -1
7 0 L 2
8 0 L 0
9 0 U 3
10 0 L 6
11 1 U 2
12 1 L -1
13 1 L 5
14 0 U -1
15 1 L -1
16 0 L 14
17 1 U 11
18 0 L 15
19 0 U 13
20 0 U 13
21 0 L -1
22 1 L 8
23 0 U 14
24 1 L 21
25 1 U 23
26 1 U 20
27 1 U 5
28 0 L 17
29 0 U 25
30 1 U 25
31 0 L 26
32 0 U 16
33 0 L 3
34 1 U 32
35 1 U 18
36
0 0 U -1
1 0 U -1
2 1 U -1
3 1 U -1
4 0 U 2
5 0 L 2
6 0 U -1
7 0 L 2
8 0 L 0
9 0 U 3
10 0 L 6
11 1 U 2
12 1 L -1
13 1 L 5
14 1 U -1
15 1 L -1
16 0 L 14
17 1 U 11
18 0 L 12
19 0 U 13
20 0 U 13
21 0 L -1
22 1 L 8
23 0 U 10
24 1 L 21
25 1 U 23
26 0 U 20
27 1 U 5
28 0 L 17
29 0 U 25
30 1 U 25
31 0 L 26
32 0 U 16
33 0 L 9
34 1 U 23
35 1 U 15
36
0 0 L -1
1 0 U -1
2 1 U -1
3 1 U -1
4 0 U 2
5 0 L 2
6 0 U -1
7 0 L 2
8 0 L 0
9 0 U 3
10 0 L 6
11 1 U 2
12 1 L -1
13 1 L 5
14 1 U -1
15 1 L -1
16 0 L 14
17 1 U 4
18 0 L 12
19 0 U 13
20 0 U 13
21 0 L -1
22 1 L 8
23 0 U 10
24 1 L 21
25 1 U 23
26 0 U 20
27 1 U 5
28 0 L 17
29 0 U 25
30 1 U 5
31 0 L 26
32 0 U 14
33 0 L 31
34 1 U 23
35 1 U 30
36
0 0 U -1
1 0 U -1
2 1 U -1
3 1 U -1
4 0 U 2
5 0 L 2
6 1 U -1
7 0 L 2
8 0 L 0
9 0 U 3
10 0 L 6
11 1 U 2
12 0 L -1
13 1 L 5
14 1 U -1
15 1 L -1
16 0 L 14
17 1 U 4
18 0 L 12
19 0 U 13
20 0 U 13
21 0 L -1
22 1 L 8
23 0 U 10
24 1 L 21
25 1 U 23
26 0 U 20
27 1 U 17
28 0 L 17
29 0 U 25
30 1 U 12
31 0 L 26
32 0 U 14
33 0 L 31
34 0 U 32
35 1 U 30
36
0 0 L -1
1 0 U -1
2 1 U -1
3 1 U -1
4 0 U 2
5 0 L 2
6 1 U -1
7 0 L 2
8 0 L 0
9 0 U 3
10 0 L 6
11 1 U 2
12 1 L -1
13 1 L 5
14 1 U -1
15 1 L -1
16 0 L 14
17 1 U 4
18 0 L 12
19 0 U 13
20 0 U 13
21 0 L -1
22 1 L 8
23 0 U 10
24 1 L 21
25 1 U 23
26 0 U 20
27 1 U 17
28 0 L 17
29 0 U 25
30 1 U 17
31 0 L 26
32 0 U 14
33 0 L 31
34 1 U 23
35 1 U 30
36
0 0 U -1
1 0 U -1
2 1 U -1
3 1 U -1
4 0 U 2
5 0 L 2
6 1 U -1
7 0 L 2
8 0 L 0
9 0 U 3
10 0 L 6
11 1 U 2
12 1 L -1
13 1 L 5
14 1 U -1
15 1 L -1
16 0 L 14
17 1 U 4
18 0 L 15
19 0 U 13
20 0 U 13
21 0 L -1
22 1 L 8
23 0 U 3
24 1 L 21
25 1 U 23
26 0 U 20
27 1 U 17
28 0 L 17
29 0 U 25
30 1 U 25
31 0 L 26
32 0 U 14
33 0 L 9
34 0 U 9
35 1 U 18
36
0 0 U -1
1 0 U -1
2 1 U -1
3 1 U -1
4 0 U 2
5 0 L 2
6 1 U -1
7 0 L 2
8 0 L 0
9 0 U 3
10 0 L 6
11 1 U 2
12 0 L -1
13 1 L 5
14 1 U -1
15 1 L -1
16 0 L 14
17 1 U 4
18 0 L 15
19 0 U 13
20 0 U 13
21 0 L -1
22 1 L 8
23 0 U 10
24 1 L 21
25 1 U 23
26 0 U 20
27 1 U 5
28 0 L 17
29 0 U 25
30 1 U 25
31 0 L 26
32 0 U 14
33 0 L 9
34 0 U 32
35 1 U 18
36
0 0 L -1
1 0 U -1
2 1 U -1
3 1 U -1
4 0 U 2
5 0 L 2
6 0 U -1
7 0 L 2
8 0 L 0
9 0 U 3
10 0 L 6
11 1 U 2
12 0 L -1
13 1 L 5
14 1 U -1
15 1 L -1
16 0 L 14
17 1 U 11
18 0 L 15
19 0 U 13
20 0 U 13
21 0 L -1
22 1 L 8
23 0 U 3
24 1 L 21
25 1 U 23
26 0 U 20
27 1 U 5
28 0 L 17
29 0 U 25
30 1 U 17
31 0 L 26
32 0 U 14
33 0 L 7
34 1 U 4
35 1 U 30
36
0 0 L -1
1 0 U -1
2 1 U -1
3 1 U -1
4 0 U 2
5 0 L 2
6 0 U -1
7 0 L 2
8 0 L 0
9 0 U 3
10 0 L 6
11 1 U 2
12 1 L -1
13 1 L 5
14 1 U -1
15 0 L -1
16 0 L 14
17 1 U 4
18 0 L 12
19 0 U 13
20 0 U 13
21 0 L -1
22 1 L 8
23 0 U 10
24 0 L 21
25 1 U 23
26 0 U 20
27 1 U 17
28 0 L 17
29 0 U 25
30 1 U 17
31 0 L 26
32 0 U 14
33 0 L 31
34 0 U 23
35 1 U 30
36
0 0 U -1
1 0 U -1
2 1 U -1
3 1 U -1
4 0 U 2
5 0 L 2
6 0 U -1
7 0 L 2
8 0 L 0
9 0 U 3
10 0 L 6
11 1 U 2
12 1 L -1
13 1 L 5
14 1 U -1
15 1 L -1
16 0 L 14
17 1 U 4
18 0 L 12
19 0 U 13
20 0 U 13
21 0 L -1
22 1 L 8
23 0 U 3
24 1 L 21
25 1 U 23
26 0 U 20
27 1 U 17
28 0 L 17
29 0 U 25
30 1 U 17
31 0 L 26
32 0 U 14
33 0 L 7
34 1 U 9
35 1 U 30
36
0 0 L -1
1 0 U -1
2 1 U -1
3 1 U -1
4 0 U 2
5 0 L 2
6 1 U -1
7 0 L 2
8 0 L 0
9 0 U 3
10 0 L 6
11 1 U 2
12 0 L -1
13 1 L 5
14 1 U -1
15 1 L -1
16 0 L 14
17 1 U 4
18 0 L 15
19 0 U 13
20 0 U 13
21 0 L -1
22 1 L 8
23 0 U 3
24 1 L 21
25 1 U 23
26 0 U 20
27 1 U 17
28 0 L 10
29 0 U 25
30 1 U 25
31 0 L 26
32 0 U 14
33 0 L 3
34 0 U 32
35 1 U 30
36
0 0 L -1
1 0 U -1
2 1 U -1
3 1 U -1
4 0 U 2
5 0 L 2
6 1 U -1
7 0 L 2
8 0 L 0
9 0 U 3
10 0 L 6
11 1 U 2
12 0 L -1
13 1 L 5
14 1 U -1
15 0 L -1
16 0 L 14
17 1 U 11
18 0 L 12
19 0 U 13
20 0 U 13
21 0 L -1
22 1 L 8
23 0 U 10
24 0 L 21
25 1 U 23
26 0 U 20
27 1 U 5
28 0 L 17
29 0 U 25
30 1 U 17
31 0 L 26
32 0 U 14
33 0 L 31
34 1 U 32
35 1 U 30
36
0 0 L -1
1 0 U -1
2 1 U -1
3 1 U -1
4 0 U 2
5 0 L 2
6 0 U -1
7 0 L 2
8 0 L 0
9 0 U 3
10 0 L 6
11 1 U 2
12 1 L -1
13 1 L 5
14 1 U -1
15 1 L -1
16 0 L 14
17 1 U 11
18 0 L 12
19 0 U 13
20 0 U 13
21 0 L -1
22 1 L 8
23 0 U 10
24 1 L 21
25 1 U 23
26 0 U 20
27 1 U 5
28 0 L 17
29 0 U 25
30 1 U 25
31 0 L 22
32 0 U 14
33 0 L 31
34 1 U 23
35 1 U 18
36
0 0 U -1
1 0 U -1
2 1 U -1
3 1 U -1
4 0 U 2
5 0 L 2
6 0 U -1
7 0 L 2
8 0 L 0
9 0 U 3
10 0 L 6
11 1 U 2
12 0 L -1
13 1 L 5
14 1 U -1
15 1 L -1
16 0 L 14
17 1 U 4
18 0 L 15
19 0 U 13
20 0 U 13
21 0 L -1
22 1 L 8
23 0 U 10
24 1 L 21
25 1 U 23
26 0 U 20
27 1 U 17
28 0 L 17
29 0 U 25
30 1 U 12
31 0 L 22
32 0 U 14
33 0 L 31
34 0 U 32
35 1 U 22
36
0 0 L -1
1 0 U -1
2 1 U -1
3 1 U -1
4 0 U 2
5 0 L 2
6 1 U -1
7 0 L 2
8 0 L 0
9 0 U 3
10 0 L 6
11 1 U 2
12 0 L -1
13 1 L 5
14 1 U -1
15 1 L -1
16 0 L 14
17 1 U 4
18 0 L 12
19 0 U 13
20 0 U 13
21 0 L -1
22 1 L 8
23 0 U 3
24 1 L 21
25 1 U 23
26 0 U 20
27 1 U 17
28 0 L 17
29 0 U 25
30 1 U 12
31 0 L 22
32 0 U 14
33 0 L 31
34 0 U 32
35 1 U 15
36
0 0 L -1
1 0 U -1
2 1 U -1
3 1 U -1
4 0 U 2
5 0 L 2
6 1 U -1
7 0 L 2
8 0 L 0
9 0 U 3
10 0 L 6
11 1 U 2
12 0 L -1
13 1 L 5
14 1 U -1
15 1 L -1
16 0 L 14
17 1 U 4
18 0 L 15
19 0 U 13
20 0 U 13
21 0 L -1
22 1 L 8
23 0 U 3
24 1 L 21
25 1 U 23
26 0 U 20
27 1 U 17
28 0 L 17
29 0 U 25
30 1 U 12
31 0 L 26
32 0 U 14
33 0 L 31
34 0 U 32
35 1 U 15
36
0 0 L -1
1 0 U -1
2 1 U -1
3 1 U -1
4 0 U 2
5 0 L 2
6 0 U -1
7 0 L 2
8 0 L 0
9 0 U 3
10 0 L 6
11 1 U 2
12 0 L -1
13 1 L 5
14 1 U -1
15 1 L -1
16 0 L 14
17 1 U 11
18 0 L 12
19 0 U 13
20 0 U 13
21 0 L -1
22 1 L 8
23 0 U 3
24 1 L 21
25 1 U 23
26 0 U 20
27 1 U 5
28 0 L 17
29 0 U 25
30 1 U 12
31 0 L 22
32 0 U 14
33 0 L 31
34 0 U 32
35 1 U 22
36
0 0 U -1
1 0 U -1
2 1 U -1
3 1 U -1
4 0 U 2
5 0 L 2
6 1 U -1
7 0 L 2
8 0 L 0
9 0 U 3
10 0 L 6
11 1 U 2
12 1 L -1
13 1 L 5
14 0 U -1
15 0 L -1
16 0 L 14
17 1 U 11
18 0 L 12
19 0 U 13
20 0 U 13
21 0 L -1
22 1 L 8
23 0 U 3
24 0 L 21
25 1 U 23
26 0 U 20
27 1 U 5
28 0 L 17
29 0 U 25
30 1 U 25
31 0 L 26
32 0 U 16
33 0 L 31
34 0 U 9
35 1 U 30
36
0 0 L -1
1 0 U -1
2 1 U -1
3 1 U -1
4 0 U 2
5 0 L 2
6 1 U -1
7 0 L 2
8 0 L 0
9 0 U 3
10 0 L 6
11 1 U 2
12 1 L -1
13 1 L 5
14 0 U -1
15 1 L -1
16 0 L 14
17 1 U 11
18 0 L 15
19 0 U 13
20 0 U 13
21 0 L -1
22 1 L 8
23 0 U 14
24 1 L 21
25 1 U 23
26 0 U 20
27 1 U 5
28 0 L 17
29 0 U 25
30 1 U 25
31 0 L 22
32 0 U 16
33 0 L 31
34 0 U 9
35 1 U 30
36
0 0 U -1
1 0 U -1
2 1 U -1
3 1 U -1
4 0 U 2
5 0 L 2
6 1 U -1
7 0 L 2
8 0 L 0
9 0 U 3
10 0 L 6
11 1 U 2
12 1 L -1
13 1 L 5
14 0 U -1
15 1 L -1
16 0 L 14
17 1 U 4
18 0 L 12
19 0 U 13
20 0 U 13
21 0 L -1
22 1 L 8
23 0 U 3
24 1 L 21
25 1 U 23
26 0 U 20
27 1 U 5
28 0 L 17
29 0 U 25
30 1 U 25
31 0 L 22
32 0 U 6
33 0 L 31
34 0 U 9
35 1 U 18
36
0 0 U -1
1 0 U -1
2 1 U -1
3 1 U -1
4 0 U 2
5 0 L 2
6 1 U -1
7 0 L 2
8 0 L 0
9 0 U 3
10 0 L 6
11 1 U 2
12 1 L -1
13 1 L 5
14 0 U -1
15 1 L -1
16 0 L 14
17 1 U 11
18 0 L 12
19 0 U 13
20 0 U 13
21 0 L -1
22 1 L 8
23 0 U 3
24 1 L 21
25 1 U 23
26 0 U 20
27 1 U 5
28 0 L 17
29 0 U 25
30 1 U 17
31 0 L 22
32 0 U 16
33 0 L 31
34 1 U 23
35 1 U 30
36
0 0 U -1
1 0 U -1
2 1 U -1
3 1 U -1
4 0 U 2
5 0 L 2
6 0 U -1
7 0 L 2
8 0 L 0
9 0 U 3
10 0 L 6
11 1 U 2
12 0 L -1
13 1 L 5
14 1 U -1
15 1 L -1
16 0 L 14
17 1 U 4
18 0 L 12
19 0 U 13
20 0 U 13
21 0 L -1
22 1 L 8
23 0 U 3
24 1 L 21
25 1 U 23
26 0 U 20
27 1 U 5
28 0 L 17
29 0 U 25
30 1 U 12
31 0 L 26
32 0 U 14
33 0 L 31
34 0 U 32
35 1 U 18
36
0 0 L -1
1 0 U -1
2 1 U -1
3 1 U -1
4 0 U 2
5 0 L 2
6 1 U -1
7 0 L 2
8 0 L 0
9 0 U 3
10 0 L 6
11 1 U 2
12 1 L -1
13 1 L 5
14 0 U -1
15 0 L -1
16 0 L 14
17 1 U 4
18 0 L 12
19 0 U 13
20 0 U 13
21 0 L -1
22 1 L 8
23 0 U 3
24 0 L 21
25 1 U 23
26 0 U 20
27 1 U 5
28 0 L 17
29 0 U 25
30 1 U 25
31 0 L 26
32 0 U 16
33 0 L 31
34 0 U 23
35 1 U 18
36
0 0 L -1
1 0 U -1
2 1 U -1
3 1 U -1
4 0 U 2
5 0 L 2
6 1 U -1
7 0 L 2
8 0 L 0
9 0 U 3
10 0 L 6
11 1 U 2
12 0 L -1
13 1 L 5
14 1 U -1
15 1 L -1
16 0 L 14
17 1 U 11
18 0 L 12
19 0 U 13
20 0 U 13
21 0 L -1
22 1 L 8
23 0 U 3
24 1 L 21
25 1 U 23
26 0 U 20
27 1 U 5
28 0 L 17
29 0 U 25
30 1 U 25
31 0 L 26
32 0 U 14
33 0 L 7
34 1 U 23
35 1 U 15
36
0 0 U -1
1 0 U -1
2 1 U -1
3 1 U -1
4 0 U 2
5 0 L 2
6 0 U -1
7 0 L 2
8 0 L 0
9 0 U 3
10 0 L 6
11 1 U 2
12 1 L -1
13 1 L 5
14 1 U -1
15 1 L -1
16 0 L 14
17 1 U 4
18 0 L 15
19 0 U 13
20 0 U 13
21 0 L -1
22 1 L 8
23 0 U 10
24 1 L 21
25 1 U 23
26 0 U 20
27 1 U 5
28 0 L 17
29 0 U 25
30 1 U 25
31 0 L 26
32 0 U 14
33 0 L 7
34 1 U 23
35 1 U 15
36
0 0 L -1
1 0 U -1
2 1 U -1
3 1 U -1
4 0 U 2
5 0 L 2
6 1 U -1
7 0 L 2
8 0 L 0
9 0 U 3
10 0 L 6
11 1 U 2
12 1 L -1
13 1 L 5
14 0 U -1
15 1 L -1
16 0 L 14
17 1 U 4
18 0 L 15
19 0 U 13
20 0 U 13
21 0 L -1
22 1 L 8
23 0 U 3
24 1 L 21
25 1 U 23
26 0 U 20
27 1 U 17
28 0 L 17
29 0 U 25
30 1 U 25
31 0 L 26
32 0 U 6
33 0 L 9
34 1 U 23
35 1 U 30
36
0 0 L -1
1 0 U -1
2 1 U -1
3 1 U -1
4 0 U 2
5 0 L 2
6 1 U -1
7 0 L 2
8 0 L 0
9 0 U 3
10 0 L 6
11 1 U 2
12 0 L -1
13 1 L 5
14 1 U -1
15 1 L -1
16 0 L 14
17 1 U 4
18 0 L 12
19 0 U 13
20 0 U 13
21 0 L -1
22 1 L 8
23 0 U 3
24 1 L 21
25 1 U 23
26 0 U 20
27 1 U 17
28 0 L 17
29 0 U 25
30 1 U 25
31 0 L 26
32 0 U 6
33 0 L 7
34 1 U 32
35 1 U 15
36
0 0 U -1
1 0 U -1
2 1 U -1
3 1 U -1
4 0 U 2
5 0 L 2
6 1 U -1
7 0 L 2
8 0 L 0
9 0 U 3
10 0 L 6
11 1 U 2
12 1 L -1
13 1 L 5
14 0 U -1
15 1 L -1
16 0 L 14
17 1 U 4
18 0 L 12
19 0 U 13
20 0 U 13
21 0 L -1
22 1 L 8
23 0 U 3
24 1 L 21
25 1 U 23
26 0 U 20
27 1 U 17
28 0 L 17
29 0 U 25
30 1 U 17
31 0 L 26
32 0 U 6
33 0 L 3
34 0 U 9
35 1 U 30
36
0 0 U -1
1 0 U -1
2 1 U -1
3 1 U -1
4 0 U 2
5 0 L 2
6 1 U -1
7 0 L 2
8 0 L 0
9 0 U 3
10 0 L 6
11 1 U 2
12 0 L -1
13 1 L 5
14 1 U -1
15 1 L -1
16 0 L 14
17 1 U 4
18 0 L 12
19 0 U 13
20 0 U 13
21 0 L -1
22 1 L 8
23 0 U 3
24 1 L 21
25 1 U 23
26 0 U 20
27 1 U 5
28 0 L 10
29 0 U 25
30 1 U 17
31 0 L 26
32 0 U 6
33 0 L 3
34 1 U 11
35 1 U 30
36
0 0 U -1
1 0 U -1
2 1 U -1
3 1 U -1
4 0 U 2
5 0 L 2
6 0 U -1
7 0 L 2
8 0 L 0
9 0 U 3
10 0 L 6
11 1 U 2
12 0 L -1
13 1 L 5
14 0 U -1
15 1 L -1
16 0 L 14
17 1 U 4
18 0 L 15
19 0 U 13
20 0 U 13
21 0 L -1
22 1 L 8
23 0 U 3
24 1 L 21
25 1 U 23
26 0 U 20
27 1 U 17
28 0 L 17
29 0 U 25
30 1 U 17
31 0 L 26
32 0 U 16
33 0 L 9
34 0 U 23
35 1 U 30
36
0 0 L -1
1 0 U -1
2 1 U -1
3 1 U -1
4 0 U 2
5 0 L 2
6 0 U -1
7 0 L 2
8 0 L 0
9 0 U 3
10 0 L 6
11 1 U 2
12 1 L -1
13 1 L 5
14 0 U -1
15 1 L -1
16 0 L 14
17 1 U 4
18 0 L 15
19 0 U 13
20 0 U 13
21 0 L -1
22 1 L 8
23 0 U 3
24 0 L 21
25 1 U 23
26 0 U 20
27 1 U 17
28 0 L 17
29 0 U 25
30 1 U 12
31 0 L 26
32 0 U 16
33 0 L 31
34 0 U 32
35 1 U 13
36
0 0 L -1
1 0 U -1
2 1 U -1
3 1 U -1
4 0 U 2
5 0 L 2
6 0 U -1
7 0 L 2
8 0 L 0
9 0 U 3
10 0 L 6
11 1 U 2
12 1 L -1
13 1 L 5
14 1 U -1
15 1 L -1
16 0 L 14
17 1 U 4
18 0 L 12
19 0 U 13
20 0 U 13
21 0 L -1
22 1 L 8
23 0 U 3
24 1 L 21
25 1 U 23
26 0 U 20
27 1 U 5
28 0 L 17
29 0 U 25
30 1 U 25
31 0 L 22
32 0 U 14
33 0 L 31
34 1 U 32
35 1 U 30
36
0 0 L -1
1 0 U -1
2 1 U -1
3 1 U -1
4 0 U 2
5 0 L 2
6 1 U -1
7 0 L 2
8 0 L 0
9 0 U 3
10 0 L 6
11 1 U 2
12 1 L -1
13 1 L 5
14 1 U -1
15 1 L -1
16 0 L 14
17 1 U 4
18 0 L 12
19 0 U 13
20 0 U 13
21 0 L -1
22 1 L 8
23 0 U 10
24 1 L 21
25 1 U 23
26 0 U 20
27 1 U 17
28 0 L 17
29 0 U 25
30 1 U 12
31 0 L 26
32 0 U 14
33 0 L 7
34 0 U 32
35 1 U 8
36
0 0 L -1
1 0 U -1
2 1 U -1
3 1 U -1
4 0 U 2
5 0 L 2
6 1 U -1
7 0 L 2
8 0 L 0
9 0 U 3
10 0 L 6
11 1 U 2
12 0 L -1
13 1 L 5
14 1 U -1
15 0 L -1
16 0 L 14
17 1 U 4
18 0 L 12
19 0 U 13
20 0 U 13
21 0 L -1
22 1 L 8
23 0 U 3
24 0 L 21
25 1 U 23
26 0 U 20
27 1 U 5
28 0 L 17
29 0 U 25
30 1 U 17
31 0 L 26
32 0 U 14
33 0 L 31
34 0 U 32
35 1 U 30
36
0 0 U -1
1 0 U -1
2 1 U -1
3 1 U -1
4 0 U 2
5 0 L 2
6 1 U -1
7 0 L 2
8 0 L 0
9 0 U 3
10 0 L 6
11 1 U 2
12 0 L -1
13 1 L 5
14 1 U -1
15 0 L -1
16 0 L 14
17 1 U 4
18 0 L -1
19 0 U 13
20 0 U 13
21 0 L -1
22 1 L 8
23 0 U 3
24 0 L 21
25 1 U 23
26 0 U 20
27 1 U 5
28 0 L 17
29 0 U 25
30 1 U 17
31 0 L 26
32 0 U 14
33 0 L 31
34 0 U 4
35 1 U 30
36
0 0 L -1
1 0 U -1
2 1 U -1
3 1 U -1
4 0 U 2
5 0 L 2
6 1 U -1
7 0 L 2
8 0 L 0
9 0 U 3
10 0 L 6
11 1 U 2
12 0 L -1
13 1 L 5
14 1 U -1
15 1 L -1
16 0 L 14
17 1 U 11
18 0 L 15
19 0 U 13
20 0 U 13
21 0 L -1
22 1 L 8
23 0 U 10
24 1 L 21
25 1 U 23
26 0 U 20
27 1 U 17
28 0 L 10
29 0 U 25
30 1 U 17
31 0 L 26
32 0 U 14
33 0 L 31
34 0 U 9
35 1 U 30
36
0 0 U -1
1 0 U -1
2 1 U -1
3 1 U -1
4 0 U 2
5 0 L 2
6 1 U -1
7 0 L 2
8 0 L 0
9 0 U 3
10 0 L 6
11 1 U 2
12 1 L -1
13 1 L 5
14 1 U -1
15 1 L -1
16 0 L 14
17 1 U 4
18 0 L 12
19 0 U 13
20 0 U 13
21 0 L -1
22 1 L 8
23 0 U 3
24 1 L 21
25 1 U 23
26 0 U 20
27 1 U 5
28 0 L 17
29 0 U 25
30 1 U 17
31 0 L 26
32 0 U 6
33 0 L 7
34 1 U 23
35 1 U 30
36
0 0 L -1
1 0 U -1
2 1 U -1
3 1 U -1
4 0 U 2
5 0 L 2
6 1 U -1
7 0 L 2
8 0 L 0
9 0 U 3
10 0 L 6
11 1 U 2
12 1 L -1
13 1 L 5
14 1 U -1
15 1 L -1
16 0 L 14
17 1 U 4
18 0 L 12
19 0 U 13
20 0 U 13
21 0 L -1
22 1 L 8
23 0 U 3
24 1 L 21
25 1 U 23
26 0 U 20
27 1 U 17
28 0 L 17
29 0 U 25
30 1 U 25
31 0 L 26
32 0 U 14
33 0 L 31
34 0 U 32
35 1 U 30
