95
0 0 U -1
1 0 U -1
2 0 U -1
3 0 U -1
4 0 U -1
5 0 U -1
6 0 U -1
7 0 U -1
8 0 U -1
9 0 U -1
10 0 U -1
11 0 U -1
12 0 U -1
13 0 U -1
14 0 U -1
15 0 U -1
16 0 U -1
17 0 U -1
18 0 U -1
19 0 U -1
20 0 U -1
21 0 U -1
22 0 U -1
23 0 U -1
24 0 U -1
25 0 U -1
26 0 U -1
27 0 U -1
28 0 U -1
29 0 U -1
30 0 U -1
31 0 U -1
32 0 U -1
33 0 U -1
34 0 U -1
35 0 U -1
36 0 U -1
37 0 U -1
38 0 U -1
39 0 U -1
40 0 U -1
41 0 U -1
42 0 U -1
43 0 U -1
44 0 U -1
45 0 U -1
46 0 U -1
47 0 U -1
48 0 U -1
49 0 U -1
50 0 U -1
51 0 U -1
52 0 U -1
53 0 U -1
54 0 U -1
55 0 U -1
56 0 U -1
57 0 U -1
58 0 U -1
59 0 U -1
60 0 U -1
61 0 U -1
62 0 U -1
63 0 U -1
64 0 U -1
65 0 U -1
66 0 U -1
67 0 U -1
68 0 U -1
69 0 U -1
70 0 U -1
71 0 U -1
72 0 U -1
73 0 U -1
74 0 U -1
75 0 U -1
76 0 U -1
77 0 U -1
78 0 U -1
79 0 U -1
80 0 U -1
81 0 U -1
82 0 U -1
83 0 U -1
84 0 U -1
85 0 U -1
86 0 U -1
87 0 U -1
88 0 U -1
89 0 U -1
90 0 U -1
91 0 U -1
92 0 U -1
93 0 U -1
94 0 U -1
95
0 1 U -1
1 0 U -1
2 1 U 1
3 1 U -1
4 1 U 2
5 1 U -1
6 1 U -1
7 1 L 5
8 0 L 3
9 1 L 5
10 0 L 3
11 1 U -1
12 1 U -1
13 1 U 7
14 1 L -1
15 1 L 1
16 0 L 6
17 0 U -1
18 0 U 7
19 0 U 16
20 0 U 16
21 0 L 6
22 1 L 10
23 1 U -1
24 0 U 15
25 0 L 13
26 1 L 11
27 0 L 23
28 1 U 2
29 1 U 13
30 1 U -1
31 0 U 9
32 0 U -1
33 0 U -1
34 0 L 17
35 0 U -1
36 0 U 12
37 0 L 32
38 0 U 36
39 0 U -1
40 0 U -1
41 0 U -1
42 1 U 26
43 0 U 3
44 1 L 19
45 1 L 18
46 0 L 14
47 1 U 10
48 1 U 41
49 1 U -1
50 0 L -1
51 0 U 7
52 0 L 6
53 0 U -1
54 0 U -1
55 1 U 14
56 0 L 39
57 1 L 41
58 0 L 36
59 1 L 32
60 0 U 8
61 1 U 18
62 1 L 8
63 1 L -1
64 0 U 29
65 0 U 32
66 1 L 53
67 1 L 52
68 0 L 56
69 1 L 60
70 1 L 52
71 0 U 47
72 1 U 68
73 0 U 24
74 1 U 43
75 1 U 3
76 1 U 27
77 0 U 47
78 1 L 29
79 1 L 21
80 0 L 56
81 0 L 58
82 1 U 76
83 1 U 77
84 1 U -1
85 1 L 46
86 0 L 54
87 1 L 61
88 1 U 19
89 0 U 64
90 1 L 78
91 1 L 50
92 0 L 86
93 0 L 76
94 0 U 10
95
0 1 L -1
1 0 U -1
2 1 U 1
3 1 U -1
4 1 U 2
5 1 U -1
6 1 U -1
7 1 L 5
8 0 L 3
9 1 L 5
10 0 L 3
11 1 U -1
12 1 U -1
13 1 U 7
14 1 L -1
15 0 L 1
16 0 L 13
17 0 U -1
18 0 U 7
19 0 U 7
20 0 U 1
21 0 L 6
22 0 L 10
23 1 L 11
24 0 U 15
25 0 L 19
26 1 U 11
27 1 L 17
28 1 U 2
29 1 U 13
30 1 U -1
31 0 U 8
32 0 U -1
33 0 U -1
34 1 L 5
35 0 U -1
36 0 U 11
37 0 L 32
38 0 U 36
39 0 U -1
40 0 U -1
41 0 U -1
42 1 L 31
43 0 U 3
44 0 L 19
45 1 U 28
46 1 L 14
47 1 U 10
48 1 L 6
49 1 U -1
50 0 L -1
51 1 U 7
52 1 L 6
53 0 U -1
54 0 U -1
55 1 U 14
56 1 L 50
57 0 L 41
58 0 L 36
59 1 L 32
60 0 U 8
61 1 U 18
62 0 L 46
63 0 L 1
64 1 U 29
65 0 U 54
66 1 L 39
67 1 L 4
68 0 L 8
69 0 L 60
70 0 L 52
71 0 U 52
72 1 U 69
73 1 U 24
74 0 U 43
75 0 U 3
76 1 U 27
77 1 U 47
78 1 L 29
79 0 L 21
80 0 L 56
81 0 L 58
82 0 U 76
83 1 U 47
84 0 L 78
85 1 L 46
86 0 L 54
87 1 L 79
88 0 U 5
89 0 U 64
90 0 U 87
91 1 L -1
92 1 L 86
93 1 L 76
94 0 U 10
95
0 1 U -1
1 0 U -1
2 1 U 1
3 1 U -1
4 0 U 2
5 1 U -1
6 1 U -1
7 1 L 5
8 0 L 3
9 0 U 6
10 1 L 3
11 1 U -1
12 1 U -1
13 1 U 7
14 1 L -1
15 0 L 1
16 1 L 4
17 0 U 5
18 0 U 7
19 0 U 7
20 0 U 1
21 0 L 6
22 1 L 13
23 0 L 18
24 0 U 20
25 0 L 19
26 1 U 19
27 1 L 24
28 1 U 8
29 1 U 13
30 1 U -1
31 0 U 8
32 0 U -1
33 0 U -1
34 1 L 5
35 0 U -1
36 0 U 11
37 0 L 32
38 0 U 36
39 0 U -1
40 0 U -1
41 0 U -1
42 1 L 12
43 0 U 12
44 0 L 19
45 1 U 17
46 0 L 14
47 1 U 10
48 1 L 6
49 1 U -1
50 1 L -1
51 1 U 15
52 1 L 6
53 0 U -1
54 0 U -1
55 0 U 51
56 1 L 50
57 0 L 41
58 1 L 29
59 1 L 32
60 0 U 25
61 1 U 18
62 0 L 1
63 1 L 1
64 0 U 29
65 0 U 54
66 0 L 39
67 1 L 4
68 0 L 46
69 0 L 60
70 1 L 52
71 1 L 52
72 1 U 69
73 1 L 24
74 1 U 43
75 0 U 3
76 0 U 27
77 1 U 63
78 1 L 29
79 0 L 21
80 1 L 56
81 1 L 74
82 0 U 76
83 1 U 47
84 0 L 78
85 0 L 46
86 0 L 54
87 1 L 79
88 0 U 5
89 0 U 64
90 0 U 87
91 0 L -1
92 1 L 86
93 0 U 57
94 1 U 10
95
0 0 L -1
1 0 U -1
2 1 U 1
3 1 U -1
4 0 U 2
5 1 U -1
6 1 U -1
7 1 L 5
8 0 L 3
9 0 U 6
10 0 L 3
11 1 U -1
12 1 U -1
13 1 U 7
14 1 L -1
15 0 L 4
16 0 L 4
17 0 U 5
18 0 U 7
19 0 U 7
20 0 U 1
21 1 L 10
22 0 L 13
23 0 L 20
24 0 U 20
25 0 L 19
26 0 U 19
27 1 L 24
28 1 U 10
29 1 U 13
30 1 U 0
31 1 U 8
32 1 U 0
33 0 U -1
34 1 L 5
35 0 U -1
36 0 U 12
37 0 L 32
38 1 U 12
39 0 U -1
40 0 U -1
41 0 U -1
42 1 L 16
43 0 U 6
44 1 L 19
45 1 U 17
46 0 L 14
47 0 U 10
48 0 L 11
49 0 L 12
50 1 L -1
51 1 U 15
52 1 L 6
53 0 U -1
54 0 U -1
55 1 U -1
56 1 L 50
57 0 L 41
58 0 L 29
59 1 L 3
60 0 U 16
61 1 U 18
62 0 L 1
63 0 L 1
64 0 U 29
65 0 U 54
66 1 L 43
67 1 L 4
68 1 L 46
69 1 L 60
70 1 L 52
71 1 U 52
72 1 U 69
73 1 L 24
74 1 U 43
75 1 U 3
76 0 U 27
77 0 U 63
78 0 L 29
79 0 L 21
80 1 L 56
81 1 L 74
82 0 U 76
83 1 U 28
84 0 L 78
85 0 L 68
86 0 L 54
87 1 L 79
88 0 U 5
89 0 U 64
90 0 U 87
91 1 L -1
92 1 L 86
93 1 L 61
94 0 U 10
95
0 1 L -1
1 0 U -1
2 0 U 1
3 1 U -1
4 0 U 2
5 1 U -1
6 1 U -1
7 1 L 5
8 0 L 3
9 0 U 3
10 1 L 3
11 1 U -1
12 1 U -1
13 1 U 7
14 1 L -1
15 0 L 1
16 0 L 4
17 0 U 5
18 0 U 7
19 0 U 16
20 0 U 1
21 0 L 10
22 0 L 7
23 1 L 16
24 0 U 20
25 0 L 19
26 1 U 19
27 1 L 24
28 1 U 10
29 1 U 25
30 1 U 0
31 0 U 14
32 1 U 0
33 0 U -1
34 1 L 5
35 0 U -1
36 0 U 12
37 0 L 32
38 1 U 17
39 0 U -1
40 0 U 29
41 0 U -1
42 0 L 16
43 0 U 6
44 1 L 19
45 0 U 43
46 0 L 14
47 1 U 10
48 1 L 11
49 0 U 12
50 0 L -1
51 1 U 6
52 1 L 6
53 0 U -1
54 0 U -1
55 0 L -1
56 1 L 50
57 0 L 41
58 0 L 29
59 1 U 51
60 1 U 16
61 0 U 13
62 1 L 23
63 1 L 1
64 0 U 29
65 0 U 54
66 0 L 43
67 1 L 61
68 1 L 46
69 1 L 60
70 1 L 52
71 0 U 52
72 0 L 63
73 1 L 24
74 1 U 43
75 0 U 3
76 0 U 27
77 0 U 55
78 1 L 29
79 0 L 34
80 0 L 56
81 1 L 74
82 1 U 76
83 1 U 28
84 1 L 78
85 0 L 68
86 0 L 54
87 1 L 19
88 0 U 5
89 0 U 48
90 0 U 87
91 0 L -1
92 1 L 86
93 0 L 7
94 0 U 10
95
0 1 U -1
1 0 U -1
2 0 U 1
3 1 U -1
4 0 U 2
5 1 U -1
6 1 U -1
7 1 L 5
8 0 L 3
9 1 U 3
10 0 L 3
11 1 U -1
12 1 U -1
13 1 U 7
14 1 L -1
15 0 L 1
16 0 L 4
17 0 U 5
18 0 U 7
19 0 U 16
20 0 U 0
21 0 L 7
22 0 L 7
23 0 L 16
24 0 U 20
25 0 L 19
26 0 U 19
27 1 L 24
28 1 U 10
29 1 U 25
30 1 U 0
31 1 U 14
32 1 U 1
33 0 U -1
34 1 L 5
35 0 U -1
36 1 U 20
37 1 L 32
38 1 U 17
39 0 U -1
40 0 U 38
41 0 U -1
42 0 L 16
43 0 U 6
44 1 L 19
45 0 U 8
46 0 L 4
47 1 U 10
48 0 L 11
49 1 L 41
50 0 L -1
51 1 U 20
52 1 L 6
53 0 U -1
54 0 U -1
55 0 L -1
56 0 L 50
57 0 L 41
58 1 L 29
59 1 U 51
60 1 U 16
61 0 U 13
62 0 L -1
63 0 L 16
64 0 U 29
65 0 U 54
66 0 L 43
67 1 L 61
68 1 L 46
69 1 L 1
70 1 L 52
71 0 U 52
72 1 U 58
73 1 L 24
74 1 U 43
75 1 U 3
76 0 U 27
77 1 U 55
78 1 L 29
79 0 L 34
80 1 L 56
81 1 L 74
82 1 U 76
83 1 U 63
84 1 L 78
85 0 L 42
86 1 L 54
87 1 L 19
88 0 U 5
89 0 L 48
90 0 U 87
91 0 L -1
92 0 U 86
93 1 L 13
94 0 U 10
95
0 1 L -1
1 0 U -1
2 0 U 1
3 1 U -1
4 0 U 2
5 1 U -1
6 1 U -1
7 1 L 5
8 0 L 3
9 1 U -1
10 0 L 3
11 1 U 5
12 1 U -1
13 1 U 7
14 1 L -1
15 0 L 1
16 0 L 4
17 0 U 0
18 0 U 7
19 0 U 16
20 0 U 0
21 0 L 8
22 0 L 13
23 0 L -1
24 0 U 20
25 0 L 19
26 0 U 19
27 1 L 24
28 1 U 10
29 1 U 25
30 1 U -1
31 1 U 13
32 1 U 1
33 0 U -1
34 1 L 5
35 0 U -1
36 0 U 20
37 1 L 32
38 1 U 17
39 0 U -1
40 0 U 38
41 0 U -1
42 0 L 16
43 0 U 6
44 0 L 19
45 0 U 8
46 0 L 0
47 1 U 23
48 0 L 11
49 0 U 15
50 0 L -1
51 1 U 6
52 1 L 6
53 0 U -1
54 0 U -1
55 1 L -1
56 0 L 50
57 0 L 41
58 1 L 29
59 1 U 51
60 0 U 47
61 0 U 13
62 0 L -1
63 0 L 16
64 0 U 29
65 0 U 54
66 0 L 43
67 0 U 61
68 0 L 46
69 1 L 1
70 1 L 52
71 0 U 52
72 1 L 58
73 1 L 20
74 1 U 51
75 1 U 6
76 0 U 27
77 1 U 55
78 1 L 29
79 1 L 34
80 1 L 1
81 1 L 74
82 1 U 76
83 0 U 63
84 0 L 78
85 0 L 42
86 1 L 54
87 1 L 19
88 0 U 39
89 0 L 48
90 0 U 87
91 0 L -1
92 0 U 86
93 0 L 13
94 0 U 10
95
0 1 L -1
1 0 U -1
2 1 U 1
3 1 U -1
4 0 U 2
5 1 U -1
6 1 U -1
7 1 L 5
8 0 L 3
9 1 U 3
10 1 L 3
11 1 U 5
12 1 U 5
13 1 U 7
14 1 L -1
15 0 L 1
16 0 L 4
17 0 U 1
18 0 U 7
19 0 U 16
20 0 U 0
21 0 L 8
22 0 L 7
23 0 L -1
24 0 U 20
25 0 L 19
26 1 U 19
27 1 L 24
28 1 U 10
29 1 U 25
30 1 U -1
31 1 U 13
32 1 U 5
33 1 U -1
34 1 L 5
35 0 U -1
36 1 U 20
37 0 L 32
38 1 U 15
39 0 U -1
40 0 U 38
41 0 U -1
42 0 L 16
43 0 U 6
44 0 L 19
45 0 U 8
46 1 L 4
47 1 U 27
48 0 L 11
49 1 L 15
50 0 L -1
51 1 U 6
52 1 L 6
53 0 U -1
54 0 U -1
55 0 L -1
56 0 L 12
57 0 L 41
58 1 L 29
59 0 U 51
60 1 U 47
61 0 U 13
62 0 L 0
63 0 L 16
64 0 U 29
65 0 U 54
66 1 L 43
67 0 U 61
68 1 L 48
69 1 L 41
70 1 L 52
71 0 U 52
72 1 L 58
73 1 L 20
74 1 U 51
75 1 U 6
76 0 U 27
77 1 U 55
78 1 L 29
79 1 L 34
80 0 L 1
81 0 L 74
82 0 U 76
83 1 L 74
84 0 L 78
85 0 L -1
86 0 L 54
87 1 L 19
88 0 U 39
89 0 L 48
90 0 L 80
91 0 L -1
92 0 U 86
93 0 L 13
94 0 U 10
95
0 1 L -1
1 0 U -1
2 1 U 1
3 1 U -1
4 1 U 2
5 1 U -1
6 1 U -1
7 1 L 5
8 0 L 3
9 0 U 3
10 1 L 3
11 1 U 5
12 1 U 5
13 1 U 7
14 1 L -1
15 0 L 1
16 0 L 4
17 0 U 1
18 0 U 7
19 0 U 16
20 0 U 0
21 0 L 8
22 0 L 7
23 0 L -1
24 0 U 20
25 1 L 19
26 1 U 19
27 1 L 24
28 1 U 10
29 1 U 25
30 1 U -1
31 0 U 13
32 1 U 5
33 0 U -1
34 1 L 5
35 0 U -1
36 1 U 20
37 0 L 16
38 1 U 15
39 0 U -1
40 0 U 38
41 0 U -1
42 0 L 16
43 0 U 6
44 0 L 19
45 0 U 8
46 1 L 23
47 1 U 46
48 0 L 11
49 0 L 31
50 0 L -1
51 1 U 6
52 1 L 6
53 0 U -1
54 0 U -1
55 0 L -1
56 1 L 50
57 0 L 41
58 0 L 29
59 1 L 51
60 1 U 47
61 0 U 13
62 1 L 0
63 0 L 16
64 0 U 29
65 0 U 54
66 1 L 43
67 0 U 61
68 1 L 48
69 1 L 41
70 1 L 52
71 0 U 52
72 1 L 58
73 1 L 20
74 0 U 51
75 1 U 6
76 0 U 56
77 0 U 55
78 1 L 29
79 0 L 34
80 0 L 46
81 1 L 65
82 0 U 76
83 1 L 56
84 0 L 78
85 0 L -1
86 1 L 54
87 1 L 19
88 0 U 39
89 0 L 26
90 0 L 80
91 0 L -1
92 1 U 86
93 1 L 13
94 1 U 10
95
0 1 U -1
1 0 U -1
2 1 U 1
3 1 U -1
4 1 U 2
5 1 U -1
6 1 U -1
7 1 L 5
8 0 L 3
9 1 U 6
10 1 L 3
11 1 U 5
12 1 U 1
13 1 U 7
14 1 L -1
15 0 L 1
16 0 L 4
17 0 U 5
18 0 U 7
19 0 U 16
20 0 U 0
21 0 L 8
22 0 L 10
23 0 L -1
24 0 U 20
25 0 L 19
26 0 U 19
27 1 L 24
28 1 U 14
29 1 U 19
30 1 U -1
31 1 U 13
32 1 U 5
33 1 U -1
34 1 L 5
35 0 U -1
36 0 U 20
37 0 L 16
38 1 U 15
39 0 U -1
40 0 U 38
41 0 U -1
42 1 L 1
43 0 U 6
44 1 L 20
45 0 U 8
46 0 L 23
47 1 U 46
48 0 L 11
49 0 L 31
50 0 L -1
51 1 U 6
52 1 L 6
53 0 U -1
54 0 U -1
55 0 L -1
56 1 L 50
57 0 L 41
58 1 L 44
59 0 U 51
60 1 L 47
61 1 U 13
62 1 L 4
63 1 L 16
64 0 U 29
65 0 U 54
66 1 L 43
67 0 U 61
68 1 L 48
69 1 L 41
70 1 L 52
71 0 U 52
72 0 L 58
73 1 L 20
74 1 U 16
75 1 U 6
76 0 U 56
77 0 U 55
78 1 L 29
79 1 L 34
80 0 L 46
81 1 L 46
82 0 U 76
83 0 L 81
84 1 L 78
85 0 L -1
86 0 L 54
87 1 L 19
88 0 U 39
89 0 L 26
90 0 L 80
91 0 L -1
92 0 U 86
93 1 L 90
94 0 U 10
95
0 1 U -1
1 0 U -1
2 1 U 1
3 1 U -1
4 1 U 2
5 1 U -1
6 1 U -1
7 1 L 5
8 0 L 3
9 1 L 2
10 1 L 3
11 1 U 5
12 1 U 5
13 0 U 7
14 1 L -1
15 0 L 1
16 0 L 0
17 0 U 0
18 0 U 7
19 0 U 16
20 0 U 1
21 0 L 8
22 0 L 10
23 0 L -1
24 0 U 20
25 0 L 19
26 0 U 19
27 1 L 24
28 1 U 13
29 1 U 19
30 1 U -1
31 1 U 13
32 0 U 5
33 1 U -1
34 1 L 5
35 0 U -1
36 1 U 20
37 1 L 16
38 1 U 15
39 0 U 5
40 0 U 38
41 0 U -1
42 1 L 1
43 0 U 41
44 1 L 20
45 0 U 8
46 1 L 23
47 1 U 23
48 1 L 11
49 1 L 31
50 0 L -1
51 1 U 6
52 1 L 22
53 0 U -1
54 0 U -1
55 0 L -1
56 1 L 50
57 0 L 41
58 0 L 44
59 1 L 51
60 0 L 47
61 1 U 4
62 1 L 4
63 0 L 16
64 0 U 21
65 0 U 54
66 1 L 43
67 0 U 61
68 1 L 48
69 1 L 41
70 1 L 26
71 0 U 49
72 1 L 58
73 1 L 20
74 0 U 16
75 1 U 6
76 0 U 56
77 1 U 55
78 0 L 29
79 1 L 34
80 0 L 1
81 0 L 46
82 0 U 76
83 1 L 81
84 0 L 78
85 0 L 54
86 1 L 81
87 1 L 20
88 0 L 14
89 1 L 26
90 0 L 80
91 1 U -1
92 1 U 86
93 1 L 40
94 1 U 10
95
0 1 U -1
1 0 U -1
2 1 U 1
3 1 U -1
4 1 U 2
5 1 U -1
6 1 U -1
7 1 L 5
8 0 L 3
9 0 L 2
10 1 L 3
11 1 U -1
12 1 U 5
13 0 U 7
14 1 L -1
15 0 L 1
16 0 L 0
17 0 U 0
18 0 U 7
19 0 U 16
20 0 U 1
21 0 L 8
22 0 L 10
23 0 L -1
24 0 U 20
25 1 L 19
26 1 U 19
27 1 L 24
28 1 U 13
29 1 U 19
30 1 U -1
31 1 U 13
32 1 U 3
33 1 U -1
34 0 L 5
35 0 U -1
36 0 U 20
37 0 L 11
38 1 U 15
39 0 U 5
40 0 U 38
41 0 U -1
42 1 L 5
43 0 U 3
44 1 L 20
45 0 U 8
46 1 L 23
47 1 U 23
48 1 L 11
49 0 L 31
50 0 L -1
51 1 U 6
52 0 L 22
53 0 U -1
54 0 U -1
55 1 L -1
56 0 L 50
57 0 L 41
58 0 L 44
59 1 L 51
60 0 L 47
61 1 U 4
62 1 L 4
63 0 L 16
64 0 U 21
65 0 U 54
66 1 L 22
67 0 U 26
68 1 U 48
69 1 L 41
70 1 L 26
71 0 U 69
72 0 L 58
73 1 L 20
74 0 U 16
75 1 U 6
76 0 U 56
77 1 U 55
78 1 L 29
79 1 L 34
80 1 L 1
81 0 L 46
82 0 U 76
83 0 L 81
84 1 L 78
85 1 L 37
86 1 L 81
87 1 L 20
88 1 L 14
89 0 U 51
90 0 L 80
91 1 U -1
92 0 U 80
93 1 L 60
94 1 U 31
95
0 0 U -1
1 0 U -1
2 1 U 1
3 1 U -1
4 1 U 2
5 1 U -1
6 1 U -1
7 1 L 5
8 0 L 3
9 0 L 0
10 0 L 3
11 1 U -1
12 1 U 5
13 0 U 7
14 1 L -1
15 0 L 1
16 0 L 0
17 0 U 5
18 0 U 7
19 0 U 16
20 0 U -1
21 0 L 8
22 0 L 10
23 0 L -1
24 0 U 11
25 1 L 1
26 1 U 19
27 1 U 24
28 1 U 13
29 1 U 19
30 1 U -1
31 1 U 13
32 0 L 3
33 1 U -1
34 0 L 32
35 0 U -1
36 1 U 6
37 0 U 11
38 1 U 15
39 0 U 5
40 0 U 38
41 0 U -1
42 1 L 8
43 0 U 6
44 0 L 20
45 0 U 8
46 1 L 23
47 1 U 23
48 1 L 11
49 0 U 31
50 0 L -1
51 1 U 6
52 0 L 22
53 0 U -1
54 0 U -1
55 0 L -1
56 0 L 50
57 0 L 41
58 0 L 44
59 1 L -1
60 0 L 47
61 0 U 4
62 1 L 4
63 0 L 16
64 0 U 21
65 0 U 54
66 1 L 22
67 0 U 26
68 1 L 48
69 1 L 41
70 1 L 26
71 0 U 69
72 0 L 58
73 1 L 20
74 0 U 16
75 1 U 6
76 0 U 56
77 1 U 55
78 1 L 29
79 1 L 34
80 1 L 1
81 0 L 46
82 0 U 76
83 0 L 81
84 1 L 78
85 0 L 66
86 0 L 81
87 1 L 79
88 1 L 14
89 1 U 51
90 0 L 63
91 1 U -1
92 1 U 80
93 1 L 45
94 1 U 31
95
0 0 L -1
1 0 U -1
2 1 U 1
3 1 U -1
4 1 U 2
5 1 U -1
6 1 U -1
7 1 L 5
8 0 L 3
9 1 L 0
10 0 L 3
11 1 U 5
12 1 U 0
13 0 U 7
14 1 L -1
15 0 L 0
16 0 L 0
17 0 U 5
18 0 U 7
19 0 U 16
20 0 U -1
21 0 L 7
22 0 L 10
23 1 L -1
24 0 U 11
25 1 L 16
26 0 U 19
27 1 U 13
28 1 U 13
29 1 U 19
30 1 U -1
31 1 U 25
32 1 L 3
33 1 U -1
34 0 L 32
35 0 U -1
36 1 U 6
37 1 U 11
38 1 U 15
39 0 U 20
40 0 U 38
41 0 U -1
42 1 L 7
43 0 U 6
44 1 L 20
45 0 U 8
46 1 L 4
47 1 U 23
48 1 L 11
49 0 U 15
50 0 L -1
51 1 U 6
52 0 L 22
53 0 U -1
54 0 U -1
55 0 L -1
56 1 L 50
57 0 L 41
58 1 L 44
59 1 L -1
60 0 L 47
61 1 U 10
62 1 L 4
63 0 L 16
64 0 U 29
65 0 U 54
66 0 L 22
67 0 U 61
68 0 L 47
69 1 L 41
70 1 L 26
71 0 U 69
72 0 L 58
73 1 L 20
74 0 U 16
75 1 U 6
76 0 U 56
77 0 U 55
78 0 L 29
79 0 L 34
80 1 L 1
81 0 L 46
82 0 U 76
83 0 L 81
84 0 L 78
85 0 L 84
86 0 L 81
87 0 L 79
88 0 L 14
89 1 U 16
90 0 L 63
91 1 U -1
92 1 U 72
93 1 L 45
94 0 U 31
95
0 0 L -1
1 0 U -1
2 1 U 1
3 1 U -1
4 1 U 2
5 1 U -1
6 1 U -1
7 1 L 5
8 0 L 3
9 1 L 0
10 1 L 3
11 1 U 5
12 1 U 0
13 0 U 7
14 1 L -1
15 0 L 0
16 0 L 0
17 0 U 5
18 0 U 7
19 0 U 16
20 0 U -1
21 1 L 7
22 1 L 10
23 1 L -1
24 0 U 11
25 1 L 16
26 1 U 19
27 1 U 13
28 1 U 13
29 1 U 19
30 1 U -1
31 1 U 25
32 1 L 3
33 1 U -1
34 1 L 32
35 0 U -1
36 1 U 6
37 1 U 30
38 1 U 15
39 0 U 20
40 0 U 38
41 0 U -1
42 0 U 7
43 1 U 3
44 0 L 20
45 0 U 27
46 1 L 4
47 1 U 23
48 0 U 11
49 1 U 46
50 0 L -1
51 1 U 6
52 0 L 22
53 0 U 0
54 0 U -1
55 0 L -1
56 1 L 50
57 0 L 41
58 0 L 44
59 1 L -1
60 1 L 47
61 1 U 10
62 1 L 4
63 0 L 16
64 0 U 29
65 0 U 54
66 1 L 22
67 0 U 61
68 1 L 47
69 1 L 41
70 0 L 26
71 0 U 69
72 0 L 58
73 1 L 70
74 1 U 16
75 1 U 3
76 0 U 56
77 0 U 55
78 0 L 29
79 0 L 34
80 1 L 1
81 0 L 46
82 0 U 76
83 1 L 81
84 0 L 78
85 0 L 1
86 1 L 16
87 1 L 79
88 0 L 14
89 0 U 16
90 0 L 63
91 1 U -1
92 1 U 72
93 0 L 45
94 0 U 31
95
0 0 U -1
1 0 U -1
2 1 U 1
3 1 U -1
4 1 U 2
5 1 U -1
6 1 U -1
7 1 L 5
8 0 L 3
9 1 L 0
10 1 L 3
11 1 U 0
12 1 U 0
13 0 U 7
14 1 L -1
15 0 L 0
16 0 L 0
17 0 U 0
18 0 U 7
19 0 U 16
20 0 U -1
21 0 L 7
22 0 L 10
23 1 L -1
24 1 U 2
25 1 L 16
26 1 U 19
27 1 U 13
28 1 U 13
29 1 U 19
30 1 U -1
31 1 U 25
32 1 L 3
33 1 U -1
34 1 L 32
35 0 U -1
36 0 U 6
37 1 U 30
38 1 U 15
39 0 U 20
40 0 U 38
41 0 U -1
42 1 U 16
43 1 U 3
44 0 L 20
45 0 U 27
46 0 L 4
47 1 U 45
48 0 U 11
49 0 U 6
50 0 L -1
51 1 U 43
52 1 L 22
53 0 U 0
54 0 U -1
55 0 L -1
56 1 L 47
57 0 L 41
58 0 L 44
59 1 L -1
60 1 L 26
61 1 U 10
62 1 L 4
63 0 L 16
64 0 U 29
65 0 U 54
66 1 L 22
67 0 U 61
68 1 L 39
69 1 L 64
70 1 L 26
71 0 U 62
72 0 L 58
73 1 L 70
74 1 U 16
75 1 U 3
76 0 U 56
77 0 U 55
78 0 L 29
79 0 L 34
80 1 L 1
81 0 L 46
82 0 U 76
83 1 L 81
84 0 L 78
85 1 L 1
86 1 L 6
87 1 L 79
88 0 L 14
89 0 U 16
90 0 L 81
91 1 U -1
92 0 U 72
93 1 U 45
94 0 U 31
95
0 0 L -1
1 0 U -1
2 1 U 1
3 1 U -1
4 1 U 2
5 1 U -1
6 1 U -1
7 1 L 5
8 0 L 3
9 1 L 0
10 1 L 3
11 1 U 5
12 1 U 0
13 0 U 7
14 1 L -1
15 0 L 0
16 0 L 0
17 0 U 0
18 0 U 7
19 0 U 4
20 0 U -1
21 0 L 10
22 0 L 10
23 1 L 4
24 1 U 15
25 0 L 16
26 1 U 19
27 1 U 8
28 1 U 18
29 1 U 13
30 1 U -1
31 1 U 23
32 1 L 3
33 1 U -1
34 0 L 32
35 0 U -1
36 0 U 6
37 0 U 30
38 0 U 15
39 0 U 20
40 0 U 27
41 0 U -1
42 1 L 16
43 1 U 6
44 0 L 20
45 0 U 19
46 0 L 4
47 1 U 46
48 1 U 11
49 0 U 6
50 0 L -1
51 1 U 43
52 1 L 22
53 0 U -1
54 0 U -1
55 0 L -1
56 0 L 47
57 0 L 51
58 0 L 44
59 1 L -1
60 1 L 50
61 1 U 10
62 1 L 4
63 1 L 16
64 0 L 63
65 0 U 54
66 1 L 22
67 1 U 61
68 1 L 39
69 1 L 64
70 0 L 66
71 0 U 62
72 0 L 58
73 1 L 70
74 0 U 16
75 1 U 3
76 0 U 56
77 1 U 55
78 0 L 29
79 1 L 34
80 1 L 1
81 0 L 16
82 0 U 76
83 1 L 81
84 0 L 78
85 0 L 15
86 1 L 6
87 0 L 79
88 0 L 14
89 0 U 16
90 0 L 83
91 1 U -1
92 0 U 72
93 1 L 45
94 0 U 31
95
0 0 L -1
1 0 U -1
2 1 U 1
3 1 U -1
4 1 U 2
5 1 U -1
6 1 U -1
7 1 L 5
8 0 L 3
9 1 L 0
10 1 L 3
11 1 U 5
12 1 U 0
13 0 U 7
14 1 L -1
15 0 L 2
16 0 L 0
17 0 U 5
18 0 U 7
19 0 U 4
20 0 U -1
21 0 L 10
22 0 L 10
23 0 L 4
24 1 U 15
25 1 L 16
26 0 U 19
27 1 U 4
28 1 U 18
29 1 U 25
30 1 U -1
31 1 U 23
32 1 L 3
33 1 U -1
34 0 L 32
35 0 U -1
36 0 U 6
37 0 U 30
38 0 U 15
39 0 U 0
40 0 U 14
41 0 U -1
42 1 U 16
43 1 U 6
44 0 L 20
45 0 U 19
46 0 L 4
47 1 U 46
48 1 U 2
49 0 U 6
50 0 L -1
51 1 U 43
52 1 L 22
53 0 U 20
54 0 U -1
55 0 L -1
56 1 L 47
57 0 L 51
58 0 L 44
59 1 L -1
60 1 L 1
61 0 U 10
62 1 L 4
63 1 L 16
64 0 L 63
65 0 U 54
66 0 L 22
67 1 U 61
68 1 L 39
69 1 L 64
70 0 L 66
71 0 U 62
72 0 L 58
73 1 L 70
74 0 U 65
75 1 U 3
76 0 U 56
77 0 U 55
78 0 L 29
79 0 L 34
80 1 L 1
81 0 L 16
82 0 U 76
83 1 L 81
84 0 L 78
85 0 L 15
86 1 L 6
87 0 L 79
88 1 L 20
89 1 U 16
90 0 L 83
91 1 U -1
92 0 U 70
93 1 L 45
94 0 U 32
95
0 0 U -1
1 0 U -1
2 1 U 1
3 1 U -1
4 1 U 2
5 1 U -1
6 1 U -1
7 1 L 5
8 0 L 3
9 0 L 6
10 1 L 3
11 1 U 5
12 1 U 0
13 0 U 7
14 1 L -1
15 0 L 2
16 0 L 2
17 0 U 5
18 0 U 7
19 0 U 4
20 0 U -1
21 1 L 10
22 0 L 10
23 1 L 4
24 1 U 15
25 0 L 16
26 1 U 19
27 1 U 4
28 1 U 18
29 1 U 25
30 1 U -1
31 1 U 14
32 1 L 3
33 1 U -1
34 0 L 32
35 0 U -1
36 0 U 6
37 0 U 30
38 0 U 4
39 0 U 0
40 0 U 23
41 0 U -1
42 1 L 16
43 1 U 6
44 0 L 20
45 0 U 23
46 1 L 4
47 1 U 46
48 1 U 2
49 0 U 6
50 0 L -1
51 1 U 37
52 1 L 11
53 0 U 20
54 0 U -1
55 0 L -1
56 1 L 47
57 0 L 51
58 0 L 44
59 1 L -1
60 1 L 1
61 0 U 10
62 1 L 4
63 1 L 16
64 0 L 63
65 0 U 54
66 1 L 22
67 1 U 61
68 1 L 39
69 1 L 64
70 0 L 66
71 0 U 62
72 0 L 58
73 1 L 52
74 0 U 65
75 1 U 3
76 0 U 56
77 1 U 55
78 0 L 29
79 0 L 34
80 0 L 1
81 1 L 14
82 0 U 76
83 0 L 81
84 1 L 78
85 1 L 15
86 1 L 6
87 0 L 73
88 1 L 20
89 1 U 16
90 0 U 83
91 1 U -1
92 1 U 70
93 0 L 85
94 1 U 60
95
0 1 U -1
1 0 U -1
2 1 U 1
3 1 U -1
4 1 U 2
5 1 U -1
6 1 U -1
7 1 L 5
8 0 L 3
9 0 L 7
10 1 L 3
11 1 U 1
12 1 U 0
13 0 U 7
14 1 L -1
15 0 L 2
16 0 L 2
17 0 U 5
18 0 U 7
19 0 U 7
20 0 U -1
21 0 L 8
22 0 L 10
23 1 L 2
24 0 U 15
25 0 L 16
26 1 U 19
27 1 U 24
28 1 U 18
29 1 U 25
30 1 U -1
31 1 U 14
32 1 L 3
33 0 U -1
34 0 L 32
35 0 U -1
36 0 U 6
37 1 U 30
38 0 U 4
39 0 U 0
40 0 U 23
41 1 U -1
42 0 L 16
43 0 U 6
44 0 L 20
45 0 U 23
46 1 L 14
47 0 U 46
48 0 U 2
49 0 L 15
50 0 L -1
51 1 U 37
52 1 L 11
53 0 U 20
54 0 U -1
55 0 L -1
56 0 L 47
57 0 L 51
58 0 L 44
59 1 L -1
60 1 L 1
61 0 U 10
62 1 L 4
63 1 L 16
64 0 L 63
65 0 U 54
66 1 L 22
67 1 U 61
68 1 L 39
69 1 L 64
70 0 L 66
71 0 U 62
72 1 L 58
73 1 L 52
74 0 U 65
75 1 U 3
76 0 U 56
77 1 U 55
78 0 L 29
79 0 L 34
80 1 L 1
81 0 L 14
82 0 U 76
83 0 U 81
84 0 L 78
85 1 L 15
86 1 L 6
87 0 L 73
88 1 L 70
89 1 U 16
90 0 U 72
91 1 U -1
92 0 U 70
93 1 U 90
94 1 U 27
95
0 0 U -1
1 0 U -1
2 1 U 1
3 1 U -1
4 1 U 2
5 1 U -1
6 1 U -1
7 1 L 5
8 0 L 3
9 0 L 0
10 1 L 3
11 1 U 0
12 1 U 0
13 0 U 7
14 1 L -1
15 0 L 0
16 0 L 2
17 0 U 0
18 0 U 7
19 0 U 7
20 0 U -1
21 1 L 8
22 0 L 10
23 1 L 2
24 0 U 15
25 0 L 16
26 0 U 19
27 1 U 24
28 1 U 18
29 1 U 25
30 1 U -1
31 1 U 10
32 1 U 6
33 0 U -1
34 0 L 5
35 0 U -1
36 0 U 6
37 1 U 30
38 0 U 4
39 0 U 0
40 0 U 23
41 1 U -1
42 1 L 16
43 0 U 6
44 0 L 20
45 0 U 33
46 1 L 14
47 0 U 46
48 1 U 2
49 0 L 15
50 0 L -1
51 1 U 37
52 1 L 11
53 0 U 20
54 0 U -1
55 0 L -1
56 0 L 47
57 0 L 51
58 0 L 44
59 1 L -1
60 0 L 42
61 0 U 10
62 1 L 4
63 1 L 16
64 0 L 63
65 0 U 54
66 1 L 22
67 1 U 61
68 1 L 39
69 1 L 64
70 0 L 66
71 0 U 62
72 1 L 58
73 1 L 52
74 0 U 65
75 1 U 3
76 0 U 56
77 0 U 55
78 1 L 29
79 1 L 34
80 0 L 1
81 0 L 14
82 0 U 76
83 0 U 81
84 0 L 18
85 1 L 15
86 1 L 2
87 0 L 73
88 0 L 70
89 1 U 16
90 0 U 72
91 1 U -1
92 0 U 70
93 0 U 90
94 1 U 27
95
0 0 U -1
1 0 U -1
2 1 U 1
3 1 U -1
4 1 U 2
5 1 U -1
6 1 U -1
7 1 L 5
8 0 L 3
9 0 L 7
10 1 L 3
11 1 U 1
12 1 U 5
13 0 U 7
14 1 L -1
15 0 L 0
16 0 L 2
17 0 U 0
18 0 U 7
19 0 U 7
20 0 U -1
21 0 L 8
22 0 L 10
23 1 L 2
24 0 U 15
25 0 L 16
26 0 U 19
27 1 U 24
28 1 U 18
29 1 U 25
30 1 U -1
31 1 U 13
32 0 U 31
33 0 U -1
34 0 L 10
35 1 U -1
36 0 U 6
37 1 U 30
38 0 U 4
39 0 U 20
40 0 U 23
41 1 U -1
42 1 L 16
43 0 U 6
44 0 L 20
45 0 U 33
46 1 L 14
47 0 U 46
48 1 U 2
49 1 U 3
50 0 L -1
51 1 U 37
52 1 L 11
53 0 U -1
54 0 U -1
55 0 L -1
56 0 L 47
57 0 L 51
58 0 L 44
59 1 L -1
60 0 L 39
61 0 U 10
62 1 L 4
63 1 L 16
64 0 L 25
65 0 U 54
66 1 L 22
67 1 U 61
68 0 L 39
69 1 L 64
70 0 L 66
71 0 U 62
72 1 L 58
73 1 L 52
74 0 U 65
75 1 U 3
76 0 U 56
77 1 U 44
78 1 L 29
79 1 L 34
80 0 L 1
81 0 L 14
82 0 U 76
83 0 U 74
84 1 L 18
85 0 L 15
86 1 L 2
87 0 L 73
88 1 L 70
89 0 U 16
90 0 U 72
91 1 U -1
92 0 U 70
93 1 U 90
94 1 U 27
95
0 0 U -1
1 0 U -1
2 1 U 1
3 1 U -1
4 1 U 2
5 1 U -1
6 1 U -1
7 1 L 5
8 0 L 3
9 0 L 7
10 1 L 3
11 1 U 1
12 1 U 5
13 0 U 7
14 1 L -1
15 0 L 0
16 0 L 2
17 0 U 0
18 0 U 7
19 0 U 7
20 0 U -1
21 1 L 10
22 0 L 10
23 1 L 2
24 0 U 15
25 0 L 16
26 1 U 19
27 1 U 24
28 1 U 8
29 1 U 25
30 1 U -1
31 1 U 8
32 1 U 5
33 0 U -1
34 0 L 10
35 1 U -1
36 0 U 6
37 1 U 30
38 0 U 4
39 0 U 20
40 0 U 23
41 1 U -1
42 1 L 16
43 0 U 6
44 0 L 20
45 0 U 33
46 1 L 14
47 0 U 46
48 1 U 12
49 1 U 48
50 0 L -1
51 1 U 37
52 1 L 11
53 0 U -1
54 0 U -1
55 0 L 45
56 0 L 47
57 0 L 51
58 0 L 44
59 1 L -1
60 0 L 39
61 0 U 10
62 1 L 4
63 1 L 15
64 0 L 25
65 0 U 54
66 0 L 22
67 1 U 61
68 1 L 39
69 1 L 64
70 0 L 66
71 0 U 62
72 1 L 58
73 1 L 20
74 0 U 65
75 1 U 3
76 0 U 56
77 0 U 44
78 1 L 37
79 1 L 34
80 0 L 1
81 0 L 46
82 0 U 76
83 0 U 74
84 1 L 18
85 0 L 15
86 0 L 2
87 0 L 73
88 1 L 70
89 0 U 16
90 0 U 72
91 1 U -1
92 0 U 70
93 0 U 90
94 1 U 27
95
0 0 L -1
1 0 U -1
2 1 U 1
3 1 U -1
4 1 U 2
5 0 U -1
6 1 U -1
7 1 L 5
8 0 L 3
9 0 L -1
10 1 L 3
11 1 U 1
12 1 U 5
13 0 U 7
14 1 L -1
15 0 L 0
16 0 L 2
17 0 U 0
18 0 U 7
19 0 U 7
20 0 U -1
21 0 L 10
22 0 L 10
23 1 L 2
24 0 U 15
25 0 L 16
26 1 U 23
27 1 U 24
28 1 U 8
29 1 U 16
30 1 U -1
31 1 U 19
32 0 U 26
33 0 U -1
34 0 L 10
35 1 U -1
36 0 U 6
37 1 U 30
38 0 U 16
39 0 U 20
40 0 U 23
41 1 U -1
42 0 L 16
43 0 U 6
44 1 L 20
45 0 U 33
46 1 L 14
47 0 U 46
48 1 U 12
49 0 U 48
50 0 L -1
51 1 U 37
52 1 L 11
53 0 U -1
54 0 U -1
55 1 U 45
56 0 L 47
57 0 L 51
58 0 L 44
59 1 L -1
60 0 L 39
61 0 U 10
62 1 L 4
63 1 L 15
64 0 L 42
65 0 U 54
66 0 L 22
67 1 U 61
68 1 L 63
69 1 L 64
70 0 L 66
71 0 U 62
72 1 L 58
73 1 L 20
74 0 U 65
75 1 U 3
76 0 U 56
77 0 U 44
78 0 L 37
79 0 L 34
80 0 L 1
81 0 L 46
82 0 U 76
83 0 U 74
84 0 L 79
85 0 L 15
86 0 L 30
87 0 L 73
88 0 L 70
89 0 U 16
90 0 U 72
91 1 U -1
92 0 U 70
93 1 L 69
94 1 U 27
95
0 0 U -1
1 0 U -1
2 1 U 1
3 1 U -1
4 1 U 2
5 0 U -1
6 1 U -1
7 1 L 5
8 0 L 3
9 0 U -1
10 1 L 3
11 1 U 1
12 1 U 5
13 0 U 7
14 1 L -1
15 0 L 0
16 0 L 2
17 0 U 0
18 0 U 7
19 0 U 7
20 0 U -1
21 0 L 5
22 0 L 10
23 1 L 2
24 0 U 15
25 0 L 16
26 1 U 23
27 1 U 24
28 1 U 8
29 1 U 16
30 1 U -1
31 0 U 4
32 0 L 29
33 0 U -1
34 0 L 10
35 0 U -1
36 0 U 6
37 1 U 30
38 0 U 18
39 0 U 20
40 0 U 23
41 1 U -1
42 0 L 16
43 0 U 6
44 1 L 20
45 0 U 33
46 1 L 2
47 0 U 46
48 1 U 12
49 0 U 48
50 0 L -1
51 1 U 37
52 1 L 11
53 0 U -1
54 0 U -1
55 0 L 45
56 0 L 47
57 0 L 51
58 0 L 44
59 1 L -1
60 0 L 39
61 0 U 10
62 1 L 4
63 1 L 15
64 0 L 42
65 0 U 54
66 0 L 22
67 1 U 61
68 1 L 63
69 1 L 64
70 0 L 66
71 0 U 62
72 1 L 58
73 1 L 20
74 0 U 65
75 1 U 45
76 0 U 29
77 0 U 44
78 0 L 37
79 0 L 34
80 0 L 1
81 0 L 6
82 0 U 76
83 0 U 74
84 0 L 79
85 1 L 62
86 0 L 30
87 0 L 73
88 1 L 70
89 0 U 16
90 0 U 72
91 1 U -1
92 0 U 70
93 0 L 69
94 1 U 83
95
0 0 U -1
1 0 U -1
2 1 U 1
3 1 U -1
4 1 U 2
5 0 U 0
6 1 U -1
7 1 L 5
8 0 L 3
9 0 L 2
10 1 L 3
11 1 U 1
12 1 U 0
13 0 U 7
14 1 L -1
15 0 L 0
16 0 L 2
17 0 U 0
18 0 U 7
19 0 U 7
20 0 U -1
21 0 L 10
22 0 L 10
23 1 L 2
24 1 U 15
25 0 L 16
26 1 U 23
27 1 U 24
28 1 U 8
29 1 U 25
30 1 U -1
31 0 U 8
32 0 L -1
33 0 U -1
34 0 L 10
35 1 U -1
36 0 U 6
37 1 U 30
38 0 L 18
39 0 U 20
40 0 U 23
41 1 U -1
42 1 L 16
43 1 U 6
44 1 L 20
45 0 U 41
46 1 L 2
47 0 U 46
48 1 U 8
49 1 L 48
50 0 L -1
51 1 U 37
52 1 L 11
53 0 U -1
54 0 U -1
55 0 L 45
56 0 L 1
57 0 L 51
58 0 L 44
59 1 L -1
60 0 L 39
61 0 U 10
62 1 L 32
63 1 L 15
64 0 L 42
65 0 U 54
66 0 L 21
67 1 U 61
68 1 L 3
69 1 L 64
70 0 L 66
71 0 U 62
72 1 L 58
73 0 L 20
74 1 U 7
75 1 U 45
76 0 U 29
77 1 U 44
78 1 L 37
79 0 L 6
80 0 L 1
81 0 L 6
82 0 U 76
83 0 U 74
84 1 L 79
85 0 L 12
86 0 L 59
87 0 L 73
88 0 L 62
89 1 U 16
90 0 U 72
91 1 U -1
92 0 U 70
93 1 U 88
94 0 U 83
95
0 0 U -1
1 0 U -1
2 1 U 1
3 1 U -1
4 1 U 0
5 0 U -1
6 1 U -1
7 1 L 5
8 0 L 3
9 0 L 7
10 1 L 3
11 1 U 1
12 1 U 0
13 0 U 7
14 1 L -1
15 0 L 0
16 0 L 2
17 0 U 0
18 0 U 7
19 0 U 7
20 0 U -1
21 0 L 10
22 0 L 10
23 1 L 2
24 1 U 2
25 0 L 16
26 0 U 23
27 1 U 24
28 1 U 25
29 1 U 25
30 1 U -1
31 1 U 8
32 0 L -1
33 1 U -1
34 0 L 10
35 1 U -1
36 0 U 6
37 1 U 30
38 0 L 18
39 0 U 20
40 0 U 23
41 1 U -1
42 1 L 16
43 1 U 6
44 1 L 20
45 0 U 41
46 1 L 2
47 0 U 46
48 1 U 19
49 0 L 21
50 0 L -1
51 1 U 15
52 1 L 11
53 0 U -1
54 0 U -1
55 0 L 29
56 0 L 1
57 0 L 51
58 0 L 44
59 1 L -1
60 0 L 39
61 0 U 10
62 1 L 32
63 1 L 15
64 0 L 42
65 1 U 3
66 1 L 21
67 1 U 61
68 1 L 3
69 1 L 10
70 0 L 66
71 0 U 62
72 1 L 58
73 1 L 20
74 1 U 7
75 1 U 45
76 0 U 29
77 0 U 44
78 1 L 37
79 1 L 22
80 0 L 1
81 0 L 6
82 0 U 76
83 0 U 74
84 1 L 79
85 1 L 12
86 0 L 27
87 0 L 73
88 1 L 62
89 1 U 16
90 0 U 67
91 1 U -1
92 0 U 70
93 0 L 25
94 0 U 83
95
0 0 L -1
1 0 U -1
2 1 U 1
3 1 U -1
4 1 U 0
5 0 U -1
6 1 U -1
7 1 L 5
8 0 L 3
9 0 L -1
10 1 L 3
11 1 U 1
12 1 U -1
13 0 U 7
14 1 L -1
15 0 L 0
16 0 L 2
17 0 U -1
18 0 U 7
19 0 U 7
20 0 U -1
21 0 L 10
22 0 L 10
23 1 L 14
24 1 U 11
25 0 L 16
26 0 U 23
27 1 U 24
28 1 U 25
29 1 U 25
30 1 U -1
31 1 U 28
32 0 L -1
33 1 U 25
34 0 L 10
35 1 U -1
36 0 U 6
37 1 U 30
38 0 L 18
39 0 U 20
40 0 U 23
41 0 U -1
42 1 L 41
43 1 U 6
44 1 L 20
45 0 U 41
46 1 L 2
47 0 U 46
48 1 U 19
49 0 L 21
50 0 L -1
51 1 U 15
52 1 L 11
53 0 U 42
54 0 U -1
55 0 L 38
56 0 L 15
57 0 L 51
58 0 L 44
59 1 L -1
60 0 L 39
61 0 U 10
62 1 L 32
63 1 L 15
64 0 L 32
65 0 U 3
66 1 L 21
67 1 U 61
68 1 L 30
69 1 L 10
70 0 L 66
71 0 U 62
72 1 L 58
73 1 L 20
74 1 U 25
75 1 U 45
76 0 U 29
77 1 U 44
78 1 L 37
79 1 L 22
80 0 L 1
81 0 L 6
82 0 U 76
83 0 U 74
84 0 L 79
85 1 L 12
86 1 L 25
87 0 L 73
88 0 L 62
89 0 U 16
90 0 U 67
91 1 U -1
92 0 U 70
93 0 L 3
94 0 U 83
95
0 0 L -1
1 0 U -1
2 1 U 1
3 1 U -1
4 1 U 0
5 0 U -1
6 1 U -1
7 1 L 4
8 0 L 3
9 1 L -1
10 1 L 3
11 1 U 5
12 1 U -1
13 0 U 7
14 1 L -1
15 0 L 0
16 0 L 14
17 0 U -1
18 0 U 7
19 0 U 7
20 0 U -1
21 0 L 5
22 0 L 10
23 1 L 14
24 1 U 15
25 0 L 16
26 0 U 17
27 1 U 2
28 1 U 25
29 1 U 9
30 1 U -1
31 1 U 28
32 0 L -1
33 0 U 25
34 0 L 10
35 1 U 6
36 0 U 6
37 1 U 12
38 0 L 18
39 0 U 20
40 0 U 23
41 0 U -1
42 1 L 41
43 0 U 6
44 1 L 20
45 0 U 41
46 1 L 2
47 0 U 46
48 1 U 38
49 1 U 25
50 0 L -1
51 1 U 43
52 1 L 18
53 0 U 42
54 0 U -1
55 0 L 38
56 1 L 15
57 0 L 51
58 0 L 44
59 1 L -1
60 0 L 39
61 0 U 10
62 1 L 32
63 1 L 15
64 0 L 32
65 0 U 3
66 1 L 21
67 1 U 61
68 1 L 63
69 1 L 10
70 0 L 66
71 0 U 62
72 1 L 58
73 1 L 20
74 1 U 43
75 1 U 2
76 0 U 29
77 0 U 44
78 1 L 37
79 0 L 21
80 1 L 1
81 0 L 34
82 0 U 76
83 0 U 74
84 1 L 79
85 0 U 81
86 1 L 25
87 0 L 73
88 1 L 62
89 1 L 16
90 0 U 67
91 1 U -1
92 0 U 70
93 1 L 81
94 0 U 83
95
0 0 U -1
1 0 U -1
2 1 U 1
3 1 U -1
4 1 U 0
5 0 U -1
6 1 U -1
7 1 L 4
8 0 L 3
9 1 L -1
10 1 L 3
11 1 U 5
12 1 U -1
13 0 U 7
14 1 L -1
15 0 L 0
16 0 L 14
17 0 U -1
18 0 U 7
19 0 U 7
20 0 U -1
21 0 L 5
22 0 L 5
23 1 L 14
24 1 U 15
25 0 L 16
26 1 U 11
27 1 U 2
28 1 U 25
29 1 U 9
30 0 U -1
31 0 U 28
32 1 L -1
33 0 U 25
34 0 L 10
35 1 U 30
36 0 U 6
37 1 U 12
38 0 L 18
39 0 U 20
40 0 U 23
41 0 U -1
42 0 L 41
43 0 U 6
44 1 L 20
45 1 U 17
46 1 L 2
47 0 U 32
48 1 U 14
49 1 U 13
50 0 L -1
51 0 U 43
52 1 L 18
53 0 U 42
54 0 U -1
55 1 L 38
56 1 L 15
57 0 L 51
58 0 L 44
59 1 L -1
60 0 L 39
61 0 U 10
62 1 L 32
63 1 L 15
64 0 L 32
65 1 U 3
66 0 L 21
67 1 U 61
68 1 L 63
69 1 L 10
70 0 L 66
71 0 U 62
72 1 L 58
73 1 L 20
74 1 U 43
75 1 U 2
76 0 U 29
77 0 U 44
78 0 L 37
79 0 L 21
80 1 L 1
81 1 L 24
82 0 U 76
83 0 U 74
84 1 L 79
85 0 U 59
86 0 L 25
87 0 L 73
88 1 L 62
89 0 L 16
90 0 L 67
91 1 U -1
92 0 U 70
93 0 L 79
94 0 U 83
95
0 0 U -1
1 0 U -1
2 1 U 1
3 1 U -1
4 1 U 0
5 0 U -1
6 1 U -1
7 1 L 4
8 0 L 3
9 1 L -1
10 1 L 3
11 1 U -1
12 1 U -1
13 0 U 7
14 1 L -1
15 0 L 0
16 0 L 14
17 0 U -1
18 0 U 7
19 0 U 7
20 0 U -1
21 0 L 5
22 0 L 5
23 1 L 14
24 1 U 2
25 0 L 16
26 1 U 17
27 1 U 2
28 1 U 25
29 1 U 9
30 0 U -1
31 1 U 28
32 1 L -1
33 1 U 25
34 0 L 10
35 1 U 30
36 0 U 6
37 1 U 12
38 0 L 18
39 0 U 20
40 0 U 23
41 0 U -1
42 0 L 41
43 0 U 6
44 1 L 20
45 1 U 12
46 0 L 2
47 0 U 32
48 1 U 14
49 1 U 13
50 0 L -1
51 0 U 43
52 1 L 18
53 0 U 42
54 0 U -1
55 0 L 38
56 1 L 15
57 0 L 51
58 0 L 44
59 1 L -1
60 1 L 39
61 0 U 10
62 1 L 32
63 1 L 15
64 0 L 32
65 0 U 3
66 1 L 21
67 1 U 61
68 1 L 63
69 1 L 4
70 0 L 66
71 1 U 62
72 1 L 58
73 1 L 20
74 1 U 43
75 1 U 2
76 0 U 29
77 0 U 44
78 0 L 37
79 1 L 21
80 1 L 1
81 0 L 24
82 0 U 76
83 0 L 74
84 0 L 79
85 0 U 59
86 1 L 25
87 0 L 63
88 0 L 18
89 1 L 16
90 0 L 67
91 1 U -1
92 1 U 70
93 1 U 54
94 0 U 38
95
0 0 L -1
1 0 U -1
2 1 U 1
3 1 U -1
4 1 U 0
5 0 U -1
6 1 U -1
7 1 L 5
8 0 L 3
9 1 L -1
10 1 L 3
11 1 U 5
12 1 U -1
13 0 U 7
14 1 L -1
15 0 L 0
16 0 L 14
17 0 U -1
18 0 U 7
19 0 U 9
20 0 U -1
21 0 L 5
22 0 L 5
23 1 L 2
24 1 U 11
25 0 L 1
26 1 U 17
27 1 U 2
28 1 U 25
29 1 U 16
30 0 U -1
31 1 U 28
32 1 L -1
33 1 U 25
34 0 L 10
35 1 U -1
36 0 U 6
37 1 U 0
38 0 L 11
39 0 U 20
40 0 U 23
41 0 U -1
42 0 L 41
43 0 U 6
44 1 L 20
45 1 U 12
46 0 L 2
47 0 U 32
48 1 U 14
49 1 U 13
50 0 L -1
51 0 U 43
52 1 L 18
53 0 U 42
54 0 U -1
55 1 L 52
56 0 L 15
57 0 L 51
58 0 L 44
59 1 L -1
60 1 L 39
61 0 U 10
62 1 L 32
63 1 L 15
64 0 L 9
65 0 U 3
66 0 L 21
67 1 U 47
68 1 L 63
69 1 L 4
70 0 L 66
71 1 U 4
72 1 L 37
73 1 L 20
74 1 U 43
75 1 U 2
76 0 U 29
77 1 U 44
78 1 L 58
79 1 L 22
80 0 L 50
81 1 L 24
82 0 U 76
83 0 L 52
84 0 L 79
85 0 U 59
86 0 L 80
87 0 L 63
88 0 L 18
89 0 L 62
90 0 L 62
91 1 U -1
92 1 U 70
93 1 U 92
94 0 U 38
95
0 0 L -1
1 0 U -1
2 1 U 1
3 1 U -1
4 1 U 0
5 0 U -1
6 1 U -1
7 1 L 5
8 0 L 3
9 1 L -1
10 1 L 3
11 1 U 0
12 1 U -1
13 0 U 7
14 1 L -1
15 0 L 0
16 0 L 14
17 0 U -1
18 0 U 7
19 0 U 7
20 0 U -1
21 0 L 5
22 0 L 4
23 1 L 2
24 1 U 15
25 0 L 1
26 0 U 3
27 1 U 2
28 1 U 25
29 1 U 16
30 1 U -1
31 0 U 28
32 0 L -1
33 1 U 8
34 0 L 5
35 1 U -1
36 0 U 6
37 1 U 30
38 0 L 11
39 0 U 20
40 0 U 32
41 0 U -1
42 0 L 41
43 0 U 3
44 1 L 20
45 1 U 12
46 0 L 2
47 0 U 32
48 1 U 14
49 1 U 8
50 0 L -1
51 0 U 25
52 1 L 18
53 0 U 42
54 0 U -1
55 0 L 15
56 1 L 29
57 0 L 51
58 0 L 44
59 1 L -1
60 1 L 39
61 1 U 10
62 1 L 32
63 1 L 15
64 0 L 9
65 0 U 3
66 1 L 21
67 1 L 45
68 1 L 63
69 1 L 4
70 0 L 66
71 1 U 4
72 1 L 37
73 1 L 19
74 1 U 43
75 1 U 53
76 0 U 29
77 0 U 44
78 0 L 58
79 1 L 22
80 1 L 50
81 1 L 24
82 0 U 40
83 0 L 49
84 1 L 79
85 0 U 59
86 0 L 70
87 0 L 63
88 0 L 16
89 1 L 62
90 0 U 62
91 1 U -1
92 0 U 70
93 0 U 75
94 0 U 38
95
0 0 L -1
1 0 U -1
2 1 U 1
3 1 U -1
4 1 U 0
5 0 U -1
6 1 U -1
7 1 L 5
8 0 L 3
9 1 L -1
10 1 L 3
11 1 U 0
12 1 U -1
13 0 U 7
14 1 L -1
15 0 L 2
16 0 L 14
17 0 U -1
18 0 U 7
19 0 U 7
20 0 U -1
21 0 L 5
22 0 L 4
23 0 L 3
24 1 U 15
25 0 L 1
26 1 U 3
27 1 U 2
28 1 U 25
29 1 U 16
30 1 U -1
31 0 U 28
32 0 L -1
33 1 U 8
34 0 L 5
35 1 U -1
36 0 U 3
37 1 U 30
38 0 L 11
39 0 U 20
40 0 U 32
41 0 U -1
42 0 L 41
43 0 U 3
44 1 L 20
45 1 U 12
46 0 L 2
47 0 U 32
48 1 U 14
49 1 U 8
50 0 L -1
51 0 U 25
52 1 L 18
53 0 U 42
54 0 U -1
55 0 L 15
56 0 L 29
57 0 L 51
58 0 L 44
59 1 L -1
60 1 L 39
61 1 U 10
62 1 L 32
63 1 L 15
64 0 L 32
65 0 U 3
66 0 L 21
67 1 L 45
68 1 L 63
69 1 L 10
70 0 L 66
71 1 U 4
72 1 L 37
73 1 L 30
74 1 U 43
75 1 U 53
76 0 U 29
77 1 U 44
78 1 L 58
79 1 L 22
80 1 L 50
81 1 L 24
82 0 U 40
83 0 L 33
84 0 L 79
85 0 U 59
86 0 L 70
87 0 L 63
88 1 L 16
89 1 L 62
90 0 U 62
91 1 U -1
92 0 U 70
93 1 U 75
94 1 U 38
95
0 0 L -1
1 0 U -1
2 1 U 1
3 1 U -1
4 1 U 1
5 0 U -1
6 1 U -1
7 1 L 5
8 0 L 3
9 1 L -1
10 1 L 3
11 1 U 0
12 1 U -1
13 0 U 7
14 1 L -1
15 0 L 2
16 0 L 14
17 0 U -1
18 0 U 7
19 0 U 7
20 0 U -1
21 0 L 5
22 0 L 4
23 1 U 3
24 1 U 15
25 0 L 1
26 1 U 4
27 1 U 23
28 1 U 25
29 1 U 16
30 1 U -1
31 1 U 10
32 0 L -1
33 1 U 18
34 0 L 5
35 1 U -1
36 0 U 3
37 1 U 30
38 0 L 11
39 0 U 20
40 0 U 32
41 0 U -1
42 0 L 41
43 0 U 39
44 1 L 20
45 1 U 12
46 0 L 2
47 0 U 32
48 1 U 14
49 1 U 16
50 0 L -1
51 0 U 25
52 1 L 18
53 0 U 42
54 0 U -1
55 1 L 15
56 1 L 24
57 0 L 51
58 0 L 44
59 1 L -1
60 1 L 39
61 0 U 57
62 1 L 32
63 1 L 15
64 0 L 32
65 0 U 3
66 0 L 21
67 1 L 45
68 1 L 63
69 1 L 10
70 0 L 66
71 1 U 4
72 1 L 37
73 1 L 30
74 1 U 36
75 1 U 53
76 0 U 29
77 0 U 44
78 0 L 58
79 0 L 22
80 1 L 50
81 0 L 24
82 0 U 40
83 0 L 58
84 1 L 79
85 0 U 59
86 1 L 70
87 0 L 63
88 1 L 16
89 1 L 62
90 0 U 62
91 1 U -1
92 0 U 70
93 1 U 75
94 1 U 46
95
0 0 L -1
1 0 U -1
2 1 U 1
3 1 U -1
4 1 U 1
5 0 U -1
6 1 U -1
7 1 L 5
8 0 L 3
9 1 L -1
10 1 L 3
11 1 U 0
12 1 U -1
13 0 U 7
14 1 L -1
15 0 L 2
16 0 L 14
17 0 U -1
18 0 U 7
19 0 U 7
20 0 U -1
21 0 L 5
22 0 L 4
23 1 U 3
24 1 U 15
25 0 L 1
26 0 U 4
27 1 U 23
28 1 U 25
29 1 U 16
30 1 U -1
31 1 U 10
32 0 L -1
33 1 U 18
34 0 L 5
35 1 U -1
36 0 U 3
37 1 U 30
38 0 L 11
39 0 U 20
40 0 U 32
41 0 U -1
42 0 L 41
43 0 U 39
44 1 L 20
45 1 U 41
46 0 L 2
47 0 U 32
48 1 U 14
49 1 U 27
50 0 L -1
51 0 U 25
52 1 L 18
53 0 U 42
54 0 U -1
55 1 L 15
56 1 L 24
57 0 L 51
58 0 L 44
59 1 L -1
60 1 L 39
61 1 U 57
62 1 L 32
63 1 L 15
64 0 L 32
65 0 U 3
66 0 L 21
67 1 L 45
68 1 L 63
69 1 L 10
70 0 L 66
71 1 U 17
72 1 L 37
73 1 L 30
74 1 U 24
75 1 U 53
76 0 U 29
77 1 U 44
78 0 L 58
79 0 L 22
80 1 L 50
81 0 L 24
82 0 U 40
83 0 L 58
84 1 L 79
85 0 U 59
86 1 L 23
87 0 L 19
88 0 L 16
89 0 L 62
90 0 L 62
91 1 U -1
92 0 U 70
93 1 U 75
94 1 U 46
95
0 0 U -1
1 0 U -1
2 1 U 1
3 1 U -1
4 1 U 1
5 0 U -1
6 1 U -1
7 1 L 5
8 0 L 3
9 1 L -1
10 1 L 3
11 1 U 0
12 1 U -1
13 0 U 7
14 1 L -1
15 0 L 2
16 0 L 14
17 0 U -1
18 0 U 7
19 0 U 9
20 0 U -1
21 0 L 5
22 0 L 4
23 0 U 3
24 1 U 15
25 0 L 1
26 1 U 17
27 1 U 11
28 1 U 25
29 1 U 16
30 1 U -1
31 1 U 10
32 0 L -1
33 1 U 16
34 0 L 5
35 1 U -1
36 0 U 17
37 1 U 12
38 0 L 11
39 0 U 20
40 0 U 32
41 0 U -1
42 0 L 41
43 0 U 39
44 1 L 20
45 1 U 41
46 1 L 2
47 0 U 32
48 1 U 14
49 1 U 27
50 0 L -1
51 0 U 25
52 1 L 18
53 0 U 42
54 0 U -1
55 1 L 21
56 1 U 24
57 0 L 51
58 0 L 44
59 1 L -1
60 1 L 39
61 1 U 57
62 1 L 32
63 1 L 15
64 0 L 32
65 0 U 3
66 1 L 21
67 1 L 45
68 1 L 63
69 1 L 10
70 0 L 66
71 0 U 17
72 1 L 37
73 1 L 30
74 1 U 9
75 1 U 53
76 0 U 29
77 1 U 44
78 0 L 58
79 0 L 22
80 1 L 50
81 1 L 24
82 1 U 66
83 0 L 58
84 1 L 79
85 0 U 59
86 1 L 23
87 0 L 19
88 1 L 16
89 0 L 62
90 0 L 62
91 1 U -1
92 1 U 70
93 1 U 75
94 0 U 46
95
0 0 U -1
1 0 U -1
2 1 U 1
3 1 U -1
4 1 U 1
5 0 U -1
6 1 U -1
7 1 L 5
8 0 L 3
9 1 L -1
10 1 L 3
11 1 U 0
12 1 U -1
13 0 U 7
14 1 L -1
15 0 L 2
16 0 L 14
17 0 U -1
18 0 U 7
19 0 U 9
20 0 U -1
21 0 L 5
22 0 L 4
23 1 U 17
24 1 U 15
25 0 L 1
26 0 U 17
27 1 U 11
28 1 U 25
29 1 U 25
30 1 U -1
31 0 U 10
32 0 L -1
33 1 U 16
34 0 L 5
35 0 U -1
36 0 U 17
37 1 U 30
38 0 L 11
39 0 U 20
40 0 U 32
41 0 U -1
42 0 L 41
43 1 U 39
44 1 L 20
45 1 U 41
46 1 L 2
47 1 U 32
48 1 U 14
49 1 U 27
50 0 L -1
51 0 U 25
52 1 L 18
53 0 U 42
54 0 U -1
55 1 L 28
56 0 U 53
57 0 L 51
58 0 L 44
59 1 L -1
60 1 L 46
61 0 U 57
62 1 L 32
63 1 L 15
64 0 L 32
65 0 U 6
66 1 L 21
67 1 L 45
68 1 L 63
69 1 L 10
70 0 L 66
71 0 U 17
72 1 L 60
73 1 L 30
74 1 U 9
75 1 U 53
76 0 U 68
77 1 U 22
78 0 L 58
79 1 L 22
80 1 L 50
81 0 L 34
82 1 U 66
83 1 L 73
84 0 L 79
85 0 U 59
86 1 L 23
87 0 L 19
88 1 L 60
89 1 L 62
90 0 L 62
91 1 U -1
92 1 U 70
93 0 U 75
94 0 U 46
95
0 1 U -1
1 1 U -1
2 1 U 1
3 1 U -1
4 1 U 1
5 0 U -1
6 1 U -1
7 1 L 5
8 0 L 3
9 1 L -1
10 1 L 3
11 1 U 1
12 1 U -1
13 0 U 7
14 1 L -1
15 0 L 2
16 0 L 14
17 0 U -1
18 0 U 7
19 0 U 9
20 0 U -1
21 0 L 5
22 0 L 4
23 0 U 21
24 1 U 15
25 0 L 1
26 0 U 3
27 1 U 11
28 1 U 7
29 1 U 25
30 1 U -1
31 1 U 10
32 0 L -1
33 1 U 7
34 0 L 5
35 0 U -1
36 0 U 17
37 1 U 6
38 0 L 11
39 0 U 20
40 0 U 32
41 0 U -1
42 0 L 41
43 1 U 39
44 1 L 20
45 1 U 17
46 1 L 2
47 1 U 32
48 1 U 14
49 1 U 14
50 0 L -1
51 0 U 25
52 1 L 18
53 0 U 42
54 0 U -1
55 0 L 28
56 0 U 53
57 0 L 51
58 0 L 44
59 1 L -1
60 1 L 46
61 0 U 57
62 1 L 32
63 1 L 15
64 0 L 32
65 1 U 6
66 1 L 24
67 1 L 45
68 1 L 63
69 1 L 58
70 0 L 66
71 0 U 17
72 1 L 60
73 1 L 30
74 1 U 25
75 1 U 53
76 0 U 31
77 1 U 22
78 1 L 58
79 0 L 22
80 0 L 50
81 0 L 22
82 1 U 70
83 1 L 73
84 0 L 79
85 0 U 59
86 1 L 16
87 0 L 19
88 0 L 60
89 1 L 62
90 0 L 88
91 1 U -1
92 1 U 70
93 0 U 30
94 1 U 46
95
0 1 U -1
1 1 U -1
2 1 U 1
3 1 U -1
4 1 U 0
5 0 U -1
6 1 U -1
7 1 L 5
8 0 L 3
9 1 L -1
10 1 L 3
11 1 U 1
12 1 U -1
13 0 U 7
14 1 L -1
15 0 L 2
16 0 L 14
17 0 U -1
18 0 U 7
19 0 U 9
20 0 U -1
21 1 L 5
22 0 L 4
23 0 U 3
24 1 U 15
25 0 L 1
26 0 U 3
27 1 U 23
28 1 U 7
29 1 U 25
30 1 U -1
31 1 U 10
32 0 L -1
33 1 U 8
34 0 L 5
35 1 U -1
36 0 U 17
37 1 U 6
38 0 L 11
39 0 U 20
40 0 U 32
41 1 U -1
42 0 L 41
43 1 U 39
44 1 L 20
45 1 U 17
46 1 L 32
47 1 U 32
48 1 U 14
49 1 U 14
50 0 L -1
51 0 U 25
52 1 L 18
53 0 U 42
54 0 U -1
55 1 L 28
56 0 L 53
57 0 L 51
58 0 L 44
59 1 L -1
60 1 L 46
61 1 U 57
62 1 L 32
63 1 L 15
64 0 L 32
65 0 U 3
66 0 L 24
67 1 L 45
68 1 U 63
69 1 L 58
70 0 L 22
71 0 U 17
72 1 L 60
73 1 L 30
74 1 U 25
75 1 U 53
76 0 U 12
77 1 U 22
78 1 L 58
79 1 L 22
80 0 L 50
81 0 L 22
82 1 U 70
83 1 L 73
84 1 L 60
85 0 U 59
86 1 L 16
87 0 L 19
88 0 L 60
89 1 L 62
90 1 L 88
91 1 U -1
92 1 U 70
93 1 U 28
94 1 U 46
95
0 0 L -1
1 1 U -1
2 1 U 1
3 1 U -1
4 1 U 0
5 0 U -1
6 1 U -1
7 1 L 5
8 0 L 3
9 1 L -1
10 1 L 3
11 1 U 5
12 1 U -1
13 0 U 7
14 1 L -1
15 0 L 2
16 0 L 14
17 0 U -1
18 0 U 7
19 0 U 9
20 0 U -1
21 1 L 5
22 0 L 4
23 0 L 3
24 1 U 15
25 0 L 1
26 0 U 3
27 1 U 11
28 1 U 7
29 1 U 25
30 1 U -1
31 0 U 10
32 0 L -1
33 1 U 8
34 0 L 5
35 0 U -1
36 0 U 17
37 1 U 6
38 0 L 11
39 0 U 1
40 0 U 32
41 0 U -1
42 0 L 41
43 1 U 39
44 1 L 20
45 1 U 17
46 1 L 32
47 1 U 32
48 1 U 14
49 1 U 14
50 0 L -1
51 0 U 45
52 1 L 18
53 0 U 42
54 0 U -1
55 1 L 28
56 0 L 22
57 0 L 51
58 0 L 44
59 1 L -1
60 1 L 46
61 1 U 49
62 1 L 32
63 1 L 15
64 0 L 32
65 1 U 3
66 0 L 24
67 1 L 45
68 1 L 63
69 1 L 58
70 0 L 22
71 1 U 17
72 0 L 60
73 1 L 28
74 0 U 25
75 1 U 53
76 0 L 12
77 0 U 22
78 1 L 58
79 1 L 22
80 0 L 50
81 0 L 22
82 1 L 70
83 1 L 73
84 0 L 60
85 0 U 69
86 1 L 16
87 0 L 19
88 0 L 60
89 1 L 62
90 0 L 88
91 0 U -1
92 0 U 70
93 0 U 28
94 1 U 46
95
0 1 U -1
1 1 U -1
2 1 U 1
3 1 U -1
4 1 U 0
5 0 U -1
6 1 U -1
7 1 L 5
8 0 L 3
9 1 L -1
10 1 L 3
11 1 U 1
12 1 U -1
13 0 U 7
14 1 L -1
15 0 L 2
16 0 L 14
17 0 U -1
18 0 U 7
19 0 U 9
20 0 U -1
21 1 L 5
22 0 L 4
23 0 L 3
24 1 U 11
25 0 L 1
26 0 U 3
27 1 U 26
28 1 U 7
29 1 U 25
30 1 U -1
31 1 U 10
32 0 L -1
33 1 U 27
34 1 L 5
35 0 U -1
36 0 U 12
37 1 U 6
38 0 L 11
39 0 U 1
40 0 U 28
41 1 U -1
42 0 L 41
43 1 U 39
44 0 L 38
45 1 U 17
46 1 L 32
47 1 U 32
48 1 U 14
49 1 U 14
50 0 L -1
51 0 U 45
52 1 L 18
53 0 U 42
54 0 U -1
55 1 L 12
56 1 L 22
57 0 L 51
58 0 L 44
59 1 L -1
60 1 L 46
61 1 U 49
62 1 L 32
63 1 L 15
64 0 L 32
65 0 U 3
66 1 L 24
67 1 L 45
68 1 U 39
69 1 L 58
70 0 L 22
71 0 U 17
72 0 L 60
73 1 L 28
74 0 U 25
75 1 U 53
76 0 L 12
77 1 U 22
78 1 L 58
79 1 L 22
80 0 L 50
81 0 L 22
82 1 L 70
83 1 L 73
84 1 L 60
85 1 U 69
86 1 L 16
87 0 L 19
88 0 L 60
89 1 L 62
90 1 L 88
91 1 U -1
92 0 U 70
93 1 U 28
94 0 U 46
95
0 1 L -1
1 1 U -1
2 1 U 1
3 1 U -1
4 1 U 0
5 0 U -1
6 1 U -1
7 1 L 5
8 0 L 3
9 1 L -1
10 1 L 3
11 1 U 0
12 1 U -1
13 0 U 7
14 1 L -1
15 0 L 2
16 0 L 14
17 0 U -1
18 0 U 7
19 0 U 9
20 1 U -1
21 1 L 5
22 0 L 4
23 0 U 20
24 1 U 11
25 0 L 1
26 0 U 3
27 1 U 26
28 1 U 7
29 1 U 25
30 1 U -1
31 1 U 10
32 0 L -1
33 1 U 16
34 1 L 5
35 1 U -1
36 0 U 12
37 1 U 6
38 0 L 11
39 0 U 1
40 0 U 28
41 1 U -1
42 1 L 41
43 1 U 39
44 0 L 38
45 1 U 17
46 1 L 32
47 1 U 32
48 1 U 14
49 1 U 14
50 0 L -1
51 0 U 45
52 1 L 18
53 0 U 41
54 0 U -1
55 1 L 12
56 1 L 22
57 0 L 51
58 0 L 44
59 1 L -1
60 1 L 46
61 0 U 49
62 1 L 32
63 1 L 15
64 0 L 32
65 0 U 3
66 1 L 24
67 1 L 45
68 1 U 39
69 1 L 33
70 0 L 22
71 0 U 17
72 1 L 60
73 1 L 28
74 0 U 25
75 1 U 53
76 0 L 26
77 1 U 22
78 1 L 58
79 1 L 24
80 0 L 50
81 0 L 21
82 1 L 70
83 1 L 73
84 1 L 60
85 1 U 69
86 1 L 16
87 0 L 19
88 0 L 60
89 1 L 62
90 1 L 88
91 1 U -1
92 0 U 70
93 0 U 28
94 1 U 46
95
0 1 U -1
1 1 U -1
2 1 U 1
3 1 U -1
4 1 U 1
5 0 U -1
6 1 U -1
7 1 L 5
8 0 L 3
9 1 L -1
10 1 L 3
11 1 U 0
12 1 U -1
13 0 U 7
14 1 L -1
15 0 L 2
16 0 L 14
17 0 U -1
18 0 U 7
19 0 U 9
20 0 U -1
21 1 L 5
22 0 L 4
23 0 L 3
24 1 U 11
25 0 L 1
26 0 U 3
27 1 U 2
28 1 U 25
29 1 U 25
30 1 U -1
31 1 U 10
32 0 L -1
33 1 U 16
34 1 L 8
35 1 U -1
36 0 U 12
37 1 U 17
38 0 L 11
39 0 U 1
40 0 U 28
41 1 U -1
42 1 L 41
43 1 U 39
44 0 L 38
45 1 U 17
46 1 L 32
47 1 U 32
48 1 U 14
49 1 U 14
50 0 L -1
51 0 U 45
52 1 L 18
53 0 U 41
54 0 U -1
55 1 L 12
56 0 L 22
57 0 L 51
58 0 L 44
59 1 L -1
60 1 L 46
61 0 U 49
62 1 L 32
63 1 L 15
64 0 L 32
65 1 U 3
66 1 L 24
67 1 L 45
68 1 U 39
69 1 L 33
70 0 L 22
71 0 U 17
72 0 L 60
73 0 L 28
74 0 U 25
75 0 U 53
76 0 L 70
77 1 U 22
78 1 L 58
79 1 L 24
80 0 L 50
81 0 L 21
82 1 L 70
83 1 L 73
84 0 L 60
85 0 U 69
86 1 L 16
87 0 L 19
88 0 L 60
89 1 L 62
90 1 L 88
91 1 U -1
92 0 U 70
93 0 U 28
94 1 U 46
95
0 1 L -1
1 1 U -1
2 1 U 1
3 1 U -1
4 1 U 0
5 0 U -1
6 1 U -1
7 1 L 5
8 0 L 3
9 1 L -1
10 1 L 3
11 1 U 0
12 1 U -1
13 0 U 7
14 1 L -1
15 0 L 2
16 0 L 14
17 0 U -1
18 0 U 7
19 0 U 9
20 0 U -1
21 1 L 5
22 0 L 4
23 0 U 3
24 1 U 11
25 0 L 1
26 0 U 3
27 1 U 2
28 1 U 25
29 1 U 25
30 1 U -1
31 0 U 10
32 0 L -1
33 1 U 16
34 1 L 8
35 0 U -1
36 0 U 12
37 1 U 17
38 0 L 11
39 0 U 1
40 0 U 28
41 1 U -1
42 0 L 41
43 1 U 6
44 0 L 38
45 1 U 17
46 1 L 32
47 1 U 32
48 1 U 14
49 1 U 14
50 0 L -1
51 0 U 45
52 1 L 18
53 0 U 41
54 0 U -1
55 1 L 12
56 0 L 22
57 0 L 51
58 0 L 44
59 1 L -1
60 1 L 46
61 1 U 49
62 1 L 32
63 1 L 15
64 0 L 32
65 0 U 3
66 0 L 24
67 1 L 45
68 1 U 39
69 1 L 33
70 0 L 24
71 0 U 66
72 0 L 60
73 1 L 28
74 0 U 25
75 1 U 53
76 0 L 70
77 1 U 22
78 1 L 58
79 1 L 24
80 0 L 50
81 0 L 21
82 1 L 70
83 1 L 73
84 0 L 60
85 1 U 69
86 1 L 60
87 0 L 19
88 0 L 60
89 0 L 62
90 1 L 88
91 0 U -1
92 0 U 70
93 0 U 49
94 0 U 75
95
0 1 U -1
1 1 U -1
2 1 U 1
3 1 U -1
4 1 U 0
5 0 U -1
6 1 U -1
7 1 L 5
8 0 L 3
9 1 L -1
10 1 L 3
11 1 U 0
12 1 U -1
13 0 U 7
14 1 L -1
15 0 L 2
16 0 L 14
17 0 U -1
18 0 U 7
19 0 U 9
20 0 U -1
21 1 L 5
22 0 L 10
23 0 U 6
24 1 U 11
25 0 L 1
26 0 U 3
27 1 U 15
28 1 U 25
29 1 U 25
30 1 U -1
31 1 U 10
32 0 L -1
33 1 U 16
34 1 L 8
35 1 U -1
36 0 U 12
37 0 U 23
38 0 L 11
39 0 U 1
40 0 U 28
41 1 U -1
42 0 L 41
43 1 U 6
44 1 L 38
45 1 U 17
46 0 L 32
47 1 U 32
48 1 U 14
49 1 U 14
50 0 L -1
51 0 U 45
52 1 L 18
53 0 U 41
54 0 U -1
55 0 L 12
56 1 L 22
57 0 L 51
58 0 L 44
59 1 L -1
60 1 L 46
61 1 U 49
62 1 L 0
63 1 L 15
64 0 L 0
65 1 U 3
66 0 L 24
67 1 L 48
68 1 U 39
69 1 L 33
70 0 L 24
71 0 U 63
72 0 L 60
73 1 L 28
74 0 U 25
75 1 U 53
76 1 L 70
77 1 U 22
78 1 L 58
79 1 L 24
80 0 L 50
81 0 L 21
82 1 L 70
83 1 L 73
84 0 L 60
85 0 U 69
86 1 L 60
87 0 L 19
88 0 L 60
89 0 L 62
90 1 L 88
91 1 U -1
92 0 U 70
93 1 U 49
94 1 U 75
95
0 1 U -1
1 1 U -1
2 1 U 1
3 1 U -1
4 1 U 0
5 0 U -1
6 1 U -1
7 1 L 5
8 0 L 3
9 1 L -1
10 1 L 3
11 1 U 1
12 1 U -1
13 0 U 7
14 1 L -1
15 0 L 2
16 1 L 14
17 0 U -1
18 0 U 7
19 0 U 9
20 0 U 5
21 1 L 5
22 0 L 10
23 0 U 6
24 1 U 11
25 0 L 1
26 1 U 20
27 1 U 7
28 1 U 25
29 1 U 25
30 0 U -1
31 1 U 10
32 0 L -1
33 1 U 18
34 1 L 8
35 1 U -1
36 0 U 12
37 0 U 23
38 0 L 11
39 0 U 1
40 0 U 28
41 1 U -1
42 1 L 41
43 1 U 39
44 1 L 38
45 1 U 17
46 0 L 32
47 1 U 32
48 1 U 14
49 1 U 14
50 0 L -1
51 0 U 45
52 1 L 18
53 0 U 41
54 0 U -1
55 0 L 12
56 0 L 22
57 0 L 51
58 1 L 44
59 1 L -1
60 1 L 46
61 1 U 32
62 1 L 0
63 1 L 15
64 0 L 14
65 1 U 3
66 0 L 24
67 1 L 48
68 1 U 39
69 1 L 33
70 0 L 24
71 0 U 63
72 0 L 60
73 1 L 28
74 0 U 25
75 1 U 53
76 1 L 70
77 1 U 22
78 0 L 58
79 1 L 24
80 0 L 50
81 0 L 21
82 1 L 70
83 1 L 73
84 0 L 60
85 0 U 69
86 1 L 60
87 0 L 19
88 0 L 60
89 0 L 62
90 1 L 88
91 1 U -1
92 0 U 70
93 1 U 89
94 1 U 33
95
0 1 U -1
1 1 U -1
2 1 U 1
3 1 U -1
4 1 U 1
5 0 U -1
6 1 U -1
7 1 L 5
8 0 L 3
9 1 L -1
10 1 L 3
11 1 U 1
12 1 U -1
13 0 U 7
14 1 L -1
15 0 L 2
16 1 L 14
17 0 U -1
18 0 U 7
19 0 U 9
20 0 U 5
21 1 L 5
22 0 L 10
23 0 U 6
24 1 U 11
25 0 L 1
26 1 U 20
27 1 U 7
28 1 U 25
29 1 U 25
30 0 U -1
31 1 U 10
32 0 L -1
33 1 U 18
34 1 L 8
35 1 U -1
36 0 U 12
37 1 U 23
38 0 L 11
39 0 U 1
40 0 U 28
41 1 U -1
42 1 U 41
43 1 U 23
44 1 L 38
45 1 U 17
46 0 L 32
47 1 U 32
48 1 U 14
49 1 U 27
50 0 L -1
51 0 U 45
52 1 L 18
53 0 U 41
54 0 U -1
55 0 L 12
56 1 L 22
57 0 L 51
58 0 L 44
59 1 L -1
60 1 L 46
61 1 U 32
62 1 L 0
63 1 L 15
64 0 L 2
65 0 U 3
66 1 L 24
67 1 L 48
68 1 U 39
69 1 L 33
70 0 L 24
71 0 U 48
72 0 L 60
73 1 L 28
74 0 U 25
75 1 U 53
76 1 L 23
77 1 U 22
78 1 L 58
79 1 L 24
80 0 L 50
81 0 L 21
82 1 L 70
83 1 L 72
84 0 L 60
85 0 U 69
86 1 L 60
87 0 L 19
88 0 L 60
89 0 L 62
90 1 L 88
91 1 U -1
92 0 U 70
93 1 U 89
94 1 U 33
95
0 1 U -1
1 1 U -1
2 1 U 1
3 1 U -1
4 1 U 1
5 0 U -1
6 1 U -1
7 1 L 5
8 0 L 3
9 1 L -1
10 1 L 3
11 1 U 0
12 1 U -1
13 0 U 7
14 1 L -1
15 0 L 2
16 0 L 14
17 0 U -1
18 0 U 7
19 0 U 9
20 0 U 5
21 1 L 5
22 0 L 10
23 0 U 6
24 1 U 11
25 0 L 1
26 1 U 20
27 1 U 7
28 1 U 25
29 1 U 25
30 1 U -1
31 1 U 10
32 0 L -1
33 1 U 18
34 1 L 8
35 1 U -1
36 1 U 12
37 0 U 23
38 0 L 11
39 0 U 1
40 0 U 28
41 1 U -1
42 1 U 41
43 1 U 23
44 1 L 38
45 1 U 17
46 0 L 32
47 1 U 32
48 1 U 14
49 1 U -1
50 0 L -1
51 0 U 45
52 1 L 18
53 0 U 41
54 1 U -1
55 1 L 12
56 0 L 24
57 0 L 51
58 0 L 44
59 1 L -1
60 1 L 46
61 0 U 32
62 1 L 0
63 1 L 15
64 0 L 2
65 0 U 20
66 1 L 24
67 1 L 48
68 1 U 20
69 1 L 33
70 0 L 24
71 0 U 48
72 0 L 60
73 1 L 28
74 0 U 25
75 1 U 53
76 1 L 23
77 1 U 22
78 1 L 58
79 1 L 24
80 0 L 50
81 0 L 21
82 1 L 70
83 1 L 72
84 0 L 60
85 0 U 69
86 1 L 60
87 0 L 19
88 0 L 60
89 0 L 62
90 1 L 88
91 1 U -1
92 0 U 70
93 1 U 89
94 1 U 33
95
0 1 L -1
1 1 U -1
2 1 U 1
3 1 U -1
4 1 U 1
5 0 U -1
6 1 U -1
7 1 L 5
8 0 L 3
9 1 L -1
10 1 L 3
11 1 U 0
12 1 U -1
13 0 U 7
14 1 L -1
15 0 L 2
16 0 L 14
17 0 U -1
18 0 U 7
19 0 U 9
20 0 U 5
21 1 L 5
22 0 L 10
23 0 U 3
24 1 U 11
25 0 L 1
26 1 U 3
27 1 U 7
28 1 U 25
29 1 U 25
30 1 U -1
31 1 U 10
32 0 L -1
33 1 U 18
34 1 L 8
35 1 U -1
36 1 U 30
37 0 U 23
38 0 L 11
39 0 U 0
40 0 U 28
41 1 U -1
42 1 U 41
43 1 U 23
44 1 L 38
45 1 U 17
46 1 L 32
47 1 U 32
48 1 U 27
49 1 U -1
50 0 L -1
51 0 U 45
52 1 L 18
53 0 U 41
54 1 U -1
55 1 L 12
56 1 L 24
57 0 L 51
58 0 L 36
59 1 L -1
60 1 L 46
61 0 U 32
62 1 L 0
63 1 L 46
64 0 L 14
65 0 U 20
66 0 L 24
67 1 L 48
68 0 U 20
69 1 L 33
70 0 L 24
71 0 U 48
72 0 L 60
73 1 L 28
74 0 U 24
75 1 U 53
76 1 L 23
77 1 U 22
78 1 L 58
79 1 L 24
80 0 L 50
81 0 L 21
82 1 L 70
83 1 L 72
84 0 L 60
85 1 U 69
86 1 L 60
87 0 L 19
88 0 L 60
89 0 L 62
90 1 L 88
91 1 U -1
92 0 U 70
93 1 U 89
94 1 U 33
95
0 1 U -1
1 1 U -1
2 1 U 1
3 1 U -1
4 1 U 1
5 0 U -1
6 1 U -1
7 1 L 5
8 0 L 3
9 1 L -1
10 1 L 3
11 1 U 0
12 1 U -1
13 0 U 7
14 1 L -1
15 0 L 2
16 0 L 15
17 0 U -1
18 0 U 7
19 0 U 7
20 0 U 5
21 1 L 5
22 0 L 10
23 0 U 3
24 1 U 11
25 0 L 1
26 1 U 3
27 1 U 7
28 1 U 25
29 1 U 9
30 0 U -1
31 1 U 10
32 0 L -1
33 1 U 18
34 1 L 8
35 1 U -1
36 1 U 30
37 1 U 23
38 0 L 11
39 0 U 0
40 0 U 28
41 1 U -1
42 1 U 41
43 1 U 36
44 1 L 38
45 1 U 17
46 1 L 32
47 1 U 32
48 1 U 27
49 1 U -1
50 0 L -1
51 0 U 45
52 1 L 18
53 0 U 41
54 1 U -1
55 1 L 12
56 1 L 24
57 0 L 51
58 0 L 36
59 1 L -1
60 1 L 46
61 1 U 32
62 0 L 14
63 1 L 46
64 0 L 14
65 0 U 20
66 1 L 24
67 1 L 48
68 1 U 20
69 1 L 33
70 0 L 24
71 0 U 48
72 0 L 60
73 1 L 28
74 0 U 24
75 1 U 53
76 1 L 23
77 1 U 22
78 1 L 58
79 1 L 24
80 0 L 50
81 0 L 21
82 1 L 70
83 1 L 72
84 0 L 60
85 0 U 69
86 1 L 60
87 0 L 19
88 0 L 60
89 0 L 62
90 1 L 88
91 1 U -1
92 0 U 70
93 1 U 85
94 0 U 33
95
0 1 U -1
1 1 U -1
2 1 U 1
3 1 U -1
4 1 U 0
5 0 U -1
6 1 U -1
7 1 L 5
8 0 L 3
9 1 L -1
10 1 L 3
11 1 U 0
12 1 U -1
13 0 U 7
14 1 L -1
15 0 L 2
16 0 L 15
17 0 U -1
18 0 U 7
19 0 U 7
20 0 U 5
21 1 L 5
22 0 L 10
23 1 U 6
24 1 U 11
25 0 L 2
26 0 U 3
27 1 U 7
28 1 U 25
29 1 U 9
30 0 U -1
31 1 U 10
32 0 L -1
33 1 U 18
34 1 L 8
35 1 U -1
36 1 U 30
37 1 U 23
38 0 L 11
39 0 U 0
40 0 U 28
41 1 U -1
42 1 U 41
43 1 U 36
44 1 L 38
45 1 U 17
46 0 L 0
47 1 U 32
48 1 U 27
49 1 U -1
50 0 L -1
51 0 U 45
52 1 L 18
53 0 U 41
54 1 U -1
55 1 L 12
56 1 L 28
57 0 L 51
58 0 L 36
59 1 L -1
60 1 L 46
61 1 U 32
62 1 L 14
63 0 L 46
64 0 L 14
65 0 U 20
66 1 L 24
67 1 L 48
68 1 U 20
69 1 L 33
70 0 L 24
71 0 U 48
72 0 L 60
73 1 L 28
74 0 U 24
75 1 U 53
76 1 L 23
77 1 U 22
78 1 L 58
79 1 L 24
80 0 L 62
81 0 L 21
82 1 L 70
83 1 L 72
84 0 L 60
85 0 U 69
86 0 L 60
87 0 L 19
88 1 L 60
89 1 L 62
90 1 L 88
91 1 U -1
92 0 U 70
93 1 U 85
94 1 U 33
95
0 0 U -1
1 1 U -1
2 1 U 1
3 1 U -1
4 1 U 0
5 0 U -1
6 1 U -1
7 1 L 5
8 0 L 3
9 1 L -1
10 1 L 3
11 1 U 0
12 1 U -1
13 0 U 7
14 1 L -1
15 0 L 2
16 1 L 15
17 0 U -1
18 0 U 7
19 0 U 7
20 0 U 5
21 1 L 5
22 0 L 10
23 1 U 6
24 1 U 11
25 0 L 2
26 0 U 3
27 1 U 7
28 1 U 25
29 1 U 9
30 0 U -1
31 0 U 10
32 0 L -1
33 1 U 18
34 0 L 10
35 1 U -1
36 1 U 30
37 1 U 23
38 0 L 11
39 0 U 0
40 0 U 28
41 1 U -1
42 1 U 41
43 1 U 36
44 1 L 38
45 1 U 17
46 0 L 0
47 1 U 32
48 1 U 27
49 1 U -1
50 0 L -1
51 0 U 45
52 1 L 18
53 0 U 41
54 1 U -1
55 0 L 44
56 0 L 28
57 0 L 51
58 0 L 36
59 1 L -1
60 1 L 46
61 0 U 32
62 1 L 14
63 0 L 46
64 0 L 14
65 1 U 20
66 1 L 24
67 1 L 48
68 1 U 20
69 1 L 33
70 0 L 24
71 0 U 29
72 0 L 60
73 1 L 28
74 0 U 24
75 1 U 53
76 1 L 23
77 1 U 22
78 1 L 58
79 1 L 24
80 0 L 62
81 0 L 21
82 1 L 70
83 1 L 72
84 0 L 60
85 0 U 69
86 0 L 60
87 0 L 19
88 1 L 60
89 1 L 62
90 1 L 88
91 1 U -1
92 0 U 70
93 1 U 85
94 1 U 33
95
0 1 U -1
1 1 U -1
2 1 U 1
3 1 U -1
4 1 U 0
5 0 U -1
6 1 U -1
7 1 L 5
8 0 L 3
9 1 L -1
10 1 L 3
11 1 U 0
12 1 U -1
13 0 U 7
14 1 L -1
15 0 L 2
16 1 L 15
17 0 U -1
18 0 U 7
19 0 U 7
20 0 U 5
21 1 L 5
22 0 L 10
23 1 U 6
24 1 U 11
25 0 L 2
26 1 U 3
27 1 U 7
28 1 U 25
29 1 U 9
30 0 U -1
31 0 U 10
32 0 L -1
33 1 U 18
34 1 L 10
35 1 U -1
36 1 U 30
37 0 U 17
38 0 L 11
39 0 U 0
40 0 U 28
41 1 U -1
42 1 U 41
43 1 U 36
44 1 L 38
45 1 U 17
46 0 L 0
47 1 U 28
48 1 U 27
49 1 U -1
50 0 L -1
51 0 U 45
52 1 L 18
53 0 U 41
54 1 U -1
55 0 L 44
56 0 L 28
57 0 L 51
58 0 L 36
59 1 L -1
60 1 L 46
61 1 U 32
62 1 L 14
63 0 L 46
64 0 L 14
65 1 U 20
66 1 L 24
67 1 L 48
68 0 U 20
69 1 L 39
70 0 L 24
71 0 U 29
72 0 L 60
73 1 L 28
74 0 U 24
75 1 U 53
76 1 L 23
77 1 U 22
78 1 L 58
79 1 L 24
80 0 L 46
81 0 L 34
82 1 L 70
83 1 L 72
84 0 L 60
85 0 U 69
86 0 L 1
87 0 L 19
88 1 L 60
89 0 L 62
90 1 L 88
91 1 U -1
92 0 U 70
93 1 U 85
94 1 U 33
95
0 1 U -1
1 1 U -1
2 1 U 1
3 1 U -1
4 1 U 0
5 0 U -1
6 1 U -1
7 1 L 5
8 0 L 3
9 1 L -1
10 1 L 3
11 1 U 0
12 1 U -1
13 0 U 7
14 1 L -1
15 0 L 2
16 0 L 15
17 0 U -1
18 0 U 7
19 0 U 7
20 0 U 5
21 1 L 5
22 0 L 10
23 0 U 6
24 1 U 11
25 0 L 14
26 0 U 3
27 1 U 7
28 1 U 25
29 1 U 9
30 0 U -1
31 0 U 10
32 0 L -1
33 1 U 18
34 1 L 10
35 1 U -1
36 1 U 30
37 1 U 17
38 0 L 11
39 0 U 0
40 0 U 28
41 1 U -1
42 1 U 41
43 1 U 36
44 1 L 38
45 1 U 17
46 1 L 0
47 1 U 28
48 1 U 27
49 1 U -1
50 0 L -1
51 0 U 25
52 1 L 18
53 0 U 41
54 1 U -1
55 0 L 44
56 1 L 28
57 0 L 51
58 0 L 36
59 1 L -1
60 1 L 46
61 0 U 32
62 0 L 14
63 0 L 46
64 1 L 14
65 0 U 20
66 0 L 24
67 1 L 48
68 1 U 20
69 1 L 39
70 0 L 24
71 0 U 29
72 1 L 60
73 1 L 28
74 0 U 24
75 1 U 53
76 1 L 23
77 1 U 22
78 1 L 58
79 1 L 24
80 0 L 46
81 0 L 34
82 1 L 70
83 1 L 72
84 0 L 60
85 0 U 69
86 1 L 1
87 0 L 26
88 1 L 60
89 1 L 62
90 1 L 88
91 1 U -1
92 0 U 70
93 1 U 85
94 1 U 33
95
0 1 U -1
1 1 U -1
2 1 U 1
3 1 U -1
4 1 U 0
5 0 U -1
6 1 U -1
7 1 L 5
8 0 L 3
9 1 L -1
10 1 L 3
11 1 U 0
12 1 U -1
13 0 U 7
14 1 L -1
15 0 L 2
16 0 L 15
17 0 U -1
18 0 U 7
19 0 U 7
20 0 U 5
21 1 L 5
22 0 L 10
23 1 U 6
24 1 U 11
25 0 L 14
26 0 U 3
27 1 U 7
28 1 U 25
29 1 U 24
30 0 U -1
31 1 U 10
32 1 L -1
33 1 U 18
34 1 L 10
35 1 U -1
36 1 U 30
37 0 U 17
38 0 L 11
39 0 U 0
40 0 U 28
41 1 U -1
42 1 U 41
43 1 U 36
44 1 L 38
45 1 U 41
46 0 L 0
47 1 U 28
48 1 U 27
49 1 U -1
50 0 L -1
51 0 U 25
52 1 L 11
53 0 U 41
54 1 U -1
55 0 L 44
56 0 L 28
57 0 L 51
58 0 L 36
59 1 L -1
60 1 L 1
61 1 U 32
62 1 L 9
63 0 L 46
64 0 L 14
65 1 U 20
66 0 L 24
67 1 L 48
68 1 U 20
69 1 L 39
70 0 L 24
71 0 U 10
72 1 L 60
73 1 L 28
74 0 U 24
75 1 U 53
76 1 L 23
77 1 U 22
78 0 L 58
79 0 L 24
80 0 L 46
81 0 L 34
82 1 L 15
83 1 L 72
84 1 L 60
85 0 U 69
86 0 L 62
87 0 L 19
88 1 L 60
89 1 L 62
90 1 L 88
91 1 U -1
92 0 U 70
93 0 U 85
94 0 U 33
95
0 1 U -1
1 1 U -1
2 1 U 1
3 1 U -1
4 1 U 1
5 0 U -1
6 1 U -1
7 1 L 5
8 0 L 3
9 1 L -1
10 1 L 3
11 1 U 0
12 1 U -1
13 0 U 7
14 1 L -1
15 0 L 2
16 0 L 15
17 0 U -1
18 0 U 7
19 0 U 7
20 0 U 5
21 1 L 5
22 0 L 10
23 1 U 6
24 1 U 11
25 0 L 14
26 1 U 3
27 1 U 7
28 1 U 25
29 1 U 24
30 0 U -1
31 1 U 10
32 1 L -1
33 1 U 18
34 1 L 10
35 1 U -1
36 1 U 30
37 0 U 17
38 0 L 11
39 0 U 0
40 0 U 28
41 1 U -1
42 1 U 41
43 1 U 36
44 1 L 38
45 1 U 17
46 0 L 0
47 1 U 28
48 1 U 27
49 1 U 30
50 0 L -1
51 0 U 25
52 1 L 11
53 0 U 41
54 1 U -1
55 0 L 44
56 0 L 28
57 0 L 51
58 0 L 36
59 1 L -1
60 1 L 1
61 0 U 32
62 1 L 9
63 0 L 46
64 0 L 14
65 1 U 20
66 0 L 24
67 1 L 48
68 1 U 20
69 1 L 39
70 0 L 24
71 0 U 10
72 1 L 60
73 1 L 28
74 0 U 24
75 1 U 53
76 1 L 11
77 1 U 22
78 1 L 58
79 0 L 24
80 0 L 46
81 0 L 34
82 1 L 15
83 1 L 72
84 1 L 60
85 0 U 69
86 0 L 62
87 0 L 19
88 1 L 60
89 1 L 62
90 1 L 88
91 1 U -1
92 0 U 70
93 1 U 85
94 1 U 33
95
0 1 U -1
1 1 U -1
2 1 U 1
3 1 U -1
4 1 U 1
5 0 U -1
6 1 U -1
7 1 L 5
8 0 L 3
9 1 L -1
10 1 L 3
11 1 U 0
12 1 U -1
13 0 U 7
14 1 L -1
15 0 L 2
16 0 L 15
17 0 U -1
18 0 U 7
19 0 U 7
20 0 U 5
21 0 L 10
22 0 L 10
23 1 U 6
24 1 U 11
25 0 L 14
26 1 U 3
27 1 U 7
28 1 U 25
29 1 U 24
30 0 U -1
31 1 U 10
32 1 L -1
33 1 U 18
34 0 L 10
35 1 U -1
36 1 U 30
37 1 U 17
38 0 L 11
39 1 U 0
40 0 U 28
41 1 U -1
42 1 U 41
43 1 U 36
44 1 L 38
45 1 U 17
46 0 L 0
47 1 U 28
48 1 U 27
49 1 L 21
50 0 L -1
51 0 U 25
52 1 L 18
53 0 U 41
54 1 U -1
55 1 L 36
56 1 L 28
57 0 L 51
58 0 L 36
59 1 L -1
60 1 L 1
61 1 U 32
62 1 L 9
63 0 L 46
64 0 L 14
65 1 U 20
66 0 L 24
67 1 L 48
68 1 U 20
69 1 L 39
70 0 L 24
71 0 U 32
72 1 L 60
73 1 L 28
74 0 U 24
75 1 U 53
76 1 L 11
77 1 U 44
78 1 L 58
79 0 L 24
80 0 L 46
81 0 L 34
82 1 L 15
83 1 L 72
84 1 L 60
85 0 U 69
86 0 L 25
87 0 L 19
88 1 L 60
89 1 L 62
90 1 L 88
91 1 U -1
92 0 U 70
93 1 U 85
94 0 U 38
95
0 1 U -1
1 1 U -1
2 1 U 1
3 1 U -1
4 1 U 0
5 0 U -1
6 1 U -1
7 1 L 5
8 0 L 3
9 1 L -1
10 1 L 3
11 1 U 0
12 1 U -1
13 0 U 7
14 1 L -1
15 0 L 2
16 0 L 15
17 0 U -1
18 0 U 7
19 0 U 7
20 0 U 5
21 0 L 10
22 1 L 10
23 0 U 6
24 1 U 11
25 0 L 14
26 0 U 3
27 1 U 7
28 1 U 25
29 1 U 24
30 0 U -1
31 1 U 10
32 1 L -1
33 1 U 18
34 1 L 10
35 1 U -1
36 1 U 30
37 1 U 17
38 0 L 11
39 1 U 0
40 0 U 28
41 1 U -1
42 1 U 41
43 1 U 42
44 1 L 38
45 1 U 17
46 0 L 0
47 1 U 28
48 1 U 27
49 1 L 21
50 0 L -1
51 0 U 25
52 1 L 18
53 0 U 41
54 1 U -1
55 1 L 36
56 1 L 28
57 0 L 51
58 0 L 36
59 1 L -1
60 1 L 1
61 1 U 32
62 1 L 9
63 0 L 46
64 0 L 14
65 1 U 20
66 0 L 24
67 1 L 48
68 1 U 20
69 1 L 39
70 0 L 24
71 0 U 46
72 1 L 60
73 1 L 28
74 0 U 24
75 1 U 53
76 1 L 11
77 1 U 44
78 1 L 58
79 0 L 22
80 0 L 46
81 0 L 34
82 1 L 15
83 1 L 72
84 1 L 60
85 0 U 69
86 0 L 25
87 0 L 19
88 1 L 60
89 1 L 62
90 1 L 88
91 0 U -1
92 0 U 70
93 1 U 85
94 0 U 38
95
0 1 L -1
1 1 U -1
2 1 U 1
3 1 U -1
4 1 U 1
5 0 U -1
6 1 U -1
7 1 L 5
8 0 L 3
9 1 L -1
10 1 L 3
11 1 U 0
12 1 U -1
13 0 U 7
14 1 L -1
15 0 L 2
16 0 L 15
17 0 U -1
18 0 U 7
19 0 U 7
20 0 U 5
21 0 L 10
22 1 L 10
23 0 L 1
24 1 U 11
25 0 L 14
26 0 U 3
27 1 U 7
28 1 U 25
29 1 U 24
30 1 U -1
31 1 U 10
32 0 L -1
33 1 U 18
34 1 L 10
35 1 U -1
36 1 U 30
37 1 U 17
38 0 L 11
39 0 U 0
40 0 U 28
41 1 U -1
42 1 U 41
43 1 U 42
44 1 L 38
45 1 U 17
46 0 L 0
47 1 U 28
48 1 U 27
49 0 L 21
50 0 L -1
51 0 U 25
52 1 L 18
53 0 U 41
54 1 U -1
55 1 L 36
56 1 L 28
57 0 L 51
58 0 L 36
59 0 L -1
60 1 L 1
61 1 U 32
62 0 L 14
63 0 L 46
64 0 L 14
65 1 U 17
66 0 L 24
67 1 L 48
68 0 U 20
69 1 L 39
70 0 L 24
71 0 U 57
72 1 L 60
73 1 L 28
74 0 U 24
75 1 U 53
76 1 L 11
77 1 U 44
78 1 L 58
79 1 L 22
80 0 L 46
81 0 L 34
82 1 L 15
83 1 L 72
84 1 L 60
85 0 U 69
86 0 L 25
87 0 L 19
88 1 L 60
89 1 L 79
90 1 L 88
91 1 U -1
92 0 U 70
93 1 U 85
94 1 U 38
95
0 1 U -1
1 1 U -1
2 1 U 1
3 1 U -1
4 1 U 0
5 0 U -1
6 1 U -1
7 1 L 5
8 0 L 3
9 1 L -1
10 1 L 3
11 1 U 0
12 1 U -1
13 0 U 7
14 1 L -1
15 0 L 2
16 0 L 15
17 0 U -1
18 0 U 7
19 0 U 7
20 0 U 5
21 0 L 10
22 1 L 10
23 0 U 4
24 1 U 15
25 0 L 14
26 1 U 3
27 1 U 7
28 1 U 25
29 1 U 24
30 1 U -1
31 1 U 10
32 0 L -1
33 1 U 18
34 1 L 10
35 1 U -1
36 1 U 30
37 0 U 17
38 0 L 11
39 0 U 0
40 0 U 28
41 1 U -1
42 1 U 41
43 1 U 42
44 1 L 38
45 1 U 17
46 1 L 0
47 1 U 28
48 1 U 27
49 1 L 21
50 0 L -1
51 0 U 25
52 1 L 18
53 0 U 41
54 1 U -1
55 1 L 36
56 1 L 28
57 0 L 51
58 0 L 44
59 1 L -1
60 1 L 1
61 1 U 32
62 0 L 14
63 0 L 46
64 0 L 14
65 0 U 17
66 1 L 24
67 1 L 48
68 0 U 20
69 1 L 39
70 0 L 24
71 0 U 46
72 1 L 60
73 1 L 28
74 0 U 65
75 0 U 53
76 1 L 11
77 1 U 44
78 1 L 58
79 1 L 22
80 0 L 46
81 0 L 34
82 1 L 15
83 1 L 72
84 1 L 60
85 0 U 69
86 1 L 25
87 0 L 19
88 1 L 60
89 0 L 79
90 1 L 88
91 1 U -1
92 0 U 70
93 1 U 85
94 1 U 38
95
0 1 L -1
1 1 U -1
2 1 U 1
3 1 U -1
4 1 U 0
5 0 U -1
6 1 U -1
7 1 L 5
8 0 L 3
9 1 L -1
10 1 L 3
11 1 U 0
12 1 U 0
13 0 U 7
14 1 L -1
15 0 L 2
16 0 L 15
17 0 U -1
18 0 U 9
19 0 U 7
20 0 U 5
21 0 L 10
22 1 L 10
23 0 U 1
24 1 U 15
25 0 L 14
26 1 U 3
27 1 U 7
28 1 U 25
29 1 U 24
30 1 U -1
31 0 U 10
32 0 L -1
33 1 U 18
34 1 L 10
35 1 U -1
36 1 U 30
37 0 U 17
38 0 L 11
39 0 U 0
40 0 U 28
41 1 U -1
42 1 U 41
43 1 U 42
44 1 L 38
45 1 U 17
46 1 L 2
47 1 U 28
48 1 U 27
49 1 L 15
50 1 L -1
51 0 U 25
52 1 L 18
53 0 U 41
54 1 U -1
55 0 L 29
56 0 L 24
57 0 L 51
58 0 L 44
59 1 L -1
60 1 L 1
61 1 U 32
62 0 L 14
63 0 L 46
64 0 L 14
65 0 U 17
66 1 L 24
67 1 L 48
68 0 U 20
69 1 L 33
70 0 L 24
71 0 U 28
72 1 L 60
73 1 L 28
74 0 U 65
75 1 U 7
76 0 L 11
77 1 U 47
78 1 L 58
79 1 L 22
80 0 L 46
81 0 L 34
82 1 L 15
83 1 L 72
84 1 L 60
85 1 U 69
86 1 L 76
87 0 L 19
88 1 L 60
89 0 L 76
90 1 L 88
91 0 U -1
92 0 U 70
93 1 U 67
94 1 U 38
95
0 1 U -1
1 1 U -1
2 1 U 1
3 1 U -1
4 1 U 1
5 0 U -1
6 1 U -1
7 1 L 5
8 0 L 3
9 1 L -1
10 1 L 3
11 1 U 0
12 1 U 0
13 0 U 7
14 1 L -1
15 0 L 2
16 0 L 15
17 0 U -1
18 0 U 9
19 0 U 7
20 0 U 5
21 0 L 10
22 1 L 10
23 0 U 1
24 1 U 15
25 0 L 14
26 1 U 3
27 1 U 7
28 1 U 25
29 1 U 25
30 1 U -1
31 0 U 10
32 0 L -1
33 1 U 18
34 1 L 10
35 1 U -1
36 0 U 30
37 0 U 17
38 0 L 11
39 0 U 0
40 0 U 28
41 1 U -1
42 1 U 6
43 1 U 42
44 0 L 38
45 1 U 17
46 1 L 2
47 1 U 28
48 1 U 27
49 1 U 15
50 1 L -1
51 0 U 25
52 1 L 18
53 0 U 41
54 1 U -1
55 1 L 29
56 1 L 24
57 0 L 51
58 0 L 44
59 1 L -1
60 1 L 1
61 1 U 32
62 0 L 14
63 0 L 46
64 0 L 14
65 0 U 30
66 1 L 24
67 1 L 48
68 0 U 20
69 1 L 33
70 0 L 24
71 0 U 28
72 0 L 60
73 1 L 28
74 0 U 65
75 1 U 7
76 0 L 11
77 1 U 47
78 1 L 58
79 1 L 22
80 0 L 46
81 0 L 34
82 1 L 15
83 1 L 73
84 1 L 60
85 1 U 39
86 0 L 76
87 0 L 19
88 1 L 60
89 1 L 76
90 1 L 88
91 1 U -1
92 0 U 70
93 1 U 67
94 1 U 38
95
0 1 L -1
1 1 U -1
2 1 U 1
3 1 U -1
4 1 U 0
5 0 U -1
6 1 U -1
7 1 L 5
8 0 L 3
9 1 L -1
10 1 L 3
11 1 U 5
12 1 U 0
13 0 U 7
14 1 L -1
15 0 L 2
16 0 L 15
17 0 U -1
18 0 U 9
19 0 U 7
20 0 U 5
21 0 L 10
22 1 L 10
23 0 U 1
24 1 U 15
25 0 L 2
26 1 U 3
27 1 U 7
28 1 U 25
29 1 U 8
30 1 U -1
31 0 U 10
32 1 L -1
33 1 U 13
34 1 L 10
35 1 U -1
36 1 U 30
37 0 U 17
38 0 L 11
39 0 U 0
40 0 U 28
41 0 U -1
42 1 U 6
43 1 U 42
44 0 L 38
45 1 U 17
46 0 L 2
47 1 U 28
48 1 U 27
49 1 L 15
50 0 L -1
51 0 U 25
52 1 L 18
53 0 U 41
54 1 U -1
55 0 L 29
56 0 L 24
57 0 L 51
58 0 L 44
59 1 L -1
60 1 L 1
61 1 U 32
62 1 L 2
63 1 L 46
64 0 L 14
65 0 U 30
66 1 L 24
67 1 L 48
68 0 U 20
69 1 L 33
70 0 L 24
71 0 U 28
72 1 L 60
73 0 L 28
74 0 U 49
75 1 U 7
76 0 L 11
77 0 U 47
78 1 L 58
79 1 L 22
80 0 L 46
81 0 L 34
82 1 L 15
83 0 L 73
84 1 L 60
85 1 U 6
86 0 L 76
87 0 L 19
88 1 L 60
89 0 L 76
90 1 L 88
91 0 U -1
92 1 U 70
93 0 U 58
94 1 U 38
95
0 1 U -1
1 1 U -1
2 1 U 1
3 1 U -1
4 1 U 0
5 0 U -1
6 1 U -1
7 1 L 5
8 0 L 3
9 1 L -1
10 1 L 3
11 1 U 1
12 1 U 0
13 0 U 7
14 1 L -1
15 0 L 2
16 0 L 15
17 0 U -1
18 0 U 9
19 0 U 7
20 0 U 5
21 0 L 10
22 1 L 10
23 1 U 1
24 1 U 15
25 0 L 2
26 1 U 3
27 1 U 7
28 1 U 25
29 1 U 8
30 1 U -1
31 0 U 10
32 0 L -1
33 1 U 13
34 1 L 5
35 1 U -1
36 1 U 20
37 0 U 17
38 0 L 11
39 0 U 0
40 0 U 28
41 1 U -1
42 1 U 6
43 1 U 42
44 0 L 38
45 1 U 20
46 1 L 2
47 1 U 28
48 1 U 27
49 1 L 15
50 0 L -1
51 0 U 25
52 1 L 18
53 0 U 41
54 1 U -1
55 0 L 29
56 0 L 24
57 0 L 51
58 0 L 44
59 1 L -1
60 1 L 1
61 1 U 32
62 1 L 2
63 0 L 46
64 0 L 14
65 1 U 30
66 1 L 24
67 1 L 48
68 1 U 20
69 1 L 58
70 0 L 24
71 0 U 28
72 0 L 60
73 0 L 28
74 0 U 49
75 1 U 7
76 0 L 11
77 0 U 47
78 1 L 58
79 1 L 22
80 0 L 46
81 0 L 34
82 1 L 15
83 0 L 73
84 1 L 60
85 1 U 6
86 0 L 76
87 0 L 19
88 1 L 60
89 0 L 76
90 1 L 88
91 0 U -1
92 1 U 70
93 1 U 58
94 1 U 38
95
0 1 L -1
1 1 U -1
2 1 U 1
3 1 U -1
4 1 U 1
5 0 U -1
6 1 U -1
7 1 L 5
8 0 L 3
9 1 L -1
10 1 L 3
11 1 U 1
12 1 U 0
13 0 U 7
14 1 L -1
15 0 L 2
16 1 L 15
17 0 U -1
18 0 U 9
19 0 U 7
20 0 U 5
21 0 L 10
22 1 L 10
23 0 U 0
24 1 U 15
25 0 L 2
26 0 U 3
27 1 U 7
28 1 U 25
29 1 U 18
30 0 U -1
31 1 U 10
32 0 L -1
33 1 U 13
34 1 L 5
35 1 U -1
36 0 U 20
37 0 U 17
38 0 L 11
39 0 U 35
40 0 U 28
41 1 U -1
42 1 U 6
43 1 U 42
44 0 L 38
45 1 U 20
46 0 L 0
47 1 U 28
48 1 U 27
49 1 L 15
50 0 L -1
51 0 U 25
52 1 L 18
53 0 U 41
54 1 U -1
55 0 L 29
56 1 L 12
57 0 L 51
58 0 L 44
59 1 L -1
60 1 L 1
61 1 U 32
62 1 L 2
63 0 L 46
64 1 L 14
65 1 U 54
66 1 L 24
67 1 L 48
68 1 U 20
69 1 L 58
70 0 L 24
71 0 U 28
72 1 L 60
73 0 L 28
74 0 U 9
75 1 U 7
76 0 L 11
77 0 U 47
78 1 L 58
79 1 L 22
80 0 L 46
81 0 L 34
82 1 L 46
83 0 L 70
84 0 L 80
85 1 U 6
86 0 L 76
87 0 L 19
88 1 L 60
89 1 L 76
90 1 L 88
91 0 U -1
92 1 U 70
93 0 U 58
94 1 U 38
95
0 1 U -1
1 1 U -1
2 1 U 1
3 1 U -1
4 1 U 1
5 0 U -1
6 1 U -1
7 1 L 5
8 0 L 3
9 1 L -1
10 1 L 3
11 1 U 1
12 1 U 0
13 0 U 7
14 1 L -1
15 0 L 2
16 1 L 15
17 0 U -1
18 0 U 9
19 0 U 7
20 0 U 5
21 0 L 10
22 1 L 10
23 1 U 0
24 1 U 11
25 0 L 2
26 0 U 20
27 1 U 7
28 1 U 25
29 1 U 18
30 1 U -1
31 1 U 10
32 0 L -1
33 1 U 13
34 1 L 5
35 1 U -1
36 1 U 20
37 0 U 17
38 0 L 11
39 0 U 35
40 0 U 28
41 1 U -1
42 1 U 3
43 1 U 42
44 0 L 38
45 1 U 20
46 0 L 0
47 1 U 28
48 1 U 27
49 1 L 15
50 0 L -1
51 0 U 25
52 1 L 18
53 0 U 41
54 1 U -1
55 1 L 44
56 1 L 12
57 0 L 51
58 0 L 44
59 1 L -1
60 1 L 1
61 1 U 32
62 1 L 2
63 0 L 46
64 0 L 14
65 0 U 54
66 1 L 24
67 1 L 48
68 1 U 20
69 1 L 58
70 0 L 24
71 0 U 33
72 0 L 60
73 0 L 23
74 0 U 68
75 1 U 7
76 0 L 11
77 0 U 47
78 1 L 58
79 1 L 22
80 0 L 46
81 0 L 34
82 1 L 46
83 1 L 70
84 0 L 80
85 1 U 6
86 1 L 76
87 0 L 19
88 1 L 60
89 1 L 76
90 1 L 88
91 0 U -1
92 1 U 70
93 0 U 58
94 1 U 38
95
0 1 U -1
1 1 U -1
2 1 U 1
3 1 U -1
4 1 U 1
5 0 U -1
6 1 U -1
7 1 L 5
8 0 L 3
9 1 L -1
10 1 L 3
11 1 U 1
12 1 U 0
13 0 U 7
14 1 L -1
15 0 L 2
16 0 L 15
17 0 U -1
18 0 U 9
19 0 U 7
20 0 U 5
21 0 L 10
22 1 L 10
23 1 U 0
24 1 U 11
25 0 L 14
26 0 U 20
27 1 U 7
28 1 U 25
29 1 U 18
30 0 U -1
31 1 U 10
32 1 L -1
33 1 U 13
34 1 L 5
35 1 U -1
36 0 U 20
37 0 U 17
38 0 L 11
39 0 U 35
40 0 U 28
41 1 U -1
42 1 U 3
43 1 U 42
44 0 L 38
45 1 U 20
46 1 L 0
47 1 U 28
48 1 U 27
49 1 U 15
50 0 L -1
51 0 U 25
52 1 L 18
53 0 U 41
54 1 U -1
55 0 L 44
56 1 L 46
57 0 L 51
58 0 L 44
59 1 L -1
60 1 L 1
61 1 U 32
62 1 L 2
63 0 L 46
64 0 L 14
65 1 U 54
66 1 L 24
67 1 L 48
68 1 U 17
69 1 L 58
70 0 L 24
71 0 U 33
72 0 L 29
73 0 L 23
74 0 U 68
75 1 U 7
76 0 L 11
77 1 U 47
78 1 L 58
79 1 L 22
80 0 L 46
81 0 L 34
82 1 L 46
83 0 L 70
84 0 L 80
85 1 U 6
86 0 L 76
87 0 L 19
88 1 L 60
89 1 L 76
90 1 L 88
91 1 U -1
92 1 U 70
93 1 U 58
94 1 U 38
95
0 1 U -1
1 1 U -1
2 1 U 1
3 1 U -1
4 1 U 1
5 0 U -1
6 1 U -1
7 1 L 5
8 0 L 3
9 1 L -1
10 1 L 3
11 1 U 1
12 1 U 0
13 0 U 7
14 1 L -1
15 0 L 2
16 1 L 15
17 0 U -1
18 0 U 9
19 0 U 7
20 0 U 5
21 0 L 10
22 1 L 10
23 1 U 1
24 1 U 11
25 0 L 14
26 1 U 3
27 1 U 7
28 1 U 25
29 1 U 18
30 1 U -1
31 1 U 10
32 0 L -1
33 1 U 13
34 1 L 5
35 1 U -1
36 0 U 20
37 0 U 17
38 0 L 11
39 0 U 35
40 0 U 28
41 1 U -1
42 1 U 3
43 1 U 42
44 0 L 38
45 1 U 20
46 1 L 0
47 1 U 28
48 1 U 27
49 1 U 15
50 0 L -1
51 0 U 25
52 1 L 18
53 0 U 41
54 1 U -1
55 1 L 44
56 1 L 46
57 0 L 51
58 0 L 44
59 1 L -1
60 1 L 1
61 1 U 32
62 1 L 2
63 0 L 46
64 1 L 59
65 0 U 54
66 1 L 21
67 1 L 48
68 1 U 17
69 1 L 58
70 0 L 24
71 0 U 33
72 0 L 29
73 0 L 23
74 0 U 68
75 1 U 7
76 0 L 11
77 1 U 47
78 1 L 58
79 1 L 22
80 0 L 46
81 0 L 34
82 1 L 46
83 0 L 70
84 0 L 80
85 1 U 6
86 0 L 76
87 0 L 19
88 1 L 60
89 0 L 76
90 1 L 88
91 1 U -1
92 1 U 70
93 1 U 58
94 1 U 38
95
0 1 L -1
1 1 U -1
2 1 U 1
3 1 U -1
4 1 U 1
5 0 U -1
6 1 U -1
7 1 L 5
8 0 L 3
9 1 L -1
10 1 L 3
11 1 U 1
12 1 U 0
13 0 U 7
14 1 L -1
15 0 L 2
16 0 L 15
17 0 U -1
18 0 U 9
19 0 U 7
20 0 U 5
21 0 L 10
22 1 L 10
23 1 U 1
24 1 U 11
25 0 L 14
26 0 U 3
27 1 U 7
28 1 U 25
29 1 U 18
30 1 U -1
31 1 U 10
32 0 L -1
33 1 U 8
34 1 L 4
35 1 U -1
36 0 U 20
37 0 U 30
38 0 L 11
39 0 U 35
40 0 U 28
41 1 U -1
42 1 U 3
43 1 U 42
44 0 L 38
45 1 U 20
46 1 L 0
47 1 U 28
48 1 U 27
49 1 U 6
50 0 L -1
51 0 U 25
52 1 L 18
53 0 U 41
54 1 U -1
55 0 L 44
56 1 L 46
57 0 L 51
58 0 L 44
59 1 L -1
60 1 L 1
61 1 U 48
62 1 L 2
63 0 L 46
64 1 L 59
65 0 U 54
66 0 L 24
67 1 L 48
68 1 U 17
69 1 L -1
70 0 L 24
71 0 U 33
72 0 L 29
73 0 L 23
74 0 U 26
75 1 U 7
76 0 L 11
77 1 U 47
78 0 L 58
79 1 L 22
80 0 L 46
81 0 L 80
82 1 L 46
83 0 L 70
84 1 L 80
85 1 U 6
86 1 L 76
87 0 L 19
88 1 L 60
89 1 L 76
90 1 L 88
91 1 U -1
92 1 U 70
93 0 U 58
94 1 U 38
95
0 1 L -1
1 1 U -1
2 1 U 1
3 1 U -1
4 1 U 1
5 0 U -1
6 1 U -1
7 1 L 5
8 0 L 3
9 1 L -1
10 1 L 3
11 1 U 0
12 1 U 5
13 0 U 7
14 1 L -1
15 0 L 2
16 0 L 15
17 0 U -1
18 0 U 9
19 0 U 7
20 0 U 5
21 0 L 10
22 1 L 10
23 1 U 1
24 1 U 11
25 0 L 14
26 0 U 6
27 1 U 7
28 1 U 25
29 1 U 18
30 1 U -1
31 1 U 10
32 0 L 21
33 1 U 8
34 1 L 4
35 1 U -1
36 1 U 20
37 0 U 30
38 0 L 11
39 0 U 35
40 0 U 28
41 1 U -1
42 1 U 3
43 1 U 42
44 0 L 38
45 1 U 20
46 0 L 0
47 1 U 28
48 1 U 27
49 1 U 6
50 0 L -1
51 0 U 25
52 1 L 18
53 0 U 41
54 1 U -1
55 0 L 44
56 1 L 40
57 0 L 51
58 0 L 44
59 1 L -1
60 1 L 1
61 1 U 28
62 1 L 2
63 1 L 15
64 1 L 59
65 0 U 54
66 1 L 24
67 1 L 48
68 1 U 17
69 1 L -1
70 0 L 24
71 0 U 10
72 0 L 29
73 0 L 23
74 0 U 26
75 1 U 9
76 0 L 32
77 1 U 47
78 1 L 58
79 0 L 22
80 0 L 46
81 0 L 80
82 1 L 46
83 0 L 70
84 1 L 80
85 1 U 23
86 1 L 76
87 0 L 86
88 1 L 60
89 0 L 76
90 1 L 88
91 1 U -1
92 1 U 80
93 1 U 58
94 1 U 38
95
0 1 U -1
1 1 U -1
2 1 U 1
3 1 U -1
4 1 U 1
5 0 U -1
6 1 U -1
7 1 L 5
8 0 L 3
9 1 L -1
10 1 L 3
11 1 U 5
12 1 U 5
13 0 U 7
14 1 L -1
15 0 L 2
16 0 L 15
17 0 U -1
18 0 U 9
19 0 U 7
20 0 U 5
21 0 L 10
22 1 L 10
23 1 U 1
24 1 U 2
25 0 L 14
26 0 U 6
27 1 U 7
28 1 U 25
29 1 U 18
30 1 U -1
31 1 U 10
32 0 L 21
33 1 U 8
34 1 L 4
35 1 U -1
36 1 U 20
37 0 U 30
38 0 L 11
39 0 U 35
40 0 U 28
41 1 U -1
42 1 U 3
43 1 U 42
44 0 L 38
45 1 U 20
46 0 L 0
47 1 U 28
48 1 U 27
49 1 U 23
50 0 L -1
51 0 U 25
52 1 L 18
53 0 U 41
54 1 U -1
55 0 L 44
56 1 L 40
57 0 L 51
58 0 L 44
59 1 L -1
60 1 L 1
61 1 U 28
62 1 L 2
63 1 L 15
64 1 L 59
65 0 U 39
66 1 L 24
67 1 L 49
68 1 U 17
69 1 L -1
70 0 L 24
71 0 U 10
72 0 L 29
73 0 L 23
74 0 U 36
75 1 U 9
76 0 L 32
77 0 U 47
78 1 L 58
79 0 L 22
80 0 L 46
81 0 L 80
82 1 L 46
83 0 L 70
84 0 L 80
85 1 U 23
86 0 L 76
87 0 L 83
88 1 L 60
89 0 L 76
90 1 L 88
91 1 U -1
92 1 U 80
93 1 U 58
94 1 U 38
95
0 1 U -1
1 1 U -1
2 1 U 1
3 1 U -1
4 1 U 1
5 0 U -1
6 1 U -1
7 1 L 5
8 0 L 3
9 1 L -1
10 1 L 3
11 1 U 5
12 1 U 5
13 0 U 7
14 1 L -1
15 0 L 2
16 0 L 15
17 0 U -1
18 0 U 9
19 0 U 7
20 0 U 5
21 0 L 10
22 1 L 10
23 1 U 1
24 1 U 2
25 0 L 14
26 0 U 6
27 1 U 7
28 1 U 25
29 1 U 18
30 1 U -1
31 1 U 10
32 0 L 21
33 1 U 13
34 1 L 4
35 1 U -1
36 0 U 20
37 0 U 30
38 0 L 11
39 0 U 35
40 0 U 28
41 0 U -1
42 1 U 3
43 1 U 42
44 0 L 26
45 1 U 20
46 0 L 0
47 1 U 28
48 1 U 27
49 1 U 23
50 0 L -1
51 0 U 25
52 1 L 18
53 0 U 39
54 1 U -1
55 0 L 44
56 1 L 40
57 0 L 51
58 0 L 44
59 1 L -1
60 1 L 1
61 1 U 28
62 1 L 2
63 1 L 15
64 1 L 9
65 0 U 39
66 0 L 24
67 1 L 49
68 1 U 30
69 1 L -1
70 0 L 24
71 0 U 10
72 0 L 29
73 0 L 23
74 0 U 36
75 1 U 7
76 0 L 32
77 0 U 62
78 0 L 58
79 0 L 22
80 0 L 46
81 0 L 80
82 1 L 46
83 0 L 70
84 1 L 80
85 1 U 23
86 0 L 70
87 0 L 83
88 1 L 60
89 0 L 76
90 1 L 88
91 0 U -1
92 1 U 80
93 1 U 58
94 1 U 38
95
0 0 L -1
1 1 U -1
2 1 U 1
3 1 U -1
4 1 U 1
5 0 U -1
6 1 U -1
7 1 L 5
8 0 L 3
9 1 L -1
10 1 L 3
11 1 U -1
12 1 U 5
13 0 U 7
14 1 L -1
15 0 L 2
16 0 L 15
17 0 U -1
18 0 U 9
19 0 U 9
20 0 U 5
21 0 L 10
22 1 L 10
23 0 U 0
24 1 U 2
25 0 L 14
26 0 U 3
27 1 U 7
28 1 U 25
29 1 U 18
30 1 U -1
31 1 U 10
32 0 L 21
33 1 U 13
34 1 L 4
35 1 U -1
36 0 U 20
37 0 U 30
38 0 L 11
39 0 U 35
40 0 U 28
41 1 U -1
42 1 U 3
43 1 U 42
44 0 L 26
45 1 U 20
46 0 L 0
47 1 U 28
48 1 U 27
49 1 U 23
50 0 L -1
51 0 U 25
52 1 L 18
53 0 U 39
54 1 U -1
55 0 L 44
56 1 L 40
57 0 L 51
58 0 L 44
59 1 L -1
60 1 L 1
61 1 U 28
62 1 L 2
63 1 L 15
64 1 L 9
65 1 U 6
66 0 L 21
67 1 L 49
68 1 U 23
69 1 L -1
70 0 L 24
71 0 U 10
72 0 L 22
73 0 L 23
74 0 U 36
75 1 U 9
76 0 L 32
77 0 U 62
78 0 L 58
79 0 L 22
80 0 L 46
81 0 L 80
82 1 L 46
83 0 L 70
84 1 L 80
85 1 U 23
86 0 L 70
87 0 L 83
88 1 L 80
89 0 L 76
90 1 L 88
91 0 U -1
92 1 U 80
93 1 U 58
94 1 U 38
95
0 0 L -1
1 1 U -1
2 1 U 1
3 1 U -1
4 1 U 0
5 0 U -1
6 1 U -1
7 1 L 5
8 0 L 3
9 1 L -1
10 1 L 3
11 1 U -1
12 1 U 5
13 0 U 7
14 1 L -1
15 0 L 0
16 0 L 15
17 0 U -1
18 0 U 9
19 0 U 9
20 0 U 5
21 0 L 10
22 1 L 4
23 0 U 0
24 1 U 2
25 0 L 14
26 0 U 3
27 1 U 7
28 1 U 25
29 1 U 18
30 1 U -1
31 1 U 10
32 0 L 21
33 1 U 13
34 1 L 4
35 1 U -1
36 0 U 20
37 0 U 30
38 0 L 11
39 0 U 35
40 0 U 28
41 0 U -1
42 1 U 3
43 1 U 42
44 0 L 26
45 1 U 20
46 0 L 0
47 1 U 28
48 1 U 27
49 1 U 4
50 0 L -1
51 0 U 25
52 1 L 18
53 0 U 39
54 1 U -1
55 0 L 44
56 1 L 40
57 0 L 51
58 0 L 44
59 1 L -1
60 1 L 1
61 1 U 28
62 1 L 9
63 1 L 15
64 1 L 9
65 0 U 6
66 1 L 21
67 1 L 49
68 1 U 23
69 1 L -1
70 0 L 24
71 0 U 31
72 0 L 44
73 0 L 23
74 0 U 36
75 1 U 9
76 0 L 32
77 0 U 62
78 0 L 58
79 0 L 22
80 0 L 46
81 0 L 80
82 1 L 46
83 0 L 70
84 0 L 80
85 1 U 23
86 0 L 70
87 0 L 83
88 1 L 80
89 1 L 76
90 1 L 88
91 0 U -1
92 1 U 80
93 1 U 58
94 1 U 38
95
0 0 L -1
1 1 U -1
2 1 U 1
3 1 U -1
4 1 U 0
5 0 U -1
6 1 U -1
7 1 L 5
8 0 L 3
9 1 L -1
10 1 L 3
11 1 U -1
12 1 U 5
13 0 U 7
14 1 L -1
15 0 L 0
16 0 L 15
17 0 U -1
18 0 U 9
19 0 U 9
20 0 U 5
21 0 L 10
22 1 L 4
23 0 U 0
24 1 U 2
25 0 L 14
26 0 U 3
27 1 U 7
28 1 U 25
29 1 U 18
30 1 U -1
31 1 U 10
32 0 L 21
33 1 U 13
34 1 L 4
35 1 U -1
36 0 U 20
37 0 U 30
38 0 L 11
39 0 U 35
40 0 U 28
41 0 U -1
42 1 U 3
43 1 U 42
44 0 L 26
45 1 U 20
46 0 L 0
47 1 U 28
48 1 U 27
49 1 U 4
50 0 L -1
51 0 U 25
52 1 L 18
53 0 U 23
54 1 U -1
55 0 L 44
56 1 L 40
57 0 L 51
58 0 L 44
59 1 L -1
60 1 L 1
61 1 U 28
62 1 L 9
63 1 L 15
64 1 L 9
65 1 U 6
66 0 L 21
67 1 L 49
68 1 U 23
69 1 L -1
70 0 L 24
71 0 U 31
72 0 L 44
73 0 L 23
74 0 U 36
75 1 U 9
76 0 L 32
77 0 U 62
78 0 L 58
79 0 L 22
80 0 L 46
81 1 L 80
82 1 L 46
83 0 L 70
84 0 L 80
85 1 U 23
86 0 L 70
87 0 L 83
88 1 L 80
89 1 L 76
90 1 L 88
91 0 U -1
92 1 U 80
93 1 U 58
94 1 U 38
95
0 0 L -1
1 1 U -1
2 1 U 1
3 1 U -1
4 1 U 0
5 0 U -1
6 1 U -1
7 1 L 5
8 0 L 3
9 1 L -1
10 1 L 3
11 1 U -1
12 1 U 5
13 0 U 7
14 1 L -1
15 0 L 0
16 0 L 15
17 0 U -1
18 0 U 9
19 0 U 7
20 0 U 5
21 0 L 10
22 1 L 4
23 0 U 0
24 1 U 15
25 0 L 14
26 0 U 4
27 1 U 7
28 1 U 25
29 1 U 18
30 1 U -1
31 1 U 10
32 0 L 21
33 1 U 13
34 1 L 4
35 1 U -1
36 0 U 20
37 0 U 30
38 0 L 11
39 0 U 35
40 0 U 28
41 1 U -1
42 1 U 3
43 1 U 42
44 0 L 26
45 1 U 20
46 1 L 0
47 1 U 28
48 1 U 27
49 1 U 4
50 0 L -1
51 0 U 25
52 1 L 18
53 0 U 23
54 1 U -1
55 0 L 44
56 1 L 40
57 0 L 51
58 0 L 44
59 1 L -1
60 1 L 46
61 1 U 28
62 1 L 9
63 1 L 15
64 1 L 9
65 1 U 6
66 0 L 21
67 1 L 49
68 1 U 23
69 1 L -1
70 0 L 24
71 0 U 31
72 0 L 44
73 0 L 23
74 0 U 36
75 1 U 9
76 0 L 32
77 1 U 62
78 0 L 58
79 0 L 22
80 0 L 46
81 0 L 80
82 1 L 46
83 0 L 70
84 0 L 80
85 1 U 30
86 1 L 70
87 0 L 83
88 1 L 80
89 1 L 76
90 1 L 88
91 0 U -1
92 1 U 80
93 1 U 58
94 1 U 38
95
0 0 L -1
1 1 U -1
2 1 U 1
3 1 U -1
4 1 U 0
5 0 U -1
6 1 U -1
7 1 L 4
8 0 L 3
9 1 L -1
10 1 L 3
11 1 U -1
12 1 U 1
13 0 U 7
14 1 L -1
15 0 L 0
16 0 L 15
17 0 U -1
18 0 U 9
19 0 U 7
20 0 U 5
21 0 L 10
22 1 L 4
23 0 U 0
24 1 U 15
25 0 L 14
26 0 U 4
27 1 U 7
28 1 U 25
29 1 U 18
30 1 U -1
31 1 U 10
32 0 L 21
33 1 U 13
34 1 L 4
35 1 U -1
36 0 U 20
37 0 U 30
38 0 L 11
39 0 U 35
40 0 U 28
41 0 U -1
42 1 U 3
43 1 U 42
44 0 L 26
45 1 U 20
46 1 L 0
47 1 U 28
48 1 U 27
49 1 U 12
50 0 L -1
51 0 U 25
52 1 L 18
53 0 U 23
54 1 U -1
55 0 L 44
56 1 L 40
57 0 L 51
58 0 L 44
59 1 L -1
60 1 L 46
61 1 U 28
62 1 L 9
63 1 L 15
64 1 L 9
65 1 U 6
66 1 L 21
67 1 L 49
68 1 U 23
69 1 L -1
70 0 L 24
71 0 U 31
72 0 L 44
73 0 L 23
74 0 U 9
75 1 U 9
76 0 L 32
77 1 U 62
78 0 L 58
79 0 L 22
80 0 L 46
81 1 L 80
82 1 L 46
83 0 L 70
84 0 L 80
85 1 U 30
86 0 L 70
87 0 L 83
88 1 L 80
89 0 L 76
90 1 L 88
91 0 U -1
92 1 U 80
93 1 U 58
94 1 U 38
95
0 0 U -1
1 1 U -1
2 1 U 1
3 1 U -1
4 1 U 0
5 0 U -1
6 1 U -1
7 1 L 4
8 0 L 3
9 1 L -1
10 0 L 3
11 1 U -1
12 1 U 1
13 0 U 7
14 1 L -1
15 0 L 0
16 0 L 15
17 0 U -1
18 0 U 9
19 0 U 7
20 0 U 5
21 0 L 10
22 1 L 10
23 0 U 0
24 1 U 16
25 0 L 14
26 0 U 4
27 1 U 7
28 1 U 25
29 1 U 18
30 1 U -1
31 1 U 10
32 0 L 21
33 1 U 18
34 1 L 4
35 1 U -1
36 0 U 20
37 0 U 30
38 0 L 11
39 0 U 35
40 0 U 28
41 1 U -1
42 1 U 6
43 1 U 42
44 0 L 26
45 1 U 20
46 0 L 0
47 1 U 28
48 1 U 27
49 1 U 12
50 0 L -1
51 0 U 25
52 1 L 18
53 0 U 23
54 1 U -1
55 0 L 44
56 1 L 40
57 0 L 51
58 0 L 44
59 1 L -1
60 1 L 46
61 1 U 28
62 0 L 9
63 1 L 15
64 0 L 9
65 1 U 6
66 0 L 21
67 1 L 49
68 1 U 23
69 1 L -1
70 0 L 24
71 0 U 38
72 0 L 44
73 0 L 23
74 0 U 9
75 1 U 9
76 0 L 32
77 1 U 62
78 0 L 58
79 0 L 34
80 0 L 46
81 0 L 80
82 1 L 46
83 0 L 70
84 1 L 60
85 1 U 30
86 0 L 70
87 0 L 83
88 1 L 80
89 0 L 76
90 1 L 88
91 0 U -1
92 1 U 80
93 0 U 58
94 1 U 38
95
0 0 L -1
1 1 U -1
2 1 U 1
3 1 U -1
4 1 U 0
5 0 U -1
6 1 U -1
7 1 L 4
8 0 L 3
9 1 L -1
10 0 L 3
11 1 U -1
12 1 U 1
13 0 U 7
14 1 L -1
15 0 L 0
16 0 L 15
17 0 U -1
18 0 U 9
19 0 U 7
20 0 U 5
21 0 L 10
22 1 L 10
23 1 U 0
24 1 U 16
25 0 L 14
26 0 U 4
27 1 U 7
28 1 U 25
29 1 U 18
30 1 U -1
31 1 U 10
32 0 L 21
33 1 U 18
34 1 L 4
35 1 U -1
36 0 U 20
37 0 U 30
38 0 L 11
39 0 U 35
40 0 U 28
41 1 U -1
42 1 U 6
43 1 U 42
44 0 L 26
45 1 U 20
46 1 L 0
47 1 U 28
48 1 U 27
49 1 U 23
50 0 L -1
51 0 U 25
52 1 L 18
53 0 U 23
54 1 U -1
55 0 L 44
56 1 L 40
57 0 L 51
58 0 L 44
59 1 L -1
60 1 L 46
61 1 U 57
62 1 L 9
63 1 L 15
64 1 L 9
65 0 U 11
66 0 L 21
67 1 L 49
68 1 U 49
69 1 L -1
70 0 L 24
71 0 U 38
72 0 L 44
73 0 L 23
74 0 U 9
75 1 U 9
76 0 L 32
77 1 U 62
78 0 L 58
79 0 L 34
80 0 L 46
81 0 L 80
82 1 L 1
83 0 L 70
84 1 L 60
85 0 U 30
86 0 L 70
87 0 L 83
88 1 L 60
89 0 L 76
90 1 L 88
91 0 U -1
92 1 U 40
93 1 U 58
94 1 U 38
95
0 0 L -1
1 1 U -1
2 1 U 1
3 1 U -1
4 1 U 0
5 0 U -1
6 1 U -1
7 1 L 4
8 0 L 3
9 1 L -1
10 0 L 3
11 1 U -1
12 1 U 1
13 0 U 7
14 1 L -1
15 0 L 0
16 0 L 15
17 0 U -1
18 0 U 9
19 0 U 7
20 0 U 5
21 0 L 10
22 1 L 10
23 1 U 0
24 1 U 16
25 0 L 14
26 0 U 6
27 1 U 7
28 1 U 25
29 1 U 18
30 1 U -1
31 1 U 10
32 0 L 21
33 1 U 18
34 1 L 4
35 1 U -1
36 1 U 20
37 0 U 30
38 0 L 11
39 0 U 35
40 0 U 28
41 0 U -1
42 1 U 6
43 1 U 42
44 0 L 26
45 1 U 20
46 0 L 0
47 1 U 28
48 1 U 27
49 1 U 17
50 0 L -1
51 0 U 25
52 1 L 11
53 0 U 23
54 1 U -1
55 1 L 44
56 1 L 40
57 0 L 51
58 0 L 44
59 1 L -1
60 1 L 46
61 1 U 57
62 1 L 0
63 1 L 15
64 1 L 9
65 0 U 20
66 0 L 21
67 1 L 49
68 0 U 49
69 1 L -1
70 0 L 24
71 0 U 38
72 0 L 44
73 0 L 23
74 0 U 9
75 1 U 9
76 0 L 32
77 1 U 62
78 0 L 58
79 0 L 34
80 0 L 46
81 0 L 80
82 1 L 1
83 0 L 70
84 1 L 60
85 0 U 30
86 1 L 70
87 0 L 83
88 1 L 60
89 0 L 76
90 1 L 88
91 0 U -1
92 1 U 40
93 1 U 58
94 1 U 38
95
0 0 L -1
1 1 U -1
2 1 U 1
3 1 U -1
4 1 U 0
5 0 U -1
6 1 U -1
7 1 L 4
8 0 L 3
9 1 L -1
10 0 L 3
11 1 U -1
12 1 U 0
13 0 U 7
14 1 L -1
15 0 L 0
16 0 L 15
17 0 U -1
18 0 U 9
19 0 U 7
20 0 U 5
21 0 L 10
22 1 L 4
23 1 U 5
24 1 U 12
25 0 L 14
26 0 U 3
27 1 U 7
28 1 U 25
29 1 U 18
30 1 U -1
31 0 U 28
32 0 L 21
33 1 U 18
34 1 L 4
35 1 U -1
36 1 U 20
37 0 U 30
38 0 L 11
39 0 U 35
40 0 U 28
41 1 U -1
42 1 U 6
43 1 U 42
44 0 L 38
45 1 U 20
46 0 L 0
47 1 U 28
48 1 U 27
49 1 U 17
50 0 L -1
51 0 U 25
52 1 L 11
53 0 U 23
54 1 U -1
55 1 L 44
56 1 L 51
57 0 L 51
58 0 L 44
59 1 L -1
60 1 L 46
61 0 U 57
62 1 L 0
63 1 L 15
64 1 L 9
65 1 U 20
66 0 L 21
67 1 L 48
68 0 U 49
69 1 L -1
70 0 L 24
71 0 L 21
72 0 L 29
73 0 L 23
74 0 U 60
75 1 U 9
76 0 L 32
77 0 U 62
78 1 L 58
79 0 L 34
80 0 L 46
81 0 L 80
82 1 L 1
83 0 L 70
84 0 L 60
85 0 U 30
86 1 L 70
87 0 L 83
88 1 L 60
89 0 L 76
90 1 L 88
91 0 U -1
92 1 U 40
93 0 U 58
94 0 U 38
95
0 0 L -1
1 1 U -1
2 1 U 1
3 1 U -1
4 1 U 1
5 0 U -1
6 1 U -1
7 1 L 4
8 0 L 3
9 1 L -1
10 1 L 3
11 1 U 0
12 1 U 0
13 0 U 7
14 1 L -1
15 0 L 0
16 1 L 15
17 0 U -1
18 0 U 9
19 0 U 7
20 0 U 5
21 0 L 10
22 1 L 5
23 1 U 5
24 1 U 15
25 0 L 14
26 0 U 6
27 1 U 7
28 1 U 25
29 1 U 18
30 1 U -1
31 0 U 28
32 0 L 21
33 1 U 18
34 1 L 4
35 1 U -1
36 1 U 20
37 0 U 30
38 0 L 11
39 0 U 35
40 0 U 28
41 1 U -1
42 1 U 6
43 1 U 42
44 0 L 38
45 1 U 20
46 1 L 0
47 1 U 28
48 1 U 27
49 1 U 17
50 0 L -1
51 0 U 25
52 1 L 11
53 0 U 23
54 1 U -1
55 1 L 44
56 1 L 51
57 0 L 51
58 0 L 44
59 1 L -1
60 1 L 46
61 0 U 57
62 1 L 0
63 1 L 15
64 1 L 9
65 0 U 4
66 0 L 21
67 1 L 48
68 0 U 49
69 1 L -1
70 0 L 24
71 0 L 21
72 0 L 29
73 0 L 23
74 0 U 60
75 1 U 9
76 0 L 32
77 0 U 62
78 1 L 58
79 0 L 34
80 0 L 46
81 0 L 80
82 1 L 1
83 0 L 70
84 1 L 16
85 0 U 30
86 0 L 70
87 0 L 83
88 1 L 60
89 0 L 76
90 1 L 88
91 0 U -1
92 1 U 40
93 1 L 58
94 1 U 38
95
0 0 U -1
1 1 U -1
2 1 U 1
3 1 U -1
4 1 U 0
5 0 U -1
6 1 U -1
7 1 L 4
8 0 L 3
9 1 L -1
10 0 L 3
11 1 U 5
12 1 U 5
13 0 U 7
14 1 L -1
15 0 L 0
16 1 L 15
17 1 U -1
18 0 U 9
19 0 U 9
20 0 U 5
21 0 L 10
22 1 L 5
23 0 U 5
24 1 U 15
25 0 L 14
26 0 U 3
27 1 U 7
28 1 U 25
29 1 U 18
30 1 U -1
31 0 U 28
32 0 L 21
33 1 U 18
34 1 L 4
35 1 U -1
36 0 U 20
37 0 U 30
38 0 L 11
39 0 U 35
40 0 U 28
41 1 U -1
42 1 U 6
43 1 U 42
44 0 L 38
45 1 U 20
46 0 L 2
47 1 U 28
48 1 U 14
49 0 U 37
50 0 L -1
51 0 U 25
52 1 L 11
53 0 U 23
54 1 U -1
55 1 L 29
56 1 L 51
57 0 L 51
58 0 L 44
59 1 L -1
60 1 L 46
61 0 U 57
62 1 L 0
63 1 L 15
64 1 L 9
65 1 U 4
66 0 L 21
67 1 L 48
68 0 U 2
69 1 L -1
70 0 L 24
71 0 L 21
72 0 L 29
73 0 L 28
74 0 U 36
75 1 U 9
76 0 L 32
77 0 U 62
78 0 L 58
79 0 L 34
80 0 L 46
81 0 L 80
82 1 L 1
83 1 L 70
84 1 L 16
85 0 U 30
86 0 L 12
87 0 L 86
88 1 L 60
89 0 L 76
90 1 L 88
91 0 U -1
92 1 U 40
93 0 U 58
94 0 U 38
95
0 0 U -1
1 1 U -1
2 1 U 1
3 1 U -1
4 1 U 0
5 0 U -1
6 1 U -1
7 1 L 5
8 0 L 3
9 1 L -1
10 0 L 3
11 1 U 0
12 1 U 0
13 0 U 7
14 1 L -1
15 0 L 2
16 1 L 15
17 1 U -1
18 0 U 9
19 0 U 9
20 0 U 5
21 0 L 10
22 1 L 10
23 0 U 5
24 1 U 15
25 0 L 14
26 0 U 3
27 1 U 7
28 1 U 25
29 1 U 18
30 1 U -1
31 0 U 28
32 0 L 21
33 1 U 18
34 1 L 4
35 1 U -1
36 0 U 20
37 0 U 30
38 0 L 11
39 0 U 35
40 0 U 28
41 1 U -1
42 1 U 6
43 1 U 42
44 0 L 38
45 1 U 20
46 1 L 2
47 1 U 28
48 1 U 14
49 0 U 23
50 0 L -1
51 0 U 25
52 1 L 18
53 0 U 23
54 1 U -1
55 1 L 12
56 1 L 51
57 0 L 51
58 0 L 44
59 1 L -1
60 1 L 46
61 0 U 57
62 1 L 0
63 1 L 15
64 1 L 9
65 1 U 49
66 0 L 21
67 1 L 48
68 0 U 2
69 1 L -1
70 0 L 24
71 0 L 22
72 0 L 29
73 0 L 28
74 0 U 36
75 1 U 9
76 0 L 32
77 0 U 62
78 0 L 58
79 0 L 34
80 0 L 46
81 0 L 80
82 1 L 1
83 1 L 70
84 1 L 16
85 0 U 30
86 1 L 12
87 0 L 86
88 1 L 60
89 1 L 76
90 1 L 88
91 0 U -1
92 1 U 70
93 1 U 58
94 1 U 38
95
0 1 U -1
1 1 U -1
2 1 U 1
3 1 U -1
4 1 U 0
5 0 U -1
6 1 U -1
7 1 L 4
8 0 L 3
9 1 L -1
10 0 L 3
11 1 U 0
12 1 U 0
13 0 U 7
14 1 L -1
15 0 L 2
16 0 L 15
17 1 U -1
18 0 U 9
19 0 U 9
20 0 U 17
21 0 L 10
22 1 L 10
23 0 U 5
24 1 U 15
25 0 L 14
26 0 U 3
27 1 U 7
28 1 U 25
29 1 U 18
30 1 U -1
31 1 U 28
32 0 L 21
33 1 U 18
34 1 L 10
35 1 U -1
36 0 U 20
37 0 U 30
38 0 L 11
39 0 U 35
40 0 U 28
41 0 U -1
42 1 U 6
43 1 U 42
44 0 L 38
45 1 U 20
46 0 L 2
47 1 U 28
48 1 U 14
49 0 U 23
50 0 L -1
51 0 U 25
52 1 L 18
53 0 U 23
54 1 U -1
55 1 L 12
56 1 L 51
57 0 L 51
58 0 L 44
59 1 L -1
60 1 L 46
61 0 U 57
62 1 L 0
63 1 L 15
64 1 L 9
65 0 U 49
66 0 L 21
67 1 L 48
68 0 U 2
69 1 L -1
70 0 L 24
71 0 L 22
72 0 L 29
73 0 L 28
74 0 U 9
75 1 U 9
76 0 L 32
77 1 U 62
78 1 L 58
79 0 L 22
80 0 L 46
81 0 L 80
82 1 L 1
83 0 L 43
84 1 L 60
85 0 U 30
86 1 L 12
87 0 L 86
88 1 L 60
89 1 L 76
90 1 L 88
91 0 U -1
92 1 U 70
93 0 U 58
94 1 U 38
95
0 1 U -1
1 1 U -1
2 1 U 1
3 1 U -1
4 1 U 0
5 0 U -1
6 1 U -1
7 1 L 4
8 0 L 3
9 1 L -1
10 1 L 3
11 1 U 0
12 1 U 0
13 0 U 7
14 1 L -1
15 0 L 2
16 1 L 15
17 1 U -1
18 0 U 9
19 0 U 9
20 0 U 17
21 0 L 10
22 1 L 10
23 0 U 5
24 1 U 15
25 0 L 14
26 1 U 3
27 1 U 7
28 1 U 25
29 1 U 18
30 1 U -1
31 1 U 28
32 0 L 21
33 1 U 18
34 1 L 10
35 1 U -1
36 1 U 30
37 0 U 30
38 0 L 11
39 0 U 35
40 0 U 28
41 0 U -1
42 1 U 6
43 1 U 42
44 0 L 38
45 1 U 23
46 1 L 2
47 1 U 28
48 1 U 14
49 1 U 23
50 0 L -1
51 0 U 36
52 1 L 18
53 0 U 23
54 1 U -1
55 1 L 12
56 0 L 51
57 0 L 51
58 0 L 44
59 1 L -1
60 1 L 46
61 0 U 57
62 1 L 0
63 1 L 15
64 1 L 9
65 0 U 49
66 0 L 21
67 1 L 48
68 0 U 2
69 1 L -1
70 0 L 24
71 0 L 22
72 0 L 29
73 0 L 28
74 0 U 9
75 1 U 68
76 0 L 32
77 0 U 47
78 0 L 58
79 0 L 22
80 0 L 46
81 0 L 80
82 1 L 1
83 0 L 43
84 0 L 60
85 0 U 30
86 0 L 12
87 0 L 86
88 1 L 60
89 1 L 76
90 1 L 88
91 0 U -1
92 1 U 70
93 1 U 58
94 1 U 38
95
0 1 U -1
1 1 U -1
2 1 U 1
3 1 U -1
4 1 U 0
5 0 U -1
6 1 U -1
7 1 L 4
8 0 L 3
9 1 L -1
10 1 L 3
11 1 U 5
12 1 U 0
13 0 U 7
14 1 L -1
15 0 L 2
16 1 L 15
17 1 U -1
18 0 U 9
19 0 U 9
20 1 U -1
21 0 L 10
22 1 L 10
23 0 U 5
24 1 U 15
25 0 L 14
26 0 U 3
27 1 U 7
28 1 U 25
29 1 U 18
30 1 U -1
31 1 U 28
32 0 L 21
33 1 U 8
34 1 L 10
35 1 U -1
36 0 U 30
37 0 U 30
38 0 L 11
39 0 U 35
40 0 U 28
41 1 U -1
42 1 U 6
43 1 U 42
44 0 L 38
45 1 U 23
46 1 L 0
47 1 U 28
48 1 U 14
49 1 U 23
50 0 L -1
51 0 U 24
52 1 L 18
53 0 U 23
54 1 U -1
55 0 L 12
56 1 L 51
57 0 L 51
58 0 L 44
59 1 L -1
60 1 L 46
61 0 U 57
62 1 L 2
63 1 L 15
64 1 L 9
65 0 U 49
66 0 L 21
67 1 L 48
68 0 U 2
69 1 L -1
70 0 L 24
71 0 L 22
72 0 L 29
73 0 L 28
74 0 U 9
75 1 U 68
76 0 L 32
77 0 U 47
78 0 L 58
79 0 L 22
80 0 L 46
81 0 L 80
82 1 L 1
83 0 L 43
84 1 L 16
85 0 U 30
86 0 L 12
87 0 L 86
88 1 L 60
89 1 L 76
90 1 L 88
91 0 U -1
92 1 U 70
93 0 U 20
94 0 U 38
95
0 1 L -1
1 1 U -1
2 1 U 1
3 1 U -1
4 1 U 0
5 0 U -1
6 1 U -1
7 1 L 4
8 0 L 3
9 1 L -1
10 1 L 3
11 1 U 5
12 1 U 0
13 0 U 7
14 1 L -1
15 0 L 2
16 1 L 15
17 1 U -1
18 0 U 9
19 0 U 9
20 0 U -1
21 0 L 10
22 1 L 10
23 0 U 5
24 1 U 15
25 0 L 14
26 1 U 6
27 1 U 7
28 1 U 25
29 1 U 18
30 1 U -1
31 0 U 10
32 0 L 21
33 1 U 8
34 1 L 10
35 1 U -1
36 0 U 30
37 0 U 30
38 0 L 11
39 0 U 35
40 0 U 38
41 0 U -1
42 1 U 3
43 1 U 42
44 0 L 38
45 1 U 23
46 1 L 0
47 1 U 28
48 1 U 14
49 1 U 23
50 0 L -1
51 0 U 24
52 1 L 18
53 0 U 23
54 1 U -1
55 1 L 12
56 1 L 51
57 0 L 51
58 0 L 44
59 0 L -1
60 1 L 46
61 1 U 57
62 1 L 2
63 1 L 15
64 1 L 14
65 0 U 49
66 0 L 21
67 1 L 48
68 0 U 37
69 1 L -1
70 0 L 24
71 0 L 22
72 1 L 29
73 0 L 28
74 0 U 9
75 1 U 68
76 0 L 66
77 1 U 47
78 0 L 58
79 0 L 22
80 0 L 46
81 0 L 80
82 1 L 1
83 0 L 43
84 1 L 16
85 0 U 30
86 0 L 12
87 0 L 26
88 1 L 60
89 1 L 76
90 1 L 88
91 0 U -1
92 1 U 44
93 1 U 20
94 1 U 38
95
0 1 L -1
1 1 U -1
2 1 U 1
3 1 U -1
4 1 U 0
5 0 U -1
6 1 U -1
7 1 L 4
8 0 L 3
9 1 L -1
10 1 L 3
11 1 U 5
12 1 U 5
13 0 U 7
14 1 L -1
15 0 L 2
16 1 L 15
17 1 U -1
18 0 U 9
19 0 U 7
20 1 U -1
21 0 L 5
22 1 L 5
23 0 U 5
24 1 U 15
25 0 L 14
26 1 U 6
27 1 U 7
28 1 U 25
29 1 U 18
30 1 U -1
31 0 U 10
32 0 L 21
33 1 U 8
34 1 L 10
35 1 U -1
36 0 U 30
37 0 U 30
38 0 L 11
39 0 U 35
40 0 U 38
41 1 U -1
42 1 U 3
43 1 U 42
44 0 L 38
45 1 U 23
46 0 L 0
47 1 U 28
48 1 U 27
49 1 U 23
50 0 L -1
51 0 U 24
52 1 L 18
53 0 U 23
54 1 U -1
55 1 L 29
56 0 L 51
57 0 L 51
58 0 L 44
59 1 L -1
60 1 L 1
61 1 U 57
62 1 L 2
63 1 L 15
64 1 L 14
65 0 U 49
66 0 L 21
67 1 L 48
68 0 U 37
69 1 L -1
70 0 L 24
71 0 L 22
72 1 L 29
73 0 L 28
74 0 U 9
75 1 U 68
76 0 L 66
77 1 U 61
78 0 L 58
79 0 L 22
80 0 L 46
81 0 L 60
82 1 L 1
83 1 L 37
84 1 L 16
85 0 U 30
86 0 L 12
87 0 L 38
88 1 L 60
89 0 L 70
90 1 L 88
91 0 U -1
92 1 U 44
93 1 U 20
94 0 U 48
95
0 1 U -1
1 1 U -1
2 1 U 1
3 1 U -1
4 1 U 0
5 0 U -1
6 1 U -1
7 1 L 4
8 0 L 3
9 1 L -1
10 1 L 3
11 1 U 0
12 1 U 1
13 0 U 7
14 1 L -1
15 0 L 2
16 1 L 15
17 1 U -1
18 0 U 9
19 0 U 9
20 1 U -1
21 0 L 5
22 1 L 5
23 0 U 5
24 1 U 15
25 0 L 14
26 1 U 6
27 1 U 7
28 1 U 25
29 1 U 18
30 1 U -1
31 0 U 10
32 0 L 21
33 1 U 8
34 1 L 10
35 1 U -1
36 0 U 30
37 0 U 30
38 0 L 11
39 0 U 35
40 0 U 10
41 0 U -1
42 1 U 3
43 1 U 42
44 0 L 38
45 1 U 23
46 0 L 0
47 1 U 28
48 1 U 27
49 1 U 23
50 0 L -1
51 0 U 7
52 1 L 11
53 0 U 23
54 1 U -1
55 1 L 29
56 0 L 51
57 0 L 51
58 0 L 44
59 1 L -1
60 1 L 1
61 0 U 57
62 1 L 2
63 1 L 15
64 1 L 14
65 1 U 49
66 0 L 21
67 1 L 48
68 0 U 2
69 1 L -1
70 0 L 24
71 0 L 24
72 1 L 29
73 0 L 28
74 0 U 9
75 1 U 68
76 0 L 66
77 1 U 61
78 0 L 58
79 0 L 22
80 0 L 1
81 0 L 80
82 1 L 1
83 0 L 31
84 1 L 16
85 0 U 30
86 0 L 76
87 0 L 38
88 1 L 60
89 1 L 70
90 1 L 88
91 0 U -1
92 1 U 44
93 1 U 20
94 1 U 48
95
0 1 U -1
1 1 U -1
2 1 U 1
3 1 U -1
4 1 U 0
5 0 U -1
6 1 U -1
7 1 L 4
8 0 L 3
9 1 L -1
10 1 L 3
11 1 U 0
12 1 U 1
13 0 U 7
14 1 L -1
15 0 L 2
16 1 L 15
17 1 U -1
18 0 U 9
19 0 U 7
20 1 U -1
21 0 L 5
22 1 L 5
23 0 U 5
24 1 U 11
25 0 L 0
26 0 U 6
27 1 U 7
28 1 U 25
29 1 U 18
30 1 U -1
31 0 U 10
32 0 L 21
33 1 U 18
34 1 L 10
35 1 U -1
36 0 U 30
37 0 U 30
38 0 L 11
39 0 U 35
40 0 U 10
41 0 U -1
42 1 U 3
43 1 U 42
44 0 L 38
45 1 U 23
46 0 L 0
47 1 U 28
48 1 U 27
49 1 U 23
50 0 L -1
51 0 U 7
52 1 L 11
53 0 U 23
54 1 U -1
55 0 L 29
56 1 L 51
57 0 L 51
58 0 L 44
59 1 L -1
60 1 L 1
61 1 U 57
62 1 L 2
63 1 L 15
64 1 L 14
65 1 U 49
66 0 L 21
67 1 L 48
68 0 U 2
69 1 L -1
70 0 L 24
71 1 L 70
72 1 L 22
73 0 L 28
74 0 U 9
75 1 U 68
76 0 L 66
77 1 U 61
78 1 L 58
79 0 L 22
80 0 L 1
81 0 L 80
82 1 L 1
83 0 L 31
84 1 L 16
85 0 U 30
86 0 L 76
87 0 L 38
88 1 L 60
89 1 L 70
90 1 L 88
91 0 U -1
92 1 U 80
93 1 U 20
94 1 U 48
95
0 1 U -1
1 1 U -1
2 1 U 1
3 1 U -1
4 1 U 0
5 0 U -1
6 1 U -1
7 1 L 4
8 0 L 3
9 1 L -1
10 1 L 3
11 1 U 0
12 1 U 5
13 0 U 7
14 1 L -1
15 0 L 2
16 1 L 15
17 1 U -1
18 0 U 9
19 0 U 7
20 1 U -1
21 0 L 5
22 1 L 5
23 1 U 5
24 1 U 11
25 0 L 0
26 1 U 6
27 1 U 7
28 1 U 25
29 1 U 18
30 1 U -1
31 0 U 28
32 0 L 21
33 1 U 8
34 1 L 10
35 1 U -1
36 0 U 30
37 0 U 30
38 0 L 11
39 0 U 35
40 0 U 10
41 1 U -1
42 1 U 3
43 1 U 42
44 0 L 38
45 1 U 23
46 0 L 0
47 1 U 28
48 1 U 27
49 1 U 23
50 0 L -1
51 0 U 7
52 1 L 11
53 0 U 23
54 1 U -1
55 0 L 29
56 1 L 51
57 0 L 51
58 1 L 44
59 1 L -1
60 1 L 25
61 1 U 57
62 1 L 2
63 1 L 15
64 1 L 14
65 1 U 30
66 0 L 21
67 1 L 48
68 0 U 2
69 1 L -1
70 0 L 24
71 1 L 70
72 0 L 22
73 0 L 28
74 0 U 9
75 1 U 7
76 1 L 66
77 1 U 61
78 0 L 58
79 1 L 22
80 0 L 1
81 0 L 80
82 1 L 1
83 0 L 31
84 1 L 16
85 0 U 30
86 0 L 76
87 0 L 38
88 1 L 60
89 0 L 70
90 1 L 88
91 0 U -1
92 1 U 80
93 1 U 20
94 1 U 48
95
0 1 L -1
1 1 U -1
2 1 U 1
3 1 U -1
4 1 U 0
5 0 U -1
6 1 U -1
7 1 L 4
8 0 L 3
9 1 L -1
10 1 L 3
11 1 U 0
12 0 U 5
13 0 U 7
14 1 L -1
15 0 L 2
16 1 L 15
17 1 U -1
18 0 U 9
19 0 U 7
20 1 U -1
21 0 L 5
22 1 L 5
23 1 U 5
24 1 U 11
25 0 L 0
26 1 U 6
27 1 U 7
28 1 U 25
29 1 U 18
30 1 U -1
31 0 U 28
32 1 L 21
33 1 U 8
34 1 L 10
35 1 U -1
36 0 U 3
37 0 U 30
38 0 L 11
39 0 U 35
40 0 U 10
41 1 U -1
42 1 U 3
43 1 U 42
44 0 L 38
45 1 U 23
46 0 L 0
47 1 U 28
48 1 U 27
49 1 U 23
50 0 L -1
51 0 U 7
52 1 L 11
53 0 U 23
54 1 U -1
55 1 L 29
56 1 L 51
57 0 L 51
58 1 L 44
59 1 L -1
60 1 L 25
61 1 U 57
62 1 L 2
63 1 L 15
64 1 L 14
65 1 U 30
66 0 L 21
67 1 L 48
68 0 U 2
69 1 L -1
70 0 L 24
71 0 L 70
72 0 L 22
73 0 L 28
74 0 U 9
75 1 U 7
76 1 L 66
77 1 U 61
78 0 L 58
79 0 L 22
80 0 L 1
81 0 L 80
82 1 L 15
83 0 L 31
84 1 L 16
85 0 U 78
86 0 L 76
87 0 L 38
88 1 L 60
89 1 L 70
90 1 L 88
91 0 U -1
92 1 U 80
93 0 U 20
94 0 U 48
95
0 1 U -1
1 1 U -1
2 1 U 1
3 1 U -1
4 1 U 0
5 0 U -1
6 1 U -1
7 1 L 4
8 0 L 3
9 1 L -1
10 1 L 3
11 1 U 1
12 1 U 5
13 0 U 7
14 1 L -1
15 0 L 2
16 1 L 15
17 1 U -1
18 0 U 9
19 0 U 7
20 1 U -1
21 0 L 5
22 1 L 5
23 1 U 20
24 1 U 11
25 0 L 0
26 0 U 12
27 1 U 26
28 1 U 25
29 1 U 18
30 1 U -1
31 0 U 28
32 0 L 21
33 1 U 8
34 1 L 10
35 1 U -1
36 1 U 3
37 0 U 30
38 0 L 11
39 1 U 35
40 0 U 10
41 1 U -1
42 1 U 3
43 1 U 42
44 0 L 38
45 1 U 23
46 1 L 0
47 1 U 28
48 1 U 27
49 1 U 23
50 0 L -1
51 0 U 7
52 1 L 11
53 0 U 23
54 1 U -1
55 0 L 29
56 1 L 51
57 0 L 51
58 1 L 44
59 1 L -1
60 1 L 25
61 0 U 57
62 1 L 2
63 1 L 15
64 1 L 14
65 0 U 49
66 0 L 21
67 1 L 48
68 0 U 39
69 1 L -1
70 0 L 24
71 1 L 70
72 0 L 22
73 0 L 28
74 0 U 9
75 1 U 7
76 0 L 32
77 1 U 61
78 0 L 58
79 0 L 22
80 0 L 1
81 0 L 80
82 1 L 64
83 0 L 31
84 1 L 16
85 0 U 78
86 1 L 76
87 0 L 38
88 1 L 60
89 1 L 70
90 1 L 88
91 0 U -1
92 1 U 80
93 0 U 20
94 0 U 48
95
0 1 L -1
1 1 U -1
2 1 U 1
3 1 U -1
4 1 U 0
5 0 U -1
6 1 U -1
7 1 L 4
8 0 L 3
9 1 L -1
10 1 L 3
11 1 U 1
12 1 U 5
13 0 U 7
14 1 L -1
15 0 L 2
16 1 L 15
17 1 U -1
18 0 U 9
19 0 U 7
20 1 U -1
21 0 L 5
22 1 L 4
23 1 U 20
24 1 U 11
25 0 L 0
26 0 U 12
27 1 U 26
28 1 U 25
29 1 U 18
30 0 U -1
31 1 U 28
32 0 L 21
33 1 U 8
34 1 L 4
35 1 U -1
36 1 U 3
37 1 U 0
38 0 L 11
39 1 U 35
40 0 U 10
41 0 U -1
42 1 U 3
43 1 U 42
44 0 L 38
45 1 U 23
46 1 L 0
47 1 U 28
48 1 U 27
49 1 U 23
50 0 L -1
51 0 U 7
52 1 L 11
53 0 U 23
54 1 U -1
55 0 L 29
56 0 L 51
57 0 L 51
58 0 L 44
59 0 L -1
60 1 L 25
61 1 U 57
62 1 L 2
63 1 L 15
64 1 L 14
65 0 U 49
66 0 L 21
67 1 L 48
68 0 U 39
69 1 L -1
70 0 L 24
71 0 L 12
72 0 L 22
73 0 L 28
74 0 U 9
75 1 U 7
76 0 L 32
77 0 U 61
78 0 L 58
79 0 L 22
80 0 L 1
81 0 L 80
82 1 L 25
83 0 L 58
84 1 L 16
85 0 U 78
86 1 L 76
87 0 L 38
88 1 L 60
89 1 L 70
90 1 L 88
91 0 U -1
92 1 U 80
93 0 U 20
94 0 U 48
95
0 1 L -1
1 1 U -1
2 1 U 1
3 1 U -1
4 1 U 0
5 0 U -1
6 1 U -1
7 1 L 4
8 0 L 3
9 1 L -1
10 1 L 3
11 1 U 0
12 1 U 5
13 0 U 7
14 1 L -1
15 0 L 2
16 0 L 15
17 1 U -1
18 0 U 9
19 0 U 7
20 1 U -1
21 0 L 5
22 1 L 4
23 1 U 5
24 1 U 11
25 0 L 2
26 0 U 12
27 1 U 26
28 1 U 25
29 1 U 18
30 0 U -1
31 1 U 28
32 1 L 21
33 1 U 8
34 1 L 4
35 1 U -1
36 1 U 3
37 1 U 6
38 0 L 11
39 1 U 30
40 0 U 10
41 0 U -1
42 1 U 3
43 1 U 42
44 0 L 38
45 1 U 23
46 0 L 0
47 1 U 28
48 1 U 27
49 1 U 23
50 0 L -1
51 0 U 7
52 1 L 11
53 0 U 23
54 1 U -1
55 0 L 29
56 1 L 51
57 0 L 51
58 0 L 44
59 1 L -1
60 1 L 25
61 1 U 57
62 1 L 2
63 1 L 15
64 1 L 14
65 1 U 6
66 0 L 21
67 1 L 48
68 0 U 39
69 1 L 14
70 0 L 24
71 0 L 12
72 0 L 22
73 0 L 28
74 0 U 9
75 1 U 7
76 1 L 32
77 1 U 61
78 1 L 58
79 1 L 22
80 0 L 69
81 0 L 80
82 1 L 25
83 0 L 18
84 1 L 60
85 0 U 78
86 1 L 82
87 0 L 38
88 1 L 60
89 1 L 70
90 1 L 88
91 0 U -1
92 1 U 80
93 0 U 20
94 0 U 48
95
0 1 L -1
1 1 U -1
2 1 U 1
3 1 U -1
4 1 U 0
5 0 U -1
6 1 U -1
7 1 L 4
8 0 L 3
9 1 L -1
10 1 L 3
11 1 U 1
12 1 U 5
13 0 U 7
14 1 L -1
15 0 L 2
16 0 L 15
17 1 U -1
18 0 U 9
19 0 U 7
20 1 U -1
21 0 L 5
22 1 L 4
23 1 U 5
24 1 U 11
25 0 L 2
26 1 U 12
27 1 U 7
28 1 U 25
29 1 U 18
30 0 U -1
31 1 U 28
32 1 L 21
33 1 U 30
34 1 L 4
35 0 U -1
36 1 U 3
37 1 U 6
38 0 L 11
39 1 U 30
40 0 U 10
41 0 U -1
42 1 U 3
43 1 U 42
44 0 L 38
45 1 U -1
46 1 L 2
47 1 U 28
48 1 U 27
49 0 U 23
50 0 L -1
51 0 U 7
52 1 L 11
53 0 U 23
54 1 U -1
55 0 L 29
56 0 L 51
57 0 L 51
58 0 L 44
59 0 L -1
60 1 L 25
61 0 U 57
62 1 L 2
63 1 L 15
64 1 L 14
65 0 U 49
66 0 L 21
67 1 L 48
68 1 U 12
69 1 L 14
70 0 L 24
71 0 L 12
72 0 L 22
73 0 L 28
74 0 U 9
75 1 U 7
76 1 L 32
77 1 U 61
78 1 L 58
79 1 L 22
80 0 L 69
81 0 L 80
82 1 L 25
83 0 L 18
84 1 L 60
85 0 U 78
86 1 L 82
87 0 L 38
88 1 L 60
89 0 L 70
90 1 L 88
91 1 U -1
92 1 U 80
93 0 U 20
94 0 U 48
95
0 1 U -1
1 1 U -1
2 1 U 1
3 1 U -1
4 1 U 0
5 0 U -1
6 1 U -1
7 1 L 4
8 0 L 3
9 1 L -1
10 1 L 3
11 1 U 0
12 1 U 5
13 0 U 7
14 1 L -1
15 0 L 2
16 0 L 15
17 1 U -1
18 0 U 9
19 0 U 7
20 1 U -1
21 0 L 5
22 1 L 10
23 1 U 17
24 1 U 11
25 0 L 2
26 1 U 12
27 1 U 7
28 1 U 25
29 1 U 18
30 0 U -1
31 1 U 13
32 0 L 21
33 1 U 30
34 1 L 4
35 0 U -1
36 1 U 3
37 1 U 6
38 0 L 11
39 1 U 30
40 0 U 19
41 0 U -1
42 1 U 3
43 1 U 42
44 0 L 38
45 1 U -1
46 0 L 42
47 1 U 28
48 1 U 27
49 1 U 23
50 0 L -1
51 0 U 7
52 1 L 11
53 0 U 23
54 1 U -1
55 1 L 29
56 1 L 51
57 0 L 51
58 0 L 44
59 0 L -1
60 1 L 25
61 1 U 57
62 1 L 9
63 1 L 25
64 1 L 14
65 0 U 49
66 0 L 21
67 1 L 48
68 1 U 3
69 1 L 14
70 0 L 24
71 0 L 12
72 0 L 22
73 0 L 28
74 0 U 9
75 1 U 7
76 1 L 32
77 1 U 61
78 1 L 58
79 0 L 22
80 0 L 69
81 0 L 80
82 1 L 25
83 0 L 55
84 1 L 60
85 0 U 78
86 1 L 82
87 0 L 38
88 1 L 60
89 0 L 70
90 1 L 88
91 1 U -1
92 1 U 80
93 0 U 20
94 1 U 48
95
0 1 L -1
1 1 U -1
2 1 U 1
3 1 U -1
4 1 U 1
5 0 U -1
6 1 U -1
7 1 L 4
8 0 L 3
9 1 L -1
10 1 L 3
11 1 U 5
12 1 U 5
13 0 U 7
14 1 L -1
15 0 L 2
16 0 L 15
17 1 U -1
18 0 U 9
19 0 U 7
20 1 U -1
21 0 L 5
22 1 L 10
23 1 U 20
24 1 U 11
25 0 L 2
26 1 U 12
27 1 U 7
28 1 U 25
29 1 U 18
30 0 U -1
31 1 U 13
32 0 L 21
33 1 U 30
34 1 L 4
35 1 U -1
36 1 U 33
37 1 U 6
38 0 L 11
39 1 U 30
40 0 U 27
41 0 U -1
42 1 U 3
43 1 U 42
44 0 L 38
45 1 U -1
46 0 L 42
47 1 U 28
48 1 U 27
49 1 U 23
50 0 L -1
51 0 U 7
52 1 L 11
53 0 U 23
54 1 U -1
55 0 L 29
56 1 L 51
57 0 L 51
58 0 L 44
59 1 L -1
60 1 L 25
61 1 U 57
62 1 L 9
63 1 L 25
64 1 L 14
65 1 U 49
66 0 L 21
67 1 L 48
68 1 U 3
69 1 L 14
70 0 L 24
71 0 L 12
72 1 L 22
73 1 L 28
74 0 U 9
75 1 U 7
76 1 L 32
77 1 U 61
78 1 L 58
79 0 L 22
80 0 L 69
81 0 L 80
82 1 L 69
83 0 L 55
84 1 L 60
85 0 U 78
86 1 L 82
87 0 L 38
88 1 L 60
89 0 L 70
90 1 L 88
91 1 U -1
92 1 U 80
93 0 U 5
94 0 U 63
95
0 1 L -1
1 1 U -1
2 1 U 1
3 1 U -1
4 1 U 1
5 0 U -1
6 1 U -1
7 1 L 4
8 0 L 3
9 1 L -1
10 1 L 3
11 1 U 5
12 1 U 5
13 0 U 7
14 1 L -1
15 0 L 2
16 0 L 15
17 1 U -1
18 0 U 9
19 0 U 7
20 1 U -1
21 0 L 5
22 1 L 10
23 1 U 20
24 1 U 11
25 0 L 2
26 1 U 12
27 1 U 7
28 1 U 25
29 1 U 18
30 0 U -1
31 1 U 18
32 0 L 21
33 1 U 30
34 1 L 4
35 1 U -1
36 1 U 33
37 1 U 3
38 0 L 11
39 1 U 30
40 0 U 27
41 0 U -1
42 1 U 3
43 1 U 42
44 0 L 38
45 1 U -1
46 0 L 42
47 1 U 28
48 1 U 27
49 1 U 23
50 0 L -1
51 0 U 26
52 1 L 11
53 0 U 41
54 1 U -1
55 1 L 29
56 1 L 9
57 0 L 51
58 0 L 44
59 1 L -1
60 1 L 25
61 0 U 57
62 1 L 0
63 1 L 25
64 1 L 14
65 0 U 49
66 0 L 21
67 1 L 48
68 1 U 6
69 1 L 14
70 0 L 6
71 0 L 12
72 0 L 66
73 1 L 28
74 0 U 9
75 1 U 7
76 1 L 32
77 1 U 61
78 1 L 58
79 0 L 22
80 0 L 69
81 0 L 80
82 1 L 69
83 0 L 55
84 1 L 60
85 0 U 78
86 1 L 82
87 0 L 38
88 1 L 60
89 0 L 70
90 1 L 88
91 1 U -1
92 1 U 80
93 0 U 5
94 0 U 63
95
0 1 U -1
1 1 U -1
2 1 U 1
3 1 U -1
4 1 U 1
5 0 U -1
6 1 U -1
7 1 L 4
8 0 L 3
9 1 L -1
10 1 L 3
11 1 U 5
12 1 U 5
13 0 U 7
14 1 L -1
15 0 L 2
16 1 L 15
17 1 U -1
18 0 U 9
19 0 U 7
20 1 U -1
21 0 L 5
22 1 L 10
23 1 U 20
24 1 U 11
25 0 L 2
26 1 U 12
27 1 U 26
28 1 U 25
29 1 U 18
30 0 U -1
31 1 U 19
32 0 L 21
33 1 U 30
34 1 L 4
35 1 U -1
36 1 U 33
37 1 U 3
38 0 L 11
39 1 U 30
40 0 U 14
41 0 U -1
42 1 U 3
43 1 U 42
44 0 L 38
45 1 U -1
46 1 L 42
47 1 U 28
48 1 U 27
49 1 U 23
50 0 L -1
51 0 U 26
52 1 L 11
53 0 U 41
54 1 U -1
55 0 L 29
56 1 L 9
57 0 L 51
58 0 L 44
59 1 L -1
60 1 L 25
61 1 U 57
62 1 L 0
63 1 L 25
64 1 L 14
65 0 U 49
66 0 L 21
67 1 L 48
68 0 U 11
69 1 L 14
70 0 L 6
71 0 L 12
72 0 L 66
73 0 L 28
74 0 U 9
75 1 U 7
76 1 L 70
77 1 U 61
78 0 L 58
79 1 L 22
80 0 L 69
81 0 L 63
82 1 L 69
83 0 L 55
84 1 L 60
85 0 U 78
86 1 L 82
87 0 L 38
88 1 L 60
89 0 L 70
90 1 L 88
91 1 U -1
92 1 U 80
93 0 U 66
94 1 U 63
95
0 1 U -1
1 1 U -1
2 1 U 1
3 1 U -1
4 1 U 1
5 0 U -1
6 1 U -1
7 1 L 4
8 0 L 3
9 1 L -1
10 1 L 3
11 1 U 5
12 1 U 5
13 0 U 7
14 1 L -1
15 0 L 2
16 1 L 15
17 1 U -1
18 0 U 9
19 0 U 7
20 0 U -1
21 0 L 5
22 1 L 10
23 0 U 20
24 1 U 11
25 0 L 2
26 1 U 12
27 1 U 25
28 1 U 25
29 1 U 18
30 0 U -1
31 1 U 18
32 0 L 21
33 1 U 1
34 1 L 4
35 1 U -1
36 1 U 33
37 1 U 6
38 0 L 11
39 1 U 30
40 0 U 14
41 0 U -1
42 1 U 3
43 1 U 42
44 0 L 38
45 1 U -1
46 0 L 42
47 1 U 28
48 1 U 19
49 1 U 23
50 0 L -1
51 0 U 9
52 1 L 18
53 0 U 41
54 1 U -1
55 0 L 29
56 1 L 9
57 0 L 51
58 0 L 44
59 1 L -1
60 1 L 25
61 1 U 57
62 1 L 0
63 1 L 25
64 1 L 59
65 1 U 4
66 0 L 21
67 1 L 48
68 1 U 3
69 1 L 14
70 0 L 6
71 0 L 12
72 0 L 66
73 1 L 28
74 0 U 9
75 1 U 7
76 1 L 17
77 1 U 61
78 0 L 58
79 1 L 22
80 0 L 25
81 0 L 63
82 1 L 69
83 0 L 39
84 1 L 60
85 0 U 78
86 1 L 82
87 0 L 38
88 1 L 60
89 1 L 70
90 1 L 79
91 1 U -1
92 1 U 80
93 0 U 66
94 1 U 63
95
0 1 L -1
1 1 U -1
2 1 U 1
3 1 U -1
4 1 U 1
5 0 U -1
6 1 U -1
7 1 L 5
8 0 L 3
9 1 L -1
10 1 L 3
11 1 U 0
12 1 U 5
13 0 U 7
14 1 L -1
15 0 L 2
16 0 L 15
17 1 U -1
18 0 U 9
19 0 U 7
20 1 U -1
21 0 L 5
22 1 L 10
23 0 U 20
24 1 U 11
25 0 L 0
26 1 U 12
27 1 U 25
28 1 U 25
29 1 U 18
30 0 U -1
31 1 U 18
32 1 L 21
33 1 U 1
34 1 L 4
35 1 U -1
36 1 U 33
37 1 U 6
38 0 L 11
39 1 U 30
40 0 U 14
41 0 U -1
42 1 U 3
43 1 U 42
44 0 L 38
45 1 U -1
46 0 L 42
47 1 U 28
48 1 U 19
49 1 U 23
50 0 L -1
51 0 U 46
52 1 L 18
53 0 U 41
54 1 U -1
55 1 L 29
56 1 L 9
57 0 L 51
58 0 L 44
59 1 L -1
60 1 L 25
61 1 U 57
62 1 L 0
63 1 L 25
64 1 L 59
65 1 U 4
66 0 L 21
67 1 L 48
68 1 U 6
69 1 L 14
70 0 L 24
71 0 L 12
72 0 L 66
73 0 L 28
74 0 U 9
75 1 U 7
76 1 L 17
77 1 U 61
78 0 L 58
79 1 L 22
80 0 L 25
81 1 L 63
82 1 L 69
83 0 L 39
84 1 L 60
85 0 U 78
86 1 L 82
87 0 L 38
88 0 L 60
89 1 L 70
90 1 L 79
91 0 U -1
92 1 U 80
93 0 U 66
94 1 U 63
95
0 1 L -1
1 1 U -1
2 1 U 1
3 1 U -1
4 1 U 1
5 0 U -1
6 1 U -1
7 1 L 5
8 0 L 3
9 1 L -1
10 1 L 7
11 1 U 0
12 1 U 5
13 0 U 7
14 1 L -1
15 0 L 2
16 0 L 15
17 1 U -1
18 0 U 9
19 0 U 7
20 0 U -1
21 0 L 5
22 1 L 4
23 0 U 0
24 1 U 11
25 0 L 0
26 1 U 12
27 1 U 25
28 1 U 25
29 1 U 18
30 0 U -1
31 1 U 18
32 0 L 29
33 1 U 1
34 1 L 4
35 1 U -1
36 1 U 33
37 1 U 6
38 0 L 11
39 1 U 30
40 0 U 13
41 1 U -1
42 1 U 33
43 1 U 42
44 0 L 38
45 1 U -1
46 1 L 42
47 1 U 28
48 1 U 19
49 1 U 23
50 0 L -1
51 0 U 46
52 1 L 18
53 0 U 41
54 1 U -1
55 0 L 29
56 1 L 9
57 0 L 51
58 1 L 44
59 1 L -1
60 1 L 25
61 1 U 57
62 1 L 0
63 1 L 25
64 1 L 59
65 1 U 4
66 0 L 21
67 1 L 63
68 1 U 6
69 1 L 14
70 0 L 24
71 0 L 12
72 0 L 66
73 0 L 28
74 0 U 9
75 1 U 7
76 1 L 17
77 1 U 61
78 0 L 58
79 1 L 22
80 0 L 25
81 0 L 63
82 1 L 69
83 0 L 39
84 1 L 60
85 0 L 78
86 1 L 82
87 0 L 38
88 1 L 60
89 1 L 70
90 1 L 79
91 1 U -1
92 1 U 84
93 0 U 66
94 1 U 63
