98
0 0 U -1
1 0 U -1
2 0 U -1
3 0 U -1
4 0 U -1
5 0 U -1
6 0 U -1
7 0 U -1
8 0 U -1
9 0 U -1
10 0 U -1
11 0 U -1
12 0 U -1
13 0 U -1
14 0 U -1
15 0 U -1
16 0 U -1
17 0 U -1
18 0 U -1
19 0 U -1
20 0 U -1
21 0 U -1
22 0 U -1
23 0 U -1
24 0 U -1
25 0 U -1
26 0 U -1
27 0 U -1
28 0 U -1
29 0 U -1
30 0 U -1
31 0 U -1
32 0 U -1
33 0 U -1
34 0 U -1
35 0 U -1
36 0 U -1
37 0 U -1
38 0 U -1
39 0 U -1
40 0 U -1
41 0 U -1
42 0 U -1
43 0 U -1
44 0 U -1
45 0 U -1
46 0 U -1
47 0 U -1
48 0 U -1
49 0 U -1
50 0 U -1
51 0 U -1
52 0 U -1
53 0 U -1
54 0 U -1
55 0 U -1
56 0 U -1
57 0 U -1
58 0 U -1
59 0 U -1
60 0 U -1
61 0 U -1
62 0 U -1
63 0 U -1
64 0 U -1
65 0 U -1
66 0 U -1
67 0 U -1
68 0 U -1
69 0 U -1
70 0 U -1
71 0 U -1
72 0 U -1
73 0 U -1
74 0 U -1
75 0 U -1
76 0 U -1
77 0 U -1
78 0 U -1
79 0 U -1
80 0 U -1
81 0 U -1
82 0 U -1
83 0 U -1
84 0 U -1
85 0 U -1
86 0 U -1
87 0 U -1
88 0 U -1
89 0 U -1
90 0 U -1
91 0 U -1
92 0 U -1
93 0 U -1
94 0 U -1
95 0 U -1
96 0 U -1
97 0 U -1
98
0 0 U -1
1 1 L -1
2 1 U -1
3 0 L -1
4 0 L -1
5 0 L 3
6 0 U -1
7 1 U -1
8 0 U 2
9 0 U 0
10 0 L 0
11 1 U 6
12 0 L 9
13 0 L 10
14 0 L -1
15 0 U -1
16 1 L -1
17 0 L -1
18 0 L 0
19 0 L 9
20 0 U 6
21 0 L 19
22 1 U 10
23 1 U 9
24 0 U -1
25 1 U -1
26 1 L 2
27 0 U 0
28 0 L 17
29 0 L 11
30 0 U 8
31 1 U -1
32 0 U 18
33 1 U -1
34 0 U 9
35 0 U 16
36 0 U 16
37 0 L 18
38 0 U -1
39 0 L 34
40 0 L 29
41 1 U -1
42 0 U 25
43 0 U 27
44 0 U -1
45 0 U 35
46 0 L 28
47 1 L 45
48 1 U 47
49 0 U -1
50 0 L 29
51 0 U 30
52 0 U -1
53 0 L 30
54 1 U 3
55 1 U -1
56 1 L 36
57 0 U 27
58 0 U 14
59 0 L -1
60 0 L 30
61 0 L 7
62 1 U 28
63 0 U -1
64 0 L 30
65 0 L 41
66 1 U 19
67 0 U 3
68 0 U 29
69 1 U 57
70 0 L 57
71 1 U -1
72 1 U 29
73 0 L -1
74 1 U 36
75 1 U 26
76 0 U 60
77 1 L 62
78 0 U 19
79 1 L 60
80 1 L 78
81 1 L 9
82 1 U 35
83 1 U -1
84 0 U 62
85 1 L 21
86 0 L 49
87 0 L -1
88 0 U 53
89 1 U -1
90 0 U 47
91 1 U 1
92 0 L 46
93 1 L 14
94 0 L 88
95 0 U 60
96 0 U 48
97 1 L 93
98
0 0 L -1
1 1 L -1
2 1 U -1
3 0 L -1
4 0 L -1
5 0 L 3
6 0 U -1
7 1 U -1
8 0 U 2
9 0 U 0
10 0 L 4
11 1 U 7
12 0 L 9
13 0 L 10
14 0 L -1
15 0 U 6
16 1 L -1
17 0 L -1
18 0 L 0
19 0 L 9
20 0 U 6
21 1 L 19
22 0 U 10
23 1 U 9
24 0 U -1
25 1 U -1
26 1 L 18
27 0 U 0
28 0 L 17
29 0 L 11
30 0 U 8
31 0 U -1
32 1 U 18
33 0 U 8
34 0 U 4
35 0 U 34
36 0 U 16
37 0 L 18
38 0 U -1
39 0 L 34
40 1 L 34
41 0 U -1
42 0 U 25
43 0 L 27
44 0 U -1
45 1 L 35
46 0 L 28
47 1 L 45
48 0 L 40
49 0 U -1
50 1 L 27
51 1 U 30
52 0 U -1
53 0 L 30
54 1 U 3
55 1 U -1
56 0 U 36
57 0 U 27
58 0 U 14
59 0 L -1
60 0 L 30
61 1 U 10
62 1 U 40
63 0 U 51
64 0 L 29
65 1 U 45
66 1 U 51
67 0 U 3
68 1 U 29
69 0 U 57
70 1 L 65
71 0 U -1
72 1 U 29
73 0 L -1
74 1 U 36
75 0 U 40
76 1 U 60
77 0 L 52
78 1 U 76
79 1 U 24
80 0 L 78
81 1 L 9
82 1 U 26
83 1 U 36
84 1 U 53
85 1 L 40
86 0 L 41
87 0 L -1
88 1 L 53
89 1 U -1
90 0 U 47
91 0 U 67
92 0 L 46
93 0 U 14
94 1 L 81
95 1 L 45
96 1 L 72
97 0 U 70
98
0 0 L -1
1 1 L -1
2 1 U -1
3 0 L -1
4 0 L -1
5 0 L 3
6 0 U -1
7 1 U -1
8 0 U 2
9 0 U 0
10 0 L 4
11 1 U 7
12 0 L 9
13 0 L 10
14 0 L -1
15 0 U 7
16 1 L -1
17 0 L -1
18 0 L 0
19 0 L 9
20 0 U 6
21 1 L 19
22 0 U 10
23 1 U 15
24 0 U -1
25 1 U -1
26 1 L 18
27 0 U 0
28 0 L 17
29 0 L 11
30 0 U 8
31 0 L 26
32 1 U 18
33 0 L 1
34 0 U 4
35 0 U 34
36 0 U 16
37 0 L 18
38 0 U 20
39 1 L 34
40 1 L 34
41 0 U -1
42 0 U 15
43 0 L 27
44 0 U -1
45 1 L 35
46 0 L 28
47 1 L 45
48 0 L 40
49 0 U -1
50 1 L 8
51 0 U 30
52 0 U -1
53 1 L 30
54 0 U 27
55 1 U -1
56 0 U 26
57 0 U 27
58 0 U 14
59 0 L -1
60 0 L 30
61 0 U 24
62 0 L 40
63 0 U 51
64 0 L 29
65 1 U 45
66 1 U 51
67 0 U 3
68 1 U 31
69 1 U 57
70 0 L 65
71 1 U -1
72 0 L 29
73 0 L -1
74 0 U 36
75 1 U 72
76 1 U 60
77 0 L 20
78 1 U 76
79 1 L 54
80 0 L 2
81 1 L 9
82 1 U 26
83 1 U 51
84 1 U 53
85 1 L 23
86 0 L 48
87 0 L -1
88 1 L 36
89 1 U -1
90 0 U 47
91 0 U 78
92 0 L 46
93 0 U 14
94 0 L 64
95 0 U 45
96 0 L 72
97 0 L 70
98
0 0 U -1
1 1 L -1
2 1 U -1
3 0 L -1
4 0 L -1
5 0 L 3
6 0 U -1
7 1 U -1
8 1 U 2
9 0 U 0
10 0 L 4
11 1 U 7
12 0 L 9
13 0 L 10
14 0 L -1
15 0 U 0
16 1 L -1
17 0 L -1
18 0 L 0
19 0 L 9
20 0 U 6
21 0 L 19
22 0 U 10
23 1 U 3
24 0 U 6
25 1 U 0
26 1 L 18
27 0 U 7
28 0 L 17
29 0 L 11
30 0 U 8
31 1 U 26
32 1 U 18
33 1 L 7
34 0 U 4
35 0 U 34
36 0 U 16
37 0 L 18
38 0 U 20
39 1 L 34
40 1 L 34
41 1 U -1
42 0 U 3
43 1 U 27
44 0 U 8
45 1 L 35
46 0 L 28
47 0 L 45
48 0 L 40
49 0 U -1
50 1 L 8
51 0 U 30
52 0 U -1
53 0 L 30
54 0 U 27
55 1 U -1
56 0 U 26
57 0 U 2
58 0 U 14
59 0 L -1
60 0 L 30
61 1 L 24
62 0 L 40
63 0 U 51
64 0 L 29
65 1 U 45
66 0 U 51
67 0 U 56
68 1 U 31
69 1 U 57
70 1 L 65
71 1 U -1
72 1 L 29
73 1 L -1
74 0 U 69
75 0 U 56
76 1 U 60
77 1 L 70
78 1 U 48
79 1 U 68
80 0 L 2
81 1 L 9
82 0 U 17
83 1 L 51
84 1 U 53
85 1 L 23
86 0 L 48
87 1 L -1
88 1 L 36
89 0 U -1
90 0 U 19
91 0 U 78
92 0 L 46
93 0 U 14
94 0 L 64
95 1 U 84
96 0 L 72
97 0 L 58
98
0 0 L -1
1 1 L -1
2 1 U -1
3 0 L -1
4 0 L -1
5 0 L 3
6 0 U -1
7 1 U -1
8 0 U 2
9 0 U 6
10 0 L 0
11 1 U 7
12 0 L 9
13 0 L 10
14 0 L -1
15 0 U -1
16 1 L -1
17 0 L -1
18 0 L 0
19 0 L 9
20 0 U 6
21 1 L 19
22 0 U 10
23 1 U 8
24 0 U 6
25 1 U 0
26 1 L 18
27 0 U 7
28 0 L 17
29 1 L 11
30 0 U 8
31 1 U 26
32 1 U 18
33 1 L 7
34 0 U 4
35 0 U 34
36 0 U 16
37 0 L 18
38 0 U 20
39 0 L 34
40 1 L 34
41 1 U -1
42 0 U 24
43 1 U 8
44 0 U 39
45 1 L 35
46 0 L 28
47 0 L 45
48 0 L 40
49 0 U -1
50 1 L 8
51 0 U 30
52 0 U -1
53 0 L 26
54 0 U 11
55 1 U -1
56 0 U 26
57 0 U 2
58 0 U 14
59 0 L -1
60 0 L 30
61 0 L 24
62 0 L 40
63 0 U 51
64 0 L 37
65 1 U 45
66 1 U 51
67 0 U 56
68 1 U 50
69 1 U 57
70 1 L 65
71 1 U -1
72 1 L 29
73 0 L -1
74 0 U 69
75 1 L 56
76 1 U 60
77 0 U 70
78 1 U 48
79 1 L 68
80 0 L 28
81 1 L 9
82 1 U 17
83 0 U 34
84 1 U 53
85 1 L 73
86 0 L 63
87 0 L -1
88 1 L 36
89 0 U -1
90 0 U 19
91 0 U 78
92 0 L 8
93 1 U 14
94 0 L 25
95 1 U 84
96 1 L 72
97 0 U 58
98
0 0 U -1
1 1 L -1
2 1 U -1
3 0 L -1
4 0 L -1
5 0 L 3
6 0 U -1
7 1 U -1
8 0 U 2
9 0 U 6
10 0 L 0
11 1 U 7
12 0 L 9
13 0 L 10
14 0 L -1
15 0 U -1
16 1 L -1
17 0 L -1
18 0 L 0
19 0 L 9
20 0 U 6
21 0 L 19
22 0 U 10
23 1 U 11
24 0 U 6
25 1 U 0
26 1 L 18
27 0 U 7
28 0 L 17
29 1 L 10
30 0 U 8
31 0 L 26
32 1 U 16
33 0 L 29
34 0 U 4
35 0 U 34
36 0 U 16
37 0 L 18
38 0 U 6
39 1 L 34
40 1 L 34
41 1 U 0
42 0 U 8
43 0 U 8
44 0 U 29
45 1 L 35
46 0 L 28
47 0 L 45
48 0 L 40
49 0 U -1
50 1 L 8
51 0 U 30
52 0 U -1
53 1 L 30
54 1 U 11
55 1 U -1
56 0 U 26
57 0 U 2
58 0 U 14
59 0 L -1
60 0 L 30
61 0 L 19
62 0 L 40
63 0 U 51
64 0 L 40
65 1 U 45
66 0 U 51
67 0 U 56
68 1 U 50
69 1 U 57
70 1 L 65
71 1 U -1
72 0 L 36
73 0 L -1
74 1 U 69
75 1 L 23
76 1 U 60
77 0 U 70
78 1 U 48
79 1 L 13
80 0 U 9
81 1 L 9
82 0 U 17
83 1 U 29
84 1 U 53
85 1 U 73
86 0 L 63
87 1 L -1
88 1 U 66
89 0 U -1
90 0 U 40
91 1 L 87
92 0 L 8
93 1 U 14
94 0 L 25
95 0 U 84
96 0 L 22
97 1 U 58
98
0 0 U -1
1 1 L -1
2 1 U -1
3 0 L -1
4 0 L -1
5 0 L 3
6 0 U -1
7 1 U -1
8 0 U 2
9 0 U 0
10 0 L 0
11 1 U 7
12 0 L 9
13 0 L 10
14 0 L -1
15 0 U 6
16 1 L -1
17 0 L -1
18 0 L 0
19 0 L 13
20 0 U 6
21 0 L 19
22 0 U 10
23 1 U 3
24 0 U -1
25 1 U 0
26 1 L 18
27 0 U 20
28 0 L 0
29 1 L 6
30 0 U 8
31 1 U 26
32 1 U 16
33 0 L 19
34 0 U 4
35 0 U 34
36 0 U 16
37 1 L 18
38 1 U 0
39 1 L 34
40 1 L 34
41 1 U 0
42 0 U 8
43 0 U 8
44 0 U 39
45 1 L 35
46 0 L 28
47 0 L 45
48 0 L 40
49 0 U -1
50 1 L 8
51 0 U 30
52 0 U -1
53 1 L 30
54 0 U 52
55 1 U -1
56 0 U 26
57 0 U 2
58 0 U 14
59 0 L -1
60 0 L 30
61 1 L 19
62 0 L 40
63 0 L 51
64 0 L 40
65 0 U 45
66 1 U 51
67 0 U 56
68 1 L 19
69 0 U 57
70 1 L 51
71 1 U -1
72 0 L 53
73 1 L -1
74 0 U 69
75 1 L 23
76 0 U 56
77 1 L 70
78 1 U 48
79 1 L 13
80 0 U 41
81 1 L 9
82 1 U 68
83 1 U 53
84 1 U 76
85 1 L 73
86 0 L 63
87 0 L -1
88 1 U 66
89 0 U -1
90 0 U 35
91 1 L 75
92 0 L 8
93 0 L 51
94 0 L 25
95 0 U 58
96 1 L 22
97 0 U 58
98
0 0 U -1
1 1 L -1
2 1 U -1
3 0 L -1
4 0 L -1
5 0 L 3
6 0 U -1
7 1 U -1
8 0 U 2
9 0 U 0
10 0 L 0
11 1 U 7
12 0 L 9
13 0 L 10
14 0 L -1
15 0 U 6
16 1 L -1
17 0 U -1
18 0 L 0
19 0 L 13
20 0 U 6
21 1 L 19
22 0 U 10
23 1 U 3
24 0 U -1
25 1 U 17
26 1 L 18
27 0 U 20
28 1 L 0
29 1 L 6
30 0 U 8
31 1 L 26
32 1 U 16
33 1 U 23
34 0 U 4
35 0 U 34
36 0 U 34
37 1 L 18
38 1 U 6
39 1 L 34
40 1 L 34
41 1 U 0
42 0 U 8
43 0 U 8
44 0 U 39
45 1 L 35
46 0 L 28
47 0 L 45
48 0 L 44
49 0 U -1
50 1 L 8
51 0 U 30
52 0 U -1
53 0 L 30
54 0 U 52
55 1 U -1
56 0 U 26
57 0 U 2
58 0 U 14
59 0 L -1
60 1 L 21
61 0 L 41
62 0 L 40
63 1 U 51
64 0 L 40
65 0 U 59
66 1 U 51
67 0 U 56
68 1 L 37
69 0 U 57
70 0 L 51
71 1 U -1
72 1 L 53
73 0 L -1
74 1 U 39
75 1 L 23
76 0 U 56
77 0 L 70
78 1 U 68
79 1 L 13
80 0 U 41
81 1 L 9
82 1 U 70
83 0 U 53
84 0 U 76
85 0 L 73
86 0 L 63
87 0 L -1
88 0 U 66
89 0 U -1
90 0 U 35
91 1 L 75
92 0 L 5
93 0 L 51
94 0 L 25
95 0 U 58
96 1 L 32
97 0 U 71
98
0 0 L -1
1 1 L -1
2 1 U -1
3 0 L -1
4 0 L -1
5 0 L 3
6 0 U 0
7 1 U -1
8 1 U 2
9 0 U 0
10 0 L 4
11 1 U 7
12 0 L 9
13 0 L 10
14 0 L -1
15 0 U 7
16 1 L -1
17 0 U -1
18 0 L 0
19 0 L 13
20 0 U 17
21 0 L 19
22 0 U 10
23 1 U 3
24 0 U -1
25 1 U 17
26 1 L 18
27 0 U 20
28 1 L 16
29 1 L 6
30 0 U 8
31 0 L 30
32 1 U 16
33 0 U 23
34 0 U 4
35 0 U 34
36 0 U 34
37 1 L 18
38 1 U 17
39 1 L 34
40 1 U 10
41 1 U 0
42 0 U 27
43 0 U 15
44 0 U 39
45 1 L 35
46 0 L 28
47 0 L 45
48 0 L 44
49 0 U -1
50 1 L 8
51 0 U 30
52 0 U -1
53 0 L 30
54 0 U 52
55 1 U -1
56 0 U 26
57 0 U 2
58 1 U 14
59 0 L -1
60 1 L 33
61 0 U 49
62 0 L 40
63 0 L 51
64 0 L 40
65 0 U 59
66 1 U 51
67 0 U 56
68 1 L 37
69 0 U 57
70 1 L 51
71 1 U -1
72 0 L 20
73 0 L -1
74 1 U 39
75 1 L 23
76 0 U 56
77 0 L 12
78 1 U 68
79 1 L 51
80 0 U 4
81 1 L 9
82 1 U 73
83 1 L 64
84 0 U 76
85 1 L 73
86 0 L 55
87 0 L -1
88 1 U 66
89 0 U -1
90 0 U 35
91 0 L 75
92 1 L 5
93 0 L 4
94 0 L 75
95 0 U 58
96 1 L 32
97 1 U 32
98
0 0 L -1
1 1 L -1
2 1 U -1
3 0 L -1
4 0 L -1
5 0 L 3
6 0 U 0
7 1 U -1
8 0 U 2
9 0 U 0
10 0 L 4
11 1 U 7
12 0 L 9
13 0 L 10
14 0 L -1
15 0 U 7
16 1 L -1
17 0 U -1
18 0 L 0
19 0 L 13
20 0 U 17
21 1 L 19
22 0 U 10
23 1 U 9
24 1 U -1
25 1 U -1
26 1 L 18
27 0 U 20
28 1 L 16
29 1 L 10
30 0 U 8
31 0 L 12
32 1 U 16
33 0 L 6
34 0 U 4
35 0 U 16
36 0 U 16
37 1 L 18
38 1 U 17
39 1 L 34
40 1 U 10
41 1 U 0
42 0 U 27
43 0 U 9
44 0 U 39
45 1 L 35
46 0 L 28
47 0 L 45
48 0 L 44
49 0 U -1
50 1 L 2
51 0 U 30
52 0 U -1
53 1 L 30
54 0 U 52
55 1 U -1
56 0 U 26
57 0 U 2
58 1 U 12
59 0 L -1
60 1 L 23
61 1 U 12
62 0 L 40
63 0 L 51
64 0 L 40
65 0 U 59
66 0 U 51
67 0 U 56
68 1 L 37
69 0 U 57
70 1 L 51
71 1 U -1
72 0 L 24
73 0 L -1
74 0 U 39
75 1 L 22
76 0 U 32
77 0 L 12
78 1 U 68
79 1 L 51
80 0 U 12
81 1 L 9
82 1 L 73
83 0 L 64
84 1 U 76
85 0 L 78
86 0 L 55
87 0 L -1
88 0 U 66
89 0 U -1
90 0 U 35
91 0 L 81
92 0 L 5
93 1 L 4
94 0 L 75
95 0 U 58
96 1 L 66
97 0 U 3
98
0 0 L -1
1 1 L -1
2 1 U -1
3 0 L -1
4 0 L -1
5 0 L 3
6 0 U 0
7 1 U -1
8 1 U 2
9 0 U 0
10 0 L 4
11 1 U 7
12 0 L 9
13 0 L 10
14 0 L -1
15 1 U 1
16 1 L -1
17 0 U -1
18 0 L 0
19 0 L 13
20 0 U 17
21 0 L 5
22 0 U 10
23 1 U 9
24 1 U -1
25 1 U -1
26 1 L 18
27 0 U 20
28 1 L 16
29 1 L 5
30 0 U 8
31 0 L 17
32 1 U 16
33 1 L 29
34 0 U 4
35 0 U 22
36 0 U 16
37 1 L 18
38 1 U 17
39 1 L 34
40 1 U 10
41 1 U 24
42 0 U 3
43 0 U 11
44 0 U 39
45 1 L 35
46 0 L 37
47 0 L 45
48 0 L 44
49 0 U -1
50 1 L 2
51 1 U 30
52 0 U -1
53 1 L 38
54 0 U 52
55 1 U -1
56 0 U 26
57 0 U 2
58 1 U 12
59 0 L -1
60 1 L 23
61 1 U 12
62 0 L 40
63 0 L 55
64 0 L 40
65 1 U 59
66 1 U 51
67 0 L 56
68 1 L 37
69 0 U 57
70 0 L 51
71 1 U -1
72 1 L 38
73 0 L -1
74 1 U 39
75 0 L 22
76 0 U 32
77 0 L 12
78 1 U 68
79 1 L 51
80 0 U 12
81 1 L 9
82 1 L 73
83 0 L 64
84 1 U 76
85 0 L 78
86 0 L 55
87 0 L -1
88 1 U 66
89 0 U -1
90 0 U 21
91 0 L 73
92 0 L 5
93 0 L 87
94 1 L 75
95 0 U 36
96 1 L 88
97 0 U 3
98
0 0 U -1
1 1 L -1
2 1 U -1
3 0 L -1
4 0 L -1
5 0 L 3
6 0 U 0
7 1 U -1
8 0 U 2
9 0 U 0
10 0 L 4
11 1 U 7
12 0 L 9
13 0 L 10
14 0 L -1
15 1 U 1
16 1 L -1
17 0 U -1
18 0 L 0
19 0 L 13
20 0 U 17
21 1 L 5
22 0 U 10
23 1 U 3
24 1 U -1
25 1 U -1
26 1 L 18
27 0 U 20
28 1 L 20
29 1 L 5
30 0 U 8
31 0 L 17
32 1 U 16
33 0 L 29
34 0 U 4
35 0 U 21
36 0 U 34
37 1 L 18
38 1 U 17
39 1 L 34
40 1 U 10
41 1 U 24
42 0 U 3
43 0 U 11
44 0 U 23
45 1 L 35
46 0 L 37
47 0 L 45
48 0 L 44
49 0 U -1
50 1 L 2
51 1 U 30
52 0 U -1
53 1 U 34
54 0 U 49
55 1 U -1
56 0 U 21
57 0 U 2
58 1 U 12
59 0 L -1
60 1 L 46
61 0 U 47
62 0 L 40
63 0 L 55
64 0 L 40
65 0 U 59
66 1 U 51
67 0 L 56
68 1 L 37
69 0 U 57
70 1 L 51
71 1 U -1
72 1 L 38
73 0 L -1
74 1 U 39
75 0 L 22
76 0 U 32
77 0 L -1
78 1 U 68
79 1 L 51
80 0 U 5
81 1 L 9
82 1 L 73
83 0 U 15
84 1 U 76
85 0 L 78
86 0 L 55
87 0 L -1
88 1 U 66
89 0 U -1
90 0 U 21
91 1 L 73
92 1 L 5
93 0 L 87
94 0 L 75
95 0 U 36
96 1 L 78
97 0 U 3
98
0 0 L -1
1 1 L -1
2 1 U -1
3 0 L -1
4 0 L -1
5 0 L 3
6 0 U 0
7 1 U -1
8 1 U 2
9 0 U 0
10 0 L 4
11 1 U 7
12 0 L 9
13 0 L 10
14 0 L -1
15 1 U 1
16 1 L -1
17 0 U -1
18 0 L 0
19 0 L 13
20 0 U 17
21 1 L 5
22 0 U 10
23 1 U 3
24 1 U -1
25 1 U -1
26 1 L 18
27 0 U 20
28 1 L 20
29 1 L 5
30 0 U 8
31 0 L 30
32 1 U 16
33 1 L 24
34 0 U 4
35 0 U 21
36 0 U 34
37 1 L 21
38 1 U 17
39 1 L 34
40 1 U 10
41 1 U 24
42 0 U 3
43 0 U 11
44 0 U 23
45 1 L 35
46 0 L 37
47 0 L 45
48 0 L 44
49 0 U -1
50 1 L 2
51 1 U 30
52 0 U -1
53 1 L 34
54 0 U 49
55 1 U -1
56 0 U 21
57 0 U 2
58 1 U 12
59 0 L -1
60 1 L 46
61 1 U 58
62 0 L 40
63 0 L 55
64 0 L 40
65 0 U 59
66 1 U 51
67 0 L 56
68 1 L 37
69 0 U 57
70 1 L 51
71 1 U -1
72 1 L 38
73 0 L -1
74 1 U 39
75 0 L 22
76 0 U 32
77 0 L -1
78 1 U 68
79 1 L 55
80 0 U 43
81 1 L 9
82 1 L 73
83 0 U 15
84 1 U 76
85 0 L 78
86 0 L 55
87 1 L -1
88 1 U 66
89 0 U -1
90 0 U 21
91 1 L 73
92 1 L 5
93 1 L 4
94 1 L 75
95 0 U 36
96 1 L 78
97 0 U 3
98
0 0 U -1
1 1 L -1
2 1 U -1
3 0 L -1
4 0 L -1
5 0 L 3
6 0 U -1
7 1 U -1
8 0 U 2
9 0 U 6
10 0 L 4
11 1 U 7
12 0 L 9
13 0 L 7
14 0 L -1
15 1 U 1
16 1 L -1
17 0 U -1
18 0 L 0
19 0 L 13
20 0 U 17
21 0 L 5
22 0 U 10
23 1 U 11
24 1 U -1
25 1 U -1
26 1 L 18
27 0 U 20
28 0 L 12
29 0 L 5
30 0 U 8
31 0 L 20
32 1 U 16
33 1 L 12
34 0 U 4
35 0 U 21
36 0 U 34
37 1 L 21
38 1 U 17
39 1 L 34
40 1 U 10
41 1 U 0
42 0 U 8
43 0 U 11
44 0 U 23
45 1 L 35
46 0 L 15
47 0 L 45
48 0 L 44
49 0 U -1
50 1 L 2
51 0 U 30
52 0 U -1
53 0 L 34
54 0 U 49
55 1 U -1
56 0 U 21
57 0 U 2
58 1 U 12
59 0 L -1
60 1 L 46
61 1 U 29
62 0 L 40
63 0 L 55
64 0 L 40
65 0 U 59
66 1 U 51
67 0 L 56
68 1 L 37
69 0 U 57
70 0 L 51
71 1 U -1
72 1 L 38
73 0 L -1
74 1 U 39
75 1 L 23
76 0 U 32
77 0 L -1
78 1 U 68
79 1 L 55
80 0 U 55
81 1 L 9
82 1 L 73
83 1 L 46
84 1 U 76
85 0 L 78
86 0 L 55
87 0 L -1
88 1 U 66
89 0 U -1
90 0 U 22
91 0 U 16
92 1 L 5
93 0 L 4
94 1 L 75
95 0 U 65
96 1 L 78
97 1 U 80
98
0 0 L -1
1 1 L -1
2 1 U -1
3 0 L -1
4 0 L -1
5 0 L 3
6 0 U -1
7 1 U -1
8 1 U 2
9 0 U 0
10 0 L 4
11 1 U 0
12 0 L 9
13 0 L 7
14 0 L -1
15 1 U 1
16 1 L -1
17 0 U -1
18 0 L 0
19 0 L 13
20 0 U 17
21 0 L 5
22 0 U 10
23 1 U 11
24 1 U -1
25 1 U -1
26 1 L 18
27 0 U 20
28 0 L 18
29 0 L 5
30 0 U 8
31 0 L 20
32 1 U 16
33 1 L 12
34 0 U 4
35 0 U 21
36 0 U 34
37 1 L 21
38 1 U -1
39 1 L 34
40 1 U 10
41 1 U 0
42 0 U 41
43 0 U 27
44 0 U 39
45 1 L 35
46 0 L 15
47 0 L 45
48 0 L 44
49 0 U -1
50 1 L 2
51 0 U 39
52 0 U -1
53 1 U 34
54 0 U 49
55 1 U -1
56 0 U 21
57 0 U 2
58 0 U 12
59 0 L -1
60 1 L 46
61 0 U 29
62 0 L 40
63 0 L 55
64 0 L 40
65 0 U 59
66 0 U 51
67 0 L 56
68 1 L 37
69 0 U 57
70 1 L 51
71 1 U -1
72 1 L 38
73 0 L -1
74 1 U 58
75 1 L 23
76 0 U 32
77 0 L -1
78 1 U 68
79 1 L 55
80 0 U 55
81 1 L 9
82 1 L 73
83 1 L 71
84 1 U 76
85 0 U 78
86 0 L 55
87 1 L -1
88 1 U 54
89 0 U -1
90 0 U 36
91 1 L 16
92 1 L 5
93 0 L 4
94 1 L 75
95 0 U 65
96 1 L 78
97 1 U 61
98
0 0 U -1
1 1 L -1
2 1 U -1
3 0 L -1
4 0 L -1
5 0 L 3
6 0 U 0
7 1 U -1
8 1 U 2
9 0 U 0
10 0 L 4
11 1 U 0
12 0 L 9
13 0 L 7
14 0 L -1
15 1 U 1
16 1 L -1
17 0 U -1
18 0 L 4
19 0 L 13
20 0 U 17
21 0 L 2
22 0 U 10
23 1 U 11
24 1 U -1
25 1 U -1
26 1 L 18
27 0 U 20
28 0 L 18
29 1 L 6
30 0 U 8
31 1 U 30
32 1 U 16
33 1 L 26
34 0 U 4
35 0 U 21
36 0 U 34
37 1 L 21
38 1 U 0
39 1 L 34
40 1 U 10
41 0 U 0
42 0 U 8
43 0 U 27
44 0 U 39
45 1 L 35
46 0 L 15
47 0 L 45
48 0 L 44
49 0 U -1
50 1 L 2
51 1 U 39
52 0 U -1
53 1 L 34
54 0 U 49
55 1 U -1
56 0 U 21
57 0 U 2
58 0 U 12
59 0 L -1
60 1 L 46
61 1 U 29
62 0 L 40
63 0 L 55
64 0 L 40
65 0 U 40
66 0 U 51
67 0 U 56
68 1 L 37
69 0 U 57
70 0 L 51
71 1 U -1
72 1 L 38
73 0 L -1
74 0 L 58
75 1 L 23
76 0 U 32
77 0 L 51
78 1 U 68
79 1 L 65
80 0 U 55
81 1 L 9
82 1 L 73
83 1 U 51
84 1 U 76
85 0 U 78
86 0 L 43
87 1 L -1
88 1 U 54
89 0 U -1
90 0 U 36
91 1 U 73
92 1 L 5
93 1 L 87
94 1 L 75
95 0 U 40
96 1 L 78
97 1 U 19
98
0 0 U -1
1 1 L -1
2 1 U -1
3 0 L -1
4 0 L -1
5 0 L 3
6 0 U -1
7 1 U -1
8 0 U 2
9 0 U 0
10 0 L 4
11 1 U 0
12 0 L 9
13 0 L 10
14 0 L -1
15 1 U 1
16 1 L -1
17 0 U -1
18 0 L 4
19 0 L 13
20 0 U 17
21 0 L 2
22 0 U 10
23 1 U 11
24 1 U -1
25 1 U -1
26 1 L 18
27 0 U 20
28 0 L 18
29 1 L 6
30 0 U 8
31 0 L 30
32 1 U 16
33 0 U 19
34 0 U 4
35 0 U 21
36 0 U 34
37 1 L 21
38 1 U 0
39 1 L 34
40 1 U 10
41 1 U 24
42 0 U 8
43 0 U 27
44 0 U 39
45 1 L 35
46 0 L 15
47 0 L 45
48 0 L 44
49 0 U -1
50 1 L 2
51 1 U 39
52 0 U -1
53 1 L 34
54 0 U 49
55 1 U -1
56 0 U 21
57 0 U 2
58 0 U 12
59 0 L -1
60 1 L 46
61 1 U 60
62 0 L 40
63 0 L 55
64 0 L 40
65 0 U 40
66 0 U 51
67 0 U 56
68 1 L 37
69 0 U 57
70 1 L 51
71 1 U -1
72 1 L 38
73 0 L -1
74 0 L 58
75 1 L 23
76 0 U 32
77 0 L 61
78 1 U 68
79 1 L 65
80 0 U 1
81 1 L 9
82 1 L 73
83 1 U 39
84 1 U 76
85 0 L 78
86 0 L 43
87 0 L -1
88 1 U 54
89 0 U -1
90 0 U 36
91 0 L 73
92 1 L 5
93 0 L 87
94 1 L 75
95 0 U 40
96 1 L 68
97 0 U 19
98
0 0 L -1
1 1 L -1
2 1 U -1
3 0 L -1
4 0 L -1
5 0 L 3
6 0 U -1
7 1 U -1
8 1 U 2
9 0 U 0
10 0 L 4
11 1 U 0
12 0 L 9
13 0 L 10
14 0 L -1
15 1 U 1
16 1 L -1
17 0 U -1
18 0 L 4
19 0 L 13
20 0 U 17
21 0 L 2
22 0 U 10
23 1 U 11
24 1 U -1
25 1 U -1
26 1 L 18
27 0 U 20
28 0 L 3
29 1 L 6
30 0 U 8
31 0 L 30
32 1 U 16
33 1 L 22
34 0 U 4
35 0 U 22
36 0 U 16
37 1 L 21
38 1 U 0
39 1 L 34
40 1 U 10
41 0 U 24
42 0 U 8
43 0 U 27
44 0 U 39
45 1 L 35
46 0 L 15
47 0 L 45
48 0 L 44
49 0 U -1
50 1 L 2
51 1 U 5
52 0 U -1
53 0 U 34
54 0 U 49
55 1 U -1
56 0 U 21
57 0 U 2
58 0 U 12
59 0 L -1
60 0 L 46
61 1 U 46
62 0 L 40
63 0 L 55
64 0 L 40
65 0 U 28
66 0 U 51
67 0 U 56
68 1 L 37
69 0 U 57
70 1 L 51
71 1 U -1
72 1 L 38
73 0 L -1
74 0 L 58
75 1 L 46
76 0 U 40
77 0 U 70
78 1 U 68
79 1 L 65
80 0 U 1
81 1 L 9
82 1 L 73
83 1 U 39
84 1 U 76
85 0 U 78
86 0 L 43
87 0 L -1
88 1 U 54
89 0 U -1
90 0 U 36
91 0 L 73
92 1 L 5
93 0 L 87
94 1 L 75
95 0 U 21
96 1 L 30
97 0 U 19
98
0 0 L -1
1 1 L -1
2 1 U -1
3 0 L -1
4 0 L -1
5 0 L 3
6 0 U 0
7 1 U -1
8 0 U 2
9 0 U 0
10 0 L 4
11 1 U 0
12 0 L 9
13 0 L 10
14 0 L -1
15 1 U 6
16 1 L -1
17 0 U -1
18 0 L 4
19 0 L 13
20 0 U 17
21 0 L 2
22 0 U 10
23 1 U 11
24 1 U -1
25 1 U -1
26 1 L 18
27 0 U 20
28 0 L 21
29 1 L 6
30 0 U 8
31 0 U 30
32 1 U 16
33 1 L 22
34 0 U 4
35 0 U 19
36 0 U 16
37 1 L 21
38 1 U 0
39 1 L 34
40 1 U 10
41 0 U 24
42 0 U 8
43 0 U 41
44 0 U 39
45 1 L 35
46 0 L 15
47 0 L 45
48 0 L 44
49 0 U -1
50 1 L 2
51 0 U 5
52 0 U -1
53 0 L 34
54 0 U 49
55 1 U -1
56 0 U 21
57 0 U 2
58 0 U 12
59 0 L -1
60 0 L 46
61 0 U 44
62 0 L 40
63 0 L 55
64 0 L 40
65 0 U 28
66 1 U 30
67 0 U 56
68 1 L 37
69 0 U 57
70 1 L 51
71 1 U -1
72 0 U 10
73 0 L -1
74 1 L 58
75 1 L 46
76 0 U 40
77 0 U 70
78 1 U 68
79 1 L 56
80 0 U 1
81 1 L 29
82 1 L 73
83 0 U 39
84 1 U 76
85 0 U 78
86 0 L 63
87 1 L -1
88 1 U 54
89 0 U -1
90 0 U 36
91 1 L 73
92 0 L 5
93 0 L 87
94 1 L 75
95 0 U 21
96 1 L 30
97 0 U 53
98
0 0 L -1
1 1 L -1
2 1 U -1
3 0 L -1
4 0 L -1
5 0 L 3
6 0 U 0
7 1 U -1
8 1 U 2
9 0 U 0
10 0 L 4
11 1 U 0
12 0 L 9
13 0 L 10
14 1 L -1
15 1 U 6
16 1 L -1
17 0 U -1
18 0 L 4
19 0 L 13
20 0 U 17
21 0 L 2
22 0 U 10
23 1 U 15
24 1 U -1
25 1 U -1
26 1 L 18
27 0 U 20
28 0 L 22
29 1 L 6
30 0 U 8
31 1 L 30
32 1 U 16
33 1 L 22
34 0 U 4
35 0 U 19
36 0 U 16
37 1 L 21
38 1 U 0
39 1 L 34
40 1 U 10
41 0 U 24
42 0 U 8
43 1 U 41
44 0 U 39
45 1 L 35
46 0 L 15
47 0 L 45
48 0 L 44
49 0 U -1
50 1 L 5
51 1 U 14
52 0 U -1
53 1 L 38
54 1 U 49
55 1 U -1
56 0 U 21
57 0 U 2
58 0 U 12
59 0 L -1
60 0 L 22
61 0 L 18
62 0 L 40
63 0 L 55
64 0 L 43
65 0 U 35
66 0 U 58
67 0 U 56
68 1 L 37
69 0 U 57
70 1 L 51
71 1 U -1
72 1 U 19
73 0 L -1
74 1 L 58
75 1 L 46
76 0 U 40
77 0 U 70
78 1 U 68
79 1 L 56
80 0 U 1
81 1 L 29
82 1 L 73
83 0 U 39
84 1 U 76
85 0 U 78
86 0 L 63
87 1 L -1
88 1 U 13
89 0 U -1
90 0 U 46
91 0 L 73
92 0 L 5
93 0 L 23
94 1 L 25
95 0 U 21
96 1 L 30
97 1 U 53
98
0 0 U -1
1 1 L -1
2 1 U -1
3 0 L -1
4 0 L -1
5 0 L 3
6 0 U 0
7 1 U -1
8 1 U 2
9 0 U 0
10 0 L 4
11 1 U 0
12 0 L 9
13 0 L 10
14 0 L -1
15 1 U 6
16 1 L -1
17 0 U -1
18 0 L 4
19 0 L 13
20 0 U 17
21 0 L 2
22 0 U 10
23 1 U 15
24 1 U -1
25 1 U -1
26 1 L 18
27 0 U 20
28 1 L 22
29 1 L 5
30 0 U 8
31 0 L 17
32 1 U 16
33 1 U 28
34 0 U 4
35 0 U 19
36 0 U 16
37 1 L 21
38 1 U 0
39 1 L 34
40 1 U 10
41 0 U 24
42 0 U 8
43 1 U 28
44 0 U 39
45 1 L 35
46 0 L 15
47 0 L 45
48 0 L 44
49 0 U -1
50 1 L 5
51 1 U 5
52 0 U -1
53 0 L 38
54 1 U 49
55 1 U -1
56 0 U 21
57 0 U 2
58 0 U 12
59 0 L -1
60 0 L 22
61 0 U 18
62 0 L 40
63 0 L 55
64 0 L -1
65 0 U 26
66 0 U 58
67 0 U 56
68 1 L 37
69 0 U 57
70 1 L 51
71 1 U -1
72 0 U 19
73 0 L -1
74 1 L 58
75 1 L 46
76 0 U 40
77 0 L 70
78 1 U 73
79 1 L 34
80 0 U 1
81 1 L 29
82 1 L 73
83 0 L 39
84 1 U 76
85 0 U 78
86 0 L 63
87 0 L -1
88 1 U 13
89 0 U -1
90 0 U 46
91 0 L 61
92 0 L 5
93 0 L 23
94 1 L 25
95 0 U 21
96 1 L 30
97 1 U 53
98
0 0 U -1
1 1 L -1
2 1 U -1
3 0 L -1
4 0 L -1
5 0 L 3
6 0 U 0
7 1 U -1
8 0 U 2
9 0 U 0
10 0 L 4
11 1 U 0
12 0 L 9
13 0 L 10
14 0 L -1
15 1 U 6
16 1 L -1
17 0 U -1
18 0 L 4
19 0 L 13
20 0 U 17
21 0 L 2
22 0 U 10
23 1 U 15
24 1 U -1
25 1 U -1
26 1 L 18
27 0 U 20
28 1 L 22
29 1 L 5
30 0 U 8
31 0 L 17
32 0 U 16
33 1 U 10
34 0 U 4
35 0 U 19
36 0 U 16
37 1 L 21
38 1 U 24
39 1 L 34
40 1 U 10
41 0 U 24
42 0 U 8
43 1 U 15
44 0 U 39
45 1 L 35
46 0 L 15
47 0 L 45
48 0 L 44
49 0 U -1
50 1 L 5
51 1 U 5
52 0 U -1
53 1 L 38
54 1 U 49
55 1 U -1
56 0 U 21
57 0 U 2
58 0 U 12
59 0 L -1
60 0 L 22
61 1 U 44
62 0 L 40
63 0 L 55
64 0 L -1
65 0 U 26
66 1 U 58
67 0 U 56
68 1 L 37
69 0 U 57
70 0 L 51
71 1 U -1
72 0 U 19
73 0 L -1
74 0 L 63
75 1 L 46
76 0 U 40
77 1 U 73
78 1 U 73
79 1 L 34
80 0 U 1
81 1 L 29
82 1 L 73
83 0 L 39
84 1 U 76
85 0 U 78
86 0 L 63
87 0 L -1
88 1 U 65
89 0 U -1
90 0 U 46
91 1 L 61
92 0 L 5
93 0 L 23
94 1 L 75
95 0 U 21
96 1 L 30
97 1 U 48
98
0 0 L -1
1 1 L -1
2 1 U -1
3 0 L -1
4 0 L -1
5 0 L 3
6 0 U 0
7 1 U -1
8 0 U 2
9 0 U 0
10 0 L 4
11 1 U 0
12 0 L 9
13 0 L 10
14 1 L -1
15 1 U 6
16 1 L -1
17 0 U -1
18 0 L 0
19 0 L 13
20 0 U 17
21 0 L 5
22 0 U 10
23 1 U 3
24 1 U -1
25 1 U -1
26 1 L 18
27 0 U 20
28 0 L 22
29 1 L 5
30 0 U 8
31 0 L 29
32 1 U 16
33 0 U 10
34 0 U 4
35 0 U 19
36 0 U 19
37 1 L 7
38 1 U 24
39 1 L 34
40 1 U 10
41 0 U 24
42 0 U 8
43 1 U 15
44 0 U 39
45 1 L 35
46 0 L 15
47 0 L 45
48 0 L 44
49 0 U -1
50 1 L 5
51 1 U 50
52 0 U -1
53 1 L 38
54 0 U 49
55 1 U -1
56 0 U 21
57 0 U 2
58 0 U 12
59 0 L -1
60 0 L 22
61 1 U 4
62 0 L 40
63 0 L 55
64 0 L -1
65 0 U 26
66 1 U 58
67 0 U 56
68 1 L 37
69 0 U 57
70 0 L 51
71 1 U -1
72 1 U 19
73 0 L -1
74 0 L 63
75 1 L 46
76 0 U 40
77 1 L 73
78 1 U 73
79 1 L 8
80 0 U 25
81 1 L 29
82 1 L 73
83 1 U 39
84 1 U 76
85 0 L 78
86 0 L 63
87 0 L -1
88 1 U 65
89 0 U -1
90 0 U 46
91 0 L 61
92 0 L 5
93 1 U 42
94 1 L 75
95 0 U 21
96 1 L 30
97 1 L 48
98
0 0 L -1
1 1 L -1
2 1 U -1
3 0 L -1
4 0 L -1
5 0 L 3
6 0 U 0
7 1 U -1
8 0 U 2
9 0 U 0
10 0 L 4
11 1 U 0
12 0 L 9
13 0 L 10
14 1 L -1
15 1 U 6
16 1 L -1
17 0 U -1
18 0 L 0
19 0 L 13
20 0 U 17
21 0 L 5
22 0 U 10
23 1 U 3
24 1 U -1
25 1 U -1
26 1 L 18
27 0 U 20
28 1 L 17
29 1 L 5
30 0 U 8
31 0 L 20
32 1 U 16
33 0 U 15
34 0 U 4
35 0 U 19
36 0 U 19
37 1 L 7
38 1 U 24
39 1 L 34
40 1 U 10
41 0 U -1
42 0 U 8
43 1 U 15
44 0 U 39
45 1 L 35
46 0 L 15
47 0 L 45
48 0 L 44
49 0 U -1
50 1 L 5
51 1 U 50
52 0 U -1
53 1 L 38
54 0 U 11
55 1 U -1
56 0 U 21
57 0 U 2
58 0 U 12
59 0 L -1
60 0 L 22
61 1 U 4
62 1 L 53
63 0 L 55
64 0 L -1
65 0 U 26
66 1 U 39
67 0 U 56
68 1 L 37
69 0 U 57
70 0 L 51
71 1 U -1
72 0 U 19
73 0 L -1
74 0 L 70
75 1 L 46
76 0 U 40
77 1 L 73
78 1 U 73
79 1 L 8
80 0 U 25
81 1 L 9
82 1 L 73
83 0 U 82
84 1 U 76
85 0 L 78
86 0 L 63
87 0 L -1
88 1 U 65
89 0 U -1
90 0 U 82
91 0 L 61
92 1 L 77
93 1 U 42
94 1 L 75
95 0 U 21
96 1 L 30
97 0 L 39
98
0 0 L -1
1 1 L -1
2 1 U -1
3 0 L -1
4 0 L -1
5 0 L 3
6 0 U 0
7 1 U -1
8 1 U 2
9 0 U 0
10 0 L 4
11 1 U 0
12 0 L 9
13 0 L 10
14 0 L -1
15 1 U 6
16 1 L -1
17 0 U -1
18 0 L 0
19 0 L 13
20 0 U 17
21 0 L 5
22 0 U 10
23 1 U 3
24 1 U -1
25 1 U -1
26 1 L 18
27 0 U 20
28 0 L 20
29 1 L 5
30 0 U 8
31 0 L 20
32 1 U 16
33 1 U 8
34 0 U 4
35 0 U 18
36 0 U 19
37 1 L 7
38 1 U 0
39 1 L 34
40 1 U 10
41 0 U 24
42 0 U 8
43 1 U 2
44 0 U 39
45 1 L 35
46 0 L 15
47 0 L 45
48 0 L 44
49 0 U -1
50 1 L 5
51 1 U 50
52 0 U -1
53 0 L 27
54 0 U 11
55 1 U -1
56 0 U 36
57 0 U 2
58 0 U 30
59 0 L -1
60 0 L 22
61 1 U 54
62 0 L 53
63 0 L 55
64 0 L -1
65 0 U 26
66 1 U 39
67 0 U 56
68 1 L 44
69 0 U 57
70 0 L 51
71 1 U -1
72 0 U 48
73 0 L -1
74 1 U 65
75 1 L 46
76 0 U 40
77 1 L 73
78 1 U 73
79 1 L 8
80 0 U 55
81 1 L 9
82 1 L 73
83 0 U 82
84 1 U 76
85 0 L 78
86 0 L 58
87 0 L -1
88 1 U 66
89 0 U -1
90 0 U 82
91 0 L 78
92 1 L 77
93 0 U 10
94 1 L 75
95 0 U 21
96 1 L 30
97 1 U 39
98
0 0 U -1
1 1 L -1
2 1 U -1
3 0 L -1
4 0 L -1
5 0 L 3
6 0 U 0
7 1 U -1
8 1 U 2
9 0 U 0
10 0 L 4
11 1 U 0
12 0 L 9
13 0 L 10
14 0 L -1
15 1 U 6
16 1 L -1
17 0 U -1
18 0 L 0
19 0 L 13
20 0 U 17
21 0 L 5
22 0 U 10
23 1 U 3
24 1 U -1
25 1 U -1
26 1 L 18
27 0 U 20
28 0 L 18
29 1 L 5
30 0 U 8
31 0 L 22
32 1 U 16
33 0 U 8
34 0 U 4
35 0 U 18
36 0 U 19
37 1 L 7
38 1 U 33
39 1 L 34
40 1 U 10
41 0 U 24
42 0 U 8
43 1 U 2
44 0 U 39
45 1 L 35
46 0 L 15
47 0 L 45
48 0 L 44
49 0 U -1
50 1 L 8
51 1 U 50
52 0 U 24
53 1 L 36
54 0 U 11
55 1 U -1
56 0 U 36
57 0 U 2
58 0 U 30
59 0 L -1
60 0 L 22
61 0 U 54
62 0 L 53
63 0 L 55
64 0 L -1
65 0 U 26
66 1 U 39
67 0 U 56
68 1 L 44
69 0 U 57
70 1 L 51
71 1 U -1
72 1 L 48
73 0 L -1
74 0 L 71
75 1 L 46
76 0 U 40
77 1 L 73
78 1 U 73
79 1 L 18
80 0 U 2
81 1 L 37
82 1 L 73
83 1 U 78
84 1 U 76
85 0 L 84
86 0 L 58
87 0 L -1
88 1 U 54
89 0 U -1
90 0 U 82
91 0 L 13
92 0 L 77
93 1 U 10
94 1 L 75
95 0 U 8
96 1 L 30
97 1 U 41
98
0 0 U -1
1 1 L -1
2 1 U -1
3 0 L -1
4 0 L -1
5 0 L 3
6 0 U 0
7 1 U -1
8 0 U 2
9 0 U 0
10 0 L 4
11 1 U 0
12 0 L 9
13 0 L 7
14 1 L -1
15 1 U 6
16 1 L -1
17 0 U -1
18 0 L 0
19 0 L 13
20 0 U 17
21 0 L 5
22 0 U 10
23 1 U 3
24 1 U -1
25 1 U -1
26 1 L 18
27 0 U 20
28 0 L 18
29 1 L 2
30 0 U 8
31 1 L 30
32 1 U 16
33 0 L 12
34 0 U 4
35 0 U 18
36 0 U 19
37 1 L 21
38 1 L 13
39 1 L 34
40 1 U 10
41 0 U 24
42 0 U 8
43 0 U 41
44 0 U 39
45 1 L 35
46 0 L 15
47 0 L 45
48 0 L 44
49 0 U -1
50 1 L 8
51 1 U 37
52 0 U 24
53 1 L 36
54 1 U 11
55 1 U -1
56 0 U 36
57 0 U 15
58 0 U 30
59 0 L -1
60 0 L 22
61 0 U 44
62 1 L 53
63 0 L 55
64 0 L -1
65 0 U 26
66 1 U 39
67 0 U 56
68 1 L 44
69 0 U 57
70 1 L 58
71 1 U -1
72 0 L 48
73 0 L -1
74 1 L 71
75 1 L 46
76 0 U 40
77 1 L 73
78 1 U 73
79 1 L 18
80 0 U 2
81 0 L 37
82 1 L 73
83 1 U 78
84 1 U 76
85 1 L 84
86 0 L 58
87 0 L -1
88 1 U 54
89 0 U -1
90 0 U 82
91 0 L 13
92 0 L 77
93 0 U 10
94 1 L 75
95 0 U 8
96 1 L 35
97 1 L 41
98
0 0 L -1
1 1 L -1
2 1 U -1
3 0 L -1
4 0 L -1
5 0 L 3
6 0 U 0
7 1 U -1
8 0 U 2
9 0 U 0
10 0 L 4
11 1 U 0
12 0 L 9
13 0 L 7
14 0 L -1
15 1 U 6
16 1 L -1
17 0 U -1
18 0 L 0
19 0 L 13
20 0 U 17
21 0 L 19
22 1 U 10
23 1 U 3
24 1 U -1
25 1 U -1
26 1 L 18
27 0 U 20
28 1 U 25
29 0 L 2
30 0 U 8
31 1 L 18
32 0 U 19
33 0 L 20
34 0 U 4
35 0 U 18
36 0 U 19
37 0 L 18
38 1 L 13
39 1 L 34
40 1 U 10
41 0 U 24
42 0 U 8
43 0 U 41
44 0 U 39
45 1 L 35
46 0 L 15
47 0 L 45
48 0 L 44
49 0 U -1
50 1 L 8
51 1 L 37
52 0 U 24
53 1 L 36
54 0 U 11
55 1 U -1
56 0 U 36
57 0 U 15
58 0 U 14
59 0 L -1
60 0 L 22
61 1 U 44
62 1 L 53
63 0 L 55
64 0 L -1
65 0 U 26
66 1 U 39
67 1 U 56
68 1 L 62
69 0 U 57
70 1 L 58
71 1 U -1
72 1 L 48
73 0 L -1
74 1 L 71
75 1 L 46
76 0 U 40
77 1 L 73
78 1 U 73
79 1 L 18
80 0 U 55
81 1 L 37
82 1 L 73
83 1 U 48
84 1 U 76
85 1 L 84
86 0 L 58
87 0 L -1
88 1 U 54
89 0 U -1
90 0 U 82
91 0 L 15
92 0 L 77
93 0 U 10
94 1 L 75
95 0 U 30
96 1 L 35
97 0 L 41
98
0 0 L -1
1 1 L -1
2 1 U -1
3 0 L -1
4 0 L -1
5 0 L 1
6 0 U 0
7 1 U -1
8 0 U 2
9 0 U 0
10 0 L 4
11 1 U 0
12 0 L 9
13 0 L 7
14 1 L -1
15 1 U 6
16 1 L -1
17 0 U -1
18 0 L 0
19 0 L 13
20 0 U 17
21 1 L 19
22 0 U 10
23 1 U 3
24 1 U -1
25 1 U -1
26 1 L 18
27 0 U 20
28 1 U 25
29 0 L 5
30 0 U 8
31 0 L 18
32 0 U 19
33 1 L 20
34 0 U 4
35 0 U 18
36 0 U 19
37 0 L 13
38 1 L 33
39 1 L 34
40 1 U 10
41 0 U 24
42 0 L 8
43 1 U 41
44 0 U 39
45 1 L 35
46 0 L 15
47 0 L 45
48 0 L 44
49 0 U -1
50 1 U 13
51 0 L 37
52 0 U 24
53 1 L 36
54 0 U 11
55 1 U -1
56 0 U 36
57 0 U 15
58 0 U 30
59 0 L -1
60 0 L 46
61 1 U 36
62 1 L 53
63 0 L 55
64 0 L -1
65 0 U 26
66 1 U 39
67 0 U 56
68 1 U 48
69 0 U 57
70 0 L 48
71 1 U -1
72 0 L 48
73 0 L -1
74 0 L 71
75 1 L 46
76 0 U 40
77 1 L 73
78 1 U 73
79 1 L 44
80 0 U 55
81 1 L 37
82 1 L 73
83 1 U 48
84 1 U 76
85 1 L 84
86 0 L 58
87 0 L -1
88 1 U 54
89 0 U -1
90 0 U 82
91 0 L 46
92 0 L 77
93 1 U 58
94 1 L 75
95 0 U 30
96 1 L 72
97 1 L 17
98
0 0 U -1
1 1 L -1
2 1 U -1
3 0 L -1
4 0 L -1
5 0 L 1
6 0 U 0
7 1 U -1
8 1 U 2
9 0 U 0
10 0 L 4
11 1 U 0
12 0 L 9
13 0 L 7
14 1 L -1
15 1 U 6
16 1 L -1
17 0 U -1
18 0 L 0
19 0 L 13
20 0 U 17
21 1 L 15
22 0 U 10
23 1 U 11
24 1 U -1
25 1 U -1
26 1 L 18
27 0 U 20
28 1 U 25
29 0 L 5
30 0 U 8
31 0 L 18
32 0 U 19
33 0 L 20
34 0 U 4
35 0 U 18
36 0 U 19
37 0 L 13
38 1 L 33
39 1 L 34
40 1 U 10
41 0 U 24
42 0 U 8
43 0 U 41
44 0 U 39
45 1 L 35
46 0 L 15
47 0 L 45
48 0 L 44
49 0 U -1
50 1 U 13
51 1 L 27
52 0 U 24
53 1 L 36
54 0 U 11
55 1 U -1
56 0 U 36
57 0 U 15
58 0 U 30
59 0 L -1
60 0 L 46
61 0 L 36
62 1 L 53
63 0 L 55
64 0 L -1
65 0 U 26
66 0 U 39
67 0 U 56
68 1 U 48
69 0 U 57
70 1 L 48
71 1 U -1
72 0 L 48
73 0 L -1
74 1 L 71
75 1 L 46
76 0 U 40
77 1 L 73
78 1 U 73
79 1 L 44
80 0 U 55
81 1 L 37
82 1 L 2
83 1 U 71
84 1 U 82
85 1 L 7
86 0 L 58
87 0 L -1
88 1 U 54
89 0 U -1
90 0 U 82
91 0 L 2
92 1 L 77
93 0 U 58
94 1 L 75
95 0 U 30
96 1 L 81
97 1 L 17
98
0 0 L -1
1 1 L -1
2 1 U -1
3 0 L -1
4 0 L -1
5 0 L 1
6 0 U 0
7 1 U -1
8 1 U 2
9 0 U 0
10 0 L 4
11 1 U 0
12 0 L 9
13 0 L 7
14 1 L -1
15 1 U 6
16 1 L -1
17 0 U -1
18 0 L 0
19 0 L 13
20 0 U 17
21 1 U 15
22 0 U 10
23 1 U 11
24 1 U -1
25 1 U -1
26 1 L 18
27 0 U 20
28 0 U 0
29 0 L 5
30 0 U 8
31 1 L 29
32 0 U 19
33 1 L 20
34 0 U 4
35 0 U 18
36 0 U 19
37 0 L 13
38 1 L 7
39 1 L 34
40 1 U 10
41 0 U 24
42 0 U 8
43 1 U 41
44 0 U 39
45 1 L 35
46 0 L 15
47 0 L 45
48 0 L 44
49 0 U -1
50 0 U 13
51 0 U 12
52 0 U 24
53 1 L 36
54 0 U 11
55 1 U -1
56 0 U 36
57 0 U 15
58 0 U 14
59 0 L -1
60 0 L 46
61 1 L 56
62 1 L 53
63 0 L 55
64 0 L -1
65 0 U 26
66 0 U 39
67 0 U 56
68 1 U 48
69 0 U 57
70 0 L 48
71 1 U -1
72 0 L 48
73 0 L -1
74 0 L 71
75 1 L 46
76 0 U 40
77 1 L 73
78 1 U 73
79 1 L 44
80 0 U 21
81 1 L 37
82 1 L 2
83 1 U 71
84 1 U 82
85 0 L 7
86 0 L 13
87 0 L -1
88 1 U 51
89 0 U -1
90 0 U 46
91 0 L 52
92 1 L 5
93 0 L 58
94 1 L 75
95 0 U 43
96 1 L 33
97 0 L 54
98
0 0 L -1
1 1 L -1
2 1 U -1
3 0 L -1
4 0 L -1
5 0 L 1
6 0 U 0
7 1 U -1
8 0 U 2
9 0 U 0
10 0 L 4
11 1 U 0
12 0 L 9
13 0 L 7
14 1 L -1
15 1 U 6
16 1 L -1
17 0 U -1
18 0 L 4
19 0 L 13
20 0 U 17
21 1 U 15
22 0 U 10
23 1 U 2
24 1 U -1
25 1 U -1
26 1 L 18
27 0 U 20
28 0 U 21
29 0 L 5
30 0 U 8
31 1 U 30
32 1 U 19
33 0 L 26
34 0 U 4
35 0 U 18
36 0 U 19
37 0 L 13
38 1 L 7
39 1 L 34
40 1 U 10
41 0 U 24
42 0 U 8
43 0 U 41
44 0 U 39
45 1 L 35
46 0 L 15
47 1 L 45
48 0 L 44
49 0 U -1
50 1 U 13
51 0 U 12
52 0 U 24
53 1 L 36
54 0 U 49
55 1 U -1
56 0 U 36
57 0 U 15
58 1 U 5
59 0 L -1
60 0 L 46
61 1 U 56
62 1 L 53
63 1 L 55
64 0 L -1
65 1 U 26
66 0 U 39
67 0 L 56
68 1 U 48
69 0 U 57
70 0 L 48
71 1 U -1
72 0 L 48
73 0 L -1
74 1 L 71
75 1 L 46
76 0 U 22
77 1 L 73
78 1 U 73
79 1 L 30
80 0 U 28
81 0 L 33
82 1 L 77
83 1 L 74
84 1 U 82
85 0 L 7
86 0 L 13
87 0 L -1
88 1 U 51
89 0 U -1
90 0 U 46
91 0 L 52
92 1 L 5
93 0 L 58
94 0 L 75
95 0 U 46
96 1 L 33
97 1 U 69
98
0 0 L -1
1 1 L -1
2 1 U -1
3 0 L -1
4 0 L -1
5 0 L 1
6 0 U 0
7 1 U -1
8 1 U 2
9 0 U 0
10 0 L 4
11 1 U 0
12 0 L 9
13 0 L 7
14 1 L -1
15 1 U 6
16 1 L -1
17 0 U -1
18 0 L 4
19 0 L 13
20 0 U 17
21 1 U 5
22 0 U 10
23 1 U 2
24 1 U -1
25 1 U -1
26 1 L 18
27 0 U 20
28 1 U 15
29 0 L 5
30 0 U 8
31 0 L 26
32 1 U 19
33 1 L 26
34 0 U 4
35 0 U 19
36 0 U 19
37 0 L 13
38 1 L 9
39 1 L 34
40 1 U 10
41 0 U 24
42 0 U 8
43 0 U 41
44 0 U 39
45 1 L 35
46 0 L 15
47 1 L 45
48 0 L 44
49 0 U -1
50 1 U 23
51 0 U 12
52 0 U 24
53 1 L 36
54 0 U 49
55 1 U -1
56 0 U 36
57 0 U 15
58 1 U 39
59 0 L -1
60 0 L 46
61 1 L 56
62 1 L 53
63 1 L 55
64 0 L -1
65 0 U 64
66 0 U 39
67 0 L 61
68 1 U 48
69 0 U 57
70 0 L 48
71 1 U -1
72 0 L 48
73 0 L -1
74 1 L 67
75 1 L 46
76 0 U 16
77 1 L 73
78 1 U 73
79 1 L 30
80 0 U 8
81 0 L 33
82 1 L 77
83 1 U 82
84 1 U 82
85 1 L 77
86 0 L 13
87 0 L -1
88 1 U 51
89 0 U -1
90 0 U 46
91 0 L 52
92 1 L 5
93 1 L 58
94 0 L 75
95 0 U 89
96 1 L 43
97 0 U 69
98
0 0 L -1
1 1 L -1
2 1 U -1
3 0 L -1
4 0 L -1
5 0 L 1
6 0 U 0
7 1 U -1
8 0 U 2
9 0 U 0
10 0 L 4
11 1 U 0
12 0 L 9
13 0 L 7
14 1 L -1
15 1 U 6
16 1 L -1
17 0 U -1
18 0 L 4
19 0 L 13
20 0 U 17
21 1 U 17
22 0 U 10
23 1 U 2
24 1 U -1
25 1 U -1
26 1 L 18
27 0 U 20
28 1 U 15
29 1 L 5
30 0 U 8
31 0 L 24
32 0 U 19
33 0 L 26
34 0 U 4
35 0 U 26
36 0 U 19
37 0 L 9
38 0 L 9
39 1 L 34
40 1 U 10
41 0 U 24
42 0 U 8
43 0 U 41
44 0 U 39
45 1 L 35
46 0 L 15
47 1 L 43
48 1 L 44
49 0 U -1
50 1 U 23
51 0 U 12
52 0 U 24
53 1 L 36
54 1 U 49
55 1 U -1
56 0 U 36
57 0 U 15
58 1 U 39
59 0 L -1
60 0 L 46
61 0 L 56
62 1 L 53
63 1 L 55
64 0 L -1
65 0 U 56
66 1 U 39
67 0 L 61
68 1 L 67
69 0 U 57
70 1 L 48
71 1 U -1
72 1 L 31
73 0 L -1
74 1 L 67
75 1 L 46
76 0 U 16
77 1 L 73
78 1 U 75
79 0 L 30
80 0 U 8
81 0 L 37
82 0 L 77
83 0 L 82
84 0 U 74
85 1 L 2
86 0 L 83
87 0 L -1
88 1 U 51
89 0 U -1
90 0 U 46
91 0 L 52
92 1 L 5
93 0 L 58
94 0 L 75
95 0 U 56
96 1 L 43
97 1 U 71
98
0 0 U -1
1 1 L -1
2 1 U -1
3 0 L -1
4 0 L -1
5 0 L 1
6 0 U 0
7 1 U -1
8 1 U 2
9 0 U 0
10 0 L 4
11 1 U 0
12 0 L 9
13 0 L 7
14 1 L -1
15 1 U 6
16 1 L -1
17 0 U -1
18 0 L 4
19 0 L 13
20 0 U 17
21 1 U 17
22 0 U 10
23 1 U 2
24 1 U -1
25 1 U -1
26 1 L 18
27 0 U 20
28 0 U 15
29 1 L 5
30 0 U 8
31 0 L 24
32 1 U 19
33 0 U 27
34 0 U 4
35 0 U 26
36 0 U 19
37 0 L 9
38 0 L 9
39 1 L 34
40 1 U 10
41 0 U 24
42 0 U 8
43 0 U 41
44 0 U 39
45 1 L 35
46 0 L 15
47 0 L 43
48 0 L 44
49 0 U -1
50 1 U 5
51 1 U 13
52 0 U -1
53 1 L 36
54 1 U 49
55 1 U -1
56 0 U 36
57 0 U 15
58 1 U 39
59 0 L -1
60 0 L 46
61 0 L 56
62 1 L 53
63 1 L 55
64 0 L -1
65 1 U 56
66 0 U 39
67 0 L 61
68 1 L 67
69 0 U 57
70 1 L 38
71 1 U -1
72 1 L 31
73 0 L -1
74 0 L 67
75 1 L 46
76 0 U 16
77 1 L 73
78 1 U 46
79 0 L 30
80 0 U 8
81 0 L 37
82 0 L 77
83 0 L 82
84 0 U 74
85 1 L 2
86 0 L 56
87 0 L -1
88 1 U 51
89 0 U -1
90 0 U 46
91 0 L 78
92 1 L 5
93 1 L 47
94 1 L 75
95 0 U 56
96 1 L 43
97 0 U 71
98
0 0 U -1
1 1 L -1
2 1 U -1
3 0 L -1
4 0 L -1
5 0 L 1
6 0 U 0
7 1 U -1
8 0 U 2
9 0 U 0
10 0 L 4
11 1 U 0
12 0 L 9
13 0 L 7
14 1 L -1
15 1 U 6
16 1 L -1
17 0 U -1
18 0 L 4
19 0 L 13
20 0 U 17
21 1 U 17
22 0 U 10
23 1 U 2
24 1 U -1
25 1 U -1
26 1 L 18
27 0 U 20
28 0 U 15
29 1 L 5
30 0 U 8
31 0 L 24
32 1 U 19
33 1 L 27
34 0 U 4
35 0 U 26
36 0 U 19
37 0 L 9
38 0 L 9
39 1 L 34
40 1 U 14
41 0 U 24
42 0 U 8
43 0 U 41
44 0 U 39
45 1 L 35
46 0 L 15
47 0 L 43
48 0 L 44
49 0 U -1
50 0 U 5
51 0 U 13
52 0 U -1
53 1 L 36
54 0 U 43
55 1 U -1
56 0 U 36
57 0 U 15
58 1 U 39
59 0 L -1
60 0 L 46
61 0 L 56
62 1 L 53
63 1 L 55
64 0 L -1
65 0 U 64
66 0 U 39
67 0 L 61
68 1 L 67
69 0 U 57
70 1 L 38
71 1 U -1
72 1 L 31
73 0 L -1
74 0 L 67
75 1 L 46
76 0 U 16
77 0 L 73
78 1 U 46
79 0 L 0
80 0 U 8
81 0 L 37
82 0 L 9
83 0 L 23
84 0 U 74
85 1 L 2
86 0 L 56
87 0 L -1
88 1 U 51
89 0 U -1
90 0 U 46
91 1 L 78
92 1 L 5
93 1 L 48
94 1 L 75
95 0 U 56
96 0 L 43
97 0 L 63
98
0 0 L -1
1 1 L -1
2 1 U -1
3 0 L -1
4 0 L -1
5 0 L 1
6 0 U 0
7 1 U -1
8 1 U 2
9 0 U 0
10 0 L 4
11 1 U 0
12 0 L 9
13 0 L 7
14 1 L -1
15 1 U 6
16 1 L -1
17 0 U -1
18 0 L 4
19 0 L 13
20 0 U 17
21 0 U 11
22 0 U 10
23 1 U 8
24 1 U -1
25 1 U -1
26 1 L 18
27 0 U 20
28 1 U 15
29 1 L 2
30 0 U 8
31 0 L 24
32 0 U 19
33 0 U 27
34 0 U 4
35 0 U 26
36 0 U 19
37 0 L 9
38 0 L 9
39 1 L 34
40 1 U 23
41 0 U 24
42 0 U 8
43 0 U 41
44 0 U 39
45 1 L 35
46 0 L 15
47 0 L 43
48 0 L 44
49 0 U 3
50 0 U 5
51 1 L 13
52 0 U -1
53 1 L 36
54 0 U 52
55 1 U -1
56 0 U 36
57 0 U 15
58 1 U 39
59 0 L -1
60 0 L 46
61 0 L 56
62 1 L 53
63 1 L 55
64 0 L -1
65 1 U 64
66 1 U 39
67 0 L 61
68 1 L 67
69 0 U 57
70 1 L 38
71 1 U -1
72 1 L 31
73 0 L -1
74 0 L 67
75 1 L 46
76 0 U 16
77 0 L 73
78 1 U 37
79 0 L 0
80 0 U 25
81 0 L 37
82 0 L 9
83 0 U 70
84 0 U 74
85 1 L 2
86 0 L 56
87 0 L -1
88 1 U 4
89 0 U -1
90 0 U 46
91 0 L 78
92 0 L 5
93 0 L 48
94 1 L 75
95 0 U 56
96 1 L 43
97 0 L 77
98
0 0 U -1
1 1 L -1
2 1 U -1
3 0 L -1
4 0 L -1
5 0 L 3
6 0 U 0
7 1 U -1
8 0 U 2
9 0 U 0
10 0 L 4
11 1 U 0
12 0 L 9
13 0 L 7
14 0 L -1
15 1 U 6
16 1 L -1
17 0 U -1
18 0 L 4
19 0 L 13
20 0 U 17
21 1 U 3
22 0 U 10
23 1 U 3
24 1 U -1
25 1 U -1
26 1 L 18
27 0 U 20
28 1 U 15
29 0 L 2
30 0 U 8
31 0 L 24
32 0 U 19
33 0 U 27
34 0 U 4
35 0 U 22
36 0 U 19
37 0 L 9
38 0 L 9
39 1 L 34
40 1 U 23
41 0 U 24
42 0 U 31
43 1 U 41
44 0 U 39
45 1 L 35
46 0 L 15
47 0 L 43
48 0 L 44
49 0 U 3
50 0 U 5
51 1 U 25
52 0 U -1
53 1 L 36
54 0 U 52
55 1 U -1
56 0 U 36
57 0 U 15
58 1 U 39
59 0 L -1
60 0 L 46
61 0 L 56
62 1 L 53
63 1 L 55
64 0 L -1
65 1 U 10
66 0 U 39
67 0 L 61
68 1 L 67
69 0 U 57
70 1 L 11
71 1 U -1
72 0 L 31
73 0 L -1
74 1 L 67
75 1 L 46
76 0 U 16
77 0 L 73
78 1 U 37
79 1 L 73
80 0 U 25
81 0 L 37
82 0 L 9
83 0 U 70
84 0 U 74
85 1 L 63
86 0 L 56
87 0 L -1
88 1 U 4
89 0 U -1
90 0 U 37
91 0 L 41
92 0 L 8
93 0 L 48
94 1 L 75
95 0 U 56
96 1 L 43
97 1 L 62
98
0 0 L -1
1 1 L -1
2 1 U -1
3 0 L -1
4 0 L -1
5 0 L 3
6 0 U 0
7 1 U -1
8 0 U 2
9 0 U 0
10 0 L 4
11 1 U 0
12 0 L 9
13 0 L 7
14 0 L -1
15 1 U 6
16 1 L -1
17 0 U -1
18 0 L 4
19 0 L 13
20 0 U 17
21 0 U 3
22 0 U 10
23 1 U 3
24 1 U -1
25 1 U -1
26 1 L 18
27 0 U 20
28 1 U 15
29 0 L 5
30 0 U 8
31 0 L 24
32 0 U 19
33 1 L 27
34 0 U 4
35 0 U 22
36 0 U 19
37 0 L 9
38 0 L 9
39 1 L 34
40 1 U 23
41 0 U 24
42 0 U 31
43 0 U 41
44 0 U 39
45 1 L 35
46 0 L 15
47 1 L 43
48 0 L 44
49 0 U 31
50 1 U 5
51 1 U 50
52 0 U -1
53 1 L 36
54 0 U 52
55 1 U -1
56 0 U 36
57 0 U 15
58 1 U 42
59 0 L -1
60 0 L 46
61 1 L 56
62 0 L 53
63 1 L 55
64 0 L -1
65 1 U 34
66 0 U 39
67 0 L 61
68 1 L 67
69 0 U 57
70 1 L 11
71 1 U -1
72 1 L 53
73 0 L -1
74 0 L 67
75 1 L 46
76 0 U 16
77 0 U 73
78 1 U 37
79 1 L 73
80 0 U 25
81 0 L 37
82 0 L 77
83 1 U 70
84 0 U 74
85 1 L 8
86 0 L 56
87 0 L -1
88 1 U 4
89 0 U -1
90 0 U 37
91 0 L 47
92 0 L 8
93 1 L 73
94 1 L 75
95 0 U 56
96 1 L 43
97 1 L 73
98
0 0 L -1
1 1 L -1
2 1 U -1
3 0 L -1
4 0 L -1
5 0 L 3
6 0 U 0
7 1 U -1
8 1 U 2
9 0 U 0
10 0 L 4
11 1 U 0
12 0 L 9
13 0 L 10
14 0 L -1
15 1 U 6
16 1 L -1
17 0 U -1
18 0 L 4
19 0 L 13
20 0 U 17
21 0 U 3
22 0 U 10
23 1 U 3
24 1 U -1
25 1 U -1
26 1 L 18
27 0 U 20
28 1 U 15
29 1 L 5
30 0 U 8
31 0 L 24
32 0 U 19
33 0 L 27
34 0 U 4
35 0 U 19
36 0 U 19
37 0 L 9
38 0 L 9
39 1 L 34
40 1 U 23
41 0 U 24
42 0 U 31
43 0 U 41
44 0 U 39
45 1 L 35
46 0 L 15
47 0 L 43
48 1 L 44
49 0 U 31
50 1 U 5
51 0 U 50
52 0 U -1
53 1 L 36
54 0 U 52
55 1 U -1
56 0 U 36
57 0 U 15
58 1 U 42
59 0 L -1
60 0 L 46
61 1 L 56
62 0 L 53
63 1 L 55
64 0 L -1
65 0 U 56
66 0 U 39
67 0 U 56
68 1 L 67
69 0 U 57
70 1 L 11
71 1 U -1
72 1 L 5
73 0 L -1
74 1 L 67
75 1 L 46
76 0 U 41
77 0 U 73
78 1 U 37
79 1 L 22
80 0 L 73
81 0 L 37
82 1 L 68
83 0 U 45
84 0 U 74
85 1 L 8
86 0 L 56
87 0 L -1
88 1 U 4
89 0 U -1
90 0 U 37
91 0 L 47
92 1 L 8
93 0 L 73
94 0 L 75
95 0 U 56
96 1 L 43
97 1 L 0
98
0 0 U -1
1 1 L -1
2 1 U -1
3 0 L -1
4 0 L -1
5 0 L 3
6 0 U 0
7 1 U -1
8 1 U 2
9 0 U 0
10 0 L 4
11 1 U 0
12 0 L 9
13 0 L 10
14 1 L -1
15 1 U 6
16 1 L -1
17 0 U -1
18 0 L 4
19 0 L 13
20 0 U 17
21 0 U 20
22 0 U 10
23 1 U 3
24 1 U -1
25 1 U -1
26 1 L 18
27 0 U 17
28 1 U 15
29 0 L 5
30 0 U 4
31 0 L 24
32 1 U 19
33 0 L 27
34 0 U 4
35 0 U 19
36 0 U 19
37 0 L 9
38 1 L 9
39 1 L 34
40 1 U 23
41 0 U 24
42 0 U 31
43 1 U 41
44 0 U 39
45 1 L 35
46 0 L 15
47 1 L 43
48 1 L 44
49 0 U 31
50 1 U 5
51 0 U 50
52 0 U -1
53 1 L 36
54 0 U 28
55 1 U -1
56 0 U 36
57 0 U 15
58 1 U 42
59 0 L -1
60 0 L 46
61 1 L 53
62 0 L 53
63 1 L 55
64 0 L -1
65 1 U 64
66 0 U 39
67 0 L 56
68 1 L 67
69 0 U 57
70 1 L 11
71 1 U -1
72 1 L 5
73 0 L -1
74 0 L 67
75 1 L 46
76 0 U 41
77 0 U 73
78 1 U 37
79 1 L 77
80 0 L 73
81 0 L 37
82 1 U 30
83 1 U 45
84 0 U 74
85 0 L 8
86 0 L 56
87 0 L -1
88 1 U 4
89 0 U -1
90 0 U 37
91 0 L 11
92 1 L 8
93 1 L 73
94 1 L 75
95 0 U 72
96 1 L 43
97 1 L 71
98
0 0 L -1
1 1 L -1
2 1 U -1
3 0 L -1
4 0 L -1
5 0 L 3
6 0 U 0
7 1 U -1
8 0 U 2
9 0 U 0
10 0 L 4
11 1 U 0
12 0 L 9
13 0 L 10
14 0 L -1
15 1 U 6
16 1 L -1
17 0 U -1
18 0 L 4
19 0 L 13
20 0 U 2
21 0 U 3
22 0 U 10
23 1 U 3
24 1 U -1
25 1 U -1
26 1 L 18
27 0 U 17
28 1 U 15
29 0 L 5
30 0 U 4
31 1 L 24
32 1 U 19
33 1 L 27
34 0 U 4
35 0 U 19
36 0 U 19
37 0 L 9
38 1 L 9
39 1 L 34
40 1 U 23
41 0 U 24
42 0 U 33
43 0 U 41
44 0 U 39
45 1 L 35
46 0 L 15
47 1 L 43
48 1 L 44
49 0 U 31
50 1 U 5
51 1 U 37
52 0 U -1
53 1 L 36
54 0 U 28
55 1 U -1
56 0 U 36
57 0 U 15
58 1 U 42
59 0 L -1
60 0 L 46
61 0 L 56
62 1 L 53
63 1 L 55
64 0 L -1
65 1 U 23
66 1 U 39
67 0 L 56
68 1 L 67
69 0 U 57
70 1 L 11
71 1 U -1
72 1 L 5
73 0 L -1
74 0 L 67
75 1 L 46
76 0 U 41
77 0 U 73
78 1 U 37
79 1 L 77
80 0 L 73
81 0 L 37
82 1 U 26
83 1 L 2
84 0 U 74
85 0 L 8
86 0 L 56
87 0 L -1
88 1 U 4
89 0 U -1
90 0 U 37
91 0 L 55
92 1 L 8
93 0 L 73
94 1 L 75
95 0 U 72
96 1 L 43
97 0 L 71
98
0 0 U -1
1 1 L -1
2 1 U -1
3 0 L -1
4 0 L -1
5 0 L 3
6 0 U 0
7 1 U -1
8 1 U 2
9 0 U 0
10 0 L 4
11 1 U 0
12 0 L 9
13 0 L 10
14 1 L -1
15 1 U 6
16 1 L -1
17 0 U -1
18 0 L 16
19 0 L 13
20 0 U 2
21 1 U 3
22 0 U 10
23 1 U 3
24 1 U -1
25 1 U -1
26 1 L 18
27 0 U 17
28 1 U 15
29 0 L 5
30 0 U 4
31 0 L 24
32 1 U 19
33 1 L 27
34 0 U 4
35 0 U 19
36 0 U 19
37 0 L 9
38 1 L 9
39 1 L 34
40 1 U 23
41 0 U 24
42 0 U 33
43 1 U 41
44 0 U 39
45 1 L 35
46 0 L 15
47 0 L 43
48 1 L 44
49 0 U 31
50 1 U 5
51 1 U 45
52 0 U 24
53 0 L 27
54 0 U 43
55 1 U 0
56 0 U 36
57 0 U 15
58 1 U 42
59 0 L -1
60 0 L 46
61 0 L 56
62 0 L 33
63 1 L 55
64 0 L -1
65 1 U 49
66 0 U 39
67 0 L 56
68 1 L 67
69 0 U 57
70 1 L 11
71 1 U -1
72 0 L 5
73 0 L -1
74 1 L 67
75 1 L 46
76 0 U 41
77 0 U 73
78 1 U 37
79 1 U 77
80 0 L 73
81 0 L 37
82 1 U 68
83 0 L 2
84 0 U 74
85 0 L 8
86 0 L 56
87 0 L -1
88 1 U 14
89 0 U -1
90 0 U 37
91 0 L 24
92 0 L 8
93 1 L 73
94 1 L 75
95 0 U 72
96 1 L 26
97 1 L 71
98
0 0 U -1
1 1 L -1
2 1 U -1
3 0 L -1
4 0 L -1
5 0 L 3
6 0 U 0
7 1 U -1
8 1 U 2
9 0 U 0
10 0 L 4
11 1 U 0
12 0 L 9
13 0 L 10
14 1 L -1
15 1 U 6
16 1 L -1
17 0 U -1
18 0 L 16
19 0 L 13
20 0 U 17
21 0 U 3
22 0 U 10
23 1 U 3
24 1 U -1
25 1 U -1
26 1 L 18
27 0 U 17
28 1 U 15
29 1 L 5
30 0 U 4
31 1 L 24
32 1 U 19
33 1 L 27
34 0 U 4
35 0 U 19
36 0 U 19
37 0 L 9
38 1 L 9
39 1 L 34
40 1 U 10
41 0 U 24
42 0 U 33
43 1 U 41
44 0 U 39
45 1 L 35
46 0 L 15
47 0 L 45
48 1 L 44
49 0 U 31
50 1 U 5
51 0 U 14
52 0 U 24
53 1 L 27
54 0 U 43
55 1 U -1
56 0 U 36
57 0 U 15
58 1 U 42
59 0 L -1
60 0 L 46
61 0 L 56
62 0 L 33
63 1 L 55
64 0 L -1
65 1 U 49
66 0 U 39
67 0 L 56
68 1 L 67
69 0 U 57
70 1 L 11
71 1 U -1
72 1 L 5
73 0 L -1
74 1 L 67
75 1 L 46
76 0 U 41
77 1 U 45
78 1 U 72
79 0 L 60
80 0 L 73
81 0 L 37
82 1 U 68
83 1 L 2
84 0 U 74
85 0 L 80
86 0 L 56
87 0 L -1
88 1 U 14
89 0 U -1
90 0 U 37
91 0 L 83
92 1 L 8
93 1 L 24
94 0 L 75
95 0 U 50
96 1 L 26
97 1 U 37
98
0 0 L -1
1 1 L -1
2 1 U -1
3 0 L -1
4 0 L -1
5 0 L 1
6 0 U 0
7 1 U -1
8 0 U 2
9 0 U 0
10 0 L 4
11 1 U 0
12 0 L 9
13 0 L 10
14 1 L -1
15 1 U 6
16 1 L -1
17 0 U -1
18 0 L 16
19 0 L 13
20 0 U 17
21 0 L 15
22 1 U 10
23 1 U 9
24 1 U -1
25 1 U -1
26 1 L 18
27 0 U 17
28 1 U 15
29 0 L 5
30 0 U 4
31 1 L 24
32 1 U 19
33 1 L 27
34 0 U 4
35 0 U 26
36 0 U 19
37 0 L 9
38 1 L 9
39 1 L 34
40 1 U 10
41 0 U 24
42 0 U 33
43 1 U 41
44 0 U 39
45 1 L 35
46 0 L 15
47 0 L 45
48 1 L 44
49 0 U 31
50 1 U 5
51 0 U 11
52 0 U 24
53 1 L 27
54 0 U 43
55 1 U -1
56 0 U 36
57 0 U 15
58 1 U 42
59 0 L -1
60 0 L 46
61 0 L 56
62 0 L 33
63 1 L 55
64 0 L -1
65 1 U 49
66 0 U 39
67 0 L 56
68 1 L 67
69 0 U 57
70 1 L 11
71 1 U -1
72 0 L 5
73 0 L -1
74 1 L 67
75 1 L 46
76 0 U 41
77 1 U 72
78 1 U 72
79 0 U 72
80 0 L 73
81 0 L 37
82 1 U 75
83 1 L 73
84 0 U 74
85 0 L 80
86 1 L 56
87 0 L -1
88 1 U 14
89 0 U -1
90 0 U 37
91 1 L 58
92 1 L 8
93 1 L 24
94 0 L 75
95 0 U 76
96 1 L 8
97 1 L 82
98
0 0 U -1
1 1 L -1
2 1 U -1
3 0 L -1
4 0 L -1
5 0 L 1
6 0 U 0
7 1 U -1
8 1 U 2
9 0 U 0
10 0 L 4
11 1 U 0
12 0 L 9
13 0 L 10
14 1 L -1
15 1 U 6
16 1 L -1
17 0 U -1
18 0 L 16
19 0 L 13
20 0 U 17
21 0 L 15
22 1 U 10
23 1 U 9
24 1 U -1
25 1 U -1
26 1 L 18
27 0 U 17
28 1 U 15
29 0 L 5
30 0 U 4
31 1 L 24
32 0 U 19
33 1 L 27
34 0 U 4
35 0 U 26
36 0 U 19
37 0 L 9
38 1 L 9
39 1 L 34
40 1 U 39
41 0 U 24
42 0 U 8
43 1 U 41
44 0 U 39
45 1 L 35
46 0 L 37
47 0 L 45
48 1 L 44
49 0 U 31
50 1 U 14
51 0 L 27
52 0 U 24
53 1 L 31
54 0 U 43
55 1 U -1
56 0 U 36
57 0 U 15
58 1 U 42
59 0 L -1
60 0 L 46
61 0 L 56
62 0 L 33
63 1 L 55
64 0 L -1
65 1 U 49
66 1 U 39
67 0 L 61
68 1 L 67
69 0 U 57
70 1 L 11
71 1 U -1
72 0 L 8
73 0 L -1
74 1 L 67
75 1 L 46
76 0 U 41
77 1 U 46
78 1 U 51
79 0 U 74
80 0 L 73
81 0 L 37
82 1 U 78
83 1 L 73
84 0 U 74
85 0 L 80
86 1 L 56
87 0 L -1
88 1 U 23
89 0 U -1
90 0 U 37
91 0 L 6
92 1 L 8
93 0 L 24
94 0 L 81
95 0 U 76
96 1 L 78
97 1 L 83
98
0 0 L -1
1 1 L -1
2 1 U -1
3 0 L -1
4 0 L -1
5 0 L 1
6 0 U 0
7 1 U -1
8 1 U 2
9 0 U 0
10 0 L 4
11 1 U 0
12 0 L 9
13 0 L 10
14 1 L -1
15 1 U 6
16 1 L -1
17 0 U -1
18 0 L 16
19 0 L 13
20 0 U 17
21 1 L 15
22 1 U 10
23 1 U 9
24 1 U -1
25 1 U -1
26 1 L 18
27 0 U 17
28 1 U 15
29 0 L 5
30 0 U 4
31 1 L 24
32 0 U 19
33 0 L 27
34 0 U 4
35 0 U 26
36 0 U 19
37 0 L 9
38 1 L 9
39 1 L 34
40 1 U 39
41 0 U 24
42 0 U 8
43 1 U 41
44 0 U 39
45 1 L 35
46 0 L 15
47 0 L 45
48 1 L 44
49 0 U 31
50 1 U 14
51 0 L 27
52 0 U 24
53 1 L 31
54 0 U 43
55 1 U -1
56 0 U 36
57 0 U 15
58 1 U 42
59 0 L -1
60 0 L 46
61 0 L 56
62 0 L 33
63 1 L 55
64 0 L -1
65 1 U 30
66 1 U 39
67 0 L 61
68 1 L 67
69 0 U 57
70 1 L 11
71 1 U -1
72 1 L 8
73 0 L -1
74 0 L 67
75 1 L 22
76 0 U 41
77 1 U 46
78 1 U 51
79 0 U 74
80 0 L 73
81 0 L 37
82 1 U 74
83 1 L 73
84 0 U 74
85 0 L 80
86 1 L 56
87 0 L -1
88 1 U 23
89 0 U -1
90 0 U 37
91 0 L 6
92 1 L 8
93 0 L 24
94 0 L 81
95 0 U 76
96 1 L 78
97 0 L 83
98
0 0 L -1
1 1 L -1
2 1 U -1
3 0 L -1
4 0 L -1
5 0 L 3
6 0 U 0
7 1 U -1
8 1 U 2
9 0 U 0
10 0 L 4
11 1 U 0
12 0 L 9
13 0 L 10
14 1 L -1
15 1 U 6
16 1 L -1
17 0 U -1
18 0 L 16
19 0 L 13
20 0 U 0
21 0 U 6
22 1 U 10
23 1 U 9
24 1 U -1
25 1 U -1
26 1 L 18
27 0 U 17
28 1 U 15
29 1 L 5
30 0 U 9
31 1 L 24
32 0 U 19
33 1 L 27
34 0 U 4
35 0 U 26
36 0 U 19
37 0 L 9
38 1 L 11
39 1 L 34
40 1 U 39
41 0 U 24
42 0 U 8
43 0 U 41
44 0 U 39
45 1 L 35
46 0 L 15
47 0 L 45
48 1 L 44
49 0 U 31
50 1 U 14
51 0 L 27
52 0 U 24
53 1 L 31
54 0 U 43
55 1 U -1
56 0 U 36
57 0 U 15
58 1 U 42
59 0 L -1
60 0 L 46
61 0 L 56
62 0 L 33
63 1 L 55
64 0 L -1
65 1 U 30
66 1 U 39
67 0 L 61
68 1 L 67
69 0 U 57
70 1 L 11
71 1 U -1
72 1 L 2
73 0 L -1
74 1 L 67
75 1 L 22
76 0 U 41
77 0 U 46
78 1 U 51
79 0 U 37
80 0 L 73
81 0 L 37
82 1 U 74
83 1 L 73
84 0 U 74
85 1 L 73
86 0 L 56
87 0 L -1
88 1 U 23
89 0 U -1
90 0 U 37
91 0 L 40
92 1 L 87
93 1 L 24
94 0 L 81
95 0 U 76
96 0 L 18
97 0 U 83
98
0 0 U -1
1 1 L -1
2 1 U -1
3 0 L -1
4 0 L -1
5 0 L 3
6 0 U 0
7 1 U -1
8 1 U 2
9 0 U 0
10 0 L 4
11 1 U 0
12 0 L 9
13 0 L 10
14 0 L -1
15 1 U 6
16 1 L -1
17 0 U -1
18 0 L 16
19 0 L 13
20 0 U 0
21 0 U 15
22 1 U 10
23 1 U 9
24 1 U -1
25 1 U -1
26 1 L 18
27 0 U 17
28 1 U 15
29 1 L 2
30 0 U 9
31 1 L 24
32 0 U 19
33 0 L 27
34 0 U 4
35 0 U 26
36 0 U 19
37 0 L 9
38 1 L 11
39 1 L 34
40 1 U 39
41 0 U 24
42 0 U 8
43 1 U 41
44 0 U 39
45 1 L 35
46 0 L 15
47 0 L 45
48 1 L 44
49 0 U 31
50 1 U 14
51 1 L 27
52 0 U 24
53 0 L 34
54 0 U 43
55 1 U -1
56 0 U 36
57 0 U 15
58 1 U 42
59 0 L -1
60 1 L 30
61 0 L 56
62 0 L 33
63 1 L 55
64 0 L -1
65 1 U 49
66 1 U 39
67 0 L 61
68 1 L 67
69 0 U 57
70 1 L 11
71 1 U -1
72 0 L 2
73 0 L -1
74 0 L 67
75 1 L 62
76 0 U 41
77 1 U 23
78 1 U 51
79 0 U 37
80 0 L 73
81 0 L 37
82 1 U 74
83 1 L 10
84 0 U 74
85 1 L 18
86 0 L 56
87 0 L -1
88 1 U 23
89 0 U -1
90 0 U 37
91 0 L 27
92 1 L 87
93 0 L 24
94 0 L 24
95 0 U 76
96 1 L 39
97 1 U 83
98
0 0 U -1
1 1 L -1
2 1 U -1
3 0 L -1
4 0 L -1
5 0 L 3
6 0 U 0
7 1 U -1
8 1 U 2
9 0 U 0
10 0 L 4
11 1 U 0
12 0 L 9
13 0 L 10
14 0 L -1
15 1 U 6
16 1 L -1
17 0 U -1
18 0 L 16
19 0 L 13
20 0 U 0
21 0 U 3
22 1 U 10
23 1 U 9
24 1 U -1
25 1 U -1
26 1 L 18
27 0 U 17
28 1 U 15
29 1 L 5
30 0 U 9
31 1 L 24
32 0 U 19
33 0 L 27
34 0 U 4
35 0 U 26
36 0 U 19
37 0 L 9
38 1 L 11
39 1 L 34
40 1 U 39
41 0 U 24
42 0 U 8
43 1 U 41
44 0 U 39
45 1 L 35
46 0 L 15
47 0 L 45
48 1 L 44
49 0 U 31
50 1 U 14
51 1 L 27
52 0 U 24
53 0 L 34
54 0 U 43
55 1 U -1
56 0 U 36
57 0 U 15
58 1 U 54
59 0 L -1
60 1 L 30
61 1 L 56
62 0 L 33
63 1 L 55
64 0 L -1
65 1 U 49
66 1 U 39
67 0 L 61
68 1 L 67
69 0 U 57
70 1 L 11
71 1 U -1
72 0 L 37
73 0 L -1
74 1 L 67
75 0 L 8
76 0 U 41
77 1 U 23
78 1 U 51
79 0 U 37
80 0 L 73
81 0 L 37
82 1 U 74
83 0 L 63
84 0 U 74
85 0 L 18
86 0 L 56
87 0 L -1
88 1 U 23
89 0 U -1
90 0 U 37
91 1 L 31
92 1 L 87
93 1 L 24
94 0 L 24
95 0 U 26
96 1 L 53
97 1 U 95
98
0 0 U -1
1 1 L -1
2 1 U -1
3 0 L -1
4 0 L -1
5 0 L 3
6 0 U 0
7 1 U -1
8 0 U 2
9 0 U 0
10 0 L 4
11 1 U 0
12 0 L 9
13 0 L 10
14 0 L -1
15 1 U 6
16 1 L -1
17 0 U -1
18 0 L 16
19 0 L 13
20 0 U 0
21 1 U 8
22 1 U 10
23 1 U 9
24 1 U -1
25 1 U -1
26 1 L 18
27 0 U 0
28 1 U 15
29 1 L 5
30 0 U 9
31 1 L 24
32 0 U 19
33 0 L 27
34 0 U 33
35 0 U 26
36 0 U 19
37 0 L 9
38 0 L 9
39 1 L 34
40 1 U 39
41 0 U 24
42 0 U 8
43 1 U 41
44 0 U 39
45 1 L 35
46 0 L 15
47 0 L 45
48 1 L 44
49 0 U 31
50 1 U 14
51 1 L 27
52 0 U 24
53 0 L 34
54 0 U 43
55 1 U 0
56 0 U 36
57 0 U 15
58 1 U 54
59 0 L -1
60 1 L 30
61 1 L 56
62 0 L 33
63 1 L 55
64 0 L -1
65 1 U 56
66 1 U 39
67 0 L 61
68 1 L 67
69 0 U 57
70 1 L 11
71 1 U -1
72 0 L 37
73 0 L -1
74 1 L 67
75 0 L 8
76 0 U 41
77 1 U 23
78 0 U 51
79 1 U 37
80 1 U 73
81 0 L 37
82 1 U 74
83 0 L 2
84 0 U 74
85 1 L 18
86 0 L 56
87 0 L -1
88 1 U 49
89 0 U -1
90 0 U 37
91 1 L 31
92 1 L 87
93 1 L 24
94 0 L 24
95 0 U 88
96 1 L 28
97 0 U 73
98
0 0 U -1
1 1 L -1
2 1 U -1
3 0 L -1
4 0 L -1
5 0 L 3
6 0 U 0
7 1 U -1
8 0 U 2
9 0 U 0
10 0 L 4
11 1 U 0
12 0 L 9
13 0 L 10
14 0 L -1
15 1 U 6
16 1 L -1
17 0 U -1
18 0 L 16
19 0 L 13
20 0 U 0
21 1 U 8
22 1 U 10
23 1 U 9
24 1 U -1
25 1 U -1
26 1 L 18
27 0 U 0
28 1 U 15
29 0 L 8
30 0 U 9
31 1 L 30
32 0 U 19
33 0 L 27
34 0 U 33
35 0 U 26
36 0 U 19
37 0 L 9
38 1 L 13
39 1 L 34
40 1 U 39
41 0 U 24
42 0 U 8
43 1 U 41
44 0 U 39
45 1 L 35
46 0 L 37
47 0 L 45
48 1 L 44
49 0 U 31
50 1 U 14
51 0 L 27
52 0 U 24
53 0 L 34
54 0 U 43
55 1 U 0
56 0 U 36
57 0 U 15
58 1 U 54
59 0 L -1
60 1 L 30
61 1 L 56
62 0 L 33
63 1 U 61
64 0 L -1
65 0 U 56
66 1 U 39
67 0 L 61
68 1 L 67
69 0 U 57
70 1 L 11
71 1 U -1
72 0 L 37
73 0 L -1
74 1 L 67
75 0 L 8
76 0 U 41
77 1 U 23
78 0 U 51
79 1 U 37
80 1 U 73
81 0 L 37
82 1 U 74
83 1 L 2
84 0 U 74
85 0 L 18
86 0 L 56
87 0 L -1
88 1 U 19
89 0 U -1
90 0 U 37
91 1 L 31
92 0 L 87
93 1 L 24
94 0 L 24
95 0 U 88
96 1 L 33
97 0 U 93
98
0 0 L -1
1 1 L -1
2 1 U -1
3 0 L -1
4 0 L -1
5 0 L 3
6 0 U 0
7 1 U -1
8 1 U 2
9 0 U 0
10 0 L 4
11 1 U 0
12 0 L 9
13 0 L 10
14 0 L -1
15 1 U 6
16 1 L -1
17 0 U -1
18 0 L 16
19 0 L 13
20 0 U 0
21 1 U 17
22 1 U 10
23 1 U 9
24 1 U -1
25 1 U -1
26 1 L 18
27 0 U 0
28 1 U 15
29 0 L 8
30 0 U 9
31 1 L 30
32 1 U 19
33 0 L 27
34 0 U 33
35 0 U 26
36 0 U 19
37 0 L 9
38 1 L 13
39 1 L 34
40 1 U 39
41 0 U 24
42 0 U 8
43 1 U 41
44 0 U 39
45 1 L 35
46 0 L 37
47 0 L 45
48 1 L 44
49 0 U 31
50 1 U 14
51 0 L 35
52 0 U 24
53 1 L 34
54 0 U 43
55 1 U 0
56 0 U 36
57 0 U 15
58 1 U 54
59 0 L -1
60 1 L 30
61 1 L 56
62 0 L 33
63 1 U 61
64 0 L -1
65 0 U 56
66 1 U 39
67 0 L 61
68 1 L 67
69 0 U 57
70 1 L 11
71 1 U -1
72 0 L 37
73 0 L -1
74 1 L 67
75 0 L 8
76 0 U 41
77 1 U 23
78 0 U 51
79 1 U 37
80 1 U 73
81 0 L 37
82 1 U 74
83 0 L 80
84 0 U 74
85 1 L 18
86 0 L 56
87 0 L -1
88 1 U 39
89 0 U -1
90 0 U 37
91 1 L 31
92 0 L 87
93 1 L 24
94 0 L 24
95 0 U 88
96 1 L 33
97 1 U 93
98
0 0 L -1
1 1 L -1
2 1 U -1
3 0 L -1
4 0 L -1
5 0 L 3
6 0 U 0
7 1 U -1
8 1 U 2
9 0 U 0
10 0 L 4
11 1 U 0
12 0 L 9
13 0 L 10
14 0 L -1
15 1 U 6
16 1 L -1
17 0 U -1
18 0 L 16
19 0 L 13
20 0 U 0
21 1 U 8
22 1 U 10
23 1 U 9
24 1 U -1
25 1 U -1
26 1 L 18
27 0 U 0
28 1 U 15
29 0 L 8
30 0 U 9
31 1 L 24
32 1 U 19
33 0 L 27
34 0 U 33
35 0 U 26
36 0 U 19
37 0 L 9
38 1 L 13
39 1 L 27
40 1 U 39
41 0 U 24
42 0 U 8
43 1 U 41
44 0 U 39
45 1 L 35
46 0 L 37
47 0 L 45
48 1 L 43
49 0 U 31
50 1 U 14
51 1 L 35
52 0 U 24
53 1 L 34
54 0 U 43
55 1 U 24
56 0 U 36
57 0 U 15
58 1 U 54
59 0 L -1
60 1 L 30
61 1 L 56
62 0 L 33
63 1 U 61
64 0 L -1
65 0 U 56
66 1 U 39
67 0 L 61
68 1 L 67
69 0 U 57
70 1 L 11
71 1 U -1
72 0 L 37
73 0 L -1
74 1 L 67
75 0 L 8
76 0 U 41
77 1 U 23
78 0 U 51
79 1 U 37
80 1 U 73
81 0 L 37
82 1 U 74
83 0 L 78
84 0 U 60
85 0 L 18
86 0 L 56
87 0 L -1
88 1 U 69
89 0 U -1
90 0 U 37
91 0 L 31
92 0 L 87
93 0 L 24
94 0 L 24
95 0 U 88
96 1 L 33
97 0 U 60
98
0 0 L -1
1 1 L -1
2 1 U -1
3 0 L -1
4 0 L -1
5 0 L 3
6 0 U 0
7 1 U -1
8 1 U 2
9 0 U 0
10 0 L 4
11 1 U 0
12 0 L 9
13 0 L 10
14 0 L -1
15 1 U 6
16 1 L -1
17 0 U -1
18 0 L 16
19 0 L 13
20 0 U 0
21 1 U 8
22 1 U 10
23 1 U 9
24 1 U -1
25 1 U -1
26 1 L 18
27 0 U 0
28 1 U 15
29 0 L 8
30 0 U 9
31 1 L 24
32 1 U 19
33 0 L 27
34 0 U 33
35 0 U 26
36 0 U 19
37 0 L 9
38 0 L 13
39 1 L 27
40 1 U 39
41 0 U 24
42 0 U 8
43 1 U 41
44 1 U 39
45 1 L 35
46 0 L 37
47 0 L 45
48 1 L 43
49 0 U 8
50 1 U 14
51 1 L 35
52 0 U 24
53 0 L 11
54 0 U 43
55 1 U 24
56 0 U 47
57 0 U 15
58 1 U 49
59 0 L -1
60 1 L 30
61 1 L 56
62 0 L 33
63 1 U 61
64 0 L -1
65 0 U 56
66 1 U 39
67 0 L 61
68 1 L 67
69 0 U 57
70 1 L 11
71 1 U -1
72 0 L 37
73 0 L -1
74 1 L 67
75 0 L 8
76 0 U 41
77 1 U 23
78 0 U 51
79 1 U 37
80 1 L 73
81 0 L 37
82 1 U 74
83 0 L 78
84 0 U 46
85 1 L 60
86 0 L 56
87 0 L -1
88 1 U 69
89 0 U -1
90 0 U 37
91 0 L 31
92 1 L 87
93 1 L 24
94 0 L 24
95 0 U 88
96 1 L 33
97 1 U 38
98
0 0 U -1
1 1 L -1
2 1 U -1
3 0 L -1
4 0 L -1
5 0 L 3
6 0 U 0
7 1 U -1
8 0 U 2
9 0 U 0
10 0 L 4
11 1 U 0
12 0 L 9
13 0 L 10
14 0 L -1
15 1 U 6
16 1 L -1
17 0 U -1
18 0 L 16
19 0 L 13
20 0 U 0
21 0 U 1
22 1 U 10
23 1 U 8
24 1 U -1
25 1 U -1
26 1 L 18
27 0 U 0
28 1 U 15
29 0 L 8
30 0 U 4
31 1 L 24
32 1 U 19
33 0 L 27
34 0 U 33
35 0 U 18
36 0 U 19
37 0 L 9
38 0 L 13
39 1 L 27
40 1 U 39
41 0 U 24
42 0 U 8
43 1 U 41
44 0 U 39
45 1 L 35
46 0 L 37
47 0 L 45
48 0 L 40
49 0 U 8
50 1 U 14
51 0 L 35
52 0 U 24
53 0 L 11
54 0 U 43
55 1 U 17
56 0 U 47
57 0 U 15
58 1 U 49
59 0 L -1
60 1 L 30
61 1 L 56
62 0 L 33
63 1 L 61
64 0 L -1
65 0 U 56
66 1 U 39
67 0 L 61
68 1 L 67
69 0 U 57
70 1 L 11
71 1 U -1
72 0 L 42
73 0 L -1
74 1 L 67
75 0 L 8
76 0 U 41
77 1 U 23
78 0 U 51
79 1 U 37
80 0 L 73
81 0 L 37
82 1 U 74
83 1 L 79
84 0 U 46
85 1 L 60
86 0 L 56
87 0 L -1
88 1 U 69
89 0 U -1
90 0 U 37
91 0 L 31
92 0 L 87
93 0 L 75
94 1 L 24
95 0 U 88
96 1 L 33
97 0 U 38
98
0 0 L -1
1 1 L -1
2 1 U -1
3 0 L -1
4 0 L -1
5 0 L 1
6 0 U 0
7 1 U -1
8 0 U 2
9 0 U 0
10 0 L 4
11 1 U 0
12 0 L 9
13 0 L 10
14 1 L -1
15 1 U 6
16 1 L -1
17 0 U -1
18 0 L 16
19 0 L 13
20 0 U 17
21 0 U 11
22 1 U 10
23 1 U 8
24 1 U -1
25 1 U -1
26 1 L 18
27 0 U 0
28 1 U 15
29 0 L 8
30 0 U 4
31 1 L 24
32 1 U 10
33 0 L 27
34 0 U 33
35 0 U 18
36 0 U 19
37 0 L 9
38 0 L 29
39 1 L 27
40 1 U 39
41 0 U 24
42 0 U 21
43 1 U 41
44 0 U 39
45 1 L 35
46 0 L 37
47 1 L 45
48 1 L 40
49 0 U 21
50 1 U 14
51 0 L 35
52 0 U 24
53 0 L 11
54 0 U 43
55 1 U 17
56 0 U 36
57 0 U 15
58 1 U 49
59 0 L -1
60 1 L 30
61 1 L 56
62 0 L 33
63 1 L 61
64 0 L -1
65 0 U 56
66 1 U 39
67 0 L 61
68 1 L 67
69 0 U 57
70 1 L 11
71 1 U -1
72 1 L 62
73 0 L -1
74 1 L 67
75 0 L 8
76 0 U 41
77 1 L 73
78 0 U 51
79 1 U 37
80 0 L 73
81 0 L 37
82 1 U 74
83 0 L 65
84 0 U 46
85 1 L 60
86 1 L 56
87 0 L -1
88 1 U 69
89 0 U -1
90 0 U 37
91 0 L 31
92 1 L 87
93 1 L 75
94 1 L 24
95 0 U 88
96 1 L 59
97 1 U 38
98
0 0 L -1
1 1 L -1
2 1 U -1
3 0 L -1
4 0 L -1
5 0 L 1
6 0 U 0
7 1 U -1
8 1 U 2
9 0 U 0
10 0 L 4
11 1 U 0
12 0 L 9
13 0 L 10
14 1 L -1
15 1 U 6
16 1 L -1
17 0 U -1
18 0 L 4
19 0 L 13
20 0 U 0
21 0 U 11
22 1 U 10
23 1 U 21
24 1 U -1
25 1 U -1
26 1 L 18
27 0 U 0
28 1 U 2
29 0 L 8
30 0 U 4
31 1 L 24
32 1 U 10
33 0 L 27
34 0 U 33
35 0 U 23
36 0 U 19
37 0 L 9
38 0 L 13
39 1 L 27
40 1 U 39
41 0 U 24
42 0 U 21
43 1 U 41
44 0 U 39
45 1 L 35
46 0 L 37
47 1 L 45
48 1 L 40
49 0 U 21
50 1 U 14
51 1 U 35
52 0 U 24
53 0 L 11
54 0 U 43
55 1 U -1
56 0 U 36
57 0 U 15
58 1 U 49
59 0 L -1
60 0 L 24
61 1 L 56
62 0 L 33
63 1 L 61
64 0 L -1
65 1 U 56
66 0 U 39
67 0 L 61
68 1 L 67
69 0 U 57
70 1 L 11
71 1 U -1
72 0 L 62
73 0 L -1
74 1 L 67
75 0 L 8
76 0 U 41
77 0 L 73
78 0 U 37
79 1 U 37
80 1 U 73
81 0 L 37
82 0 U 74
83 0 L 65
84 0 U 46
85 1 L 60
86 0 L 72
87 0 L -1
88 1 U 69
89 0 U -1
90 0 U 37
91 0 L 36
92 1 L 87
93 0 L 75
94 1 L 24
95 0 U 88
96 1 L 59
97 0 L 45
98
0 0 U -1
1 1 L -1
2 1 U -1
3 0 L -1
4 0 L -1
5 0 L 1
6 0 U 0
7 1 U -1
8 0 U 2
9 0 U 0
10 0 L 4
11 1 U 0
12 0 L 9
13 0 L 7
14 1 L -1
15 1 U 6
16 1 L -1
17 0 U -1
18 0 L 4
19 0 L 13
20 0 U 0
21 0 U 11
22 1 U 10
23 1 U 21
24 1 U -1
25 1 U -1
26 1 L 18
27 0 U 0
28 1 U 2
29 0 L 8
30 0 U 4
31 1 L 24
32 1 U 30
33 1 L 27
34 0 U 33
35 0 U 23
36 0 U 19
37 0 L 9
38 0 L 22
39 1 L 27
40 1 U 39
41 0 U 24
42 0 U 33
43 0 U 15
44 0 U 39
45 1 L 35
46 0 L 37
47 1 L 45
48 1 L 40
49 0 U 21
50 1 U 14
51 1 U 35
52 0 U 24
53 0 L 11
54 0 U 43
55 1 U -1
56 0 U 36
57 0 U 15
58 1 U 49
59 0 L -1
60 1 L 24
61 1 L 56
62 0 L 28
63 1 L 61
64 0 L -1
65 0 U 56
66 1 U 39
67 0 L 61
68 1 L 67
69 0 U 57
70 1 L 11
71 1 U -1
72 0 L 62
73 0 L -1
74 1 L 67
75 0 L 8
76 0 U 41
77 0 L 73
78 0 U 37
79 1 U 37
80 1 U 79
81 0 L 37
82 0 U 74
83 1 L 61
84 0 U 46
85 1 L 60
86 0 L 72
87 0 L -1
88 1 U 69
89 0 U -1
90 0 U 37
91 1 L 36
92 1 L 87
93 1 L 23
94 1 L 24
95 0 U 47
96 1 L 59
97 0 L 45
98
0 0 U -1
1 1 L -1
2 1 U -1
3 0 L -1
4 0 L -1
5 0 L 3
6 0 U 0
7 1 U -1
8 0 U 2
9 0 U 0
10 0 L 4
11 1 U 0
12 0 L 9
13 0 L 7
14 1 L -1
15 1 U 6
16 1 L -1
17 0 U -1
18 0 L 4
19 0 L 13
20 0 U 0
21 0 U 11
22 1 U 10
23 1 U 9
24 1 U -1
25 1 U -1
26 1 L 18
27 0 U 0
28 1 U 2
29 1 L 8
30 0 U 4
31 1 L 24
32 1 U 30
33 1 L 27
34 0 U 33
35 0 U 34
36 0 U 19
37 0 L 9
38 0 L 22
39 1 L 27
40 1 U 39
41 0 U 24
42 0 U 33
43 1 U 15
44 0 U 39
45 1 L 35
46 0 L 37
47 1 L 45
48 1 L 40
49 0 U 21
50 1 U 14
51 1 L 15
52 0 U 24
53 0 L 38
54 0 U 31
55 1 U -1
56 0 U 36
57 0 U 15
58 1 U 49
59 0 L -1
60 0 L 24
61 1 L 56
62 0 L 28
63 1 L 61
64 0 L -1
65 0 U 56
66 1 U 39
67 0 L 61
68 1 L 67
69 0 U 57
70 1 L 11
71 1 U -1
72 0 L 62
73 0 L -1
74 1 L 67
75 1 L 8
76 0 U 15
77 1 L 73
78 0 U 37
79 1 U 37
80 1 U 79
81 0 L 37
82 0 U 74
83 1 L 78
84 0 U 46
85 1 L 60
86 0 L 72
87 0 L -1
88 1 U 69
89 0 U -1
90 0 U 37
91 0 L 36
92 0 L 87
93 1 L 18
94 1 L 24
95 0 U 47
96 1 L 13
97 1 L 92
98
0 0 U -1
1 1 L -1
2 1 U -1
3 0 L -1
4 0 L -1
5 0 L 3
6 0 U 0
7 1 U -1
8 0 U 2
9 0 U 0
10 0 L 4
11 1 U 0
12 0 L 9
13 0 L 7
14 1 L -1
15 1 U 6
16 1 L -1
17 0 U -1
18 0 L 4
19 0 L 13
20 0 U 0
21 0 U 11
22 1 U 10
23 1 U 9
24 1 U -1
25 1 U -1
26 1 L 18
27 0 U 0
28 1 U 2
29 1 L 8
30 0 U 4
31 1 L 24
32 0 U 30
33 1 L 27
34 0 U 33
35 0 U 19
36 0 U 19
37 0 L 9
38 0 L 22
39 1 L 27
40 1 U 39
41 0 U 24
42 0 U 33
43 0 U 15
44 0 U 39
45 1 L 35
46 0 L 37
47 1 L 45
48 1 L 40
49 0 U 21
50 1 U 14
51 0 U 15
52 0 U 24
53 0 L 38
54 0 U 31
55 1 U -1
56 0 U 36
57 0 U 15
58 1 U 49
59 0 L -1
60 0 L 24
61 1 L 56
62 0 L 28
63 1 L 61
64 0 L -1
65 1 U 56
66 0 U 39
67 0 L 61
68 1 L 67
69 0 U 57
70 1 L 11
71 1 U -1
72 0 L 62
73 0 L -1
74 1 L 67
75 1 L 8
76 0 U 15
77 1 U 73
78 0 U 37
79 1 U 37
80 1 U 79
81 0 L 37
82 0 U 74
83 0 L 11
84 0 U 46
85 1 L 60
86 0 L 72
87 0 L -1
88 1 U 69
89 0 U -1
90 0 U 37
91 1 L 36
92 1 L 87
93 0 L 18
94 1 L 24
95 0 U 47
96 1 L 13
97 1 L 92
98
0 0 L -1
1 1 L -1
2 1 U -1
3 0 L -1
4 0 L -1
5 0 L 3
6 0 U 0
7 1 U -1
8 0 U 2
9 0 U 0
10 0 L 4
11 1 U 0
12 0 L 9
13 0 L 7
14 1 L -1
15 1 U 6
16 1 L -1
17 0 U -1
18 0 L 0
19 0 L 13
20 0 U 0
21 0 U 11
22 1 U 10
23 1 U 11
24 1 U -1
25 1 U -1
26 1 L 18
27 0 U 0
28 1 U 2
29 0 L 8
30 0 U 4
31 1 L 24
32 0 U 30
33 0 L 27
34 0 U 33
35 0 U 19
36 0 U 19
37 0 L 9
38 0 L 22
39 1 L 27
40 1 U 39
41 0 U 24
42 0 U 33
43 0 U 15
44 1 U 39
45 1 L 35
46 0 L 37
47 1 L 45
48 1 L 40
49 0 U 8
50 1 U 38
51 0 U 2
52 0 U 24
53 1 L 38
54 0 U 31
55 1 U -1
56 0 U 36
57 0 U 15
58 1 U 49
59 0 L -1
60 0 L 24
61 1 L 56
62 0 L 28
63 1 L 61
64 0 L -1
65 0 U 64
66 1 U 39
67 0 L 61
68 1 L 67
69 0 U 57
70 1 L 11
71 1 U -1
72 0 L 11
73 0 L -1
74 1 L 67
75 0 L 8
76 0 U 15
77 1 U 73
78 0 U 37
79 1 U 37
80 1 U 79
81 0 L 37
82 0 U 74
83 1 L 67
84 0 U 46
85 1 L 60
86 0 L 72
87 0 L -1
88 1 U 69
89 0 U -1
90 0 U 37
91 0 L 36
92 1 L 87
93 1 L 18
94 1 L 24
95 0 U 16
96 0 L 13
97 0 L 6
98
0 0 L -1
1 1 L -1
2 1 U -1
3 0 L -1
4 0 L -1
5 0 L 3
6 0 U 0
7 1 U -1
8 0 U 2
9 0 U 0
10 0 L 4
11 1 U 0
12 0 L 9
13 0 L 7
14 1 L -1
15 1 U 6
16 1 L -1
17 0 U -1
18 0 L 0
19 0 L 13
20 0 U 0
21 1 U 20
22 1 U 10
23 1 U 3
24 1 U -1
25 1 U -1
26 1 L 18
27 0 U 0
28 1 U 2
29 0 L 8
30 0 U 4
31 1 L 24
32 0 U 30
33 0 L 27
34 0 U 33
35 0 U 19
36 0 U 19
37 0 L 9
38 0 L 22
39 1 L 34
40 1 U 39
41 0 U 24
42 0 U 31
43 1 U 15
44 1 U 39
45 1 L 35
46 0 L 37
47 1 L 45
48 1 L 40
49 0 U 8
50 1 U 38
51 1 U 23
52 0 U 24
53 0 L 38
54 0 U 27
55 1 U -1
56 0 U 36
57 0 U 15
58 1 U 49
59 0 L -1
60 0 L 24
61 1 L 56
62 0 L 28
63 1 L 61
64 0 L -1
65 0 U 64
66 1 U 39
67 0 L 61
68 1 L 67
69 0 U 57
70 1 L 11
71 1 U -1
72 0 L 11
73 0 L -1
74 1 L 67
75 1 L 8
76 0 U 15
77 0 L 73
78 0 U 37
79 0 U 37
80 0 L 79
81 0 L 37
82 1 U 74
83 1 L 67
84 0 U 46
85 1 L 60
86 0 L 72
87 0 L -1
88 1 U 5
89 0 U -1
90 0 U 37
91 1 L 36
92 0 L 87
93 0 L 18
94 1 L 24
95 0 U 16
96 0 U 13
97 1 L 6
98
0 0 L -1
1 1 L -1
2 1 U -1
3 0 L -1
4 0 L -1
5 0 L 3
6 0 U 0
7 1 U -1
8 0 U 2
9 0 U 0
10 0 L 4
11 1 U 0
12 0 L 9
13 0 L 7
14 1 L -1
15 1 U 6
16 1 L -1
17 0 U -1
18 0 L 0
19 0 L 13
20 0 U 17
21 1 U 20
22 1 U 10
23 1 U 3
24 1 U -1
25 1 U -1
26 1 L 18
27 0 U 0
28 1 U 2
29 0 L 8
30 0 U 4
31 1 L 24
32 0 U 30
33 1 L 27
34 0 U 33
35 0 U 19
36 0 U 19
37 0 L 9
38 0 L 22
39 1 L 34
40 1 U 39
41 0 U 24
42 0 U 31
43 1 U 15
44 1 U 39
45 1 L 35
46 0 L 15
47 1 L 45
48 0 L 40
49 0 U 8
50 1 U 37
51 1 U 23
52 0 U 24
53 0 L 38
54 0 U 27
55 1 U -1
56 0 U 36
57 0 U 15
58 1 U 49
59 0 L -1
60 0 L 24
61 1 L 56
62 0 L 35
63 1 L 61
64 0 L -1
65 1 U 46
66 0 U 39
67 0 L 61
68 1 L 67
69 0 U 57
70 1 L 11
71 1 U -1
72 0 L 11
73 0 L -1
74 1 L 67
75 0 L 8
76 0 U 15
77 0 L 73
78 0 U 37
79 0 U 37
80 1 L 79
81 0 L 37
82 1 U 73
83 1 L 67
84 0 U 46
85 0 L 60
86 0 L 72
87 0 L -1
88 1 U 5
89 0 U -1
90 0 U 37
91 1 U 63
92 0 L 87
93 0 L 18
94 1 L 86
95 0 U 16
96 0 U 13
97 0 L 6
98
0 0 L -1
1 1 L -1
2 1 U -1
3 0 L -1
4 0 L -1
5 0 L 3
6 0 U 0
7 1 U -1
8 0 U 2
9 0 U 0
10 0 L 4
11 1 U 0
12 0 L 9
13 0 L 7
14 0 L -1
15 1 U 6
16 1 L -1
17 0 U -1
18 0 L 0
19 0 L 13
20 0 U 17
21 0 U 6
22 1 U 10
23 1 U 3
24 1 U -1
25 1 U -1
26 1 L 18
27 0 U 0
28 1 U 2
29 1 L 8
30 0 U 4
31 1 L 24
32 0 U 30
33 1 L 27
34 0 U 33
35 0 U 19
36 0 U 19
37 0 L 9
38 0 L 22
39 1 L 27
40 1 U 39
41 0 U 24
42 0 U 31
43 1 U 15
44 0 U 39
45 1 L 35
46 0 L 15
47 1 L 45
48 0 L 40
49 0 U 8
50 1 U 37
51 1 U 30
52 0 U 24
53 0 L 38
54 0 U 27
55 1 U -1
56 0 U 36
57 0 U 15
58 1 U 49
59 0 L -1
60 0 L 53
61 1 L 56
62 0 L 35
63 1 L 61
64 0 L -1
65 1 U 12
66 0 U 39
67 0 L 61
68 1 L 67
69 0 U 57
70 1 L 11
71 1 U -1
72 0 L 11
73 0 L -1
74 0 L 67
75 0 L 8
76 0 U 15
77 0 L 59
78 0 U 37
79 0 U 37
80 1 L 79
81 0 L 37
82 1 U 73
83 1 L 52
84 0 U 46
85 0 L 55
86 0 L 72
87 0 L -1
88 1 U 5
89 0 U -1
90 0 U 37
91 1 U 63
92 0 L 87
93 0 L 18
94 1 L 86
95 0 U 16
96 0 L 13
97 1 L 6
98
0 0 U -1
1 1 L -1
2 1 U -1
3 0 L -1
4 0 L -1
5 0 L 3
6 0 U 0
7 1 U -1
8 1 U 2
9 0 U 0
10 0 L 4
11 1 U 0
12 0 L 9
13 0 L 7
14 0 L -1
15 1 U 6
16 1 L -1
17 0 U -1
18 0 L 0
19 0 L 13
20 0 U 17
21 0 U 6
22 1 U 10
23 1 U 21
24 1 U -1
25 1 U -1
26 1 L 18
27 0 U 0
28 1 U 2
29 0 L 8
30 0 U 4
31 1 L 24
32 0 U 30
33 1 L 27
34 0 U 33
35 0 U 19
36 0 U 19
37 0 L 9
38 0 L 20
39 1 L 27
40 1 U 39
41 0 U 24
42 0 U 31
43 1 U 15
44 0 U 39
45 1 L 35
46 0 L 15
47 1 L 45
48 0 L 40
49 0 U 8
50 1 U 37
51 1 U 21
52 0 U 24
53 1 L 38
54 0 U 27
55 1 U -1
56 0 U 36
57 0 U 15
58 1 U 49
59 0 L -1
60 0 L 53
61 1 L 56
62 0 L 35
63 1 L 61
64 0 L -1
65 1 U 12
66 1 U 39
67 0 L 61
68 1 L 67
69 0 U 57
70 1 L 11
71 1 U -1
72 0 L 11
73 0 L -1
74 0 L 67
75 0 L 8
76 0 U 15
77 0 L 35
78 0 U 37
79 0 U 37
80 0 L 79
81 0 L 37
82 1 U 73
83 0 L 43
84 0 U 46
85 0 L 55
86 0 L 72
87 0 L -1
88 1 U 67
89 0 U -1
90 0 U 37
91 1 U 63
92 1 L 87
93 0 L 18
94 1 L 86
95 0 U 16
96 0 U 13
97 0 L 6
98
0 0 U -1
1 1 L -1
2 1 U -1
3 0 L -1
4 0 L -1
5 0 L 3
6 0 U 0
7 1 U -1
8 0 U 2
9 0 U 0
10 0 L 4
11 1 U 0
12 0 L 9
13 0 L 7
14 1 L -1
15 1 U 6
16 1 L -1
17 0 U -1
18 0 L 0
19 0 L 13
20 0 U 17
21 1 U 6
22 1 U 10
23 1 U 11
24 1 U -1
25 1 U -1
26 1 L 18
27 0 U 0
28 1 U 2
29 1 L 8
30 0 U 4
31 1 L 24
32 0 U 30
33 1 L 27
34 0 U 33
35 0 U 19
36 0 U 19
37 0 L 9
38 0 L 20
39 1 L 27
40 1 U 39
41 0 U 24
42 0 U 31
43 1 U 15
44 0 U 34
45 1 L 35
46 0 L 15
47 1 L 45
48 0 L 40
49 0 U 8
50 1 U 37
51 1 U 21
52 0 U 24
53 0 L 38
54 0 U 27
55 1 U -1
56 0 U 36
57 0 U 15
58 1 U 49
59 0 L -1
60 0 L 24
61 1 L 56
62 0 L 35
63 1 L 61
64 0 L -1
65 1 U 12
66 0 U 39
67 0 L 61
68 1 L 67
69 0 U 57
70 1 L 11
71 1 U -1
72 0 L 11
73 0 L -1
74 1 L 67
75 0 L 8
76 0 U 8
77 0 L 33
78 0 U 37
79 0 U 46
80 1 U 79
81 0 L 37
82 1 U 73
83 1 L 6
84 1 U 46
85 0 L 51
86 0 L 72
87 0 L -1
88 1 U 67
89 0 U -1
90 0 U 37
91 1 U 63
92 1 L 87
93 0 L 7
94 1 L 86
95 0 U 16
96 0 U 13
97 1 L 6
98
0 0 L -1
1 1 L -1
2 1 U -1
3 0 L -1
4 0 L -1
5 0 L 1
6 0 U 0
7 1 U -1
8 0 U 2
9 0 U 0
10 0 L 4
11 1 U 0
12 0 L 9
13 0 L 7
14 1 L -1
15 1 U 6
16 1 L -1
17 0 U -1
18 0 L 0
19 0 L 13
20 0 U 17
21 1 U 6
22 1 U 10
23 1 U 20
24 1 U -1
25 1 U -1
26 1 L 18
27 0 U 0
28 1 U 2
29 1 L 8
30 0 U 4
31 1 L 24
32 0 U 30
33 1 L 27
34 0 U 33
35 0 U 22
36 0 U 19
37 0 L 9
38 0 L 20
39 1 L 27
40 1 U 39
41 0 U 24
42 0 U 8
43 0 U 15
44 1 U 34
45 1 L 35
46 0 L 15
47 1 L 45
48 0 L 40
49 0 U 8
50 1 U 37
51 0 U 41
52 0 U 24
53 1 L 38
54 0 U 27
55 1 U -1
56 0 U 36
57 0 U 15
58 1 U 49
59 0 L -1
60 0 L 24
61 1 L 56
62 0 L 35
63 1 L 61
64 0 L -1
65 1 U 12
66 1 U 39
67 0 L 61
68 1 L 67
69 0 U 57
70 1 L 11
71 1 U -1
72 0 L 11
73 0 L -1
74 0 L 67
75 0 L 8
76 0 U 8
77 0 L 33
78 0 U 37
79 0 U 46
80 1 U 50
81 0 L 37
82 1 L 73
83 0 L 60
84 1 U 46
85 0 L 39
86 0 L 72
87 0 L -1
88 1 U 67
89 0 U -1
90 0 U 37
91 1 L 63
92 1 L 87
93 1 L 7
94 1 L 86
95 0 U 16
96 0 U 13
97 0 L 6
98
0 0 L -1
1 1 L -1
2 1 U -1
3 0 L -1
4 0 L -1
5 0 L 3
6 0 U 0
7 1 U -1
8 0 U 2
9 0 U 0
10 0 L 4
11 1 U 0
12 0 L 9
13 0 L 7
14 1 L -1
15 1 U 6
16 1 L -1
17 0 U -1
18 0 L 0
19 0 L 13
20 0 U 17
21 0 U 2
22 1 U 10
23 1 U 20
24 1 U -1
25 1 U -1
26 1 L 18
27 0 U 0
28 1 U 15
29 1 L 8
30 0 U 4
31 0 L 2
32 1 U 30
33 1 L 27
34 0 U 33
35 0 U 19
36 0 U 19
37 0 L 9
38 0 L 20
39 1 L 27
40 1 U 39
41 0 U 24
42 0 U 8
43 1 U 15
44 0 U 34
45 1 L 35
46 0 L 15
47 0 L 45
48 0 L 40
49 0 U 8
50 1 U 37
51 0 U 41
52 0 U -1
53 1 L 38
54 0 U 27
55 1 U -1
56 0 U 36
57 0 U 15
58 1 U 49
59 0 L -1
60 0 L 24
61 1 L 56
62 0 L 60
63 1 L 61
64 0 L 60
65 1 U 54
66 1 U 39
67 0 L 61
68 1 L 67
69 0 U 57
70 1 L 11
71 1 U -1
72 0 L 11
73 0 L -1
74 1 L 67
75 0 L 5
76 0 U 33
77 0 L 33
78 0 U 37
79 0 U 46
80 1 U 70
81 0 L 37
82 1 L 73
83 0 U 60
84 0 U 46
85 0 L 39
86 0 L 72
87 0 L -1
88 1 U 67
89 0 U -1
90 0 U 37
91 1 U 63
92 0 L 87
93 1 L 7
94 1 L 86
95 0 U 26
96 0 U 12
97 0 L 6
98
0 0 L -1
1 1 L -1
2 1 U -1
3 0 L -1
4 0 L -1
5 0 L 3
6 0 U 0
7 1 U -1
8 0 U 2
9 0 U 0
10 0 L 4
11 1 U 0
12 0 L 9
13 0 L 7
14 0 L -1
15 1 U 6
16 1 L -1
17 0 U -1
18 0 L 0
19 0 L 13
20 0 U 17
21 0 L 2
22 1 U 10
23 1 U 11
24 1 U -1
25 1 U -1
26 1 L 18
27 0 U 7
28 1 U 15
29 1 L 8
30 0 U 4
31 1 L -1
32 0 U 30
33 0 L 27
34 0 U 33
35 0 U 19
36 0 U 19
37 0 L 9
38 0 L 20
39 1 L 27
40 1 U 39
41 0 U 24
42 0 U 8
43 1 U 15
44 0 U 34
45 1 L 35
46 0 L 15
47 0 L 45
48 0 L 40
49 0 U 43
50 1 U 37
51 0 U 12
52 0 U 24
53 1 L 38
54 0 U 25
55 1 U -1
56 0 U 36
57 0 U 15
58 1 U 49
59 0 L -1
60 0 L 24
61 1 L 56
62 0 L 60
63 1 L 61
64 0 L 60
65 1 U 54
66 0 U 39
67 0 L 61
68 1 L 67
69 0 U 57
70 1 L 11
71 1 U -1
72 0 L 11
73 0 L -1
74 1 L 67
75 0 L 5
76 0 U 33
77 0 L 35
78 0 U 37
79 0 U 46
80 1 U 70
81 0 L 37
82 1 L 73
83 1 U 60
84 1 U 46
85 0 L 39
86 0 L 72
87 0 L -1
88 1 L 67
89 0 U -1
90 0 U 37
91 1 U 63
92 1 L 87
93 0 L 7
94 1 L 86
95 0 U 26
96 0 U 12
97 1 L 6
98
0 0 L -1
1 1 L -1
2 1 U -1
3 0 L -1
4 0 L -1
5 0 L 3
6 0 U 0
7 1 U -1
8 0 U 2
9 0 U 0
10 0 L 4
11 1 U 0
12 0 L 9
13 0 L 7
14 0 L -1
15 1 U 6
16 1 L -1
17 0 U -1
18 0 L 0
19 0 L 13
20 0 U 17
21 0 U 2
22 1 U 10
23 1 U 11
24 1 U -1
25 1 U -1
26 1 L 18
27 0 U 0
28 1 U 15
29 0 L 8
30 0 U 4
31 1 L -1
32 1 U 30
33 0 L 27
34 0 U 33
35 0 U 19
36 0 U 19
37 0 L 9
38 0 L 20
39 1 L 27
40 1 U 39
41 0 U 24
42 0 U 8
43 0 U 15
44 0 U 34
45 1 L 35
46 0 L 15
47 0 L 45
48 0 L 40
49 0 U 43
50 1 U 37
51 0 U 39
52 0 U 24
53 1 L 38
54 0 U 21
55 1 U -1
56 0 U 36
57 0 U 15
58 1 U 42
59 0 L -1
60 0 L 24
61 1 L 56
62 0 L 60
63 1 L 61
64 0 L 60
65 1 U 54
66 0 U 39
67 0 L 61
68 1 L 67
69 0 U 57
70 1 L 11
71 1 U -1
72 0 L 11
73 0 L -1
74 1 L 67
75 1 L 73
76 0 U 33
77 0 L 35
78 0 U 37
79 0 U 46
80 1 U 70
81 0 L 37
82 1 L 73
83 1 U 60
84 1 U 46
85 0 L 8
86 0 L 72
87 1 L -1
88 1 L 67
89 0 U -1
90 0 U 37
91 1 U 13
92 0 L 87
93 1 L 7
94 1 L 86
95 0 U 10
96 0 U 48
97 0 L 6
98
0 0 L -1
1 1 L -1
2 1 U -1
3 0 L -1
4 0 L -1
5 0 L 3
6 0 U 0
7 1 U -1
8 0 U 2
9 0 U 0
10 0 L 4
11 1 U 0
12 0 L 9
13 0 L 10
14 1 L -1
15 1 U 6
16 1 L -1
17 0 U -1
18 0 L 4
19 0 L 13
20 0 U 17
21 1 U 2
22 1 U 10
23 1 U 11
24 1 U -1
25 1 U -1
26 1 L 18
27 0 U 0
28 1 U 25
29 1 L 5
30 0 U 4
31 1 L 5
32 1 U 30
33 1 U 27
34 0 U 33
35 0 U 19
36 0 U 19
37 0 L 9
38 0 L 20
39 1 L 27
40 1 U 39
41 0 U 24
42 0 U 8
43 1 U 15
44 0 U 34
45 1 L 35
46 0 L 15
47 0 L 45
48 0 L 40
49 0 U 43
50 1 U 37
51 1 U 31
52 0 U 24
53 1 L 30
54 0 U 21
55 1 U -1
56 0 U 36
57 0 U 15
58 1 U 42
59 0 L -1
60 0 L 24
61 1 L 56
62 0 L 60
63 1 L 61
64 0 L 60
65 1 U 54
66 1 U 39
67 0 L 61
68 1 L 67
69 0 U 57
70 1 L 11
71 1 U -1
72 0 L 11
73 0 L -1
74 1 L 67
75 0 L 73
76 0 U 25
77 0 L 34
78 0 U 37
79 0 U 46
80 1 U 70
81 0 L 37
82 0 L 73
83 1 U 60
84 1 U 46
85 0 L 8
86 0 L 72
87 0 L -1
88 1 L 67
89 0 U -1
90 0 U 37
91 1 U 13
92 1 L 87
93 0 L 7
94 1 L 86
95 0 U 10
96 0 U 48
97 0 L 29
98
0 0 L -1
1 1 L -1
2 1 U -1
3 0 L -1
4 0 L -1
5 0 L 3
6 0 U 0
7 1 U -1
8 1 U 2
9 0 U 0
10 0 L 4
11 1 U 0
12 0 L 9
13 0 L 10
14 0 L -1
15 1 U 6
16 1 L -1
17 0 U -1
18 0 L 16
19 0 L 13
20 0 U 17
21 0 U 9
22 1 U 10
23 1 U 11
24 1 U -1
25 1 U -1
26 1 L 18
27 0 U 0
28 1 U 25
29 0 L 5
30 0 U 4
31 1 L 5
32 1 U 30
33 1 U 27
34 0 U 33
35 0 U 34
36 0 U 19
37 0 L 9
38 1 L 20
39 1 L 27
40 1 U 39
41 1 U -1
42 0 U 8
43 1 U 15
44 0 U 34
45 1 L 35
46 0 L 15
47 0 L 45
48 0 L 40
49 0 U 43
50 1 U 37
51 0 L 22
52 0 U 24
53 1 U 30
54 0 U 9
55 1 U 17
56 0 U 32
57 0 U 15
58 1 U 54
59 0 L -1
60 1 L 24
61 1 L 56
62 1 L 60
63 1 L 61
64 0 L 40
65 1 U 54
66 0 U 39
67 0 L 55
68 1 L 67
69 0 U 57
70 1 L 11
71 1 U -1
72 0 L 11
73 0 L -1
74 0 L 67
75 1 L 73
76 0 U 25
77 0 L 34
78 0 U 37
79 0 U 46
80 1 U 70
81 0 L 37
82 0 L 10
83 1 U 56
84 1 U 67
85 0 L 8
86 0 L 21
87 0 L -1
88 1 L 67
89 0 U -1
90 0 U 37
91 1 U 12
92 1 L 87
93 1 L 7
94 1 L 86
95 0 U 10
96 0 U 48
97 1 U 29
98
0 0 L -1
1 1 L -1
2 1 U -1
3 0 L -1
4 0 L -1
5 0 L 3
6 0 U 0
7 1 U -1
8 1 U 2
9 0 U 0
10 0 L 4
11 1 U 0
12 0 L 9
13 0 L 10
14 0 L -1
15 1 U 6
16 1 L -1
17 0 U -1
18 0 L 4
19 0 L 13
20 0 U 17
21 0 L 2
22 1 U 10
23 1 U 11
24 1 U -1
25 1 U -1
26 1 L 18
27 0 U 0
28 1 U 2
29 0 L 5
30 0 U 4
31 0 L 5
32 1 U 30
33 1 U 27
34 0 U 33
35 0 U 34
36 0 U 19
37 0 L 9
38 0 L 20
39 1 L 27
40 1 U 39
41 0 U -1
42 0 U 8
43 1 U 15
44 0 U 34
45 1 L 35
46 0 L 15
47 0 L 45
48 0 L 40
49 0 U 43
50 1 U 37
51 0 L 50
52 0 U 24
53 1 U 30
54 0 U 9
55 1 U 17
56 0 U 32
57 0 U 15
58 1 U 54
59 0 L -1
60 1 L 24
61 1 L 56
62 1 L 60
63 1 L 61
64 0 U 40
65 1 U 54
66 0 U 39
67 0 L 55
68 0 L 67
69 0 U 57
70 1 L 11
71 1 U -1
72 0 L 11
73 1 L -1
74 0 L 62
75 0 L 73
76 0 U 11
77 0 L 34
78 0 U 30
79 0 U 46
80 1 U 70
81 0 L 37
82 0 L 27
83 1 U 56
84 0 U 67
85 0 L 59
86 0 L 72
87 0 L -1
88 1 U 67
89 0 U -1
90 0 U 37
91 1 U 12
92 1 L 87
93 0 L 7
94 0 L 86
95 0 U 10
96 0 U 48
97 1 U 29
98
0 0 L -1
1 1 L -1
2 1 U -1
3 0 L -1
4 0 L -1
5 0 L 3
6 0 U 0
7 1 U -1
8 0 U 2
9 0 U 0
10 0 L 4
11 1 U 0
12 0 L 9
13 0 L 10
14 1 L -1
15 1 U 6
16 1 L -1
17 0 U -1
18 0 L 4
19 0 L 13
20 0 U 17
21 1 L 2
22 1 U 10
23 1 U 11
24 1 U -1
25 1 U -1
26 1 L 18
27 0 U 0
28 1 U 2
29 1 L 2
30 0 U 4
31 1 L 5
32 1 U 30
33 1 U 27
34 0 U 33
35 0 U 34
36 0 U 19
37 0 L 9
38 0 L 20
39 1 L 27
40 1 U 39
41 0 U -1
42 0 U 8
43 1 U 15
44 0 U 34
45 1 L 35
46 0 L 15
47 0 L 45
48 0 L 40
49 0 U 43
50 1 U 37
51 0 L 8
52 0 U 24
53 1 U 30
54 0 U 9
55 1 U 17
56 0 U 32
57 0 U 15
58 1 U 54
59 0 L -1
60 1 L 24
61 1 L 56
62 1 L 60
63 1 L 61
64 0 U 40
65 1 U 54
66 0 U 39
67 0 L 55
68 0 L 67
69 0 U 57
70 1 L 11
71 1 U -1
72 0 L 11
73 0 L -1
74 1 L 62
75 0 L 73
76 0 U 11
77 0 L 34
78 0 U 4
79 1 U 46
80 1 U 70
81 0 L 37
82 0 L 62
83 1 U 56
84 0 U 67
85 0 L 59
86 0 L 72
87 1 L -1
88 1 U 67
89 0 U -1
90 0 U 46
91 1 U 67
92 0 L 87
93 1 L 7
94 1 L 86
95 0 U 10
96 0 U 21
97 0 U 75
98
0 0 U -1
1 1 L -1
2 1 U -1
3 0 L -1
4 0 L -1
5 0 L 3
6 0 U 0
7 1 U -1
8 1 U 2
9 0 U 0
10 0 L 4
11 1 U 0
12 0 L 9
13 0 L 10
14 0 L -1
15 1 U 6
16 1 L -1
17 0 U -1
18 0 L 4
19 0 L 13
20 1 U 17
21 1 L 2
22 1 U 10
23 1 U 8
24 1 U -1
25 1 U -1
26 1 L 18
27 0 U 0
28 1 U 2
29 1 L 2
30 0 U 4
31 1 L 5
32 1 U 30
33 1 U 27
34 0 U 33
35 0 U 34
36 0 U 19
37 0 L 9
38 0 L 20
39 1 L 27
40 1 U 39
41 0 U -1
42 0 U 8
43 1 U 15
44 0 U 34
45 1 L 35
46 0 L 15
47 0 L 45
48 1 L 40
49 0 U 43
50 1 U 37
51 0 L 2
52 0 U 24
53 1 U 30
54 0 U 33
55 1 U 17
56 0 U 32
57 0 U 15
58 1 U 54
59 0 L -1
60 1 L 24
61 1 L 56
62 1 L 60
63 1 L 61
64 0 U 32
65 1 U 54
66 0 U 39
67 0 L 55
68 0 U 67
69 0 U 57
70 1 L 11
71 1 U -1
72 0 L 11
73 0 L -1
74 0 L 62
75 0 U 73
76 0 U 11
77 0 L 45
78 0 U 4
79 1 U 46
80 1 U 70
81 0 L 37
82 0 L 62
83 1 U 56
84 0 U 67
85 0 L 59
86 0 L 72
87 1 L -1
88 1 U 67
89 0 U -1
90 0 U 46
91 1 U 67
92 0 L 87
93 1 L 7
94 1 L 86
95 0 U 60
96 0 U 47
97 0 L 8
98
0 0 L -1
1 1 L -1
2 1 U -1
3 0 L -1
4 0 L -1
5 0 L 3
6 0 U 0
7 1 U -1
8 0 U 2
9 0 U 0
10 0 L 4
11 1 U 0
12 0 L 9
13 0 L 10
14 0 L -1
15 1 U 6
16 1 L -1
17 0 U -1
18 0 L 4
19 0 L 13
20 1 U 17
21 0 L 2
22 1 U 10
23 1 U 8
24 1 U -1
25 1 U -1
26 1 L 18
27 0 U 0
28 1 U 2
29 0 L 2
30 0 U 4
31 0 L 6
32 1 U 30
33 1 U 27
34 0 U 33
35 0 U 34
36 0 U 19
37 0 L 9
38 0 L 20
39 1 L 27
40 1 U 39
41 0 U -1
42 0 U 8
43 1 U 15
44 0 U 34
45 1 L 35
46 0 L 15
47 0 L 45
48 1 L 40
49 0 U 43
50 1 U 37
51 0 L 2
52 0 U 24
53 1 U 30
54 0 U 33
55 1 U 17
56 0 U 32
57 0 U 2
58 1 U 54
59 0 L -1
60 1 L 24
61 1 L 56
62 1 L 60
63 1 L 61
64 0 U 32
65 1 U 54
66 0 U 39
67 0 L 50
68 1 U 67
69 0 U 57
70 1 L 11
71 1 U -1
72 0 L 11
73 1 L -1
74 0 L 62
75 1 U 73
76 0 U 11
77 0 L 45
78 0 U 4
79 0 U -1
80 1 U 70
81 0 L 37
82 1 L 62
83 1 U 59
84 0 U 67
85 0 L 59
86 0 L 72
87 0 L -1
88 1 U 67
89 0 U -1
90 0 U 38
91 1 U 67
92 1 L 87
93 0 L 7
94 1 L 86
95 0 U 60
96 0 U 47
97 1 L 74
98
0 0 L -1
1 1 L -1
2 1 U -1
3 0 L -1
4 0 L -1
5 0 L 3
6 0 U 0
7 1 U -1
8 0 U 2
9 0 U 0
10 0 L 4
11 1 U 0
12 0 L 9
13 0 L 10
14 0 L -1
15 1 U 6
16 1 L -1
17 0 U -1
18 0 L 4
19 0 L 13
20 0 U 17
21 0 L 2
22 1 U 10
23 1 U 8
24 1 U -1
25 1 U -1
26 1 L 18
27 0 U 0
28 1 U 2
29 0 L 5
30 0 U 4
31 0 L 6
32 1 U 30
33 0 U 27
34 0 U 33
35 0 U 30
36 0 U 19
37 0 L 9
38 1 L 22
39 1 L 27
40 1 U 39
41 0 U -1
42 0 U 8
43 1 U 15
44 0 U 34
45 1 L 35
46 0 L 15
47 0 L 45
48 1 L 40
49 0 U 33
50 1 U 37
51 0 L 45
52 0 U 24
53 1 U 30
54 0 U 33
55 1 U 24
56 0 U 32
57 0 U 2
58 1 U 54
59 0 L -1
60 1 L 24
61 1 L 56
62 1 L 60
63 1 L 61
64 1 U 32
65 1 U 54
66 1 U 39
67 0 L 50
68 0 U 67
69 0 U 57
70 1 L 11
71 1 U -1
72 0 L 11
73 1 L -1
74 0 L 62
75 1 L 73
76 0 U 11
77 0 L 45
78 0 U 4
79 0 U -1
80 1 U 70
81 0 L 37
82 1 L 62
83 1 U 59
84 0 U 67
85 0 L 59
86 0 L 72
87 0 L -1
88 1 U 67
89 0 U -1
90 0 U 47
91 1 U 31
92 1 L 87
93 1 L 7
94 1 L 86
95 0 U 60
96 0 U 47
97 0 L 74
98
0 0 L -1
1 1 L -1
2 1 U -1
3 0 L -1
4 0 L -1
5 0 L 3
6 0 U 0
7 1 U -1
8 0 U 2
9 0 U 0
10 0 L 4
11 1 U 0
12 0 L 9
13 0 L 10
14 1 L -1
15 1 U 6
16 1 L -1
17 0 U -1
18 0 L 4
19 0 L 13
20 0 U 17
21 1 U 2
22 1 U 10
23 1 U 8
24 1 U -1
25 1 U -1
26 1 L 18
27 0 U 0
28 1 U 2
29 0 L 5
30 0 U 4
31 0 L 6
32 1 U 10
33 0 L 27
34 0 U 33
35 0 U 30
36 0 U 19
37 0 L 9
38 0 L 22
39 1 L 27
40 1 U 39
41 0 U -1
42 0 U 8
43 0 U 15
44 0 U 34
45 1 L 35
46 0 L 15
47 0 L 45
48 1 L 40
49 0 U 43
50 1 U 37
51 0 L 45
52 0 U 24
53 1 U 30
54 0 U 33
55 1 U 24
56 0 U 32
57 0 U 2
58 1 U 54
59 0 L -1
60 1 L 24
61 1 L 56
62 1 L 60
63 1 L 61
64 1 U 44
65 1 U 54
66 0 U 39
67 0 L 50
68 0 U 67
69 0 U 57
70 1 L 11
71 1 U -1
72 0 L 11
73 1 L -1
74 1 L 62
75 0 L 73
76 0 U 11
77 0 L 52
78 0 U 4
79 0 U -1
80 1 U 70
81 0 L 37
82 1 L 66
83 0 U 67
84 1 U 67
85 1 L 80
86 0 L 72
87 0 L -1
88 1 U 67
89 0 U -1
90 0 U 47
91 1 L 31
92 1 L 87
93 1 L 7
94 1 L 86
95 0 U 60
96 0 U 47
97 1 L 74
98
0 0 U -1
1 1 L -1
2 1 U -1
3 0 L -1
4 0 L -1
5 0 L 1
6 0 U 0
7 1 U -1
8 1 U 2
9 0 U 0
10 0 L 4
11 1 U 0
12 0 L 9
13 0 L 10
14 1 L -1
15 1 U 6
16 1 L -1
17 0 U -1
18 0 L 0
19 0 L 13
20 1 U 17
21 1 L 2
22 1 U 10
23 1 U 8
24 1 U -1
25 1 U -1
26 1 L 18
27 0 U 0
28 1 U 2
29 0 L 5
30 0 U 4
31 0 L 6
32 1 U 10
33 0 L 27
34 0 U 33
35 0 U 30
36 0 U 19
37 0 L 9
38 0 L 2
39 1 L 27
40 1 U 39
41 1 U -1
42 0 U 8
43 1 U 15
44 0 U 34
45 1 L 35
46 0 L 15
47 0 L 45
48 1 L 40
49 0 U 43
50 1 U 37
51 0 L 45
52 0 U 24
53 1 U 49
54 0 U 52
55 1 U 24
56 0 U 32
57 0 U 2
58 1 U 54
59 0 L -1
60 1 L 24
61 1 U 56
62 1 L 60
63 1 U 22
64 1 U 47
65 1 U 54
66 0 U 39
67 0 L 50
68 0 U 67
69 0 U 57
70 1 L 11
71 1 U -1
72 0 L 11
73 1 L -1
74 1 L 62
75 0 L 64
76 0 U 25
77 0 L 41
78 0 U 4
79 0 U -1
80 1 U 70
81 0 L 37
82 1 L 66
83 0 U 67
84 1 U 67
85 1 L 54
86 0 L 72
87 0 L -1
88 1 U 67
89 0 U -1
90 0 U 40
91 1 L 34
92 1 L 87
93 1 L 92
94 1 L 86
95 0 U 46
96 0 U 36
97 1 L 74
98
0 0 L -1
1 1 L -1
2 1 U -1
3 0 L -1
4 0 L -1
5 0 L 3
6 0 U 0
7 1 U -1
8 1 U 2
9 0 U 0
10 0 L 0
11 1 U 0
12 0 L 9
13 0 L 10
14 0 L -1
15 1 U 6
16 1 L -1
17 0 U -1
18 0 L 0
19 0 L 13
20 1 U 17
21 0 L 19
22 1 U 10
23 1 U 7
24 1 U -1
25 1 U -1
26 1 L 18
27 0 U 0
28 1 U 2
29 0 L 5
30 0 U 4
31 0 L 8
32 1 U 10
33 0 U 27
34 0 U 33
35 0 U 22
36 1 U 34
37 0 L 9
38 0 L 24
39 1 L 27
40 1 U 39
41 0 U -1
42 0 U 8
43 1 U 15
44 0 U 34
45 1 L 35
46 0 L 15
47 0 L 45
48 1 L 40
49 0 U 43
50 1 U 45
51 1 L 2
52 0 U 24
53 1 U 49
54 0 U 52
55 1 U 24
56 0 U 47
57 0 U 2
58 1 U 54
59 0 L -1
60 1 L 24
61 0 L 51
62 1 L 60
63 1 U 22
64 1 U 47
65 1 U 54
66 0 U 39
67 0 L 50
68 0 U 61
69 0 U 57
70 1 L 11
71 1 U -1
72 0 L 11
73 1 L -1
74 0 L 62
75 1 L 64
76 0 U 25
77 0 L 41
78 1 L 4
79 0 U -1
80 1 U 70
81 0 L 37
82 1 L 66
83 0 U 31
84 1 U 67
85 1 L 54
86 0 L 72
87 0 L -1
88 1 U 67
89 0 U -1
90 0 U 59
91 1 L 34
92 1 L 0
93 1 L 92
94 0 L 86
95 0 U 46
96 0 U 32
97 1 L 74
98
0 0 L -1
1 1 L -1
2 1 U -1
3 0 L -1
4 0 L -1
5 0 L 3
6 0 U 0
7 1 U -1
8 1 U 2
9 0 U 0
10 0 L 0
11 1 U 0
12 0 L 9
13 0 L 10
14 0 L -1
15 1 U 6
16 1 L -1
17 0 U -1
18 0 L 0
19 0 L 13
20 1 U 7
21 1 L 19
22 1 U 10
23 1 U 7
24 1 U -1
25 1 U -1
26 1 L 18
27 0 U 0
28 1 U 2
29 1 L 5
30 0 U 23
31 0 L 8
32 1 U 10
33 0 U 27
34 0 U 33
35 0 U 22
36 1 U 34
37 0 L 9
38 0 L 20
39 1 L 27
40 1 U 39
41 0 U 24
42 0 U 33
43 1 U 15
44 0 U 34
45 1 L 35
46 0 L 15
47 0 L 45
48 1 L 40
49 0 U 43
50 1 U 45
51 1 L 2
52 0 U 24
53 1 U 49
54 0 U 52
55 1 U 0
56 0 U 47
57 0 U 2
58 1 U 54
59 0 L -1
60 1 L 24
61 1 L 51
62 1 L 60
63 1 U 22
64 1 U 47
65 1 U 5
66 0 U 39
67 0 L 50
68 0 L 61
69 0 U 57
70 1 L 11
71 1 U -1
72 0 L 11
73 0 L -1
74 1 L 62
75 1 L 64
76 0 U 28
77 0 L 41
78 1 L 4
79 0 U -1
80 1 U 70
81 1 L 37
82 1 L 66
83 1 L 66
84 1 U 67
85 1 L 54
86 0 L 72
87 0 L -1
88 1 U 67
89 0 U -1
90 1 U 59
91 0 L 34
92 0 L 0
93 1 L 31
94 0 L 86
95 0 U 46
96 0 U 64
97 1 U 61
98
0 0 U -1
1 1 L -1
2 1 U -1
3 0 L -1
4 0 L -1
5 0 L 3
6 0 U 0
7 1 U -1
8 1 U 2
9 0 U 0
10 0 L 4
11 1 U 0
12 0 L 9
13 0 L 10
14 1 L -1
15 1 U 6
16 1 L -1
17 0 U -1
18 0 L 0
19 0 L 13
20 1 U 7
21 1 L 19
22 1 U 10
23 1 U 7
24 1 U -1
25 1 U -1
26 1 L 18
27 0 U 0
28 1 U 2
29 1 L 2
30 0 U 23
31 0 L 8
32 1 U 10
33 0 U 27
34 0 U 33
35 0 U 22
36 1 U 34
37 0 L 9
38 0 L 20
39 1 L 27
40 1 U 39
41 0 U 24
42 0 U 33
43 1 U 15
44 0 U 34
45 1 L 35
46 0 L 15
47 0 L 45
48 1 L 40
49 0 U 43
50 1 U 45
51 0 L 5
52 0 U 24
53 1 U 36
54 0 U 52
55 1 U 0
56 0 U 47
57 0 U 2
58 1 U 54
59 0 L -1
60 1 L 24
61 0 L 51
62 1 L 60
63 1 U 22
64 1 U 47
65 1 U 5
66 1 U 39
67 0 L 42
68 0 U 61
69 0 U 57
70 1 L 11
71 1 U -1
72 0 L 11
73 1 L -1
74 1 L 62
75 1 L 48
76 0 U 28
77 0 L 4
78 1 L 59
79 0 U -1
80 1 U 70
81 0 L 37
82 1 L 66
83 0 L 44
84 1 U 67
85 1 L 84
86 0 L 72
87 0 L -1
88 1 U 67
89 0 U -1
90 1 U 59
91 0 L 34
92 1 L 0
93 1 L 10
94 0 L 86
95 0 U 46
96 0 U 73
97 1 L 84
98
0 0 L -1
1 1 L -1
2 1 U -1
3 0 L -1
4 0 L -1
5 0 L 3
6 0 U 0
7 1 U -1
8 1 U 3
9 0 U 0
10 0 L 4
11 1 U 0
12 0 L 9
13 0 L 10
14 0 L -1
15 1 U 6
16 1 L -1
17 0 U -1
18 0 L 0
19 0 L 13
20 1 U 7
21 1 L 19
22 1 U 10
23 1 U 7
24 1 U -1
25 1 U -1
26 1 L 18
27 0 U 0
28 1 U 2
29 1 L 2
30 0 U 23
31 0 L 6
32 1 U 10
33 1 U 27
34 0 U 33
35 0 U 22
36 1 U 34
37 0 L 9
38 1 L -1
39 1 L 27
40 1 U 39
41 0 U 24
42 0 U 20
43 1 U 15
44 0 U 34
45 1 L 35
46 0 L 15
47 0 L 45
48 1 L 40
49 0 U 43
50 1 U 45
51 0 L 5
52 0 U 24
53 1 U 36
54 1 U 43
55 1 U 0
56 0 U 47
57 0 U 15
58 1 U 54
59 0 L -1
60 1 L 24
61 0 L 51
62 1 L 60
63 1 U 22
64 1 U 47
65 1 U 5
66 0 U 39
67 0 L 42
68 0 U 61
69 0 U 57
70 1 L 11
71 1 U -1
72 0 L 11
73 0 L -1
74 1 L 62
75 1 U 48
76 0 L 9
77 0 L 4
78 1 L 59
79 0 U -1
80 1 U 70
81 0 L 37
82 1 L 66
83 1 L 44
84 1 U 67
85 0 U 84
86 0 L 72
87 0 L -1
88 0 U 60
89 0 U -1
90 1 U 59
91 1 L 34
92 1 L 0
93 1 L 10
94 0 L 86
95 0 U 46
96 0 U 73
97 1 L 91
98
0 0 U -1
1 1 L -1
2 1 U -1
3 0 L -1
4 0 L -1
5 0 L 3
6 0 U 0
7 1 U -1
8 1 U 3
9 0 U 0
10 0 L 0
11 1 U 0
12 0 L 9
13 0 L 10
14 0 L -1
15 1 U 6
16 1 L -1
17 0 U -1
18 0 L 0
19 0 L 13
20 1 U 7
21 1 L 19
22 1 U 10
23 1 U 7
24 1 U -1
25 1 U -1
26 1 L 18
27 0 U 0
28 1 U 2
29 1 L 2
30 0 U 23
31 0 L 7
32 0 U 10
33 1 U 27
34 0 U 33
35 0 U 22
36 1 U 34
37 0 L 9
38 1 L -1
39 1 L 27
40 1 U 39
41 1 U -1
42 0 U 20
43 1 U 15
44 0 U 34
45 1 L 35
46 0 L 15
47 0 L 45
48 1 L 40
49 0 U 20
50 1 U 31
51 1 L 5
52 0 U 24
53 1 U 36
54 1 U 43
55 1 U -1
56 0 U 15
57 0 U 15
58 1 U 54
59 0 L -1
60 1 L 24
61 0 L 51
62 1 L 60
63 1 U 44
64 0 U 47
65 1 U 5
66 0 U 39
67 0 L 42
68 1 U 61
69 0 U 57
70 1 L 11
71 1 U -1
72 0 L 11
73 0 L -1
74 0 L 62
75 1 L 48
76 0 L 9
77 0 L 4
78 1 L 59
79 0 U -1
80 1 U 74
81 0 L 37
82 1 L 66
83 0 U 44
84 1 U 67
85 0 U 84
86 0 L 72
87 1 L -1
88 1 U 60
89 0 U -1
90 1 U 59
91 1 L 34
92 1 L 0
93 1 L 10
94 0 L 86
95 0 U 38
96 0 U 73
97 1 U 62
98
0 0 L -1
1 1 L -1
2 1 U -1
3 0 L -1
4 0 L -1
5 0 L 3
6 0 U 0
7 1 U -1
8 1 U 2
9 0 U 0
10 0 L 0
11 1 U 0
12 0 L 9
13 0 L 10
14 0 L -1
15 1 U 6
16 1 L -1
17 0 U -1
18 0 L 0
19 0 L 13
20 1 U 7
21 1 L 19
22 1 U 10
23 1 U 7
24 1 U -1
25 1 U -1
26 1 L 18
27 0 U 0
28 1 U 2
29 1 L 2
30 0 U 23
31 0 L 7
32 0 U 10
33 0 U 27
34 0 U 33
35 0 U 22
36 1 U 34
37 0 L 9
38 1 L -1
39 1 L 27
40 1 U 39
41 1 U -1
42 0 U 20
43 1 U 15
44 0 U 34
45 1 L 35
46 1 L 15
47 0 L 45
48 1 L 40
49 0 U 20
50 1 U 31
51 1 L 5
52 0 U 24
53 0 U 36
54 0 U 43
55 1 U -1
56 0 U 15
57 0 U 15
58 1 U 54
59 0 L -1
60 1 L 24
61 0 L 51
62 1 L 60
63 1 U 44
64 0 U 44
65 1 U 5
66 0 U 39
67 0 L 42
68 0 U 61
69 0 U 57
70 1 L 11
71 1 U -1
72 0 L 11
73 0 L -1
74 1 L 62
75 1 L 45
76 0 L 9
77 0 L 4
78 1 L 59
79 0 U -1
80 1 U 70
81 0 L 37
82 1 L 66
83 0 U 45
84 1 U 61
85 0 U 84
86 0 L 72
87 0 L -1
88 1 U 60
89 0 U -1
90 1 U 59
91 0 L 34
92 1 L 0
93 1 L 10
94 0 L 86
95 0 U 19
96 1 U 73
97 1 U 95
98
0 0 U -1
1 1 L -1
2 1 U -1
3 0 L -1
4 0 L -1
5 0 L 3
6 0 U 0
7 1 U -1
8 0 U 2
9 0 U 0
10 0 L 0
11 1 U 0
12 0 L 9
13 0 L 10
14 1 L -1
15 1 U 6
16 1 L -1
17 0 U -1
18 0 L 0
19 0 L 13
20 1 U 7
21 1 L 19
22 0 U 10
23 1 U 7
24 1 U -1
25 1 U -1
26 1 L 18
27 0 U 0
28 1 U 2
29 1 L 2
30 0 U 23
31 0 L 7
32 1 U 10
33 0 U 27
34 0 U 33
35 0 U 16
36 1 U 34
37 0 L 9
38 1 L -1
39 1 L 27
40 1 U 39
41 0 U -1
42 0 U 20
43 1 U 15
44 0 U 34
45 1 L 35
46 1 L 15
47 0 L 45
48 1 L 40
49 0 U 20
50 1 U 31
51 1 L 8
52 0 U -1
53 1 U 36
54 1 U 43
55 1 U 24
56 0 U 15
57 0 U 15
58 1 U 54
59 0 L -1
60 1 L 24
61 0 L 51
62 1 L 60
63 1 U 44
64 0 U 26
65 1 U 5
66 1 U 39
67 0 L 42
68 0 U 61
69 0 U 57
70 1 L 11
71 1 U -1
72 0 L 11
73 0 L -1
74 1 L 62
75 1 L 37
76 0 L 9
77 0 L 4
78 1 L 39
79 0 U -1
80 1 U 70
81 0 L 37
82 1 L 66
83 0 U 45
84 1 U 61
85 0 U 84
86 0 L 72
87 0 L -1
88 1 U 60
89 0 U -1
90 0 U 59
91 0 L 34
92 0 L 0
93 0 L 10
94 0 L 86
95 0 U 47
96 0 U 82
97 1 U 95
98
0 0 L -1
1 1 L -1
2 1 U -1
3 0 L -1
4 0 L -1
5 0 L 3
6 0 U 0
7 1 U -1
8 1 U 2
9 0 U 0
10 0 L 0
11 1 U 0
12 0 L 9
13 0 L 10
14 0 L -1
15 1 U 6
16 1 L -1
17 0 U -1
18 0 L 0
19 0 L 13
20 1 U 7
21 1 L 19
22 0 U 10
23 1 U 7
24 1 U -1
25 1 U -1
26 1 L 18
27 0 U 0
28 1 U 2
29 1 L 2
30 0 U 23
31 0 L 7
32 1 U 10
33 0 U 27
34 0 U 33
35 0 U 16
36 1 U 34
37 0 L 9
38 1 L -1
39 1 L 27
40 1 U 39
41 0 U -1
42 0 U 20
43 1 U 15
44 0 U 34
45 1 L 35
46 1 L 15
47 0 L 45
48 1 L 40
49 0 U 9
50 1 U 31
51 1 L 8
52 0 U -1
53 1 U 36
54 0 U 9
55 1 U 24
56 0 U 2
57 0 U 15
58 1 U 34
59 0 L -1
60 1 L 24
61 0 L 51
62 1 L 60
63 1 U 44
64 0 U 26
65 1 U 5
66 1 U 39
67 0 L 42
68 0 U 61
69 0 U 57
70 1 L 11
71 1 U -1
72 0 L 11
73 0 L -1
74 0 L 35
75 1 L 37
76 0 L 9
77 0 L 4
78 1 L 39
79 0 L 67
80 1 U 70
81 0 L 37
82 1 L 66
83 0 U 45
84 1 U 61
85 0 U 84
86 0 L 72
87 0 L -1
88 0 U 60
89 0 U -1
90 1 U 59
91 1 L 34
92 0 L 0
93 1 L 10
94 0 L 86
95 0 U 4
96 0 U 82
97 0 U 66
98
0 0 U -1
1 1 L -1
2 1 U -1
3 0 L -1
4 0 L -1
5 0 L 3
6 0 U 0
7 1 U -1
8 1 U 2
9 0 U 0
10 0 L 0
11 1 U 0
12 0 L 9
13 0 L 10
14 1 L -1
15 1 U 6
16 1 L -1
17 0 U -1
18 0 L 0
19 0 L 13
20 1 U 7
21 1 L 19
22 0 U 10
23 1 U 7
24 1 U -1
25 1 U -1
26 1 L 18
27 0 U 0
28 1 U 2
29 1 L 2
30 0 U 23
31 0 L 7
32 1 U 10
33 0 U 27
34 0 U 33
35 0 U 30
36 0 U 34
37 0 L 9
38 1 U -1
39 1 L 27
40 1 U 39
41 0 U -1
42 0 U 20
43 1 U 15
44 0 U 34
45 1 L 35
46 1 L 15
47 0 L 45
48 1 L 40
49 0 U 9
50 1 U 31
51 1 L 8
52 0 U -1
53 1 U 39
54 0 U 9
55 1 U 24
56 0 U 2
57 0 U 15
58 1 U 34
59 0 L -1
60 1 L 24
61 0 L 6
62 1 L 60
63 1 U 44
64 0 U 32
65 1 U 5
66 1 U 39
67 0 L 42
68 0 U 61
69 0 U 57
70 1 L 11
71 1 U -1
72 0 L 11
73 0 L -1
74 0 L 35
75 1 L 37
76 0 L 9
77 0 L 4
78 1 L 39
79 0 U 42
80 1 U 70
81 0 L 37
82 1 L 66
83 0 U 36
84 1 U 73
85 1 U 29
86 0 L 72
87 1 L -1
88 0 U 60
89 0 U -1
90 1 U 84
91 0 L 34
92 0 L 0
93 0 L 10
94 0 L 86
95 0 U 21
96 1 U 82
97 1 U 47
98
0 0 L -1
1 1 L -1
2 1 U -1
3 0 L -1
4 0 L -1
5 0 L 3
6 0 U 0
7 1 U -1
8 0 U 2
9 0 U 0
10 0 L 0
11 1 U 0
12 0 L 9
13 0 L 10
14 0 L -1
15 1 U 6
16 1 L -1
17 0 U -1
18 0 L 0
19 0 L 13
20 1 U 7
21 1 L 19
22 0 U 10
23 1 U 7
24 1 U -1
25 1 U -1
26 1 L 18
27 0 U 0
28 1 U 2
29 1 L 2
30 0 U 23
31 0 L 7
32 1 U 10
33 1 U 27
34 0 U 33
35 0 U 16
36 0 U 34
37 0 L 9
38 1 U -1
39 1 L 27
40 1 U 39
41 0 U -1
42 0 U 20
43 1 U 41
44 0 U 34
45 1 L 35
46 1 L 15
47 0 L 45
48 1 L 40
49 0 U 9
50 1 U 31
51 1 L 8
52 0 U -1
53 1 U 39
54 0 U 9
55 1 U 24
56 0 U 2
57 0 U 15
58 1 U 54
59 0 L -1
60 1 L 24
61 0 L 6
62 1 L 60
63 1 U 44
64 0 U 16
65 1 U 49
66 1 U 39
67 0 L 42
68 0 U 61
69 0 U 57
70 1 L 11
71 1 U -1
72 0 L 11
73 0 L -1
74 1 L 35
75 1 L 37
76 0 L 9
77 0 L 4
78 1 L 39
79 0 U 42
80 1 U 70
81 0 L 37
82 1 L 66
83 1 U 51
84 1 U 73
85 0 U 29
86 0 L 72
87 1 L -1
88 0 U 60
89 0 U -1
90 1 U 84
91 1 L 34
92 0 L 0
93 0 L 10
94 0 L 86
95 0 U 21
96 1 U 82
97 1 U 47
98
0 0 U -1
1 1 L -1
2 1 U -1
3 0 L -1
4 0 L -1
5 0 L 3
6 0 U 0
7 1 U -1
8 0 U 2
9 0 U 0
10 0 L 0
11 1 U 0
12 0 L 9
13 0 L 10
14 0 L -1
15 1 U 6
16 1 L -1
17 0 U -1
18 0 L 0
19 0 L 13
20 1 U 7
21 1 L 19
22 0 U 10
23 1 U 7
24 1 U -1
25 1 U -1
26 1 L 18
27 0 U 0
28 1 U 2
29 1 L 2
30 0 U 23
31 0 L 7
32 1 U 10
33 0 U 27
34 0 U 33
35 0 U 16
36 0 U 34
37 0 L 9
38 1 U -1
39 1 L 27
40 1 U 39
41 1 U -1
42 0 U 20
43 0 U 41
44 0 U 34
45 1 L 35
46 1 L 15
47 0 L 45
48 1 L 40
49 0 U 9
50 1 U 31
51 1 L 8
52 0 U -1
53 1 U 39
54 0 U 9
55 1 U 24
56 0 U 2
57 0 U 15
58 1 U 54
59 0 L -1
60 1 L 24
61 1 L 6
62 1 L 60
63 1 U 44
64 0 U 16
65 1 U 49
66 1 U 39
67 0 L 55
68 0 U 61
69 0 U 57
70 1 L 11
71 1 U -1
72 0 L 11
73 0 L -1
74 1 L 35
75 1 L 37
76 0 L 9
77 0 L 59
78 1 L 39
79 0 U 42
80 1 U 70
81 0 L 37
82 1 U 66
83 1 L 51
84 1 U 73
85 1 U 29
86 0 L 72
87 1 L -1
88 0 U 60
89 0 U -1
90 1 U 84
91 1 L 34
92 1 L 73
93 1 L 10
94 0 L 86
95 0 U 21
96 0 U 82
97 1 U 47
98
0 0 U -1
1 1 L -1
2 1 U -1
3 0 L -1
4 0 L -1
5 0 L 3
6 0 U 0
7 1 U -1
8 0 U 2
9 0 U 0
10 0 L 0
11 1 U 0
12 0 L 9
13 0 L 10
14 0 L -1
15 1 U 6
16 1 L -1
17 0 U -1
18 0 L 0
19 0 L 13
20 1 U 7
21 1 L 19
22 0 U 10
23 1 U 7
24 1 U -1
25 1 U -1
26 1 L 18
27 0 U 0
28 1 U 2
29 1 L 2
30 0 U 23
31 0 L 7
32 1 U 10
33 0 U 27
34 0 U 33
35 0 U 16
36 1 U 34
37 0 L 9
38 1 L -1
39 1 L 27
40 1 U 39
41 1 U -1
42 0 U 20
43 0 U 41
44 0 U 34
45 1 L 35
46 1 L 15
47 0 L 45
48 1 L 40
49 0 U 9
50 1 U 31
51 0 L 8
52 0 U -1
53 1 U 39
54 0 U 9
55 1 U 24
56 0 U 35
57 0 U 15
58 1 U 54
59 0 L -1
60 1 L 24
61 0 L 6
62 1 L 60
63 1 U 44
64 0 U 16
65 1 U 49
66 1 U 39
67 0 L 55
68 0 U 61
69 0 U 57
70 1 L 11
71 1 U -1
72 0 L 11
73 0 L -1
74 0 L 35
75 1 L 37
76 0 L 9
77 0 L 59
78 1 L 39
79 0 U 42
80 1 U 68
81 0 L 37
82 0 L 66
83 0 L 51
84 1 U 73
85 1 U 29
86 0 L 72
87 0 L -1
88 0 U 83
89 0 U -1
90 1 U 84
91 1 U 34
92 1 L 73
93 1 L 27
94 0 L 86
95 0 U 21
96 1 U 82
97 0 U 73
98
0 0 U -1
1 1 L -1
2 1 U -1
3 0 L -1
4 0 L -1
5 0 L 3
6 0 U 0
7 1 U -1
8 0 U 2
9 0 U 0
10 0 L 0
11 1 U 0
12 0 L 9
13 0 L 10
14 0 L -1
15 1 U 6
16 1 L -1
17 0 U -1
18 0 L 0
19 0 L 13
20 1 U 7
21 1 L 19
22 0 U 10
23 1 U 0
24 1 U -1
25 1 U -1
26 1 L 18
27 0 U 0
28 1 U 2
29 1 L 2
30 0 U 23
31 0 L 7
32 1 U 10
33 0 U 27
34 0 U 33
35 0 U 16
36 1 U 34
37 0 L 9
38 1 L -1
39 1 L 27
40 1 U 39
41 0 U -1
42 0 U 20
43 1 U 41
44 0 U 34
45 1 L 35
46 1 L 15
47 0 L 45
48 0 L 40
49 0 U 9
50 1 U 31
51 0 L 8
52 0 U -1
53 1 U 39
54 0 U 9
55 1 U 24
56 0 U 35
57 0 U 15
58 1 U 54
59 0 L -1
60 1 L 24
61 0 L 6
62 1 L 60
63 1 U 44
64 0 U 16
65 1 U 39
66 1 U 39
67 0 L 55
68 0 U 61
69 0 U 57
70 1 L 11
71 1 U -1
72 0 L 11
73 0 L -1
74 0 L 35
75 1 L 37
76 0 L 9
77 0 L 59
78 1 L 39
79 0 U 42
80 1 U 68
81 0 L 37
82 0 L 66
83 0 L 51
84 1 U 73
85 1 U 29
86 0 L 72
87 0 L -1
88 0 U 83
89 0 U -1
90 1 U 84
91 1 U 34
92 1 L 73
93 0 L 27
94 0 L 86
95 0 U 21
96 1 U 31
97 0 L 73
98
0 0 U -1
1 1 L -1
2 1 U -1
3 0 L -1
4 0 L -1
5 0 L 3
6 0 U 0
7 1 U -1
8 0 U 2
9 0 U 0
10 0 L 0
11 1 U 0
12 0 L 9
13 0 L 10
14 1 L -1
15 1 U 6
16 1 L -1
17 0 U -1
18 0 L 16
19 0 L 13
20 1 U 7
21 1 L 19
22 0 U 10
23 1 U 0
24 1 U -1
25 1 U -1
26 1 L 18
27 0 U 0
28 1 U 2
29 1 L 2
30 0 U 4
31 0 L 7
32 1 U 10
33 0 U 27
34 0 U 33
35 0 U 18
36 0 U 0
37 0 L 9
38 1 L -1
39 1 L 27
40 1 U 39
41 1 U -1
42 0 U 20
43 1 U 2
44 0 U 34
45 1 L 35
46 1 L 15
47 0 L 45
48 1 L 40
49 0 U 9
50 1 U 31
51 0 L 8
52 0 U -1
53 1 U 39
54 0 U 27
55 1 U 24
56 0 U 35
57 0 U 15
58 1 U 54
59 0 L -1
60 1 L 24
61 0 L 6
62 1 L 60
63 1 U 38
64 0 U 32
65 1 U 39
66 0 U 42
67 0 L 55
68 0 U 61
69 0 U 57
70 1 L 11
71 1 U -1
72 0 L 11
73 0 L -1
74 1 L 35
75 1 L 37
76 0 L 9
77 0 L 59
78 1 L 39
79 0 U 42
80 1 U 68
81 0 L 37
82 1 U 66
83 1 L 51
84 1 U 73
85 0 U 29
86 0 L 72
87 0 L -1
88 0 U 83
89 0 U -1
90 1 U 84
91 1 U 34
92 1 L 73
93 1 L 27
94 0 L 86
95 0 U 33
96 0 U 51
97 1 U 96
98
0 0 L -1
1 1 L -1
2 1 U -1
3 0 L -1
4 0 L -1
5 0 L 3
6 0 U 0
7 1 U -1
8 0 U 2
9 0 U 0
10 0 L 0
11 1 U 0
12 0 L 9
13 0 L 10
14 0 L -1
15 1 U 6
16 1 L -1
17 0 U -1
18 0 L 16
19 0 L 13
20 1 U 7
21 1 L 19
22 0 U 10
23 1 U 0
24 1 U -1
25 1 U -1
26 1 L 18
27 0 U 0
28 1 U 2
29 1 L 2
30 0 U 4
31 0 L 10
32 1 U 30
33 0 U 27
34 0 U 33
35 0 U 18
36 0 U 0
37 0 L 9
38 1 L -1
39 1 L 27
40 1 U 39
41 1 U -1
42 0 U 20
43 1 U 2
44 0 U 34
45 1 L 35
46 1 L 15
47 0 L 41
48 1 L 40
49 0 U 9
50 1 U 31
51 0 L 8
52 0 U -1
53 1 U 39
54 0 U 33
55 1 U 24
56 1 U 35
57 0 U 15
58 1 U 54
59 0 L -1
60 1 L 24
61 1 L 6
62 1 L 60
63 1 U 38
64 0 U 32
65 1 U 39
66 0 U 42
67 0 L 55
68 0 U 37
69 0 U 57
70 1 L 11
71 1 U -1
72 0 L 11
73 0 L -1
74 1 L 35
75 1 L 37
76 0 L 9
77 0 L 59
78 1 L 39
79 1 U 31
80 1 U 68
81 0 L 37
82 0 U 66
83 1 L 51
84 1 U 73
85 0 U 29
86 0 L 72
87 0 L -1
88 0 U 83
89 0 U -1
90 1 U 84
91 1 U 34
92 0 L 73
93 1 L 40
94 0 L 24
95 0 U 27
96 1 U 75
97 0 U 96
98
0 0 L -1
1 1 L -1
2 1 U -1
3 0 L -1
4 0 L -1
5 0 L 3
6 0 U 0
7 1 U -1
8 1 U 2
9 0 U 0
10 0 L 0
11 1 U 0
12 0 L 9
13 0 L 10
14 0 L -1
15 1 U 6
16 1 L -1
17 0 U -1
18 0 L 16
19 0 L 13
20 1 U 7
21 1 L 19
22 0 U 10
23 1 U 0
24 1 U -1
25 1 U -1
26 1 L 10
27 0 U 0
28 1 U 25
29 1 L 2
30 0 U 4
31 0 L 18
32 1 U 30
33 1 U 27
34 0 U 33
35 0 U 18
36 0 U 0
37 0 L 9
38 1 L -1
39 1 L 27
40 1 U 39
41 1 U -1
42 0 U 20
43 1 U 2
44 0 U 34
45 1 L 35
46 1 L 15
47 0 L 45
48 1 L 40
49 0 U 9
50 1 U 31
51 0 L 8
52 0 U -1
53 1 U 39
54 0 U 33
55 1 U 24
56 1 U 35
57 0 U 15
58 1 U 54
59 0 L -1
60 1 L 24
61 1 L 6
62 1 L 60
63 1 U 38
64 0 U 32
65 1 U 39
66 1 U 42
67 0 L 55
68 0 U 37
69 0 U 57
70 1 L 11
71 1 U -1
72 0 L 11
73 0 L -1
74 1 L 35
75 1 L 37
76 0 L 42
77 1 L 59
78 1 L 39
79 1 U 31
80 1 U 68
81 0 L 37
82 0 U 66
83 0 L 51
84 1 U 73
85 1 U 29
86 0 L 72
87 0 L -1
88 0 U 83
89 0 U -1
90 1 U 84
91 1 L 34
92 0 L 18
93 1 L 33
94 0 L 24
95 0 U 27
96 1 U 75
97 1 U 96
98
0 0 U -1
1 1 L -1
2 1 U -1
3 0 L -1
4 0 L -1
5 0 L 3
6 0 U 0
7 1 U -1
8 1 U 2
9 0 U 0
10 0 L 0
11 1 U 0
12 0 L 9
13 0 L 10
14 0 L -1
15 1 U 6
16 1 L -1
17 0 U -1
18 0 L 16
19 0 L 13
20 1 U 7
21 0 L 19
22 0 U 10
23 1 U 0
24 1 U -1
25 1 U -1
26 1 L 10
27 0 U 0
28 1 U 25
29 1 L 2
30 0 U 4
31 0 L 18
32 1 U 30
33 1 U 27
34 0 U 33
35 0 U 18
36 0 U 0
37 0 L 9
38 1 L -1
39 1 L 27
40 1 U 39
41 1 U -1
42 0 U 20
43 1 U 2
44 0 U 34
45 1 L 35
46 1 L 15
47 0 L 45
48 1 L 40
49 0 U 9
50 1 U 31
51 0 L 8
52 0 U -1
53 1 U 39
54 0 U 43
55 1 U 24
56 1 U 35
57 0 U 15
58 1 U 54
59 0 L -1
60 1 L 24
61 1 L 5
62 1 L 60
63 1 U 38
64 0 U 32
65 1 U 39
66 0 U 42
67 0 L 55
68 0 U 37
69 0 U 57
70 1 L 11
71 1 U -1
72 0 L 11
73 0 L -1
74 0 L 35
75 1 L 15
76 0 U 42
77 1 L 59
78 1 L 39
79 1 U 31
80 1 U 68
81 0 L 37
82 0 U 66
83 1 L 51
84 1 U 60
85 0 U 29
86 0 L 72
87 0 L -1
88 0 U 83
89 0 U -1
90 1 U 84
91 1 L 34
92 0 L 10
93 1 L 33
94 0 L 24
95 0 U 27
96 1 U 85
97 1 U 10
98
0 0 L -1
1 1 L -1
2 1 U -1
3 0 L -1
4 0 L -1
5 0 L 3
6 0 U 0
7 1 U -1
8 0 U 2
9 0 U 0
10 0 L 0
11 1 U 0
12 0 L 9
13 0 L 10
14 0 L -1
15 1 U 6
16 1 L -1
17 0 U -1
18 0 L 16
19 0 L 13
20 1 U 7
21 0 L 19
22 0 U 10
23 1 U 0
24 1 U -1
25 1 U -1
26 1 L 18
27 0 U 0
28 1 U 25
29 1 L 5
30 0 U 4
31 0 L 18
32 1 U 30
33 1 U 27
34 0 U 33
35 0 U 18
36 0 U 0
37 0 L 9
38 1 L -1
39 1 L 27
40 1 U 39
41 1 U -1
42 0 U 20
43 1 U 2
44 0 U 34
45 1 L 35
46 1 L 15
47 0 L 45
48 1 L 40
49 0 U 3
50 1 U 31
51 0 L 8
52 0 U -1
53 0 U 39
54 0 U 33
55 1 U 24
56 1 U 35
57 0 U 15
58 1 U 54
59 0 L -1
60 1 L 24
61 1 L 31
62 1 L 60
63 1 U 38
64 0 U 32
65 1 U 39
66 0 U 42
67 0 L 55
68 0 U 37
69 0 U 57
70 1 L 11
71 1 U -1
72 0 L 11
73 0 L -1
74 1 L 35
75 1 L 15
76 0 U 42
77 0 L 59
78 1 L 39
79 1 U 1
80 1 U 68
81 0 L 37
82 0 U 66
83 1 L 51
84 1 U 60
85 0 U 29
86 0 L 72
87 0 L -1
88 0 U 83
89 0 U -1
90 1 U 84
91 1 L 34
92 0 L 10
93 1 L 33
94 0 L 24
95 0 U 27
96 1 U 85
97 0 U 31
98
0 0 U -1
1 1 L -1
2 1 U -1
3 0 L -1
4 0 L -1
5 0 L 3
6 0 U 0
7 1 U -1
8 0 U 2
9 0 U 0
10 0 L 0
11 1 U 0
12 0 L 9
13 0 L 10
14 0 L -1
15 1 U 6
16 1 L -1
17 0 U -1
18 0 L 16
19 0 L 13
20 1 U 7
21 1 L 19
22 0 U 10
23 1 U 0
24 1 U -1
25 1 U -1
26 1 L 18
27 0 U 0
28 1 U 25
29 1 L 5
30 0 U 4
31 0 L 18
32 1 U 30
33 0 U 27
34 0 U 33
35 0 U 19
36 1 U 34
37 0 L 9
38 1 L -1
39 1 L 27
40 1 U 39
41 1 U -1
42 0 U 20
43 1 U 2
44 0 U 34
45 1 L 35
46 1 L 15
47 0 L 45
48 1 L 40
49 0 U 27
50 1 U 31
51 0 L 8
52 0 U -1
53 1 U 39
54 0 U 33
55 1 U 24
56 1 U 46
57 0 U 15
58 1 U 54
59 0 L -1
60 1 L 24
61 0 L 31
62 1 L 60
63 1 U 38
64 0 U 32
65 1 U 39
66 0 U 42
67 0 L 55
68 0 U 37
69 0 U 57
70 1 L 11
71 1 U -1
72 0 L 11
73 0 L -1
74 1 L 35
75 1 L 15
76 0 U 5
77 1 L 59
78 1 L 39
79 1 U 1
80 1 U 68
81 0 L 37
82 0 U 66
83 1 L 51
84 1 U 60
85 0 U 29
86 0 L 72
87 0 L -1
88 0 U 73
89 0 U -1
90 1 U 84
91 1 L 34
92 0 L 7
93 1 L 33
94 0 L 24
95 0 U 15
96 1 U 85
97 0 U 59
98
0 0 U -1
1 1 L -1
2 1 U -1
3 0 L -1
4 0 L -1
5 0 L 1
6 0 U 0
7 1 U -1
8 1 U 2
9 0 U 0
10 0 L 0
11 1 U 0
12 0 L 9
13 0 L 10
14 1 L -1
15 1 U 6
16 1 L -1
17 0 U -1
18 0 L 16
19 0 L 13
20 1 U 7
21 0 L 19
22 0 U 10
23 1 U 0
24 1 U -1
25 1 U -1
26 1 L 18
27 0 U 0
28 1 U 25
29 1 L 5
30 0 U 4
31 0 L 18
32 1 U 30
33 0 U 27
34 0 U 33
35 0 U 19
36 1 U 34
37 0 L 9
38 0 U -1
39 1 L 27
40 1 U 39
41 1 U -1
42 0 U 23
43 1 U 2
44 0 U 34
45 1 L 35
46 1 L 15
47 0 L 45
48 1 L 40
49 0 U 27
50 1 U 31
51 1 L 8
52 0 U -1
53 0 U 14
54 0 U 20
55 1 U 24
56 1 U 46
57 0 U 15
58 1 U 54
59 0 L -1
60 1 L 24
61 0 L 30
62 1 L 60
63 1 U 58
64 0 U 32
65 1 U 39
66 1 U 42
67 0 L 49
68 0 U 37
69 0 U 57
70 1 L 11
71 1 U -1
72 0 L 11
73 0 L -1
74 0 L 35
75 1 L 15
76 1 L 5
77 1 L 59
78 1 L 39
79 1 U 1
80 1 U 68
81 0 L 37
82 1 L 66
83 1 L 24
84 1 U 60
85 0 U 29
86 0 L 72
87 0 L -1
88 0 U 73
89 0 U -1
90 1 U 84
91 1 L 34
92 0 L 7
93 1 L 33
94 0 L 24
95 0 U 3
96 1 U 85
97 0 U 45
98
0 0 U -1
1 1 L -1
2 1 U -1
3 0 L -1
4 0 L -1
5 0 L 1
6 0 U 0
7 1 U -1
8 0 U 2
9 0 U 0
10 0 L 0
11 1 U 0
12 0 L 9
13 0 L 10
14 1 L -1
15 1 U 6
16 1 L -1
17 0 U -1
18 0 L 16
19 0 L 13
20 1 U 7
21 1 L 19
22 0 U 10
23 1 U 17
24 1 U -1
25 1 U -1
26 1 L 18
27 0 U 0
28 1 U 25
29 1 L 5
30 0 U 4
31 0 L 18
32 1 U 30
33 0 U 27
34 0 U 33
35 0 U 19
36 1 U 34
37 0 L 9
38 1 U -1
39 1 L 27
40 1 U 39
41 1 U -1
42 0 U 20
43 1 U 2
44 1 U 34
45 1 L 35
46 1 L 15
47 0 L 45
48 1 L 40
49 0 U 27
50 1 U 31
51 1 L 8
52 0 U -1
53 0 U 36
54 0 U 20
55 1 U 24
56 1 U 46
57 0 U 15
58 1 U 54
59 0 L -1
60 1 L 24
61 0 L 48
62 1 L 60
63 1 U 58
64 0 U 32
65 1 U 39
66 0 U 36
67 0 L 49
68 0 U 37
69 0 U 57
70 1 L 11
71 1 U -1
72 0 L 11
73 0 L -1
74 1 L 35
75 1 L 15
76 1 L 5
77 0 L 59
78 1 L 39
79 1 U 1
80 1 U 48
81 0 L 37
82 1 L 66
83 0 L 31
84 1 U 60
85 0 U 29
86 0 L 72
87 1 L -1
88 0 U 73
89 0 U -1
90 1 U 84
91 1 L 5
92 0 L 7
93 1 L 33
94 0 L 24
95 0 U 89
96 1 U 85
97 1 U 45
98
0 0 L -1
1 1 L -1
2 1 U -1
3 0 L -1
4 0 L -1
5 0 L 1
6 0 U 0
7 1 U -1
8 0 U 2
9 0 U 0
10 0 L 0
11 1 U 0
12 0 L 9
13 0 L 10
14 1 L -1
15 1 U 6
16 1 L -1
17 0 U -1
18 0 L 16
19 0 L 13
20 1 U 7
21 0 L 19
22 0 U 10
23 1 U 17
24 1 U -1
25 1 U -1
26 1 L 18
27 0 U 0
28 1 U 25
29 1 L 5
30 0 U 4
31 0 L 18
32 1 U 30
33 1 U 27
34 0 U 33
35 0 U 19
36 1 U 34
37 0 L 9
38 0 U 17
39 1 L 27
40 1 U 39
41 1 U -1
42 0 U 20
43 1 U 2
44 1 U 34
45 1 L 35
46 1 L 15
47 0 L 45
48 1 L 40
49 0 U 27
50 1 U 34
51 0 L 29
52 0 U -1
53 1 U 5
54 0 U 20
55 1 U 24
56 1 U 46
57 0 U 15
58 1 U 34
59 0 L -1
60 1 L 24
61 0 L 40
62 1 L 60
63 1 U 58
64 0 U 32
65 0 U 39
66 0 U 36
67 0 L 49
68 0 U 37
69 0 U 57
70 1 L 11
71 1 U -1
72 0 L 11
73 0 L -1
74 1 L 35
75 1 L 15
76 0 L 5
77 1 L 66
78 1 L 39
79 1 U 1
80 1 U 70
81 0 L 37
82 1 L 66
83 1 U 31
84 1 U 60
85 0 U 29
86 0 L 72
87 0 L -1
88 0 U 73
89 0 U -1
90 1 U 48
91 0 L 5
92 0 L 18
93 1 L 33
94 0 L 24
95 0 U 89
96 1 U 85
97 1 U 82
