76
0 0 U -1
1 0 U -1
2 0 U -1
3 0 U -1
4 0 U -1
5 0 U -1
6 0 U -1
7 0 U -1
8 0 U -1
9 0 U -1
10 0 U -1
11 0 U -1
12 0 U -1
13 0 U -1
14 0 U -1
15 0 U -1
16 0 U -1
17 0 U -1
18 0 U -1
19 0 U -1
20 0 U -1
21 0 U -1
22 0 U -1
23 0 U -1
24 0 U -1
25 0 U -1
26 0 U -1
27 0 U -1
28 0 U -1
29 0 U -1
30 0 U -1
31 0 U -1
32 0 U -1
33 0 U -1
34 0 U -1
35 0 U -1
36 0 U -1
37 0 U -1
38 0 U -1
39 0 U -1
40 0 U -1
41 0 U -1
42 0 U -1
43 0 U -1
44 0 U -1
45 0 U -1
46 0 U -1
47 0 U -1
48 0 U -1
49 0 U -1
50 0 U -1
51 0 U -1
52 0 U -1
53 0 U -1
54 0 U -1
55 0 U -1
56 0 U -1
57 0 U -1
58 0 U -1
59 0 U -1
60 0 U -1
61 0 U -1
62 0 U -1
63 0 U -1
64 0 U -1
65 0 U -1
66 0 U -1
67 0 U -1
68 0 U -1
69 0 U -1
70 0 U -1
71 0 U -1
72 0 U -1
73 0 U -1
74 0 U -1
75 0 U -1
76
0 1 U -1
1 1 U 0
2 0 U -1
3 0 U -1
4 1 U -1
5 1 L 2
6 0 U -1
7 0 U -1
8 0 L 6
9 0 L 1
10 1 U 8
11 0 U 8
12 1 L 8
13 1 L 10
14 0 U 2
15 1 L 5
16 0 U 7
17 0 L 15
18 1 U 11
19 0 U -1
20 1 U 2
21 1 U 5
22 1 U -1
23 0 L 2
24 0 U -1
25 1 L 17
26 0 L 8
27 0 U 21
28 0 L 6
29 1 L 26
30 1 L 2
31 0 U 22
32 1 U 2
33 0 L 20
34 0 L 6
35 0 U -1
36 0 U -1
37 0 L -1
38 1 U 23
39 0 U 17
40 1 L 23
41 1 U 18
42 0 U -1
43 0 L 13
44 1 U 35
45 0 L 6
46 1 U -1
47 0 U 38
48 0 U 32
49 0 L -1
50 1 U 10
51 1 L 47
52 0 U -1
53 1 L 37
54 1 L 18
55 1 U 49
56 0 L 24
57 1 U 51
58 1 L -1
59 0 U 23
60 0 U 23
61 0 U 29
62 1 U 22
63 1 L 48
64 0 U 14
65 0 L -1
66 1 U -1
67 0 U 10
68 1 U 53
69 0 L 58
70 1 L 47
71 1 L 32
72 1 U 50
73 0 L 33
74 1 U 65
75 1 L 2
76
0 1 L -1
1 1 U 0
2 0 U -1
3 0 U -1
4 1 U -1
5 0 L 1
6 1 U -1
7 0 U -1
8 0 L 6
9 0 L 0
10 0 U 8
11 0 U 8
12 1 L 6
13 1 L 6
14 0 U 2
15 1 L 9
16 1 U 7
17 0 L 15
18 1 U 5
19 0 U -1
20 1 U 2
21 1 U 10
22 1 U -1
23 0 L 2
24 0 U -1
25 1 L 17
26 0 L 8
27 1 U 21
28 1 L 22
29 0 L 26
30 1 U 2
31 0 U 19
32 1 U 3
33 0 L 13
34 0 L 30
35 0 U -1
36 0 U -1
37 0 L -1
38 1 U 14
39 0 U 17
40 0 L 5
41 1 U 18
42 1 U -1
43 0 L 13
44 0 U 35
45 0 L 6
46 1 U 0
47 0 U 38
48 0 U 32
49 0 L -1
50 1 U 10
51 0 L 47
52 0 U 20
53 0 L 37
54 1 L 10
55 1 U 27
56 1 L 24
57 1 U 42
58 0 L 0
59 0 U 7
60 1 U 23
61 1 U 29
62 1 U 3
63 1 L 33
64 1 U 14
65 1 L -1
66 1 U -1
67 1 L 39
68 1 U 27
69 1 L 58
70 1 L 35
71 0 U 37
72 1 U 50
73 1 L 31
74 1 U 58
75 0 L 49
76
0 1 U -1
1 1 U 0
2 0 U -1
3 0 U -1
4 1 U -1
5 1 L 1
6 1 U -1
7 0 U -1
8 0 L 6
9 0 L 1
10 0 U 2
11 0 U 8
12 1 L 6
13 1 L 8
14 0 U 2
15 0 L 9
16 0 U 7
17 0 L 4
18 1 U 11
19 0 U -1
20 1 U 2
21 1 U 10
22 1 U -1
23 0 L 2
24 0 U -1
25 0 L 17
26 0 L 8
27 1 U 21
28 1 L -1
29 0 L 26
30 1 U 2
31 0 U 19
32 1 U 19
33 0 L 7
34 0 L 30
35 0 U -1
36 0 L 6
37 0 L -1
38 1 U 28
39 0 U 17
40 1 L 5
41 1 U 18
42 0 U -1
43 0 L 15
44 0 U 22
45 0 U 6
46 1 L 4
47 0 U 38
48 0 U 32
49 0 L -1
50 1 U 10
51 1 L 47
52 0 U 1
53 0 L 23
54 1 L 6
55 1 U 4
56 1 L 24
57 1 U 19
58 0 L 0
59 1 U 7
60 0 U 23
61 0 U 29
62 1 U -1
63 1 L 38
64 0 U 57
65 0 L 36
66 1 L 34
67 1 U 13
68 1 U 27
69 1 L 9
70 0 L 35
71 1 L 30
72 1 U 21
73 0 U 23
74 1 U 58
75 0 L 23
76
0 1 U -1
1 1 U 0
2 0 U -1
3 0 U -1
4 1 U -1
5 1 L 0
6 1 U -1
7 0 U -1
8 0 L 6
9 0 L 1
10 0 U 2
11 0 U 8
12 1 L 6
13 1 L 8
14 0 U 2
15 0 L 9
16 0 L 3
17 0 L 10
18 1 U 11
19 0 U -1
20 1 U 2
21 1 U 10
22 1 U -1
23 0 L 2
24 0 U -1
25 0 L 17
26 1 L 8
27 1 U 21
28 1 L -1
29 0 L 26
30 0 L 2
31 0 U 19
32 1 U 8
33 0 L 13
34 0 L 25
35 0 U -1
36 1 L 3
37 0 L -1
38 1 U 28
39 0 U 17
40 0 L 23
41 1 U 18
42 1 L -1
43 1 L 15
44 1 U 8
45 1 U 6
46 1 U 4
47 0 U 38
48 0 U 32
49 0 L -1
50 1 U 32
51 0 L 47
52 0 U 35
53 0 L 23
54 1 U 6
55 0 U 2
56 1 L 24
57 1 U 24
58 0 L 0
59 0 L 56
60 0 U 23
61 0 U 29
62 0 U -1
63 1 L 40
64 0 U 51
65 0 L 15
66 1 L 34
67 0 L 16
68 1 U 42
69 1 L 9
70 0 L 35
71 1 L 14
72 1 U 30
73 1 U 9
74 0 U 39
75 0 L 2
76
0 1 U -1
1 1 U 0
2 0 U -1
3 0 U -1
4 1 U -1
5 1 L 1
6 1 U -1
7 0 U -1
8 0 L 6
9 0 L 1
10 0 U 2
11 0 U 8
12 1 L 6
13 1 L 6
14 0 U 2
15 0 L 9
16 0 L 15
17 0 L 10
18 1 U 11
19 0 U -1
20 0 L 2
21 1 U 10
22 1 U -1
23 0 L 2
24 0 U 6
25 0 L 17
26 1 L 8
27 1 U 21
28 1 L -1
29 0 L 26
30 0 L 28
31 0 U 19
32 1 U 8
33 0 L 26
34 0 L 29
35 0 U -1
36 0 L 3
37 0 L -1
38 1 U 28
39 0 U 17
40 0 L 23
41 1 U 18
42 1 L -1
43 0 L 40
44 1 U 8
45 1 U -1
46 1 U 4
47 0 U 38
48 0 U 32
49 0 L 1
50 1 U 32
51 0 L 47
52 0 U 0
53 0 L 23
54 1 U 6
55 0 U 35
56 1 L 24
57 1 U 7
58 0 L 0
59 0 L 34
60 0 U 13
61 0 U 29
62 0 U 51
63 0 L 43
64 0 L 51
65 1 L 15
66 0 L 8
67 1 L 16
68 1 U 42
69 1 L 9
70 0 L 24
71 1 L 18
72 0 U 30
73 0 U 9
74 1 U 26
75 0 L 66
76
0 1 L -1
1 1 U 0
2 0 U -1
3 0 U -1
4 1 U -1
5 1 L 1
6 1 U -1
7 0 U -1
8 0 L 6
9 0 L 1
10 0 U 2
11 0 U 8
12 1 L 6
13 1 L 10
14 0 U 2
15 0 L 9
16 1 L 3
17 0 L 10
18 1 U 5
19 0 U -1
20 0 L 5
21 1 U 10
22 1 U -1
23 0 L 2
24 0 U 6
25 0 L 17
26 1 L 8
27 1 L 22
28 0 L 25
29 0 L 26
30 0 L 0
31 0 U 3
32 1 U 8
33 0 L 12
34 0 L 18
35 0 U -1
36 0 L 20
37 0 L -1
38 1 U 14
39 0 U 17
40 0 L 23
41 0 U 18
42 1 L -1
43 0 L 15
44 0 U 8
45 1 U -1
46 1 U 8
47 0 U 38
48 0 U 32
49 1 L 1
50 1 U 10
51 0 L 47
52 1 U 0
53 0 L 23
54 1 U 48
55 1 U -1
56 1 L 24
57 1 U 7
58 0 L 1
59 1 L 51
60 0 U 41
61 0 U 29
62 1 U 9
63 1 U 11
64 1 L 15
65 1 L 15
66 0 L 8
67 1 L 16
68 1 U 42
69 1 L 53
70 0 L 24
71 1 U 64
72 0 U 30
73 1 U 44
74 0 U 29
75 0 U 19
76
0 1 U -1
1 1 U 0
2 0 U -1
3 0 U -1
4 1 U -1
5 0 L 2
6 1 U -1
7 0 U -1
8 0 L 6
9 0 L 1
10 0 U 2
11 0 U 8
12 1 L 6
13 1 L 10
14 0 U 2
15 0 L 9
16 0 L 3
17 0 L 10
18 1 U 5
19 0 U -1
20 1 L 5
21 1 U 10
22 1 U -1
23 1 L 2
24 0 U 6
25 0 L 17
26 1 L 11
27 0 U 24
28 0 L 6
29 0 L 26
30 0 L 0
31 0 U 22
32 0 U -1
33 0 L 12
34 1 U 29
35 0 U 24
36 1 L 20
37 0 L -1
38 1 U 23
39 0 U 25
40 0 L 37
41 0 U 18
42 1 L -1
43 1 L 40
44 1 U 8
45 0 U -1
46 0 L 2
47 0 U 37
48 0 U 32
49 1 L 1
50 0 U 10
51 1 L 47
52 1 U 0
53 0 L 23
54 1 U 12
55 1 U -1
56 1 L 24
57 1 U 7
58 0 L 1
59 0 U 22
60 0 U 37
61 0 U 29
62 0 L 15
63 0 L 11
64 1 L 15
65 0 L 15
66 0 L 8
67 1 U 16
68 1 U 42
69 0 L 35
70 0 U 41
71 1 U 31
72 0 U 30
73 0 U 44
74 1 U 29
75 1 L 19
76
0 1 L -1
1 1 U 0
2 0 U -1
3 0 U -1
4 1 U -1
5 0 L 2
6 1 U -1
7 0 U -1
8 0 L 6
9 0 L 1
10 0 U 2
11 0 U 8
12 1 L 6
13 0 L 4
14 0 U 2
15 0 L 9
16 0 L 15
17 0 L 10
18 1 U 11
19 0 U -1
20 1 L 9
21 1 U 9
22 1 U -1
23 0 L 2
24 0 U 6
25 0 L 17
26 0 L 11
27 0 U 24
28 1 L 6
29 1 L 26
30 0 L 0
31 0 U 22
32 0 U -1
33 0 L 24
34 1 U 22
35 0 U 8
36 0 L 15
37 0 L -1
38 1 U 14
39 0 U 25
40 0 L 37
41 0 U 18
42 1 L -1
43 1 L 14
44 0 U 8
45 0 U 6
46 0 U 18
47 0 U 37
48 1 U 32
49 0 L 1
50 0 U 10
51 1 L 47
52 1 U 48
53 0 L 49
54 1 U 12
55 0 U 15
56 1 L 24
57 1 U 24
58 0 L 1
59 0 L 4
60 0 U 41
61 0 U 29
62 1 U 15
63 0 U 37
64 0 L 29
65 0 L 15
66 0 L 65
67 0 U 16
68 1 U 42
69 0 L 35
70 0 U 41
71 1 U 20
72 0 L 30
73 1 U 44
74 0 U 56
75 0 L 19
76
0 1 U -1
1 1 U 0
2 0 U -1
3 0 U -1
4 1 U -1
5 0 L 2
6 1 U -1
7 0 U -1
8 0 L 6
9 0 L 1
10 0 U 2
11 0 U 8
12 1 L 6
13 1 L 4
14 0 U 1
15 0 L 9
16 1 L 15
17 0 L 10
18 1 U 11
19 0 U -1
20 0 U 9
21 1 U 15
22 1 U -1
23 0 L 2
24 0 U 6
25 0 L 17
26 0 L 11
27 0 U 19
28 1 U 6
29 0 L 26
30 0 L 0
31 0 U 22
32 0 U -1
33 0 L 24
34 1 U 19
35 0 U 8
36 0 L 15
37 0 L 0
38 1 U 14
39 0 U 21
40 0 L 37
41 1 U 18
42 1 L -1
43 1 L 14
44 0 U 8
45 0 U 6
46 0 U 18
47 0 U 37
48 0 U 32
49 0 L 1
50 0 U 10
51 1 L 33
52 1 U 48
53 0 L 49
54 1 L 8
55 1 L 15
56 1 L 24
57 1 U 24
58 0 L 1
59 0 U 46
60 0 U 51
61 0 U 29
62 0 U 14
63 0 L 8
64 0 L 31
65 0 L 3
66 0 L 65
67 0 U 52
68 1 U 42
69 0 L 35
70 1 U 17
71 1 L 20
72 0 L 30
73 0 U 46
74 1 U 47
75 0 U 6
76
0 1 L -1
1 1 U 0
2 0 U -1
3 0 U -1
4 1 U -1
5 0 L 2
6 1 U -1
7 0 U -1
8 0 L 6
9 0 L 1
10 0 U 2
11 0 U 2
12 1 L 6
13 1 L 3
14 0 U 2
15 0 L 9
16 1 L 5
17 0 L 6
18 1 U 11
19 0 U -1
20 1 U 9
21 1 U 14
22 1 U -1
23 0 L 2
24 0 U 6
25 1 L 17
26 0 L 6
27 1 U 19
28 0 L -1
29 0 L 26
30 0 L 0
31 0 U 22
32 0 U -1
33 0 L 24
34 1 U 2
35 0 U 8
36 1 L 15
37 0 L -1
38 1 U 14
39 0 U 21
40 0 L 23
41 1 U 20
42 1 L -1
43 0 L 14
44 0 U 19
45 0 U 6
46 0 U 18
47 0 U 46
48 0 U 32
49 0 L 1
50 0 U 10
51 1 L 33
52 1 U 48
53 0 L 49
54 1 L 8
55 1 L 15
56 1 L 24
57 1 U 24
58 0 L 1
59 0 L 20
60 0 U 51
61 0 U 29
62 0 L 15
63 0 L 27
64 1 L 31
65 0 L 3
66 0 L 55
67 1 U 52
68 1 U 42
69 0 L 35
70 0 L 51
71 0 U 21
72 0 L 49
73 0 U 16
74 0 U 47
75 0 U 31
76
0 1 L -1
1 1 U 0
2 0 U -1
3 0 U -1
4 1 U -1
5 0 L 2
6 1 U -1
7 0 U -1
8 0 L 6
9 0 L 1
10 0 U 2
11 0 U 2
12 1 L 6
13 1 L 3
14 0 U 2
15 0 L 9
16 0 L 5
17 0 L 10
18 1 U 11
19 0 U -1
20 1 U 9
21 1 U 14
22 1 U -1
23 0 L 8
24 0 U 6
25 1 L 17
26 0 L 8
27 1 U 19
28 0 L -1
29 0 L 26
30 0 L 18
31 0 U 22
32 0 U -1
33 0 L 24
34 1 U 2
35 0 U 8
36 1 L 15
37 0 L -1
38 1 U 14
39 0 U 23
40 0 L 37
41 1 U 20
42 1 L -1
43 0 L 14
44 1 U 19
45 0 U 6
46 0 U 18
47 0 U 46
48 0 U 32
49 0 L 1
50 0 U 10
51 1 L 33
52 1 U 2
53 0 L 37
54 1 L 8
55 1 L 3
56 1 L 24
57 1 U 24
58 0 L -1
59 0 U 51
60 1 U 51
61 0 U 29
62 0 L 15
63 0 L 29
64 1 L 31
65 0 L 3
66 0 L 62
67 1 U 20
68 0 U 42
69 0 L 35
70 0 L 51
71 1 U 58
72 0 L 49
73 0 U 16
74 1 U 62
75 0 U 73
76
0 1 L -1
1 1 U 0
2 0 U -1
3 0 U -1
4 1 U -1
5 0 L 2
6 1 U -1
7 0 U -1
8 0 L 6
9 0 L 1
10 0 U 2
11 0 U 8
12 1 L 10
13 1 L 1
14 0 U 3
15 0 L 9
16 1 L 9
17 0 L 6
18 1 U 11
19 0 U -1
20 1 U 9
21 1 U 14
22 1 U -1
23 0 L 20
24 0 U 6
25 0 L 17
26 0 L 8
27 0 U 24
28 1 U 19
29 0 L 26
30 1 L 5
31 0 U 22
32 0 U -1
33 0 L 24
34 1 U 28
35 0 U 33
36 0 L 15
37 0 L -1
38 1 L 33
39 0 U 21
40 0 L 37
41 0 U 20
42 1 L -1
43 1 L 14
44 0 U 27
45 0 U 6
46 0 U 18
47 0 U 46
48 0 U 32
49 0 L -1
50 0 U 10
51 1 L 33
52 1 U 19
53 0 U 37
54 1 L 8
55 1 L 3
56 1 L 24
57 1 U 24
58 0 L -1
59 1 L 21
60 0 U 14
61 0 U 49
62 0 L 40
63 0 U 17
64 1 L 43
65 0 L 3
66 0 L 62
67 1 U 15
68 0 U 21
69 0 L 35
70 0 U 44
71 1 L -1
72 0 L 49
73 0 L 52
74 1 U 62
75 0 U 36
76
0 1 U -1
1 1 U 0
2 0 U -1
3 0 U -1
4 1 U -1
5 0 L 2
6 1 U -1
7 0 U -1
8 0 L 6
9 0 L 1
10 0 U 2
11 0 U 0
12 1 L 10
13 1 L 1
14 0 U 3
15 0 L 9
16 1 L 9
17 0 L 6
18 1 U 11
19 0 U -1
20 1 U 9
21 1 U 14
22 1 U -1
23 1 U 20
24 0 U 6
25 0 L 17
26 0 L 6
27 0 U 24
28 0 U 3
29 1 L 26
30 1 L 5
31 0 U 22
32 0 U -1
33 0 L 24
34 1 U 15
35 0 U 33
36 0 L 16
37 0 L -1
38 1 L 28
39 0 U 21
40 0 L 37
41 0 U 20
42 1 L -1
43 1 L 14
44 1 U 22
45 0 U 6
46 1 U 41
47 0 L 16
48 1 U 7
49 0 L -1
50 0 U 35
51 1 L 33
52 1 U 1
53 0 U 37
54 1 L 8
55 0 L 23
56 1 L 24
57 1 U 24
58 0 L -1
59 1 L 3
60 0 U 14
61 0 U 49
62 1 L 3
63 0 U 6
64 0 L 13
65 0 L 40
66 0 L 62
67 0 U 50
68 0 U 21
69 0 L 35
70 0 U 44
71 1 U -1
72 0 L 49
73 1 L 68
74 1 U 56
75 1 U 67
76
0 1 U -1
1 1 U 0
2 0 U -1
3 0 U -1
4 1 U -1
5 0 L 2
6 1 U -1
7 0 U -1
8 0 L 4
9 0 L 1
10 0 U 4
11 0 U 7
12 1 L 10
13 1 L 1
14 0 U 3
15 1 L 9
16 1 L 9
17 0 L 6
18 1 U 10
19 0 U -1
20 1 U 12
21 1 U 14
22 1 U -1
23 0 U 9
24 0 U 6
25 0 L 17
26 0 L 6
27 0 U 24
28 0 U 11
29 0 L 26
30 1 L 24
31 0 U 22
32 0 U -1
33 0 L 24
34 1 U 20
35 0 U 33
36 0 L 16
37 0 L -1
38 1 L 28
39 0 U 21
40 0 L 37
41 1 U 20
42 1 L -1
43 0 L 14
44 1 U 22
45 0 U 6
46 1 U 7
47 0 L 16
48 0 U 7
49 0 L -1
50 1 U 23
51 1 L 33
52 1 U 1
53 0 U 37
54 0 L 8
55 0 U 23
56 1 L 24
57 1 U 24
58 0 L -1
59 1 L 43
60 0 U 14
61 0 U 49
62 0 L 3
63 1 U 60
64 0 L 3
65 1 L 40
66 0 L 62
67 0 U -1
68 0 U 63
69 0 L 35
70 0 U 44
71 1 L 4
72 1 L 49
73 0 U 53
74 0 U 56
75 0 U 21
76
0 1 L -1
1 1 U 0
2 0 U -1
3 0 U -1
4 1 U -1
5 0 L 2
6 1 U -1
7 0 U -1
8 0 L 4
9 0 L 1
10 0 U 4
11 0 U 7
12 1 L 10
13 1 L 1
14 0 U 2
15 1 L 9
16 0 L 9
17 0 L 8
18 1 U 10
19 0 U -1
20 1 U 12
21 1 U 15
22 1 U -1
23 0 U 9
24 0 U -1
25 0 L 17
26 0 L 10
27 1 L 18
28 0 U 11
29 0 L 26
30 1 U 24
31 0 U 22
32 0 U -1
33 0 L 24
34 1 U 20
35 0 U 33
36 0 L 16
37 0 L -1
38 0 L 28
39 0 U 21
40 0 L 37
41 1 U 20
42 1 L -1
43 1 L 14
44 0 U 1
45 1 U 6
46 1 L 7
47 0 L 3
48 0 L 6
49 0 L -1
50 1 U 20
51 1 L 33
52 1 U 45
53 0 U 37
54 1 L 49
55 1 U 23
56 1 L 24
57 1 U 24
58 0 L -1
59 1 L 43
60 0 U 23
61 0 U 49
62 1 L 3
63 1 U 60
64 1 L 49
65 0 L 28
66 0 L 62
67 0 U -1
68 0 U 63
69 0 L 35
70 0 L 52
71 0 U 50
72 0 L 2
73 1 U 70
74 1 U 68
75 0 U 21
76
0 1 U -1
1 1 U 0
2 0 U -1
3 0 U -1
4 1 U -1
5 0 L 2
6 1 U -1
7 0 U -1
8 0 L 4
9 0 L 1
10 0 U 4
11 0 U 7
12 1 L 10
13 1 L 0
14 0 U 2
15 1 L 9
16 1 L 9
17 0 L 8
18 1 U 11
19 0 U -1
20 1 U 12
21 1 U 15
22 1 U -1
23 0 U 18
24 0 U -1
25 0 L 17
26 0 L 10
27 1 L 20
28 0 U 3
29 0 L 26
30 0 U 0
31 0 U 22
32 1 U -1
33 0 L 24
34 1 U 20
35 0 U 33
36 0 L 16
37 0 L -1
38 0 L 21
39 0 U 21
40 0 L 13
41 1 U 23
42 1 L -1
43 1 L 14
44 0 U 5
45 1 U 6
46 0 U 6
47 0 L 16
48 0 U 6
49 0 L -1
50 1 U 44
51 1 L 33
52 1 U 11
53 0 U 37
54 1 L 42
55 1 U 23
56 1 L 24
57 1 U 30
58 0 L 6
59 0 L 40
60 0 U 9
61 0 U 49
62 0 L 3
63 0 U 60
64 1 L 4
65 0 L 36
66 0 L 29
67 0 L -1
68 1 U 63
69 0 L 35
70 0 L 52
71 1 U 27
72 0 L 2
73 0 U 70
74 1 U 68
75 1 U 46
76
0 1 U -1
1 1 U 0
2 0 U -1
3 0 U -1
4 1 U -1
5 0 L 2
6 1 U -1
7 0 U -1
8 0 L 4
9 0 L 1
10 0 U 4
11 0 U 7
12 1 L 10
13 1 L 1
14 0 U 2
15 1 L 9
16 1 L 9
17 0 L 8
18 1 U 11
19 0 U -1
20 1 U 12
21 1 U 15
22 1 U -1
23 0 U 18
24 0 U -1
25 1 L 17
26 0 L 10
27 0 L 26
28 0 U 1
29 0 L 26
30 1 U 6
31 0 U 22
32 1 U -1
33 0 L 24
34 1 U 20
35 0 U 33
36 0 L 16
37 0 L -1
38 0 L 19
39 0 U 21
40 0 L 37
41 1 U 23
42 1 L -1
43 1 L 14
44 0 U 5
45 1 U 6
46 0 U 40
47 0 L 16
48 1 U 6
49 0 L 1
50 1 U 44
51 1 L 33
52 1 U 11
53 0 U 37
54 1 L 42
55 0 U 9
56 1 L 24
57 1 U 0
58 0 L 6
59 1 U 38
60 0 U 9
61 0 U 49
62 1 L 3
63 0 U 60
64 1 L 11
65 0 L 47
66 0 L 29
67 1 L 49
68 0 U 63
69 0 L 66
70 0 L 52
71 1 U 60
72 0 L 2
73 1 U 71
74 1 U 49
75 1 U 46
76
0 1 L -1
1 1 U 0
2 0 U -1
3 0 U -1
4 1 U -1
5 0 L 2
6 1 U -1
7 0 U -1
8 0 L 4
9 0 L 1
10 0 U 4
11 0 U 7
12 1 L 10
13 1 L 1
14 0 U 11
15 1 L 9
16 1 L 9
17 0 L 8
18 1 U 11
19 0 U -1
20 1 U 12
21 1 U 15
22 1 U -1
23 0 U 18
24 0 U -1
25 1 L 17
26 0 L 6
27 0 L 26
28 0 U 1
29 0 L 26
30 1 L 3
31 0 U 8
32 0 U -1
33 0 U 24
34 1 U 20
35 0 U 3
36 0 L 16
37 0 L -1
38 0 L 27
39 0 U 21
40 0 L 37
41 0 U 23
42 1 L -1
43 1 L 14
44 0 U 33
45 1 U 6
46 0 U 27
47 0 L 16
48 0 U 6
49 0 L 1
50 1 U 44
51 1 U 33
52 1 U 11
53 1 U 37
54 1 L 42
55 1 U 50
56 1 L 24
57 1 U 33
58 0 L 6
59 1 U 27
60 1 U 28
61 0 U 49
62 0 L 16
63 1 U 40
64 1 L 11
65 0 L 10
66 0 L 28
67 1 L 1
68 0 U 63
69 0 L 66
70 0 L 52
71 1 U 63
72 1 L 49
73 0 L 71
74 1 U 68
75 1 L 0
76
0 1 L -1
1 1 U 0
2 0 U -1
3 0 U -1
4 1 U -1
5 0 L 2
6 1 U -1
7 0 U -1
8 0 L 0
9 0 L 1
10 0 U 4
11 0 U 7
12 1 L 10
13 1 L -1
14 0 U 11
15 1 L 9
16 0 L 9
17 0 L 10
18 1 U 2
19 0 U -1
20 1 U 12
21 1 U 14
22 1 U -1
23 1 U 9
24 0 U -1
25 0 L 17
26 1 L 10
27 0 L 16
28 0 U 1
29 0 L 14
30 0 L 3
31 0 U 22
32 0 U -1
33 0 U 24
34 1 U 20
35 0 U 2
36 0 L 16
37 0 L -1
38 0 L 19
39 0 U 36
40 0 L 37
41 1 U 23
42 1 L -1
43 1 L 14
44 0 U 24
45 1 U 6
46 0 U 36
47 0 L 16
48 0 U 6
49 0 L 1
50 1 U 44
51 1 U 4
52 1 U 22
53 1 U 37
54 1 L 42
55 1 U 50
56 1 L 24
57 1 U 33
58 1 L 47
59 1 U 25
60 1 U 28
61 0 U 49
62 0 L 30
63 0 U 40
64 1 L 16
65 0 L 10
66 0 L 28
67 1 L 60
68 0 U 63
69 0 L 66
70 0 L 51
71 1 U 46
72 1 L 49
73 1 U 71
74 1 U 68
75 0 U 32
76
0 1 U -1
1 1 U 0
2 0 U -1
3 0 U -1
4 1 U -1
5 0 L 2
6 1 U -1
7 0 U -1
8 0 L 0
9 0 L 1
10 0 U 4
11 0 U 7
12 1 L 10
13 1 L -1
14 0 U 2
15 1 L 9
16 1 L 9
17 0 L 10
18 1 U 3
19 0 U -1
20 1 U 12
21 1 U 14
22 1 U -1
23 1 U 15
24 0 U -1
25 0 L 17
26 0 L 10
27 1 L 16
28 0 U 1
29 0 L 14
30 0 L 3
31 0 U 22
32 0 U -1
33 0 U 24
34 1 U 20
35 0 U 3
36 0 L 16
37 0 L -1
38 0 L 10
39 0 U 36
40 0 L 37
41 1 U 23
42 1 L -1
43 1 L 14
44 0 U 24
45 1 U 6
46 0 U 36
47 1 L 16
48 0 U 6
49 0 L 1
50 1 U 44
51 1 U 4
52 1 U 19
53 0 U 37
54 1 L 37
55 0 U 16
56 1 L 24
57 1 U 33
58 0 L 47
59 0 U 37
60 1 U 28
61 0 U 49
62 0 L 26
63 0 U 40
64 0 L 16
65 0 L 10
66 0 L 28
67 1 L 52
68 0 U 63
69 0 L 66
70 0 L 51
71 1 U 46
72 1 L 49
73 1 U 71
74 1 U 68
75 0 U 15
76
0 1 U -1
1 1 U 0
2 0 U -1
3 0 U -1
4 1 U -1
5 0 L 2
6 1 U -1
7 0 U -1
8 1 L 4
9 0 L 1
10 0 U 4
11 0 U 0
12 1 L 6
13 1 L -1
14 0 U 2
15 1 L 5
16 0 L 9
17 1 L 4
18 1 U 3
19 0 U -1
20 1 U 12
21 1 U 14
22 1 U -1
23 0 U 15
24 0 U -1
25 0 L 17
26 1 L 11
27 1 U 19
28 0 U 1
29 1 L 14
30 0 L 3
31 0 U 22
32 0 U -1
33 0 U 7
34 1 U 20
35 0 U 22
36 0 L 16
37 0 L -1
38 1 L 10
39 0 U 36
40 0 L 37
41 1 U 23
42 1 L -1
43 0 L 14
44 1 U 0
45 1 U 6
46 0 L 12
47 1 L 16
48 0 U 6
49 0 L 1
50 1 U 44
51 1 U 4
52 1 U 48
53 0 U 37
54 1 L 49
55 0 U 13
56 1 L 24
57 1 U 22
58 1 L 10
59 0 U 16
60 0 U 31
61 0 U 49
62 0 U 16
63 0 U 41
64 0 L 16
65 0 L 47
66 0 L 28
67 1 L 52
68 0 U 63
69 0 L 66
70 0 L 51
71 1 U 31
72 1 L 49
73 1 U 71
74 1 U 68
75 0 U 28
76
0 1 L -1
1 1 U 0
2 0 U -1
3 0 U -1
4 1 U -1
5 0 L 2
6 1 U -1
7 0 U -1
8 1 L 4
9 0 L 1
10 0 U 4
11 0 U 0
12 1 L 6
13 1 L 0
14 0 U 2
15 1 L 9
16 1 L 9
17 0 L 15
18 1 U 3
19 0 U -1
20 1 U 12
21 1 U 9
22 1 U -1
23 1 U 9
24 0 U -1
25 1 L 8
26 1 L 9
27 0 U -1
28 0 U 1
29 1 L 14
30 1 U 3
31 0 U 22
32 0 U -1
33 0 U 7
34 1 U 20
35 0 U 22
36 1 L 6
37 0 L -1
38 0 L 10
39 0 U 36
40 0 L 37
41 0 U 17
42 1 L -1
43 1 L 14
44 1 U 0
45 1 U 6
46 1 L 18
47 0 L 16
48 0 U 6
49 0 L 1
50 1 U 44
51 1 U 48
52 1 U 48
53 0 U 37
54 0 L -1
55 1 U 13
56 1 L 24
57 1 U 22
58 0 L 10
59 0 U 25
60 0 U 15
61 0 U 40
62 1 L 16
63 1 L 8
64 0 L 16
65 0 L 8
66 0 L 21
67 0 L -1
68 0 U 21
69 0 L 66
70 0 L 51
71 1 U 18
72 0 L 49
73 1 U 71
74 0 L 68
75 1 U 37
76
0 1 U -1
1 1 U 0
2 0 U -1
3 0 U -1
4 1 U -1
5 0 L 2
6 1 U -1
7 0 U -1
8 0 L 4
9 0 L 1
10 0 U 4
11 0 U 0
12 1 L 6
13 1 L 0
14 0 U 2
15 1 L 9
16 0 L 9
17 0 L 15
18 1 U 3
19 0 U -1
20 1 U 12
21 1 U 5
22 1 U -1
23 1 U 9
24 0 U -1
25 1 L 17
26 1 L 13
27 1 U -1
28 1 U 2
29 1 L 14
30 0 L 3
31 0 U 22
32 0 U -1
33 0 U 7
34 1 U 20
35 0 U 11
36 0 L 6
37 0 L -1
38 0 L 17
39 0 U 26
40 0 L 37
41 0 U 17
42 1 L -1
43 0 L 36
44 1 U 24
45 1 U 6
46 0 L 39
47 0 L 16
48 0 U 6
49 0 L 1
50 1 U 44
51 1 U 48
52 1 U 48
53 0 U 37
54 1 L -1
55 0 U 13
56 1 L 31
57 1 U 22
58 0 L 10
59 1 U 50
60 0 U 15
61 0 U 40
62 0 U 16
63 1 U 7
64 1 L 16
65 0 L 12
66 0 L 21
67 1 L 40
68 0 U 60
69 0 L 66
70 0 L 51
71 1 U 18
72 0 L 49
73 0 U 26
74 0 L 68
75 1 L 6
76
0 1 U -1
1 1 U 0
2 0 U -1
3 0 U -1
4 1 U -1
5 0 L 2
6 1 U -1
7 0 U -1
8 0 L 1
9 0 L 1
10 0 U 4
11 0 U 0
12 1 L 6
13 1 L 0
14 0 U 11
15 1 L 9
16 1 L 9
17 0 L 15
18 1 U 2
19 0 U 15
20 1 U 12
21 1 U 14
22 1 U -1
23 1 U 9
24 1 U -1
25 0 L 6
26 1 L 5
27 0 U 11
28 1 U 22
29 0 L 14
30 0 L 3
31 0 U 22
32 0 U -1
33 0 U 7
34 1 U 20
35 0 U 11
36 0 L 11
37 0 L -1
38 0 L 17
39 0 U 34
40 0 L 37
41 1 U 17
42 1 L -1
43 1 L 36
44 0 U 7
45 1 U 6
46 0 L 8
47 0 L 26
48 0 U 6
49 0 L 1
50 1 U 44
51 1 U 48
52 1 U 48
53 0 U 37
54 0 L 3
55 0 U 13
56 1 L 31
57 1 U 7
58 0 L 6
59 0 L 51
60 0 U 15
61 0 U 40
62 1 U 23
63 1 U 13
64 1 L 16
65 0 U 12
66 0 L 21
67 0 L 13
68 0 U 60
69 0 L 66
70 0 L 51
71 1 U 57
72 0 L 49
73 0 U 21
74 0 L 68
75 0 L 29
76
0 1 L -1
1 1 U 0
2 0 U -1
3 0 U -1
4 1 U -1
5 0 L 2
6 1 U -1
7 0 U -1
8 0 L 1
9 0 L 1
10 0 U 4
11 0 U 0
12 1 L 6
13 1 L 0
14 0 U 3
15 1 L 9
16 0 L 13
17 0 L 15
18 1 U 8
19 0 U 9
20 1 U 12
21 1 U 9
22 1 U -1
23 1 U 9
24 0 U -1
25 0 L 6
26 1 L 5
27 0 U 11
28 1 U 22
29 1 L 25
30 0 L 3
31 0 U 22
32 0 U -1
33 0 U 7
34 1 U 20
35 0 U 11
36 1 L 11
37 0 L -1
38 0 L 17
39 0 U 34
40 0 L 37
41 1 U 17
42 0 L -1
43 1 L 36
44 0 U 32
45 1 U 6
46 0 L 8
47 0 L 26
48 0 U 6
49 0 L 8
50 1 U 44
51 1 U 48
52 1 U 48
53 0 U 37
54 0 L 26
55 1 U 50
56 1 L 31
57 1 U 7
58 0 L 11
59 0 L 47
60 0 U 15
61 0 U 38
62 1 U 23
63 0 U 13
64 1 L 16
65 0 U 10
66 0 L 21
67 0 L 13
68 0 U 60
69 0 L 66
70 0 L 51
71 1 L 58
72 0 L 49
73 0 U 35
74 0 L 68
75 1 L 28
76
0 1 L -1
1 1 U 0
2 0 U -1
3 0 U -1
4 1 U -1
5 0 L 2
6 1 U -1
7 0 U -1
8 0 L 1
9 0 L 1
10 0 U 4
11 0 U 7
12 1 L 6
13 1 L 0
14 0 U 11
15 1 L 9
16 1 L 13
17 0 L 15
18 1 U 8
19 0 U 9
20 1 U 12
21 1 U 14
22 1 U -1
23 0 L 18
24 0 U -1
25 0 L 10
26 1 L 5
27 0 U 7
28 1 U 22
29 0 L 25
30 0 L 3
31 0 U 3
32 0 U -1
33 0 U 7
34 1 U 20
35 0 U 28
36 1 L 11
37 0 L -1
38 0 L 10
39 0 U 34
40 0 L 37
41 1 U 20
42 1 L -1
43 1 L 36
44 0 U 32
45 1 U 6
46 1 L 33
47 0 L 26
48 0 U 6
49 0 L 8
50 1 U 44
51 1 U 27
52 1 U 48
53 0 U 37
54 0 L 26
55 1 U 50
56 1 L 31
57 1 U 32
58 0 L 11
59 1 L 28
60 0 L 50
61 0 U 38
62 0 U 51
63 0 L 10
64 1 U 16
65 0 U 52
66 0 L 21
67 0 L 37
68 0 U 60
69 0 L 66
70 0 L 51
71 1 U 70
72 0 L 1
73 0 U 35
74 1 L 68
75 0 L 28
76
0 1 L -1
1 1 U 0
2 0 U -1
3 0 U -1
4 1 U -1
5 0 L 2
6 1 U -1
7 0 U -1
8 0 L 1
9 0 L 1
10 0 U 4
11 0 U 7
12 1 L 6
13 1 L 0
14 0 U 2
15 1 L 9
16 1 L 9
17 0 L 15
18 1 U 3
19 0 U 18
20 1 U 12
21 1 U 14
22 1 U -1
23 0 L 18
24 0 U -1
25 0 L 10
26 1 L 5
27 0 U 7
28 1 U 8
29 0 L 25
30 0 L 3
31 0 U 3
32 0 U -1
33 0 U 7
34 1 U 20
35 0 U 28
36 1 L 11
37 0 L -1
38 0 L 10
39 0 U 23
40 0 L 26
41 1 U 20
42 1 L 1
43 1 L 36
44 0 U 32
45 1 U 6
46 1 L 33
47 0 L 26
48 0 U 6
49 0 L 8
50 1 U 44
51 1 U 27
52 1 U 48
53 0 U 37
54 0 L 26
55 1 U 50
56 1 L 31
57 1 U 32
58 0 L 11
59 1 L 17
60 0 L 50
61 0 U 38
62 0 U 51
63 1 U 50
64 1 U 16
65 0 U 23
66 0 L 21
67 1 L 37
68 0 U 60
69 0 L 66
70 0 L 51
71 0 L 5
72 0 L 1
73 0 U 30
74 1 L 68
75 0 U 26
76
0 1 U -1
1 1 U 0
2 0 U -1
3 0 U -1
4 1 U -1
5 0 L 2
6 1 U -1
7 0 U -1
8 0 L 1
9 0 L 1
10 0 U 4
11 0 U 7
12 1 L 6
13 1 L 0
14 0 U 3
15 1 L 9
16 1 L 13
17 0 L 15
18 1 U 2
19 0 U 18
20 1 U 12
21 1 U 14
22 1 U -1
23 0 L 18
24 0 U -1
25 0 L 10
26 1 L 5
27 0 U 7
28 1 U 2
29 1 L 25
30 0 L 15
31 0 U 3
32 0 U -1
33 0 U 7
34 1 U 30
35 0 U 28
36 1 L 17
37 0 L -1
38 0 L 30
39 0 L 21
40 0 L 26
41 1 U 20
42 1 L 1
43 1 L 36
44 1 U 32
45 1 U 6
46 1 L 33
47 0 L 26
48 1 U -1
49 1 L 8
50 1 U 44
51 1 U 27
52 1 U 4
53 0 U 37
54 1 L 16
55 1 U 14
56 1 L 31
57 1 U 48
58 0 L 11
59 0 U 10
60 0 L 50
61 0 U 38
62 1 L 8
63 0 L 30
64 1 U 13
65 0 U 23
66 0 L 21
67 1 L 42
68 0 U 60
69 0 L 66
70 0 L 51
71 0 L 52
72 0 L -1
73 0 U 31
74 0 L 68
75 0 L 40
76
0 1 U -1
1 1 U 0
2 0 U -1
3 0 U -1
4 1 U -1
5 0 L 2
6 1 U -1
7 0 U -1
8 0 L -1
9 0 L 1
10 0 U 4
11 0 U 7
12 1 L 6
13 1 L 0
14 0 U 11
15 1 L 9
16 1 L 13
17 0 L 15
18 1 U 3
19 0 U 18
20 1 U 12
21 1 U 14
22 1 U -1
23 0 L 18
24 0 U -1
25 0 L 10
26 1 L 5
27 0 U 24
28 1 U 3
29 0 L 25
30 0 L 15
31 0 U 22
32 0 U -1
33 0 U 7
34 1 U 30
35 0 U 28
36 1 L 11
37 0 L -1
38 0 L 30
39 0 L 21
40 0 L 26
41 1 U 14
42 1 L 1
43 1 L 38
44 0 U 32
45 1 U 6
46 1 L 33
47 0 L 26
48 1 U -1
49 1 L 8
50 1 U 11
51 1 U 27
52 1 U 4
53 0 U 37
54 0 L 16
55 1 U 12
56 1 L 31
57 1 U 48
58 0 L 11
59 1 U 51
60 1 L 50
61 0 U 38
62 0 U 8
63 1 U 50
64 1 U 13
65 0 U 23
66 0 L 21
67 1 L 42
68 0 U 60
69 0 L 66
70 0 L 62
71 0 U 52
72 1 L -1
73 1 L 72
74 1 L 68
75 1 L 52
76
0 1 U -1
1 1 U 0
2 0 U -1
3 0 U -1
4 1 U -1
5 0 L 2
6 1 U -1
7 0 U -1
8 0 L -1
9 0 L 1
10 0 U 4
11 0 U 7
12 1 L 6
13 1 L -1
14 0 U 11
15 1 L 9
16 0 L 5
17 0 L 15
18 1 U 3
19 0 U 18
20 1 U 12
21 1 U 14
22 1 U -1
23 0 L 18
24 0 U -1
25 0 L 10
26 1 L 9
27 0 U 24
28 1 U 3
29 0 L 25
30 0 L 15
31 0 U 2
32 0 U -1
33 0 U 7
34 1 U 30
35 0 U 28
36 1 L 11
37 0 L -1
38 0 L 30
39 0 L 21
40 0 L 26
41 1 U 14
42 1 L 1
43 1 L 25
44 0 U 32
45 1 U -1
46 1 L 33
47 0 L 26
48 1 U -1
49 1 L 8
50 1 U 11
51 1 U 27
52 1 U 27
53 0 U 37
54 0 L 16
55 1 U 12
56 1 L 31
57 1 U 48
58 0 L 11
59 1 U 51
60 1 L 50
61 0 U 38
62 0 U 8
63 1 L 31
64 1 U 13
65 0 U 23
66 0 L 21
67 1 L 42
68 0 U 60
69 0 L 66
70 0 L 62
71 0 U 52
72 1 L 1
73 1 L 72
74 1 L 68
75 0 L 4
76
0 1 U -1
1 1 U 0
2 0 U -1
3 0 U -1
4 1 U -1
5 0 L 2
6 1 U -1
7 0 U -1
8 0 L -1
9 0 L 1
10 0 U 2
11 0 U 7
12 1 L 6
13 1 L 8
14 0 U 3
15 1 L 9
16 1 L 5
17 1 L 15
18 1 U 3
19 0 U 9
20 1 U 12
21 1 U 14
22 1 U -1
23 0 L 18
24 0 U -1
25 0 L 10
26 1 L 9
27 0 U 24
28 1 U 22
29 1 L 25
30 0 L 15
31 0 U 11
32 0 U -1
33 0 U 7
34 1 U 16
35 0 U 11
36 1 L 10
37 0 L -1
38 0 L 10
39 0 L 21
40 0 L 3
41 1 U 20
42 1 L 1
43 1 L 25
44 0 U 32
45 1 U -1
46 1 L 33
47 0 L 26
48 0 U -1
49 1 L 8
50 1 U 11
51 1 U 27
52 1 U 27
53 0 U 37
54 0 L 16
55 1 U 51
56 1 L 31
57 1 U 32
58 0 L 54
59 1 L 51
60 1 L 50
61 0 U 49
62 1 U 5
63 1 L 58
64 1 U 13
65 0 U 23
66 0 L 27
67 1 U 5
68 0 U 60
69 0 L 66
70 0 L 45
71 0 U 25
72 1 L 1
73 0 L 72
74 1 L 68
75 1 L 3
76
0 1 U -1
1 1 U 0
2 0 U -1
3 0 U -1
4 1 U -1
5 0 L 0
6 1 U -1
7 0 U -1
8 0 L -1
9 0 L 8
10 0 U 2
11 0 U 7
12 1 L 6
13 1 L 8
14 0 U 3
15 1 L 9
16 0 L 9
17 1 L 15
18 1 U 3
19 0 U 9
20 1 U 10
21 1 U 14
22 1 U -1
23 0 L 18
24 0 U -1
25 0 L 6
26 0 L 9
27 0 U 24
28 1 U 22
29 1 L 14
30 1 U 15
31 0 U 11
32 0 U -1
33 0 U 7
34 1 U 30
35 0 U 28
36 0 L 10
37 0 L -1
38 0 L -1
39 0 L 21
40 0 L 3
41 0 U 20
42 1 L 1
43 1 L 25
44 0 U 32
45 1 U -1
46 1 L 33
47 1 L 26
48 0 U -1
49 1 L 8
50 1 U 11
51 1 U 27
52 1 U 27
53 0 U 20
54 0 L 16
55 1 U 12
56 1 L 31
57 1 U 32
58 1 L 54
59 1 L 51
60 1 L 50
61 0 U 49
62 1 U 5
63 0 U 40
64 1 U 55
65 0 U 23
66 0 L 43
67 0 U 5
68 0 U 60
69 0 L 66
70 0 L 45
71 1 U 16
72 1 L 1
73 0 L 70
74 1 L 68
75 1 L 51
76
0 1 U -1
1 1 U 0
2 0 U -1
3 0 U -1
4 1 U -1
5 0 L 0
6 1 U -1
7 0 U -1
8 0 L -1
9 0 L 8
10 0 U 2
11 0 U 7
12 1 L 6
13 1 L 8
14 0 U 2
15 1 L 9
16 0 L 9
17 0 L 15
18 1 U 3
19 0 U 9
20 1 U 8
21 1 U 14
22 1 U -1
23 0 L 18
24 0 U -1
25 0 L 6
26 0 L 9
27 1 U 24
28 1 U 3
29 1 L 14
30 1 U 15
31 0 U 11
32 0 U -1
33 0 U 0
34 1 U 30
35 0 U 28
36 1 L 4
37 0 L -1
38 0 L 8
39 0 L 21
40 0 L 3
41 1 U 20
42 1 L -1
43 1 L 25
44 1 U 32
45 1 U -1
46 1 L 7
47 1 L 26
48 0 U -1
49 1 L 8
50 1 U 28
51 1 U 27
52 1 U 27
53 0 U 17
54 0 L 16
55 0 U 10
56 1 L 31
57 1 U 32
58 1 L 17
59 1 L 41
60 0 L 50
61 0 U 49
62 1 L 5
63 1 L 40
64 1 U 55
65 0 U 23
66 0 L 43
67 0 L 5
68 0 U 60
69 0 L 66
70 0 L 45
71 1 L 17
72 1 L 8
73 0 L 70
74 1 L 61
75 1 U 51
76
0 1 U -1
1 1 U 0
2 0 U -1
3 0 U -1
4 1 U -1
5 0 L 0
6 1 U -1
7 0 U -1
8 0 L -1
9 0 L 1
10 0 U 2
11 0 U 0
12 1 L 6
13 1 L -1
14 0 U 2
15 1 L 9
16 1 L 9
17 0 L 15
18 1 U 3
19 0 U 18
20 1 U 12
21 1 U 14
22 1 U -1
23 0 L 18
24 0 U -1
25 0 L 6
26 0 L 9
27 1 U 24
28 1 U 11
29 1 L 14
30 1 U 15
31 0 U 2
32 0 U -1
33 0 U 24
34 1 U 30
35 0 U 28
36 1 L 4
37 0 L -1
38 0 L 8
39 0 L 21
40 0 L 16
41 0 U 20
42 1 L 2
43 1 L 25
44 1 U 7
45 1 U -1
46 1 L 7
47 1 L 40
48 0 U -1
49 1 L 8
50 1 U 28
51 1 U 27
52 1 U 33
53 0 U 17
54 1 L 16
55 1 U 10
56 1 L 31
57 1 U 6
58 1 L 3
59 0 L 58
60 0 L 50
61 0 U 49
62 1 L 37
63 0 U 17
64 0 U 55
65 0 U 23
66 0 L 43
67 0 L 5
68 0 U 60
69 0 L 33
70 0 L 45
71 1 L 3
72 1 L 8
73 0 L 70
74 1 L 61
75 0 U 42
76
0 1 U -1
1 1 U 0
2 0 U -1
3 0 U -1
4 1 U -1
5 0 L 0
6 1 U -1
7 0 U -1
8 0 L -1
9 0 L 1
10 1 U 2
11 0 U 0
12 1 L 6
13 1 L 1
14 0 U 2
15 1 L 9
16 0 L 9
17 0 L 15
18 1 U 2
19 0 U 18
20 1 U 12
21 1 U 14
22 1 U -1
23 0 L 18
24 0 U -1
25 0 L 6
26 0 L 9
27 1 U 24
28 1 U 3
29 1 L 25
30 0 U 15
31 0 U 22
32 0 U -1
33 0 U 24
34 0 U 30
35 0 U 28
36 1 L 4
37 0 L -1
38 0 L 8
39 0 L 21
40 0 L 16
41 0 U 20
42 1 L 2
43 1 L 25
44 0 U 24
45 1 U -1
46 1 L 7
47 1 L 40
48 0 U -1
49 1 L -1
50 1 U 28
51 0 U 4
52 1 U 33
53 0 U 17
54 1 L 42
55 1 U 10
56 1 L 31
57 1 U 50
58 1 L 54
59 0 L 36
60 1 L 50
61 0 U 49
62 1 L 5
63 1 U 44
64 1 U 55
65 0 U 23
66 0 L 23
67 1 U 5
68 0 U 60
69 0 L 33
70 0 L 45
71 1 L 3
72 1 L 8
73 0 L 70
74 1 L 61
75 1 U 57
76
0 1 L -1
1 1 U 0
2 0 U -1
3 0 U -1
4 1 U -1
5 0 L 2
6 1 U -1
7 1 U -1
8 0 L -1
9 0 L 8
10 1 U 2
11 0 U 4
12 1 L 6
13 1 L 1
14 0 U 2
15 1 L 9
16 1 L 9
17 0 L 15
18 1 U 3
19 0 U 18
20 1 U 13
21 1 U 14
22 1 U -1
23 0 L 18
24 0 U -1
25 0 L 17
26 0 L 9
27 1 U 24
28 1 U 22
29 1 L 25
30 0 U 15
31 0 U 2
32 0 U -1
33 0 U 24
34 0 U 30
35 0 U 28
36 1 L 4
37 0 L -1
38 0 L 8
39 0 L 21
40 0 L 16
41 0 U 20
42 1 L 2
43 1 L 25
44 1 U 24
45 1 U -1
46 1 U 7
47 1 L 4
48 0 U 6
49 1 L -1
50 1 U 28
51 1 U 3
52 1 U 22
53 0 U 17
54 1 L 42
55 1 U 10
56 1 L 31
57 1 U 50
58 1 L 54
59 0 L 43
60 1 U 50
61 0 U 49
62 0 L 37
63 0 U 53
64 1 U 55
65 0 U 23
66 0 L 23
67 0 L 5
68 0 U 60
69 0 L 66
70 0 L 51
71 1 L 54
72 1 L 8
73 0 L 70
74 1 L 61
75 1 U 25
76
0 1 U -1
1 1 U 0
2 0 U -1
3 0 U -1
4 1 U -1
5 0 L 0
6 1 U -1
7 0 U -1
8 0 L -1
9 0 L 8
10 1 U 3
11 0 U 4
12 1 L 6
13 1 L 1
14 0 U 2
15 1 L 9
16 1 L 9
17 0 L 15
18 1 U 3
19 0 U 18
20 1 U 13
21 1 U 14
22 1 U -1
23 0 L 18
24 0 U -1
25 0 L 17
26 0 L 9
27 1 U 24
28 1 U 22
29 1 L 25
30 1 U 15
31 0 U 2
32 0 U -1
33 0 U 24
34 0 U 30
35 0 U 28
36 1 L 6
37 0 L -1
38 0 L 8
39 0 L 21
40 0 L 16
41 0 U 20
42 1 L 2
43 1 L 25
44 1 U 24
45 0 U -1
46 1 U 0
47 0 L 40
48 0 U 6
49 1 L -1
50 1 U 28
51 1 U 3
52 1 U 33
53 0 U 17
54 1 L 42
55 0 U 52
56 1 L 31
57 1 U 50
58 1 L 54
59 0 L 16
60 1 L 50
61 0 U 49
62 1 L 37
63 1 U 24
64 1 U 55
65 0 U 23
66 0 L 23
67 1 L 5
68 0 U 60
69 0 L 66
70 0 L 51
71 1 L 54
72 1 L 8
73 0 L 70
74 1 L 61
75 1 U 25
76
0 1 U -1
1 1 U 0
2 0 U -1
3 0 U -1
4 1 U -1
5 0 L 0
6 1 U 0
7 1 U -1
8 0 L -1
9 0 L 1
10 1 U 3
11 0 U 4
12 1 L 6
13 1 L 8
14 0 U 2
15 1 L 9
16 1 L 9
17 0 L 15
18 1 U 12
19 0 U 18
20 1 U 13
21 1 U 14
22 0 U -1
23 0 L 18
24 0 U -1
25 0 L 17
26 0 L 9
27 0 U 5
28 1 U 12
29 1 L 25
30 1 U 15
31 0 U 2
32 0 U -1
33 0 U 24
34 0 U 30
35 0 U 5
36 1 L 4
37 0 L -1
38 0 L 8
39 0 L 21
40 0 L 3
41 0 U 20
42 1 L 2
43 1 L 25
44 0 U 24
45 1 U -1
46 0 U 7
47 1 L 16
48 1 U -1
49 1 L -1
50 1 U 44
51 1 U 3
52 0 U 33
53 0 U 17
54 1 L 42
55 0 U 52
56 1 L 31
57 1 U 50
58 1 L 40
59 0 U 21
60 1 L 50
61 0 U 49
62 1 L 5
63 0 L 40
64 0 U 55
65 0 U 23
66 0 L 23
67 1 L 5
68 0 U 60
69 0 L 66
70 0 L 51
71 0 L 54
72 1 L 8
73 0 L 70
74 1 L 61
75 1 U 0
76
0 1 U -1
1 1 U 0
2 0 U -1
3 0 U -1
4 1 U -1
5 0 L 0
6 1 U 0
7 0 U -1
8 0 L -1
9 0 L 1
10 1 U 3
11 1 U 4
12 1 L 6
13 1 L 1
14 0 U 2
15 1 L 9
16 1 L 9
17 0 L 15
18 1 U 0
19 0 U 10
20 1 U 13
21 1 U 14
22 0 U -1
23 0 L 18
24 0 U -1
25 0 L 17
26 0 L 9
27 1 U -1
28 1 U 12
29 1 L 25
30 0 U 14
31 0 U 2
32 0 U -1
33 0 U 24
34 0 U 30
35 0 U 28
36 1 L 4
37 0 L -1
38 0 L 1
39 0 L 21
40 0 L 3
41 0 U 20
42 1 L 2
43 1 L 25
44 0 U 7
45 0 U -1
46 1 L 7
47 1 L 3
48 1 U 24
49 1 L -1
50 1 U 44
51 1 U 44
52 1 U 45
53 0 U 35
54 1 L 42
55 1 U 52
56 1 L 31
57 1 U 50
58 1 L 40
59 0 U 19
60 1 L 50
61 0 U 49
62 1 L 5
63 0 U 28
64 1 U 27
65 0 U 23
66 0 L 43
67 1 L 5
68 0 U 60
69 0 L 66
70 0 U 51
71 0 L 54
72 1 L 8
73 0 U 70
74 1 L 61
75 0 U 3
76
0 1 L -1
1 1 U 0
2 0 U -1
3 0 U -1
4 1 U -1
5 0 L 0
6 1 U 0
7 0 U -1
8 0 L -1
9 0 L 1
10 0 U 3
11 1 U 4
12 1 L 6
13 1 L -1
14 0 U 2
15 1 L 9
16 0 L 9
17 0 L 15
18 1 U 0
19 0 U 5
20 1 U 13
21 1 U 14
22 0 U -1
23 0 L 18
24 0 U -1
25 0 L 17
26 0 L 9
27 1 U -1
28 1 U 11
29 1 L 14
30 0 U 14
31 0 U 2
32 0 U -1
33 0 U 24
34 0 U 30
35 0 U 1
36 1 L 4
37 0 L -1
38 0 L 1
39 0 L 21
40 0 L 3
41 0 U 20
42 1 L 2
43 1 L 25
44 0 U 7
45 0 U -1
46 1 L 36
47 0 L 11
48 1 U 24
49 1 L 8
50 1 U 44
51 1 U 44
52 1 U 33
53 0 U 35
54 0 L 42
55 1 U 52
56 1 L 31
57 1 U 17
58 0 L 16
59 1 L 5
60 1 U 50
61 0 U 49
62 1 L 38
63 0 U 28
64 0 U 27
65 0 U 23
66 0 L 43
67 1 L 58
68 0 U 60
69 0 L 66
70 0 U 50
71 1 L 54
72 1 L 8
73 1 U 70
74 1 L 61
75 1 U 23
76
0 1 U -1
1 1 U 0
2 0 U -1
3 0 U -1
4 1 U -1
5 0 L 2
6 1 U 0
7 0 U -1
8 0 L -1
9 0 L 1
10 0 U 3
11 0 U 4
12 1 L 6
13 1 L -1
14 0 U 2
15 1 L 9
16 0 L 9
17 0 L 15
18 1 U 0
19 0 U 1
20 1 U 13
21 1 U 14
22 0 U -1
23 0 L 18
24 0 U -1
25 0 L 17
26 0 L 9
27 0 U -1
28 1 U 3
29 1 L 14
30 1 U 14
31 0 U 2
32 0 U -1
33 0 U 24
34 0 U 30
35 0 U 1
36 1 L 4
37 0 L -1
38 0 L 1
39 0 L 21
40 0 L 3
41 0 U 20
42 1 L 2
43 1 L 25
44 1 U 7
45 0 U -1
46 1 L 36
47 0 L 17
48 1 U 24
49 1 L 8
50 1 U 44
51 1 U 44
52 1 U 33
53 0 L 34
54 0 L 42
55 0 U 52
56 1 L 31
57 1 U 17
58 0 L 16
59 0 U 45
60 1 U 50
61 0 U 49
62 1 L 38
63 0 L 12
64 0 U 27
65 0 U 23
66 0 L 43
67 0 L 58
68 0 U 20
69 0 L 34
70 0 U 50
71 0 L 67
72 1 L 8
73 1 U 40
74 1 L 61
75 1 U 23
76
0 1 U -1
1 1 U 0
2 0 U -1
3 0 U -1
4 1 U -1
5 0 L 0
6 1 U 0
7 0 U -1
8 0 L 1
9 0 L 1
10 1 U 3
11 1 U 4
12 1 L 6
13 1 L 0
14 0 U 2
15 1 L 9
16 1 L 9
17 0 L 15
18 1 U 0
19 0 U 1
20 1 U 13
21 1 U 14
22 0 U -1
23 0 L 18
24 0 U -1
25 0 L 6
26 0 L 9
27 0 U -1
28 1 U 11
29 1 L 14
30 0 U 14
31 0 U 11
32 0 U -1
33 0 U 24
34 0 U 30
35 0 U 1
36 1 L 4
37 0 L -1
38 0 L 1
39 0 L 21
40 0 L 3
41 0 U 20
42 1 L 2
43 1 L 14
44 0 U 7
45 0 U -1
46 1 L 36
47 0 L 11
48 0 U -1
49 1 L 8
50 1 U 18
51 1 U 12
52 0 U 33
53 0 L 34
54 0 L 42
55 1 U 52
56 1 L 31
57 1 U 17
58 0 L 16
59 0 U 11
60 1 L 50
61 0 U 49
62 1 L 38
63 0 U 46
64 1 U 27
65 0 U 23
66 0 L 43
67 1 L 11
68 0 U 20
69 0 L 34
70 0 U 13
71 0 U 59
72 1 L -1
73 1 U 40
74 1 L 61
75 1 U 23
76
0 1 U -1
1 1 U 0
2 0 U -1
3 0 U -1
4 1 U -1
5 0 L 2
6 1 U 0
7 1 U -1
8 0 L -1
9 0 L 1
10 1 U 3
11 1 U 4
12 1 L 6
13 1 L 0
14 0 U 2
15 1 L 9
16 0 L 13
17 0 L 15
18 1 U 0
19 0 U 15
20 1 U 13
21 1 U 14
22 0 U -1
23 0 L 18
24 0 U -1
25 0 L 6
26 0 L 5
27 1 U 12
28 1 U 11
29 1 L 14
30 0 U 14
31 0 U 3
32 0 U -1
33 0 U 24
34 0 U 30
35 0 U 18
36 1 L 4
37 0 L -1
38 0 L -1
39 0 L 21
40 0 L 3
41 0 U 20
42 1 L 2
43 1 L 14
44 0 U 32
45 0 U -1
46 1 U 7
47 0 L 11
48 0 U -1
49 1 L 8
50 1 U 18
51 1 U 12
52 1 U 33
53 0 U 34
54 0 L 42
55 1 U 52
56 1 L 31
57 1 U 17
58 0 L 16
59 0 U 34
60 1 L 50
61 0 U 49
62 1 L 5
63 1 L 38
64 1 U -1
65 0 U 23
66 0 L 43
67 1 L 54
68 0 U 20
69 0 L 34
70 0 U 13
71 0 U 18
72 1 L -1
73 1 U 40
74 1 L 61
75 1 U 70
76
0 1 U -1
1 1 U 0
2 0 U -1
3 0 U -1
4 1 U -1
5 0 L 2
6 1 U -1
7 1 U -1
8 0 L 1
9 0 L 1
10 1 U 3
11 1 U 4
12 1 L 6
13 1 L 0
14 0 U 2
15 1 L 9
16 0 L 13
17 0 L 15
18 1 U 0
19 0 U 5
20 1 U 13
21 1 U 14
22 0 U -1
23 0 L 18
24 0 U -1
25 0 L 6
26 0 L 5
27 0 U 12
28 1 L 11
29 1 L 14
30 0 U 14
31 0 U 3
32 0 U -1
33 0 U 24
34 0 U 30
35 0 U 27
36 1 L 4
37 0 L -1
38 0 L -1
39 0 L 21
40 0 L 3
41 0 U 37
42 1 L 2
43 1 L 14
44 0 U 32
45 0 U -1
46 1 U 7
47 1 L 26
48 1 U 6
49 1 L 8
50 1 U 1
51 1 U 12
52 0 U 7
53 0 U 34
54 0 L 6
55 1 U 52
56 1 L 31
57 1 U 17
58 0 L 16
59 0 U 20
60 1 L 50
61 0 U 49
62 0 U 5
63 1 U 35
64 0 U -1
65 0 U 23
66 0 L 43
67 1 L 0
68 0 U 20
69 0 L 66
70 0 U 51
71 1 U 55
72 0 L -1
73 1 U 53
74 1 L 61
75 0 U 62
76
0 1 U -1
1 1 U 0
2 0 U -1
3 0 U -1
4 1 U -1
5 0 L 2
6 1 U -1
7 1 U -1
8 0 L -1
9 0 L 8
10 1 U 3
11 1 U 4
12 1 L 6
13 1 L 0
14 0 U 2
15 1 L 9
16 0 L 13
17 0 L 15
18 1 U 7
19 0 U 9
20 1 U 13
21 1 U 14
22 0 U -1
23 0 L 18
24 0 U -1
25 0 L 6
26 0 L 5
27 0 U 12
28 1 L 4
29 1 L 25
30 0 U 14
31 0 U 22
32 1 U 5
33 1 U 24
34 0 U 30
35 0 U 27
36 1 L 26
37 0 L -1
38 0 L 8
39 0 L 21
40 0 L 16
41 1 U 34
42 1 L 2
43 1 L 14
44 0 U 24
45 0 U -1
46 1 U 7
47 1 L 26
48 1 U 6
49 1 L 8
50 1 U 1
51 1 U 12
52 0 U 7
53 0 U 16
54 0 L 11
55 0 U 52
56 1 L 31
57 1 U 17
58 0 L 16
59 0 U 3
60 1 L 50
61 0 U 49
62 0 U 5
63 0 U -1
64 0 U 60
65 0 U 23
66 0 L 43
67 0 L 38
68 1 U 20
69 0 L 66
70 0 U 51
71 0 L 3
72 1 L -1
73 0 U 64
74 1 L 61
75 0 U 63
76
0 1 L -1
1 1 U 0
2 0 U -1
3 0 U -1
4 1 U -1
5 0 L 2
6 1 U -1
7 1 U -1
8 0 L -1
9 0 L 8
10 1 U 3
11 0 U 4
12 1 L 6
13 1 L 0
14 0 U 2
15 1 L 9
16 1 L 13
17 0 L 15
18 0 U 7
19 0 U 1
20 1 U 15
21 1 U 15
22 0 U -1
23 0 L 22
24 0 U -1
25 0 L 6
26 0 L 5
27 0 U 12
28 1 L 7
29 1 L 25
30 0 U 14
31 0 U 22
32 1 U 5
33 1 U 24
34 0 U 30
35 0 U 27
36 1 L 26
37 0 L -1
38 0 L 8
39 0 L 21
40 0 L 16
41 1 U 34
42 1 L 8
43 1 L 25
44 1 U 24
45 0 U -1
46 1 L 7
47 0 L 26
48 1 U 6
49 1 L 8
50 1 U 1
51 1 U 12
52 0 U 7
53 0 U 16
54 0 L 11
55 0 U 52
56 1 L 31
57 1 U 17
58 0 L 16
59 0 U 22
60 1 L 50
61 0 U 49
62 0 U 5
63 0 U -1
64 0 U 60
65 0 U 23
66 0 L 43
67 0 L 16
68 1 U 38
69 0 L 66
70 0 U 15
71 1 L 44
72 0 L -1
73 0 U 42
74 1 L 45
75 0 U 63
76
0 1 U -1
1 1 U 0
2 0 U -1
3 0 U -1
4 1 U -1
5 0 L 2
6 1 U -1
7 1 U -1
8 0 L -1
9 0 L 1
10 1 U 3
11 0 U 2
12 1 L 6
13 1 L 0
14 0 U 2
15 1 L 9
16 0 L 13
17 0 L 15
18 0 U 0
19 0 U 8
20 1 U 15
21 1 U 15
22 0 U -1
23 0 L 22
24 0 U -1
25 0 L 6
26 0 L 5
27 1 U 1
28 1 L 7
29 1 L 25
30 0 U 14
31 0 U 22
32 0 U 5
33 1 U 24
34 0 U 30
35 0 U 33
36 1 L 11
37 0 L -1
38 0 L 1
39 0 L 21
40 0 L 16
41 1 U 34
42 1 L 8
43 1 L 25
44 1 U -1
45 0 U -1
46 1 U 7
47 0 L 4
48 1 U 6
49 1 L 1
50 1 U 12
51 1 U 12
52 0 U 7
53 0 U 35
54 0 L 10
55 1 U 52
56 1 L 31
57 1 U 17
58 0 L 16
59 0 U 45
60 1 U 50
61 0 U 49
62 0 U 5
63 1 U -1
64 0 U 60
65 0 U 23
66 0 L 43
67 1 L 3
68 1 U 25
69 0 L 66
70 0 U 15
71 1 L 0
72 0 L -1
73 0 U 42
74 0 L 45
75 0 U 63
76
0 1 L -1
1 1 U 0
2 0 U -1
3 0 U -1
4 1 U -1
5 0 L 2
6 1 U -1
7 1 U -1
8 0 L -1
9 0 L 1
10 1 U 3
11 1 U 4
12 1 L 6
13 1 L 0
14 0 U 2
15 1 L 9
16 0 L 13
17 0 L 15
18 0 U 11
19 0 U 8
20 1 U 15
21 1 U 15
22 0 U -1
23 0 L 22
24 0 U -1
25 0 L 6
26 0 L 5
27 0 U 1
28 0 L 10
29 1 L 25
30 0 U 14
31 0 U 0
32 0 U 10
33 1 U 24
34 0 U 30
35 0 U 33
36 0 L 6
37 0 L -1
38 0 L 1
39 0 L 29
40 0 L 16
41 1 U 34
42 1 L -1
43 1 L 25
44 1 U -1
45 0 U -1
46 1 U -1
47 1 L 4
48 1 U 6
49 1 L 1
50 1 U 45
51 1 U 12
52 0 U 7
53 0 U 20
54 0 L 10
55 1 U 2
56 1 L 31
57 1 U 35
58 0 L 16
59 0 U 10
60 1 L 50
61 0 U 49
62 1 U 5
63 0 U 55
64 0 U 60
65 0 U 64
66 0 L 43
67 1 L 49
68 1 U 25
69 0 L 41
70 0 U 59
71 1 L 61
72 0 L -1
73 0 U 42
74 1 L 45
75 1 U 63
76
0 1 L -1
1 1 U 0
2 0 U -1
3 0 U -1
4 1 U -1
5 0 L 2
6 1 U -1
7 1 U -1
8 0 L -1
9 0 L 1
10 1 U 3
11 1 L 4
12 1 L 6
13 1 L 0
14 0 U 2
15 1 L 9
16 0 L 13
17 1 L 16
18 0 U 4
19 0 U 8
20 1 U 15
21 1 U 15
22 0 U -1
23 0 L 22
24 0 U -1
25 0 L 6
26 0 L 5
27 1 U 12
28 1 U 7
29 1 L 25
30 0 U 14
31 0 U 0
32 0 U 10
33 1 U 24
34 0 U 30
35 0 U 31
36 1 L 6
37 0 L -1
38 0 L 1
39 0 L 29
40 0 L 16
41 1 U 34
42 1 L -1
43 1 L 25
44 1 U -1
45 0 U -1
46 0 U 32
47 1 L 4
48 1 U 6
49 1 L 1
50 1 U 2
51 1 U 2
52 0 U 7
53 0 U 20
54 1 L 6
55 1 U 2
56 1 L 31
57 1 U 35
58 0 L 16
59 0 U 10
60 1 L 50
61 0 U 49
62 1 U 5
63 1 L 24
64 0 U 38
65 0 U 64
66 0 L 43
67 1 L 49
68 1 U 60
69 0 L 41
70 0 U 14
71 1 L 45
72 0 L -1
73 0 U 21
74 1 L 45
75 0 U 27
76
0 1 U -1
1 1 U 0
2 0 U -1
3 0 U -1
4 1 U -1
5 0 L 2
6 1 U -1
7 1 U -1
8 0 L -1
9 0 L 1
10 1 U 3
11 1 L 4
12 1 L 6
13 1 L 0
14 0 U 2
15 1 L 5
16 0 L 13
17 1 L 16
18 0 U 11
19 0 U 5
20 1 U 15
21 1 U 15
22 0 U -1
23 0 L 22
24 0 U -1
25 0 L 17
26 0 L 5
27 0 U 12
28 1 L 14
29 1 L 25
30 0 U 14
31 0 U 0
32 0 U 10
33 1 U 24
34 0 U 30
35 0 U 31
36 1 L 6
37 0 L -1
38 0 L 1
39 0 L 21
40 0 L 16
41 1 U 34
42 1 L 1
43 1 L 25
44 1 U 6
45 0 U -1
46 1 U 27
47 1 L 4
48 1 U 6
49 1 L 1
50 1 U 2
51 1 U 2
52 0 L 0
53 0 U 20
54 0 L 4
55 1 U 3
56 1 L 31
57 1 U 35
58 0 L 16
59 0 U 10
60 1 L 50
61 0 U 49
62 1 U 5
63 1 L -1
64 0 U 38
65 0 U 64
66 0 L 43
67 1 L 49
68 1 U 60
69 0 L 41
70 0 U 14
71 1 U 45
72 0 L -1
73 0 U 57
74 1 L 61
75 0 U 27
76
0 1 U -1
1 1 U 0
2 0 U -1
3 0 U -1
4 1 U -1
5 0 L 2
6 1 U -1
7 0 U -1
8 0 L 4
9 0 L -1
10 1 U 3
11 0 L 6
12 1 L 6
13 1 L 0
14 0 U 2
15 1 L 3
16 0 L 13
17 1 L 5
18 0 U 8
19 0 U 5
20 1 U 15
21 1 U 15
22 0 U -1
23 0 L 20
24 0 U -1
25 0 L 6
26 0 L 16
27 1 U 11
28 1 L 14
29 1 L 25
30 0 U 14
31 0 U 0
32 0 U 10
33 1 U 7
34 0 U 30
35 0 U 31
36 1 L 6
37 0 L 1
38 0 L 1
39 0 L 21
40 1 L 16
41 1 U 34
42 1 L 0
43 1 L 25
44 0 U 6
45 0 U -1
46 0 U 15
47 1 L 10
48 1 U 6
49 1 L 1
50 1 U 45
51 0 U 3
52 0 L 50
53 0 U 20
54 0 L 4
55 0 U 4
56 1 L 31
57 1 U 35
58 0 L 16
59 0 U 10
60 1 L 50
61 0 U 49
62 1 U 5
63 1 L 2
64 0 U 38
65 0 U 64
66 0 L 43
67 0 L 42
68 1 U 60
69 0 L 41
70 0 U 46
71 0 U 45
72 0 L -1
73 0 U 57
74 1 L 61
75 1 U 7
76
0 1 U -1
1 1 U 0
2 0 U -1
3 0 U -1
4 1 U -1
5 0 L 2
6 1 U -1
7 0 U -1
8 1 L 7
9 0 L -1
10 1 U 3
11 0 L 6
12 1 L 6
13 1 L 0
14 0 U 2
15 1 L 3
16 1 L 13
17 1 L 5
18 0 U 0
19 0 U 11
20 1 U 10
21 1 U 15
22 0 U -1
23 0 L 20
24 0 U -1
25 0 L 6
26 0 L 5
27 1 U 11
28 0 L 14
29 1 L 25
30 0 U 14
31 0 U 0
32 0 U 12
33 1 U 7
34 0 U 30
35 0 U 31
36 1 L 6
37 0 L 1
38 0 L 1
39 0 L 21
40 1 L 16
41 1 U 34
42 1 L 0
43 1 L 25
44 0 U 6
45 0 U -1
46 0 L 26
47 1 L 4
48 0 U 6
49 1 L 1
50 1 U 45
51 0 U 11
52 0 L 50
53 0 U 35
54 0 L 40
55 0 U 4
56 1 L 31
57 1 U 35
58 0 L 16
59 1 L 40
60 1 L 50
61 0 U 49
62 1 U 27
63 0 L 13
64 0 U 38
65 0 U 64
66 0 L 43
67 0 L 42
68 1 U 60
69 0 L 41
70 0 U 52
71 1 U 62
72 0 L -1
73 0 U 40
74 1 L 61
75 1 U 7
76
0 1 U -1
1 1 U 0
2 0 U -1
3 0 U -1
4 1 U -1
5 0 L 2
6 0 U -1
7 0 U -1
8 1 L 7
9 0 L -1
10 1 U 3
11 0 L 6
12 1 L 6
13 1 L 0
14 0 U 2
15 1 L 3
16 1 L 13
17 1 L 5
18 0 U 4
19 0 U 9
20 1 U 14
21 1 U 15
22 0 U -1
23 0 L 20
24 0 U -1
25 0 L 6
26 0 L 5
27 0 U 18
28 0 L 8
29 1 L 25
30 0 U 14
31 0 U 0
32 0 U 12
33 1 U 7
34 0 U 30
35 0 U 31
36 1 L 6
37 0 L 1
38 0 L -1
39 0 L 21
40 0 L 16
41 1 U 34
42 1 L 0
43 1 L 25
44 0 U 8
45 0 U -1
46 1 L 10
47 1 L 26
48 1 U 6
49 1 L 1
50 1 U 45
51 0 U 11
52 0 L 50
53 0 U 35
54 0 L 15
55 0 U 4
56 1 L 31
57 1 U 35
58 0 L 16
59 1 L 10
60 1 L 50
61 0 U 49
62 1 U 55
63 0 L 37
64 0 U 38
65 0 U 64
66 0 L 43
67 0 L 2
68 1 U 25
69 0 L 41
70 0 U 52
71 1 U 62
72 0 L -1
73 0 U 57
74 1 L 61
75 1 U 7
76
0 1 L -1
1 1 U 0
2 0 U -1
3 0 U -1
4 1 U -1
5 0 L 2
6 0 U -1
7 0 U -1
8 1 L 7
9 0 L -1
10 1 U 3
11 0 L 6
12 1 L 6
13 1 L 0
14 0 U 3
15 1 L 3
16 1 L 13
17 1 L 5
18 0 U 2
19 0 U 9
20 1 U 14
21 1 U 15
22 1 U -1
23 0 L 20
24 0 U -1
25 0 L 6
26 0 L 5
27 1 U 18
28 0 L 8
29 1 L 25
30 0 U 14
31 0 U 0
32 0 U 12
33 1 U 7
34 0 U 30
35 0 U 31
36 1 L 15
37 0 L 1
38 0 L -1
39 0 L 21
40 0 L 16
41 1 U 34
42 1 L 1
43 1 L 25
44 1 U 8
45 0 U -1
46 1 L 42
47 0 L 15
48 1 U 9
49 1 L 1
50 1 U 22
51 1 U 45
52 0 L 50
53 0 L 35
54 0 L 4
55 1 U -1
56 1 L 31
57 1 U 35
58 0 L 16
59 1 L 16
60 1 L 50
61 0 U 49
62 0 U 55
63 0 U 31
64 0 U 26
65 0 U 64
66 0 L 43
67 1 U 1
68 1 U 25
69 0 L 41
70 0 U 52
71 0 U -1
72 0 L -1
73 0 U 45
74 1 L 61
75 1 U 7
76
0 1 U -1
1 1 U 0
2 0 U -1
3 0 U -1
4 1 U -1
5 0 L 2
6 0 U -1
7 0 U -1
8 1 L 7
9 0 L -1
10 1 U 3
11 0 L 6
12 1 L 6
13 1 L 0
14 0 U 2
15 1 L 3
16 0 L 13
17 1 L 5
18 0 U 2
19 0 U 9
20 1 U 13
21 1 U 15
22 1 U -1
23 0 L 20
24 0 U -1
25 1 L 4
26 0 L 5
27 0 U 18
28 0 L 8
29 1 L 14
30 0 U 14
31 0 U 0
32 0 U 12
33 1 U 8
34 0 U 30
35 0 U 31
36 0 L 15
37 0 L 1
38 0 L -1
39 0 L 21
40 0 L 16
41 1 U 34
42 1 L 1
43 1 L 14
44 0 U 8
45 0 U -1
46 1 L 42
47 0 L 26
48 1 U 9
49 1 L 1
50 1 U 22
51 1 U 22
52 0 U 51
53 0 U 35
54 0 L 4
55 1 U -1
56 1 L 31
57 1 U 30
58 0 L 16
59 1 U 16
60 1 L 50
61 0 U 49
62 0 U 55
63 0 L 31
64 0 U 26
65 0 U 10
66 0 L 22
67 0 U 52
68 0 U 25
69 0 L 41
70 0 U 20
71 1 U 1
72 0 L -1
73 1 U 45
74 1 L 61
75 1 L 51
76
0 1 U -1
1 1 U 0
2 0 U -1
3 0 U -1
4 1 U -1
5 0 L 2
6 0 U -1
7 0 U -1
8 1 L 7
9 0 L 0
10 1 U 3
11 0 L 6
12 1 L 6
13 1 L 0
14 0 U 2
15 1 L 3
16 1 L 13
17 0 L 5
18 0 U 3
19 0 U 9
20 1 U 13
21 1 U 15
22 1 U -1
23 0 L 20
24 0 U -1
25 1 L 4
26 0 L 5
27 0 U 18
28 0 L 8
29 1 L 14
30 0 U 14
31 0 U 0
32 0 U 12
33 1 U 8
34 0 U 30
35 0 U 31
36 1 L 4
37 0 L 1
38 0 L -1
39 0 L 21
40 0 L 16
41 1 U 34
42 1 L 1
43 1 L 14
44 1 U 8
45 0 U -1
46 1 L 36
47 1 L 26
48 1 U 9
49 1 L 1
50 1 U 22
51 1 U 22
52 0 U 51
53 0 L 35
54 0 L 10
55 1 U 24
56 1 L 31
57 1 U 30
58 1 L 16
59 1 U 31
60 1 L 50
61 0 U 49
62 1 U 55
63 0 L 49
64 1 U -1
65 0 L 58
66 0 L 22
67 0 U 28
68 0 U 38
69 0 L 41
70 0 U 30
71 0 U 57
72 0 L 1
73 0 U 45
74 1 L 61
75 1 L 13
76
0 1 U -1
1 1 U 0
2 0 U -1
3 0 U -1
4 1 U -1
5 0 L 2
6 0 U -1
7 0 U -1
8 1 L 7
9 0 L 0
10 1 U 3
11 1 L 10
12 1 L 6
13 1 L 0
14 0 U 2
15 1 L 3
16 1 L 13
17 1 L 5
18 0 U 3
19 0 U 18
20 1 U 13
21 1 U 15
22 1 U -1
23 0 L 20
24 0 U -1
25 1 L 10
26 0 L 5
27 1 U 18
28 0 L 8
29 1 L 14
30 0 U 14
31 0 U 0
32 0 U 5
33 1 U -1
34 0 U 30
35 0 U 18
36 1 L 4
37 0 L 1
38 0 L -1
39 0 L 27
40 0 L 16
41 1 U 34
42 1 L 1
43 1 L 25
44 1 U 8
45 0 U -1
46 1 L 36
47 1 L 26
48 1 U 9
49 1 L 1
50 1 U 22
51 1 U 22
52 0 U 51
53 0 L 41
54 0 L 10
55 1 U 24
56 1 L 31
57 1 U 30
58 0 L 16
59 0 U 25
60 1 L 50
61 0 U 49
62 0 U 18
63 0 U -1
64 1 U -1
65 0 L 58
66 0 L 22
67 1 U 51
68 0 U 38
69 0 L 41
70 0 U 30
71 0 U 16
72 0 L 1
73 0 U 45
74 1 L 61
75 1 L 38
76
0 1 U -1
1 1 U 0
2 0 U -1
3 0 U -1
4 1 U -1
5 0 L 2
6 0 U -1
7 0 U -1
8 1 L 7
9 0 L 0
10 1 U 3
11 0 L -1
12 1 L 6
13 1 L 0
14 0 U 4
15 1 L 3
16 1 L 13
17 1 L 5
18 0 U 3
19 0 U 18
20 1 U 13
21 1 U 15
22 1 U -1
23 0 L 20
24 0 U -1
25 1 L 10
26 0 L 5
27 1 U 18
28 0 L 14
29 1 L 14
30 0 U 15
31 0 U 0
32 1 U 5
33 1 U -1
34 0 U 16
35 0 U 18
36 1 L 4
37 0 L 1
38 0 L 1
39 0 L 21
40 0 L 16
41 1 U 34
42 1 L 1
43 1 L 25
44 1 U 8
45 0 U -1
46 1 L 36
47 1 L 4
48 1 U 9
49 1 L 1
50 1 U 22
51 1 U 22
52 0 U 51
53 0 L 41
54 0 L 4
55 1 U 24
56 1 L 31
57 1 U 30
58 0 L 16
59 0 U 25
60 1 L 50
61 0 U 49
62 0 U 18
63 1 U 55
64 1 U -1
65 0 L 58
66 0 L 22
67 1 U 51
68 1 U 38
69 0 L 41
70 0 U 67
71 0 U 37
72 0 L 1
73 0 U 36
74 1 L 61
75 0 L 37
76
0 1 L -1
1 1 U 0
2 0 U -1
3 0 U -1
4 1 U -1
5 0 L 2
6 0 U -1
7 0 U -1
8 1 L 7
9 0 L 0
10 1 U 3
11 0 L 1
12 1 L 6
13 1 L 0
14 0 U 7
15 1 L 3
16 1 L 13
17 1 L 5
18 0 U 3
19 0 U 18
20 1 U 13
21 1 U 15
22 1 U -1
23 0 L 20
24 0 U -1
25 1 L 17
26 0 L 5
27 1 U 5
28 1 L 14
29 1 L 14
30 0 U 15
31 0 U 0
32 0 U 5
33 1 U -1
34 0 U 16
35 0 U 18
36 1 L 4
37 0 L 1
38 0 L 1
39 0 L 29
40 0 L 3
41 1 U 34
42 1 L 1
43 1 L 14
44 0 U 8
45 0 U -1
46 1 L 36
47 1 L 4
48 1 U 9
49 1 L 1
50 1 U 22
51 1 U 22
52 0 U 51
53 0 L 41
54 0 L 6
55 1 U 24
56 1 L 31
57 1 U 30
58 0 L 16
59 0 U 30
60 1 L 50
61 0 U 49
62 0 U 5
63 1 L 1
64 1 U -1
65 0 L 58
66 0 L 22
67 0 U 51
68 1 U 38
69 0 L 41
70 0 U 67
71 0 U 55
72 0 L -1
73 1 U 36
74 1 L 61
75 0 U 2
76
0 1 U -1
1 1 U 0
2 0 U -1
3 0 U -1
4 1 U -1
5 0 L 2
6 0 U -1
7 0 U -1
8 1 L 7
9 0 L 0
10 1 U 3
11 1 L 10
12 1 L 6
13 1 L 0
14 0 U 4
15 1 L 3
16 1 L 13
17 1 L 5
18 0 U 3
19 0 U 5
20 1 U 13
21 1 U 15
22 1 U -1
23 0 L 20
24 0 U -1
25 1 L 17
26 0 L 5
27 1 U 5
28 1 L 14
29 1 L 14
30 1 U 9
31 0 U 0
32 1 U 5
33 1 U 6
34 0 U 16
35 0 U 18
36 1 L 10
37 0 L 1
38 0 L 1
39 0 L 29
40 0 L 3
41 1 U 34
42 1 L 1
43 1 L 14
44 1 U 8
45 0 U -1
46 1 L 36
47 1 L 4
48 1 U 9
49 1 L 1
50 1 U 22
51 1 U 22
52 0 U 27
53 0 L 34
54 0 L 40
55 1 U 7
56 1 L 31
57 1 U 52
58 0 L 16
59 0 U 16
60 1 L 50
61 0 U 40
62 0 U 5
63 1 U 16
64 1 U -1
65 0 L 15
66 0 L 22
67 0 U 62
68 0 U 38
69 0 L 41
70 0 U 38
71 0 L 55
72 0 L -1
73 0 U 38
74 1 L 61
75 1 U 19
76
0 1 L -1
1 1 U 0
2 0 U -1
3 0 U -1
4 1 U -1
5 0 L 2
6 0 U -1
7 0 U -1
8 1 L 7
9 0 L 0
10 1 U 3
11 0 L -1
12 1 L 6
13 1 L 1
14 0 U 7
15 1 L 3
16 1 L 13
17 1 L 5
18 0 U 3
19 0 U 18
20 1 U 11
21 1 U 15
22 1 U -1
23 0 L 20
24 0 U -1
25 1 L 17
26 0 L 5
27 1 U 5
28 1 L 14
29 1 L 14
30 0 U 9
31 0 U 0
32 0 U 5
33 1 U 6
34 0 U 16
35 0 U 33
36 1 L 10
37 0 L 1
38 0 L 1
39 0 L 29
40 0 L 3
41 1 U 34
42 1 L 1
43 1 L 14
44 1 U -1
45 0 U -1
46 1 L 36
47 1 L 40
48 1 U 9
49 1 L 1
50 1 U 22
51 0 U 2
52 0 U 27
53 0 L 34
54 0 L 40
55 1 U 7
56 1 L 31
57 1 U 52
58 0 L 16
59 1 U 52
60 1 L 50
61 0 U 40
62 1 U 3
63 1 U 13
64 1 U -1
65 0 L 15
66 0 L 22
67 0 U 62
68 0 U 26
69 0 L 41
70 0 U 60
71 0 U 12
72 0 L -1
73 0 U 57
74 1 L 61
75 0 U 19
76
0 1 L -1
1 1 U 0
2 0 U -1
3 0 U -1
4 1 U -1
5 0 L 2
6 0 U -1
7 0 U -1
8 1 L 7
9 0 L 0
10 1 U 3
11 1 L -1
12 1 L 6
13 1 L 1
14 0 U 4
15 1 L 3
16 1 L 13
17 1 L 5
18 0 U 3
19 0 U 5
20 1 U 15
21 1 U 15
22 1 U -1
23 0 L 20
24 0 U -1
25 1 L 10
26 0 L 5
27 1 U 5
28 0 L 14
29 0 L 14
30 1 U 5
31 0 U 7
32 1 U 5
33 1 U 6
34 0 U 16
35 0 U 33
36 1 L 10
37 0 L 1
38 0 L 1
39 0 L 29
40 0 L 3
41 1 U 34
42 1 L 1
43 1 L 14
44 1 U 8
45 0 U -1
46 1 L 45
47 1 L 40
48 1 U 9
49 1 L 0
50 1 U 22
51 1 U 22
52 0 U 27
53 0 L 34
54 0 L 40
55 1 U 0
56 1 L 31
57 1 U 52
58 0 L 16
59 0 U 13
60 1 L 50
61 0 U 40
62 0 U 31
63 1 U 28
64 1 U -1
65 0 L 40
66 0 L 43
67 0 U 62
68 0 U 26
69 0 L 41
70 0 U 38
71 0 U 60
72 0 L -1
73 0 U 41
74 1 L 61
75 0 U 25
76
0 1 L -1
1 1 U 0
2 0 U -1
3 0 U -1
4 1 U -1
5 0 L 2
6 0 U -1
7 0 U -1
8 1 L 7
9 0 L 0
10 1 U 3
11 0 U 8
12 1 L 6
13 1 L 0
14 0 U 11
15 1 L 3
16 1 L 13
17 1 L 5
18 0 U 3
19 0 U 10
20 1 U 15
21 1 U 15
22 1 U -1
23 0 L 20
24 0 U -1
25 1 L 10
26 0 L 5
27 1 U 5
28 1 L 14
29 0 L 14
30 1 U 10
31 0 U 0
32 1 U 5
33 1 U 6
34 0 U 16
35 0 U 33
36 1 L 10
37 0 L 1
38 0 L 1
39 0 L 29
40 0 L 3
41 1 U 34
42 1 L 1
43 1 L 14
44 1 U 8
45 0 U -1
46 0 L 45
47 1 L 40
48 1 U 9
49 1 L 1
50 1 U 22
51 1 U 12
52 0 U 27
53 0 L 34
54 0 L 40
55 0 U 45
56 1 L 31
57 1 U 52
58 0 L 16
59 1 L 44
60 0 L 50
61 0 U 40
62 0 L 0
63 1 U 33
64 1 U 6
65 0 L 40
66 0 L 43
67 1 U 52
68 0 U 26
69 0 L 66
70 0 U 38
71 1 U 34
72 0 L -1
73 0 U 41
74 1 L 61
75 1 U 5
76
0 1 U -1
1 1 U 0
2 0 U -1
3 0 U -1
4 1 U -1
5 0 L 2
6 0 U -1
7 0 U -1
8 1 L 7
9 0 L 0
10 1 U 3
11 0 U 8
12 1 L 6
13 1 L 0
14 0 U 11
15 1 L 3
16 1 L 13
17 1 L 5
18 0 U 2
19 0 U 10
20 1 U 16
21 1 U 15
22 1 U -1
23 0 L 20
24 0 U -1
25 1 L 10
26 0 L 5
27 1 U 5
28 1 L 25
29 0 L 14
30 1 U 10
31 0 U 0
32 1 U 5
33 1 U 6
34 0 U 16
35 0 U 33
36 1 L 4
37 0 L -1
38 0 L 1
39 0 L 29
40 0 L 3
41 1 U 34
42 1 L -1
43 1 L 14
44 1 U -1
45 0 U -1
46 1 L 45
47 1 L 40
48 1 U 9
49 1 L 1
50 1 U 22
51 1 U 3
52 0 U 27
53 0 L 34
54 0 L 6
55 1 U 45
56 1 L 31
57 1 U 52
58 1 L 49
59 1 L 50
60 0 L 50
61 0 U 40
62 0 L -1
63 1 U 52
64 1 U -1
65 0 L 9
66 0 L 43
67 1 U 1
68 0 U 26
69 0 L 66
70 0 U 38
71 1 U 44
72 0 L -1
73 0 U 21
74 1 L 61
75 0 U 5
76
0 1 U -1
1 1 U 0
2 0 U -1
3 0 U -1
4 1 U -1
5 0 L 2
6 0 U 0
7 0 U -1
8 1 L 7
9 0 L 0
10 1 U 3
11 0 U 8
12 1 L 6
13 1 L 0
14 0 U 4
15 1 L 3
16 1 L 13
17 1 L 5
18 0 U 3
19 0 U 10
20 1 U 10
21 1 U 15
22 1 U -1
23 0 L 20
24 0 U -1
25 1 L 10
26 0 L 5
27 0 U 5
28 1 L 14
29 0 L 14
30 1 L 5
31 0 U 0
32 1 U 5
33 1 U -1
34 0 U 16
35 0 U 33
36 0 L 4
37 0 L 1
38 0 L -1
39 0 L 29
40 0 L 3
41 1 U 34
42 1 L -1
43 1 L 14
44 1 U -1
45 0 U -1
46 0 L 45
47 1 L 40
48 1 U 9
49 1 L 1
50 1 U 45
51 1 U 3
52 0 U 27
53 0 L 34
54 0 L 6
55 1 U 45
56 1 L 31
57 1 U 16
58 1 L 49
59 0 U 46
60 0 L 50
61 0 U 40
62 0 L 40
63 0 U 48
64 0 U 8
65 1 L 63
66 0 L 43
67 1 U 1
68 0 U 26
69 0 L 66
70 0 U 60
71 1 U 11
72 0 L -1
73 0 U 21
74 0 L 61
75 0 U 25
76
0 1 U -1
1 1 U 0
2 0 U -1
3 0 U -1
4 1 U -1
5 0 L 2
6 0 U 0
7 1 U -1
8 1 L 7
9 0 L 0
10 1 U 3
11 0 U 8
12 1 L 6
13 1 L 0
14 0 U 11
15 1 L 3
16 1 L 13
17 1 L 5
18 0 U 3
19 0 U 5
20 1 U 14
21 1 U 15
22 1 U -1
23 0 L 22
24 0 U 8
25 1 L 10
26 0 L 5
27 0 U 9
28 0 L 25
29 0 L 14
30 1 L 5
31 0 U 24
32 0 U 5
33 1 U -1
34 0 U 16
35 0 U 1
36 1 L 4
37 0 L 1
38 0 L -1
39 0 L 29
40 0 L 30
41 1 U 34
42 1 L -1
43 1 L 25
44 0 U 8
45 0 U -1
46 1 L 45
47 1 L 40
48 1 U 9
49 1 L 1
50 1 U 45
51 1 U 3
52 0 U 14
53 0 L 34
54 1 L 6
55 1 U 45
56 1 L 31
57 1 U 16
58 1 L 49
59 1 U -1
60 0 L 44
61 0 U 40
62 0 L 49
63 0 U 0
64 1 U 8
65 1 L 63
66 0 L 43
67 0 U 1
68 0 U 26
69 0 L 66
70 0 U 60
71 0 L 64
72 0 L -1
73 0 U 41
74 1 L 61
75 0 U 25
76
0 1 L -1
1 1 U 0
2 0 U -1
3 0 U -1
4 1 U -1
5 0 L 2
6 0 U 0
7 1 U -1
8 1 L 7
9 0 L 0
10 1 U 3
11 0 U 8
12 1 L 6
13 0 L 0
14 0 U 11
15 1 L 3
16 1 L 13
17 1 L 5
18 0 U 3
19 0 U 5
20 1 U 16
21 1 U 15
22 1 U -1
23 0 L 22
24 0 U -1
25 1 L 10
26 0 L 5
27 0 U 9
28 0 L 11
29 0 L 14
30 1 L 5
31 0 U 24
32 0 U 5
33 1 U -1
34 0 U 16
35 0 U 1
36 1 L 4
37 0 L 1
38 0 L 1
39 0 L 29
40 0 L 30
41 1 U 34
42 1 L 1
43 1 L 25
44 0 U 8
45 0 U -1
46 1 L 45
47 1 L 17
48 0 U 32
49 1 L 1
50 1 U 45
51 1 U 45
52 0 U 18
53 0 L 34
54 1 L 6
55 1 U 44
56 1 L 31
57 1 U 16
58 1 L 16
59 0 U 19
60 0 L 44
61 0 U 40
62 0 L 49
63 0 U 0
64 0 U 8
65 1 L 63
66 0 L 43
67 0 U 65
68 0 U 26
69 0 L 66
70 0 U 67
71 0 U 14
72 0 L -1
73 0 U 8
74 1 L 61
75 0 U 48
76
0 1 U -1
1 1 U 0
2 0 U -1
3 0 U -1
4 1 U -1
5 0 L 2
6 0 U 0
7 1 U -1
8 1 L 7
9 0 L 0
10 1 U 3
11 0 U 3
12 1 L 6
13 0 L 0
14 0 U 3
15 1 L 3
16 1 L 13
17 1 L 9
18 0 U 3
19 0 U 9
20 1 U 14
21 1 U 15
22 1 U -1
23 0 L 20
24 0 U 8
25 1 L 10
26 0 L 5
27 0 U 9
28 0 L 14
29 0 L 14
30 1 L 5
31 0 U 24
32 0 U 5
33 1 U -1
34 0 U 16
35 0 U 12
36 1 L 10
37 0 L -1
38 0 L 1
39 0 L 29
40 0 L 30
41 1 U 34
42 1 L -1
43 1 L 25
44 1 U 8
45 0 U -1
46 1 L 34
47 1 L 10
48 1 U 32
49 1 L 1
50 1 U 45
51 1 U 45
52 0 U 18
53 0 L 34
54 1 L 6
55 1 U 33
56 1 L 31
57 1 U 16
58 1 L 16
59 1 U 50
60 0 L 44
61 0 U 40
62 0 L 49
63 1 U 8
64 0 U 8
65 0 L 63
66 0 L 43
67 0 U 27
68 0 U 26
69 0 L 66
70 0 U 67
71 0 U 14
72 0 L -1
73 0 U 8
74 1 L 61
75 0 U 26
76
0 1 L -1
1 1 U 0
2 0 U -1
3 0 U -1
4 1 U -1
5 0 L 2
6 0 U -1
7 1 L 6
8 1 L 7
9 0 L 0
10 1 U 3
11 0 U 3
12 1 L 6
13 0 L 0
14 0 U 3
15 1 L 3
16 1 L 13
17 1 L 9
18 0 U 3
19 0 U 18
20 1 U 13
21 1 U 15
22 1 U -1
23 0 L 20
24 0 U 8
25 1 L 10
26 0 L 5
27 1 U 9
28 1 L 14
29 0 L 25
30 1 L 5
31 0 U 24
32 0 U 5
33 1 U -1
34 0 U 16
35 0 U 33
36 1 L 4
37 0 L 1
38 0 L 1
39 0 L 29
40 0 L 30
41 1 U 34
42 1 L -1
43 1 L 25
44 1 U 8
45 0 U -1
46 1 L 34
47 1 L 10
48 1 U 32
49 1 L 1
50 1 U 45
51 1 U 45
52 0 U 11
53 0 L 34
54 1 L 12
55 0 U 2
56 1 L 31
57 1 U 48
58 1 L 16
59 0 L 6
60 0 L 44
61 0 U 40
62 0 L 16
63 1 U 8
64 0 U 8
65 1 U 63
66 0 L 43
67 1 U 48
68 1 U 60
69 0 L 66
70 0 U 67
71 0 U 33
72 0 L -1
73 0 U 60
74 1 L 61
75 0 L 64
76
0 1 U -1
1 1 U 0
2 0 U -1
3 0 U -1
4 1 U -1
5 0 L 2
6 0 U -1
7 0 U 6
8 1 L 7
9 0 L 0
10 1 U 3
11 0 U 4
12 1 L 6
13 1 L 1
14 0 U 3
15 1 L 3
16 1 L 13
17 1 L 9
18 0 U 3
19 0 U 18
20 1 U 9
21 1 U 15
22 1 U -1
23 0 L 20
24 0 U 8
25 1 L 17
26 0 L 0
27 0 U 9
28 1 L 25
29 0 L 25
30 1 L 5
31 0 U 24
32 0 U 5
33 1 U -1
34 0 U 16
35 0 U 33
36 1 L 17
37 0 L 1
38 0 L 1
39 0 L 29
40 0 L 30
41 1 U 34
42 1 L -1
43 1 L 25
44 0 U 8
45 0 U -1
46 1 L 34
47 1 L 10
48 1 U 32
49 1 L 1
50 1 U 45
51 1 U 45
52 0 U 10
53 0 L 34
54 1 L 12
55 0 U 2
56 1 L 31
57 1 U 48
58 1 L 49
59 0 L 50
60 1 L 44
61 0 U 40
62 0 L 16
63 1 U 1
64 0 U 8
65 1 U 8
66 0 L 43
67 1 U 20
68 0 U 17
69 0 L 66
70 0 U 67
71 0 U 17
72 0 L -1
73 0 U 41
74 1 L 61
75 1 L 50
76
0 1 U -1
1 1 U 0
2 0 U -1
3 0 U -1
4 1 U -1
5 0 L 2
6 0 U -1
7 1 U 6
8 1 L 7
9 0 L 0
10 1 U 3
11 0 U -1
12 1 L 6
13 1 L 1
14 0 U 3
15 1 L 3
16 1 L 13
17 1 L 9
18 0 U 3
19 0 U 9
20 1 U 9
21 1 U 15
22 1 U -1
23 0 L 20
24 0 U 8
25 1 L 17
26 0 L 0
27 0 U 9
28 0 L 16
29 0 L 25
30 0 L 5
31 0 U 24
32 0 U 5
33 1 U -1
34 0 U 16
35 0 U 33
36 0 L 15
37 0 L 1
38 0 L 1
39 0 L 29
40 0 L 30
41 1 U 34
42 1 L -1
43 1 L 25
44 1 U -1
45 0 U -1
46 1 L 36
47 0 L 10
48 1 U 32
49 1 L 1
50 1 U 45
51 1 U 45
52 0 U 10
53 0 L 34
54 0 L 15
55 0 U 2
56 1 L 31
57 1 U 16
58 0 L 49
59 1 U -1
60 0 L 44
61 0 U 40
62 0 L 16
63 0 U 24
64 0 U 8
65 1 U 8
66 0 L 43
67 1 U 20
68 0 U 17
69 0 L 66
70 0 U 67
71 1 U 14
72 0 L -1
73 0 U 16
74 1 L 61
75 1 U 57
76
0 1 L -1
1 1 U 0
2 0 U -1
3 0 U -1
4 1 U -1
5 0 L 2
6 0 U 0
7 1 L 6
8 1 L 7
9 0 L 0
10 1 U 3
11 1 L -1
12 1 L 6
13 1 L 1
14 0 U 7
15 1 L 3
16 1 L 13
17 1 L 9
18 0 U 2
19 0 U 5
20 1 U 9
21 1 U 15
22 1 U -1
23 0 L 20
24 0 U 8
25 1 L 10
26 0 L 6
27 0 U 9
28 0 L 26
29 0 L 25
30 0 L 5
31 0 U 7
32 0 U 5
33 1 U 8
34 0 U 16
35 0 U 33
36 0 L 15
37 0 L 1
38 1 L -1
39 0 L 29
40 0 L 30
41 1 U 34
42 1 L 11
43 1 L 25
44 0 U -1
45 0 U -1
46 1 L 36
47 1 L 10
48 1 U 32
49 1 L 1
50 1 U 45
51 1 U 45
52 1 U 10
53 0 L 34
54 0 L 15
55 0 U 2
56 1 L 31
57 1 U 20
58 0 L 30
59 1 L -1
60 0 L 48
61 0 U 40
62 0 L 16
63 1 U 6
64 0 U 55
65 1 U 8
66 0 L 43
67 1 U 20
68 0 U 60
69 0 L 66
70 0 U 60
71 0 U 16
72 0 L -1
73 0 U 16
74 1 L 61
75 0 U 57
76
0 1 U -1
1 1 U 0
2 0 U -1
3 0 U -1
4 1 U -1
5 0 L 2
6 0 U 0
7 1 L 6
8 1 L 7
9 0 L 0
10 1 U 3
11 1 L -1
12 1 L 6
13 1 L 1
14 0 U 7
15 1 L 3
16 1 L 13
17 1 L 9
18 0 U 3
19 0 U 5
20 1 U 9
21 1 U 15
22 1 U -1
23 0 L 22
24 0 U 8
25 1 L 17
26 0 L 15
27 0 U 9
28 1 L 14
29 0 L 25
30 0 L 5
31 0 U 7
32 0 U 5
33 1 U 8
34 0 U 16
35 0 U 33
36 0 L 17
37 0 L 1
38 1 L 1
39 0 L 29
40 0 L 30
41 1 U 34
42 1 L 11
43 1 L 25
44 1 U -1
45 0 U -1
46 1 L 36
47 1 L 10
48 1 U 32
49 1 L 1
50 1 U 45
51 1 U 45
52 1 U 8
53 0 L 34
54 0 L 15
55 1 U 2
56 1 L 31
57 1 U 16
58 0 L 42
59 1 L 50
60 0 L 48
61 0 U 42
62 0 L 16
63 0 L 56
64 0 U 14
65 1 U 8
66 0 L 43
67 1 U 27
68 0 U 17
69 0 L 66
70 0 U 55
71 1 U 6
72 0 L -1
73 1 U 20
74 1 L 61
75 0 L 63
76
0 1 U -1
1 1 U 0
2 0 U -1
3 0 U -1
4 1 U -1
5 0 L 2
6 0 U 0
7 1 L 6
8 1 L 7
9 0 L 0
10 1 U 3
11 1 L -1
12 1 L 6
13 1 L 0
14 0 U 7
15 1 L 3
16 0 L 13
17 1 L 9
18 0 U 3
19 0 U 5
20 1 U 15
21 1 U 15
22 1 U -1
23 0 L 22
24 0 U -1
25 1 L 17
26 0 L 15
27 1 U 9
28 1 L 14
29 0 L 25
30 0 L 5
31 0 U 7
32 0 U 5
33 1 U 24
34 0 U 27
35 0 U 33
36 0 L 17
37 0 L 1
38 0 L 1
39 0 L 29
40 0 L 30
41 1 U 34
42 1 L 11
43 1 L 25
44 1 U -1
45 0 U -1
46 1 L 7
47 1 L 10
48 1 U 32
49 0 L -1
50 1 U 45
51 1 U 45
52 1 U 8
53 0 U 13
54 0 L 15
55 0 U 22
56 1 L 39
57 1 U 16
58 0 L 42
59 1 L 44
60 0 U 27
61 0 U 42
62 0 L 9
63 1 L 39
64 0 U 14
65 1 U 8
66 0 L 43
67 1 U 35
68 1 U 37
69 0 L 66
70 0 U 55
71 0 U 6
72 0 L -1
73 1 U 68
74 1 L 61
75 1 L 44
76
0 1 L -1
1 1 U 0
2 0 U -1
3 0 U -1
4 1 U -1
5 0 L 2
6 0 U 0
7 1 L 6
8 1 L 7
9 0 L 0
10 1 U 3
11 1 L -1
12 1 L 6
13 1 L 1
14 0 U 7
15 1 L 3
16 0 L 13
17 1 L 9
18 0 U 3
19 0 U 18
20 1 U 13
21 1 U 15
22 1 U -1
23 0 L 22
24 0 U -1
25 1 L 17
26 0 L 12
27 1 U 9
28 1 U 8
29 0 L 25
30 0 L 5
31 0 U 7
32 0 U 5
33 1 U 24
34 0 U 27
35 0 U 33
36 0 L 17
37 0 L 1
38 0 L 1
39 0 L 29
40 0 L 30
41 1 U 34
42 1 L 11
43 1 L 25
44 1 U -1
45 0 U -1
46 1 L 9
47 1 L 10
48 1 U 32
49 1 L -1
50 1 U 45
51 1 U 45
52 1 U 8
53 0 U 13
54 0 L 40
55 0 U 22
56 1 L 39
57 1 U 16
58 0 L 42
59 0 L 44
60 0 U 19
61 0 U 42
62 0 L 9
63 0 U 59
64 0 U 14
65 1 U 8
66 0 L 43
67 1 U 35
68 0 U 37
69 0 L 66
70 0 U 5
71 0 U 3
72 0 L -1
73 1 U 68
74 1 L 61
75 0 L 50
76
0 1 L -1
1 1 U 0
2 0 U -1
3 0 U -1
4 1 U -1
5 0 L 2
6 0 U -1
7 1 L 6
8 1 L 7
9 0 L 0
10 1 U 3
11 1 L -1
12 1 L 6
13 1 L 1
14 0 U 7
15 1 L 3
16 1 L 13
17 1 L 9
18 0 U 3
19 0 U 18
20 1 U 13
21 1 U 15
22 1 U -1
23 0 L 20
24 0 U -1
25 1 L 17
26 0 L 7
27 1 U 9
28 1 L 7
29 0 L 25
30 0 L 5
31 0 U 0
32 0 U 5
33 1 U 24
34 0 U 27
35 0 U 33
36 0 L 10
37 0 L 1
38 1 L 1
39 0 L 29
40 0 L 30
41 1 U 34
42 1 L 11
43 1 L 25
44 0 U -1
45 0 U -1
46 0 U 9
47 1 L 10
48 1 U 9
49 1 L -1
50 1 U 45
51 1 U 45
52 1 U 8
53 0 U 16
54 1 L 40
55 0 U 22
56 1 L 39
57 1 U 16
58 0 L 42
59 0 U 20
60 0 U 19
61 0 U 42
62 0 L 9
63 0 L 7
64 0 U 14
65 1 U 8
66 0 L 43
67 1 U 35
68 0 U 37
69 0 L 66
70 0 U 5
71 0 U 24
72 0 L -1
73 0 U 68
74 1 L 61
75 1 L 50
76
0 1 U -1
1 1 U 0
2 0 U -1
3 0 U -1
4 1 U -1
5 0 L 2
6 0 U -1
7 1 L 6
8 1 L 7
9 0 L 0
10 1 U 3
11 1 L -1
12 1 L 6
13 1 L 2
14 0 U 7
15 1 L 10
16 1 L 13
17 1 L 9
18 0 U 3
19 0 U 18
20 1 U 10
21 1 U 15
22 1 U -1
23 0 L 20
24 0 U -1
25 1 L 17
26 0 L 7
27 1 U 9
28 1 L 24
29 0 L 25
30 0 L 5
31 0 U 0
32 0 U 5
33 1 U 24
34 0 U 27
35 0 U 33
36 0 L 10
37 0 L 1
38 0 L 1
39 0 L 29
40 0 L 30
41 1 U 34
42 1 L 11
43 1 L 14
44 0 U -1
45 0 U -1
46 0 L 12
47 1 L 10
48 1 U 9
49 1 L -1
50 1 U 45
51 1 U 45
52 1 U 8
53 0 U 16
54 0 L 40
55 0 U 22
56 1 L 39
57 1 U 16
58 0 L 42
59 1 L 47
60 0 U 19
61 0 U 36
62 0 U 9
63 0 U 42
64 0 U 5
65 1 U 8
66 0 L 43
67 0 U 35
68 0 U 37
69 0 L 66
70 0 U 5
71 1 L 4
72 0 L -1
73 1 U 68
74 1 L 61
75 1 L 50
