67
0 0 U -1
1 0 U -1
2 0 U -1
3 0 U -1
4 0 U -1
5 0 U -1
6 0 U -1
7 0 U -1
8 0 U -1
9 0 U -1
10 0 U -1
11 0 U -1
12 0 U -1
13 0 U -1
14 0 U -1
15 0 U -1
16 0 U -1
17 0 U -1
18 0 U -1
19 0 U -1
20 0 U -1
21 0 U -1
22 0 U -1
23 0 U -1
24 0 U -1
25 0 U -1
26 0 U -1
27 0 U -1
28 0 U -1
29 0 U -1
30 0 U -1
31 0 U -1
32 0 U -1
33 0 U -1
34 0 U -1
35 0 U -1
36 0 U -1
37 0 U -1
38 0 U -1
39 0 U -1
40 0 U -1
41 0 U -1
42 0 U -1
43 0 U -1
44 0 U -1
45 0 U -1
46 0 U -1
47 0 U -1
48 0 U -1
49 0 U -1
50 0 U -1
51 0 U -1
52 0 U -1
53 0 U -1
54 0 U -1
55 0 U -1
56 0 U -1
57 0 U -1
58 0 U -1
59 0 U -1
60 0 U -1
61 0 U -1
62 0 U -1
63 0 U -1
64 0 U -1
65 0 U -1
66 0 U -1
67
0 1 U -1
1 0 U -1
2 0 U -1
3 0 U 1
4 0 U -1
5 0 U 0
6 0 U -1
7 0 U -1
8 1 L 4
9 1 U -1
10 1 U 3
11 0 U -1
12 1 U -1
13 1 L 1
14 1 L 6
15 1 L 13
16 0 U -1
17 0 U 7
18 1 U 0
19 0 L 0
20 1 U 8
21 1 U 17
22 1 U 16
23 1 U 22
24 0 L -1
25 1 L 12
26 0 U 25
27 1 U 7
28 0 U 25
29 1 U 11
30 1 U 15
31 1 L 6
32 1 L -1
33 1 U -1
34 0 L 13
35 0 L 24
36 0 U 28
37 1 U 3
38 0 L 3
39 0 U 38
40 1 U 25
41 0 L -1
42 1 U 20
43 1 U 33
44 0 L 6
45 0 U 20
46 0 U 19
47 1 L 17
48 1 L 35
49 0 L 0
50 0 L -1
51 0 L 47
52 0 L 35
53 0 L -1
54 0 U -1
55 1 L 34
56 1 U 23
57 1 L 22
58 1 L 53
59 1 U 36
60 0 U 54
61 1 U 29
62 0 L 19
63 1 L 11
64 0 U 51
65 1 L 26
66 0 L 15
67
0 1 U -1
1 0 U -1
2 0 U -1
3 1 U 1
4 0 U -1
5 0 U 2
6 0 U -1
7 0 U -1
8 1 L 4
9 1 U -1
10 0 U 3
11 0 U -1
12 0 U -1
13 1 L 1
14 0 L 6
15 1 L 13
16 0 U -1
17 0 U 11
18 1 U 0
19 1 L 0
20 1 U 8
21 1 U 17
22 1 U 4
23 0 L 18
24 0 L -1
25 1 L 23
26 0 U 25
27 0 U 7
28 0 U 25
29 1 U 11
30 0 U 3
31 0 L 8
32 0 U 21
33 1 U -1
34 1 L 13
35 0 L 24
36 0 U 28
37 1 U 3
38 1 L 3
39 0 L 34
40 0 U 38
41 1 L -1
42 1 U 28
43 1 U 41
44 0 L 6
45 0 U 26
46 0 U 3
47 1 L 17
48 1 L 35
49 1 L 0
50 0 L 19
51 1 L 18
52 1 L 48
53 1 L -1
54 1 U -1
55 1 L 23
56 0 L 24
57 1 L 16
58 0 L 2
59 1 U 31
60 0 U 54
61 1 U 29
62 1 L 58
63 0 L 1
64 0 U 36
65 1 L 26
66 0 L 2
67
0 1 U -1
1 0 U -1
2 0 U -1
3 1 U 1
4 0 U -1
5 0 U 2
6 0 U -1
7 0 U -1
8 1 L 3
9 1 U -1
10 1 U 3
11 0 L -1
12 0 U -1
13 1 L 1
14 1 L 6
15 1 L 13
16 0 U 7
17 1 U 12
18 1 U 1
19 1 L 0
20 1 U 8
21 1 U 16
22 1 U 4
23 0 U 13
24 0 L -1
25 1 L 23
26 0 U 25
27 0 U -1
28 0 U 25
29 0 U 0
30 1 U 19
31 1 L 8
32 1 U 21
33 1 U -1
34 1 L 13
35 0 L 24
36 0 U 28
37 0 U 3
38 0 L 15
39 1 L 34
40 1 U 37
41 0 L -1
42 1 U 41
43 1 U 8
44 0 L 39
45 0 U 38
46 1 L 20
47 1 L 17
48 1 L 35
49 0 U 0
50 0 L 1
51 0 L 18
52 1 L 13
53 0 L 24
54 1 U -1
55 1 L 16
56 0 L 24
57 1 L 28
58 0 L 2
59 1 U 42
60 0 U 54
61 0 U 29
62 1 L 58
63 0 L 53
64 0 U 36
65 0 L 47
66 0 L 2
67
0 1 L -1
1 0 U -1
2 0 U -1
3 1 U 1
4 0 U -1
5 0 U 1
6 0 U -1
7 0 U -1
8 1 L 4
9 1 U -1
10 1 U 3
11 0 L -1
12 0 U -1
13 0 L 1
14 1 L 6
15 1 L 13
16 0 U 7
17 0 U 1
18 1 U 1
19 1 L 0
20 1 U 8
21 1 U 16
22 1 U 4
23 0 U 13
24 0 L -1
25 1 L 23
26 0 U 25
27 0 U -1
28 0 U 25
29 1 U 2
30 0 U 16
31 1 L 8
32 1 U 2
33 1 U -1
34 1 L 13
35 1 L 24
36 0 U 28
37 0 U 3
38 1 L 15
39 1 L 34
40 1 U 37
41 0 L -1
42 1 U 41
43 1 U 21
44 1 L -1
45 1 U 38
46 1 L 20
47 1 L 17
48 1 L 35
49 0 L 41
50 0 L 49
51 1 L 18
52 1 L 2
53 0 L 24
54 0 U -1
55 1 L 6
56 1 L -1
57 1 L 28
58 0 L 2
59 0 U 42
60 0 U 54
61 0 U 60
62 0 L 58
63 1 L 53
64 0 U 42
65 0 L 47
66 0 L 1
67
0 1 U -1
1 0 U -1
2 0 U -1
3 1 U 1
4 0 U -1
5 0 U 1
6 0 U -1
7 0 U -1
8 1 L 3
9 1 U -1
10 1 U 3
11 0 L -1
12 0 U -1
13 0 L 1
14 0 L 6
15 1 L 13
16 0 U 7
17 0 U 0
18 0 U 1
19 1 L 0
20 1 U 8
21 1 U 11
22 1 U 4
23 0 U 13
24 0 L -1
25 1 L 12
26 0 U 25
27 0 U -1
28 0 U 25
29 1 U 0
30 0 U 16
31 0 L 8
32 1 U 2
33 1 U -1
34 1 L 13
35 0 L 24
36 0 U 28
37 0 U 16
38 1 L 4
39 1 L 34
40 1 U 37
41 0 L -1
42 1 U 41
43 1 U 21
44 0 L -1
45 1 U 43
46 1 L 20
47 1 L 17
48 1 L 35
49 0 L 0
50 0 L 49
51 1 L 18
52 1 L 13
53 0 L 24
54 0 U -1
55 0 L 16
56 1 L -1
57 1 L 28
58 1 L 2
59 0 U 42
60 0 U 7
61 1 U 17
62 0 L 3
63 0 L 53
64 0 U 42
65 0 L 20
66 1 L 1
67
0 1 U -1
1 0 U -1
2 0 U -1
3 1 U 1
4 0 U -1
5 0 U 1
6 0 U -1
7 0 U -1
8 1 L 3
9 1 U -1
10 1 U 3
11 0 L -1
12 0 U -1
13 1 L 1
14 0 L 6
15 1 L 13
16 0 U 7
17 0 U 6
18 1 U 1
19 1 L 0
20 1 U 8
21 1 U 16
22 0 U 4
23 0 U 22
24 0 L -1
25 1 L 12
26 0 U 25
27 0 U -1
28 0 U 10
29 1 U 1
30 0 U 3
31 0 L 8
32 1 U 2
33 1 U -1
34 1 L 13
35 0 L 24
36 0 U 28
37 0 U 32
38 1 L 0
39 0 L 34
40 1 U 37
41 0 L -1
42 1 U 41
43 1 U 8
44 0 L -1
45 0 U 43
46 1 L 8
47 1 L 17
48 1 L 35
49 0 L 0
50 0 L 19
51 1 L 18
52 1 L 13
53 0 L 24
54 0 U -1
55 1 L 4
56 1 L -1
57 0 L 27
58 1 L 2
59 0 U 42
60 0 U 54
61 0 U 3
62 0 L 3
63 1 L 19
64 0 U 42
65 0 L 20
66 0 L 1
67
0 1 U -1
1 0 U -1
2 0 U -1
3 1 U 1
4 0 U -1
5 0 U 1
6 0 U -1
7 0 U -1
8 1 L 3
9 1 U -1
10 1 U 3
11 0 L -1
12 0 U -1
13 1 L 1
14 0 L 6
15 0 L 13
16 0 U 7
17 1 U 1
18 0 U 2
19 1 L 0
20 1 U 15
21 1 U 3
22 0 U 4
23 0 U 22
24 0 L -1
25 1 L 23
26 0 U 25
27 0 U -1
28 0 U 10
29 1 U 1
30 0 U 16
31 0 L 8
32 1 U 2
33 1 U -1
34 1 L 13
35 0 L 24
36 0 U 28
37 0 U 32
38 0 L 16
39 0 L 34
40 1 U 37
41 0 L -1
42 1 U 26
43 1 U 8
44 1 L -1
45 0 U 43
46 1 L 8
47 1 L 17
48 1 L 35
49 0 L 0
50 0 L 49
51 0 L 47
52 1 L 48
53 1 L 24
54 0 U -1
55 1 L 34
56 1 L -1
57 1 L 26
58 0 L 2
59 0 U 42
60 0 U 54
61 0 U 32
62 0 L 3
63 0 L 19
64 0 L 42
65 0 L 20
66 1 L 19
67
0 1 U -1
1 0 U -1
2 0 U -1
3 1 U 1
4 0 U -1
5 0 U 2
6 1 U -1
7 0 U -1
8 1 L 4
9 1 U -1
10 1 U 3
11 1 L -1
12 0 L -1
13 1 L 1
14 0 L 6
15 0 L 2
16 0 U 7
17 1 U 0
18 1 U 1
19 1 L 0
20 1 U 8
21 1 U 3
22 0 U 4
23 0 U 19
24 0 L -1
25 1 L 23
26 0 U 25
27 0 U -1
28 0 U 10
29 0 U 2
30 0 U 3
31 1 L 8
32 1 U 1
33 1 U -1
34 1 L 13
35 0 L 24
36 0 U 28
37 0 U 32
38 0 L 16
39 0 L 34
40 1 U 37
41 0 L 24
42 1 U 26
43 1 U 8
44 0 L -1
45 1 U 43
46 1 L 8
47 1 L 17
48 1 L 35
49 0 L 0
50 0 L 19
51 1 L 47
52 1 L 48
53 0 L 24
54 0 U -1
55 0 L 4
56 1 L -1
57 1 L 51
58 1 L 55
59 0 U 42
60 0 U 54
61 0 U 17
62 0 L 3
63 1 L 53
64 1 U 45
65 0 L 18
66 0 L 50
67
0 1 L -1
1 0 U -1
2 0 U -1
3 1 U 1
4 0 U -1
5 0 U 2
6 1 U -1
7 0 U -1
8 1 L 4
9 1 U -1
10 1 U 3
11 0 U -1
12 0 L -1
13 1 L 1
14 1 L 6
15 0 L 2
16 0 U 7
17 1 U 1
18 0 U 2
19 1 L 0
20 1 U 8
21 1 U 3
22 0 U 4
23 0 U 12
24 0 L -1
25 1 L 23
26 0 U 25
27 0 U -1
28 0 U 10
29 1 U 2
30 0 U 3
31 0 L 8
32 1 U 11
33 1 U -1
34 1 L 13
35 1 L 24
36 0 U 28
37 0 U 3
38 1 L 16
39 0 L 34
40 1 U 37
41 0 L -1
42 1 U 41
43 1 U 35
44 0 L -1
45 1 U 20
46 1 L 8
47 1 L 17
48 1 L 35
49 0 L 0
50 0 L 1
51 1 L 47
52 1 L 48
53 1 L 12
54 1 U -1
55 0 L 4
56 1 L -1
57 1 L 51
58 1 L 19
59 0 L 42
60 0 U 0
61 0 U 17
62 0 L 3
63 1 L 53
64 0 U 45
65 0 L 18
66 0 L 63
67
0 1 U -1
1 0 U -1
2 0 U -1
3 1 U 1
4 0 U -1
5 0 U 1
6 1 U -1
7 0 U -1
8 1 L 4
9 1 U -1
10 1 U 3
11 0 U -1
12 1 L -1
13 0 L 1
14 1 L 6
15 0 L 13
16 0 U 7
17 0 U 0
18 0 U 11
19 1 L 0
20 1 U 8
21 1 U 3
22 0 U 4
23 0 U 22
24 0 L -1
25 1 L 23
26 0 U 25
27 0 U -1
28 0 U 10
29 1 U 2
30 0 U 17
31 0 L 8
32 1 U 11
33 1 U -1
34 1 L 13
35 0 L 24
36 0 U 28
37 0 U 3
38 1 L 16
39 0 L 34
40 1 U 37
41 1 L -1
42 1 U 20
43 1 U 15
44 1 L -1
45 0 U 20
46 1 L 8
47 1 L 17
48 1 L 35
49 0 L 0
50 0 L 19
51 0 L 47
52 1 L 48
53 0 L 12
54 1 U -1
55 1 L 4
56 1 L -1
57 0 L 22
58 1 L 19
59 0 L 42
60 0 U 0
61 0 U 19
62 0 L 3
63 0 L 1
64 0 U 45
65 0 L 18
66 1 L 63
67
0 1 U -1
1 0 U -1
2 0 U -1
3 1 U 1
4 0 U -1
5 0 U 1
6 1 U -1
7 0 U -1
8 1 L 4
9 1 U -1
10 1 U 3
11 0 U -1
12 1 L -1
13 1 L 1
14 1 L 6
15 0 L 13
16 0 U 7
17 1 U 0
18 0 U 11
19 1 L 0
20 1 U 8
21 1 U 3
22 0 U 4
23 0 U 22
24 0 L -1
25 1 L 23
26 0 U 25
27 0 U -1
28 0 U 10
29 1 U 2
30 0 U 17
31 1 L 8
32 1 U 1
33 1 U -1
34 1 L 13
35 1 L 24
36 0 U 28
37 0 U 3
38 1 L 14
39 0 L 34
40 1 U 37
41 1 L -1
42 1 U 20
43 1 U 15
44 0 L -1
45 1 U 20
46 1 L 8
47 1 L 17
48 1 L 35
49 0 L 0
50 0 L 19
51 1 L 47
52 1 L 48
53 1 L 12
54 1 U -1
55 0 L 4
56 1 L -1
57 0 L 22
58 1 L 19
59 0 U 42
60 0 U 0
61 0 U 12
62 0 L 3
63 0 L 1
64 1 U 36
65 0 L 18
66 0 L 13
67
0 1 L -1
1 0 U -1
2 0 U -1
3 1 U 1
4 0 U -1
5 0 U 2
6 1 U -1
7 0 U -1
8 1 L 4
9 1 U -1
10 1 U 3
11 0 U -1
12 1 L -1
13 0 L 1
14 1 L 6
15 1 L 13
16 0 U 7
17 0 U 0
18 0 U 11
19 1 L 0
20 1 U 8
21 1 U 16
22 0 U 4
23 0 U 12
24 0 L -1
25 1 L 23
26 0 U 25
27 0 U -1
28 0 U 10
29 1 U 11
30 0 U 17
31 1 L 8
32 1 U 1
33 1 U -1
34 1 L 13
35 1 L 24
36 0 U 28
37 0 U 3
38 1 L 14
39 0 L 34
40 1 U 15
41 1 L -1
42 1 U 40
43 1 U 23
44 0 L -1
45 1 U 20
46 1 L 8
47 1 L 17
48 1 L 35
49 1 L 44
50 0 L 49
51 0 L 47
52 1 L 13
53 0 L 12
54 1 U -1
55 1 L 4
56 1 L -1
57 1 L 22
58 1 L 19
59 0 U 42
60 0 U 0
61 0 U 13
62 1 L 3
63 1 L 53
64 1 U 58
65 0 L 18
66 1 L 13
67
0 1 U -1
1 0 U -1
2 0 U -1
3 1 U 1
4 0 U -1
5 0 U 2
6 1 U -1
7 0 U -1
8 1 L 4
9 1 U -1
10 1 U 3
11 0 U -1
12 0 L -1
13 1 L 1
14 1 L 6
15 1 L 13
16 0 U 7
17 1 U 0
18 0 U 11
19 1 L 0
20 1 U 8
21 1 U 3
22 0 U 4
23 0 U 13
24 0 L -1
25 1 L 23
26 0 U 25
27 0 U -1
28 0 U 10
29 1 U 2
30 0 U 17
31 1 L 8
32 1 U 1
33 1 U -1
34 1 L 13
35 0 L 24
36 0 U 28
37 0 U 3
38 1 L 16
39 0 L 34
40 1 U 37
41 0 L 12
42 1 U 20
43 1 U 35
44 1 L -1
45 1 U 20
46 1 L 8
47 1 L 17
48 1 L 35
49 1 L 44
50 0 L 19
51 1 L 47
52 1 L 13
53 0 L 24
54 1 U -1
55 0 L 4
56 1 L -1
57 0 L 22
58 0 L 19
59 0 U 42
60 0 U 0
61 0 U 60
62 0 L 15
63 0 L 53
64 0 U 51
65 0 L 18
66 1 L 13
67
0 1 U -1
1 0 U -1
2 0 U -1
3 1 U 1
4 0 U -1
5 0 U 2
6 1 U -1
7 0 U -1
8 1 L 3
9 1 U -1
10 1 U 3
11 0 U -1
12 0 L -1
13 0 L 1
14 1 L 6
15 1 L 13
16 0 U 7
17 1 U 0
18 0 U 2
19 1 L 0
20 1 U 8
21 1 U 3
22 0 U 4
23 0 U 17
24 0 L -1
25 1 L 23
26 0 U 25
27 0 U -1
28 0 U 10
29 1 U 2
30 0 U 17
31 0 L 8
32 1 U 1
33 1 U -1
34 1 L 13
35 0 L 24
36 0 U 28
37 0 U 3
38 0 L 16
39 0 L 34
40 1 U 37
41 0 L 12
42 1 U 41
43 1 U 24
44 0 L -1
45 1 U 20
46 1 L 8
47 1 L 17
48 1 L 35
49 1 L 44
50 0 L 19
51 0 L 47
52 1 L 13
53 0 L 24
54 1 U -1
55 0 L 52
56 1 L -1
57 1 L 22
58 1 L 53
59 0 U 42
60 0 U 0
61 0 U 18
62 0 L 15
63 0 L 19
64 1 U 51
65 0 L 18
66 0 L 13
67
0 1 U -1
1 0 U -1
2 0 U -1
3 1 U 1
4 0 U -1
5 0 U 1
6 1 U -1
7 0 U -1
8 1 L 3
9 1 U -1
10 1 U 3
11 0 U -1
12 0 L -1
13 1 L 1
14 1 L 6
15 1 L 13
16 0 U 7
17 1 U 0
18 0 U 2
19 1 L 0
20 1 U 8
21 1 U 16
22 0 U 4
23 0 U 22
24 0 L -1
25 1 L 23
26 0 U 25
27 0 U -1
28 0 U 10
29 1 U 2
30 0 U 16
31 1 L 8
32 1 U 1
33 1 U -1
34 1 L 13
35 1 L 24
36 1 U 28
37 0 U 17
38 0 L -1
39 0 L 34
40 1 U 15
41 0 L 12
42 1 U 41
43 1 U 8
44 1 L -1
45 1 U 20
46 1 L 8
47 1 L 17
48 1 L 35
49 0 L 44
50 1 L 41
51 1 L 11
52 0 L 13
53 0 L 24
54 1 U -1
55 0 L 52
56 1 L -1
57 0 L 22
58 1 L 53
59 0 L 42
60 0 U 0
61 0 U 18
62 1 L 34
63 0 L 19
64 0 U 52
65 0 L 18
66 0 L 13
67
0 1 U -1
1 0 U -1
2 0 U -1
3 1 U 1
4 0 U -1
5 0 U 1
6 1 U -1
7 0 U -1
8 1 L 3
9 1 U -1
10 1 U 3
11 0 U -1
12 0 L -1
13 1 L 1
14 1 L 6
15 1 L 13
16 0 U 7
17 1 U 2
18 0 U 11
19 1 L 0
20 1 U 8
21 1 U 16
22 0 U 4
23 0 U 16
24 0 L -1
25 1 L 23
26 0 U 25
27 0 U -1
28 0 U 8
29 1 U 1
30 1 U 3
31 0 L 8
32 1 U 1
33 1 U -1
34 1 L 13
35 0 L 24
36 1 U 28
37 0 U 3
38 0 L 13
39 0 L 34
40 1 U 15
41 0 L 12
42 1 U 41
43 1 U 10
44 0 L -1
45 1 U 20
46 1 L 8
47 1 L 17
48 1 L 35
49 0 L 44
50 0 L 41
51 1 L 11
52 0 L 13
53 0 L 24
54 1 U -1
55 0 L 52
56 1 L -1
57 0 L 22
58 0 L 53
59 0 U 42
60 0 U 0
61 0 U 18
62 0 L 34
63 1 L 19
64 0 U 42
65 0 L 18
66 1 L 13
67
0 1 U -1
1 0 U -1
2 0 U -1
3 1 U 1
4 0 U -1
5 0 U 1
6 1 U -1
7 0 U -1
8 1 L 4
9 1 U -1
10 1 U 3
11 0 U -1
12 0 L -1
13 0 L 1
14 1 L 6
15 1 L 13
16 0 U 7
17 0 U 1
18 1 U 0
19 1 L 0
20 1 U 8
21 1 U 16
22 0 U 4
23 0 U 16
24 0 L -1
25 1 L 23
26 0 U 25
27 0 U -1
28 0 U 8
29 1 U 1
30 1 U 3
31 1 L 8
32 1 U 2
33 1 U -1
34 1 L 13
35 0 L 24
36 1 U 28
37 0 U 3
38 1 L 13
39 0 L 34
40 1 U 15
41 0 L 24
42 1 U 41
43 1 U 10
44 0 L -1
45 1 U 41
46 1 L 8
47 1 L 17
48 1 L 35
49 0 L 44
50 0 L 41
51 1 L 36
52 0 L 13
53 0 L 24
54 1 U -1
55 0 L -1
56 1 L -1
57 0 L 22
58 1 L 1
59 0 U 42
60 0 U 54
61 0 U 18
62 0 L 15
63 0 L 19
64 0 U 42
65 0 L 18
66 0 L 13
67
0 1 U -1
1 0 U -1
2 0 U -1
3 1 U 1
4 0 U -1
5 0 U 2
6 1 U -1
7 0 U -1
8 1 L 3
9 1 U -1
10 1 U 3
11 0 U -1
12 0 L -1
13 1 L 1
14 1 L 6
15 1 L 13
16 0 U 7
17 0 U 2
18 1 U 11
19 1 L 0
20 1 U 8
21 1 U 16
22 0 U 4
23 0 U 22
24 0 L -1
25 1 L 23
26 0 U 25
27 0 U -1
28 0 U 8
29 1 U 1
30 1 U 12
31 1 L 8
32 1 U 2
33 1 U -1
34 1 L 13
35 1 L 24
36 1 U 28
37 0 U 3
38 0 L 13
39 0 L 34
40 1 U 15
41 0 L 24
42 1 U 40
43 1 U 21
44 0 L -1
45 1 U 41
46 1 L 8
47 1 L 17
48 1 L 35
49 0 L 44
50 0 L 35
51 1 L 36
52 0 L 13
53 0 L 24
54 1 U -1
55 0 L -1
56 1 L -1
57 0 L 22
58 1 L 19
59 0 U 42
60 0 U 54
61 1 U 18
62 0 L 15
63 0 L 19
64 1 U 58
65 0 L 18
66 0 L 13
67
0 1 U -1
1 0 U -1
2 0 U -1
3 1 U 1
4 0 U -1
5 0 U 2
6 1 U -1
7 0 U -1
8 1 L 4
9 1 U -1
10 1 U 3
11 0 U -1
12 0 L -1
13 1 L 1
14 1 L 6
15 1 L 13
16 0 U 7
17 0 U 11
18 0 U 11
19 1 L 0
20 1 U 8
21 1 U 3
22 0 U 4
23 0 U 22
24 0 L -1
25 1 L 23
26 0 U 25
27 0 U -1
28 0 U 8
29 1 U 11
30 1 U 29
31 0 L 8
32 1 U 1
33 1 U -1
34 1 L 13
35 0 L 24
36 1 U 28
37 0 U 12
38 0 L 2
39 0 L 34
40 1 U 15
41 0 L -1
42 1 U 40
43 1 U 24
44 1 L -1
45 1 U 41
46 1 L 8
47 1 L 17
48 1 L 35
49 0 L 44
50 0 L 49
51 1 L 36
52 0 L 2
53 0 L 24
54 0 U -1
55 1 L 16
56 1 L -1
57 0 L 22
58 0 L 19
59 0 U 42
60 0 U 54
61 0 U 32
62 1 L 15
63 1 L 19
64 0 U 58
65 0 L 18
66 1 L 58
67
0 1 U -1
1 0 U -1
2 0 U -1
3 1 U 1
4 0 U -1
5 0 U 1
6 1 U -1
7 0 U -1
8 1 L 4
9 1 U -1
10 1 U 3
11 0 U -1
12 0 L -1
13 1 L 1
14 1 L 6
15 1 L 13
16 0 U 7
17 0 U 0
18 0 U 11
19 1 L 0
20 1 U 8
21 1 U 12
22 0 U 4
23 0 U 22
24 0 L -1
25 1 L 23
26 0 U 25
27 0 U -1
28 0 U 23
29 1 U 11
30 1 U 29
31 1 L 8
32 0 U 1
33 1 U -1
34 1 L 13
35 0 L 24
36 1 U 28
37 0 U 17
38 1 L 14
39 0 L 34
40 1 U 37
41 0 L -1
42 1 U 40
43 1 U 23
44 0 L -1
45 1 U 41
46 1 L 8
47 1 L 17
48 1 L 35
49 0 L 0
50 1 L 49
51 1 L 36
52 0 L 13
53 0 L 24
54 0 U -1
55 1 L 53
56 1 L -1
57 0 L 22
58 0 L 19
59 0 U 42
60 0 U 54
61 0 U 60
62 1 L 34
63 0 L 19
64 1 U 51
65 0 L 18
66 0 L 58
67
0 1 L -1
1 0 U -1
2 0 U -1
3 1 U 1
4 0 U -1
5 0 U 1
6 1 U -1
7 0 U -1
8 1 L 4
9 1 U -1
10 1 U 3
11 0 U -1
12 0 L -1
13 1 L 1
14 1 L 6
15 1 L 13
16 0 U 7
17 0 U 2
18 1 U 11
19 1 L 0
20 1 U 8
21 1 U 12
22 0 U 4
23 0 U 22
24 0 L -1
25 1 L 23
26 0 U 25
27 0 U -1
28 0 U 23
29 1 U 11
30 1 U 29
31 0 L 8
32 1 U 11
33 1 U -1
34 1 L 13
35 1 L 24
36 1 U 28
37 0 U 3
38 0 L -1
39 0 L 34
40 1 U 37
41 0 L 24
42 1 U 40
43 1 U 35
44 0 L -1
45 1 U 41
46 1 L 8
47 1 L 17
48 1 L 35
49 0 L 0
50 1 L 1
51 1 L 36
52 0 L 13
53 0 L 24
54 0 U -1
55 1 L 53
56 1 L -1
57 0 L 22
58 0 L 19
59 0 U 42
60 0 U 54
61 1 U 60
62 0 L 34
63 0 L 19
64 0 U 45
65 0 L 18
66 1 L 58
67
0 1 L -1
1 0 U -1
2 0 U -1
3 1 U 1
4 0 U -1
5 0 U 1
6 1 U -1
7 0 U -1
8 1 L 4
9 1 U -1
10 1 U 3
11 0 U -1
12 0 L -1
13 0 L 1
14 1 L 6
15 1 L 13
16 0 U 7
17 0 U 0
18 0 U 2
19 1 L 0
20 1 U 8
21 1 U 16
22 0 U 4
23 0 U 12
24 0 L -1
25 1 L 23
26 0 U 25
27 0 U -1
28 0 U 10
29 1 U 2
30 0 U 29
31 1 L 8
32 0 U 11
33 1 U -1
34 1 L 13
35 0 L 24
36 1 U 28
37 0 U 3
38 0 L -1
39 0 L 34
40 1 U 15
41 0 L 24
42 1 U 41
43 1 U 35
44 1 L -1
45 1 U 41
46 1 L 7
47 1 L 17
48 1 L 35
49 0 L 0
50 1 L 1
51 1 L 36
52 0 L 13
53 0 L 24
54 0 U -1
55 1 L 53
56 1 L -1
57 0 L 22
58 0 L 53
59 0 U 42
60 0 U 54
61 0 U 29
62 1 L 4
63 0 L 19
64 1 U 51
65 0 L 18
66 1 L 58
67
0 1 L -1
1 0 U -1
2 0 U -1
3 1 U 1
4 0 U -1
5 0 U 1
6 1 U -1
7 0 U -1
8 1 L 4
9 1 U -1
10 1 U 3
11 0 U -1
12 0 L -1
13 1 L 1
14 1 L 6
15 0 L 13
16 0 U 7
17 0 U 2
18 1 U 0
19 1 L 0
20 1 U 10
21 1 U 16
22 0 U 4
23 0 U 13
24 0 L -1
25 1 L 23
26 0 U 25
27 0 U -1
28 0 U 10
29 1 U 11
30 0 U 16
31 0 L 8
32 1 U 1
33 1 U -1
34 1 L 13
35 1 L 24
36 1 U 28
37 0 U 12
38 1 L 8
39 0 L 34
40 1 U 37
41 0 L 24
42 1 U 41
43 1 U 10
44 0 L -1
45 1 U 28
46 1 L 38
47 1 L 17
48 1 L 35
49 0 L 0
50 0 L 1
51 1 L 36
52 1 L 2
53 0 L 24
54 1 U -1
55 0 L 34
56 1 L -1
57 1 L 22
58 0 L 1
59 0 L 42
60 0 U 0
61 0 U 17
62 0 L 4
63 1 L 19
64 0 U 51
65 0 L 18
66 0 L 58
67
0 1 L -1
1 0 U -1
2 0 U -1
3 1 U 1
4 0 U -1
5 0 U 1
6 1 U -1
7 0 U -1
8 1 L 4
9 1 U -1
10 1 U 3
11 0 U -1
12 0 L -1
13 0 L 1
14 1 L 6
15 0 L 13
16 0 U 7
17 0 U 2
18 0 U 1
19 1 L 0
20 1 U 10
21 1 U 3
22 0 U 4
23 0 U 12
24 0 L -1
25 1 L 23
26 0 U 25
27 0 U -1
28 0 U 10
29 1 U 11
30 0 U 12
31 1 L 8
32 1 U 2
33 1 U -1
34 1 L 13
35 0 L 24
36 1 U 28
37 0 U 16
38 1 L 8
39 0 L 34
40 1 U 37
41 0 L 12
42 1 U 41
43 1 U 23
44 1 L -1
45 1 U 28
46 1 L 38
47 1 L 17
48 1 L 35
49 0 L 0
50 0 L 1
51 1 L 36
52 1 L 2
53 0 L 12
54 1 U -1
55 0 L 34
56 1 L -1
57 0 L 22
58 0 L 1
59 0 L 42
60 0 U 0
61 0 U 3
62 0 L 4
63 0 L 19
64 0 U 51
65 0 L 18
66 1 L 58
67
0 1 U -1
1 0 U -1
2 0 U -1
3 1 U 1
4 0 U -1
5 0 U 2
6 1 U -1
7 0 U -1
8 1 L 4
9 1 U -1
10 1 U 3
11 0 U -1
12 0 L -1
13 1 L 1
14 1 L 6
15 1 L 13
16 0 U 7
17 0 U 2
18 0 U 11
19 1 L 0
20 1 U 8
21 1 U 3
22 0 U 4
23 0 U 19
24 0 L -1
25 1 L 23
26 0 U 25
27 0 U -1
28 0 U 10
29 1 U 11
30 0 U 3
31 1 L 8
32 1 U 2
33 1 U -1
34 1 L 13
35 1 L 24
36 1 U 28
37 0 U 3
38 1 L 8
39 0 L 34
40 1 U 37
41 0 L 12
42 1 U 41
43 1 U 25
44 0 L -1
45 0 U 43
46 1 L 38
47 1 L 17
48 1 L 35
49 1 L 44
50 0 L 1
51 1 L 36
52 1 L 50
53 1 L 12
54 1 U -1
55 0 L 34
56 1 L -1
57 0 L 22
58 1 L 1
59 0 L 42
60 0 U 0
61 0 U 12
62 0 L 4
63 0 L 19
64 0 U 51
65 0 L 18
66 0 L 13
67
0 1 L -1
1 0 U -1
2 0 U -1
3 1 U 1
4 0 U -1
5 0 U 1
6 1 U -1
7 0 U -1
8 1 L 4
9 1 U -1
10 1 U 3
11 0 U -1
12 0 L -1
13 1 L 1
14 1 L 6
15 0 L 13
16 0 U 7
17 1 U 11
18 1 U 1
19 1 L 0
20 1 U 8
21 1 U 3
22 0 U 4
23 0 U 12
24 0 L -1
25 1 L 23
26 0 U 25
27 0 U -1
28 0 U 10
29 1 U 2
30 0 U 12
31 1 L 8
32 1 U 2
33 1 U -1
34 1 L 13
35 0 L 24
36 1 U 28
37 0 U 32
38 1 L 8
39 0 L 34
40 1 U 37
41 0 L 12
42 1 U 41
43 1 U 15
44 1 L -1
45 1 U 43
46 1 L 38
47 1 L 17
48 1 L 35
49 0 L 44
50 0 L 49
51 1 L 36
52 1 L 50
53 0 L 12
54 0 U -1
55 1 L 3
56 1 L -1
57 1 L 27
58 0 L 50
59 0 L 42
60 0 U 7
61 0 U 12
62 0 L 3
63 1 L 19
64 0 U 45
65 0 L 18
66 1 L 13
67
0 1 L -1
1 0 U -1
2 0 U -1
3 1 U 1
4 0 U -1
5 0 U 1
6 1 U -1
7 0 U -1
8 1 L 4
9 1 U -1
10 1 U 3
11 0 U -1
12 0 L -1
13 1 L 1
14 1 L 6
15 1 L 13
16 0 U 7
17 1 U 11
18 1 U 1
19 1 L 0
20 1 U 8
21 1 U 16
22 0 U 4
23 0 U 16
24 0 L -1
25 1 L 23
26 0 U 25
27 0 U -1
28 0 U 10
29 1 U 11
30 0 U 12
31 1 L 8
32 1 U 2
33 1 U -1
34 1 L 13
35 0 L 24
36 1 U 28
37 0 U 16
38 0 L 8
39 0 L 34
40 1 U 15
41 0 L 12
42 1 U 41
43 1 U 23
44 1 L -1
45 1 U 43
46 1 L 7
47 1 L 17
48 1 L 35
49 1 L 44
50 0 L 49
51 1 L 36
52 0 L 50
53 1 L 12
54 1 U -1
55 0 L 52
56 1 L -1
57 1 L 51
58 0 L 19
59 0 U 42
60 0 U 7
61 0 U 32
62 1 L 3
63 1 L 19
64 0 U 45
65 0 L 18
66 0 L 2
67
0 1 U -1
1 0 U -1
2 0 U -1
3 1 U 1
4 0 U -1
5 0 U 1
6 1 U -1
7 0 U -1
8 1 L 4
9 1 U -1
10 1 U 3
11 0 U -1
12 0 L -1
13 1 L 1
14 1 L 6
15 1 L 13
16 0 U 7
17 0 U 2
18 0 U 1
19 1 L 0
20 1 U 8
21 1 U 16
22 0 U 4
23 0 U 16
24 0 L -1
25 1 L 23
26 0 U 25
27 0 U -1
28 0 U 10
29 0 U 11
30 0 U 12
31 0 L 8
32 1 U 2
33 1 U -1
34 1 L 13
35 0 L 24
36 1 U 28
37 0 U 12
38 1 L -1
39 0 L 34
40 1 U 15
41 0 L 12
42 1 U 20
43 1 U 23
44 1 L -1
45 1 U 43
46 1 L 31
47 1 L 1
48 1 L 35
49 1 L 44
50 1 L 49
51 1 L 36
52 1 L 50
53 0 L 12
54 0 U -1
55 0 L 46
56 1 L -1
57 0 L 51
58 0 L 19
59 0 U 42
60 0 U 7
61 0 U 3
62 0 L 3
63 1 L 1
64 0 U 45
65 0 L 11
66 1 L 63
67
0 1 U -1
1 0 U -1
2 0 U -1
3 1 U 1
4 0 U -1
5 0 U 2
6 1 U -1
7 0 U -1
8 1 L 3
9 1 U -1
10 1 U 3
11 0 U -1
12 0 L -1
13 1 L 1
14 1 L 6
15 0 L 2
16 0 U 7
17 1 U 1
18 1 U 1
19 0 L 0
20 1 U 8
21 1 U 16
22 0 U 4
23 0 U 17
24 0 L -1
25 1 L 23
26 0 U 25
27 0 U -1
28 0 U 15
29 1 U 11
30 0 U 3
31 1 L 8
32 0 U 1
33 1 U -1
34 1 L 13
35 1 L 24
36 1 U 28
37 0 U 12
38 1 L -1
39 0 L 34
40 1 U 37
41 0 L 12
42 1 U 40
43 1 U 25
44 0 L -1
45 1 U 43
46 1 L 17
47 1 L 1
48 1 L 35
49 1 L 44
50 0 L 1
51 0 L 36
52 1 L 48
53 0 L 12
54 0 U -1
55 1 L 9
56 1 L -1
57 1 L 28
58 0 L 16
59 0 L 42
60 0 U 7
61 0 U 19
62 0 L 3
63 1 L 53
64 0 U 45
65 0 L 11
66 0 L 63
67
0 1 L -1
1 0 U -1
2 0 U -1
3 1 U 1
4 0 U -1
5 0 U 2
6 1 U -1
7 0 U -1
8 1 L 4
9 1 U -1
10 1 U 3
11 0 U -1
12 0 L -1
13 0 L 1
14 1 L 6
15 0 L 2
16 0 U 7
17 0 U 0
18 0 L 1
19 1 L 12
20 1 U 15
21 1 U 3
22 0 U 4
23 0 U 13
24 0 L -1
25 1 L 23
26 0 U 25
27 0 U -1
28 0 U 15
29 1 U 2
30 0 U 19
31 1 L 8
32 1 U 1
33 1 U -1
34 1 L 13
35 1 L 24
36 1 U 28
37 0 U 12
38 1 L -1
39 0 L 34
40 1 U 37
41 0 L 12
42 1 U 40
43 1 U 35
44 0 L 24
45 1 U 43
46 1 L 8
47 1 L -1
48 1 L 35
49 1 L 44
50 1 L 31
51 1 L 36
52 0 L 48
53 0 L 12
54 0 U -1
55 1 L 9
56 1 L -1
57 1 L 28
58 0 L 52
59 0 U 42
60 0 U 7
61 1 U 19
62 1 L 34
63 0 L 53
64 0 U 58
65 0 L 11
66 0 L 13
67
0 1 L -1
1 0 U -1
2 0 U -1
3 1 U 1
4 0 U -1
5 0 U 2
6 1 U -1
7 0 U -1
8 1 L 4
9 1 U -1
10 1 U 3
11 0 U -1
12 0 L -1
13 1 L 1
14 1 L 6
15 0 L 13
16 0 U 7
17 1 U 0
18 1 U 0
19 1 L 12
20 1 U 15
21 1 U 19
22 0 U 4
23 0 U 13
24 0 L -1
25 1 L 23
26 0 U 25
27 0 U -1
28 0 U 15
29 1 U 1
30 1 U 29
31 1 L 8
32 0 U 1
33 1 U -1
34 1 L 13
35 0 L 24
36 1 U 28
37 0 U 17
38 1 L -1
39 0 L 34
40 1 U 37
41 0 L 24
42 1 U 40
43 1 U 35
44 1 L 24
45 1 U 43
46 1 L 8
47 1 L -1
48 1 L 35
49 1 L 44
50 1 L 31
51 1 L 36
52 0 L 48
53 0 L 24
54 0 U -1
55 1 L 9
56 1 L -1
57 1 L 28
58 0 L 52
59 0 U 42
60 0 U 7
61 0 U 19
62 1 L 34
63 1 L 53
64 0 U 36
65 0 L 11
66 0 L 48
67
0 1 L -1
1 0 U -1
2 0 U -1
3 1 U 1
4 0 U -1
5 0 U 1
6 1 U -1
7 0 U -1
8 1 L 3
9 1 U -1
10 1 U 3
11 0 U -1
12 0 L -1
13 0 L 1
14 0 L 6
15 0 L 13
16 0 U 7
17 0 U 1
18 0 U 2
19 1 L 12
20 1 U 15
21 1 U 3
22 0 U 4
23 0 U 19
24 0 L -1
25 1 L 23
26 0 U 25
27 0 U -1
28 0 U 15
29 1 U 1
30 1 U 29
31 1 L 8
32 1 U 11
33 1 U -1
34 1 L 13
35 1 L 24
36 1 U 28
37 0 U 29
38 0 L 1
39 0 L 34
40 1 U 37
41 0 L 24
42 1 U 40
43 1 U 35
44 0 L 24
45 1 U 43
46 1 L 8
47 1 L -1
48 1 L 35
49 1 L 44
50 1 L 31
51 0 L 36
52 0 L 48
53 1 L 24
54 0 U -1
55 1 L 9
56 1 L -1
57 1 L 28
58 0 L 52
59 0 U 42
60 0 U 54
61 1 U 3
62 0 L 34
63 1 L 53
64 0 U 36
65 0 L 11
66 1 L 13
67
0 1 U -1
1 0 U -1
2 0 U -1
3 1 U 1
4 0 U -1
5 0 U 1
6 1 U -1
7 0 U -1
8 1 L 3
9 1 U -1
10 1 U 3
11 0 U -1
12 1 L -1
13 0 L 1
14 1 L 6
15 1 L 13
16 0 U 0
17 1 U 11
18 0 L 2
19 1 L 12
20 1 U 8
21 1 U 3
22 0 U 4
23 0 U 17
24 0 L -1
25 1 L 23
26 0 U 25
27 0 U -1
28 0 U 10
29 1 U 1
30 1 U 29
31 1 L 8
32 1 U 11
33 1 U -1
34 1 L 13
35 0 L 24
36 1 U 28
37 0 U 29
38 0 L 9
39 0 L 34
40 1 U 37
41 0 L 24
42 1 U 40
43 1 U 35
44 0 L 24
45 1 U 43
46 1 L 8
47 1 L -1
48 1 L 35
49 1 L 44
50 1 L 31
51 0 L 11
52 0 L 48
53 0 L 24
54 0 U -1
55 1 L -1
56 1 L -1
57 1 L 28
58 1 L 52
59 0 U 52
60 0 U 7
61 1 U 60
62 0 L 34
63 0 L 53
64 0 U 36
65 0 L 11
66 0 L 63
67
0 1 L -1
1 0 U -1
2 0 U -1
3 1 U 1
4 0 U -1
5 0 U 1
6 1 U -1
7 0 U -1
8 1 L 3
9 1 U -1
10 1 U 3
11 0 U -1
12 1 L -1
13 1 L 1
14 1 L 6
15 1 L 13
16 0 U 1
17 1 U 1
18 1 L -1
19 1 L 12
20 1 U 10
21 1 U 17
22 0 U 4
23 0 U 17
24 0 L -1
25 1 L 23
26 0 U 25
27 0 U -1
28 0 U 10
29 1 U 1
30 1 U 29
31 1 L 8
32 1 U 11
33 1 U -1
34 1 L 13
35 1 L 24
36 1 U 28
37 0 L 29
38 0 L 19
39 0 L 34
40 1 U 37
41 0 L 24
42 1 U 40
43 1 U 30
44 1 L 24
45 0 U 43
46 1 L 8
47 1 L -1
48 1 L 35
49 1 L 44
50 1 L 31
51 1 L 11
52 0 L 48
53 0 L 24
54 0 U -1
55 0 L 9
56 1 L -1
57 1 L 28
58 0 L 46
59 0 U 52
60 0 U 54
61 1 U 60
62 0 L 4
63 0 L 53
64 0 U 36
65 0 L 11
66 1 L 63
67
0 1 U -1
1 0 U -1
2 0 U -1
3 1 U 1
4 0 U -1
5 0 U 1
6 1 U -1
7 0 U -1
8 1 L 3
9 1 U -1
10 1 U 3
11 0 U -1
12 1 L -1
13 0 L 1
14 1 L 6
15 1 L 13
16 0 U 7
17 0 U 11
18 1 L 9
19 1 L 12
20 1 U 8
21 1 U 12
22 0 U 9
23 0 U 17
24 0 L -1
25 1 L 23
26 0 U 25
27 0 U -1
28 0 U 10
29 1 U 1
30 1 U 29
31 1 L 8
32 0 U 1
33 1 U -1
34 1 L 13
35 1 L 24
36 1 U 28
37 0 U 12
38 1 L 19
39 0 L 34
40 1 U 37
41 0 L 24
42 1 U 40
43 1 U 30
44 0 L 12
45 1 U 43
46 1 L 8
47 1 L -1
48 1 L 35
49 0 L 1
50 1 L 31
51 1 L 11
52 0 L 49
53 0 L 24
54 0 U -1
55 0 L 9
56 1 L -1
57 1 L 28
58 0 L 46
59 0 U 52
60 0 U 54
61 0 U 16
62 1 L 4
63 1 L 1
64 0 U 36
65 0 L 11
66 1 L 63
67
0 1 L -1
1 0 U -1
2 0 U -1
3 1 U 1
4 0 U -1
5 0 U 2
6 1 U -1
7 0 U -1
8 1 L 4
9 1 U -1
10 1 U 3
11 0 U -1
12 1 L -1
13 1 L 1
14 0 L 6
15 1 L 1
16 0 U 7
17 1 U 2
18 1 L 15
19 1 L 12
20 1 U 1
21 1 U 12
22 0 U 9
23 0 U 17
24 0 L -1
25 1 L 23
26 0 U 25
27 0 U -1
28 0 U 23
29 1 U 1
30 1 U 29
31 0 L 8
32 1 U 11
33 1 U -1
34 1 L 13
35 0 L 24
36 1 U 28
37 0 U 12
38 1 L -1
39 0 L 34
40 1 U 37
41 0 L 24
42 1 U 34
43 1 U 30
44 0 L 12
45 1 U 43
46 1 L 8
47 1 L 20
48 1 L 35
49 0 L 1
50 1 L 31
51 1 L 11
52 0 L 49
53 0 L 24
54 0 U -1
55 1 L 17
56 1 L -1
57 1 L 28
58 0 L 46
59 0 U 45
60 0 U 54
61 1 U 29
62 0 L 4
63 0 L 1
64 0 U 52
65 0 L 11
66 1 L 63
67
0 1 L -1
1 0 U -1
2 0 U -1
3 1 U 1
4 0 U -1
5 0 U 2
6 1 U -1
7 0 U -1
8 1 L 4
9 1 U -1
10 1 U 3
11 0 U -1
12 1 L -1
13 0 L 1
14 0 L 6
15 0 L 1
16 0 U 7
17 1 U 1
18 1 L 15
19 1 L 12
20 1 U 1
21 1 U 12
22 0 U 9
23 0 U 17
24 0 L -1
25 1 L 23
26 0 U 25
27 0 U -1
28 0 U 23
29 1 U 1
30 1 U 29
31 1 L 8
32 1 U 11
33 1 U -1
34 1 L 13
35 1 L 24
36 1 U 28
37 0 U 29
38 0 L -1
39 0 L 34
40 1 U 37
41 0 L 38
42 1 U 34
43 1 U 30
44 1 L 24
45 0 U 43
46 1 L 8
47 1 L 20
48 1 L 35
49 1 L 1
50 1 L 31
51 1 L 11
52 0 L 49
53 1 L 24
54 0 U -1
55 0 L 17
56 1 L -1
57 1 L 51
58 0 L 46
59 0 U 42
60 0 U 54
61 1 U 12
62 0 L 4
63 0 L 1
64 0 U 42
65 0 L 11
66 0 L 2
67
0 1 L -1
1 0 U -1
2 0 U -1
3 1 U 1
4 0 U -1
5 0 U 1
6 1 U -1
7 0 U -1
8 1 L 4
9 1 U -1
10 1 U 3
11 0 U -1
12 0 L -1
13 1 L 1
14 0 L 6
15 1 L 1
16 0 U 7
17 1 U 2
18 1 L 15
19 1 L 12
20 1 U 11
21 1 U 17
22 0 U 9
23 0 U 17
24 0 L -1
25 1 L 23
26 0 U 8
27 0 U 25
28 0 U 23
29 1 U 2
30 1 U 29
31 1 L 8
32 1 U 11
33 1 U -1
34 1 L 13
35 1 L 24
36 1 U 28
37 0 U 29
38 0 L -1
39 0 L 34
40 1 U 37
41 0 L 38
42 1 U 34
43 1 U 30
44 0 L 12
45 0 U 43
46 1 L 8
47 1 L -1
48 1 L 35
49 0 L 1
50 1 L 31
51 0 L 11
52 0 L 49
53 1 L 24
54 0 U -1
55 1 L 17
56 1 L -1
57 1 L 51
58 0 L 46
59 0 U 42
60 0 U 54
61 1 U 12
62 1 L 3
63 1 L 53
64 0 U 36
65 0 L 50
66 0 L 2
67
0 1 U -1
1 0 U -1
2 0 U -1
3 1 U 1
4 0 U -1
5 0 U 1
6 1 U -1
7 0 U -1
8 1 L 4
9 1 U -1
10 1 U 3
11 0 U -1
12 1 L -1
13 0 L 1
14 1 L 6
15 1 L 1
16 0 U 7
17 1 U 2
18 1 L 15
19 1 L 12
20 1 L 11
21 1 U 17
22 0 U 20
23 0 U 17
24 0 L -1
25 1 L 23
26 0 U 8
27 0 U 8
28 0 U 23
29 1 U 2
30 1 U 29
31 0 L 8
32 1 U 1
33 1 U -1
34 1 L 13
35 0 L 24
36 1 U 28
37 0 U 32
38 0 L -1
39 0 L 34
40 1 U 37
41 0 L 38
42 1 U 34
43 1 U 30
44 0 L 12
45 0 U 43
46 1 L 8
47 1 L -1
48 1 L 35
49 1 L 1
50 1 L 31
51 0 L 11
52 0 L 49
53 1 L 24
54 0 U -1
55 0 L 9
56 1 L -1
57 1 L 51
58 0 L 46
59 0 U 42
60 0 U 54
61 0 U 60
62 0 L 3
63 1 L 53
64 0 U 36
65 0 L 11
66 0 L 2
67
0 1 L -1
1 0 U -1
2 0 U -1
3 1 U 1
4 0 U -1
5 0 U 2
6 1 U -1
7 0 U -1
8 1 L 4
9 1 U -1
10 1 U 3
11 0 U -1
12 0 L -1
13 0 L 1
14 0 L 6
15 1 L 1
16 0 U 7
17 1 U 2
18 1 L 15
19 0 L 12
20 1 L 11
21 1 U 17
22 0 U 20
23 0 U 17
24 0 L -1
25 1 L 23
26 0 U 8
27 0 U 8
28 0 U 25
29 1 U 2
30 1 U 29
31 1 L 8
32 1 U 1
33 1 U -1
34 1 L 13
35 1 L 24
36 1 U 28
37 0 U 29
38 0 L -1
39 0 L 34
40 1 U 37
41 0 L 24
42 1 U 34
43 1 U 30
44 0 L 24
45 0 U 43
46 1 L 8
47 1 L -1
48 1 L 35
49 0 L 1
50 1 L 31
51 0 L 11
52 0 L 49
53 0 L 24
54 0 U -1
55 0 L 9
56 1 L -1
57 1 L 51
58 0 L 52
59 0 U 42
60 0 U 54
61 0 U 3
62 1 L 3
63 0 L 53
64 0 U 36
65 0 L 11
66 1 L 49
67
0 1 U -1
1 0 U -1
2 0 U -1
3 1 U 1
4 0 U -1
5 0 U 1
6 1 U -1
7 0 U -1
8 1 L 4
9 1 U -1
10 1 U 3
11 0 U -1
12 1 L -1
13 0 L 1
14 0 L 6
15 0 L 1
16 0 U 7
17 0 U 11
18 1 L 15
19 1 L 12
20 1 L 11
21 1 U 3
22 0 U 20
23 0 U 17
24 0 L -1
25 1 L 23
26 0 U 8
27 0 U 8
28 0 U 25
29 1 U 2
30 1 U 29
31 1 L 8
32 0 U 1
33 1 U -1
34 1 L 13
35 1 L 24
36 1 U 28
37 0 U 29
38 1 L -1
39 0 L 34
40 1 U 37
41 0 L 24
42 1 U 34
43 1 U 25
44 0 L 24
45 0 U 43
46 1 L 8
47 1 L -1
48 1 L 19
49 0 L 1
50 1 L 31
51 0 L 11
52 0 L 49
53 0 L 24
54 0 U -1
55 1 L 9
56 1 L -1
57 1 L 51
58 0 L 52
59 0 U 42
60 0 U 54
61 0 U 29
62 1 L 3
63 1 L 53
64 0 U 36
65 0 L 11
66 0 L 49
67
0 1 U -1
1 0 U -1
2 0 U -1
3 1 U 1
4 0 U -1
5 0 U 2
6 1 U -1
7 0 U -1
8 1 L 3
9 1 U -1
10 1 U 3
11 0 U -1
12 1 L -1
13 0 L 1
14 0 L 6
15 0 L 1
16 0 U 7
17 0 U 0
18 1 L 2
19 1 L 12
20 1 L 11
21 1 U 3
22 0 U 9
23 0 U 13
24 0 L -1
25 1 L 23
26 0 U 8
27 0 U 8
28 0 U 25
29 1 U 2
30 1 U 17
31 0 L 8
32 1 U 11
33 1 U -1
34 1 L 13
35 1 L 24
36 1 U 28
37 0 U 32
38 1 L -1
39 0 L 34
40 1 U 37
41 0 L 38
42 1 U 34
43 1 U 10
44 1 L 38
45 0 U 43
46 1 L 6
47 1 L -1
48 1 L 19
49 0 L 1
50 1 L 31
51 0 L 11
52 1 L 49
53 1 L 24
54 0 U -1
55 0 L -1
56 1 L -1
57 1 L 51
58 0 L 52
59 0 U 42
60 0 U 54
61 1 U 19
62 1 L 34
63 1 L 53
64 0 U 55
65 0 L 50
66 0 L 49
67
0 1 L -1
1 0 U -1
2 0 U -1
3 1 U 1
4 0 U -1
5 0 U 1
6 1 U -1
7 0 U -1
8 1 L 4
9 1 U -1
10 1 U 3
11 0 U -1
12 1 L -1
13 0 L 1
14 0 L 6
15 0 L 1
16 0 U 7
17 1 U 0
18 1 L 15
19 1 L 12
20 1 L 11
21 1 U 3
22 0 U 9
23 0 U 13
24 0 L -1
25 1 L 23
26 0 U 25
27 0 U 8
28 0 U 8
29 1 U 2
30 1 U 19
31 0 L 6
32 0 U 11
33 1 U -1
34 1 L 13
35 1 L 24
36 1 U 28
37 0 U 12
38 1 L -1
39 0 L 34
40 1 U 37
41 0 L 38
42 1 U 34
43 1 U 30
44 0 L 38
45 0 U 43
46 1 L 6
47 1 L -1
48 1 L 19
49 0 L 1
50 1 L 31
51 0 L 11
52 1 L 49
53 1 L 12
54 0 U -1
55 0 L -1
56 1 L -1
57 1 L 51
58 0 L 52
59 0 U 42
60 0 U 54
61 0 U 12
62 1 L 34
63 1 L 53
64 0 U 42
65 0 L 50
66 0 L 49
67
0 1 L -1
1 0 U -1
2 0 U -1
3 1 U 1
4 0 U -1
5 0 U 1
6 1 U -1
7 0 U -1
8 1 L 4
9 1 U -1
10 1 U 3
11 0 U -1
12 1 L -1
13 0 L 1
14 0 L 6
15 1 L 1
16 0 U 7
17 1 U 2
18 1 L 15
19 1 L 12
20 1 L 11
21 1 U 3
22 0 U 20
23 0 U 13
24 0 L -1
25 1 L 23
26 0 U 25
27 0 U 8
28 0 U 8
29 1 U 2
30 1 U 19
31 1 L 6
32 0 U 11
33 1 U -1
34 1 L 13
35 1 L 24
36 0 U 28
37 0 U 12
38 0 L -1
39 0 L 34
40 1 U 37
41 0 L 38
42 1 U 34
43 1 U 30
44 0 L 38
45 1 U 43
46 1 L 6
47 1 L -1
48 1 L 19
49 0 L 1
50 1 L 31
51 0 L 11
52 1 L 49
53 0 L 12
54 0 U -1
55 1 L -1
56 1 L -1
57 1 L 51
58 0 L 52
59 0 U 45
60 0 U 54
61 1 U 29
62 1 L 34
63 0 L 53
64 0 U 55
65 0 L 11
66 1 L 49
67
0 1 L -1
1 0 U -1
2 0 U -1
3 1 U 1
4 0 U -1
5 0 U 1
6 1 U -1
7 0 U -1
8 1 L 3
9 1 U -1
10 1 U 3
11 0 U -1
12 1 L -1
13 0 L 1
14 0 L 6
15 1 L 1
16 0 U 7
17 0 U 1
18 1 L 15
19 1 L 12
20 1 L 11
21 1 U 3
22 0 U 9
23 0 U 13
24 0 L -1
25 1 L 23
26 0 U 8
27 0 U 8
28 0 U 8
29 1 U 1
30 1 U 29
31 1 L 6
32 0 U 11
33 1 U -1
34 1 L 13
35 1 L 24
36 0 U 28
37 0 U 12
38 0 L -1
39 0 L 34
40 1 U 37
41 0 L 38
42 1 U 34
43 1 U 35
44 0 L 38
45 1 U 34
46 1 L 6
47 1 L -1
48 1 L 19
49 0 L 1
50 1 L 14
51 0 L 11
52 1 L 49
53 0 L 24
54 0 U -1
55 1 L -1
56 1 L -1
57 1 L 51
58 0 L 18
59 0 U 45
60 0 U 54
61 0 U 29
62 1 L 34
63 1 L 53
64 0 U 55
65 0 L 50
66 0 L 49
67
0 1 L -1
1 0 U -1
2 0 U -1
3 1 U 1
4 0 U -1
5 0 U 1
6 1 U -1
7 0 U -1
8 1 L 3
9 1 U -1
10 1 U 3
11 0 U -1
12 1 L -1
13 0 L 1
14 0 L 6
15 1 L 1
16 0 U 7
17 0 U 1
18 1 L 15
19 1 L 12
20 1 L 11
21 1 U 19
22 0 U 9
23 0 U 17
24 0 L -1
25 1 L 23
26 0 U 25
27 0 U 8
28 0 U 8
29 1 U 1
30 1 U 3
31 1 L 6
32 1 U 11
33 1 U -1
34 1 L 13
35 1 L 24
36 1 U 28
37 0 U 3
38 0 L -1
39 0 L 34
40 1 U 37
41 0 L 38
42 1 U 34
43 1 U 8
44 1 L 12
45 1 U 27
46 1 L 6
47 1 L -1
48 1 L 19
49 0 L 1
50 1 L 14
51 0 L 11
52 1 L 2
53 0 L 24
54 0 U -1
55 1 L -1
56 1 L -1
57 1 L 51
58 0 L 18
59 0 U 45
60 0 U 54
61 1 U 12
62 1 L 34
63 1 L 53
64 0 U 55
65 0 L 50
66 0 L 49
67
0 1 U -1
1 0 U -1
2 0 U -1
3 1 U 1
4 0 U -1
5 0 U 1
6 1 U -1
7 0 U -1
8 1 L 4
9 1 U -1
10 1 U 3
11 0 U -1
12 1 L -1
13 1 L 1
14 0 L 6
15 1 L 1
16 0 U 7
17 1 U 1
18 0 L 15
19 1 L 12
20 1 L 11
21 1 U 19
22 0 U 20
23 0 U 17
24 0 L -1
25 1 L 23
26 0 U 25
27 0 U 25
28 0 U 8
29 1 U 1
30 1 U 19
31 1 L 6
32 1 U 11
33 1 U -1
34 1 L 13
35 1 L 24
36 0 U 28
37 0 U 32
38 0 L -1
39 0 L 34
40 1 U 37
41 0 L 38
42 1 U 40
43 1 U 25
44 0 L 12
45 0 U 43
46 1 L 6
47 1 L -1
48 1 L 19
49 0 L 1
50 1 L 31
51 0 L 11
52 1 L 2
53 0 L 24
54 0 U -1
55 1 L -1
56 1 L -1
57 1 L 51
58 0 L 18
59 0 U 45
60 0 U 54
61 0 U 12
62 1 L 18
63 1 L 53
64 0 U 55
65 0 L 50
66 1 L 48
67
0 1 U -1
1 0 U -1
2 0 U -1
3 1 U 1
4 0 U -1
5 0 U 1
6 1 U -1
7 0 U -1
8 1 L 4
9 1 U -1
10 1 U 3
11 0 U -1
12 1 L -1
13 0 L 1
14 0 L 6
15 1 L 1
16 0 U 7
17 1 U 1
18 0 L 15
19 1 L 12
20 1 L 11
21 1 U 17
22 0 U 20
23 0 U 13
24 0 L -1
25 1 L 23
26 0 U 8
27 0 U 25
28 0 U 8
29 1 U 0
30 1 U 3
31 1 L 6
32 1 U 11
33 1 U -1
34 1 L 13
35 1 L 24
36 0 U 28
37 0 U 32
38 1 L -1
39 0 L 34
40 1 U 37
41 0 L 38
42 1 U 40
43 1 U 23
44 1 L 38
45 0 U 43
46 1 L 6
47 1 L -1
48 1 L 35
49 0 L 1
50 1 L 31
51 0 L 11
52 1 L 2
53 0 L 24
54 0 U -1
55 1 L -1
56 1 L -1
57 1 L 51
58 0 L 18
59 0 U 45
60 0 U 54
61 0 U 16
62 1 L 18
63 0 L 53
64 0 U 55
65 0 L 50
66 1 L 48
67
0 1 U -1
1 0 U -1
2 0 U -1
3 1 U 1
4 0 U -1
5 0 U 1
6 1 U -1
7 0 U -1
8 1 L 4
9 0 U -1
10 1 U 3
11 0 U -1
12 1 L -1
13 0 L 1
14 0 L 6
15 1 L 1
16 0 U 7
17 1 U 7
18 0 L 15
19 0 L 12
20 1 L 11
21 1 U 17
22 0 U 20
23 0 U 13
24 0 L -1
25 1 L 23
26 0 U 8
27 0 U 21
28 0 U 8
29 1 U -1
30 1 U 3
31 1 L 6
32 1 U 1
33 1 U -1
34 1 L 13
35 0 L 24
36 1 U 28
37 0 U 32
38 1 L -1
39 0 L 34
40 1 U 37
41 0 L 38
42 1 U 40
43 1 U 23
44 0 L 24
45 0 U 43
46 1 L 8
47 1 L -1
48 1 L 35
49 0 L 1
50 1 L 31
51 1 L 36
52 1 L 2
53 0 L 24
54 0 U -1
55 1 L -1
56 1 L -1
57 1 L 51
58 0 L 18
59 0 U 45
60 0 U 54
61 0 U 7
62 1 L 18
63 0 L 53
64 0 U 55
65 0 L 26
66 1 L 48
67
0 1 L -1
1 0 U -1
2 0 U -1
3 1 U 1
4 0 U -1
5 0 U 1
6 1 U -1
7 0 U -1
8 1 L 4
9 0 U -1
10 1 U 3
11 0 U -1
12 1 L -1
13 0 L 1
14 0 L 6
15 1 L 1
16 0 U 7
17 0 U 7
18 0 L 15
19 0 L 12
20 1 L 11
21 1 U 19
22 1 U 4
23 0 U 13
24 0 L -1
25 1 L 23
26 0 U 21
27 0 U 8
28 0 U 8
29 1 U -1
30 1 U 16
31 0 L 6
32 1 U 1
33 1 U -1
34 1 L 13
35 0 L 24
36 1 L 31
37 0 U 12
38 0 L -1
39 0 L 34
40 1 U 37
41 0 L 38
42 1 U 40
43 1 U 23
44 0 L 24
45 0 U 43
46 1 L 8
47 1 L -1
48 1 L 35
49 0 L 1
50 1 L 31
51 1 L 36
52 1 L 2
53 0 L 24
54 0 U -1
55 0 L -1
56 1 L -1
57 0 L 51
58 0 L 18
59 0 U 45
60 0 U 54
61 0 U 7
62 1 L 18
63 1 L 53
64 0 U 55
65 0 L 26
66 0 L 48
67
0 1 U -1
1 0 U -1
2 0 U -1
3 1 U 1
4 0 U -1
5 0 U 1
6 1 U -1
7 0 U -1
8 1 L 4
9 0 U -1
10 0 U 3
11 0 U -1
12 1 L -1
13 0 L 1
14 0 L 6
15 1 L 1
16 0 U 7
17 0 U 7
18 0 L 15
19 1 L 12
20 1 L 11
21 0 U 17
22 1 U 4
23 0 U 12
24 0 L -1
25 1 L 23
26 0 U 21
27 0 U 8
28 0 U 8
29 0 U -1
30 0 U 3
31 1 L 6
32 1 U 29
33 0 U -1
34 1 L 13
35 0 L 24
36 1 L 10
37 0 U 12
38 0 L -1
39 0 L 34
40 1 U 37
41 0 L 38
42 1 U 40
43 1 U 25
44 0 L 24
45 0 U 43
46 1 L 39
47 1 L -1
48 1 L 35
49 0 L 1
50 1 L 31
51 1 L 26
52 1 L 2
53 0 L 24
54 0 U -1
55 1 L -1
56 1 L -1
57 1 L 51
58 0 L 52
59 0 U 45
60 0 U 54
61 0 U 22
62 1 L 18
63 0 L 53
64 0 U 55
65 0 L 26
66 0 L 13
67
0 1 L -1
1 0 U -1
2 0 U -1
3 1 U 1
4 0 U -1
5 0 U 1
6 1 U -1
7 0 U -1
8 1 L 4
9 0 U -1
10 0 U 3
11 0 U -1
12 1 L -1
13 0 L 1
14 0 L 6
15 1 L 1
16 0 U 7
17 1 U 7
18 1 L 15
19 1 L 12
20 1 L 11
21 0 U 17
22 1 U 4
23 0 U 12
24 0 L -1
25 1 L 23
26 0 U 21
27 0 U 8
28 0 U 8
29 1 U -1
30 1 U 19
31 1 L 6
32 0 U 29
33 0 U -1
34 1 L 13
35 1 L 24
36 1 L 10
37 0 U 12
38 0 L -1
39 0 L 34
40 1 U 37
41 0 L 24
42 1 U 40
43 1 U 25
44 0 L 24
45 0 U 43
46 1 L 39
47 1 L -1
48 1 L 19
49 0 L 1
50 1 L 31
51 0 L 26
52 1 L 2
53 0 L 24
54 0 U -1
55 1 L -1
56 1 L -1
57 1 L 51
58 0 L 34
59 0 U 45
60 0 U 54
61 1 U 32
62 0 L 52
63 1 L 53
64 0 U 55
65 0 L 36
66 1 L 49
67
0 1 L -1
1 0 U -1
2 0 U -1
3 1 U 1
4 0 U -1
5 0 U 1
6 1 U -1
7 0 U -1
8 1 L 3
9 0 U -1
10 1 U 3
11 0 U -1
12 1 L -1
13 1 L 1
14 1 L 6
15 0 L 1
16 0 U 7
17 0 U 9
18 0 L 2
19 1 L 12
20 1 L 11
21 0 U 17
22 1 U 4
23 0 U 12
24 0 L -1
25 1 L 23
26 0 U 21
27 0 U 8
28 0 U 8
29 1 U -1
30 1 U 12
31 1 L 6
32 0 U 29
33 0 U -1
34 1 L 13
35 1 L 24
36 1 L 31
37 0 U 12
38 1 L -1
39 0 L 34
40 1 U 37
41 0 L 24
42 1 U 40
43 1 U 30
44 1 L 38
45 0 U 43
46 1 L 6
47 1 L -1
48 1 L 19
49 0 L 1
50 1 L 31
51 0 L 26
52 1 L 2
53 0 L 24
54 0 U -1
55 1 L -1
56 1 L -1
57 1 L 51
58 0 L 34
59 0 U 45
60 0 U 54
61 0 U 32
62 0 L 52
63 1 L 53
64 0 U 55
65 0 L 36
66 1 L 49
67
0 1 U -1
1 0 U -1
2 0 U -1
3 1 U 1
4 0 U -1
5 0 U 1
6 1 U -1
7 0 U -1
8 1 L 3
9 0 U -1
10 0 U 3
11 0 U -1
12 1 L -1
13 0 L 1
14 0 L 6
15 1 L 1
16 0 U 7
17 1 U 7
18 0 L 15
19 1 L 12
20 1 L 11
21 0 U 17
22 1 U 4
23 0 U 12
24 0 L -1
25 1 L 23
26 0 U 21
27 0 U 23
28 0 U 8
29 0 U -1
30 1 U 12
31 1 L 6
32 1 U 29
33 0 U -1
34 1 L 13
35 1 L 24
36 1 L 31
37 0 U 12
38 1 L -1
39 0 L 34
40 1 U 37
41 0 L 24
42 1 U 40
43 1 U 30
44 0 L 38
45 0 U 43
46 1 L 6
47 1 L -1
48 1 L 19
49 0 L 1
50 1 L 31
51 0 L 26
52 1 L 2
53 0 L 12
54 0 U -1
55 1 L -1
56 1 L -1
57 1 L 51
58 0 L 34
59 0 U 45
60 0 U 54
61 0 U 16
62 1 L 52
63 1 L 53
64 0 U 55
65 0 L 36
66 1 L 49
67
0 1 U -1
1 0 U -1
2 0 U -1
3 1 U 1
4 0 U -1
5 0 U 1
6 1 U -1
7 0 U -1
8 1 L 4
9 0 U -1
10 1 U 3
11 0 U -1
12 1 L -1
13 0 L 1
14 1 L 6
15 0 L 1
16 0 U 7
17 0 U 9
18 1 L 15
19 1 L 12
20 1 L 11
21 0 U 17
22 1 U 4
23 0 U 12
24 0 L -1
25 1 L 23
26 0 U 21
27 0 U 23
28 0 U 8
29 1 U -1
30 1 U 19
31 1 L 6
32 1 U 29
33 0 U -1
34 1 L 13
35 1 L 24
36 1 L 31
37 0 U 12
38 1 L -1
39 0 L 34
40 1 U 37
41 0 L 38
42 1 U 40
43 1 U 30
44 0 L 24
45 0 U 43
46 1 L 6
47 1 L -1
48 1 L 19
49 0 L 1
50 1 L 31
51 1 L 26
52 1 L 2
53 0 L 12
54 0 U -1
55 0 L -1
56 1 L -1
57 1 L 51
58 0 L 4
59 0 U 45
60 0 U 54
61 0 U 22
62 0 L 52
63 1 L 53
64 0 U 55
65 0 L 36
66 0 L 49
67
0 1 L -1
1 0 U -1
2 0 U -1
3 1 U 1
4 0 U -1
5 0 U 1
6 1 U -1
7 0 U -1
8 1 L 4
9 0 U -1
10 1 U 3
11 0 U -1
12 1 L -1
13 0 L 1
14 1 L 6
15 0 L 1
16 0 U 7
17 1 U 9
18 0 L 15
19 1 L 12
20 1 L 11
21 0 U 17
22 1 U 4
23 0 U 13
24 0 L -1
25 1 L 23
26 0 U 21
27 0 U 8
28 0 U 8
29 1 U -1
30 1 U 12
31 1 L 6
32 1 U 6
33 0 U -1
34 1 L 13
35 1 L 24
36 1 L 31
37 0 U 12
38 1 L -1
39 0 L 34
40 1 U 37
41 0 L 38
42 1 U 40
43 1 U 30
44 1 L 24
45 0 U 43
46 1 L 6
47 1 L -1
48 1 L 19
49 0 L 1
50 1 L 31
51 1 L 26
52 1 L 2
53 1 L 12
54 0 U -1
55 1 L -1
56 1 L -1
57 1 L 51
58 1 L 4
59 0 U 45
60 0 U 54
61 1 U 13
62 0 L 52
63 1 L 53
64 0 U 55
65 0 L 36
66 0 L 49
67
0 1 U -1
1 0 U -1
2 0 U -1
3 1 U 1
4 0 U -1
5 0 U 1
6 1 U -1
7 0 U -1
8 1 L 4
9 0 U -1
10 1 U 3
11 0 U -1
12 1 L -1
13 0 L 1
14 1 L 6
15 0 L 1
16 0 U 7
17 1 U 9
18 0 L 15
19 1 L 12
20 1 L 11
21 0 U 17
22 1 U 4
23 0 U 13
24 0 L -1
25 1 L 23
26 0 U 21
27 1 U 8
28 0 U 23
29 1 U -1
30 1 U 12
31 1 L 6
32 1 U 6
33 0 U -1
34 1 L 13
35 1 L 24
36 1 L 31
37 0 U 32
38 0 L -1
39 0 L 34
40 1 U 37
41 0 L 38
42 1 U 40
43 1 U 25
44 1 L 24
45 0 U 43
46 1 L 39
47 1 L -1
48 1 L 19
49 0 L 1
50 1 L 31
51 1 L 26
52 1 L 2
53 0 L 12
54 0 U -1
55 1 L -1
56 1 L -1
57 1 L 51
58 1 L 4
59 0 L 42
60 0 U 54
61 1 U 54
62 0 L 52
63 1 L 53
64 0 U 55
65 0 L 36
66 1 L 49
67
0 1 U -1
1 0 U -1
2 0 U -1
3 1 U 1
4 0 U -1
5 0 U 1
6 1 U -1
7 0 U -1
8 1 L 4
9 0 U -1
10 1 U 3
11 0 U -1
12 1 L -1
13 0 L 1
14 1 L 6
15 1 L 1
16 0 U 7
17 0 U 7
18 1 L 15
19 1 L 12
20 1 L 11
21 0 U 17
22 1 U 4
23 0 U 13
24 0 L -1
25 1 L 23
26 0 U 21
27 0 U 25
28 0 U 23
29 1 U -1
30 1 U 12
31 1 L 6
32 1 U 6
33 0 U -1
34 1 L 13
35 1 L 24
36 1 L 31
37 0 U 32
38 1 L -1
39 0 L 34
40 1 U 37
41 0 L 38
42 1 U 40
43 1 U 8
44 0 L 38
45 0 U 43
46 1 L 39
47 1 L -1
48 1 L 19
49 0 L 1
50 1 L 31
51 0 L 26
52 1 L 2
53 1 L 12
54 0 U -1
55 0 L -1
56 1 L -1
57 0 L 51
58 0 L 4
59 0 L 57
60 0 U 5
61 0 U 9
62 0 L 52
63 0 L 53
64 0 U 55
65 0 L 36
66 1 L 48
67
0 1 L -1
1 0 U -1
2 0 U -1
3 1 U 1
4 0 U -1
5 0 U 1
6 1 U -1
7 0 U -1
8 1 L 3
9 0 U -1
10 1 U 3
11 0 U -1
12 1 L -1
13 0 L 1
14 1 L 6
15 1 L 1
16 0 U 7
17 1 U 9
18 1 L 15
19 1 L 12
20 1 L 11
21 0 U 17
22 0 U 4
23 0 U 13
24 0 L -1
25 1 L 23
26 0 U 21
27 0 U 25
28 0 U 8
29 1 U -1
30 1 U 13
31 1 L 6
32 0 U 6
33 0 U -1
34 1 L 13
35 1 L 24
36 1 L 31
37 0 U 22
38 1 L -1
39 0 L 34
40 1 U 37
41 0 L 24
42 1 U 40
43 1 U 8
44 1 L 38
45 0 U 43
46 1 L 6
47 1 L -1
48 1 L 19
49 0 L 1
50 1 L 31
51 0 L 26
52 1 L 2
53 1 L 12
54 0 U -1
55 0 L -1
56 1 L -1
57 0 L 51
58 0 L 4
59 0 L 57
60 0 U 5
61 1 U 9
62 0 L 52
63 0 L 53
64 0 U 55
65 0 L 36
66 1 L 48
67
0 1 U -1
1 0 U -1
2 0 U -1
3 1 U 1
4 0 U -1
5 0 U 1
6 1 U -1
7 0 U -1
8 1 L 3
9 0 U -1
10 1 U 3
11 0 U -1
12 1 L -1
13 0 L 1
14 1 L 6
15 1 L 1
16 0 U 7
17 1 U 7
18 0 L 15
19 1 L 12
20 1 L 11
21 0 U 5
22 0 U 4
23 0 U 16
24 0 L -1
25 1 L 23
26 0 U 21
27 0 U 25
28 0 U 8
29 1 U -1
30 1 U 13
31 0 L 6
32 0 U 11
33 0 U -1
34 1 L 13
35 1 L 24
36 1 L 31
37 0 U 7
38 0 L -1
39 0 L 34
40 1 U 37
41 0 L 24
42 1 U 40
43 1 U 8
44 1 L 24
45 0 U 43
46 0 L 28
47 1 L -1
48 1 L 19
49 0 L 1
50 1 L 31
51 0 L 26
52 1 L 2
53 0 L 12
54 0 U -1
55 0 L -1
56 1 L -1
57 0 L 51
58 0 L 18
59 0 L 57
60 0 U 5
61 1 U 54
62 1 L 52
63 0 L 53
64 0 U 55
65 0 L 36
66 0 L 63
67
0 1 L -1
1 0 U -1
2 0 U -1
3 1 U 1
4 0 U -1
5 0 U 1
6 1 U -1
7 0 U -1
8 1 L 3
9 0 U -1
10 1 U 3
11 0 U -1
12 1 L -1
13 1 L 1
14 1 L 6
15 1 L 1
16 0 U 7
17 1 U 7
18 0 L 15
19 1 L 12
20 1 L 11
21 0 U 17
22 0 U 4
23 0 U 16
24 0 L -1
25 1 L 23
26 0 U 21
27 0 U 25
28 0 U 8
29 1 U -1
30 1 U 13
31 1 L 6
32 0 U 11
33 0 U -1
34 1 L 13
35 1 L 24
36 1 L 31
37 0 U 7
38 1 L -1
39 0 L 34
40 1 U 37
41 0 L 24
42 1 U 40
43 1 U 8
44 1 L 24
45 0 U 43
46 1 L 28
47 1 L -1
48 1 L 19
49 0 L 1
50 1 L 31
51 0 L 26
52 1 L 2
53 0 L 12
54 0 U -1
55 0 L -1
56 1 L -1
57 0 L 51
58 0 L 3
59 0 L 57
60 0 U 5
61 0 U 7
62 1 L 52
63 1 L 53
64 0 U 55
65 0 L 26
66 0 L 63
67
0 1 L -1
1 0 U -1
2 0 U -1
3 1 U 1
4 0 U -1
5 0 U 1
6 1 U -1
7 0 U -1
8 1 L 4
9 0 U -1
10 1 U 3
11 0 U -1
12 1 L -1
13 1 L 1
14 1 L 6
15 1 L 1
16 0 U 7
17 1 U 7
18 0 L 15
19 1 L 12
20 1 L 11
21 0 U 17
22 0 U 4
23 0 U 13
24 0 L -1
25 1 L 23
26 0 U 21
27 0 U 25
28 0 U 8
29 1 U -1
30 1 U 22
31 1 L 6
32 0 U 11
33 0 U -1
34 1 L 13
35 1 L 24
36 1 L 31
37 0 U 7
38 0 L -1
39 0 L 34
40 1 U 37
41 0 L 24
42 1 U 10
43 1 U 8
44 1 L 24
45 0 U 43
46 1 L 28
47 1 L -1
48 1 L 35
49 0 L 1
50 1 L 31
51 1 L 26
52 1 L 2
53 0 L 12
54 0 U -1
55 0 L -1
56 1 L -1
57 1 L 51
58 0 L 39
59 0 L 57
60 0 U 5
61 0 U 7
62 1 L 52
63 1 L 53
64 0 U 55
65 0 L 26
66 1 L 63
67
0 1 U -1
1 0 U -1
2 0 U -1
3 1 U 1
4 0 U -1
5 0 U 1
6 1 U -1
7 0 U -1
8 1 L 3
9 0 U -1
10 1 U 3
11 0 U -1
12 1 L -1
13 0 L 1
14 1 L 6
15 1 L 1
16 0 U 7
17 0 U 7
18 1 L 15
19 1 L 12
20 1 L 11
21 0 U 17
22 0 U 4
23 0 U 13
24 0 L -1
25 1 L 23
26 0 U 21
27 0 U 25
28 0 U 8
29 1 U -1
30 1 U 13
31 0 L 6
32 0 U 11
33 0 U -1
34 1 L 13
35 0 L 24
36 1 L 31
37 0 U 7
38 1 L -1
39 0 L 34
40 1 U 37
41 0 L 24
42 1 U 10
43 1 U 8
44 1 L 24
45 0 U 43
46 1 L 28
47 1 L -1
48 1 L 35
49 0 L 1
50 1 L 31
51 1 L 26
52 1 L 2
53 0 L 12
54 0 U -1
55 0 L -1
56 1 L -1
57 1 L 51
58 0 L 52
59 0 L 57
60 0 U 5
61 0 U 7
62 0 L 52
63 1 L 53
64 0 U 55
65 0 L 26
66 0 L 13
67
0 1 U -1
1 0 U -1
2 0 U -1
3 1 U 1
4 0 U -1
5 0 U 1
6 1 U -1
7 0 U -1
8 1 L 4
9 0 U -1
10 1 U 3
11 0 U -1
12 1 L -1
13 0 L 1
14 1 L 6
15 1 L 1
16 0 U 7
17 1 U 9
18 0 L 15
19 1 L 12
20 1 L 11
21 0 U 5
22 0 U 4
23 0 U 19
24 0 L -1
25 1 L 23
26 0 U 21
27 0 U 25
28 0 U 8
29 1 U -1
30 1 U 13
31 0 L 6
32 0 U 11
33 0 U -1
34 1 L 13
35 0 L 24
36 1 L 31
37 0 U 7
38 0 L -1
39 0 L 34
40 1 U 37
41 0 L 24
42 1 U 40
43 1 U 35
44 0 L 24
45 0 U 43
46 1 L 28
47 1 L -1
48 1 L 35
49 0 L 1
50 1 L 31
51 0 L 26
52 1 L 2
53 1 L 12
54 0 U -1
55 1 L -1
56 1 L -1
57 0 L 51
58 0 L 3
59 0 L 57
60 0 U 5
61 1 U 7
62 0 L 52
63 1 L 53
64 0 U 55
65 0 L 26
66 1 L 13
67
0 1 L -1
1 0 U -1
2 0 U -1
3 1 U 1
4 0 U -1
5 0 U 1
6 1 U -1
7 0 U -1
8 1 L 4
9 0 U -1
10 0 U 3
11 0 U -1
12 1 L -1
13 1 L 1
14 1 L 6
15 1 L 1
16 0 U 7
17 0 U 7
18 0 L 15
19 1 L 12
20 1 L 11
21 0 U 17
22 0 U 4
23 0 U 22
24 0 L -1
25 1 L 23
26 0 U 21
27 0 U 25
28 0 U 8
29 1 U -1
30 1 U 19
31 0 L 6
32 1 U 29
33 0 U -1
34 1 L 13
35 1 L 24
36 1 L 31
37 0 U 7
38 0 L -1
39 0 L 34
40 1 U 16
41 0 L 24
42 1 U 40
43 1 U 35
44 1 L 12
45 0 U 43
46 1 L 29
47 1 L -1
48 1 L 35
49 0 L 1
50 1 L 31
51 0 L 26
52 1 L 15
53 0 L 12
54 0 U -1
55 0 L -1
56 1 L -1
57 0 L 51
58 0 L 52
59 0 L 57
60 0 U 5
61 0 U 7
62 1 L 52
63 0 L 53
64 0 U 55
65 0 L 26
66 1 L 63
67
0 1 U -1
1 0 U -1
2 0 U -1
3 1 U 1
4 0 U -1
5 0 U 1
6 1 U -1
7 0 U -1
8 1 L 4
9 0 U -1
10 1 U 3
11 0 U -1
12 1 L -1
13 1 L 1
14 1 L 6
15 1 L 1
16 0 U 7
17 0 U 9
18 0 L 15
19 1 L 0
20 1 L 11
21 0 U 17
22 0 U 4
23 0 U 12
24 0 L -1
25 1 L 23
26 0 U 21
27 0 U 25
28 0 U 8
29 1 U -1
30 1 U 19
31 1 L 6
32 1 U 29
33 0 U -1
34 1 L 13
35 0 L 24
36 1 L 31
37 0 U 7
38 0 L -1
39 0 L 34
40 1 U 16
41 0 L 24
42 1 U 25
43 1 U 10
44 0 L 12
45 0 U 43
46 1 L 29
47 1 L -1
48 1 L 35
49 0 L 19
50 1 L 31
51 0 L 26
52 1 L 15
53 1 L 12
54 0 U -1
55 0 L -1
56 1 L -1
57 0 L 51
58 0 L 52
59 0 L 57
60 0 U 5
61 1 U 7
62 1 L 52
63 0 L 53
64 0 U 55
65 0 L 26
66 0 L 63
67
0 1 L -1
1 0 U -1
2 0 U -1
3 1 U 1
4 0 U -1
5 0 U 1
6 1 U -1
7 0 U -1
8 1 L 3
9 0 U -1
10 1 U 3
11 0 U -1
12 1 L -1
13 1 L 1
14 1 L 6
15 1 L 1
16 0 U 7
17 0 U 9
18 1 L 15
19 1 L 0
20 1 L 11
21 0 U 17
22 0 U 4
23 0 U 12
24 0 L -1
25 1 L 23
26 0 U 21
27 0 U 25
28 0 U 8
29 1 U -1
30 1 U 13
31 0 L 6
32 0 U 29
33 0 U -1
34 1 L 13
35 1 L 24
36 1 L 31
37 0 U 7
38 0 L -1
39 0 L 34
40 1 U 16
41 0 L 24
42 1 U 40
43 1 U 23
44 1 L 12
45 0 U 43
46 1 L 32
47 1 L -1
48 1 L 35
49 0 L 19
50 1 L 31
51 0 L 26
52 1 L 2
53 1 L 12
54 0 U -1
55 1 L -1
56 1 L -1
57 0 L 51
58 0 L 18
59 0 L 57
60 0 U 5
61 1 U 9
62 1 L 52
63 1 L 19
64 0 U 46
65 0 L 26
66 1 L 13
67
0 1 L -1
1 0 U -1
2 0 U -1
3 1 U 1
4 0 U -1
5 0 U 1
6 1 U -1
7 0 U -1
8 1 L 3
9 0 U -1
10 0 U 3
11 0 U -1
12 1 L -1
13 0 L 1
14 1 L 6
15 1 L 1
16 0 U 7
17 0 U 9
18 0 L 15
19 1 L 0
20 1 L 11
21 0 U 17
22 0 U 4
23 0 U 12
24 0 L -1
25 1 L 23
26 0 U 21
27 0 U 25
28 0 U 8
29 1 U -1
30 1 U 13
31 1 L 6
32 1 U 29
33 0 U -1
34 1 L 13
35 0 L 24
36 1 L 31
37 0 U 33
38 0 L -1
39 0 L 34
40 1 U 16
41 0 L 24
42 1 U 40
43 1 U 23
44 0 L 12
45 0 U 43
46 1 L 32
47 1 L -1
48 1 L 35
49 0 L 19
50 1 L 31
51 0 L 26
52 1 L 2
53 1 L 12
54 0 U -1
55 0 L -1
56 1 L -1
57 0 L 51
58 0 L 18
59 0 L 57
60 0 U 5
61 0 U 9
62 0 L 52
63 1 L 19
64 0 U 46
65 0 L 26
66 1 L 13
67
0 1 L -1
1 0 U -1
2 0 U -1
3 1 U 1
4 0 U -1
5 0 U 1
6 1 U -1
7 0 U -1
8 1 L 3
9 0 U -1
10 1 U 3
11 0 U -1
12 1 L -1
13 0 L 1
14 1 L 6
15 1 L 1
16 0 U 7
17 1 U 9
18 1 L 15
19 1 L 0
20 1 L 11
21 0 U 17
22 0 U 4
23 0 U 12
24 0 L -1
25 1 L 23
26 0 U 21
27 0 U 25
28 0 U 8
29 1 U -1
30 1 U 12
31 0 L 6
32 1 U 29
33 0 U -1
34 1 L 13
35 0 L 24
36 1 L 31
37 0 U 33
38 0 L -1
39 0 L 34
40 1 U 16
41 0 L 38
42 1 U 8
43 1 U 23
44 0 L 38
45 0 U 43
46 1 L 32
47 1 L -1
48 1 L 35
49 0 L 19
50 1 L 14
51 0 L 26
52 1 L 2
53 0 L 12
54 0 U -1
55 0 L -1
56 1 L -1
57 0 L 51
58 0 L 18
59 0 L 57
60 0 U 5
61 0 U 9
62 1 L 52
63 0 L 53
64 0 U 55
65 0 L 26
66 1 L 13
67
0 1 U -1
1 0 U -1
2 0 U -1
3 1 U 1
4 0 U -1
5 0 U 1
6 1 U -1
7 0 U -1
8 1 L 4
9 0 U -1
10 1 U 3
11 0 U -1
12 1 L -1
13 1 L 1
14 1 L 6
15 1 L 1
16 0 U 7
17 0 U 9
18 1 L 15
19 1 L 0
20 1 L 11
21 0 U 17
22 0 U 4
23 0 U 16
24 0 L -1
25 1 L 23
26 0 U 21
27 0 U 25
28 0 U 8
29 1 U -1
30 1 U 3
31 0 L 6
32 1 U 6
33 0 U -1
34 1 L 13
35 1 L 24
36 1 L 31
37 0 U 33
38 0 L -1
39 0 L 34
40 1 U 37
41 0 L 38
42 1 U 8
43 1 U 10
44 1 L 12
45 0 U 43
46 1 L 29
47 1 L -1
48 1 L 35
49 0 L 19
50 1 L 14
51 0 L 26
52 1 L 2
53 1 L 12
54 0 U -1
55 1 L -1
56 1 L -1
57 0 L 51
58 0 L 18
59 0 L 57
60 0 U 5
61 1 U 9
62 1 L 52
63 0 L 53
64 0 U 55
65 0 L 26
66 0 L 48
67
0 1 L -1
1 0 U -1
2 0 U -1
3 1 U 1
4 0 U -1
5 0 U 1
6 1 U -1
7 0 U -1
8 1 L 4
9 0 U -1
10 1 U 3
11 0 U -1
12 1 L -1
13 0 L 1
14 1 L 6
15 1 L 1
16 0 U 7
17 1 U 9
18 1 L 15
19 1 L 0
20 1 L 11
21 0 U 5
22 0 U 4
23 0 U 16
24 0 L -1
25 1 L 23
26 0 U 21
27 0 U 25
28 0 U 8
29 1 U -1
30 1 U 3
31 1 L 6
32 1 U 1
33 0 U -1
34 1 L 13
35 0 L 24
36 1 L 31
37 0 U 33
38 1 L -1
39 0 L 34
40 1 U 37
41 0 L 24
42 1 U 30
43 1 U 10
44 1 L 38
45 0 U 43
46 1 L 29
47 1 L -1
48 1 L 35
49 0 L 19
50 1 L 14
51 0 L 26
52 1 L 2
53 1 L 12
54 0 U -1
55 1 L -1
56 1 L -1
57 0 L 51
58 0 L 18
59 0 L 57
60 0 U 5
61 1 U 9
62 0 L 52
63 1 L 53
64 0 U 55
65 0 L 26
66 1 L 48
67
0 1 L -1
1 0 U -1
2 0 U -1
3 1 U 1
4 0 U -1
5 0 U 1
6 1 U -1
7 0 U -1
8 1 L 3
9 0 U -1
10 1 U 3
11 0 U -1
12 1 L -1
13 1 L 1
14 1 L 6
15 1 L 1
16 0 U 7
17 1 U 7
18 0 L 15
19 1 L 0
20 1 L 11
21 0 U 17
22 0 U 4
23 0 U 16
24 0 L -1
25 1 L 23
26 0 U 21
27 0 U 25
28 0 U 8
29 1 U -1
30 1 U 3
31 0 L 6
32 1 U 2
33 0 U -1
34 1 L 13
35 1 L 24
36 1 L 31
37 0 U 33
38 1 L -1
39 0 L 34
40 1 U 3
41 0 L 24
42 1 U 30
43 1 U 10
44 0 L 38
45 0 U 43
46 1 L 29
47 1 L -1
48 1 L 35
49 0 L 19
50 1 L 14
51 0 L 26
52 1 L 2
53 1 L 12
54 0 U -1
55 1 L -1
56 1 L -1
57 0 L 51
58 0 L 3
59 0 L 57
60 0 U 5
61 1 U 9
62 1 L 52
63 0 L 19
64 0 U 55
65 0 L 26
66 1 L 13
67
0 1 L -1
1 0 U -1
2 0 U -1
3 1 U 1
4 0 U -1
5 0 U 1
6 1 U -1
7 0 U -1
8 1 L 3
9 0 U -1
10 0 U 3
11 0 U -1
12 1 L -1
13 0 L 1
14 1 L 6
15 1 L 1
16 0 U 7
17 0 U 9
18 1 L 15
19 1 L 0
20 1 L 11
21 0 U 17
22 0 U 4
23 0 U 16
24 0 L -1
25 1 L 23
26 0 U 21
27 0 U 25
28 0 U 8
29 1 U -1
30 1 U 3
31 1 L 6
32 1 U 29
33 0 U -1
34 1 L 13
35 1 L 24
36 1 L 31
37 0 U 33
38 0 L -1
39 0 L 34
40 1 U 3
41 0 L 38
42 1 U 23
43 1 U 40
44 1 L 12
45 0 U 43
46 1 L 29
47 1 L -1
48 1 L 35
49 0 L 1
50 1 L 14
51 0 L 26
52 1 L 2
53 0 L 12
54 0 U -1
55 1 L -1
56 1 L -1
57 0 L 51
58 0 L 3
59 0 L 57
60 0 U 5
61 1 U 9
62 0 L 52
63 0 L 19
64 0 U 55
65 0 L 50
66 1 L 63
67
0 1 L -1
1 0 U -1
2 0 U -1
3 1 U 1
4 0 U -1
5 0 U 1
6 1 U -1
7 0 U -1
8 1 L 4
9 0 U -1
10 1 U 3
11 0 U -1
12 1 L -1
13 1 L 1
14 1 L 6
15 1 L 1
16 0 U 7
17 1 U 9
18 1 L 15
19 1 L 0
20 1 L 11
21 0 U 17
22 0 U 4
23 0 U 12
24 0 L -1
25 1 L 23
26 0 U 21
27 0 U 25
28 0 U 8
29 1 U -1
30 1 U 12
31 0 L 6
32 0 U 29
33 0 U -1
34 1 L 13
35 1 L 24
36 1 L 31
37 0 U 33
38 1 L -1
39 0 L 34
40 1 U 3
41 0 L 38
42 1 U 25
43 1 U 40
44 0 L 12
45 0 U 43
46 1 L 29
47 1 L -1
48 1 L 35
49 0 L 1
50 1 L 14
51 0 L 26
52 1 L 2
53 0 L 12
54 0 U -1
55 1 L -1
56 1 L -1
57 0 L 51
58 0 L 4
59 0 L 57
60 0 U 5
61 1 U 9
62 0 L 52
63 1 L 19
64 0 U 55
65 0 L 50
66 0 L 63
67
0 1 U -1
1 0 U -1
2 0 U -1
3 1 U 1
4 0 U -1
5 0 U 1
6 1 U -1
7 0 U -1
8 1 L 3
9 0 U -1
10 1 U 3
11 0 U -1
12 1 L -1
13 0 L 1
14 1 L 6
15 1 L 1
16 0 U 7
17 0 U 9
18 0 L 15
19 1 L 0
20 1 L 11
21 0 U 17
22 0 U 4
23 0 U 16
24 0 L -1
25 1 L 23
26 0 U 21
27 0 U 25
28 0 U 8
29 1 U -1
30 1 U 16
31 1 L 6
32 1 U 29
33 0 U -1
34 1 L 13
35 1 L 24
36 1 L 31
37 0 U 33
38 1 L -1
39 0 L 34
40 1 U 3
41 0 L 24
42 1 U 23
43 1 U 40
44 1 L 12
45 0 U 43
46 1 L 29
47 1 L -1
48 1 L 35
49 0 L 1
50 1 L 14
51 0 L 26
52 1 L 2
53 1 L 24
54 0 U -1
55 1 L -1
56 1 L -1
57 0 L 51
58 0 L 34
59 0 L 57
60 0 U 5
61 0 U 9
62 0 L 52
63 0 L 19
64 0 U 55
65 0 L 50
66 1 L 63
