41
0 1 U -1
1 1 U -1
2 1 U -1
3 0 U -1
4 0 U -1
5 1 U -1
6 0 U -1
7 0 U -1
8 0 U -1
9 1 U -1
10 1 U -1
11 1 U -1
12 0 U -1
13 0 U -1
14 1 U -1
15 1 U -1
16 1 U -1
17 1 U -1
18 0 U -1
19 0 U -1
20 1 U -1
21 1 U -1
22 1 U -1
23 1 U -1
24 1 U -1
25 1 U -1
26 1 U -1
27 0 U -1
28 1 U -1
29 1 U -1
30 1 U -1
31 0 U -1
32 0 U -1
33 1 U -1
34 1 U -1
35 0 U -1
36 0 U -1
37 1 U -1
38 1 U -1
39 0 U -1
40 1 U -1
41
0 1 U -1
1 1 U -1
2 1 U -1
3 0 U -1
4 0 U -1
5 1 U -1
6 0 U -1
7 0 U -1
8 0 U -1
9 1 U -1
10 1 U -1
11 1 U -1
12 0 U -1
13 0 U -1
14 1 U -1
15 1 U -1
16 1 U -1
17 1 U -1
18 0 U -1
19 0 U -1
20 1 U -1
21 1 U -1
22 1 U -1
23 1 U -1
24 1 U -1
25 1 U -1
26 1 U -1
27 0 U -1
28 1 U -1
29 1 U -1
30 1 U -1
31 0 U -1
32 0 U -1
33 1 U -1
34 1 U -1
35 0 U -1
36 0 U -1
37 1 U -1
38 1 U -1
39 0 U -1
40 1 U -1
41
0 1 U -1
1 1 U -1
2 1 U -1
3 0 U -1
4 0 U -1
5 1 U -1
6 0 U -1
7 0 U -1
8 0 U -1
9 1 U -1
10 1 U -1
11 1 U -1
12 0 U -1
13 0 U -1
14 1 U -1
15 1 U -1
16 1 U -1
17 1 U -1
18 0 U -1
19 0 U -1
20 1 U -1
21 1 U -1
22 1 U -1
23 1 U -1
24 1 U -1
25 1 U -1
26 1 U -1
27 0 U -1
28 1 U -1
29 1 U -1
30 1 U -1
31 0 U -1
32 0 U -1
33 1 U -1
34 1 U -1
35 0 U -1
36 0 U -1
37 1 U -1
38 1 U -1
39 0 U -1
40 1 U -1
41
0 1 U -1
1 1 U -1
2 1 U -1
3 0 U -1
4 0 U -1
5 1 U -1
6 0 U -1
7 0 U -1
8 0 U -1
9 1 U -1
10 1 U -1
11 1 U -1
12 0 U -1
13 0 U -1
14 1 U -1
15 1 U -1
16 1 U -1
17 1 U -1
18 0 U -1
19 0 U -1
20 1 U -1
21 1 U -1
22 1 U -1
23 1 U -1
24 1 U -1
25 1 U -1
26 1 U -1
27 0 U -1
28 1 U -1
29 1 U -1
30 1 U -1
31 0 U -1
32 0 U -1
33 1 U -1
34 1 U -1
35 0 U -1
36 0 U -1
37 1 U -1
38 1 U -1
39 0 U -1
40 1 U -1
41
0 1 U -1
1 1 U -1
2 1 U -1
3 0 U -1
4 0 U -1
5 1 U -1
6 0 U -1
7 0 U -1
8 0 U -1
9 1 U -1
10 1 U -1
11 1 U -1
12 0 U -1
13 0 U -1
14 1 U -1
15 1 U -1
16 1 U -1
17 1 U -1
18 0 U -1
19 0 U -1
20 1 U -1
21 1 U -1
22 1 U -1
23 1 U -1
24 1 U -1
25 1 U -1
26 1 U -1
27 0 U -1
28 1 U -1
29 1 U -1
30 1 U -1
31 0 U -1
32 0 U -1
33 1 U -1
34 1 U -1
35 0 U -1
36 0 U -1
37 1 U -1
38 1 U -1
39 0 U -1
40 1 U -1
41
0 1 U -1
1 1 U -1
2 1 U -1
3 0 U -1
4 0 U -1
5 1 U -1
6 0 U -1
7 0 U -1
8 0 U -1
9 1 U -1
10 1 U -1
11 1 U -1
12 0 U -1
13 0 U -1
14 1 U -1
15 1 U -1
16 1 U -1
17 1 U -1
18 0 U -1
19 0 U -1
20 1 U -1
21 1 U -1
22 1 U -1
23 1 U -1
24 1 U -1
25 1 U -1
26 1 U -1
27 0 U -1
28 1 U -1
29 1 U -1
30 1 U -1
31 0 U -1
32 0 U -1
33 1 U -1
34 1 U -1
35 0 U -1
36 0 U -1
37 1 U -1
38 1 U -1
39 0 U -1
40 1 U -1
41
0 1 U -1
1 1 U -1
2 1 U -1
3 0 U -1
4 0 U -1
5 1 U -1
6 0 U -1
7 0 U -1
8 0 U -1
9 1 U -1
10 1 U -1
11 1 U -1
12 0 U -1
13 0 U -1
14 1 U -1
15 1 U -1
16 1 U -1
17 1 U -1
18 0 U -1
19 0 U -1
20 1 U -1
21 1 U -1
22 1 U -1
23 1 U -1
24 1 U -1
25 1 U -1
26 1 U -1
27 0 U -1
28 1 U -1
29 1 U -1
30 1 U -1
31 0 U -1
32 0 U -1
33 1 U -1
34 1 U -1
35 0 U -1
36 0 U -1
37 1 U -1
38 1 U -1
39 0 U -1
40 1 U -1
41
0 1 U -1
1 1 U -1
2 1 U -1
3 0 U -1
4 0 U -1
5 1 U -1
6 0 U -1
7 0 U -1
8 0 U -1
9 1 U -1
10 1 U -1
11 1 U -1
12 0 U -1
13 0 U -1
14 1 U -1
15 1 U -1
16 1 U -1
17 1 U -1
18 0 U -1
19 0 U -1
20 1 U -1
21 1 U -1
22 1 U -1
23 1 U -1
24 1 U -1
25 1 U -1
26 1 U -1
27 0 U -1
28 1 U -1
29 1 U -1
30 1 U -1
31 0 U -1
32 0 U -1
33 1 U -1
34 1 U -1
35 0 U -1
36 0 U -1
37 1 U -1
38 1 U -1
39 0 U -1
40 1 U -1
41
0 1 U -1
1 1 U -1
2 1 U -1
3 0 U -1
4 0 U -1
5 1 U -1
6 0 U -1
7 0 U -1
8 0 U -1
9 1 U -1
10 1 U -1
11 1 U -1
12 0 U -1
13 0 U -1
14 1 U -1
15 1 U -1
16 1 U -1
17 1 U -1
18 0 U -1
19 0 U -1
20 1 U -1
21 1 U -1
22 1 U -1
23 1 U -1
24 1 U -1
25 1 U -1
26 1 U -1
27 0 U -1
28 1 U -1
29 1 U -1
30 1 U -1
31 0 U -1
32 0 U -1
33 1 U -1
34 1 U -1
35 0 U -1
36 0 U -1
37 1 U -1
38 1 U -1
39 0 U -1
40 1 U -1
41
0 1 U -1
1 1 U -1
2 1 U -1
3 0 U -1
4 0 U -1
5 1 U -1
6 0 U -1
7 0 U -1
8 0 U -1
9 1 U -1
10 1 U -1
11 1 U -1
12 0 U -1
13 0 U -1
14 1 U -1
15 1 U -1
16 1 U -1
17 1 U -1
18 0 U -1
19 0 U -1
20 1 U -1
21 1 U -1
22 1 U -1
23 1 U -1
24 1 U -1
25 1 U -1
26 1 U -1
27 0 U -1
28 1 U -1
29 1 U -1
30 1 U -1
31 0 U -1
32 0 U -1
33 1 U -1
34 1 U -1
35 0 U -1
36 0 U -1
37 1 U -1
38 1 U -1
39 0 U -1
40 1 U -1
41
0 1 U -1
1 1 U -1
2 1 U -1
3 0 U -1
4 0 U -1
5 1 U -1
6 0 U -1
7 0 U -1
8 0 U -1
9 1 U -1
10 1 U -1
11 1 U -1
12 0 U -1
13 0 U -1
14 1 U -1
15 1 U -1
16 1 U -1
17 1 U -1
18 0 U -1
19 0 U -1
20 1 U -1
21 1 U -1
22 1 U -1
23 1 U -1
24 1 U -1
25 1 U -1
26 1 U -1
27 0 U -1
28 1 U -1
29 1 U -1
30 1 U -1
31 0 U -1
32 0 U -1
33 1 U -1
34 1 U -1
35 0 U -1
36 0 U -1
37 1 U -1
38 1 U -1
39 0 U -1
40 1 U -1
41
0 1 U -1
1 1 U -1
2 1 U -1
3 0 U -1
4 0 U -1
5 1 U -1
6 0 U -1
7 0 U -1
8 0 U -1
9 1 U -1
10 1 U -1
11 1 U -1
12 0 U -1
13 0 U -1
14 1 U -1
15 1 U -1
16 1 U -1
17 1 U -1
18 0 U -1
19 0 U -1
20 1 U -1
21 1 U -1
22 1 U -1
23 1 U -1
24 1 U -1
25 1 U -1
26 1 U -1
27 0 U -1
28 1 U -1
29 1 U -1
30 1 U -1
31 0 U -1
32 0 U -1
33 1 U -1
34 1 U -1
35 0 U -1
36 0 U -1
37 1 U -1
38 1 U -1
39 0 U -1
40 1 U -1
41
0 1 U -1
1 1 U -1
2 1 U -1
3 0 U -1
4 0 U -1
5 1 U -1
6 0 U -1
7 0 U -1
8 0 U -1
9 1 U -1
10 1 U -1
11 1 U -1
12 0 U -1
13 0 U -1
14 1 U -1
15 1 U -1
16 1 U -1
17 1 U -1
18 0 U -1
19 0 U -1
20 1 U -1
21 1 U -1
22 1 U -1
23 1 U -1
24 1 U -1
25 1 U -1
26 1 U -1
27 0 U -1
28 1 U -1
29 1 U -1
30 1 U -1
31 0 U -1
32 0 U -1
33 1 U -1
34 1 U -1
35 0 U -1
36 0 U -1
37 1 U -1
38 1 U -1
39 0 U -1
40 1 U -1
41
0 1 U -1
1 1 U -1
2 1 U -1
3 0 U -1
4 0 U -1
5 1 U -1
6 0 U -1
7 0 U -1
8 0 U -1
9 1 U -1
10 1 U -1
11 1 U -1
12 0 U -1
13 0 U -1
14 1 U -1
15 1 U -1
16 1 U -1
17 1 U -1
18 0 U -1
19 0 U -1
20 1 U -1
21 1 U -1
22 1 U -1
23 1 U -1
24 1 U -1
25 1 U -1
26 1 U -1
27 0 U -1
28 1 U -1
29 1 U -1
30 1 U -1
31 0 U -1
32 0 U -1
33 1 U -1
34 1 U -1
35 0 U -1
36 0 U -1
37 1 U -1
38 1 U -1
39 0 U -1
40 1 U -1
41
0 1 U -1
1 1 U -1
2 1 U -1
3 0 U -1
4 0 U -1
5 1 U -1
6 0 U -1
7 0 U -1
8 0 U -1
9 1 U -1
10 1 U -1
11 1 U -1
12 0 U -1
13 0 U -1
14 1 U -1
15 1 U -1
16 1 U -1
17 1 U -1
18 0 U -1
19 0 U -1
20 1 U -1
21 1 U -1
22 1 U -1
23 1 U -1
24 1 U -1
25 1 U -1
26 1 U -1
27 0 U -1
28 1 U -1
29 1 U -1
30 1 U -1
31 0 U -1
32 0 U -1
33 1 U -1
34 1 U -1
35 0 U -1
36 0 U -1
37 1 U -1
38 1 U -1
39 0 U -1
40 1 U -1
41
0 1 U -1
1 1 U -1
2 1 U -1
3 0 U -1
4 0 U -1
5 1 U -1
6 0 U -1
7 0 U -1
8 0 U -1
9 1 U -1
10 1 U -1
11 1 U -1
12 0 U -1
13 0 U -1
14 1 U -1
15 1 U -1
16 1 U -1
17 1 U -1
18 0 U -1
19 0 U -1
20 1 U -1
21 1 U -1
22 1 U -1
23 1 U -1
24 1 U -1
25 1 U -1
26 1 U -1
27 0 U -1
28 1 U -1
29 1 U -1
30 1 U -1
31 0 U -1
32 0 U -1
33 1 U -1
34 1 U -1
35 0 U -1
36 0 U -1
37 1 U -1
38 1 U -1
39 0 U -1
40 1 U -1
41
0 1 U -1
1 1 U -1
2 1 U -1
3 0 U -1
4 0 U -1
5 1 U -1
6 0 U -1
7 0 U -1
8 0 U -1
9 1 U -1
10 1 U -1
11 1 U -1
12 0 U -1
13 0 U -1
14 1 U -1
15 1 U -1
16 1 U -1
17 1 U -1
18 0 U -1
19 0 U -1
20 1 U -1
21 1 U -1
22 1 U -1
23 1 U -1
24 1 U -1
25 1 U -1
26 1 U -1
27 0 U -1
28 1 U -1
29 1 U -1
30 1 U -1
31 0 U -1
32 0 U -1
33 1 U -1
34 1 U -1
35 0 U -1
36 0 U -1
37 1 U -1
38 1 U -1
39 0 U -1
40 1 U -1
41
0 1 U -1
1 1 U -1
2 1 U -1
3 0 U -1
4 0 U -1
5 1 U -1
6 0 U -1
7 0 U -1
8 0 U -1
9 1 U -1
10 1 U -1
11 1 U -1
12 0 U -1
13 0 U -1
14 1 U -1
15 1 U -1
16 1 U -1
17 1 U -1
18 0 U -1
19 0 U -1
20 1 U -1
21 1 U -1
22 1 U -1
23 1 U -1
24 1 U -1
25 1 U -1
26 1 U -1
27 0 U -1
28 1 U -1
29 1 U -1
30 1 U -1
31 0 U -1
32 0 U -1
33 1 U -1
34 1 U -1
35 0 U -1
36 0 U -1
37 1 U -1
38 1 U -1
39 0 U -1
40 1 U -1
41
0 1 U -1
1 1 U -1
2 1 U -1
3 0 U -1
4 0 U -1
5 1 U -1
6 0 U -1
7 0 U -1
8 0 U -1
9 1 U -1
10 1 U -1
11 1 U -1
12 0 U -1
13 0 U -1
14 1 U -1
15 1 U -1
16 1 U -1
17 1 U -1
18 0 U -1
19 0 U -1
20 1 U -1
21 1 U -1
22 1 U -1
23 1 U -1
24 1 U -1
25 1 U -1
26 1 U -1
27 0 U -1
28 1 U -1
29 1 U -1
30 1 U -1
31 0 U -1
32 0 U -1
33 1 U -1
34 1 U -1
35 0 U -1
36 0 U -1
37 1 U -1
38 1 U -1
39 0 U -1
40 1 U -1
41
0 1 U -1
1 1 U -1
2 1 U -1
3 0 U -1
4 0 U -1
5 1 U -1
6 0 U -1
7 0 U -1
8 0 U -1
9 1 U -1
10 1 U -1
11 1 U -1
12 0 U -1
13 0 U -1
14 1 U -1
15 1 U -1
16 1 U -1
17 1 U -1
18 0 U -1
19 0 U -1
20 1 U -1
21 1 U -1
22 1 U -1
23 1 U -1
24 1 U -1
25 1 U -1
26 1 U -1
27 0 U -1
28 1 U -1
29 1 U -1
30 1 U -1
31 0 U -1
32 0 U -1
33 1 U -1
34 1 U -1
35 0 U -1
36 0 U -1
37 1 U -1
38 1 U -1
39 0 U -1
40 1 U -1
41
0 1 U -1
1 1 U -1
2 1 U -1
3 0 U -1
4 0 U -1
5 1 U -1
6 0 U -1
7 0 U -1
8 0 U -1
9 1 U -1
10 1 U -1
11 1 U -1
12 0 U -1
13 0 U -1
14 1 U -1
15 1 U -1
16 1 U -1
17 1 U -1
18 0 U -1
19 0 U -1
20 1 U -1
21 1 U -1
22 1 U -1
23 1 U -1
24 1 U -1
25 1 U -1
26 1 U -1
27 0 U -1
28 1 U -1
29 1 U -1
30 1 U -1
31 0 U -1
32 0 U -1
33 1 U -1
34 1 U -1
35 0 U -1
36 0 U -1
37 1 U -1
38 1 U -1
39 0 U -1
40 1 U -1
41
0 1 U -1
1 1 U -1
2 1 U -1
3 0 U -1
4 0 U -1
5 1 U -1
6 0 U -1
7 0 U -1
8 0 U -1
9 1 U -1
10 1 U -1
11 1 U -1
12 0 U -1
13 0 U -1
14 1 U -1
15 1 U -1
16 1 U -1
17 1 U -1
18 0 U -1
19 0 U -1
20 1 U -1
21 1 U -1
22 1 U -1
23 1 U -1
24 1 U -1
25 1 U -1
26 1 U -1
27 0 U -1
28 1 U -1
29 1 U -1
30 1 U -1
31 0 U -1
32 0 U -1
33 1 U -1
34 1 U -1
35 0 U -1
36 0 U -1
37 1 U -1
38 1 U -1
39 0 U -1
40 1 U -1
41
0 1 U -1
1 1 U -1
2 1 U -1
3 0 U -1
4 0 U -1
5 1 U -1
6 0 U -1
7 0 U -1
8 0 U -1
9 1 U -1
10 1 U -1
11 1 U -1
12 0 U -1
13 0 U -1
14 1 U -1
15 1 U -1
16 1 U -1
17 1 U -1
18 0 U -1
19 0 U -1
20 1 U -1
21 1 U -1
22 1 U -1
23 1 U -1
24 1 U -1
25 1 U -1
26 1 U -1
27 0 U -1
28 1 U -1
29 1 U -1
30 1 U -1
31 0 U -1
32 0 U -1
33 1 U -1
34 1 U -1
35 0 U -1
36 0 U -1
37 1 U -1
38 1 U -1
39 0 U -1
40 1 U -1
41
0 1 U -1
1 1 U -1
2 1 U -1
3 0 U -1
4 0 U -1
5 1 U -1
6 0 U -1
7 0 U -1
8 0 U -1
9 1 U -1
10 1 U -1
11 1 U -1
12 0 U -1
13 0 U -1
14 1 U -1
15 1 U -1
16 1 U -1
17 1 U -1
18 0 U -1
19 0 U -1
20 1 U -1
21 1 U -1
22 1 U -1
23 1 U -1
24 1 U -1
25 1 U -1
26 1 U -1
27 0 U -1
28 1 U -1
29 1 U -1
30 1 U -1
31 0 U -1
32 0 U -1
33 1 U -1
34 1 U -1
35 0 U -1
36 0 U -1
37 1 U -1
38 1 U -1
39 0 U -1
40 1 U -1
41
0 1 U -1
1 1 U -1
2 1 U -1
3 0 U -1
4 0 U -1
5 1 U -1
6 0 U -1
7 0 U -1
8 0 U -1
9 1 U -1
10 1 U -1
11 1 U -1
12 0 U -1
13 0 U -1
14 1 U -1
15 1 U -1
16 1 U -1
17 1 U -1
18 0 U -1
19 0 U -1
20 1 U -1
21 1 U -1
22 1 U -1
23 1 U -1
24 1 U -1
25 1 U -1
26 1 U -1
27 0 U -1
28 1 U -1
29 1 U -1
30 1 U -1
31 0 U -1
32 0 U -1
33 1 U -1
34 1 U -1
35 0 U -1
36 0 U -1
37 1 U -1
38 1 U -1
39 0 U -1
40 1 U -1
41
0 1 U -1
1 1 U -1
2 1 U -1
3 0 U -1
4 0 U -1
5 1 U -1
6 0 U -1
7 0 U -1
8 0 U -1
9 1 U -1
10 1 U -1
11 1 U -1
12 0 U -1
13 0 U -1
14 1 U -1
15 1 U -1
16 1 U -1
17 1 U -1
18 0 U -1
19 0 U -1
20 1 U -1
21 1 U -1
22 1 U -1
23 1 U -1
24 1 U -1
25 1 U -1
26 1 U -1
27 0 U -1
28 1 U -1
29 1 U -1
30 1 U -1
31 0 U -1
32 0 U -1
33 1 U -1
34 1 U -1
35 0 U -1
36 0 U -1
37 1 U -1
38 1 U -1
39 0 U -1
40 1 U -1
41
0 1 U -1
1 1 U -1
2 1 U -1
3 0 U -1
4 0 U -1
5 1 U -1
6 0 U -1
7 0 U -1
8 0 U -1
9 1 U -1
10 1 U -1
11 1 U -1
12 0 U -1
13 0 U -1
14 1 U -1
15 1 U -1
16 1 U -1
17 1 U -1
18 0 U -1
19 0 U -1
20 1 U -1
21 1 U -1
22 1 U -1
23 1 U -1
24 1 U -1
25 1 U -1
26 1 U -1
27 0 U -1
28 1 U -1
29 1 U -1
30 1 U -1
31 0 U -1
32 0 U -1
33 1 U -1
34 1 U -1
35 0 U -1
36 0 U -1
37 1 U -1
38 1 U -1
39 0 U -1
40 1 U -1
41
0 1 U -1
1 1 U -1
2 1 U -1
3 0 U -1
4 0 U -1
5 1 U -1
6 0 U -1
7 0 U -1
8 0 U -1
9 1 U -1
10 1 U -1
11 1 U -1
12 0 U -1
13 0 U -1
14 1 U -1
15 1 U -1
16 1 U -1
17 1 U -1
18 0 U -1
19 0 U -1
20 1 U -1
21 1 U -1
22 1 U -1
23 1 U -1
24 1 U -1
25 1 U -1
26 1 U -1
27 0 U -1
28 1 U -1
29 1 U -1
30 1 U -1
31 0 U -1
32 0 U -1
33 1 U -1
34 1 U -1
35 0 U -1
36 0 U -1
37 1 U -1
38 1 U -1
39 0 U -1
40 1 U -1
41
0 1 U -1
1 1 U -1
2 1 U -1
3 0 U -1
4 0 U -1
5 1 U -1
6 0 U -1
7 0 U -1
8 0 U -1
9 1 U -1
10 1 U -1
11 1 U -1
12 0 U -1
13 0 U -1
14 1 U -1
15 1 U -1
16 1 U -1
17 1 U -1
18 0 U -1
19 0 U -1
20 1 U -1
21 1 U -1
22 1 U -1
23 1 U -1
24 1 U -1
25 1 U -1
26 1 U -1
27 0 U -1
28 1 U -1
29 1 U -1
30 1 U -1
31 0 U -1
32 0 U -1
33 1 U -1
34 1 U -1
35 0 U -1
36 0 U -1
37 1 U -1
38 1 U -1
39 0 U -1
40 1 U -1
41
0 1 U -1
1 1 U -1
2 1 U -1
3 0 U -1
4 0 U -1
5 1 U -1
6 0 U -1
7 0 U -1
8 0 U -1
9 1 U -1
10 1 U -1
11 1 U -1
12 0 U -1
13 0 U -1
14 1 U -1
15 1 U -1
16 1 U -1
17 1 U -1
18 0 U -1
19 0 U -1
20 1 U -1
21 1 U -1
22 1 U -1
23 1 U -1
24 1 U -1
25 1 U -1
26 1 U -1
27 0 U -1
28 1 U -1
29 1 U -1
30 1 U -1
31 0 U -1
32 0 U -1
33 1 U -1
34 1 U -1
35 0 U -1
36 0 U -1
37 1 U -1
38 1 U -1
39 0 U -1
40 1 U -1
41
0 1 U -1
1 1 U -1
2 1 U -1
3 0 U -1
4 0 U -1
5 1 U -1
6 0 U -1
7 0 U -1
8 0 U -1
9 1 U -1
10 1 U -1
11 1 U -1
12 0 U -1
13 0 U -1
14 1 U -1
15 1 U -1
16 1 U -1
17 1 U -1
18 0 U -1
19 0 U -1
20 1 U -1
21 1 U -1
22 1 U -1
23 1 U -1
24 1 U -1
25 1 U -1
26 1 U -1
27 0 U -1
28 1 U -1
29 1 U -1
30 1 U -1
31 0 U -1
32 0 U -1
33 1 U -1
34 1 U -1
35 0 U -1
36 0 U -1
37 1 U -1
38 1 U -1
39 0 U -1
40 1 U -1
41
0 1 U -1
1 1 U -1
2 1 U -1
3 0 U -1
4 0 U -1
5 1 U -1
6 0 U -1
7 0 U -1
8 0 U -1
9 1 U -1
10 1 U -1
11 1 U -1
12 0 U -1
13 0 U -1
14 1 U -1
15 1 U -1
16 1 U -1
17 1 U -1
18 0 U -1
19 0 U -1
20 1 U -1
21 1 U -1
22 1 U -1
23 1 U -1
24 1 U -1
25 1 U -1
26 1 U -1
27 0 U -1
28 1 U -1
29 1 U -1
30 1 U -1
31 0 U -1
32 0 U -1
33 1 U -1
34 1 U -1
35 0 U -1
36 0 U -1
37 1 U -1
38 1 U -1
39 0 U -1
40 1 U -1
41
0 1 U -1
1 1 U -1
2 1 U -1
3 0 U -1
4 0 U -1
5 1 U -1
6 0 U -1
7 0 U -1
8 0 U -1
9 1 U -1
10 1 U -1
11 1 U -1
12 0 U -1
13 0 U -1
14 1 U -1
15 1 U -1
16 1 U -1
17 1 U -1
18 0 U -1
19 0 U -1
20 1 U -1
21 1 U -1
22 1 U -1
23 1 U -1
24 1 U -1
25 1 U -1
26 1 U -1
27 0 U -1
28 1 U -1
29 1 U -1
30 1 U -1
31 0 U -1
32 0 U -1
33 1 U -1
34 1 U -1
35 0 U -1
36 0 U -1
37 1 U -1
38 1 U -1
39 0 U -1
40 1 U -1
41
0 1 U -1
1 1 U -1
2 1 U -1
3 0 U -1
4 0 U -1
5 1 U -1
6 0 U -1
7 0 U -1
8 0 U -1
9 1 U -1
10 1 U -1
11 1 U -1
12 0 U -1
13 0 U -1
14 1 U -1
15 1 U -1
16 1 U -1
17 1 U -1
18 0 U -1
19 0 U -1
20 1 U -1
21 1 U -1
22 1 U -1
23 1 U -1
24 1 U -1
25 1 U -1
26 1 U -1
27 0 U -1
28 1 U -1
29 1 U -1
30 1 U -1
31 0 U -1
32 0 U -1
33 1 U -1
34 1 U -1
35 0 U -1
36 0 U -1
37 1 U -1
38 1 U -1
39 0 U -1
40 1 U -1
41
0 1 U -1
1 1 U -1
2 1 U -1
3 0 U -1
4 0 U -1
5 1 U -1
6 0 U -1
7 0 U -1
8 0 U -1
9 1 U -1
10 1 U -1
11 1 U -1
12 0 U -1
13 0 U -1
14 1 U -1
15 1 U -1
16 1 U -1
17 1 U -1
18 0 U -1
19 0 U -1
20 1 U -1
21 1 U -1
22 1 U -1
23 1 U -1
24 1 U -1
25 1 U -1
26 1 U -1
27 0 U -1
28 1 U -1
29 1 U -1
30 1 U -1
31 0 U -1
32 0 U -1
33 1 U -1
34 1 U -1
35 0 U -1
36 0 U -1
37 1 U -1
38 1 U -1
39 0 U -1
40 1 U -1
41
0 1 U -1
1 1 U -1
2 1 U -1
3 0 U -1
4 0 U -1
5 1 U -1
6 0 U -1
7 0 U -1
8 0 U -1
9 1 U -1
10 1 U -1
11 1 U -1
12 0 U -1
13 0 U -1
14 1 U -1
15 1 U -1
16 1 U -1
17 1 U -1
18 0 U -1
19 0 U -1
20 1 U -1
21 1 U -1
22 1 U -1
23 1 U -1
24 1 U -1
25 1 U -1
26 1 U -1
27 0 U -1
28 1 U -1
29 1 U -1
30 1 U -1
31 0 U -1
32 0 U -1
33 1 U -1
34 1 U -1
35 0 U -1
36 0 U -1
37 1 U -1
38 1 U -1
39 0 U -1
40 1 U -1
41
0 1 U -1
1 1 U -1
2 1 U -1
3 0 U -1
4 0 U -1
5 1 U -1
6 0 U -1
7 0 U -1
8 0 U -1
9 1 U -1
10 1 U -1
11 1 U -1
12 0 U -1
13 0 U -1
14 1 U -1
15 1 U -1
16 1 U -1
17 1 U -1
18 0 U -1
19 0 U -1
20 1 U -1
21 1 U -1
22 1 U -1
23 1 U -1
24 1 U -1
25 1 U -1
26 1 U -1
27 0 U -1
28 1 U -1
29 1 U -1
30 1 U -1
31 0 U -1
32 0 U -1
33 1 U -1
34 1 U -1
35 0 U -1
36 0 U -1
37 1 U -1
38 1 U -1
39 0 U -1
40 1 U -1
41
0 1 U -1
1 1 U -1
2 1 U -1
3 0 U -1
4 0 U -1
5 1 U -1
6 0 U -1
7 0 U -1
8 0 U -1
9 1 U -1
10 1 U -1
11 1 U -1
12 0 U -1
13 0 U -1
14 1 U -1
15 1 U -1
16 1 U -1
17 1 U -1
18 0 U -1
19 0 U -1
20 1 U -1
21 1 U -1
22 1 U -1
23 1 U -1
24 1 U -1
25 1 U -1
26 1 U -1
27 0 U -1
28 1 U -1
29 1 U -1
30 1 U -1
31 0 U -1
32 0 U -1
33 1 U -1
34 1 U -1
35 0 U -1
36 0 U -1
37 1 U -1
38 1 U -1
39 0 U -1
40 1 U -1
41
0 1 U -1
1 1 U -1
2 1 U -1
3 0 U -1
4 0 U -1
5 1 U -1
6 0 U -1
7 0 U -1
8 0 U -1
9 1 U -1
10 1 U -1
11 1 U -1
12 0 U -1
13 0 U -1
14 1 U -1
15 1 U -1
16 1 U -1
17 1 U -1
18 0 U -1
19 0 U -1
20 1 U -1
21 1 U -1
22 1 U -1
23 1 U -1
24 1 U -1
25 1 U -1
26 1 U -1
27 0 U -1
28 1 U -1
29 1 U -1
30 1 U -1
31 0 U -1
32 0 U -1
33 1 U -1
34 1 U -1
35 0 U -1
36 0 U -1
37 1 U -1
38 1 U -1
39 0 U -1
40 1 U -1
41
0 1 U -1
1 1 U -1
2 1 U -1
3 0 U -1
4 0 U -1
5 1 U -1
6 0 U -1
7 0 U -1
8 0 U -1
9 1 U -1
10 1 U -1
11 1 U -1
12 0 U -1
13 0 U -1
14 1 U -1
15 1 U -1
16 1 U -1
17 1 U -1
18 0 U -1
19 0 U -1
20 1 U -1
21 1 U -1
22 1 U -1
23 1 U -1
24 1 U -1
25 1 U -1
26 1 U -1
27 0 U -1
28 1 U -1
29 1 U -1
30 1 U -1
31 0 U -1
32 0 U -1
33 1 U -1
34 1 U -1
35 0 U -1
36 0 U -1
37 1 U -1
38 1 U -1
39 0 U -1
40 1 U -1
41
0 1 U -1
1 1 U -1
2 1 U -1
3 0 U -1
4 0 U -1
5 1 U -1
6 0 U -1
7 0 U -1
8 0 U -1
9 1 U -1
10 1 U -1
11 1 U -1
12 0 U -1
13 0 U -1
14 1 U -1
15 1 U -1
16 1 U -1
17 1 U -1
18 0 U -1
19 0 U -1
20 1 U -1
21 1 U -1
22 1 U -1
23 1 U -1
24 1 U -1
25 1 U -1
26 1 U -1
27 0 U -1
28 1 U -1
29 1 U -1
30 1 U -1
31 0 U -1
32 0 U -1
33 1 U -1
34 1 U -1
35 0 U -1
36 0 U -1
37 1 U -1
38 1 U -1
39 0 U -1
40 1 U -1
41
0 1 U -1
1 1 U -1
2 1 U -1
3 0 U -1
4 0 U -1
5 1 U -1
6 0 U -1
7 0 U -1
8 0 U -1
9 1 U -1
10 1 U -1
11 1 U -1
12 0 U -1
13 0 U -1
14 1 U -1
15 1 U -1
16 1 U -1
17 1 U -1
18 0 U -1
19 0 U -1
20 1 U -1
21 1 U -1
22 1 U -1
23 1 U -1
24 1 U -1
25 1 U -1
26 1 U -1
27 0 U -1
28 1 U -1
29 1 U -1
30 1 U -1
31 0 U -1
32 0 U -1
33 1 U -1
34 1 U -1
35 0 U -1
36 0 U -1
37 1 U -1
38 1 U -1
39 0 U -1
40 1 U -1
41
0 1 U -1
1 1 U -1
2 1 U -1
3 0 U -1
4 0 U -1
5 1 U -1
6 0 U -1
7 0 U -1
8 0 U -1
9 1 U -1
10 1 U -1
11 1 U -1
12 0 U -1
13 0 U -1
14 1 U -1
15 1 U -1
16 1 U -1
17 1 U -1
18 0 U -1
19 0 U -1
20 1 U -1
21 1 U -1
22 1 U -1
23 1 U -1
24 1 U -1
25 1 U -1
26 1 U -1
27 0 U -1
28 1 U -1
29 1 U -1
30 1 U -1
31 0 U -1
32 0 U -1
33 1 U -1
34 1 U -1
35 0 U -1
36 0 U -1
37 1 U -1
38 1 U -1
39 0 U -1
40 1 U -1
41
0 1 U -1
1 1 U -1
2 1 U -1
3 0 U -1
4 0 U -1
5 1 U -1
6 0 U -1
7 0 U -1
8 0 U -1
9 1 U -1
10 1 U -1
11 1 U -1
12 0 U -1
13 0 U -1
14 1 U -1
15 1 U -1
16 1 U -1
17 1 U -1
18 0 U -1
19 0 U -1
20 1 U -1
21 1 U -1
22 1 U -1
23 1 U -1
24 1 U -1
25 1 U -1
26 1 U -1
27 0 U -1
28 1 U -1
29 1 U -1
30 1 U -1
31 0 U -1
32 0 U -1
33 1 U -1
34 1 U -1
35 0 U -1
36 0 U -1
37 1 U -1
38 1 U -1
39 0 U -1
40 1 U -1
41
0 1 U -1
1 1 U -1
2 1 U -1
3 0 U -1
4 0 U -1
5 1 U -1
6 0 U -1
7 0 U -1
8 0 U -1
9 1 U -1
10 1 U -1
11 1 U -1
12 0 U -1
13 0 U -1
14 1 U -1
15 1 U -1
16 1 U -1
17 1 U -1
18 0 U -1
19 0 U -1
20 1 U -1
21 1 U -1
22 1 U -1
23 1 U -1
24 1 U -1
25 1 U -1
26 1 U -1
27 0 U -1
28 1 U -1
29 1 U -1
30 1 U -1
31 0 U -1
32 0 U -1
33 1 U -1
34 1 U -1
35 0 U -1
36 0 U -1
37 1 U -1
38 1 U -1
39 0 U -1
40 1 U -1
41
0 1 U -1
1 1 U -1
2 1 U -1
3 0 U -1
4 0 U -1
5 1 U -1
6 0 U -1
7 0 U -1
8 0 U -1
9 1 U -1
10 1 U -1
11 1 U -1
12 0 U -1
13 0 U -1
14 1 U -1
15 1 U -1
16 1 U -1
17 1 U -1
18 0 U -1
19 0 U -1
20 1 U -1
21 1 U -1
22 1 U -1
23 1 U -1
24 1 U -1
25 1 U -1
26 1 U -1
27 0 U -1
28 1 U -1
29 1 U -1
30 1 U -1
31 0 U -1
32 0 U -1
33 1 U -1
34 1 U -1
35 0 U -1
36 0 U -1
37 1 U -1
38 1 U -1
39 0 U -1
40 1 U -1
41
0 1 U -1
1 1 U -1
2 1 U -1
3 0 U -1
4 0 U -1
5 1 U -1
6 0 U -1
7 0 U -1
8 0 U -1
9 1 U -1
10 1 U -1
11 1 U -1
12 0 U -1
13 0 U -1
14 1 U -1
15 1 U -1
16 1 U -1
17 1 U -1
18 0 U -1
19 0 U -1
20 1 U -1
21 1 U -1
22 1 U -1
23 1 U -1
24 1 U -1
25 1 U -1
26 1 U -1
27 0 U -1
28 1 U -1
29 1 U -1
30 1 U -1
31 0 U -1
32 0 U -1
33 1 U -1
34 1 U -1
35 0 U -1
36 0 U -1
37 1 U -1
38 1 U -1
39 0 U -1
40 1 U -1
41
0 1 U -1
1 1 U -1
2 1 U -1
3 0 U -1
4 0 U -1
5 1 U -1
6 0 U -1
7 0 U -1
8 0 U -1
9 1 U -1
10 1 U -1
11 1 U -1
12 0 U -1
13 0 U -1
14 1 U -1
15 1 U -1
16 1 U -1
17 1 U -1
18 0 U -1
19 0 U -1
20 1 U -1
21 1 U -1
22 1 U -1
23 1 U -1
24 1 U -1
25 1 U -1
26 1 U -1
27 0 U -1
28 1 U -1
29 1 U -1
30 1 U -1
31 0 U -1
32 0 U -1
33 1 U -1
34 1 U -1
35 0 U -1
36 0 U -1
37 1 U -1
38 1 U -1
39 0 U -1
40 1 U -1
