100
0 0 U -1
1 0 U -1
2 0 U -1
3 0 U -1
4 0 U -1
5 0 U -1
6 0 U -1
7 0 U -1
8 0 U -1
9 0 U -1
10 0 U -1
11 0 U -1
12 0 U -1
13 0 U -1
14 0 U -1
15 0 U -1
16 0 U -1
17 0 U -1
18 0 U -1
19 0 U -1
20 0 U -1
21 0 U -1
22 0 U -1
23 0 U -1
24 0 U -1
25 0 U -1
26 0 U -1
27 0 U -1
28 0 U -1
29 0 U -1
30 0 U -1
31 0 U -1
32 0 U -1
33 0 U -1
34 0 U -1
35 0 U -1
36 0 U -1
37 0 U -1
38 0 U -1
39 0 U -1
40 0 U -1
41 0 U -1
42 0 U -1
43 0 U -1
44 0 U -1
45 0 U -1
46 0 U -1
47 0 U -1
48 0 U -1
49 0 U -1
50 0 U -1
51 0 U -1
52 0 U -1
53 0 U -1
54 0 U -1
55 0 U -1
56 0 U -1
57 0 U -1
58 0 U -1
59 0 U -1
60 0 U -1
61 0 U -1
62 0 U -1
63 0 U -1
64 0 U -1
65 0 U -1
66 0 U -1
67 0 U -1
68 0 U -1
69 0 U -1
70 0 U -1
71 0 U -1
72 0 U -1
73 0 U -1
74 0 U -1
75 0 U -1
76 0 U -1
77 0 U -1
78 0 U -1
79 0 U -1
80 0 U -1
81 0 U -1
82 0 U -1
83 0 U -1
84 0 U -1
85 0 U -1
86 0 U -1
87 0 U -1
88 0 U -1
89 0 U -1
90 0 U -1
91 0 U -1
92 0 U -1
93 0 U -1
94 0 U -1
95 0 U -1
96 0 U -1
97 0 U -1
98 0 U -1
99 0 U -1
100
0 1 U -1
1 0 L -1
2 1 U -1
3 0 L -1
4 0 U 1
5 0 U 2
6 0 U 1
7 0 L 2
8 1 U -1
9 1 U -1
10 0 L 7
11 1 U 3
12 0 L 4
13 0 U -1
14 0 U 6
15 0 U -1
16 0 U 2
17 0 L -1
18 1 U -1
19 1 L -1
20 0 L 15
21 0 L 14
22 0 L 9
23 1 L 15
24 0 U 21
25 1 U 18
26 1 U -1
27 1 L -1
28 1 L 4
29 1 L 4
30 1 L 27
31 1 L 18
32 1 L 1
33 1 U -1
34 1 L 8
35 1 U -1
36 1 U 26
37 0 L 6
38 1 L 6
39 0 U -1
40 0 L -1
41 1 U 39
42 1 L 31
43 0 U 21
44 0 L -1
45 0 U -1
46 1 L 15
47 1 U 24
48 0 U 21
49 0 U 33
50 0 U 49
51 1 L 10
52 1 U 40
53 1 U -1
54 0 U 49
55 1 U 38
56 1 U 22
57 1 U 28
58 1 U 23
59 1 U 44
60 0 U -1
61 1 U 21
62 0 U 29
63 0 L 39
64 0 L 48
65 0 U 1
66 1 L 41
67 0 U 37
68 1 U 43
69 1 U 29
70 1 L 39
71 1 U 9
72 0 L 32
73 0 L 63
74 1 U 21
75 1 U 72
76 1 U 69
77 0 U 67
78 1 U 12
79 0 L -1
80 0 L 61
81 0 U 11
82 1 U 65
83 0 U 29
84 1 L 71
85 1 L 32
86 1 L 74
87 0 U -1
88 1 L 36
89 1 U 57
90 1 L 12
91 0 U 18
92 0 U 47
93 1 U 37
94 0 L 76
95 0 L 16
96 1 L 11
97 0 U 46
98 1 L 79
99 0 U 47
100
0 1 L -1
1 0 L -1
2 1 U -1
3 0 L -1
4 0 U 2
5 0 U 2
6 0 U 1
7 0 L 2
8 1 U -1
9 1 U -1
10 0 L 7
11 1 U 3
12 0 L 4
13 0 U -1
14 0 U 6
15 0 U -1
16 1 U 13
17 0 L -1
18 1 U -1
19 1 L -1
20 1 L 17
21 0 L 14
22 0 L 9
23 0 L 15
24 1 U 21
25 1 U 18
26 1 U -1
27 1 L -1
28 1 L 4
29 1 L 4
30 1 L 27
31 0 L 18
32 1 L 1
33 1 U -1
34 0 L 26
35 1 U -1
36 1 U 26
37 1 L 6
38 0 L 6
39 0 U -1
40 0 L -1
41 1 U 39
42 0 L 26
43 1 U 21
44 0 L -1
45 0 U -1
46 1 L 15
47 1 U 19
48 0 U 14
49 0 U 33
50 0 U 49
51 0 U 7
52 1 U 40
53 1 U -1
54 1 U 49
55 1 U 38
56 1 U 22
57 1 U 28
58 1 L 44
59 0 L 2
60 0 U -1
61 0 U 21
62 0 U 29
63 0 L 39
64 0 U 48
65 1 U 1
66 1 L 41
67 1 U 37
68 1 U 28
69 0 U 37
70 0 U 32
71 0 U 9
72 0 L 69
73 0 L 63
74 1 U 61
75 1 L 72
76 1 U 39
77 1 U 67
78 1 U 12
79 0 L -1
80 0 U 62
81 0 U 6
82 1 U 6
83 1 U 27
84 1 U 9
85 0 L 79
86 1 U 78
87 0 U -1
88 1 L 60
89 1 U 27
90 0 L 7
91 0 U 18
92 0 U 42
93 0 U 59
94 1 L 78
95 1 L 2
96 1 L 11
97 1 U 46
98 1 L 79
99 0 U 97
100
0 1 U -1
1 0 L -1
2 1 U -1
3 0 L -1
4 0 U 2
5 0 U 2
6 0 U 1
7 1 L 2
8 1 U -1
9 1 U -1
10 0 L 7
11 1 U 3
12 0 L 4
13 0 U -1
14 0 U 6
15 0 U -1
16 0 U 13
17 0 L -1
18 1 U -1
19 1 L -1
20 1 L 17
21 0 L 14
22 0 L 9
23 0 L 15
24 0 U 23
25 1 L 18
26 1 U -1
27 1 L -1
28 1 L 7
29 1 L 4
30 1 L 27
31 0 L 18
32 0 L 1
33 1 U 26
34 1 L 26
35 1 U -1
36 0 U 9
37 1 L 6
38 0 L 6
39 0 U -1
40 0 L -1
41 1 U 26
42 1 U 26
43 0 U 21
44 1 L -1
45 0 U -1
46 1 L 15
47 1 U 19
48 0 U 14
49 0 U 18
50 0 U 49
51 1 L 7
52 1 U 40
53 0 U -1
54 0 U 49
55 1 U 38
56 1 U 22
57 1 L 48
58 1 U 30
59 0 L 2
60 0 U -1
61 0 L 21
62 0 U 29
63 0 L 39
64 1 L 48
65 0 U 1
66 0 L 41
67 0 U 37
68 1 U 28
69 0 U 37
70 0 U 32
71 0 U 61
72 0 L 2
73 0 U 63
74 1 U 67
75 0 U 48
76 1 U 39
77 1 U 67
78 1 U 12
79 0 L -1
80 0 U 62
81 1 U 65
82 0 U 36
83 1 U 27
84 0 L 9
85 0 U 77
86 1 U 78
87 1 U -1
88 0 L 60
89 0 U 27
90 0 L 7
91 1 U 2
92 0 U 48
93 1 U 81
94 1 L 78
95 1 L 58
96 1 L 11
97 1 U 46
98 0 L 79
99 1 U 97
100
0 1 U -1
1 0 L -1
2 1 U -1
3 0 L -1
4 0 U 2
5 0 U 2
6 0 U 1
7 0 L 2
8 1 U -1
9 1 U -1
10 0 L 7
11 1 U 3
12 0 L 8
13 0 U -1
14 0 U 6
15 0 U -1
16 1 U 9
17 0 L -1
18 1 U -1
19 1 L -1
20 1 L 17
21 0 L 14
22 0 L 9
23 0 L 15
24 0 U 23
25 1 L 18
26 1 U -1
27 1 L -1
28 1 L 7
29 1 L 4
30 1 L 27
31 0 L 18
32 0 L 1
33 0 U 9
34 1 L 26
35 1 U -1
36 0 U 9
37 1 L 6
38 0 L 12
39 0 U -1
40 0 L -1
41 1 U 26
42 1 U 26
43 0 U 21
44 1 L 3
45 0 U -1
46 1 L 15
47 1 U 19
48 0 U 14
49 1 U 18
50 0 U 49
51 1 L 7
52 1 U 40
53 0 U -1
54 0 U 49
55 0 U 38
56 1 U 22
57 1 U 48
58 0 U 30
59 0 L 35
60 1 U -1
61 0 L 21
62 1 U 29
63 0 L 39
64 0 L 48
65 0 U 1
66 1 L 41
67 0 U 37
68 1 U 28
69 1 U 37
70 0 U 32
71 0 U 22
72 0 L 2
73 0 L 63
74 1 U 67
75 0 U 48
76 1 U 39
77 0 U 67
78 1 U 12
79 0 L -1
80 1 U 62
81 1 U 65
82 1 U 36
83 1 U 27
84 0 L 29
85 0 L 77
86 1 U 78
87 0 U -1
88 1 L 60
89 1 U 14
90 0 L 7
91 0 U 2
92 0 U 6
93 1 U 86
94 1 L 78
95 1 L 58
96 0 L 11
97 0 U 46
98 0 L 79
99 0 U 97
100
0 0 U -1
1 0 L -1
2 1 U -1
3 0 L -1
4 0 U 1
5 0 U 2
6 0 U 1
7 0 L 2
8 1 U -1
9 1 U -1
10 0 L 7
11 1 U 3
12 0 L 8
13 0 U -1
14 0 U 6
15 0 U -1
16 0 U 9
17 0 L -1
18 1 U -1
19 1 L -1
20 1 L 17
21 0 L 14
22 0 L 9
23 1 L 15
24 0 U 1
25 1 L 18
26 1 U -1
27 1 L -1
28 1 L 7
29 1 L 4
30 1 L 27
31 0 L 18
32 1 L 27
33 1 U 9
34 0 L 25
35 1 U -1
36 0 U 9
37 1 L 6
38 0 L 12
39 0 U -1
40 0 L -1
41 1 U 26
42 1 U 26
43 0 U 21
44 1 L 3
45 1 L -1
46 1 L 37
47 1 U 19
48 0 U 14
49 1 U 18
50 1 U 49
51 1 L 41
52 1 U 37
53 0 U -1
54 0 U 49
55 0 U 38
56 1 U 22
57 1 L 48
58 1 U 28
59 0 L 35
60 1 U -1
61 0 L 21
62 0 U 29
63 0 L 59
64 0 L 48
65 0 U 1
66 1 L 41
67 1 U 37
68 0 U 59
69 1 U 37
70 1 U 32
71 1 U 22
72 1 L 39
73 0 L 63
74 0 U 67
75 1 U 48
76 0 L 39
77 1 U 67
78 0 U 12
79 0 L -1
80 1 U 62
81 0 U 65
82 1 U 36
83 0 U 59
84 0 L 29
85 0 L 77
86 1 U 78
87 0 U -1
88 0 L 2
89 0 U 14
90 0 L 44
91 0 U 2
92 0 U 6
93 0 U 86
94 1 U 78
95 1 L 33
96 0 L 14
97 1 U 46
98 0 L 79
99 1 U 97
100
0 0 U -1
1 0 L -1
2 1 U -1
3 0 L -1
4 0 U 2
5 0 U 2
6 0 U 1
7 0 L 2
8 1 U -1
9 1 U -1
10 0 L 7
11 1 U 4
12 0 L 8
13 0 U -1
14 0 U 6
15 0 U -1
16 1 U 13
17 0 L -1
18 1 U -1
19 1 L -1
20 1 L 17
21 0 L 14
22 0 L 16
23 1 L 15
24 0 U 1
25 1 L 18
26 1 U -1
27 1 L -1
28 1 L 7
29 1 L 4
30 1 L 27
31 0 L 18
32 1 L 27
33 1 U 9
34 0 U 25
35 1 U -1
36 0 U 9
37 1 L 6
38 0 L 12
39 1 U -1
40 0 L -1
41 1 U 26
42 1 U 26
43 1 U 21
44 1 L 3
45 0 L -1
46 1 L 37
47 1 U 19
48 0 U 14
49 1 U 18
50 1 U 49
51 1 L 41
52 1 U 37
53 0 U -1
54 0 U 49
55 0 U 38
56 0 U 22
57 1 L 48
58 0 U 40
59 0 L 35
60 1 U -1
61 0 L 60
62 1 U 29
63 0 L 59
64 0 L 19
65 0 U 1
66 1 L 41
67 1 U 37
68 1 U 59
69 1 U 37
70 1 U 32
71 1 U 22
72 1 L 6
73 1 L 63
74 0 U 67
75 1 U 48
76 0 L 32
77 1 U 67
78 0 U 48
79 0 L -1
80 0 U 62
81 1 U 65
82 1 U 36
83 1 L 15
84 1 U 29
85 0 L 77
86 1 U 78
87 1 U -1
88 1 L 5
89 0 U 14
90 0 L 44
91 0 U 53
92 0 U 6
93 0 U 86
94 1 L 78
95 1 L 33
96 0 L 14
97 1 U 46
98 0 L 79
99 1 U 97
100
0 0 L -1
1 0 L -1
2 1 U -1
3 0 L -1
4 0 U 2
5 0 U 2
6 0 U 1
7 1 L 2
8 1 U -1
9 1 U -1
10 0 L 7
11 1 U 4
12 0 L 8
13 0 U -1
14 0 U 6
15 0 U -1
16 1 U 13
17 0 L -1
18 1 U -1
19 1 L -1
20 1 L 17
21 0 L 9
22 0 L 16
23 1 L 15
24 0 U 1
25 1 L 18
26 1 U -1
27 1 L -1
28 1 L 5
29 1 L 4
30 1 L 1
31 0 L 18
32 0 L 27
33 1 U 9
34 0 U 25
35 1 U -1
36 0 U 9
37 1 L 6
38 0 L 12
39 1 U -1
40 0 L -1
41 1 U 26
42 1 U 26
43 1 U 21
44 1 L 3
45 0 L -1
46 1 L 37
47 1 U 31
48 0 U 14
49 1 U 18
50 1 U 49
51 1 L 41
52 1 U 37
53 0 U -1
54 0 U 49
55 0 U 38
56 0 U 22
57 1 L 48
58 0 U 19
59 0 L 35
60 1 U -1
61 0 L 60
62 0 U 29
63 0 L 59
64 1 L 19
65 0 U 1
66 0 L 41
67 0 U 37
68 1 U 59
69 1 U 37
70 0 U 32
71 1 U 30
72 1 L 7
73 1 L 70
74 0 U 52
75 1 U 48
76 0 L 32
77 0 U 67
78 0 U 48
79 0 L -1
80 0 U 62
81 1 U 65
82 1 U 36
83 1 L 15
84 0 U 36
85 0 L 77
86 1 U 78
87 1 U -1
88 0 L 13
89 0 U 14
90 0 L 44
91 0 U 9
92 0 U 23
93 0 U 86
94 1 L 78
95 1 L 33
96 1 L 14
97 1 U 46
98 1 L 96
99 1 L 97
100
0 0 U -1
1 0 L -1
2 1 U -1
3 0 L -1
4 0 U 2
5 0 U 2
6 0 U 1
7 1 L 2
8 1 U -1
9 1 U -1
10 0 L 7
11 1 U 4
12 0 L 8
13 0 U -1
14 0 U 6
15 0 U -1
16 1 U 13
17 0 L -1
18 1 U -1
19 1 L -1
20 0 L 11
21 0 L 9
22 0 L 16
23 1 L 15
24 0 U 1
25 1 L 18
26 1 U -1
27 1 L -1
28 1 L 5
29 1 L 4
30 0 L 1
31 0 L 18
32 1 L 27
33 1 U 9
34 1 U 25
35 1 U -1
36 0 U 9
37 1 L 6
38 1 L 28
39 0 U -1
40 0 L -1
41 1 U 26
42 1 U 8
43 1 U 21
44 1 L 40
45 1 L -1
46 1 L 37
47 1 U 31
48 0 U 7
49 1 U 18
50 1 U 49
51 1 L 41
52 1 U 37
53 0 U -1
54 0 U 49
55 0 U 38
56 1 U 22
57 1 L 48
58 0 U 57
59 0 L 35
60 1 U -1
61 0 L 60
62 0 U 29
63 0 L 59
64 1 L 27
65 0 U 1
66 1 L 41
67 1 U 37
68 1 U 59
69 1 U 37
70 1 U 32
71 1 U 30
72 0 L 7
73 1 L 70
74 0 U 52
75 1 U 48
76 0 L 32
77 1 U 67
78 0 U 48
79 0 L 0
80 1 U 62
81 0 U 65
82 1 U 36
83 1 L 15
84 0 U 36
85 0 L 77
86 0 U 43
87 1 U -1
88 1 L 83
89 0 U 14
90 0 L 44
91 1 U 9
92 0 U 23
93 1 U 86
94 1 U 78
95 1 L 33
96 1 L 14
97 1 U 46
98 0 L 96
99 1 U 97
100
0 0 U -1
1 0 L -1
2 1 U -1
3 0 L -1
4 0 U 2
5 0 U 2
6 0 U 1
7 1 L 2
8 1 U -1
9 1 U -1
10 0 L 7
11 1 U 4
12 0 L 4
13 0 U -1
14 0 U 6
15 0 U -1
16 1 U 13
17 1 L -1
18 1 U -1
19 1 L 1
20 0 L 11
21 0 L 9
22 0 L 16
23 1 L 15
24 0 U 9
25 1 L 18
26 1 U -1
27 1 L -1
28 1 L 5
29 1 L 4
30 1 L 3
31 0 L 18
32 0 L 1
33 1 U 26
34 1 L 25
35 1 U -1
36 0 U 9
37 0 L 6
38 0 L 12
39 1 U -1
40 0 L -1
41 1 U 26
42 1 U 9
43 1 U 21
44 0 L 40
45 0 L -1
46 1 L 37
47 1 U 31
48 0 U 7
49 1 U 18
50 1 U 49
51 1 L 41
52 1 U 29
53 0 U -1
54 0 U 49
55 0 U 38
56 1 U 22
57 1 L 48
58 1 U 57
59 0 L 35
60 1 U -1
61 0 L 60
62 0 U 29
63 0 L 59
64 1 L 27
65 0 U 1
66 0 L 41
67 1 U 37
68 1 U 59
69 1 U 29
70 0 U 32
71 1 U 57
72 0 L 44
73 1 L 70
74 0 U 52
75 1 U 48
76 0 L 44
77 0 U 64
78 0 U 48
79 0 L 0
80 0 U 62
81 0 U 65
82 1 U 59
83 1 L 37
84 0 U 46
85 0 L 77
86 1 U 43
87 1 U -1
88 0 L 83
89 1 U 14
90 0 L 44
91 1 U 9
92 0 U 23
93 0 U 42
94 1 U 78
95 1 L 33
96 1 L 14
97 1 U 46
98 0 L 96
99 1 U 97
100
0 0 L -1
1 0 L -1
2 1 U -1
3 0 L -1
4 0 U 2
5 0 U 2
6 0 U 1
7 1 L 2
8 1 U -1
9 1 U -1
10 0 L 7
11 1 U 4
12 0 L 4
13 0 U -1
14 0 U 6
15 0 U -1
16 1 U 13
17 1 L -1
18 1 U -1
19 1 L 1
20 1 L 11
21 0 L 9
22 0 L 6
23 1 L 15
24 1 U 9
25 1 L 18
26 1 U -1
27 1 L -1
28 1 L 5
29 1 L 4
30 1 L 3
31 0 L 18
32 0 L 27
33 1 U 26
34 1 U 25
35 1 U -1
36 0 U 9
37 1 L 6
38 0 L 12
39 1 U -1
40 0 L -1
41 1 U 26
42 1 U 9
43 1 U 21
44 0 L 40
45 0 L -1
46 1 L 37
47 1 U 31
48 0 U 7
49 1 U 18
50 1 U 49
51 1 L 41
52 1 U 29
53 1 U -1
54 0 U 49
55 0 U 38
56 1 U 22
57 1 L 48
58 0 U 57
59 0 L 35
60 1 U -1
61 0 L 60
62 0 U 29
63 0 L 59
64 1 L 27
65 0 U 1
66 1 L 41
67 0 U 37
68 1 U 59
69 1 U 29
70 0 U 32
71 1 U 12
72 1 L 44
73 0 L 70
74 0 U 52
75 1 U 48
76 0 L 44
77 1 U 64
78 0 U 48
79 0 L 0
80 0 U 62
81 1 U 65
82 1 U 59
83 1 L 37
84 0 U 46
85 0 L 77
86 1 U 59
87 1 U -1
88 0 L 83
89 1 U 14
90 0 L 44
91 0 U 9
92 0 U 23
93 0 U 42
94 1 L 78
95 1 L 33
96 1 L 14
97 1 U 46
98 0 L 96
99 1 U 38
100
0 0 U -1
1 0 L -1
2 1 U -1
3 0 L -1
4 0 U 2
5 0 U 2
6 0 U 1
7 1 L 2
8 1 U -1
9 1 U -1
10 0 L 7
11 1 U 4
12 0 L 4
13 0 U -1
14 0 U 6
15 0 U -1
16 1 U 13
17 1 L -1
18 1 U -1
19 1 L 1
20 0 L 11
21 0 L 9
22 1 L 6
23 1 L 15
24 1 U 2
25 1 L 18
26 1 U -1
27 1 L -1
28 1 L 5
29 1 L 4
30 1 L 3
31 0 L 18
32 0 L 27
33 1 U 26
34 0 U 11
35 1 U -1
36 0 U 9
37 1 L 6
38 0 L 12
39 0 U -1
40 0 L -1
41 1 U 26
42 1 U 9
43 1 U 21
44 1 L 40
45 0 L -1
46 1 L 37
47 1 U 31
48 0 U 7
49 1 U 18
50 1 U 49
51 1 L 41
52 1 U 29
53 1 U -1
54 0 U 49
55 0 U 38
56 0 U 22
57 1 L 48
58 1 U 52
59 0 L 35
60 1 U -1
61 0 L 60
62 0 U 29
63 0 L 59
64 1 L 27
65 0 U 1
66 1 L 41
67 1 U 37
68 1 U 59
69 1 U 29
70 0 U 32
71 1 U 12
72 0 L 44
73 1 L 70
74 0 U 52
75 1 U 48
76 0 L 44
77 0 U 45
78 0 U 48
79 0 L 0
80 0 U 62
81 1 U 65
82 1 U 59
83 1 L 37
84 0 U 46
85 0 L 77
86 1 U 59
87 0 U -1
88 1 L 83
89 1 U 34
90 0 L 44
91 0 U 9
92 0 U 23
93 0 U 65
94 1 L 78
95 1 L 33
96 1 L 14
97 1 U 46
98 0 L 96
99 1 U 38
100
0 0 U -1
1 0 L -1
2 1 U -1
3 0 L -1
4 0 U 2
5 0 U 2
6 0 U 1
7 1 L 2
8 1 U -1
9 1 U -1
10 0 L 7
11 1 U 4
12 0 L 4
13 0 U -1
14 0 U 6
15 0 U -1
16 1 U 13
17 1 L -1
18 1 U -1
19 1 L 17
20 1 L 11
21 0 L 9
22 1 L 6
23 1 L 15
24 1 U 2
25 1 L 18
26 1 U -1
27 0 L -1
28 1 L 5
29 1 L 4
30 1 L 3
31 0 L 18
32 1 L 17
33 1 U 26
34 0 U 25
35 1 U -1
36 0 U 9
37 1 L 6
38 0 L 12
39 1 U -1
40 0 L -1
41 1 U 13
42 1 U 9
43 1 U 21
44 0 L 40
45 1 L -1
46 1 L 37
47 1 U 31
48 0 U 7
49 1 U 18
50 1 U 49
51 1 L 41
52 1 U 29
53 1 U -1
54 0 U 49
55 0 U 38
56 1 U 22
57 1 L 48
58 1 U 52
59 0 L 35
60 1 U -1
61 0 L 60
62 0 U 29
63 0 L 59
64 1 L 45
65 0 U 1
66 0 L 41
67 0 U 37
68 1 U 59
69 1 U 29
70 1 U 32
71 1 U 48
72 1 L 44
73 0 L 70
74 0 U 70
75 1 U 22
76 0 L 44
77 1 U 62
78 0 U 48
79 0 L 0
80 0 U 62
81 1 U 49
82 1 U 56
83 1 L 37
84 0 U 46
85 0 L 77
86 1 U 59
87 1 U -1
88 0 L 83
89 1 U 54
90 0 L 44
91 0 U 9
92 1 U 17
93 0 U 65
94 1 L -1
95 1 L 33
96 1 L 9
97 1 U 46
98 0 L 96
99 1 U 38
100
0 0 L -1
1 0 L -1
2 1 U -1
3 0 L -1
4 0 U 2
5 0 U 2
6 0 U 1
7 1 L 2
8 1 U -1
9 1 U -1
10 0 L 7
11 1 U 3
12 0 L 4
13 0 U -1
14 1 U 6
15 0 U -1
16 0 U 13
17 1 L -1
18 1 U -1
19 1 L 17
20 1 L 11
21 0 L 14
22 1 L 6
23 1 L 15
24 1 U 8
25 1 L 18
26 1 U -1
27 0 L -1
28 1 L 5
29 1 L 4
30 1 L 3
31 0 L 23
32 1 L 17
33 1 U 26
34 1 L 25
35 1 U -1
36 0 U 2
37 1 L 6
38 1 L 12
39 1 U -1
40 0 L -1
41 1 U 13
42 1 U 9
43 1 U 21
44 0 L 40
45 1 L -1
46 1 L 37
47 1 U 31
48 0 U 7
49 1 U 18
50 1 U 49
51 1 L 41
52 1 U 29
53 1 U -1
54 0 U 49
55 0 U 38
56 0 U 48
57 1 L 48
58 0 U 57
59 0 L 35
60 1 U -1
61 0 L 60
62 0 U 29
63 0 L 59
64 1 L 45
65 0 U 1
66 0 L 41
67 0 U 37
68 1 U 28
69 1 U 29
70 0 U 32
71 1 U 48
72 0 L 44
73 0 L 70
74 0 U 52
75 0 U 56
76 0 L 8
77 1 U 38
78 0 U 48
79 0 L 0
80 1 U 62
81 0 U 49
82 1 U 21
83 1 L 37
84 0 L 51
85 0 L 77
86 1 U 59
87 1 U -1
88 1 L 83
89 0 U 54
90 0 L 44
91 0 U 18
92 1 U 17
93 0 U 65
94 1 L -1
95 1 L 33
96 1 L 9
97 1 U 46
98 1 L 96
99 1 U 38
100
0 0 L -1
1 0 L -1
2 1 U -1
3 0 L -1
4 0 U 2
5 0 U 2
6 0 U 1
7 1 L 2
8 1 U -1
9 1 U -1
10 0 L 7
11 1 U 3
12 0 L 4
13 0 U -1
14 1 U 6
15 0 U -1
16 0 U 8
17 1 L -1
18 1 U -1
19 1 L 17
20 0 L 11
21 0 L 14
22 1 L 12
23 1 L 15
24 0 U 8
25 1 L 18
26 1 U -1
27 1 L -1
28 1 L 8
29 1 L 4
30 1 L 3
31 0 L 23
32 0 L 1
33 1 U 26
34 0 L 31
35 1 U -1
36 0 U 2
37 1 L 6
38 1 L 12
39 1 U -1
40 0 L -1
41 1 U 26
42 1 U 9
43 1 U 21
44 0 L 40
45 1 L -1
46 1 L 37
47 1 U 31
48 0 U 31
49 1 U 18
50 1 U 49
51 1 L 41
52 1 U 29
53 1 U -1
54 1 U 49
55 0 U 38
56 0 U 48
57 1 L 48
58 0 U 57
59 0 L 35
60 1 U -1
61 0 L 60
62 0 U 29
63 0 L 59
64 1 L 45
65 0 U 1
66 1 L 41
67 0 U 37
68 1 U 28
69 1 U 29
70 0 U 32
71 1 U 48
72 1 L 44
73 0 L 70
74 0 U 52
75 0 U 59
76 0 L 8
77 1 U 38
78 0 U 48
79 0 L 0
80 0 U 62
81 1 U 49
82 1 U 21
83 1 L 37
84 0 L 51
85 0 L 77
86 0 U 59
87 1 U -1
88 1 L 83
89 0 U 54
90 0 L 44
91 0 U 18
92 0 U 17
93 0 U 65
94 1 L -1
95 1 L 50
96 1 L 9
97 1 U 46
98 1 L 96
99 1 U 38
100
0 0 U -1
1 0 L -1
2 1 U -1
3 0 L -1
4 0 U 2
5 0 U 2
6 0 U 1
7 1 L 2
8 1 U -1
9 1 U -1
10 0 L 7
11 1 U 3
12 0 L 4
13 0 U -1
14 1 U 6
15 0 U -1
16 1 U 8
17 1 L -1
18 1 U -1
19 1 L 17
20 1 L 11
21 0 L 14
22 1 L 12
23 1 L 15
24 1 U 8
25 1 L 18
26 1 U -1
27 1 L -1
28 1 L 8
29 1 L 4
30 1 L 3
31 0 L 23
32 0 L 1
33 1 U 26
34 0 L 31
35 1 U -1
36 0 U 13
37 1 L 6
38 1 L 12
39 0 U -1
40 0 L -1
41 1 U 26
42 1 U 9
43 1 U 21
44 1 L 40
45 1 L -1
46 1 L 37
47 1 U 31
48 0 U 31
49 1 U 2
50 1 U 49
51 1 L 41
52 1 U 29
53 1 U -1
54 1 U 6
55 1 U 38
56 0 U 48
57 1 L 33
58 1 U 57
59 0 L 35
60 1 U -1
61 0 L 56
62 1 U 29
63 0 L 59
64 1 L 45
65 0 U 1
66 1 L 41
67 0 U 37
68 1 U 28
69 1 U 29
70 0 U 66
71 1 U 48
72 1 L 69
73 0 L 70
74 0 U 52
75 0 U 66
76 1 L 5
77 1 U 38
78 0 U 48
79 0 L 0
80 1 U 62
81 1 U 49
82 1 U 43
83 1 L 37
84 0 L 51
85 0 L 77
86 0 U 59
87 1 U -1
88 0 L 83
89 1 U 14
90 0 L 44
91 0 U 18
92 0 U 17
93 1 U 65
94 1 L -1
95 1 L 50
96 1 L 9
97 1 U 46
98 0 L 96
99 1 U 38
100
0 0 L -1
1 0 L -1
2 1 U -1
3 0 L -1
4 0 U 2
5 0 U 2
6 0 U 1
7 1 L 2
8 1 U -1
9 1 U -1
10 0 L 7
11 1 U 3
12 0 L 4
13 0 U -1
14 1 U 6
15 0 U -1
16 1 U 13
17 0 L -1
18 1 U -1
19 1 L 17
20 1 L 11
21 0 L 14
22 1 L 12
23 1 L 15
24 1 U 8
25 1 L 18
26 1 U -1
27 1 L -1
28 1 L 8
29 1 L 4
30 1 L 1
31 0 L 23
32 0 L 1
33 1 U 8
34 0 L 31
35 1 U -1
36 0 U 13
37 1 L 6
38 0 L 5
39 1 L -1
40 0 L -1
41 1 U 26
42 1 U 9
43 0 U 27
44 1 L 40
45 0 L -1
46 1 L 37
47 1 U 31
48 0 U 31
49 1 U 2
50 1 U 49
51 1 L 41
52 1 U 29
53 1 U -1
54 1 U 6
55 0 U 38
56 0 U 48
57 1 L 33
58 1 U 57
59 0 L 35
60 1 U -1
61 0 L 56
62 0 U 29
63 0 L 59
64 1 L 45
65 0 U 1
66 1 L 51
67 0 U 37
68 1 U 28
69 1 U 29
70 0 U 66
71 0 U 48
72 1 L 49
73 0 L 70
74 0 U 52
75 0 U 66
76 0 L 8
77 1 U 38
78 0 U 48
79 0 L 27
80 0 U 62
81 0 U 49
82 1 U 43
83 1 L 37
84 0 L 51
85 0 L 77
86 0 U 59
87 1 U -1
88 1 L 83
89 1 U 49
90 0 L 44
91 0 U 2
92 0 U 17
93 1 U 65
94 1 U -1
95 1 L 50
96 1 L 9
97 1 U 46
98 1 L 96
99 1 U 38
100
0 0 L -1
1 0 L -1
2 1 U -1
3 0 L -1
4 0 U 2
5 0 U 2
6 0 U 1
7 1 L 2
8 1 U -1
9 1 U -1
10 0 L 5
11 1 U 3
12 0 L 8
13 0 U -1
14 0 U 6
15 0 U -1
16 1 U 8
17 0 L -1
18 1 U -1
19 1 L 17
20 1 L 15
21 0 U 14
22 1 L 12
23 1 L 15
24 1 U 8
25 1 L 18
26 1 U -1
27 1 L -1
28 1 L 8
29 1 L 4
30 1 L 27
31 0 L 23
32 1 L 27
33 1 U 8
34 1 L 31
35 1 U -1
36 0 U 26
37 1 L 29
38 0 L 8
39 0 L -1
40 0 L -1
41 1 U 15
42 1 U 9
43 0 U 27
44 0 L 40
45 1 L -1
46 1 L 37
47 1 U 31
48 0 U 31
49 1 U 2
50 1 U 49
51 1 L 41
52 1 U 29
53 1 U -1
54 1 U 6
55 0 U 38
56 0 U 48
57 1 L 33
58 0 U 57
59 0 L 35
60 1 U -1
61 0 L 56
62 0 U 29
63 0 L 59
64 1 L 45
65 0 U 1
66 1 L 51
67 0 U 37
68 1 U 28
69 1 U 29
70 0 U 66
71 0 U 48
72 1 L 49
73 0 L 70
74 0 U 52
75 0 U 66
76 0 L 8
77 0 U 38
78 0 U 48
79 0 L 27
80 0 U 62
81 0 U 6
82 1 U 43
83 1 L 37
84 0 L 51
85 0 L 77
86 0 U 59
87 0 U -1
88 1 L 84
89 0 U 49
90 0 L 44
91 0 U 2
92 0 U 17
93 1 U 65
94 1 L -1
95 1 L 50
96 0 L 9
97 1 U 46
98 1 L 96
99 1 U 38
100
0 0 U -1
1 0 L -1
2 1 U -1
3 0 L -1
4 0 U 1
5 0 U 2
6 0 U 1
7 1 L 2
8 1 U -1
9 1 U -1
10 0 L 5
11 1 U 3
12 0 L 8
13 0 U -1
14 0 U 6
15 0 U -1
16 0 U 11
17 0 L -1
18 1 U -1
19 1 L 17
20 1 L 2
21 0 U 14
22 1 L 12
23 1 L 15
24 0 U 8
25 1 L 18
26 1 U -1
27 1 L -1
28 1 L 20
29 1 L 4
30 1 L 27
31 0 L 23
32 0 L 27
33 1 U 8
34 0 L 31
35 1 U -1
36 0 U 13
37 1 L 29
38 0 L 8
39 0 L -1
40 0 L -1
41 1 U 13
42 1 U 9
43 0 U 27
44 0 L 40
45 1 L -1
46 1 L 37
47 1 U 31
48 0 U 31
49 1 U 2
50 1 U 49
51 1 L 41
52 1 U 29
53 1 U -1
54 0 U 43
55 0 U 38
56 0 U 48
57 1 L 33
58 0 U 20
59 0 L 35
60 1 U -1
61 0 L 33
62 0 U 29
63 0 L 59
64 1 L 45
65 0 U 1
66 1 L 51
67 0 U 37
68 1 U 28
69 1 U 29
70 1 U 56
71 1 U 48
72 1 U 49
73 0 L 70
74 0 U 52
75 1 U 66
76 0 L 10
77 1 U 67
78 0 U 48
79 0 L 27
80 0 U 62
81 1 U 6
82 1 L 56
83 1 L 37
84 0 L 51
85 0 L 77
86 0 U 59
87 1 U -1
88 1 L 84
89 0 U 49
90 1 L 44
91 0 U 2
92 0 U 17
93 1 U 7
94 1 U -1
95 1 L 50
96 0 L 9
97 1 U 46
98 1 L 96
99 1 U 38
100
0 0 L -1
1 0 L -1
2 1 U -1
3 0 L -1
4 0 U 2
5 0 U 2
6 0 U 1
7 1 L 2
8 1 U -1
9 1 U -1
10 0 L 5
11 1 U 3
12 0 L 8
13 0 U -1
14 1 U 6
15 0 U -1
16 0 U 8
17 0 L -1
18 1 U -1
19 1 L 17
20 0 L 2
21 0 U 14
22 0 L 6
23 1 L 15
24 0 U 8
25 1 L 18
26 1 U -1
27 1 L -1
28 1 L 20
29 1 L 4
30 0 L -1
31 0 L 23
32 0 L 1
33 1 U 8
34 1 L 31
35 1 U -1
36 0 U 8
37 1 L 29
38 0 L 8
39 0 U -1
40 0 L -1
41 1 U 8
42 1 U 9
43 0 U 27
44 0 L 40
45 0 L -1
46 1 L 37
47 1 U 31
48 0 U 31
49 1 U 2
50 1 U 49
51 1 L 41
52 1 U 29
53 1 U -1
54 0 U 43
55 0 U 38
56 0 U 48
57 1 L 33
58 1 U 20
59 0 L 35
60 1 U -1
61 0 L 48
62 0 U 29
63 0 L 59
64 1 L 45
65 0 U 1
66 1 L 51
67 0 U 54
68 1 U 28
69 1 U 29
70 1 U 56
71 1 U 48
72 1 U 49
73 0 L 70
74 0 U 52
75 1 U 71
76 0 L 10
77 0 U 67
78 0 U 48
79 0 L 27
80 0 U 70
81 0 U 6
82 1 U 19
83 1 L 37
84 0 L 51
85 1 L 77
86 0 U 82
87 0 U -1
88 1 L -1
89 1 U 49
90 1 L 44
91 0 U 2
92 0 U 23
93 1 U 7
94 1 U -1
95 1 L 50
96 1 L 9
97 1 U 46
98 1 L 96
99 1 U 38
100
0 0 U -1
1 0 L -1
2 1 U -1
3 0 L -1
4 0 U 2
5 0 U 2
6 0 U 1
7 1 L 2
8 1 U -1
9 1 U -1
10 0 L 5
11 0 U 4
12 0 L 8
13 0 U -1
14 1 U 6
15 0 U -1
16 0 U 8
17 0 L -1
18 1 U -1
19 1 L 17
20 0 L 2
21 0 U 14
22 1 L 6
23 1 L 15
24 0 U 8
25 1 L 18
26 1 U -1
27 1 L -1
28 1 L 8
29 1 L 4
30 0 L -1
31 0 L 23
32 0 L 1
33 1 U 8
34 1 L 31
35 1 U -1
36 0 U 8
37 1 L 29
38 1 L 32
39 0 U -1
40 1 L -1
41 1 U 8
42 1 U 9
43 0 U 27
44 0 L 30
45 0 L -1
46 1 L 37
47 1 U 14
48 0 U 31
49 1 U 2
50 1 U 49
51 1 L 41
52 1 U 29
53 1 U -1
54 0 U 43
55 0 U 38
56 0 U 48
57 1 L 33
58 1 L 50
59 0 L 35
60 1 U -1
61 0 L 48
62 0 U 29
63 1 L 59
64 1 L 45
65 0 U 1
66 1 L 51
67 1 U 54
68 0 U 28
69 1 U 68
70 0 U 56
71 1 U 48
72 0 U 49
73 0 L 70
74 0 U 52
75 0 U 71
76 1 L 10
77 1 U 67
78 0 U 48
79 1 L 27
80 0 U 70
81 0 U 6
82 1 U 19
83 1 L 37
84 0 L 51
85 0 L 77
86 0 U 82
87 0 U -1
88 1 L 9
89 0 U 49
90 1 L 44
91 0 U 2
92 0 U 23
93 1 U 30
94 1 U -1
95 1 L 50
96 1 L 9
97 1 U 46
98 1 L 96
99 1 U 38
100
0 0 U -1
1 0 L -1
2 1 U -1
3 0 L -1
4 0 U 2
5 0 U 2
6 0 U 1
7 1 L 2
8 1 U -1
9 1 U -1
10 0 L 5
11 1 U 4
12 0 L 8
13 0 U -1
14 1 U 6
15 0 U -1
16 0 U 8
17 0 L -1
18 1 U -1
19 1 L 17
20 0 L 2
21 0 U 7
22 1 U 6
23 1 L 15
24 0 U 8
25 1 L 18
26 1 U -1
27 1 L -1
28 1 L 8
29 1 L 4
30 0 L -1
31 0 L 23
32 0 L 1
33 1 U 18
34 0 U 31
35 1 U -1
36 0 U 2
37 1 L 29
38 1 L 32
39 0 U -1
40 1 L -1
41 1 U 8
42 1 U 9
43 0 U 27
44 0 L 30
45 0 L -1
46 1 L 37
47 1 U 14
48 0 U 31
49 1 U 18
50 1 U 49
51 1 L 41
52 1 U 29
53 1 U -1
54 0 U 43
55 0 U 38
56 0 U 48
57 0 L 33
58 1 U 50
59 0 L 36
60 1 U -1
61 0 L 48
62 1 U 29
63 0 L 59
64 1 L 45
65 0 U 1
66 0 L 51
67 1 U 54
68 0 U 28
69 1 U 68
70 0 U 56
71 1 U 48
72 1 U 49
73 0 L 70
74 0 U 52
75 0 U 71
76 0 L 10
77 1 U 67
78 0 U 48
79 1 L 17
80 0 U 70
81 0 U 6
82 1 U 19
83 1 L 37
84 0 L 51
85 1 L 77
86 0 U 82
87 1 U -1
88 0 L 38
89 1 U 49
90 1 L 44
91 0 U 2
92 0 U 23
93 1 U 32
94 1 U -1
95 1 L 33
96 1 L 9
97 1 U 46
98 1 L 10
99 1 U 38
100
0 0 U -1
1 0 L -1
2 1 U -1
3 0 L -1
4 0 U 2
5 0 U 2
6 0 U 1
7 1 L 2
8 1 U -1
9 1 U -1
10 0 L 5
11 1 U 4
12 0 L 8
13 0 U -1
14 1 U 6
15 0 U -1
16 0 U 8
17 0 L -1
18 1 U -1
19 1 L 17
20 0 L 2
21 0 U 20
22 0 U 6
23 1 L 15
24 0 U 8
25 1 L 18
26 0 U -1
27 1 L -1
28 1 L 8
29 1 L 4
30 0 L -1
31 0 L 23
32 0 L 1
33 1 U 24
34 0 U 31
35 1 U -1
36 0 U 2
37 1 L 29
38 0 L 32
39 1 U -1
40 1 L -1
41 1 U 39
42 1 U 9
43 0 U 27
44 0 L 30
45 0 L -1
46 1 L 37
47 1 U 14
48 0 U 31
49 1 U 18
50 1 U 49
51 1 L 41
52 1 U 29
53 1 U -1
54 0 U 43
55 1 U 38
56 0 U 48
57 1 L 33
58 1 U 44
59 0 L 36
60 1 U -1
61 0 L 48
62 1 U 29
63 0 L 59
64 1 L 45
65 0 U 1
66 0 L 51
67 1 U 54
68 1 U 28
69 1 U 68
70 0 U 56
71 1 U 48
72 1 U 30
73 1 L 70
74 0 U 52
75 0 U 71
76 0 L 10
77 0 U 67
78 0 U 48
79 1 L 17
80 1 U 70
81 0 U 6
82 1 U 7
83 0 L 37
84 1 L -1
85 0 L 77
86 0 U 82
87 0 U -1
88 0 L 38
89 1 U 49
90 1 L 44
91 0 U 53
92 0 U 42
93 1 U 32
94 1 U -1
95 1 L 33
96 1 L 9
97 1 U 46
98 1 L 10
99 1 U 38
100
0 0 U -1
1 0 L -1
2 1 U -1
3 0 L -1
4 0 U 2
5 0 U 2
6 0 U 1
7 1 L 2
8 1 U -1
9 1 U -1
10 0 L 5
11 1 U 4
12 0 L 8
13 0 U -1
14 1 U 6
15 0 U -1
16 0 U 2
17 0 L -1
18 1 U -1
19 1 L 17
20 0 L 9
21 0 U 20
22 1 U 6
23 1 L 15
24 0 U 8
25 1 L 18
26 1 U -1
27 1 L -1
28 1 L 8
29 1 L 4
30 1 L -1
31 0 L 23
32 1 L 1
33 1 U 24
34 1 U 31
35 1 U -1
36 0 U 2
37 1 L 29
38 0 L 32
39 1 U -1
40 1 L -1
41 1 U 39
42 1 U 9
43 0 U 27
44 0 L 30
45 0 L -1
46 1 L 37
47 1 U 31
48 0 U 31
49 1 U 18
50 0 U 49
51 1 L 41
52 1 U 29
53 1 U -1
54 0 U 43
55 1 U 38
56 0 U 48
57 1 U 33
58 0 L -1
59 0 L 36
60 1 U -1
61 0 L 48
62 0 U 29
63 0 L 59
64 1 L 45
65 0 U 1
66 0 L 51
67 0 U 54
68 0 U 56
69 1 U 68
70 0 U 56
71 1 U 48
72 0 U 47
73 1 L 70
74 0 U 52
75 0 U 71
76 0 L 10
77 0 U 67
78 1 U 48
79 1 L 40
80 1 U 70
81 1 U 6
82 1 U 7
83 1 L 37
84 1 L -1
85 0 L 77
86 0 U 82
87 0 U -1
88 0 L 38
89 1 U 6
90 1 L 44
91 0 U 53
92 0 U 31
93 1 U 32
94 1 U -1
95 1 L 33
96 1 L 9
97 1 U 46
98 1 L 29
99 1 U 38
100
0 0 L -1
1 0 L -1
2 1 U -1
3 0 L -1
4 0 U 2
5 0 U 2
6 0 U 1
7 1 L 2
8 1 U -1
9 1 U -1
10 0 L 5
11 1 U 4
12 0 L 8
13 0 U -1
14 1 U 6
15 0 U -1
16 0 U 2
17 0 L -1
18 1 U -1
19 0 L 17
20 0 L 9
21 0 U 20
22 1 U 6
23 1 L 15
24 0 U 8
25 1 L 18
26 1 U -1
27 1 L -1
28 1 L 8
29 1 L 4
30 0 L -1
31 0 L 23
32 0 L 1
33 1 U 24
34 1 U 14
35 1 U -1
36 0 U 9
37 1 L 29
38 0 L 32
39 0 U -1
40 1 L -1
41 1 U 26
42 1 U 9
43 0 U 27
44 0 L 30
45 0 L -1
46 1 L 37
47 1 U 31
48 0 U 31
49 1 U 18
50 1 U 49
51 1 L 41
52 1 U 29
53 0 U -1
54 0 U 43
55 0 U 38
56 0 U 48
57 1 U 33
58 0 L 30
59 0 L 36
60 1 U -1
61 0 L 48
62 0 U 29
63 0 L 59
64 1 L 45
65 0 U 1
66 0 L 51
67 0 U 54
68 0 U 56
69 1 U 68
70 0 U 56
71 1 U 48
72 0 U 47
73 1 L 70
74 0 U 52
75 0 U 71
76 0 L 10
77 1 U 67
78 1 U 48
79 0 L 40
80 1 U 70
81 1 U 6
82 1 U 7
83 0 L 37
84 1 L -1
85 0 U 77
86 0 U 82
87 0 U -1
88 0 L 28
89 1 U 6
90 1 L 44
91 0 U 53
92 0 U 31
93 1 U 28
94 1 U -1
95 1 L 33
96 0 L 9
97 1 U 46
98 1 L 29
99 0 U 38
100
0 0 L -1
1 0 L -1
2 1 U -1
3 0 L -1
4 0 U 2
5 0 U 2
6 0 U 1
7 1 L 2
8 1 U -1
9 1 U -1
10 0 L 5
11 1 U 4
12 0 L 8
13 0 U -1
14 1 U 6
15 0 U -1
16 0 U 2
17 0 L -1
18 1 U -1
19 0 L 1
20 0 L 9
21 0 U 20
22 1 U 11
23 1 L 15
24 0 U 8
25 1 L 18
26 0 U -1
27 1 L -1
28 1 L 8
29 1 L 4
30 0 L -1
31 0 L 23
32 0 L 1
33 1 U 24
34 1 U 14
35 1 U -1
36 0 U 9
37 1 L 29
38 0 L 19
39 0 U -1
40 1 L -1
41 1 U 8
42 1 U 9
43 0 U 27
44 0 L 30
45 0 L -1
46 1 L 37
47 1 U 31
48 0 U 31
49 1 U 18
50 1 U 49
51 1 L 41
52 1 U 29
53 1 U -1
54 0 U 21
55 0 U 38
56 0 U 48
57 1 U 33
58 1 L 30
59 0 L 36
60 1 U -1
61 0 L 48
62 0 U 29
63 0 L 59
64 1 L 45
65 0 U 1
66 0 L 51
67 0 U 54
68 1 U 56
69 1 U 37
70 0 U 56
71 1 U 48
72 0 U 47
73 1 L 70
74 0 U 52
75 0 U 71
76 0 L 10
77 1 U 67
78 1 U 48
79 0 L 40
80 1 U 70
81 0 U 6
82 1 U 7
83 1 L 37
84 1 L -1
85 0 U 77
86 0 U 66
87 1 U -1
88 0 L 28
89 1 U 6
90 1 L 44
91 0 U 53
92 0 U 31
93 1 U 28
94 1 U -1
95 1 L 11
96 0 L 29
97 1 U 46
98 1 L 29
99 0 U 58
100
0 0 L -1
1 0 L -1
2 1 U -1
3 0 L -1
4 0 U 1
5 0 U 2
6 0 U 1
7 1 L 2
8 1 U -1
9 1 U -1
10 0 L 5
11 1 U 3
12 0 L 8
13 0 U -1
14 1 U 6
15 0 U 0
16 1 U 15
17 0 L -1
18 1 U -1
19 0 L 1
20 0 L 9
21 0 U 20
22 1 U 11
23 1 L 22
24 0 U 8
25 1 L 18
26 0 U -1
27 1 L -1
28 1 L 8
29 1 L 4
30 1 L -1
31 0 L 18
32 0 L 1
33 1 U 24
34 1 U 14
35 1 U -1
36 0 U 8
37 0 L 29
38 0 L 19
39 1 U -1
40 1 L -1
41 1 U 8
42 1 U 9
43 0 U 27
44 0 L 30
45 0 L -1
46 1 L 37
47 1 U 14
48 0 U 31
49 1 U 18
50 1 U 49
51 1 L 41
52 1 U 29
53 0 U -1
54 0 U 21
55 0 U 38
56 0 U 48
57 1 U 33
58 1 L 30
59 0 L 36
60 1 U -1
61 0 L 48
62 1 U 29
63 0 L 59
64 1 L 0
65 0 U 1
66 0 L 51
67 0 U 54
68 1 U 56
69 1 U 56
70 0 U 56
71 1 U 48
72 0 U 47
73 1 L 33
74 0 U 52
75 0 U 71
76 0 L 38
77 1 U 67
78 1 U 12
79 0 L 40
80 0 U 70
81 0 U 6
82 1 U 7
83 1 L 37
84 0 L -1
85 0 L 66
86 0 U 66
87 0 U -1
88 0 L 28
89 1 U 6
90 1 L 44
91 0 U 60
92 0 U 6
93 1 U 78
94 1 U -1
95 1 L 11
96 0 L 29
97 1 U 46
98 1 L 38
99 1 U 58
100
0 0 U -1
1 0 L -1
2 1 U -1
3 0 L -1
4 0 U 1
5 0 U 3
6 0 U 1
7 1 L 3
8 1 U -1
9 1 U -1
10 0 L 5
11 1 U 3
12 0 L 8
13 0 U -1
14 1 U 6
15 0 U 0
16 1 U 15
17 0 L -1
18 1 U -1
19 0 L 1
20 0 L 9
21 0 U 20
22 1 U 11
23 1 L 22
24 0 U 8
25 1 L 18
26 0 U -1
27 1 L -1
28 1 L 8
29 1 L 4
30 0 L -1
31 0 L 18
32 0 L 1
33 1 U 24
34 1 U 14
35 1 U -1
36 0 U 8
37 0 L 29
38 0 L 19
39 0 U -1
40 1 L -1
41 1 U 8
42 1 U 9
43 0 U 27
44 0 L 30
45 0 L -1
46 1 L 37
47 1 U 14
48 0 U 31
49 1 U 9
50 0 U 43
51 1 L 41
52 1 U 29
53 1 U -1
54 0 U 21
55 0 U 38
56 0 U 48
57 1 U 33
58 1 L 30
59 0 L 36
60 1 U -1
61 0 L 48
62 0 U 29
63 0 L 59
64 1 L 0
65 0 U 1
66 0 L 51
67 0 U 54
68 1 U 56
69 1 U 56
70 0 U 56
71 1 U 48
72 0 U 47
73 0 L 33
74 0 U 52
75 1 L 71
76 0 L 38
77 1 U 67
78 1 U 12
79 0 L 40
80 0 U 70
81 1 U 6
82 1 U 7
83 1 L 76
84 0 L -1
85 0 L 66
86 0 U 66
87 0 U -1
88 0 U 28
89 0 U 6
90 1 L 44
91 0 U 60
92 0 U 6
93 0 U 48
94 1 U -1
95 1 L 21
96 1 L 29
97 1 U 46
98 1 L 38
99 0 U 58
100
0 0 L -1
1 0 L -1
2 1 U -1
3 0 L -1
4 0 U 1
5 0 U 3
6 0 U 1
7 1 L 3
8 1 U -1
9 1 U -1
10 0 L 5
11 1 U 3
12 0 L 8
13 0 U -1
14 1 U 6
15 0 U 0
16 0 U 2
17 0 L -1
18 1 U -1
19 0 L 1
20 0 L 9
21 0 U 20
22 1 U 11
23 1 L 22
24 0 U 8
25 1 L 18
26 0 U -1
27 1 L -1
28 1 L 5
29 1 L 4
30 1 L -1
31 0 L 18
32 0 L 1
33 1 U 24
34 1 U 14
35 1 U -1
36 0 U 8
37 1 L 29
38 0 L 4
39 0 U -1
40 1 L -1
41 1 U 8
42 1 U 2
43 0 U 27
44 0 L 1
45 0 L -1
46 1 L 37
47 1 U 14
48 0 U 31
49 1 U 9
50 0 U 43
51 1 L 41
52 1 U 29
53 1 U -1
54 0 U 21
55 0 U 38
56 0 U 48
57 1 U 33
58 1 L 45
59 0 L 36
60 1 U -1
61 0 L 48
62 0 U 29
63 0 L 59
64 1 L 0
65 0 U 1
66 0 L 51
67 0 U 54
68 1 U 56
69 1 U 56
70 0 U 56
71 1 U 48
72 0 U 47
73 0 L 48
74 0 U 69
75 1 L 71
76 0 L 38
77 0 U 67
78 1 U 12
79 0 L 41
80 0 U 70
81 0 U 6
82 1 U 7
83 1 L 76
84 0 L 60
85 0 L 66
86 0 U 66
87 0 U -1
88 1 U 41
89 0 U 63
90 1 L 44
91 0 U 60
92 0 U 6
93 0 L 48
94 1 U -1
95 1 L 13
96 0 L 29
97 1 U 46
98 1 L 38
99 1 U 58
100
0 0 U -1
1 0 L -1
2 1 U -1
3 0 L -1
4 0 U 1
5 0 U 2
6 0 U 1
7 1 L 3
8 1 U -1
9 1 U -1
10 0 L 5
11 1 U 3
12 0 L 8
13 0 U -1
14 1 U 6
15 0 U 0
16 0 U 2
17 0 L -1
18 1 U -1
19 0 L 1
20 0 L 9
21 0 U 20
22 0 U 11
23 1 L 22
24 0 U 8
25 1 L 18
26 0 U -1
27 1 L -1
28 1 L 5
29 1 L 4
30 1 L -1
31 0 L 18
32 0 L 1
33 1 U 24
34 1 U 12
35 1 U -1
36 0 U 8
37 0 L 29
38 0 L 4
39 0 U -1
40 1 L -1
41 1 U 8
42 1 U 2
43 0 U 27
44 1 L 1
45 0 L 0
46 1 L 37
47 1 U 7
48 0 U 31
49 1 U 9
50 0 U 43
51 1 L 41
52 1 U 29
53 1 U -1
54 0 U 21
55 0 U 38
56 0 U 48
57 1 U 33
58 1 L 2
59 0 L 36
60 1 U -1
61 0 L 48
62 0 U 29
63 0 L 59
64 1 L 0
65 0 U 60
66 0 L 51
67 0 U 54
68 1 U 56
69 1 U 56
70 0 U 56
71 1 U 12
72 0 U 47
73 0 L 48
74 0 U 69
75 1 L 53
76 0 L 38
77 1 U 67
78 0 U 12
79 0 L 41
80 0 U 67
81 1 U 6
82 1 U 10
83 1 L 76
84 1 L 60
85 0 L 66
86 0 U 66
87 0 U -1
88 1 U 41
89 0 U 63
90 0 L 44
91 0 U 60
92 0 U 6
93 0 L 48
94 1 L -1
95 1 L 13
96 1 L 29
97 1 U 46
98 1 L 38
99 1 U 58
100
0 0 U -1
1 0 L -1
2 1 U -1
3 0 L -1
4 0 U 1
5 0 U 2
6 0 U 1
7 1 L 2
8 1 U -1
9 1 U -1
10 0 L 5
11 1 U 3
12 0 L 8
13 1 U -1
14 1 U 6
15 0 U 2
16 0 U 13
17 0 L -1
18 1 U -1
19 0 L 1
20 0 L 9
21 0 U 20
22 0 U 11
23 1 L 22
24 0 U 8
25 1 L 18
26 0 U -1
27 1 L -1
28 1 L 5
29 1 L 4
30 1 L 22
31 0 L 18
32 0 L 1
33 1 U 24
34 1 U 12
35 1 U -1
36 0 U 16
37 0 L 29
38 0 L 4
39 1 U -1
40 1 L -1
41 1 U 8
42 1 U 2
43 0 U 27
44 1 L 1
45 0 L 0
46 1 L 37
47 1 U 7
48 0 U 31
49 1 U 9
50 0 U 43
51 1 L 41
52 1 U 29
53 1 U -1
54 0 U 21
55 0 U 38
56 0 U 48
57 1 U 33
58 1 L 2
59 0 L 35
60 1 U -1
61 0 L 48
62 0 U 29
63 0 L 59
64 1 L 0
65 0 U 60
66 0 L 51
67 0 U 54
68 0 U 28
69 1 U 56
70 0 U 56
71 1 U 69
72 1 U 47
73 1 L 48
74 0 U 69
75 0 L 53
76 0 L 38
77 1 U 76
78 0 U 12
79 0 L 41
80 0 U 69
81 0 U 6
82 1 U 10
83 1 L 76
84 1 L 60
85 0 L 66
86 0 U 66
87 0 U -1
88 1 U 11
89 0 U 63
90 0 L 44
91 0 U 53
92 0 U 78
93 0 L 48
94 1 U -1
95 1 L 13
96 1 L 6
97 1 U 46
98 1 L 38
99 1 U 97
100
0 0 L -1
1 0 L -1
2 1 U -1
3 0 L -1
4 0 U 2
5 0 U 2
6 0 U 1
7 1 L 2
8 1 U -1
9 1 U -1
10 0 L 5
11 1 U 4
12 0 L 8
13 1 U 0
14 1 U 6
15 0 U 2
16 0 U 13
17 0 L -1
18 1 U -1
19 1 L 1
20 0 L 9
21 0 U 20
22 0 U 11
23 1 L 22
24 0 U 8
25 1 L 18
26 0 U -1
27 1 L -1
28 1 L 5
29 1 L 4
30 1 L 22
31 0 L 18
32 0 L 1
33 1 U 24
34 1 U 27
35 1 U -1
36 0 U 16
37 0 L 29
38 0 L 4
39 1 U -1
40 1 L -1
41 1 U 35
42 1 U 2
43 0 U 27
44 0 L 1
45 1 L 0
46 1 L 37
47 1 U 7
48 0 U 31
49 1 U 9
50 0 U 43
51 1 L 41
52 1 U 29
53 1 U -1
54 0 U 21
55 0 U 38
56 0 U 48
57 1 U 17
58 1 L 46
59 0 L 35
60 1 U -1
61 0 L 48
62 0 U 29
63 0 L 59
64 1 L 0
65 0 U 60
66 1 L 51
67 0 U 54
68 0 U 28
69 1 U 56
70 0 U 56
71 1 U -1
72 1 U 47
73 1 L 48
74 0 U 69
75 0 L 53
76 0 L 38
77 1 U 76
78 0 U 19
79 0 L 41
80 0 U 69
81 0 U 6
82 1 U 10
83 1 L 76
84 1 L 60
85 0 L 66
86 0 U 66
87 1 U -1
88 0 U 11
89 0 U 63
90 0 L 44
91 0 U 87
92 0 U 78
93 0 L 48
94 1 L -1
95 1 L 16
96 1 U 6
97 1 U 46
98 1 L 90
99 1 U 97
100
0 0 U -1
1 0 L -1
2 1 U -1
3 0 L -1
4 0 U 2
5 0 U 2
6 0 U 1
7 1 L 2
8 1 U -1
9 1 U -1
10 0 L 5
11 1 U 4
12 0 L 8
13 1 U 0
14 1 U 6
15 0 U 9
16 0 U 13
17 0 L -1
18 1 U -1
19 1 L 1
20 0 L 9
21 0 U 20
22 0 U 11
23 1 L 22
24 0 U 8
25 1 L 18
26 0 U -1
27 1 L -1
28 1 L 5
29 1 L 4
30 1 L 22
31 0 L 18
32 1 L 27
33 1 U 24
34 1 U 30
35 1 U -1
36 0 U 16
37 0 L 29
38 0 L 4
39 1 U -1
40 1 L -1
41 1 U 35
42 1 U 26
43 0 U 27
44 1 L 1
45 1 L 27
46 1 L 37
47 1 U 7
48 0 U 31
49 1 U 9
50 0 U 43
51 1 L 41
52 1 U 29
53 1 U -1
54 0 U 21
55 0 U 38
56 0 U 48
57 1 U 17
58 1 L 35
59 0 L 35
60 1 U -1
61 0 L 48
62 1 U 29
63 0 L 59
64 1 L 0
65 0 U 60
66 0 L 51
67 0 U 54
68 0 U 28
69 1 U 56
70 0 U 56
71 1 L -1
72 1 U 59
73 1 L 48
74 0 U 69
75 0 L 70
76 0 L 38
77 1 U 76
78 0 U 19
79 0 L 41
80 1 U 76
81 0 U 6
82 1 U 10
83 1 L 76
84 1 L 60
85 0 L 66
86 0 U 66
87 0 U -1
88 1 U 11
89 0 U 33
90 0 L 44
91 0 U 87
92 0 U 78
93 0 L 48
94 1 L -1
95 1 L 16
96 1 L 6
97 1 U 46
98 1 L 90
99 1 U 97
100
0 0 L -1
1 0 L -1
2 1 U -1
3 0 L -1
4 0 U 2
5 0 U 2
6 0 U 1
7 1 L 2
8 1 U -1
9 1 U -1
10 0 L 5
11 1 U 4
12 0 L 8
13 1 U 0
14 1 U 6
15 0 U 9
16 0 U 13
17 0 L -1
18 1 U -1
19 0 L 1
20 0 L 9
21 0 U 20
22 0 U 11
23 1 L 22
24 0 U 8
25 1 L 18
26 0 U -1
27 1 L -1
28 1 L 5
29 1 L 4
30 1 L 22
31 0 L 18
32 0 L 27
33 1 U 24
34 1 U 12
35 1 U -1
36 0 U 16
37 0 L 29
38 0 L 4
39 0 U -1
40 1 L -1
41 1 U 18
42 1 U 8
43 0 U 27
44 1 L 1
45 1 L 27
46 1 L 37
47 1 U 7
48 0 U 31
49 1 U 13
50 0 L 43
51 1 L 41
52 1 U 29
53 1 U -1
54 0 U 21
55 0 U 38
56 1 U 48
57 1 U 17
58 0 L 35
59 0 L 35
60 1 U -1
61 0 L 48
62 0 U 29
63 0 L 59
64 1 L 0
65 0 U 60
66 0 L 51
67 0 U 54
68 0 U 28
69 1 U 56
70 1 U 56
71 1 U -1
72 1 U 59
73 1 L 48
74 0 U 69
75 0 L 70
76 0 L 38
77 0 U 62
78 0 U 19
79 0 L 41
80 1 U 76
81 1 U 6
82 1 U 10
83 1 L 76
84 1 L 60
85 0 L 6
86 0 U 66
87 0 U -1
88 0 U 11
89 1 U 33
90 1 L 44
91 0 U 87
92 0 U 78
93 0 U 48
94 1 L -1
95 1 L 16
96 0 L 6
97 1 U 46
98 1 L 33
99 1 U 97
100
0 0 U -1
1 0 L -1
2 1 U -1
3 0 L -1
4 0 U 2
5 0 U 2
6 0 U 1
7 1 L 2
8 1 U -1
9 1 U -1
10 0 L 5
11 1 U 3
12 0 L 8
13 1 U 0
14 1 U 6
15 0 U 9
16 0 U 13
17 0 L -1
18 1 U -1
19 0 L 1
20 0 L 9
21 0 U 20
22 0 U 11
23 1 L 22
24 0 U 8
25 1 L 18
26 0 U -1
27 1 L -1
28 1 L 7
29 1 L 4
30 0 L 22
31 0 L 18
32 1 L 27
33 1 U 2
34 1 U 27
35 1 U -1
36 0 U 8
37 0 L 29
38 0 L 4
39 1 U -1
40 1 L -1
41 1 U 18
42 1 U 8
43 0 U 27
44 0 L 1
45 1 L 27
46 1 L 37
47 1 U 7
48 0 U 31
49 1 U 13
50 0 L 43
51 1 L 41
52 1 U 29
53 1 U -1
54 0 U 21
55 0 U 38
56 1 U 48
57 1 U 17
58 0 L 35
59 0 L 35
60 1 U -1
61 0 L 48
62 0 U 29
63 0 L 59
64 1 L 0
65 0 U 60
66 1 L 51
67 1 U 54
68 0 U 28
69 1 U 21
70 0 U 56
71 1 U -1
72 1 U 59
73 1 L 48
74 0 U 69
75 0 L 70
76 0 L 38
77 1 U 62
78 0 U 19
79 0 L 41
80 0 U 76
81 1 U 6
82 1 U 10
83 1 L 76
84 1 L 60
85 0 L 6
86 0 U 66
87 0 U -1
88 0 U 41
89 0 U 17
90 1 L 44
91 0 U 87
92 0 U 78
93 0 U 61
94 1 L -1
95 1 L 16
96 0 L 28
97 1 U 46
98 1 L 33
99 1 U 97
100
0 0 L -1
1 0 L -1
2 1 U -1
3 0 L -1
4 0 U 2
5 0 U 2
6 0 U 1
7 1 L 2
8 1 U -1
9 1 U -1
10 0 L 5
11 1 U 4
12 0 L 8
13 1 U 0
14 1 U 6
15 0 U 9
16 0 U 2
17 0 L -1
18 1 U -1
19 0 L 1
20 0 L 9
21 0 U 20
22 0 U 11
23 1 L 22
24 0 U 8
25 1 L 18
26 0 U -1
27 1 L -1
28 1 L 7
29 1 L 4
30 0 L 22
31 0 L 18
32 1 L 27
33 1 U 2
34 1 U 27
35 1 U -1
36 0 U 8
37 0 L 29
38 0 L 4
39 0 L -1
40 1 U -1
41 1 U 2
42 1 U 8
43 0 U 27
44 0 L 1
45 1 L 24
46 1 L 37
47 1 U 7
48 0 U 31
49 1 U 13
50 0 U 43
51 1 L 41
52 1 U 29
53 1 U -1
54 0 U 21
55 0 U 38
56 1 U 48
57 1 U 17
58 1 L 3
59 0 L 35
60 1 U -1
61 0 L 48
62 0 U 29
63 0 L 59
64 1 L 0
65 0 U 60
66 0 L 51
67 0 U 54
68 0 U 28
69 1 U 21
70 1 U 56
71 1 L -1
72 1 U 59
73 1 L 48
74 0 U 69
75 0 L 70
76 0 L 38
77 1 U 62
78 0 U 19
79 0 L 41
80 0 U 76
81 0 U 6
82 1 U 10
83 1 L 76
84 1 L 60
85 0 L 6
86 0 U 66
87 1 U -1
88 1 U 27
89 1 L 17
90 1 L 44
91 0 U 87
92 0 U 78
93 1 U 61
94 1 L -1
95 1 L 34
96 0 L 28
97 1 U 46
98 1 L 33
99 1 U 97
100
0 0 L -1
1 0 L -1
2 1 U -1
3 0 L -1
4 0 U 2
5 0 U 2
6 0 U 1
7 1 L 2
8 1 U -1
9 1 U -1
10 0 L 5
11 1 U 4
12 0 L 8
13 1 U 0
14 1 U 6
15 0 U 2
16 0 U 2
17 0 L -1
18 1 U -1
19 0 L 1
20 0 L 9
21 0 U 20
22 0 U 11
23 1 L 22
24 0 U 8
25 1 L 18
26 0 U -1
27 1 L -1
28 1 L 7
29 1 L 4
30 0 L 22
31 0 L 23
32 0 L -1
33 1 U 2
34 1 U 27
35 1 U -1
36 0 U 8
37 0 L 6
38 0 L 4
39 0 L -1
40 0 U -1
41 1 U 24
42 1 U 8
43 0 U 12
44 1 L 1
45 1 L 24
46 1 L 37
47 1 U 7
48 0 U 31
49 1 U 13
50 0 U 47
51 1 L 41
52 1 U 29
53 1 U -1
54 0 U 21
55 0 U 38
56 1 U 48
57 1 U 17
58 1 L 3
59 0 L 35
60 1 U -1
61 0 L 48
62 0 U 29
63 0 L 59
64 1 L 0
65 0 U 60
66 0 L 51
67 0 U 54
68 0 U 28
69 1 U 21
70 0 U 66
71 1 U 11
72 1 U 59
73 1 L 48
74 0 U 69
75 0 L 70
76 0 L 38
77 0 U 69
78 0 U 19
79 0 L 61
80 1 U 62
81 0 U 6
82 1 U 10
83 1 L 76
84 0 L 74
85 0 L 6
86 0 U 66
87 1 U -1
88 0 L 55
89 1 U 17
90 1 L 44
91 0 U 87
92 0 U 78
93 1 U 61
94 1 L -1
95 1 L 11
96 1 L 28
97 1 U 46
98 1 L 33
99 1 U 97
100
0 0 L -1
1 0 L -1
2 1 U -1
3 0 L -1
4 0 U 2
5 0 U 2
6 0 U 1
7 1 L 2
8 1 U -1
9 1 U -1
10 0 L 5
11 1 U 3
12 0 L 8
13 1 U 0
14 1 U 6
15 0 U 2
16 0 U 2
17 0 L -1
18 1 U -1
19 0 L 1
20 0 L 9
21 0 U 20
22 0 U 11
23 1 L 22
24 0 U 8
25 1 L 18
26 0 U -1
27 1 L -1
28 1 L 7
29 1 L 4
30 0 L 22
31 0 L 18
32 0 L -1
33 1 U 2
34 1 U 27
35 1 U -1
36 0 U 8
37 0 L 29
38 0 L 4
39 0 L -1
40 1 U -1
41 1 U 24
42 1 U 8
43 0 U 12
44 0 L 1
45 1 L 24
46 1 L 37
47 1 U 10
48 0 U 31
49 1 U 18
50 0 U 47
51 1 L 41
52 1 U 37
53 1 U -1
54 0 U 43
55 0 U 38
56 1 U 48
57 1 U 17
58 1 L 3
59 0 L 35
60 1 U -1
61 0 L 48
62 0 U 29
63 0 L 59
64 0 L 0
65 0 U 60
66 0 L 59
67 0 U 54
68 0 U 28
69 1 U 21
70 1 U 66
71 1 U 11
72 1 U 47
73 1 L 48
74 0 U 69
75 0 L 70
76 0 L 38
77 0 U 38
78 0 U 19
79 0 L 61
80 1 U 19
81 0 U 6
82 1 U 10
83 1 L 76
84 1 U 74
85 0 L 12
86 0 U 47
87 1 U -1
88 0 L 55
89 0 U 11
90 1 L 44
91 0 U 87
92 0 U 78
93 1 U 61
94 1 L -1
95 1 L 11
96 1 L 28
97 1 U 46
98 1 L 33
99 1 U 97
100
0 0 U -1
1 0 L -1
2 1 U -1
3 0 L -1
4 0 U 2
5 0 U 2
6 0 U 1
7 1 L 2
8 1 U -1
9 1 U -1
10 0 L 5
11 1 U 4
12 0 L 8
13 1 U 0
14 1 U 6
15 0 U 2
16 0 U 2
17 0 L -1
18 1 U -1
19 0 L 1
20 0 L 9
21 0 U 20
22 0 U 17
23 1 L 22
24 0 U 8
25 1 L 18
26 0 U -1
27 1 L -1
28 1 L 7
29 1 L 4
30 0 L 22
31 0 L 18
32 0 L -1
33 1 U 2
34 1 U 20
35 1 U -1
36 0 U 8
37 0 L 29
38 0 L 4
39 1 U -1
40 1 L -1
41 1 U 1
42 1 U 8
43 0 U 12
44 1 L 1
45 1 L 24
46 1 L 37
47 1 U 10
48 0 U 31
49 1 U 18
50 0 U 47
51 1 L 44
52 1 U 37
53 0 U -1
54 0 U 43
55 0 U 38
56 1 U 48
57 1 U 17
58 1 L 3
59 0 L 35
60 1 U -1
61 0 L 48
62 0 U 29
63 0 L 59
64 0 L 3
65 0 U 60
66 1 L 59
67 0 U 54
68 0 U 28
69 1 U 21
70 1 U 66
71 1 U 11
72 1 U 32
73 1 L 48
74 0 U 69
75 0 L 70
76 0 L 38
77 0 U 38
78 0 U 19
79 0 L 61
80 0 U 19
81 1 U 33
82 1 U 10
83 1 L 76
84 1 U 74
85 0 L 12
86 0 U 56
87 1 U -1
88 0 L 55
89 0 U 49
90 1 L 44
91 0 U 87
92 0 U 78
93 1 U 61
94 1 L -1
95 1 L 11
96 0 L 28
97 1 U 46
98 1 L 33
99 0 U 97
100
0 0 U -1
1 0 L -1
2 1 U -1
3 0 L -1
4 0 U 2
5 0 U 2
6 0 U 1
7 1 L 2
8 1 U -1
9 1 U -1
10 0 L 5
11 1 U 4
12 0 L 8
13 1 U 0
14 1 U 6
15 0 U 9
16 0 U 2
17 0 L -1
18 1 U -1
19 0 L 1
20 0 L 9
21 0 U 20
22 0 U 17
23 1 L 22
24 0 U 8
25 1 L 18
26 0 U -1
27 1 L -1
28 1 L 7
29 1 L 4
30 1 L 22
31 0 L 18
32 0 L -1
33 1 U 2
34 1 U 12
35 1 U -1
36 0 U 8
37 0 L 29
38 0 L 4
39 0 U -1
40 1 L -1
41 1 U 1
42 1 U 8
43 0 U 12
44 1 L 1
45 1 L 24
46 1 L 37
47 1 U 10
48 0 U 31
49 1 U 18
50 0 U 47
51 1 L 46
52 1 U 37
53 0 U -1
54 0 U 43
55 0 U 38
56 1 U 48
57 1 U 17
58 1 L 3
59 1 L 35
60 1 U -1
61 0 L 48
62 0 U 29
63 0 U 59
64 0 L 3
65 0 U 60
66 1 L 59
67 0 U 54
68 0 U 28
69 1 U 21
70 0 U 66
71 1 U -1
72 1 U 32
73 1 L 48
74 0 U 69
75 0 L 70
76 0 L 38
77 1 U 38
78 0 U 19
79 0 L 73
80 1 U 19
81 1 U 33
82 1 L 10
83 1 L 76
84 0 U 62
85 0 L 12
86 0 U 56
87 1 U -1
88 1 L 79
89 1 U 5
90 1 L 44
91 0 U 87
92 0 U 78
93 1 U 61
94 1 L -1
95 1 L 22
96 0 L 12
97 1 U 67
98 1 L 33
99 0 U 97
100
0 0 U -1
1 0 L -1
2 1 U -1
3 0 L -1
4 0 U 2
5 0 U 2
6 0 U 1
7 1 L 2
8 1 U -1
9 1 U -1
10 0 L 5
11 1 U 4
12 0 L 8
13 1 U -1
14 1 U 6
15 0 U 9
16 0 U 2
17 0 L -1
18 1 U -1
19 0 L 1
20 0 L 9
21 0 U 20
22 0 U 17
23 1 L 22
24 0 U 8
25 1 L 18
26 1 U -1
27 1 L -1
28 1 L 7
29 1 L 4
30 1 L 22
31 0 L 18
32 0 L -1
33 1 U 2
34 1 U 12
35 1 U -1
36 0 U 18
37 1 L 29
38 0 L 4
39 0 U -1
40 1 L -1
41 1 U 1
42 1 L 2
43 0 U 12
44 0 L 1
45 1 L 24
46 1 L 37
47 1 U 10
48 0 U 31
49 1 U 18
50 0 U 47
51 0 L 41
52 1 U 37
53 0 U -1
54 0 U 43
55 0 U 38
56 1 U 48
57 1 U 17
58 0 L 3
59 1 L 35
60 1 U -1
61 1 L 48
62 0 U 29
63 0 U 59
64 0 L 3
65 0 U 60
66 0 L 59
67 0 U 54
68 0 U 28
69 1 U 21
70 1 U 66
71 1 U -1
72 1 U 43
73 1 L 48
74 0 U 69
75 0 L 70
76 0 L 38
77 0 U 38
78 0 U 19
79 0 L 73
80 1 U 19
81 0 U 33
82 1 L 10
83 1 L 16
84 1 U 62
85 0 L 12
86 0 U 32
87 0 U -1
88 1 L 79
89 0 U 5
90 1 L 44
91 1 U 87
92 0 U 43
93 1 U 61
94 1 L -1
95 1 L 22
96 0 L 12
97 1 U 67
98 1 L 33
99 0 U 97
100
0 0 U -1
1 0 L -1
2 1 U -1
3 0 L -1
4 0 U 2
5 0 U 2
6 0 U 1
7 1 L 2
8 1 U -1
9 1 U -1
10 0 L 5
11 1 U 4
12 0 L 7
13 0 U -1
14 1 U 6
15 0 U 9
16 0 U 2
17 0 L -1
18 1 U -1
19 0 L 1
20 0 L 9
21 0 U 20
22 0 U 17
23 1 L 22
24 0 U 8
25 1 L 18
26 1 U -1
27 1 L -1
28 1 L 4
29 1 L 4
30 1 L 22
31 0 L 18
32 0 L -1
33 1 U 2
34 1 U 12
35 1 U -1
36 0 U 18
37 1 L 29
38 0 L 4
39 1 U -1
40 1 L -1
41 1 U 1
42 1 L 2
43 0 U 12
44 1 L 1
45 1 L 24
46 1 L 37
47 1 U 10
48 0 U 31
49 0 U 18
50 0 U 32
51 1 U 41
52 1 U 37
53 0 U -1
54 0 U 43
55 0 U 38
56 1 U 48
57 1 U 17
58 1 L 3
59 1 L 35
60 1 U -1
61 1 L 48
62 1 U 29
63 0 L 59
64 0 L 3
65 0 U 60
66 1 L 59
67 0 U 54
68 0 U 28
69 1 U 56
70 0 U 47
71 1 U -1
72 1 U 43
73 1 L 48
74 0 U 69
75 0 L 70
76 0 L 38
77 1 U 38
78 0 U 19
79 0 L 73
80 0 U 65
81 1 U 33
82 1 L 10
83 1 L 16
84 1 U 62
85 0 L 12
86 0 U 47
87 1 U -1
88 1 L 79
89 0 U 5
90 1 L 44
91 0 U 87
92 0 U 56
93 1 U 63
94 1 L -1
95 1 L 22
96 0 L 12
97 1 U 67
98 1 L 33
99 0 U 97
100
0 0 L -1
1 0 L -1
2 1 U -1
3 0 L -1
4 0 U 2
5 0 U 2
6 0 U 1
7 1 L 2
8 1 U -1
9 1 U -1
10 0 L 5
11 1 U 4
12 0 L 7
13 1 U -1
14 1 U 6
15 0 U 9
16 0 U 2
17 0 L -1
18 1 U -1
19 0 L 1
20 0 L 9
21 0 U 20
22 0 U 17
23 1 L 22
24 0 U 8
25 1 L 23
26 1 U -1
27 1 L -1
28 1 L 7
29 1 L 4
30 0 L 22
31 0 L 18
32 0 L -1
33 1 U 2
34 1 U 12
35 1 U -1
36 1 U 18
37 1 L 29
38 0 L 4
39 0 U -1
40 1 L -1
41 1 U 1
42 1 L 2
43 0 U 12
44 1 L 1
45 1 L 24
46 1 L 37
47 1 U 10
48 0 U 31
49 1 U 18
50 0 U 32
51 0 U 41
52 1 U 37
53 0 U -1
54 0 L 43
55 0 U 38
56 1 U 48
57 1 U 17
58 1 L 0
59 1 L 35
60 1 U -1
61 1 U 48
62 1 U 29
63 0 L 59
64 0 L 58
65 0 U 60
66 1 L 59
67 1 U 54
68 0 U 28
69 1 U 56
70 0 U 47
71 1 U -1
72 1 U 47
73 1 L 48
74 0 U 69
75 0 L 70
76 0 L 38
77 1 U 38
78 0 U 59
79 0 L 73
80 0 U 65
81 0 U 33
82 1 L 10
83 1 L 16
84 1 U 62
85 0 L 12
86 0 U 72
87 1 U -1
88 1 L 79
89 0 U 5
90 1 L 44
91 0 U 87
92 0 U 34
93 1 U 71
94 1 L -1
95 1 L 22
96 0 L 12
97 1 U 69
98 1 L 33
99 0 U 97
100
0 0 L -1
1 0 L -1
2 1 U -1
3 0 L -1
4 0 U 2
5 0 U 2
6 0 U 1
7 1 L 2
8 1 U -1
9 1 U -1
10 0 L 5
11 1 U 4
12 0 L 7
13 0 U -1
14 1 U 6
15 0 U 9
16 0 U 13
17 0 L -1
18 1 U -1
19 0 L 1
20 0 L 9
21 0 U 20
22 0 U 17
23 1 L 22
24 0 U 8
25 1 L 23
26 1 U -1
27 1 L -1
28 1 L 7
29 1 L 4
30 0 L 22
31 0 L 18
32 1 L -1
33 1 U 2
34 1 U 27
35 1 U -1
36 0 U 18
37 1 L 29
38 0 L 4
39 0 U -1
40 1 L -1
41 1 U 2
42 1 L 2
43 0 U 12
44 1 L 1
45 1 L 24
46 1 L 37
47 1 U 10
48 0 U 31
49 0 U 18
50 0 U 32
51 0 U 41
52 1 U 50
53 0 U -1
54 1 U 43
55 0 U 38
56 1 U 48
57 1 U 17
58 0 L 0
59 1 L 35
60 1 U -1
61 1 L 48
62 0 U 29
63 0 L 59
64 1 L 58
65 0 U 60
66 1 L 59
67 0 U 54
68 1 U 28
69 1 U 56
70 0 U 47
71 1 U -1
72 1 U 47
73 0 L 56
74 0 U 69
75 0 L 70
76 0 L 38
77 0 U 38
78 0 U 59
79 0 L 73
80 0 U 65
81 0 U 33
82 1 U 10
83 1 L 16
84 0 U 62
85 0 L 11
86 0 U 72
87 0 U -1
88 0 L 0
89 0 U 5
90 0 L 44
91 0 U 87
92 0 U 27
93 1 U 71
94 1 L -1
95 1 L 29
96 0 L 12
97 1 U 69
98 0 L 33
99 0 U 97
100
0 0 U -1
1 0 L -1
2 1 U -1
3 0 L -1
4 0 U 2
5 0 U 2
6 0 U 1
7 1 L 2
8 1 U -1
9 1 U -1
10 0 L 5
11 1 U 4
12 0 L 7
13 0 U -1
14 1 U 11
15 0 U 9
16 0 U 8
17 0 L -1
18 1 U -1
19 0 L 1
20 0 L 9
21 0 U 20
22 0 U 17
23 1 L 22
24 0 U 8
25 1 L 23
26 1 U -1
27 1 L -1
28 1 L 7
29 1 L 4
30 0 L 22
31 0 L 18
32 0 L -1
33 1 U 2
34 0 U 27
35 1 U -1
36 0 U 18
37 0 L 29
38 0 L 4
39 0 L -1
40 1 U -1
41 1 U 9
42 1 L 2
43 0 U 12
44 0 L 1
45 1 L 24
46 1 L 37
47 1 U 10
48 0 U 31
49 1 U 18
50 1 U 32
51 0 U 41
52 1 U 50
53 0 U -1
54 0 U 43
55 0 U 38
56 1 U 48
57 1 U 17
58 1 L 0
59 1 L 35
60 1 U -1
61 0 L 48
62 0 U 29
63 0 L 59
64 0 L 58
65 0 U 60
66 1 U 59
67 0 U 37
68 1 U 28
69 1 U 56
70 0 U 47
71 1 U -1
72 1 U 47
73 0 L 56
74 0 U 69
75 0 L 70
76 0 L 38
77 0 U 38
78 0 U 59
79 0 L 73
80 1 U 65
81 1 U 33
82 1 U 57
83 0 L 76
84 1 U 58
85 0 L 11
86 1 U 72
87 0 U -1
88 1 L 36
89 0 U 5
90 0 L 44
91 1 U 87
92 0 U 27
93 1 U 71
94 1 L -1
95 1 L 29
96 1 L 12
97 1 U 69
98 0 L 33
99 0 U 97
100
0 0 U -1
1 0 L -1
2 1 U -1
3 0 L -1
4 0 U 2
5 0 U 2
6 0 U 1
7 1 L 2
8 1 U -1
9 1 U -1
10 0 L 5
11 1 U 4
12 0 L 7
13 1 U -1
14 0 U 6
15 0 U 9
16 0 U 8
17 0 L -1
18 1 U -1
19 1 L 1
20 0 L 9
21 0 U 20
22 1 U 11
23 1 L 22
24 0 U 8
25 1 L 23
26 1 U -1
27 1 L -1
28 1 L 7
29 1 L 4
30 1 L 22
31 0 L 18
32 0 L -1
33 1 U 2
34 0 U 27
35 1 U -1
36 0 U 18
37 0 L 29
38 0 L 4
39 0 U -1
40 1 L -1
41 1 U 9
42 1 L 2
43 0 U 12
44 1 L 1
45 1 L 31
46 1 L 37
47 1 U 10
48 0 U 31
49 1 U 9
50 1 U 32
51 0 U 41
52 1 U 50
53 1 U -1
54 0 U 43
55 0 U 38
56 1 U 48
57 1 U 17
58 0 L 0
59 1 L 35
60 1 U -1
61 0 L 48
62 0 U 29
63 1 L 59
64 1 L 54
65 0 U 60
66 1 U 59
67 1 U 37
68 1 U 29
69 1 U 56
70 0 U 43
71 1 U 39
72 1 U 47
73 1 L 56
74 0 U 69
75 0 L 70
76 0 L 38
77 1 U 38
78 0 U 59
79 0 L 73
80 0 U 65
81 1 U 33
82 1 U 40
83 1 L 76
84 1 L 58
85 0 L 11
86 1 U 72
87 1 U -1
88 1 L 36
89 0 U 5
90 0 L 44
91 0 U 87
92 0 U 27
93 1 U 49
94 0 L 40
95 1 L 9
96 1 L 12
97 1 U 69
98 1 L 33
99 0 U 97
100
0 0 U -1
1 0 L -1
2 1 U -1
3 0 L -1
4 0 U 2
5 0 U 2
6 0 U 1
7 1 L 2
8 1 U -1
9 1 U -1
10 0 L 5
11 1 U 4
12 0 L 7
13 0 U -1
14 1 U 6
15 0 U 9
16 0 U 8
17 0 L -1
18 1 U -1
19 1 L 1
20 0 L 9
21 0 U 20
22 0 U 11
23 1 L 22
24 0 U 8
25 1 L 23
26 1 U -1
27 1 L -1
28 1 L 7
29 1 L 4
30 0 L 22
31 0 L 18
32 0 L -1
33 1 U 2
34 0 U 27
35 1 U -1
36 0 U 18
37 0 L 29
38 0 L 8
39 0 U -1
40 1 L -1
41 1 U 9
42 1 L 2
43 0 U 12
44 0 L 1
45 1 L 31
46 1 L 37
47 1 U 10
48 0 U 31
49 1 U 9
50 1 U 28
51 0 U 17
52 1 U 50
53 1 U -1
54 0 U 43
55 0 U 38
56 1 U 48
57 1 U 17
58 1 L 0
59 1 L 35
60 1 U -1
61 1 U 48
62 0 U 29
63 1 L 44
64 1 L 54
65 0 U 60
66 1 L 59
67 1 U 37
68 0 U 29
69 1 U 56
70 1 U 43
71 1 U 39
72 1 U 47
73 1 L 56
74 0 U 69
75 0 U 70
76 0 L 38
77 1 U 12
78 1 U 59
79 0 L 73
80 1 U 65
81 0 U 33
82 1 U 40
83 1 L 76
84 1 L 32
85 0 L 11
86 0 U 28
87 0 U -1
88 1 L 36
89 0 U 5
90 1 L 44
91 0 U 87
92 0 U 20
93 1 U 53
94 0 L 40
95 1 L 9
96 1 L 90
97 1 U 69
98 0 L 33
99 0 U 97
100
0 0 U -1
1 0 L -1
2 1 U -1
3 0 L -1
4 0 U 2
5 0 U 2
6 0 U 1
7 1 L 2
8 1 U -1
9 1 U -1
10 0 L 5
11 1 U 4
12 0 L 7
13 1 U -1
14 0 U 6
15 0 U 9
16 0 U 8
17 0 L -1
18 1 U -1
19 1 L 1
20 0 L 9
21 0 U 20
22 0 U 11
23 1 L 22
24 0 U 8
25 1 L 23
26 1 U -1
27 1 L -1
28 1 L 7
29 1 L 4
30 0 L 22
31 0 L 18
32 0 L -1
33 1 U 2
34 0 U 27
35 1 U -1
36 0 U 18
37 0 L 29
38 0 L 8
39 0 U -1
40 1 L -1
41 1 U 9
42 1 L 2
43 0 U 12
44 0 L 1
45 1 L 31
46 1 L 37
47 1 U 10
48 0 U 31
49 1 U 9
50 1 U 28
51 0 U 17
52 1 U 50
53 1 U -1
54 0 U 43
55 0 U 38
56 1 U 48
57 1 U 17
58 0 L 17
59 1 L 35
60 1 U -1
61 1 U 48
62 0 U 29
63 1 L 44
64 1 L 54
65 0 U 60
66 0 L 59
67 0 U 37
68 0 U 54
69 1 U 47
70 1 U 43
71 1 U 0
72 0 U 47
73 1 L 56
74 0 U 69
75 0 U 52
76 0 L 38
77 1 U 12
78 1 U 59
79 0 L 39
80 1 U 65
81 1 U 33
82 1 U 40
83 0 L 76
84 1 L 32
85 0 L 11
86 1 U 28
87 1 U -1
88 1 L 36
89 1 U 49
90 1 L 44
91 0 U 53
92 0 U 59
93 1 U 53
94 1 L 40
95 1 L 9
96 0 L 28
97 1 U 69
98 1 L 33
99 0 U 97
100
0 0 L -1
1 0 L -1
2 1 U -1
3 0 L -1
4 0 U 2
5 0 U 2
6 0 U 1
7 1 L 2
8 1 U -1
9 1 U -1
10 0 L 5
11 1 U 4
12 0 L 7
13 1 U -1
14 0 U 6
15 0 U 9
16 0 U 8
17 0 L -1
18 1 U -1
19 1 L 1
20 0 L 9
21 0 U 20
22 0 U 11
23 1 L 22
24 0 U 8
25 1 L 23
26 1 U -1
27 1 L -1
28 1 L 8
29 1 L 4
30 0 L 22
31 0 L 18
32 1 L -1
33 1 U 9
34 0 U 19
35 1 U -1
36 0 U 18
37 1 L 29
38 0 L 8
39 0 U -1
40 1 L -1
41 1 U 18
42 1 L 2
43 0 U 12
44 0 L 1
45 1 L 31
46 1 L 37
47 1 U 22
48 0 U 31
49 1 U 9
50 1 U 28
51 0 U 41
52 1 U 50
53 1 U -1
54 0 U 43
55 0 U 38
56 1 U 48
57 1 U 17
58 0 L 17
59 1 L 35
60 1 U -1
61 1 U 48
62 0 U 29
63 1 L 44
64 1 L 54
65 0 U 60
66 0 L 59
67 0 U 37
68 0 U 54
69 1 U 47
70 1 U 61
71 1 U 13
72 0 U 47
73 1 L 56
74 0 U 67
75 0 U 37
76 0 L 38
77 1 U 12
78 1 U 59
79 0 L 39
80 0 U 65
81 0 U 33
82 1 U 40
83 1 L 76
84 0 L 32
85 0 L 11
86 1 U 28
87 1 U -1
88 0 L 55
89 0 U 80
90 1 L 44
91 0 U 53
92 0 U 66
93 1 U 3
94 1 L 40
95 1 L 9
96 0 L 28
97 1 U 69
98 1 L 33
99 0 U 97
100
0 0 U -1
1 0 L -1
2 1 U -1
3 0 L -1
4 0 U 2
5 0 U 2
6 0 U 1
7 1 L 2
8 1 U -1
9 1 U -1
10 0 L 5
11 1 U 4
12 0 L 7
13 1 U -1
14 1 U 6
15 0 U 9
16 0 U 2
17 0 L -1
18 1 U -1
19 1 L 1
20 0 L 9
21 0 U 20
22 0 U 11
23 1 L 22
24 0 U 8
25 1 L 23
26 1 U -1
27 1 L -1
28 1 L 7
29 1 L 4
30 0 L 22
31 0 L 18
32 0 L -1
33 1 U 9
34 1 U 19
35 1 U -1
36 0 U 35
37 0 L 29
38 0 L 8
39 0 U -1
40 1 L -1
41 1 U 18
42 1 L 32
43 0 U 12
44 1 L 1
45 1 L 24
46 1 L 37
47 1 U 22
48 0 U 31
49 1 U 9
50 1 U 28
51 0 U 23
52 1 U 50
53 1 U -1
54 0 U 43
55 0 U 38
56 1 U 48
57 1 U 17
58 1 L 17
59 1 L 35
60 1 U -1
61 1 U 48
62 0 U 29
63 1 L -1
64 1 L 54
65 0 U 60
66 1 L 59
67 0 U 37
68 0 U 54
69 1 U 47
70 0 U 61
71 1 U 13
72 0 U 47
73 1 L 56
74 0 U 67
75 0 U 37
76 0 L 38
77 1 U 12
78 0 U 59
79 0 L 39
80 1 U 65
81 0 U 33
82 1 U 50
83 1 L 76
84 1 L 32
85 0 L 11
86 0 U 47
87 1 U -1
88 1 L 55
89 0 L 80
90 1 L 44
91 0 U 53
92 0 U 47
93 1 U 33
94 1 L 40
95 1 L 9
96 0 L 9
97 1 U 69
98 0 L 33
99 0 U 97
100
0 0 L -1
1 0 L -1
2 1 U -1
3 0 L -1
4 0 U 2
5 0 U 2
6 0 U 1
7 1 L 2
8 1 U -1
9 1 U -1
10 0 L 5
11 1 U 4
12 0 L 7
13 1 U -1
14 0 U 6
15 0 U 9
16 0 U 8
17 0 L -1
18 1 U -1
19 0 L 1
20 0 L 9
21 0 U 20
22 0 U 11
23 1 L 22
24 0 U 8
25 1 L 23
26 1 U -1
27 1 L -1
28 1 L 7
29 1 L 4
30 0 L 22
31 0 L 18
32 1 L -1
33 1 U 9
34 1 U 12
35 1 U -1
36 0 U 35
37 1 L 29
38 0 L 8
39 0 U -1
40 1 L -1
41 1 U 18
42 1 L 32
43 0 U 12
44 1 L 1
45 1 L 24
46 1 L 37
47 1 U 22
48 0 U 31
49 1 U 18
50 1 U 28
51 0 U 23
52 1 U 50
53 1 U -1
54 0 U 43
55 0 U 38
56 0 U 48
57 1 U 17
58 1 L 2
59 1 L 35
60 1 U -1
61 1 U 48
62 0 U 29
63 0 L -1
64 1 L 54
65 0 U 60
66 0 L 59
67 0 U 37
68 0 U 54
69 1 U 47
70 0 U 61
71 1 U 13
72 0 U 47
73 0 L 56
74 0 U 69
75 0 U 37
76 0 L 29
77 1 U 12
78 0 U 59
79 0 L 39
80 1 U 65
81 0 U 33
82 1 U 50
83 0 L 76
84 1 L -1
85 0 L 11
86 1 U 47
87 1 U -1
88 1 L 55
89 1 L 66
90 0 L 44
91 1 U 18
92 0 U 33
93 1 U 33
94 1 L 40
95 1 L 9
96 0 L 9
97 1 U 69
98 0 L 33
99 0 U 97
100
0 0 U -1
1 0 L -1
2 1 U -1
3 0 L -1
4 0 U 2
5 0 U 2
6 0 U 1
7 1 L 2
8 1 U -1
9 1 U -1
10 0 L 5
11 1 U 4
12 0 L 7
13 1 U -1
14 0 U 6
15 0 U 2
16 0 U 8
17 0 L -1
18 1 U -1
19 0 L 1
20 0 L 9
21 0 U 20
22 0 U 11
23 1 L 22
24 0 U 8
25 1 L 23
26 1 U -1
27 1 L -1
28 1 L 7
29 1 L 4
30 1 L 22
31 0 L 18
32 0 L -1
33 1 U 9
34 0 U 12
35 1 U -1
36 0 U 26
37 1 L 29
38 0 L 4
39 0 U -1
40 1 L -1
41 1 U 9
42 1 L 32
43 0 U 12
44 1 L 27
45 1 L 24
46 1 L 37
47 1 U 22
48 0 U 31
49 1 U 18
50 1 U 28
51 0 U 23
52 1 U 50
53 1 U -1
54 0 U 43
55 0 U 38
56 1 U 48
57 1 U 17
58 1 L 2
59 1 L 35
60 1 U -1
61 1 U 19
62 0 U 29
63 0 L 32
64 1 L 54
65 0 U 60
66 0 L 59
67 0 U 37
68 0 U 54
69 1 U 47
70 0 U 61
71 0 U 13
72 1 U 47
73 0 L 56
74 0 U 69
75 0 U 37
76 0 L 29
77 1 U 12
78 0 U 59
79 0 L 39
80 0 U 65
81 0 U 65
82 1 U 50
83 1 L 76
84 0 U -1
85 0 L 11
86 1 U 47
87 1 L -1
88 1 L 55
89 0 L 66
90 0 L 44
91 1 U 8
92 0 U 33
93 1 U 33
94 0 L 40
95 1 L 9
96 0 L 9
97 1 U 69
98 1 L 33
99 0 U 97
100
0 0 U -1
1 0 L -1
2 1 U -1
3 0 L -1
4 0 U 2
5 0 U 2
6 0 U 1
7 1 L 2
8 1 U -1
9 1 U -1
10 0 L 7
11 1 U 4
12 0 L 7
13 1 U -1
14 1 U 11
15 0 U 2
16 0 U 9
17 0 L -1
18 1 U -1
19 0 L 17
20 0 L 9
21 0 U 20
22 0 U 6
23 1 L 22
24 0 U 8
25 1 L 23
26 1 U -1
27 1 L -1
28 1 L 7
29 1 L 4
30 1 L 22
31 0 L 18
32 0 L -1
33 1 U 9
34 1 U 12
35 1 U -1
36 0 U 9
37 1 L 29
38 0 L 4
39 0 U -1
40 1 L -1
41 1 U 9
42 1 L 32
43 0 U 12
44 0 L 27
45 1 L 24
46 1 L 37
47 1 U 10
48 0 U 31
49 0 U 18
50 1 U 28
51 0 U 23
52 1 U 50
53 0 U -1
54 0 U 43
55 0 U 38
56 1 U 48
57 1 U 17
58 0 L 3
59 1 L 35
60 1 U -1
61 1 U 19
62 0 U 29
63 0 L 32
64 1 L 54
65 0 U 60
66 0 L 59
67 0 U 37
68 0 U 54
69 1 U 47
70 0 U 61
71 0 U 13
72 0 U 47
73 0 L 56
74 0 U 69
75 0 U 37
76 0 L 29
77 1 U 12
78 0 U 59
79 0 L 39
80 1 U 65
81 1 U 65
82 1 U 50
83 0 L 76
84 1 U 43
85 0 L 11
86 1 U 43
87 0 L -1
88 1 L 55
89 0 L 66
90 0 L 44
91 0 U 8
92 0 U 33
93 1 U 6
94 0 L 40
95 1 L 9
96 0 L 90
97 1 U 69
98 0 L 33
99 0 U 97
100
0 0 L -1
1 0 L -1
2 1 U -1
3 0 L -1
4 0 U 2
5 0 U 2
6 0 U 1
7 1 L 2
8 1 U -1
9 1 U -1
10 0 L 7
11 1 U 4
12 0 L 7
13 1 U -1
14 1 U 6
15 0 U 2
16 0 U 13
17 0 L -1
18 1 U -1
19 0 L 17
20 1 L 9
21 0 U 20
22 0 U 6
23 1 L 22
24 0 U 8
25 1 L 23
26 1 U -1
27 1 L -1
28 1 L 7
29 1 L 4
30 1 L 22
31 0 L 30
32 0 L -1
33 1 U 9
34 1 U 31
35 1 U -1
36 0 U 9
37 1 L 29
38 0 L 4
39 0 U -1
40 1 L -1
41 1 U 2
42 1 L 32
43 0 U 12
44 0 L 27
45 1 L 24
46 1 L 37
47 1 U 10
48 0 U 14
49 1 U 16
50 1 U 28
51 0 U 23
52 1 U 50
53 0 U -1
54 0 U 43
55 0 U 38
56 0 U 48
57 1 U 17
58 0 L 3
59 1 L 35
60 1 U -1
61 1 U 19
62 0 U 29
63 0 L 32
64 1 L 54
65 0 U 60
66 0 L 59
67 0 U 37
68 0 U 54
69 1 U 47
70 0 U 61
71 0 U 13
72 1 U 47
73 0 L 56
74 0 U 69
75 0 U 29
76 0 L 29
77 1 U 12
78 0 U 48
79 0 L 39
80 0 U 65
81 1 U 65
82 1 U 50
83 0 L 76
84 0 U -1
85 0 L 11
86 1 U 43
87 1 L -1
88 1 L 33
89 1 L 66
90 0 L 44
91 1 U 2
92 0 U 33
93 1 U 71
94 0 L 40
95 1 L 9
96 0 L 90
97 1 U 69
98 1 L 33
99 0 U 97
100
0 0 L -1
1 0 L -1
2 1 U -1
3 0 L -1
4 0 U 2
5 0 U 2
6 0 U 1
7 1 L 2
8 1 U -1
9 1 U -1
10 0 L 7
11 1 U 4
12 0 L 8
13 1 U -1
14 1 U 6
15 0 U 9
16 0 U 13
17 0 L -1
18 1 U -1
19 0 L 17
20 1 L 12
21 0 U 10
22 0 U 6
23 1 L 22
24 0 U 8
25 0 L 23
26 1 U -1
27 1 L -1
28 1 L 5
29 1 L 4
30 1 L 22
31 0 L 30
32 0 L -1
33 1 U 9
34 1 U 31
35 1 U -1
36 0 U 9
37 1 L 29
38 0 L 4
39 0 U -1
40 1 L -1
41 1 U 9
42 1 L 32
43 0 U 12
44 0 L 1
45 1 L 24
46 1 L 37
47 1 U 10
48 0 U 14
49 1 U 16
50 1 U 28
51 0 U 23
52 1 U 37
53 0 U -1
54 0 U 43
55 0 U 38
56 0 U 48
57 1 U 17
58 0 L 3
59 1 L 35
60 1 U -1
61 1 U 19
62 0 U 29
63 0 L 32
64 1 L 54
65 0 U 60
66 0 L 59
67 0 U 37
68 0 L 54
69 1 U 47
70 0 U 61
71 0 U 13
72 0 U 47
73 0 L 56
74 0 U 69
75 0 U 70
76 0 L 29
77 1 U 12
78 0 U 48
79 0 L 39
80 0 U 65
81 0 U 65
82 1 U 50
83 1 L 76
84 0 U -1
85 0 L 11
86 1 U 56
87 0 L -1
88 1 L 63
89 0 L 66
90 0 L 44
91 1 U 2
92 0 U 33
93 1 U 39
94 0 L 40
95 1 L 9
96 0 L 90
97 1 U 69
98 1 L 33
99 0 U 97
100
0 0 L -1
1 0 L -1
2 1 U -1
3 0 L -1
4 0 U 2
5 0 U 2
6 0 U 1
7 1 L 2
8 1 U -1
9 1 U -1
10 0 L 7
11 1 U 4
12 0 L 7
13 1 U -1
14 1 U 6
15 0 U 9
16 0 U 13
17 0 L -1
18 1 U -1
19 0 L 17
20 0 L 12
21 0 U 10
22 0 U 6
23 1 L 22
24 0 U 8
25 1 L 23
26 1 U -1
27 1 L -1
28 1 L 5
29 1 L 4
30 0 L 22
31 0 L 30
32 0 L -1
33 1 U 1
34 1 U 31
35 1 U -1
36 0 U 9
37 1 L 29
38 0 L 4
39 0 U -1
40 1 L -1
41 1 U 9
42 1 L 32
43 0 U 31
44 0 L 17
45 1 L 24
46 1 L 37
47 1 U 10
48 0 U 14
49 1 U 16
50 1 U 28
51 0 U 23
52 1 U 37
53 1 U -1
54 0 U 43
55 0 U 38
56 0 U 48
57 1 U 17
58 0 L 3
59 1 L 35
60 1 U -1
61 1 U 19
62 1 U 29
63 0 L 32
64 1 L 54
65 0 U 60
66 0 L 59
67 0 U 37
68 1 L 33
69 1 U 47
70 0 U 61
71 0 U 13
72 1 U 28
73 0 L 56
74 0 U 69
75 0 U 37
76 0 L 38
77 1 U 31
78 0 U 48
79 0 L 39
80 1 U 65
81 1 U 11
82 1 U 50
83 1 L 76
84 1 U -1
85 0 L 11
86 0 U 56
87 1 L -1
88 1 L 63
89 0 L 66
90 0 L 44
91 1 U 9
92 0 U 36
93 1 U 51
94 0 L 40
95 1 L 9
96 0 L 12
97 1 U 69
98 0 L 33
99 0 U 97
100
0 0 U -1
1 0 L -1
2 1 U -1
3 0 L -1
4 0 U 2
5 0 U 2
6 0 U 1
7 1 L 2
8 1 U -1
9 1 U -1
10 0 L 7
11 1 U 4
12 0 L 7
13 1 U -1
14 1 U 6
15 0 U 9
16 0 U 13
17 0 L -1
18 1 U -1
19 0 L 17
20 0 L 12
21 0 U 10
22 0 U 6
23 1 L 22
24 0 U 8
25 1 L 23
26 1 U -1
27 1 L -1
28 1 L 8
29 1 L 4
30 0 L 22
31 0 L 30
32 0 L -1
33 1 U 8
34 1 U 31
35 1 U -1
36 0 U 9
37 1 L 29
38 0 L 4
39 0 U -1
40 1 L -1
41 1 U 9
42 1 L 32
43 0 U 31
44 0 L 17
45 1 L 24
46 1 L 37
47 1 U 10
48 0 U 14
49 1 U 16
50 1 U 32
51 0 U 23
52 1 U 37
53 1 U -1
54 0 U 43
55 0 U 38
56 0 U 48
57 1 U 17
58 0 L 3
59 1 L 35
60 1 U -1
61 1 U 19
62 0 U 29
63 0 L 32
64 1 L 54
65 0 U 60
66 0 L 59
67 0 U 37
68 0 L 33
69 1 U 47
70 0 U 61
71 1 U 13
72 1 U 28
73 0 L 56
74 0 U 69
75 0 U 37
76 0 L 38
77 1 U 31
78 0 U 48
79 0 L 39
80 0 U 65
81 1 U 11
82 1 U 50
83 1 L 13
84 0 U -1
85 0 L 11
86 0 U 56
87 1 L -1
88 1 L 63
89 1 L 66
90 0 L 44
91 0 U 9
92 0 U 36
93 1 U 51
94 0 L 40
95 1 L 9
96 0 L 9
97 1 U 69
98 1 L 54
99 0 U 97
100
0 0 L -1
1 0 L -1
2 1 U -1
3 0 L -1
4 0 U 2
5 0 U 2
6 0 U 1
7 1 L 2
8 1 U -1
9 1 U -1
10 0 L 7
11 1 U 4
12 0 L 7
13 1 U -1
14 1 U 6
15 0 U 2
16 0 U 13
17 0 L -1
18 1 U -1
19 0 L 17
20 0 L 9
21 0 U 10
22 0 U 6
23 1 L 22
24 0 U 8
25 1 L 23
26 1 U -1
27 1 L -1
28 1 L 8
29 1 L 4
30 0 L 22
31 0 L 30
32 0 L -1
33 1 U 8
34 1 U 31
35 1 U -1
36 0 U 2
37 1 L 29
38 0 L 4
39 0 U -1
40 1 L -1
41 1 U 9
42 1 L 32
43 0 U 31
44 0 L 17
45 1 L 24
46 1 L 37
47 1 U 10
48 0 U 14
49 1 U 16
50 1 U 32
51 0 U 23
52 1 U 37
53 0 U -1
54 0 U 43
55 0 U 38
56 0 U 48
57 1 U 17
58 0 L 40
59 1 L 35
60 1 U -1
61 1 U 19
62 0 U 29
63 0 L 32
64 1 L 54
65 0 U 60
66 0 L 59
67 0 U 37
68 1 L 33
69 1 U 47
70 0 U 61
71 1 U 13
72 1 U 56
73 0 L 56
74 0 U 69
75 0 U 37
76 0 L 38
77 0 U 31
78 1 U 31
79 0 L 39
80 0 U 65
81 1 U 11
82 1 U 72
83 1 L 13
84 1 L -1
85 0 L 11
86 1 U 56
87 0 U -1
88 1 L 63
89 0 L 66
90 0 L 44
91 0 U 16
92 0 U 36
93 1 U 36
94 1 L 40
95 1 L 12
96 0 L 9
97 1 U 69
98 1 L 54
99 0 U 97
100
0 0 L -1
1 0 L -1
2 1 U -1
3 0 L -1
4 0 U 2
5 0 U 2
6 0 U 1
7 1 L 2
8 1 U -1
9 1 U -1
10 0 L 7
11 1 U 3
12 0 L 7
13 1 U -1
14 1 U 6
15 0 U 2
16 0 U 13
17 0 L -1
18 1 U -1
19 0 L 17
20 0 L 9
21 0 U 10
22 0 U 6
23 1 L 22
24 1 U 8
25 1 L 23
26 1 U -1
27 1 L -1
28 1 L 8
29 1 L 4
30 1 L 22
31 0 L 30
32 0 L -1
33 1 U 8
34 1 U 31
35 1 U -1
36 0 U 2
37 1 L 29
38 0 L 4
39 0 U -1
40 1 L -1
41 1 U 9
42 1 L 32
43 0 U 31
44 1 L 17
45 0 L 24
46 1 L 37
47 1 U 10
48 0 U 14
49 1 U 16
50 1 U 32
51 0 U 23
52 1 U 37
53 1 U -1
54 0 U 43
55 0 U 38
56 0 U 48
57 1 L 41
58 0 L 40
59 1 L 35
60 1 U -1
61 1 U 19
62 1 U 54
63 1 L 32
64 1 L 54
65 0 U 60
66 0 L 59
67 0 U 37
68 1 L 33
69 1 U 47
70 1 U 61
71 1 U 13
72 1 U 56
73 0 L 56
74 0 U 69
75 0 U 37
76 0 L 38
77 1 U 31
78 1 U 31
79 0 L 39
80 0 U 65
81 1 U 11
82 1 U 72
83 1 L 13
84 0 L 19
85 0 L 11
86 0 U 56
87 1 U -1
88 1 L 63
89 0 L 66
90 0 L 44
91 0 U 16
92 0 U 36
93 1 U 36
94 1 L 40
95 1 L 12
96 0 L 9
97 1 U 69
98 1 L 54
99 0 U 97
100
0 0 U -1
1 0 L -1
2 1 U -1
3 0 L -1
4 0 U 1
5 0 U 2
6 0 U 1
7 1 L 2
8 1 U -1
9 1 U -1
10 0 L 7
11 1 U 3
12 0 L 7
13 1 U -1
14 1 U 6
15 0 U 2
16 0 U 13
17 0 L -1
18 1 U -1
19 0 L 17
20 0 L 9
21 0 U 10
22 0 U 6
23 1 L 22
24 1 U 8
25 1 L 23
26 1 U -1
27 1 L -1
28 1 L 10
29 1 L 4
30 1 L 22
31 0 L 30
32 1 L -1
33 1 U 8
34 1 U 19
35 1 U -1
36 0 U 2
37 1 L 29
38 0 L 4
39 0 U -1
40 1 L -1
41 1 U 26
42 1 L 2
43 0 U 12
44 0 L 17
45 0 L 24
46 1 L 37
47 1 U 45
48 0 U 14
49 1 U 16
50 1 U 32
51 0 U 23
52 1 U 37
53 1 U -1
54 0 U 43
55 0 U 38
56 0 U 48
57 1 L 41
58 0 L 40
59 1 L 35
60 1 U -1
61 1 U 19
62 1 U 54
63 1 L 32
64 1 L 54
65 0 U 60
66 0 L 59
67 0 U 37
68 0 L 54
69 1 U 47
70 0 U 61
71 1 U 13
72 1 U 56
73 0 L 56
74 0 U 69
75 0 U 37
76 0 L 38
77 1 U 31
78 1 U 31
79 0 L 39
80 0 U 65
81 0 U 11
82 1 U 72
83 1 L 13
84 0 L 19
85 0 L 11
86 0 U 56
87 1 U -1
88 0 L 63
89 0 L 66
90 0 L 44
91 0 U 16
92 0 U 30
93 1 U 91
94 1 L 40
95 1 L 90
96 0 L 9
97 1 U 69
98 1 L 54
99 0 U 97
100
0 0 L -1
1 0 L -1
2 1 U -1
3 0 L -1
4 0 U 1
5 0 U 2
6 0 U 1
7 1 L 2
8 1 U -1
9 0 U -1
10 0 L 7
11 1 U 3
12 0 L 7
13 1 U -1
14 1 U 6
15 0 U 9
16 0 U 13
17 0 L -1
18 1 U -1
19 0 L 17
20 1 L 9
21 0 U 10
22 0 U 6
23 1 L 22
24 0 U 9
25 0 L 23
26 1 U -1
27 1 L -1
28 1 L 10
29 1 L 4
30 1 L 22
31 0 L 30
32 0 L -1
33 1 U 8
34 1 U 31
35 1 U -1
36 0 U 26
37 1 L 29
38 0 L 4
39 0 U -1
40 1 L -1
41 1 U 26
42 1 L 32
43 0 U 12
44 1 L 17
45 0 L 24
46 1 L 37
47 1 U 45
48 0 U 14
49 1 U 16
50 1 U 32
51 0 U 23
52 1 U 37
53 1 U -1
54 0 U 43
55 0 U 38
56 0 U 48
57 1 L 41
58 0 L 40
59 1 L 35
60 1 U -1
61 1 U 19
62 1 U 54
63 1 L 17
64 1 L 54
65 0 U 60
66 0 L 59
67 0 U 37
68 1 L 54
69 1 U 47
70 0 U 61
71 1 U 13
72 1 U 43
73 1 L 68
74 0 U 44
75 0 U 37
76 0 L 38
77 1 U 31
78 1 U 31
79 0 L 39
80 0 U 65
81 1 U 11
82 1 U 72
83 1 L -1
84 0 L 19
85 1 L 34
86 0 U 56
87 1 U -1
88 1 L 63
89 0 L 66
90 0 L 44
91 0 U 60
92 0 U 30
93 1 U 91
94 1 L 40
95 1 L 12
96 0 L 9
97 1 U 69
98 1 L 54
99 0 U 97
100
0 0 U -1
1 0 L -1
2 1 U -1
3 0 L -1
4 0 U 2
5 0 U 2
6 0 U 1
7 1 L 2
8 1 U -1
9 0 U -1
10 0 L 7
11 1 U 3
12 0 L 7
13 1 U -1
14 1 U 6
15 0 U 9
16 0 U 13
17 0 L -1
18 1 U -1
19 0 L 17
20 1 L 15
21 0 U 14
22 0 U 11
23 1 L 22
24 0 U 9
25 0 L 23
26 1 U -1
27 1 L -1
28 1 L 10
29 1 L 4
30 1 L 22
31 0 L 30
32 0 L -1
33 1 U 8
34 1 U 31
35 1 U -1
36 0 U 26
37 1 L 29
38 0 L 8
39 0 U -1
40 1 L -1
41 1 U 26
42 1 L 32
43 0 U 12
44 1 L 17
45 0 L 24
46 1 L 37
47 1 U 45
48 0 U 14
49 1 U 16
50 1 U 43
51 0 U 23
52 1 U 37
53 1 U -1
54 0 U 43
55 0 U 38
56 0 U 48
57 1 L 41
58 0 L 40
59 1 L 36
60 1 U -1
61 1 U 19
62 1 U 54
63 1 L 17
64 1 L 54
65 0 U 60
66 0 L 59
67 0 U 37
68 0 L 54
69 1 U 47
70 0 U 61
71 1 U 13
72 1 U 43
73 1 L 68
74 0 U 44
75 0 U 37
76 0 L 38
77 1 U 31
78 1 U 31
79 0 L 41
80 0 U 65
81 1 U 11
82 1 U 72
83 1 L -1
84 0 L 7
85 1 L 34
86 0 U 56
87 1 U -1
88 1 L 63
89 0 L 66
90 0 L 44
91 0 U 16
92 0 U 30
93 1 U 91
94 1 L 40
95 1 L 12
96 0 L 9
97 1 U 69
98 1 L 54
99 0 U 97
100
0 0 L -1
1 0 L -1
2 1 U -1
3 0 L -1
4 0 U 1
5 0 U 2
6 0 U 1
7 1 L 2
8 1 U -1
9 0 U -1
10 0 L 7
11 1 U 3
12 0 L 7
13 1 U -1
14 1 U 6
15 0 U 11
16 0 U 13
17 0 L -1
18 1 U -1
19 0 L 17
20 1 L 15
21 0 U 14
22 0 U 11
23 1 L 22
24 0 U 9
25 0 L 23
26 0 U -1
27 1 L -1
28 1 L 10
29 1 L 4
30 1 L 22
31 0 L 30
32 1 L -1
33 1 U 8
34 1 U 31
35 1 U -1
36 0 U 26
37 1 L 29
38 0 L 8
39 0 U -1
40 1 L -1
41 1 U 2
42 1 L 32
43 0 U 12
44 0 L 17
45 0 L 24
46 1 L 37
47 1 U 45
48 0 U 14
49 1 U 16
50 1 U 28
51 0 U 23
52 1 U 37
53 0 U -1
54 0 U 43
55 0 U 38
56 0 U 48
57 1 L 41
58 1 L 40
59 1 L 36
60 1 U -1
61 1 U 19
62 0 U 54
63 0 L 17
64 1 L 54
65 0 U 60
66 1 L 59
67 0 U 37
68 0 L 54
69 1 U 47
70 0 U 61
71 1 U 13
72 1 U 43
73 0 L 68
74 0 U 44
75 0 U 37
76 0 L 38
77 1 U 31
78 1 U 31
79 0 L 41
80 0 U 65
81 1 U 11
82 1 U 72
83 1 L -1
84 0 L 79
85 1 L 34
86 0 U 56
87 0 U -1
88 1 L 63
89 0 L 66
90 0 L 44
91 0 U 8
92 0 U 30
93 1 U 11
94 0 L 40
95 1 L 12
96 0 L 9
97 1 U 69
98 1 L 54
99 0 U 97
100
0 0 L -1
1 0 L -1
2 1 U -1
3 0 L -1
4 0 U 1
5 0 U 2
6 0 U 1
7 1 L 2
8 1 U -1
9 0 U -1
10 0 L 7
11 1 U 3
12 0 L 7
13 1 U -1
14 1 U 6
15 0 U 11
16 0 U 13
17 0 L -1
18 1 U -1
19 0 L 17
20 1 L 15
21 0 U 20
22 0 U 11
23 1 L 22
24 0 U 9
25 0 L 23
26 1 U -1
27 1 L -1
28 1 L 10
29 1 L 4
30 0 L 22
31 0 L 30
32 1 L -1
33 1 U 8
34 1 U 31
35 1 U -1
36 0 U 16
37 1 L 29
38 0 L 4
39 1 U -1
40 1 L -1
41 1 U 18
42 1 L 32
43 0 U 12
44 0 L 17
45 0 L 24
46 1 L 37
47 1 U 45
48 0 U 14
49 1 U 16
50 1 U 28
51 0 U 23
52 1 U 37
53 0 U -1
54 0 U 43
55 0 U 38
56 0 U 48
57 1 L 41
58 0 L 40
59 1 L 36
60 1 U -1
61 1 U 19
62 1 U 54
63 0 L 17
64 1 L 54
65 0 U 60
66 1 L 59
67 0 U 37
68 0 L 54
69 1 U 47
70 0 U 61
71 1 L 0
72 1 U 43
73 0 L 68
74 0 U 44
75 0 U 37
76 0 L 38
77 1 U 31
78 1 U 31
79 0 L 41
80 0 U 65
81 0 U 11
82 1 U 29
83 1 L -1
84 1 L 74
85 1 L 34
86 0 U 56
87 0 U -1
88 1 L 63
89 0 L 66
90 0 L 44
91 1 U 8
92 0 U 17
93 1 L 11
94 0 L 40
95 1 L 12
96 0 L 9
97 1 U 69
98 1 L 54
99 0 U 97
100
0 0 L -1
1 0 L -1
2 1 U -1
3 0 L -1
4 0 U 2
5 0 U 2
6 0 U 1
7 1 L 2
8 1 U -1
9 0 U -1
10 0 L 7
11 1 U 3
12 0 L 7
13 1 U -1
14 1 U 6
15 0 U 9
16 0 U 13
17 0 L -1
18 1 U -1
19 0 L 17
20 1 L 15
21 0 U 20
22 0 U 11
23 1 L 22
24 0 U 9
25 0 L 23
26 1 U -1
27 1 L -1
28 1 L 10
29 1 L 4
30 1 L 22
31 0 L 30
32 1 L -1
33 1 U 8
34 1 U 31
35 1 U -1
36 0 U 18
37 1 L 29
38 0 L 4
39 0 U -1
40 1 L -1
41 1 U 18
42 1 L 32
43 0 U 12
44 1 L 17
45 0 L 24
46 1 L 37
47 1 U 45
48 0 U 14
49 1 U 16
50 1 U 28
51 0 U 23
52 1 U 37
53 1 U -1
54 0 U 43
55 0 U 38
56 0 U 48
57 1 L 41
58 0 L 40
59 1 L 36
60 1 U -1
61 1 U 19
62 1 U 54
63 0 L 17
64 1 L 54
65 0 U 60
66 1 L 59
67 0 U 37
68 0 L 54
69 1 U 47
70 0 U 61
71 1 L 0
72 1 U 43
73 0 L 68
74 0 U 44
75 0 U 37
76 0 L 38
77 1 U 31
78 1 U 31
79 0 L 41
80 0 U 25
81 1 U 65
82 1 U 29
83 1 L -1
84 1 L 74
85 1 L 34
86 0 U 56
87 0 U -1
88 1 L 63
89 0 L 66
90 0 L 44
91 1 U 8
92 0 U 81
93 1 U -1
94 0 L 40
95 1 L 12
96 0 L 9
97 1 U 69
98 1 L 54
99 0 U 97
100
0 0 L -1
1 0 L -1
2 1 U -1
3 0 L -1
4 0 U 1
5 0 U 2
6 0 U 1
7 1 L 2
8 1 U -1
9 0 U -1
10 0 L 7
11 1 U 3
12 0 L 7
13 1 U -1
14 1 U 6
15 0 U 9
16 0 U 13
17 0 L -1
18 1 U -1
19 0 L 17
20 1 L 15
21 0 U 14
22 0 U 11
23 1 L 22
24 0 U 9
25 0 L 23
26 1 U -1
27 1 L -1
28 1 L 10
29 1 L 4
30 0 L 22
31 0 L 30
32 1 L -1
33 1 U 8
34 1 U 12
35 1 U -1
36 0 U 26
37 1 L 29
38 0 L 4
39 0 U -1
40 1 L -1
41 1 U 8
42 1 L 32
43 0 U 12
44 1 L 17
45 0 L 24
46 1 L 37
47 1 U 45
48 0 U 14
49 1 U 16
50 1 U 28
51 0 U 23
52 1 U 37
53 0 U -1
54 0 U 43
55 0 U 38
56 0 U 48
57 1 L 41
58 0 L 40
59 1 L 36
60 1 U -1
61 1 U 19
62 1 U 54
63 0 L 17
64 1 L 54
65 0 U 60
66 0 L 59
67 0 U 37
68 0 L 54
69 1 U 47
70 0 U 61
71 1 L 0
72 1 U 43
73 0 L 68
74 0 U 67
75 0 U 37
76 0 L 38
77 1 U 31
78 1 U 31
79 0 L 41
80 0 U 25
81 0 U 65
82 1 U 64
83 0 L 71
84 1 L 79
85 1 L 34
86 0 U 56
87 0 U -1
88 1 L 63
89 0 L 66
90 0 L 44
91 0 U 8
92 0 U 81
93 1 U 9
94 0 L 40
95 1 L 12
96 0 L 9
97 1 U 69
98 1 L 54
99 0 U 97
100
0 0 L -1
1 0 L -1
2 1 U -1
3 0 L -1
4 0 U 1
5 0 U 2
6 0 U 1
7 1 L 2
8 1 U -1
9 0 U -1
10 0 L 7
11 1 U 3
12 0 L 7
13 1 U -1
14 1 U 6
15 0 U 9
16 0 U 13
17 0 L -1
18 1 U -1
19 0 L 17
20 1 L 15
21 0 U 14
22 0 U 11
23 1 L 22
24 0 U 9
25 0 L 23
26 1 U -1
27 1 L -1
28 1 L 10
29 1 L 4
30 0 L 22
31 0 L 30
32 1 L -1
33 1 U 8
34 1 U 12
35 1 U -1
36 0 U 26
37 1 L 29
38 0 L 4
39 0 U -1
40 1 L -1
41 1 U 8
42 1 L 32
43 0 U 12
44 0 L 17
45 0 L 24
46 1 L 37
47 1 U 45
48 0 U 14
49 1 U 16
50 1 U 28
51 0 U 23
52 1 U 50
53 1 U -1
54 0 U 43
55 0 U 38
56 0 U 48
57 1 L 35
58 0 L 40
59 1 L 36
60 1 U -1
61 1 U 19
62 1 U 29
63 0 L 17
64 1 L 54
65 0 U 60
66 0 L 59
67 0 U 37
68 0 L 54
69 1 U 47
70 0 U 21
71 1 L 0
72 1 U 43
73 0 L 68
74 0 U 67
75 0 U 37
76 0 L 6
77 1 U 31
78 1 U 27
79 0 L 41
80 1 U 25
81 0 U 65
82 1 U 64
83 0 L 71
84 1 L 56
85 1 L 34
86 0 U 56
87 0 U -1
88 1 L 63
89 0 L 66
90 0 L 44
91 0 U 8
92 0 U 81
93 1 U 9
94 0 L 40
95 1 L 12
96 0 L 9
97 1 U 69
98 1 L 54
99 0 U 97
