59
0 0 U -1
1 0 U -1
2 0 U -1
3 0 U -1
4 0 U -1
5 0 U -1
6 0 U -1
7 0 U -1
8 0 U -1
9 0 U -1
10 0 U -1
11 0 U -1
12 0 U -1
13 0 U -1
14 0 U -1
15 0 U -1
16 0 U -1
17 0 U -1
18 0 U -1
19 0 U -1
20 0 U -1
21 0 U -1
22 0 U -1
23 0 U -1
24 0 U -1
25 0 U -1
26 0 U -1
27 0 U -1
28 0 U -1
29 0 U -1
30 0 U -1
31 0 U -1
32 0 U -1
33 0 U -1
34 0 U -1
35 0 U -1
36 0 U -1
37 0 U -1
38 0 U -1
39 0 U -1
40 0 U -1
41 0 U -1
42 0 U -1
43 0 U -1
44 0 U -1
45 0 U -1
46 0 U -1
47 0 U -1
48 0 U -1
49 0 U -1
50 0 U -1
51 0 U -1
52 0 U -1
53 0 U -1
54 0 U -1
55 0 U -1
56 0 U -1
57 0 U -1
58 0 U -1
59
0 1 L -1
1 0 U -1
2 1 U -1
3 0 U 2
4 0 L -1
5 0 U 4
6 1 U 4
7 0 L -1
8 0 L -1
9 1 L 8
10 1 L 5
11 0 U -1
12 0 U -1
13 1 L 3
14 0 L 5
15 1 L -1
16 1 L 15
17 0 L 9
18 0 L 3
19 1 L 12
20 0 U 7
21 0 U -1
22 0 U 8
23 0 U 3
24 0 U 12
25 1 U 12
26 0 L 11
27 1 U 10
28 0 U 8
29 1 U 16
30 1 U 13
31 0 L -1
32 1 L 27
33 1 U 12
34 1 U 12
35 1 L 25
36 1 U 34
37 0 L 31
38 1 L 31
39 0 U 13
40 0 L 16
41 0 L 25
42 1 U 36
43 0 L -1
44 1 L 4
45 1 U 27
46 0 U 25
47 1 U 36
48 0 U 26
49 1 L 26
50 1 U 26
51 0 L 1
52 0 L 51
53 0 L 13
54 1 L 1
55 1 U 18
56 0 U 1
57 1 L 26
58 1 U -1
59
0 0 L -1
1 0 U -1
2 1 U -1
3 0 U 2
4 0 L -1
5 0 U 4
6 1 U 4
7 0 L -1
8 1 L -1
9 0 L 8
10 1 L 5
11 1 U -1
12 1 U -1
13 0 L 2
14 0 L 5
15 0 L -1
16 0 L 9
17 1 L 4
18 0 L 2
19 0 U -1
20 0 U 4
21 0 U 3
22 1 U 21
23 1 U 4
24 0 U 1
25 1 U 2
26 0 L 11
27 1 U 10
28 1 U 22
29 0 U 16
30 1 U 29
31 1 L -1
32 0 L 0
33 1 U 23
34 0 U 6
35 0 L 25
36 1 U 2
37 1 L 31
38 0 L 9
39 0 U 13
40 0 L 1
41 0 L 25
42 0 U -1
43 0 U -1
44 1 L 2
45 1 U 15
46 1 L 9
47 0 L -1
48 1 U 45
49 1 L 26
50 1 U 26
51 0 L 47
52 0 L 16
53 1 L 38
54 1 L 1
55 1 U 18
56 1 U 42
57 0 L 20
58 1 U -1
59
0 0 U -1
1 0 U -1
2 1 U -1
3 1 U 2
4 0 L -1
5 0 U 4
6 0 U 4
7 0 L -1
8 1 L -1
9 0 L 8
10 0 L 5
11 0 U -1
12 0 U -1
13 0 L 2
14 1 L 5
15 0 L -1
16 0 L 9
17 0 L 4
18 0 L 3
19 0 U -1
20 0 U 4
21 1 U 7
22 1 L 17
23 0 U 3
24 0 U 2
25 0 U 19
26 0 L 2
27 1 U 13
28 0 L 0
29 1 U 0
30 1 U -1
31 0 L -1
32 0 L 6
33 0 U 22
34 1 U 7
35 1 L 25
36 1 U 23
37 1 L 31
38 0 U 11
39 0 U 34
40 0 L 9
41 0 L 25
42 0 L 2
43 1 U -1
44 1 L 20
45 1 U 38
46 0 L 9
47 0 L -1
48 1 U 26
49 1 L 26
50 1 U 46
51 0 L 47
52 0 L 16
53 1 L 11
54 0 L 0
55 0 U 28
56 1 U 43
57 0 L 53
58 0 U 34
59
0 0 U -1
1 0 U -1
2 1 U -1
3 1 U 2
4 0 L -1
5 0 U 4
6 0 U 4
7 0 L -1
8 1 L -1
9 0 L 8
10 0 L 5
11 0 U -1
12 1 U -1
13 0 L 12
14 0 L 5
15 0 L -1
16 0 L 9
17 1 L 15
18 0 L 3
19 0 U -1
20 0 U 4
21 1 U 3
22 1 L 9
23 0 U 3
24 0 U 12
25 0 U 12
26 1 L 3
27 1 U 8
28 0 L 15
29 1 U 11
30 0 U -1
31 1 L -1
32 0 L 14
33 1 U 22
34 1 U 3
35 1 L 25
36 0 U 8
37 0 L 31
38 0 U 0
39 0 U 16
40 1 L 9
41 0 L 25
42 0 L 6
43 0 U -1
44 1 L 20
45 1 U 38
46 1 U 42
47 0 L -1
48 0 U 44
49 1 L 26
50 1 L 37
51 0 L 47
52 1 L 16
53 1 L 26
54 0 L 9
55 0 U 36
56 1 U 43
57 0 L 53
58 0 U 45
59
0 1 L -1
1 0 U -1
2 1 U -1
3 1 U 2
4 0 L -1
5 0 U 4
6 0 U 4
7 0 L -1
8 1 L -1
9 0 L 8
10 0 L 5
11 1 U -1
12 0 U -1
13 1 L 2
14 1 L 5
15 0 L -1
16 0 L 9
17 1 L 4
18 0 L 16
19 1 U -1
20 0 U 4
21 0 U 3
22 0 L 17
23 0 U 3
24 0 U 2
25 0 U 19
26 1 L 3
27 1 L 24
28 0 L 12
29 0 U 11
30 1 U -1
31 1 L -1
32 0 L 6
33 1 U 27
34 0 U 25
35 0 L 25
36 0 U 8
37 1 L 31
38 0 U 19
39 1 U 34
40 0 L 37
41 1 L 33
42 0 L 0
43 1 U -1
44 1 L 32
45 1 U 29
46 1 U 39
47 1 L -1
48 0 U 44
49 1 L 18
50 0 L 37
51 1 L 47
52 1 L 50
53 1 L 52
54 1 L 51
55 0 U 15
56 0 U 43
57 1 L 49
58 0 U 45
59
0 0 L -1
1 0 U -1
2 1 U -1
3 1 U 2
4 0 L -1
5 0 U 4
6 0 U 4
7 1 L 0
8 1 L -1
9 0 L 4
10 0 L 5
11 0 U -1
12 0 U -1
13 0 L 12
14 1 L 5
15 0 L -1
16 0 L 9
17 0 L 15
18 0 L 16
19 1 U -1
20 0 U 7
21 1 U 3
22 0 U 17
23 0 U 3
24 0 U 2
25 0 U 19
26 1 L 3
27 1 L 13
28 0 L 14
29 1 U 11
30 1 U -1
31 1 L -1
32 1 L 6
33 0 U 15
34 0 U 29
35 0 L 25
36 0 U 10
37 0 L 31
38 1 U 0
39 0 U 10
40 1 L 1
41 1 L 33
42 0 L 0
43 1 L -1
44 1 L 32
45 1 U 25
46 1 U 39
47 0 L -1
48 1 U 42
49 0 L 26
50 1 L 17
51 0 L 47
52 1 L 16
53 1 L 18
54 0 L 51
55 0 U 39
56 0 U 12
57 1 L 32
58 0 U 45
59
0 1 L -1
1 0 U -1
2 1 U -1
3 1 U 2
4 0 L -1
5 0 U 4
6 0 U 4
7 1 L 4
8 1 L -1
9 0 L 4
10 0 L 5
11 0 U -1
12 0 U -1
13 1 L 12
14 1 L 5
15 0 L -1
16 0 L 9
17 0 L 15
18 0 L 16
19 1 U -1
20 0 U 4
21 0 U 6
22 0 U 10
23 0 U 3
24 0 U 1
25 0 U 19
26 1 L 16
27 0 L 13
28 0 L 17
29 0 U 11
30 1 U -1
31 1 L -1
32 0 L 3
33 1 U 22
34 0 U 29
35 0 L 25
36 0 L 10
37 0 L 31
38 0 U 30
39 0 U 10
40 0 L 1
41 1 L 25
42 0 L 31
43 1 U -1
44 1 L 22
45 1 U 25
46 1 U 14
47 0 L -1
48 0 U 42
49 0 L 5
50 0 L 42
51 1 L 10
52 0 L 0
53 1 L 5
54 1 L 40
55 0 U 39
56 0 U 19
57 1 L 53
58 1 U 23
59
0 0 U -1
1 0 U -1
2 1 U -1
3 1 U 2
4 0 L -1
5 0 U 4
6 0 U 4
7 1 L 4
8 1 L -1
9 0 L 4
10 0 L 5
11 1 U -1
12 0 U -1
13 0 U 2
14 1 L 5
15 0 L -1
16 1 L 9
17 0 L 15
18 0 L 3
19 1 U -1
20 0 U 7
21 0 U 6
22 0 U 10
23 0 U 3
24 1 U 2
25 0 U 12
26 1 L 2
27 0 L 22
28 0 L 9
29 0 U 2
30 1 U 12
31 0 L -1
32 1 L 3
33 1 U 28
34 0 U 24
35 0 L 25
36 0 L 10
37 1 L 31
38 0 U -1
39 1 U 10
40 0 L 9
41 1 L 25
42 0 L 31
43 1 U -1
44 1 L 22
45 1 U 4
46 1 U 33
47 0 L -1
48 0 U 42
49 0 L 26
50 1 L 37
51 1 L 6
52 0 L 42
53 1 L 11
54 0 L 3
55 0 U 37
56 0 U 43
57 0 L 53
58 0 U 5
59
0 1 L -1
1 0 U -1
2 1 U -1
3 1 U 2
4 0 L -1
5 0 U 4
6 0 U 4
7 0 L 0
8 1 L -1
9 0 L 4
10 0 L 5
11 0 U -1
12 0 U -1
13 0 L 12
14 1 L 5
15 0 L -1
16 0 L 9
17 1 L 15
18 0 L 3
19 0 U -1
20 0 U 4
21 0 U 6
22 0 U 21
23 0 U 3
24 0 L 1
25 0 U 12
26 1 L 3
27 0 L 22
28 0 L 25
29 1 U 11
30 1 U 12
31 0 L -1
32 0 L 14
33 0 U 28
34 0 U 3
35 0 L 25
36 0 L 6
37 1 L 31
38 0 U -1
39 1 U 10
40 0 L 9
41 1 L 21
42 0 L 0
43 1 U -1
44 1 L 36
45 1 U 29
46 1 U 32
47 1 L -1
48 1 U 36
49 0 L 26
50 0 L 37
51 1 L 47
52 1 L 1
53 1 L 11
54 0 L 16
55 0 U 33
56 1 U 43
57 0 L 36
58 0 U 45
59
0 1 L -1
1 0 U -1
2 1 U -1
3 1 U 2
4 0 L -1
5 0 U 4
6 0 U 4
7 0 L 0
8 0 L -1
9 0 L 4
10 0 L 5
11 0 U -1
12 0 U -1
13 0 L -1
14 0 L 5
15 0 L -1
16 0 L 9
17 1 L 4
18 0 L 3
19 0 U -1
20 0 U 4
21 0 U 6
22 0 U 21
23 0 U 3
24 0 U 1
25 0 U 19
26 1 L 3
27 0 L 22
28 0 L 9
29 1 U 11
30 1 U 11
31 0 L -1
32 0 L 14
33 1 U 28
34 0 U 3
35 0 L 25
36 0 L 10
37 0 L 8
38 1 U -1
39 1 U 10
40 0 L 7
41 0 L 21
42 0 L 0
43 1 U -1
44 1 L 36
45 1 U 7
46 1 U 39
47 1 L -1
48 0 U 36
49 0 L 18
50 0 L 37
51 0 L 7
52 1 L 40
53 1 L 11
54 0 L 52
55 0 U 39
56 1 U 43
57 1 L 36
58 0 U 45
59
0 1 U -1
1 0 U -1
2 1 U -1
3 1 U 2
4 0 L -1
5 0 U 4
6 0 U 4
7 1 L 4
8 1 L -1
9 0 L 4
10 0 L 5
11 0 U -1
12 1 U -1
13 0 L 12
14 0 L 5
15 0 L -1
16 0 L 9
17 0 L 15
18 0 L 3
19 0 U -1
20 0 U 4
21 1 U 3
22 0 U 10
23 0 U 3
24 0 U 12
25 0 U 12
26 1 L 16
27 0 L 13
28 0 L 9
29 1 U 19
30 0 U 11
31 1 U -1
32 0 L 3
33 1 U 28
34 0 U 30
35 0 L 25
36 1 L 14
37 1 L 15
38 1 U -1
39 1 U 10
40 0 L 17
41 1 L 19
42 1 L 37
43 0 L -1
44 1 L 20
45 1 U 7
46 1 U 33
47 1 L -1
48 1 U 26
49 0 L 18
50 1 L 1
51 0 L 47
52 1 L 50
53 1 L 11
54 0 L 52
55 0 U 39
56 1 U 1
57 1 L 22
58 0 U 16
59
0 1 L -1
1 0 U -1
2 1 U -1
3 1 U 2
4 0 L -1
5 0 U 4
6 0 U 4
7 0 L 0
8 1 L -1
9 0 L 4
10 0 L 5
11 1 U -1
12 0 U -1
13 0 U 2
14 1 L 5
15 0 L -1
16 0 L 9
17 0 L 15
18 0 L 3
19 0 U -1
20 0 L 12
21 1 U 3
22 0 L 12
23 0 U 3
24 1 U 10
25 0 U 12
26 1 L 2
27 0 L 22
28 0 L 9
29 0 U -1
30 1 U 0
31 1 U -1
32 0 L 3
33 1 U 17
34 0 U 25
35 0 L 27
36 1 L 10
37 0 L 15
38 0 U -1
39 1 U 10
40 0 L 7
41 1 L 8
42 0 L 17
43 0 L -1
44 1 L 12
45 0 U 30
46 1 L 33
47 1 L -1
48 1 U 26
49 0 L 5
50 1 L 41
51 1 L 0
52 1 L 40
53 1 L 11
54 0 L 52
55 0 U 39
56 1 U 1
57 1 L 22
58 0 U 45
59
0 1 L -1
1 0 U -1
2 1 U -1
3 1 U 2
4 0 L -1
5 0 U 4
6 0 U 4
7 0 L 4
8 1 L -1
9 0 L 4
10 0 L 5
11 1 U -1
12 0 U -1
13 0 L 12
14 0 L 5
15 0 L -1
16 0 L 9
17 0 L 15
18 0 L 3
19 0 U 1
20 0 U 19
21 1 U 3
22 0 L 12
23 0 U 3
24 1 U 13
25 0 U 12
26 1 L 16
27 0 L 13
28 0 L 17
29 0 U -1
30 1 U 0
31 1 U -1
32 0 L 16
33 0 U 17
34 0 U 25
35 0 L 27
36 0 L 6
37 1 L 8
38 0 U -1
39 0 U 34
40 1 L 37
41 1 L 8
42 0 L 1
43 0 L -1
44 0 L 12
45 1 U 3
46 1 L 25
47 1 L -1
48 1 U 42
49 0 L 18
50 1 L 41
51 0 L 47
52 1 L 28
53 1 L 11
54 0 L 52
55 0 U 40
56 1 U 11
57 1 L 36
58 0 U 45
59
0 1 U -1
1 0 U -1
2 1 U -1
3 1 U 2
4 0 L -1
5 0 U 4
6 0 U 4
7 1 L 0
8 1 L -1
9 0 L 4
10 0 L 5
11 1 U -1
12 0 U -1
13 1 L 12
14 1 L 5
15 0 L -1
16 0 L 9
17 0 L 4
18 0 L 3
19 0 U 12
20 0 U 4
21 1 U 3
22 0 L 6
23 0 U 3
24 1 U 13
25 0 U 12
26 1 L 2
27 0 L 22
28 0 L 9
29 0 U -1
30 1 U 11
31 1 U -1
32 0 L 16
33 0 U 17
34 0 U 25
35 0 L 27
36 0 L 10
37 1 L 8
38 1 U -1
39 0 U 10
40 1 L 37
41 1 L 8
42 0 L 1
43 0 L -1
44 0 L 6
45 1 U 3
46 1 L 29
47 1 L -1
48 0 U 42
49 0 L 5
50 1 L 1
51 1 L 47
52 1 L 28
53 1 L 11
54 0 L 52
55 0 U 40
56 1 U 11
57 1 L 20
58 0 U 21
59
0 1 L -1
1 0 U -1
2 1 U -1
3 1 U 2
4 0 L -1
5 0 U 4
6 0 U 4
7 0 L 0
8 1 L -1
9 0 L 4
10 0 L 5
11 0 U -1
12 1 U -1
13 0 L 12
14 0 L 5
15 0 L -1
16 0 L 9
17 1 L 4
18 0 L 3
19 0 U 12
20 0 U 3
21 1 U 3
22 0 L 10
23 0 U 3
24 1 U 1
25 0 U 12
26 1 L 16
27 0 L 22
28 0 L 9
29 0 U -1
30 0 U 11
31 0 U -1
32 0 L 3
33 1 U 23
34 0 U 25
35 0 L 27
36 0 L 10
37 1 L 15
38 1 U -1
39 0 U 34
40 1 L 7
41 1 L 8
42 0 L 1
43 0 L -1
44 0 L 10
45 1 U 3
46 1 L 29
47 0 L -1
48 1 U 42
49 0 L 18
50 1 L 9
51 1 L 0
52 1 L 40
53 1 L 11
54 1 L 52
55 0 U 40
56 1 U 0
57 1 L 20
58 0 U 21
59
0 1 L -1
1 0 U -1
2 1 U -1
3 1 U 2
4 0 L -1
5 0 U 4
6 0 U 4
7 1 L 0
8 1 L -1
9 0 L 4
10 0 L 5
11 0 U -1
12 1 U -1
13 0 L 12
14 0 L 5
15 0 L -1
16 0 L 9
17 0 L 15
18 0 L 16
19 0 U 1
20 0 U 3
21 1 U 3
22 0 L 14
23 0 U 3
24 1 U 0
25 0 U 12
26 1 L 16
27 0 L 22
28 0 L 17
29 0 U -1
30 0 U 11
31 1 U -1
32 0 L 3
33 0 U 17
34 0 U 24
35 0 L 27
36 0 L 14
37 0 L 4
38 0 U -1
39 0 U 20
40 1 L 1
41 1 L 8
42 0 L 9
43 0 L -1
44 0 L 19
45 1 U 24
46 1 L 29
47 0 L -1
48 0 U 35
49 0 L 18
50 1 L 17
51 0 L 47
52 1 L 40
53 1 L 11
54 1 L 52
55 0 U 37
56 1 U 11
57 0 L 20
58 0 U 21
59
0 1 L -1
1 0 U -1
2 1 U -1
3 1 U 2
4 0 L -1
5 0 U 4
6 0 U 4
7 0 L 4
8 1 L -1
9 0 L 4
10 0 L 5
11 0 U -1
12 0 U -1
13 1 L 12
14 0 L 5
15 0 L -1
16 0 L 9
17 0 L 15
18 0 L 16
19 0 U 1
20 0 U 19
21 1 U 3
22 0 L 14
23 0 U 3
24 1 U 13
25 0 U 13
26 1 L 3
27 0 L 13
28 0 L 9
29 0 U -1
30 0 U 0
31 0 U -1
32 0 L 3
33 0 U 17
34 0 U 30
35 0 L 27
36 0 L 14
37 1 L 4
38 1 U -1
39 0 U 34
40 1 L 17
41 1 L 8
42 0 L 1
43 0 L -1
44 0 L 10
45 1 U 25
46 0 L 27
47 0 L -1
48 1 U 35
49 0 L 18
50 1 L 17
51 0 L 47
52 1 L 50
53 1 L 11
54 1 L 52
55 0 U 14
56 1 U 31
57 0 L 53
58 0 U 45
59
0 1 U -1
1 0 U -1
2 1 U -1
3 1 U 2
4 0 L -1
5 0 U 4
6 0 U 4
7 1 L 4
8 1 L -1
9 0 L 8
10 0 L 5
11 0 U -1
12 0 U -1
13 1 L 12
14 1 L 5
15 0 L -1
16 0 L 9
17 0 L 15
18 0 L 3
19 0 U 2
20 0 U 3
21 1 U 3
22 0 L 6
23 0 U 7
24 1 U 12
25 0 U 13
26 1 L 16
27 0 L 13
28 0 L 17
29 0 U -1
30 1 U 1
31 1 U -1
32 0 L 3
33 0 U 20
34 0 U 25
35 0 L 27
36 1 L 14
37 0 L 4
38 0 U -1
39 0 U 21
40 0 L 17
41 1 L 4
42 0 L 9
43 0 L -1
44 1 L 10
45 1 U 24
46 1 L 29
47 0 L -1
48 1 U 35
49 0 L 18
50 1 L 17
51 1 L 47
52 1 L 28
53 1 L 11
54 0 L 52
55 0 U 39
56 1 U 31
57 1 L 53
58 0 U 45
59
0 0 L -1
1 0 U -1
2 1 U -1
3 1 U 2
4 0 L -1
5 0 U 4
6 0 U 4
7 1 L 0
8 1 L -1
9 1 L 4
10 0 L 5
11 0 U -1
12 0 U -1
13 1 L 12
14 0 L 5
15 0 L -1
16 0 L 9
17 0 L 15
18 0 L 3
19 1 U 12
20 0 U 3
21 1 U 3
22 1 L 6
23 0 U 3
24 1 U 12
25 0 U 12
26 1 L 3
27 0 L 13
28 0 L 17
29 0 U -1
30 0 U 1
31 1 U -1
32 0 L 3
33 1 U 20
34 0 U 24
35 0 L 29
36 1 L 27
37 1 L 4
38 1 L -1
39 1 U 23
40 0 L 17
41 0 L 0
42 1 L 41
43 1 L -1
44 1 L 6
45 1 U 24
46 0 L 25
47 1 L -1
48 1 U 35
49 0 L 32
50 1 L 17
51 0 L 47
52 1 L 40
53 1 L 11
54 0 L 52
55 0 U 14
56 1 U 1
57 0 L 53
58 0 U 23
59
0 0 L -1
1 0 U -1
2 1 U -1
3 1 U 2
4 0 L -1
5 0 U 4
6 0 U 4
7 0 L 0
8 0 L -1
9 1 L 0
10 0 L 5
11 1 U -1
12 1 U -1
13 1 L 12
14 0 L 5
15 0 L -1
16 1 L 7
17 1 L 4
18 0 L -1
19 1 U 12
20 0 U 6
21 1 U 3
22 0 U 10
23 0 U 3
24 1 U 1
25 0 U 12
26 1 L 3
27 0 L 13
28 0 L 1
29 0 U -1
30 1 U 1
31 1 U -1
32 1 L 2
33 1 U 10
34 0 U 30
35 0 L 27
36 1 L 29
37 0 L 15
38 0 U -1
39 0 U 16
40 1 L 1
41 1 L 0
42 1 L 14
43 1 L -1
44 1 L 10
45 1 U 30
46 0 L 25
47 1 L -1
48 1 U 35
49 0 L 32
50 1 L 1
51 0 L 47
52 1 L 50
53 1 L 11
54 0 L 52
55 0 U 14
56 1 U 31
57 0 L 53
58 0 U 21
59
0 1 U -1
1 0 U -1
2 1 U -1
3 1 U 2
4 0 L -1
5 0 U 4
6 0 U 4
7 0 L 0
8 1 L -1
9 1 L 0
10 0 L 5
11 1 U -1
12 1 U -1
13 1 L 12
14 0 L 5
15 0 L -1
16 0 L 9
17 1 L 15
18 0 L -1
19 1 U 12
20 0 U 4
21 1 U 3
22 1 L 3
23 0 U 3
24 1 U 13
25 0 U 13
26 1 L 3
27 0 L 13
28 0 L 9
29 0 U -1
30 0 U 11
31 1 U -1
32 1 L 26
33 0 U 22
34 0 U 30
35 0 L 27
36 0 L 6
37 1 L 4
38 1 U -1
39 0 U 10
40 1 L 1
41 0 L 0
42 0 L 3
43 1 L 1
44 1 L 20
45 1 U 30
46 1 L 27
47 1 L -1
48 0 U 44
49 0 L 32
50 1 L 7
51 0 L 0
52 1 L 50
53 1 L 32
54 0 L 52
55 0 U 14
56 1 U 0
57 0 L 53
58 0 U 21
59
0 0 L -1
1 0 U -1
2 1 U -1
3 1 U 2
4 0 L -1
5 0 U 4
6 0 U 4
7 0 L 0
8 1 L -1
9 0 L 8
10 0 L 5
11 1 U -1
12 1 U -1
13 1 L 12
14 0 L 5
15 1 L -1
16 0 L 9
17 0 L 15
18 1 L -1
19 1 U 2
20 0 U 3
21 1 U 3
22 0 L 3
23 0 U 3
24 1 U 12
25 0 U 12
26 1 L 3
27 0 L 13
28 1 L 17
29 0 U -1
30 1 U 0
31 1 U -1
32 0 L 26
33 1 U 28
34 0 U 30
35 0 L 25
36 0 L 6
37 0 L 18
38 1 U -1
39 0 U 10
40 1 L 1
41 0 L 0
42 0 L 28
43 1 L 41
44 1 L 20
45 1 U 3
46 1 L -1
47 1 L -1
48 0 U 43
49 0 L 32
50 1 L 7
51 0 L 0
52 0 L 26
53 1 L 12
54 0 L 50
55 0 U 14
56 1 U 0
57 1 L 53
58 0 U 23
59
0 0 U -1
1 0 U -1
2 1 U -1
3 1 U 2
4 0 L -1
5 0 U 4
6 0 U 4
7 0 L 0
8 1 L -1
9 1 L 0
10 0 L 5
11 1 U -1
12 0 U -1
13 1 L 12
14 0 L 5
15 0 L -1
16 0 L 7
17 0 L 15
18 1 L -1
19 1 U 12
20 0 U 3
21 1 U 10
22 0 L 3
23 0 U 3
24 1 U 12
25 0 U 12
26 1 L 2
27 0 L 24
28 1 L 17
29 0 U -1
30 1 U 1
31 1 U -1
32 0 L 5
33 1 U 28
34 1 U 3
35 0 L 23
36 0 L 29
37 0 L 18
38 1 U -1
39 0 U 10
40 1 L 1
41 0 L 0
42 0 L 3
43 1 L 1
44 1 L 20
45 1 U 30
46 0 L -1
47 0 L -1
48 1 U 43
49 1 L 32
50 1 L 7
51 0 L 0
52 1 L 3
53 0 L 52
54 1 L 21
55 0 U 26
56 1 U 1
57 1 L 53
58 0 U 45
59
0 0 L -1
1 0 U -1
2 1 U -1
3 1 U 2
4 0 L -1
5 0 U 4
6 0 U 4
7 0 L 0
8 0 L -1
9 1 L 0
10 0 L 5
11 1 U -1
12 0 U -1
13 1 L 12
14 0 L 5
15 0 L -1
16 0 L 1
17 0 L 0
18 1 L -1
19 1 U 2
20 0 U 3
21 1 L 10
22 0 L 3
23 0 U 3
24 1 U 12
25 0 U 12
26 1 L 2
27 0 L 13
28 1 L 17
29 0 U -1
30 1 U 1
31 1 U -1
32 0 L 5
33 1 U 28
34 0 U 25
35 0 L 23
36 0 L 29
37 1 L 18
38 0 U -1
39 0 U 22
40 1 L 37
41 0 L 0
42 1 L 3
43 1 L 41
44 1 L 21
45 1 U 24
46 0 L -1
47 1 L -1
48 1 U 43
49 0 L 32
50 1 L 7
51 0 L 47
52 1 L 40
53 0 L 52
54 0 L 20
55 0 U 26
56 1 U 1
57 1 L 32
58 0 U 16
59
0 0 L -1
1 0 U -1
2 1 U -1
3 1 U 2
4 0 L -1
5 0 U 4
6 0 U 4
7 0 L 0
8 1 L -1
9 1 L 0
10 0 L 5
11 1 U -1
12 0 U -1
13 1 L 12
14 0 L 5
15 1 L -1
16 0 L 1
17 0 L 15
18 0 L -1
19 1 U 12
20 0 U 3
21 1 L 10
22 0 L 3
23 0 U 3
24 1 U 2
25 0 U 12
26 1 L 3
27 0 L 13
28 1 L 17
29 0 U -1
30 1 U 11
31 0 U -1
32 0 L 5
33 1 U 20
34 1 U 3
35 0 L 23
36 0 L 25
37 0 L 4
38 0 U -1
39 0 U 16
40 1 L 37
41 0 L 0
42 0 L 2
43 1 L 41
44 1 L 21
45 1 U 24
46 0 L -1
47 1 L -1
48 0 U 43
49 0 L 32
50 1 L 1
51 0 L 47
52 1 L 3
53 0 L 52
54 1 L 49
55 0 U 27
56 1 U 31
57 1 L 32
58 0 U 34
59
0 0 L -1
1 0 U -1
2 1 U -1
3 1 U 2
4 0 L -1
5 0 U 4
6 0 U 4
7 0 L 0
8 0 L -1
9 1 L 0
10 0 L 5
11 0 U -1
12 0 U -1
13 1 L 12
14 0 L 5
15 1 L -1
16 0 L 1
17 0 L 15
18 0 L -1
19 1 U 12
20 0 U 3
21 1 U 10
22 0 L 16
23 0 U 6
24 1 U 2
25 0 U 12
26 1 L 16
27 1 L 21
28 1 L 17
29 0 U -1
30 1 U 0
31 0 U -1
32 1 L 5
33 0 U 23
34 0 U 3
35 0 L 23
36 0 L 25
37 1 L 8
38 1 U -1
39 0 U 22
40 1 L 7
41 0 L 15
42 0 L 2
43 1 L 1
44 1 L 20
45 0 U 24
46 0 L -1
47 0 L -1
48 0 U 43
49 0 L 32
50 1 L 37
51 0 L 47
52 1 L 50
53 0 L 52
54 1 L 49
55 0 U 26
56 1 U 31
57 1 L 11
58 1 U 45
59
0 0 U -1
1 0 U -1
2 1 U -1
3 1 U 2
4 0 L -1
5 0 U 4
6 0 U 4
7 0 L 0
8 1 L -1
9 1 L 4
10 0 L 5
11 1 U -1
12 0 U -1
13 1 L 12
14 0 L 5
15 1 L -1
16 0 L 1
17 0 L 15
18 0 L -1
19 1 U 2
20 0 U 3
21 1 U 10
22 0 L 16
23 0 U 8
24 1 U 2
25 0 U 2
26 1 L 3
27 1 L 21
28 1 L 17
29 0 U -1
30 1 U 0
31 0 U -1
32 1 L 22
33 1 U 15
34 0 U 30
35 0 L 23
36 1 L 25
37 0 L 8
38 0 U -1
39 1 U 10
40 1 L 37
41 0 L 15
42 0 L 3
43 1 L 41
44 1 L 20
45 0 U 24
46 0 L -1
47 1 L -1
48 1 U 43
49 0 L 11
50 1 L 7
51 0 L 47
52 1 L 50
53 0 L 52
54 1 L 21
55 0 U 33
56 1 U 31
57 1 L 11
58 1 U 45
59
0 0 L -1
1 0 U -1
2 1 U -1
3 1 U 2
4 0 L -1
5 0 U 4
6 0 U 4
7 0 L 0
8 1 L -1
9 1 L 0
10 0 L 5
11 1 U -1
12 1 U -1
13 0 L 12
14 0 L 5
15 1 L -1
16 0 L 1
17 0 L 15
18 0 L -1
19 1 U 12
20 0 U 3
21 1 U 10
22 0 L 16
23 0 U 16
24 1 U 2
25 0 U 7
26 1 L 2
27 1 L 21
28 1 L 17
29 1 U -1
30 1 U 0
31 0 U -1
32 1 L 22
33 1 U 15
34 0 U 30
35 0 L 23
36 1 L 23
37 1 L 4
38 0 U -1
39 1 U 10
40 1 L 7
41 0 L 15
42 0 L 3
43 1 L 41
44 1 L 21
45 0 U 24
46 0 L -1
47 0 L -1
48 1 U 32
49 0 L 11
50 1 L 1
51 0 L 0
52 1 L 50
53 0 L 52
54 0 L 49
55 0 U 33
56 1 U 31
57 1 L 32
58 1 U 45
59
0 0 L -1
1 0 U -1
2 1 U -1
3 1 U 2
4 0 L -1
5 0 U 4
6 0 U 4
7 0 L 0
8 1 L -1
9 1 L 0
10 0 L 5
11 1 U -1
12 0 U -1
13 1 L 12
14 0 L 5
15 1 L -1
16 0 L 1
17 0 L 15
18 0 L -1
19 1 U 2
20 0 U 3
21 1 U 10
22 0 L 16
23 0 U 16
24 1 U 12
25 0 U 7
26 1 L 3
27 1 L 21
28 1 L 17
29 0 U -1
30 0 U 13
31 1 U -1
32 1 L 22
33 0 U 16
34 0 U 11
35 0 L 23
36 1 L 25
37 0 L 18
38 1 U -1
39 1 U 22
40 1 L 9
41 0 L 15
42 0 L 3
43 1 L 41
44 1 L 21
45 0 U 24
46 0 L -1
47 1 L -1
48 1 U 42
49 0 L 32
50 1 L 1
51 0 L 47
52 1 L 50
53 0 L 52
54 0 L 49
55 0 U 26
56 1 U 1
57 1 L 53
58 1 U 9
59
0 0 U -1
1 0 U -1
2 1 U -1
3 1 U 2
4 0 L -1
5 0 U 4
6 0 U 4
7 0 L 0
8 1 L -1
9 1 L 0
10 0 L 5
11 0 U -1
12 0 U -1
13 1 L 12
14 0 L 5
15 1 L -1
16 0 L 1
17 0 L 15
18 0 L -1
19 1 U 2
20 0 U 3
21 1 U 10
22 0 L 3
23 0 U 5
24 1 U 12
25 0 U 7
26 1 L 2
27 1 L 13
28 1 L 17
29 0 U -1
30 0 U 13
31 1 U -1
32 1 L 22
33 1 U 16
34 0 U 1
35 0 L 23
36 1 L 23
37 1 L 8
38 1 U -1
39 1 U 10
40 1 L 7
41 0 L 0
42 0 L 3
43 1 L 41
44 1 L 20
45 0 U 24
46 0 L -1
47 1 L -1
48 1 U 32
49 0 L 32
50 1 L 7
51 0 L 0
52 1 L 50
53 0 L 52
54 1 L 49
55 0 U 21
56 1 U 1
57 1 L 53
58 1 U 9
59
0 0 U -1
1 0 U -1
2 1 U -1
3 1 U 2
4 0 L -1
5 0 U 4
6 0 U 4
7 0 L 0
8 0 L -1
9 1 L 8
10 0 L 5
11 1 U -1
12 0 U -1
13 1 L 12
14 0 L 5
15 1 L -1
16 0 L 7
17 0 L 15
18 0 L -1
19 1 U 2
20 0 U 3
21 1 U 10
22 0 L 3
23 0 U 16
24 1 U 12
25 0 U 0
26 1 L 3
27 1 L 21
28 1 L 17
29 0 U -1
30 1 U 9
31 1 U -1
32 1 L 22
33 0 U 30
34 0 U 0
35 0 L 23
36 1 L 23
37 1 L 18
38 0 U -1
39 0 U 20
40 1 L 7
41 0 L 0
42 1 L 40
43 1 L 41
44 1 L 21
45 0 U 24
46 0 L -1
47 0 L -1
48 1 U 32
49 0 L 32
50 1 L 1
51 0 L 0
52 1 L 50
53 0 L 52
54 0 L 49
55 0 U 21
56 1 U 1
57 1 L 32
58 1 U 9
