51
0 0 U -1
1 1 U -1
2 0 U -1
3 0 U -1
4 1 U -1
5 1 U -1
6 1 U -1
7 1 U -1
8 0 U -1
9 1 U -1
10 0 U -1
11 0 U -1
12 1 U -1
13 0 U -1
14 0 U -1
15 1 U -1
16 1 U -1
17 1 U -1
18 0 U -1
19 1 U -1
20 1 U -1
21 1 U -1
22 0 U -1
23 1 U -1
24 1 U -1
25 0 U -1
26 1 U -1
27 0 U -1
28 1 U -1
29 0 U -1
30 0 U -1
31 1 U -1
32 0 U -1
33 1 U -1
34 1 U -1
35 0 U -1
36 0 U -1
37 1 U -1
38 1 U -1
39 1 U -1
40 0 U -1
41 0 U -1
42 1 U -1
43 0 U -1
44 0 U -1
45 0 U -1
46 1 U -1
47 0 U -1
48 0 U -1
49 1 U -1
50 1 U -1
51
0 0 U -1
1 1 U -1
2 0 U -1
3 0 U -1
4 1 U -1
5 1 U -1
6 1 U -1
7 1 U -1
8 0 U -1
9 1 U -1
10 0 U -1
11 0 U -1
12 1 U -1
13 0 U -1
14 0 U -1
15 1 U -1
16 1 U -1
17 1 U -1
18 0 U -1
19 1 U -1
20 1 U -1
21 1 U -1
22 0 U -1
23 1 U -1
24 1 U -1
25 0 U -1
26 1 U -1
27 0 U -1
28 1 U -1
29 0 U -1
30 0 U -1
31 1 U -1
32 0 U -1
33 1 U -1
34 1 U -1
35 0 U -1
36 0 U -1
37 1 U -1
38 1 U -1
39 1 U -1
40 0 U -1
41 0 U -1
42 1 U -1
43 0 U -1
44 0 U -1
45 0 U -1
46 1 U -1
47 0 U -1
48 0 U -1
49 1 U -1
50 1 U -1
51
0 0 U -1
1 1 U -1
2 0 U -1
3 0 U -1
4 1 U -1
5 1 U -1
6 1 U -1
7 1 U -1
8 0 U -1
9 1 U -1
10 0 U -1
11 0 U -1
12 1 U -1
13 0 U -1
14 0 U -1
15 1 U -1
16 1 U -1
17 1 U -1
18 0 U -1
19 1 U -1
20 1 U -1
21 1 U -1
22 0 U -1
23 1 U -1
24 1 U -1
25 0 U -1
26 1 U -1
27 0 U -1
28 1 U -1
29 0 U -1
30 0 U -1
31 1 U -1
32 0 U -1
33 1 U -1
34 1 U -1
35 0 U -1
36 0 U -1
37 1 U -1
38 1 U -1
39 1 U -1
40 0 U -1
41 0 U -1
42 1 U -1
43 0 U -1
44 0 U -1
45 0 U -1
46 1 U -1
47 0 U -1
48 0 U -1
49 1 U -1
50 1 U -1
51
0 0 U -1
1 1 U -1
2 0 U -1
3 0 U -1
4 1 U -1
5 1 U -1
6 1 U -1
7 1 U -1
8 0 U -1
9 1 U -1
10 0 U -1
11 0 U -1
12 1 U -1
13 0 U -1
14 0 U -1
15 1 U -1
16 1 U -1
17 1 U -1
18 0 U -1
19 1 U -1
20 1 U -1
21 1 U -1
22 0 U -1
23 1 U -1
24 1 U -1
25 0 U -1
26 1 U -1
27 0 U -1
28 1 U -1
29 0 U -1
30 0 U -1
31 1 U -1
32 0 U -1
33 1 U -1
34 1 U -1
35 0 U -1
36 0 U -1
37 1 U -1
38 1 U -1
39 1 U -1
40 0 U -1
41 0 U -1
42 1 U -1
43 0 U -1
44 0 U -1
45 0 U -1
46 1 U -1
47 0 U -1
48 0 U -1
49 1 U -1
50 1 U -1
51
0 0 U -1
1 1 U -1
2 0 U -1
3 0 U -1
4 1 U -1
5 1 U -1
6 1 U -1
7 1 U -1
8 0 U -1
9 1 U -1
10 0 U -1
11 0 U -1
12 1 U -1
13 0 U -1
14 0 U -1
15 1 U -1
16 1 U -1
17 1 U -1
18 0 U -1
19 1 U -1
20 1 U -1
21 1 U -1
22 0 U -1
23 1 U -1
24 1 U -1
25 0 U -1
26 1 U -1
27 0 U -1
28 1 U -1
29 0 U -1
30 0 U -1
31 1 U -1
32 0 U -1
33 1 U -1
34 1 U -1
35 0 U -1
36 0 U -1
37 1 U -1
38 1 U -1
39 1 U -1
40 0 U -1
41 0 U -1
42 1 U -1
43 0 U -1
44 0 U -1
45 0 U -1
46 1 U -1
47 0 U -1
48 0 U -1
49 1 U -1
50 1 U -1
51
0 0 U -1
1 1 U -1
2 0 U -1
3 0 U -1
4 1 U -1
5 1 U -1
6 1 U -1
7 1 U -1
8 0 U -1
9 1 U -1
10 0 U -1
11 0 U -1
12 1 U -1
13 0 U -1
14 0 U -1
15 1 U -1
16 1 U -1
17 1 U -1
18 0 U -1
19 1 U -1
20 1 U -1
21 1 U -1
22 0 U -1
23 1 U -1
24 1 U -1
25 0 U -1
26 1 U -1
27 0 U -1
28 1 U -1
29 0 U -1
30 0 U -1
31 1 U -1
32 0 U -1
33 1 U -1
34 1 U -1
35 0 U -1
36 0 U -1
37 1 U -1
38 1 U -1
39 1 U -1
40 0 U -1
41 0 U -1
42 1 U -1
43 0 U -1
44 0 U -1
45 0 U -1
46 1 U -1
47 0 U -1
48 0 U -1
49 1 U -1
50 1 U -1
51
0 0 U -1
1 1 U -1
2 0 U -1
3 0 U -1
4 1 U -1
5 1 U -1
6 1 U -1
7 1 U -1
8 0 U -1
9 1 U -1
10 0 U -1
11 0 U -1
12 1 U -1
13 0 U -1
14 0 U -1
15 1 U -1
16 1 U -1
17 1 U -1
18 0 U -1
19 1 U -1
20 1 U -1
21 1 U -1
22 0 U -1
23 1 U -1
24 1 U -1
25 0 U -1
26 1 U -1
27 0 U -1
28 1 U -1
29 0 U -1
30 0 U -1
31 1 U -1
32 0 U -1
33 1 U -1
34 1 U -1
35 0 U -1
36 0 U -1
37 1 U -1
38 1 U -1
39 1 U -1
40 0 U -1
41 0 U -1
42 1 U -1
43 0 U -1
44 0 U -1
45 0 U -1
46 1 U -1
47 0 U -1
48 0 U -1
49 1 U -1
50 1 U -1
51
0 0 U -1
1 1 U -1
2 0 U -1
3 0 U -1
4 1 U -1
5 1 U -1
6 1 U -1
7 1 U -1
8 0 U -1
9 1 U -1
10 0 U -1
11 0 U -1
12 1 U -1
13 0 U -1
14 0 U -1
15 1 U -1
16 1 U -1
17 1 U -1
18 0 U -1
19 1 U -1
20 1 U -1
21 1 U -1
22 0 U -1
23 1 U -1
24 1 U -1
25 0 U -1
26 1 U -1
27 0 U -1
28 1 U -1
29 0 U -1
30 0 U -1
31 1 U -1
32 0 U -1
33 1 U -1
34 1 U -1
35 0 U -1
36 0 U -1
37 1 U -1
38 1 U -1
39 1 U -1
40 0 U -1
41 0 U -1
42 1 U -1
43 0 U -1
44 0 U -1
45 0 U -1
46 1 U -1
47 0 U -1
48 0 U -1
49 1 U -1
50 1 U -1
51
0 0 U -1
1 1 U -1
2 0 U -1
3 0 U -1
4 1 U -1
5 1 U -1
6 1 U -1
7 1 U -1
8 0 U -1
9 1 U -1
10 0 U -1
11 0 U -1
12 1 U -1
13 0 U -1
14 0 U -1
15 1 U -1
16 1 U -1
17 1 U -1
18 0 U -1
19 1 U -1
20 1 U -1
21 1 U -1
22 0 U -1
23 1 U -1
24 1 U -1
25 0 U -1
26 1 U -1
27 0 U -1
28 1 U -1
29 0 U -1
30 0 U -1
31 1 U -1
32 0 U -1
33 1 U -1
34 1 U -1
35 0 U -1
36 0 U -1
37 1 U -1
38 1 U -1
39 1 U -1
40 0 U -1
41 0 U -1
42 1 U -1
43 0 U -1
44 0 U -1
45 0 U -1
46 1 U -1
47 0 U -1
48 0 U -1
49 1 U -1
50 1 U -1
51
0 0 U -1
1 1 U -1
2 0 U -1
3 0 U -1
4 1 U -1
5 1 U -1
6 1 U -1
7 1 U -1
8 0 U -1
9 1 U -1
10 0 U -1
11 0 U -1
12 1 U -1
13 0 U -1
14 0 U -1
15 1 U -1
16 1 U -1
17 1 U -1
18 0 U -1
19 1 U -1
20 1 U -1
21 1 U -1
22 0 U -1
23 1 U -1
24 1 U -1
25 0 U -1
26 1 U -1
27 0 U -1
28 1 U -1
29 0 U -1
30 0 U -1
31 1 U -1
32 0 U -1
33 1 U -1
34 1 U -1
35 0 U -1
36 0 U -1
37 1 U -1
38 1 U -1
39 1 U -1
40 0 U -1
41 0 U -1
42 1 U -1
43 0 U -1
44 0 U -1
45 0 U -1
46 1 U -1
47 0 U -1
48 0 U -1
49 1 U -1
50 1 U -1
51
0 0 U -1
1 1 U -1
2 0 U -1
3 0 U -1
4 1 U -1
5 1 U -1
6 1 U -1
7 1 U -1
8 0 U -1
9 1 U -1
10 0 U -1
11 0 U -1
12 1 U -1
13 0 U -1
14 0 U -1
15 1 U -1
16 1 U -1
17 1 U -1
18 0 U -1
19 1 U -1
20 1 U -1
21 1 U -1
22 0 U -1
23 1 U -1
24 1 U -1
25 0 U -1
26 1 U -1
27 0 U -1
28 1 U -1
29 0 U -1
30 0 U -1
31 1 U -1
32 0 U -1
33 1 U -1
34 1 U -1
35 0 U -1
36 0 U -1
37 1 U -1
38 1 U -1
39 1 U -1
40 0 U -1
41 0 U -1
42 1 U -1
43 0 U -1
44 0 U -1
45 0 U -1
46 1 U -1
47 0 U -1
48 0 U -1
49 1 U -1
50 1 U -1
51
0 0 U -1
1 1 U -1
2 0 U -1
3 0 U -1
4 1 U -1
5 1 U -1
6 1 U -1
7 1 U -1
8 0 U -1
9 1 U -1
10 0 U -1
11 0 U -1
12 1 U -1
13 0 U -1
14 0 U -1
15 1 U -1
16 1 U -1
17 1 U -1
18 0 U -1
19 1 U -1
20 1 U -1
21 1 U -1
22 0 U -1
23 1 U -1
24 1 U -1
25 0 U -1
26 1 U -1
27 0 U -1
28 1 U -1
29 0 U -1
30 0 U -1
31 1 U -1
32 0 U -1
33 1 U -1
34 1 U -1
35 0 U -1
36 0 U -1
37 1 U -1
38 1 U -1
39 1 U -1
40 0 U -1
41 0 U -1
42 1 U -1
43 0 U -1
44 0 U -1
45 0 U -1
46 1 U -1
47 0 U -1
48 0 U -1
49 1 U -1
50 1 U -1
51
0 0 U -1
1 1 U -1
2 0 U -1
3 0 U -1
4 1 U -1
5 1 U -1
6 1 U -1
7 1 U -1
8 0 U -1
9 1 U -1
10 0 U -1
11 0 U -1
12 1 U -1
13 0 U -1
14 0 U -1
15 1 U -1
16 1 U -1
17 1 U -1
18 0 U -1
19 1 U -1
20 1 U -1
21 1 U -1
22 0 U -1
23 1 U -1
24 1 U -1
25 0 U -1
26 1 U -1
27 0 U -1
28 1 U -1
29 0 U -1
30 0 U -1
31 1 U -1
32 0 U -1
33 1 U -1
34 1 U -1
35 0 U -1
36 0 U -1
37 1 U -1
38 1 U -1
39 1 U -1
40 0 U -1
41 0 U -1
42 1 U -1
43 0 U -1
44 0 U -1
45 0 U -1
46 1 U -1
47 0 U -1
48 0 U -1
49 1 U -1
50 1 U -1
51
0 0 U -1
1 1 U -1
2 0 U -1
3 0 U -1
4 1 U -1
5 1 U -1
6 1 U -1
7 1 U -1
8 0 U -1
9 1 U -1
10 0 U -1
11 0 U -1
12 1 U -1
13 0 U -1
14 0 U -1
15 1 U -1
16 1 U -1
17 1 U -1
18 0 U -1
19 1 U -1
20 1 U -1
21 1 U -1
22 0 U -1
23 1 U -1
24 1 U -1
25 0 U -1
26 1 U -1
27 0 U -1
28 1 U -1
29 0 U -1
30 0 U -1
31 1 U -1
32 0 U -1
33 1 U -1
34 1 U -1
35 0 U -1
36 0 U -1
37 1 U -1
38 1 U -1
39 1 U -1
40 0 U -1
41 0 U -1
42 1 U -1
43 0 U -1
44 0 U -1
45 0 U -1
46 1 U -1
47 0 U -1
48 0 U -1
49 1 U -1
50 1 U -1
51
0 0 U -1
1 1 U -1
2 0 U -1
3 0 U -1
4 1 U -1
5 1 U -1
6 1 U -1
7 1 U -1
8 0 U -1
9 1 U -1
10 0 U -1
11 0 U -1
12 1 U -1
13 0 U -1
14 0 U -1
15 1 U -1
16 1 U -1
17 1 U -1
18 0 U -1
19 1 U -1
20 1 U -1
21 1 U -1
22 0 U -1
23 1 U -1
24 1 U -1
25 0 U -1
26 1 U -1
27 0 U -1
28 1 U -1
29 0 U -1
30 0 U -1
31 1 U -1
32 0 U -1
33 1 U -1
34 1 U -1
35 0 U -1
36 0 U -1
37 1 U -1
38 1 U -1
39 1 U -1
40 0 U -1
41 0 U -1
42 1 U -1
43 0 U -1
44 0 U -1
45 0 U -1
46 1 U -1
47 0 U -1
48 0 U -1
49 1 U -1
50 1 U -1
51
0 0 U -1
1 1 U -1
2 0 U -1
3 0 U -1
4 1 U -1
5 1 U -1
6 1 U -1
7 1 U -1
8 0 U -1
9 1 U -1
10 0 U -1
11 0 U -1
12 1 U -1
13 0 U -1
14 0 U -1
15 1 U -1
16 1 U -1
17 1 U -1
18 0 U -1
19 1 U -1
20 1 U -1
21 1 U -1
22 0 U -1
23 1 U -1
24 1 U -1
25 0 U -1
26 1 U -1
27 0 U -1
28 1 U -1
29 0 U -1
30 0 U -1
31 1 U -1
32 0 U -1
33 1 U -1
34 1 U -1
35 0 U -1
36 0 U -1
37 1 U -1
38 1 U -1
39 1 U -1
40 0 U -1
41 0 U -1
42 1 U -1
43 0 U -1
44 0 U -1
45 0 U -1
46 1 U -1
47 0 U -1
48 0 U -1
49 1 U -1
50 1 U -1
51
0 0 U -1
1 1 U -1
2 0 U -1
3 0 U -1
4 1 U -1
5 1 U -1
6 1 U -1
7 1 U -1
8 0 U -1
9 1 U -1
10 0 U -1
11 0 U -1
12 1 U -1
13 0 U -1
14 0 U -1
15 1 U -1
16 1 U -1
17 1 U -1
18 0 U -1
19 1 U -1
20 1 U -1
21 1 U -1
22 0 U -1
23 1 U -1
24 1 U -1
25 0 U -1
26 1 U -1
27 0 U -1
28 1 U -1
29 0 U -1
30 0 U -1
31 1 U -1
32 0 U -1
33 1 U -1
34 1 U -1
35 0 U -1
36 0 U -1
37 1 U -1
38 1 U -1
39 1 U -1
40 0 U -1
41 0 U -1
42 1 U -1
43 0 U -1
44 0 U -1
45 0 U -1
46 1 U -1
47 0 U -1
48 0 U -1
49 1 U -1
50 1 U -1
51
0 0 U -1
1 1 U -1
2 0 U -1
3 0 U -1
4 1 U -1
5 1 U -1
6 1 U -1
7 1 U -1
8 0 U -1
9 1 U -1
10 0 U -1
11 0 U -1
12 1 U -1
13 0 U -1
14 0 U -1
15 1 U -1
16 1 U -1
17 1 U -1
18 0 U -1
19 1 U -1
20 1 U -1
21 1 U -1
22 0 U -1
23 1 U -1
24 1 U -1
25 0 U -1
26 1 U -1
27 0 U -1
28 1 U -1
29 0 U -1
30 0 U -1
31 1 U -1
32 0 U -1
33 1 U -1
34 1 U -1
35 0 U -1
36 0 U -1
37 1 U -1
38 1 U -1
39 1 U -1
40 0 U -1
41 0 U -1
42 1 U -1
43 0 U -1
44 0 U -1
45 0 U -1
46 1 U -1
47 0 U -1
48 0 U -1
49 1 U -1
50 1 U -1
51
0 0 U -1
1 1 U -1
2 0 U -1
3 0 U -1
4 1 U -1
5 1 U -1
6 1 U -1
7 1 U -1
8 0 U -1
9 1 U -1
10 0 U -1
11 0 U -1
12 1 U -1
13 0 U -1
14 0 U -1
15 1 U -1
16 1 U -1
17 1 U -1
18 0 U -1
19 1 U -1
20 1 U -1
21 1 U -1
22 0 U -1
23 1 U -1
24 1 U -1
25 0 U -1
26 1 U -1
27 0 U -1
28 1 U -1
29 0 U -1
30 0 U -1
31 1 U -1
32 0 U -1
33 1 U -1
34 1 U -1
35 0 U -1
36 0 U -1
37 1 U -1
38 1 U -1
39 1 U -1
40 0 U -1
41 0 U -1
42 1 U -1
43 0 U -1
44 0 U -1
45 0 U -1
46 1 U -1
47 0 U -1
48 0 U -1
49 1 U -1
50 1 U -1
51
0 0 U -1
1 1 U -1
2 0 U -1
3 0 U -1
4 1 U -1
5 1 U -1
6 1 U -1
7 1 U -1
8 0 U -1
9 1 U -1
10 0 U -1
11 0 U -1
12 1 U -1
13 0 U -1
14 0 U -1
15 1 U -1
16 1 U -1
17 1 U -1
18 0 U -1
19 1 U -1
20 1 U -1
21 1 U -1
22 0 U -1
23 1 U -1
24 1 U -1
25 0 U -1
26 1 U -1
27 0 U -1
28 1 U -1
29 0 U -1
30 0 U -1
31 1 U -1
32 0 U -1
33 1 U -1
34 1 U -1
35 0 U -1
36 0 U -1
37 1 U -1
38 1 U -1
39 1 U -1
40 0 U -1
41 0 U -1
42 1 U -1
43 0 U -1
44 0 U -1
45 0 U -1
46 1 U -1
47 0 U -1
48 0 U -1
49 1 U -1
50 1 U -1
51
0 0 U -1
1 1 U -1
2 0 U -1
3 0 U -1
4 1 U -1
5 1 U -1
6 1 U -1
7 1 U -1
8 0 U -1
9 1 U -1
10 0 U -1
11 0 U -1
12 1 U -1
13 0 U -1
14 0 U -1
15 1 U -1
16 1 U -1
17 1 U -1
18 0 U -1
19 1 U -1
20 1 U -1
21 1 U -1
22 0 U -1
23 1 U -1
24 1 U -1
25 0 U -1
26 1 U -1
27 0 U -1
28 1 U -1
29 0 U -1
30 0 U -1
31 1 U -1
32 0 U -1
33 1 U -1
34 1 U -1
35 0 U -1
36 0 U -1
37 1 U -1
38 1 U -1
39 1 U -1
40 0 U -1
41 0 U -1
42 1 U -1
43 0 U -1
44 0 U -1
45 0 U -1
46 1 U -1
47 0 U -1
48 0 U -1
49 1 U -1
50 1 U -1
51
0 0 U -1
1 1 U -1
2 0 U -1
3 0 U -1
4 1 U -1
5 1 U -1
6 1 U -1
7 1 U -1
8 0 U -1
9 1 U -1
10 0 U -1
11 0 U -1
12 1 U -1
13 0 U -1
14 0 U -1
15 1 U -1
16 1 U -1
17 1 U -1
18 0 U -1
19 1 U -1
20 1 U -1
21 1 U -1
22 0 U -1
23 1 U -1
24 1 U -1
25 0 U -1
26 1 U -1
27 0 U -1
28 1 U -1
29 0 U -1
30 0 U -1
31 1 U -1
32 0 U -1
33 1 U -1
34 1 U -1
35 0 U -1
36 0 U -1
37 1 U -1
38 1 U -1
39 1 U -1
40 0 U -1
41 0 U -1
42 1 U -1
43 0 U -1
44 0 U -1
45 0 U -1
46 1 U -1
47 0 U -1
48 0 U -1
49 1 U -1
50 1 U -1
51
0 0 U -1
1 1 U -1
2 0 U -1
3 0 U -1
4 1 U -1
5 1 U -1
6 1 U -1
7 1 U -1
8 0 U -1
9 1 U -1
10 0 U -1
11 0 U -1
12 1 U -1
13 0 U -1
14 0 U -1
15 1 U -1
16 1 U -1
17 1 U -1
18 0 U -1
19 1 U -1
20 1 U -1
21 1 U -1
22 0 U -1
23 1 U -1
24 1 U -1
25 0 U -1
26 1 U -1
27 0 U -1
28 1 U -1
29 0 U -1
30 0 U -1
31 1 U -1
32 0 U -1
33 1 U -1
34 1 U -1
35 0 U -1
36 0 U -1
37 1 U -1
38 1 U -1
39 1 U -1
40 0 U -1
41 0 U -1
42 1 U -1
43 0 U -1
44 0 U -1
45 0 U -1
46 1 U -1
47 0 U -1
48 0 U -1
49 1 U -1
50 1 U -1
51
0 0 U -1
1 1 U -1
2 0 U -1
3 0 U -1
4 1 U -1
5 1 U -1
6 1 U -1
7 1 U -1
8 0 U -1
9 1 U -1
10 0 U -1
11 0 U -1
12 1 U -1
13 0 U -1
14 0 U -1
15 1 U -1
16 1 U -1
17 1 U -1
18 0 U -1
19 1 U -1
20 1 U -1
21 1 U -1
22 0 U -1
23 1 U -1
24 1 U -1
25 0 U -1
26 1 U -1
27 0 U -1
28 1 U -1
29 0 U -1
30 0 U -1
31 1 U -1
32 0 U -1
33 1 U -1
34 1 U -1
35 0 U -1
36 0 U -1
37 1 U -1
38 1 U -1
39 1 U -1
40 0 U -1
41 0 U -1
42 1 U -1
43 0 U -1
44 0 U -1
45 0 U -1
46 1 U -1
47 0 U -1
48 0 U -1
49 1 U -1
50 1 U -1
51
0 0 U -1
1 1 U -1
2 0 U -1
3 0 U -1
4 1 U -1
5 1 U -1
6 1 U -1
7 1 U -1
8 0 U -1
9 1 U -1
10 0 U -1
11 0 U -1
12 1 U -1
13 0 U -1
14 0 U -1
15 1 U -1
16 1 U -1
17 1 U -1
18 0 U -1
19 1 U -1
20 1 U -1
21 1 U -1
22 0 U -1
23 1 U -1
24 1 U -1
25 0 U -1
26 1 U -1
27 0 U -1
28 1 U -1
29 0 U -1
30 0 U -1
31 1 U -1
32 0 U -1
33 1 U -1
34 1 U -1
35 0 U -1
36 0 U -1
37 1 U -1
38 1 U -1
39 1 U -1
40 0 U -1
41 0 U -1
42 1 U -1
43 0 U -1
44 0 U -1
45 0 U -1
46 1 U -1
47 0 U -1
48 0 U -1
49 1 U -1
50 1 U -1
51
0 0 U -1
1 1 U -1
2 0 U -1
3 0 U -1
4 1 U -1
5 1 U -1
6 1 U -1
7 1 U -1
8 0 U -1
9 1 U -1
10 0 U -1
11 0 U -1
12 1 U -1
13 0 U -1
14 0 U -1
15 1 U -1
16 1 U -1
17 1 U -1
18 0 U -1
19 1 U -1
20 1 U -1
21 1 U -1
22 0 U -1
23 1 U -1
24 1 U -1
25 0 U -1
26 1 U -1
27 0 U -1
28 1 U -1
29 0 U -1
30 0 U -1
31 1 U -1
32 0 U -1
33 1 U -1
34 1 U -1
35 0 U -1
36 0 U -1
37 1 U -1
38 1 U -1
39 1 U -1
40 0 U -1
41 0 U -1
42 1 U -1
43 0 U -1
44 0 U -1
45 0 U -1
46 1 U -1
47 0 U -1
48 0 U -1
49 1 U -1
50 1 U -1
51
0 0 U -1
1 1 U -1
2 0 U -1
3 0 U -1
4 1 U -1
5 1 U -1
6 1 U -1
7 1 U -1
8 0 U -1
9 1 U -1
10 0 U -1
11 0 U -1
12 1 U -1
13 0 U -1
14 0 U -1
15 1 U -1
16 1 U -1
17 1 U -1
18 0 U -1
19 1 U -1
20 1 U -1
21 1 U -1
22 0 U -1
23 1 U -1
24 1 U -1
25 0 U -1
26 1 U -1
27 0 U -1
28 1 U -1
29 0 U -1
30 0 U -1
31 1 U -1
32 0 U -1
33 1 U -1
34 1 U -1
35 0 U -1
36 0 U -1
37 1 U -1
38 1 U -1
39 1 U -1
40 0 U -1
41 0 U -1
42 1 U -1
43 0 U -1
44 0 U -1
45 0 U -1
46 1 U -1
47 0 U -1
48 0 U -1
49 1 U -1
50 1 U -1
51
0 0 U -1
1 1 U -1
2 0 U -1
3 0 U -1
4 1 U -1
5 1 U -1
6 1 U -1
7 1 U -1
8 0 U -1
9 1 U -1
10 0 U -1
11 0 U -1
12 1 U -1
13 0 U -1
14 0 U -1
15 1 U -1
16 1 U -1
17 1 U -1
18 0 U -1
19 1 U -1
20 1 U -1
21 1 U -1
22 0 U -1
23 1 U -1
24 1 U -1
25 0 U -1
26 1 U -1
27 0 U -1
28 1 U -1
29 0 U -1
30 0 U -1
31 1 U -1
32 0 U -1
33 1 U -1
34 1 U -1
35 0 U -1
36 0 U -1
37 1 U -1
38 1 U -1
39 1 U -1
40 0 U -1
41 0 U -1
42 1 U -1
43 0 U -1
44 0 U -1
45 0 U -1
46 1 U -1
47 0 U -1
48 0 U -1
49 1 U -1
50 1 U -1
51
0 0 U -1
1 1 U -1
2 0 U -1
3 0 U -1
4 1 U -1
5 1 U -1
6 1 U -1
7 1 U -1
8 0 U -1
9 1 U -1
10 0 U -1
11 0 U -1
12 1 U -1
13 0 U -1
14 0 U -1
15 1 U -1
16 1 U -1
17 1 U -1
18 0 U -1
19 1 U -1
20 1 U -1
21 1 U -1
22 0 U -1
23 1 U -1
24 1 U -1
25 0 U -1
26 1 U -1
27 0 U -1
28 1 U -1
29 0 U -1
30 0 U -1
31 1 U -1
32 0 U -1
33 1 U -1
34 1 U -1
35 0 U -1
36 0 U -1
37 1 U -1
38 1 U -1
39 1 U -1
40 0 U -1
41 0 U -1
42 1 U -1
43 0 U -1
44 0 U -1
45 0 U -1
46 1 U -1
47 0 U -1
48 0 U -1
49 1 U -1
50 1 U -1
51
0 0 U -1
1 1 U -1
2 0 U -1
3 0 U -1
4 1 U -1
5 1 U -1
6 1 U -1
7 1 U -1
8 0 U -1
9 1 U -1
10 0 U -1
11 0 U -1
12 1 U -1
13 0 U -1
14 0 U -1
15 1 U -1
16 1 U -1
17 1 U -1
18 0 U -1
19 1 U -1
20 1 U -1
21 1 U -1
22 0 U -1
23 1 U -1
24 1 U -1
25 0 U -1
26 1 U -1
27 0 U -1
28 1 U -1
29 0 U -1
30 0 U -1
31 1 U -1
32 0 U -1
33 1 U -1
34 1 U -1
35 0 U -1
36 0 U -1
37 1 U -1
38 1 U -1
39 1 U -1
40 0 U -1
41 0 U -1
42 1 U -1
43 0 U -1
44 0 U -1
45 0 U -1
46 1 U -1
47 0 U -1
48 0 U -1
49 1 U -1
50 1 U -1
51
0 0 U -1
1 1 U -1
2 0 U -1
3 0 U -1
4 1 U -1
5 1 U -1
6 1 U -1
7 1 U -1
8 0 U -1
9 1 U -1
10 0 U -1
11 0 U -1
12 1 U -1
13 0 U -1
14 0 U -1
15 1 U -1
16 1 U -1
17 1 U -1
18 0 U -1
19 1 U -1
20 1 U -1
21 1 U -1
22 0 U -1
23 1 U -1
24 1 U -1
25 0 U -1
26 1 U -1
27 0 U -1
28 1 U -1
29 0 U -1
30 0 U -1
31 1 U -1
32 0 U -1
33 1 U -1
34 1 U -1
35 0 U -1
36 0 U -1
37 1 U -1
38 1 U -1
39 1 U -1
40 0 U -1
41 0 U -1
42 1 U -1
43 0 U -1
44 0 U -1
45 0 U -1
46 1 U -1
47 0 U -1
48 0 U -1
49 1 U -1
50 1 U -1
51
0 0 U -1
1 1 U -1
2 0 U -1
3 0 U -1
4 1 U -1
5 1 U -1
6 1 U -1
7 1 U -1
8 0 U -1
9 1 U -1
10 0 U -1
11 0 U -1
12 1 U -1
13 0 U -1
14 0 U -1
15 1 U -1
16 1 U -1
17 1 U -1
18 0 U -1
19 1 U -1
20 1 U -1
21 1 U -1
22 0 U -1
23 1 U -1
24 1 U -1
25 0 U -1
26 1 U -1
27 0 U -1
28 1 U -1
29 0 U -1
30 0 U -1
31 1 U -1
32 0 U -1
33 1 U -1
34 1 U -1
35 0 U -1
36 0 U -1
37 1 U -1
38 1 U -1
39 1 U -1
40 0 U -1
41 0 U -1
42 1 U -1
43 0 U -1
44 0 U -1
45 0 U -1
46 1 U -1
47 0 U -1
48 0 U -1
49 1 U -1
50 1 U -1
51
0 0 U -1
1 1 U -1
2 0 U -1
3 0 U -1
4 1 U -1
5 1 U -1
6 1 U -1
7 1 U -1
8 0 U -1
9 1 U -1
10 0 U -1
11 0 U -1
12 1 U -1
13 0 U -1
14 0 U -1
15 1 U -1
16 1 U -1
17 1 U -1
18 0 U -1
19 1 U -1
20 1 U -1
21 1 U -1
22 0 U -1
23 1 U -1
24 1 U -1
25 0 U -1
26 1 U -1
27 0 U -1
28 1 U -1
29 0 U -1
30 0 U -1
31 1 U -1
32 0 U -1
33 1 U -1
34 1 U -1
35 0 U -1
36 0 U -1
37 1 U -1
38 1 U -1
39 1 U -1
40 0 U -1
41 0 U -1
42 1 U -1
43 0 U -1
44 0 U -1
45 0 U -1
46 1 U -1
47 0 U -1
48 0 U -1
49 1 U -1
50 1 U -1
51
0 0 U -1
1 1 U -1
2 0 U -1
3 0 U -1
4 1 U -1
5 1 U -1
6 1 U -1
7 1 U -1
8 0 U -1
9 1 U -1
10 0 U -1
11 0 U -1
12 1 U -1
13 0 U -1
14 0 U -1
15 1 U -1
16 1 U -1
17 1 U -1
18 0 U -1
19 1 U -1
20 1 U -1
21 1 U -1
22 0 U -1
23 1 U -1
24 1 U -1
25 0 U -1
26 1 U -1
27 0 U -1
28 1 U -1
29 0 U -1
30 0 U -1
31 1 U -1
32 0 U -1
33 1 U -1
34 1 U -1
35 0 U -1
36 0 U -1
37 1 U -1
38 1 U -1
39 1 U -1
40 0 U -1
41 0 U -1
42 1 U -1
43 0 U -1
44 0 U -1
45 0 U -1
46 1 U -1
47 0 U -1
48 0 U -1
49 1 U -1
50 1 U -1
