31
0 0 U -1
1 0 U -1
2 0 U -1
3 0 U -1
4 0 U -1
5 0 U -1
6 0 U -1
7 0 U -1
8 0 U -1
9 0 U -1
10 0 U -1
11 0 U -1
12 0 U -1
13 0 U -1
14 0 U -1
15 0 U -1
16 0 U -1
17 0 U -1
18 0 U -1
19 0 U -1
20 0 U -1
21 0 U -1
22 0 U -1
23 0 U -1
24 0 U -1
25 0 U -1
26 0 U -1
27 0 U -1
28 0 U -1
29 0 U -1
30 0 U -1
31
0 1 U -1
1 1 L -1
2 1 U 0
3 1 L -1
4 0 U -1
5 1 L 3
6 0 U 2
7 1 U -1
8 1 U 7
9 1 U 1
10 1 L 5
11 1 U 7
12 1 L 4
13 1 U 2
14 0 U 0
15 1 U -1
16 0 L 11
17 0 L 6
18 1 L -1
19 0 U -1
20 0 U -1
21 0 L 9
22 1 L 17
23 0 U 3
24 1 L 9
25 1 U 14
26 0 L 16
27 0 L 12
28 1 L 0
29 0 L 28
30 1 L 16
31
0 1 L -1
1 1 L -1
2 0 U 0
3 1 L -1
4 0 U -1
5 0 L 2
6 0 U 1
7 0 U -1
8 1 U 1
9 1 U 7
10 1 L 5
11 1 U 2
12 1 U 4
13 1 U 7
14 0 U 11
15 1 L 1
16 0 U 13
17 0 L 15
18 0 U -1
19 1 U -1
20 0 U -1
21 0 L 11
22 0 L 17
23 0 U 9
24 1 L 17
25 1 U 7
26 0 L 16
27 0 L 6
28 1 L -1
29 1 L 11
30 1 L 13
31
0 1 U -1
1 1 L -1
2 1 U 0
3 1 L -1
4 0 U 0
5 1 U -1
6 0 U 2
7 0 U -1
8 1 U 2
9 1 U 7
10 1 L 6
11 1 U 7
12 0 L -1
13 1 U 2
14 0 U 6
15 1 L 0
16 0 U 6
17 0 L 3
18 1 U -1
19 1 U -1
20 0 U -1
21 1 L 17
22 0 L 14
23 0 U 11
24 1 L 21
25 1 U 19
26 0 L 14
27 0 L 5
28 1 L -1
29 1 L 10
30 1 L 22
31
0 0 U -1
1 1 L -1
2 0 U 0
3 1 L -1
4 0 U -1
5 0 U 0
6 0 U 2
7 1 U -1
8 1 U 7
9 1 U 7
10 1 L 4
11 1 U 7
12 0 L 3
13 1 U 7
14 0 U 11
15 0 U 9
16 1 L -1
17 0 L 16
18 1 U -1
19 1 U -1
20 0 U -1
21 1 L 8
22 1 L 21
23 0 U 6
24 1 L 17
25 1 U 2
26 0 U 16
27 0 L 0
28 0 U -1
29 1 L 18
30 1 U 21
31
0 0 U -1
1 0 L -1
2 0 U 0
3 1 L -1
4 0 U -1
5 1 L 2
6 0 U 2
7 1 U -1
8 1 U 7
9 1 U 7
10 1 L 4
11 1 U 7
12 0 L 2
13 1 U 5
14 0 U 11
15 1 U 3
16 1 L -1
17 0 L 16
18 1 U -1
19 1 U -1
20 0 U -1
21 1 L 9
22 0 L 10
23 0 U 15
24 1 L 17
25 1 U 19
26 1 U 25
27 0 L 16
28 1 U -1
29 1 L 4
30 0 U 6
31
0 0 U -1
1 0 L -1
2 0 U 0
3 1 L -1
4 0 U -1
5 0 L -1
6 0 U 2
7 0 U -1
8 1 U 2
9 1 U 2
10 1 L 2
11 1 U 1
12 1 L 5
13 1 U 7
14 0 U 9
15 1 U 13
16 1 L -1
17 0 L 16
18 1 U -1
19 1 U -1
20 0 U -1
21 0 L 10
22 0 L 7
23 1 U 12
24 0 L 17
25 1 U 19
26 1 U 13
27 0 L 16
28 0 U -1
29 1 L 15
30 1 U 6
31
0 0 L -1
1 0 L -1
2 0 U 0
3 1 L -1
4 0 U -1
5 1 U 0
6 0 U 2
7 0 U -1
8 1 U 7
9 1 U 7
10 1 L 4
11 1 U 1
12 0 L 0
13 1 U 2
14 0 U 11
15 1 U 6
16 1 L -1
17 0 L 16
18 1 U -1
19 1 U -1
20 0 U -1
21 0 L 8
22 0 L 7
23 0 U 14
24 0 L 5
25 1 U 7
26 1 U 3
27 0 L 24
28 1 U -1
29 1 L 0
30 0 U 12
31
0 0 U -1
1 0 L -1
2 1 U 0
3 1 L -1
4 0 U -1
5 1 U 0
6 0 U 2
7 0 U -1
8 1 U 7
9 1 U 7
10 1 L 4
11 1 U 1
12 0 L 8
13 1 U 7
14 0 U 11
15 1 U 13
16 1 L -1
17 0 L 16
18 1 U -1
19 1 U -1
20 0 U -1
21 1 L 8
22 0 L 21
23 1 L 19
24 0 L 17
25 1 U 5
26 1 U 11
27 0 L 10
28 0 U -1
29 1 L 0
30 0 U 10
31
0 0 L -1
1 1 L -1
2 1 U 0
3 1 L -1
4 0 U -1
5 1 U 0
6 0 U 2
7 0 U -1
8 1 U 7
9 1 U 7
10 1 L 0
11 1 U 5
12 0 L 8
13 1 U 5
14 0 L 12
15 1 U 13
16 1 L -1
17 0 L 16
18 1 U -1
19 1 U -1
20 0 U -1
21 0 L 8
22 0 L 7
23 1 L 19
24 0 L 17
25 1 U 20
26 1 U 25
27 0 L 7
28 0 U -1
29 1 L 17
30 0 U 12
31
0 0 U -1
1 0 L -1
2 1 U 0
3 1 L -1
4 0 U -1
5 1 U 4
6 0 U 2
7 0 U -1
8 1 U 2
9 1 U 1
10 1 L -1
11 1 U 7
12 0 L 8
13 1 U 1
14 0 L 7
15 1 U 13
16 0 L -1
17 0 L -1
18 1 U -1
19 1 U -1
20 0 U -1
21 0 L 12
22 0 L 21
23 1 L 19
24 0 L 5
25 1 U 20
26 1 U 6
27 0 L 7
28 1 U -1
29 0 L 24
30 0 U 9
31
0 0 L -1
1 0 L -1
2 1 U 0
3 1 L -1
4 0 U -1
5 1 U 4
6 0 U 2
7 0 U -1
8 1 U 7
9 1 U 7
10 1 L -1
11 1 U 5
12 1 L 8
13 1 U 5
14 0 L 12
15 1 L 14
16 0 L 0
17 0 L -1
18 1 U -1
19 1 U -1
20 0 U -1
21 1 L 14
22 0 L 18
23 1 L 22
24 1 L 16
25 1 U 5
26 0 U 25
27 0 L 24
28 0 U -1
29 1 L 8
30 0 U 26
31
0 0 L -1
1 1 L -1
2 0 U 0
3 1 L -1
4 0 U -1
5 1 L 4
6 0 U 2
7 1 U -1
8 1 U 7
9 1 U 2
10 1 L 3
11 1 U 1
12 1 L 8
13 1 U 2
14 0 L 12
15 1 L 11
16 0 L -1
17 0 L -1
18 1 U -1
19 1 U -1
20 0 U -1
21 1 L 5
22 0 L 9
23 1 L 22
24 0 L 17
25 0 U 19
26 1 U 8
27 0 L 10
28 1 U -1
29 1 L -1
30 0 U 15
31
0 0 L -1
1 0 L -1
2 0 U 0
3 1 L -1
4 0 U -1
5 1 U 0
6 0 U 2
7 0 U -1
8 1 U 7
9 1 U 1
10 1 L 3
11 1 U 1
12 0 L 8
13 1 U 7
14 0 L 12
15 1 L 11
16 0 U -1
17 0 L -1
18 1 U 9
19 1 U -1
20 0 U -1
21 0 L 10
22 0 L 21
23 0 L 22
24 1 L 17
25 1 U 1
26 0 U 17
27 0 L 24
28 1 U -1
29 1 L -1
30 0 U 25
31
0 0 L -1
1 0 L -1
2 0 U 0
3 1 L -1
4 0 U -1
5 0 L -1
6 0 U 2
7 0 U -1
8 1 U 1
9 1 U 2
10 1 L 5
11 1 U 2
12 0 L 8
13 1 U 7
14 0 L 12
15 1 U 5
16 1 U -1
17 0 L -1
18 1 U 13
19 0 U -1
20 0 U -1
21 1 L 10
22 0 L 8
23 0 L 22
24 0 L 17
25 1 U 20
26 0 U 17
27 0 L 21
28 0 U -1
29 1 L 5
30 0 U 9
31
0 0 L -1
1 0 L -1
2 0 U 0
3 1 L -1
4 0 U -1
5 0 L -1
6 0 U 2
7 0 U -1
8 1 U 7
9 1 U 1
10 1 L 5
11 1 U 7
12 1 U 9
13 1 U 2
14 0 U 3
15 1 L 8
16 1 U -1
17 0 L -1
18 1 L 13
19 1 U -1
20 0 U -1
21 0 L 9
22 0 L 8
23 0 L 9
24 0 L 10
25 1 U 16
26 0 U 25
27 0 L 24
28 0 U -1
29 1 L 3
30 0 U 15
31
0 0 U -1
1 0 L -1
2 0 U 0
3 1 L -1
4 0 U -1
5 1 L -1
6 0 U 2
7 0 U -1
8 1 U 7
9 1 U 7
10 1 L 5
11 1 U 7
12 1 U 8
13 1 U 1
14 0 U 11
15 1 L 8
16 1 U -1
17 0 L -1
18 1 L 13
19 1 U -1
20 0 U -1
21 0 L 9
22 0 L 8
23 0 L 22
24 0 L 10
25 0 U 20
26 0 U 25
27 0 L 24
28 0 U -1
29 1 L 5
30 0 U 5
31
0 0 U -1
1 0 L -1
2 0 U 0
3 1 L -1
4 0 U -1
5 1 L -1
6 0 U 2
7 1 U -1
8 1 U 7
9 1 U 7
10 1 L 5
11 1 U 7
12 1 U 3
13 1 U 1
14 0 U 9
15 1 L 8
16 1 U -1
17 0 L -1
18 1 L 13
19 1 U -1
20 1 U -1
21 0 L 9
22 0 L 8
23 0 L 22
24 0 L 6
25 0 U 19
26 0 U 25
27 0 L 24
28 0 U -1
29 1 L 1
30 0 U 5
31
0 0 U -1
1 0 L -1
2 0 U 0
3 1 L -1
4 0 U -1
5 1 L 0
6 0 U 2
7 1 U -1
8 1 U 7
9 1 U 7
10 1 U 5
11 1 U 2
12 1 U 4
13 1 U 7
14 0 U 9
15 1 L 8
16 0 U -1
17 0 L -1
18 0 L 13
19 1 U -1
20 0 U -1
21 0 L 9
22 0 L 13
23 0 L 9
24 0 L 6
25 0 U 20
26 0 U 25
27 0 L 24
28 1 U -1
29 1 L 17
30 1 U 26
31
0 0 U -1
1 0 L -1
2 0 U 0
3 1 L -1
4 0 U -1
5 1 L 0
6 0 U 2
7 1 U -1
8 1 U 7
9 1 U 2
10 1 U 5
11 1 U 2
12 0 U 0
13 1 U 1
14 0 U 3
15 1 L 8
16 1 U -1
17 0 L -1
18 0 L 13
19 1 U -1
20 0 U -1
21 0 L 9
22 0 L 8
23 0 L 12
24 0 L 2
25 1 U 20
26 0 U 18
27 0 L 8
28 1 U -1
29 1 L 17
30 1 U 13
31
0 0 U -1
1 0 L -1
2 0 U 0
3 1 L -1
4 0 U -1
5 1 L -1
6 0 U 2
7 0 U -1
8 1 U 7
9 1 U 1
10 1 L 5
11 1 U 7
12 0 L -1
13 1 U 7
14 0 U 9
15 1 L 8
16 0 L 0
17 0 L -1
18 1 L 13
19 1 U -1
20 1 U -1
21 1 L 15
22 0 L 8
23 0 L 21
24 0 L 6
25 1 U 19
26 0 U 20
27 0 L 8
28 0 U -1
29 1 L 17
30 1 U 8
31
0 0 L -1
1 0 L -1
2 0 U 0
3 1 L -1
4 0 U -1
5 1 L -1
6 0 U 2
7 0 U -1
8 1 U 7
9 1 U 7
10 1 L 5
11 1 U 1
12 0 L 6
13 1 U 2
14 0 U 9
15 1 L 8
16 0 L 13
17 0 L -1
18 0 L 13
19 1 U -1
20 1 U -1
21 1 L 9
22 0 L 8
23 0 L 22
24 0 L 10
25 1 U 19
26 0 U 20
27 0 L 24
28 1 U -1
29 0 L 23
30 1 U 25
31
0 0 L -1
1 0 L -1
2 1 U 0
3 1 L -1
4 0 U -1
5 1 L -1
6 0 U 2
7 0 U -1
8 1 U 7
9 1 U 7
10 1 L 5
11 1 U 7
12 0 L 6
13 1 U 7
14 0 U 9
15 1 L 8
16 0 L 13
17 0 L -1
18 0 L 14
19 0 U -1
20 1 U -1
21 0 L 15
22 0 L 8
23 0 L 22
24 0 L 6
25 1 U 7
26 0 U 19
27 0 L 24
28 1 U -1
29 0 L 23
30 1 U 25
31
0 0 U -1
1 0 L -1
2 0 U 0
3 1 L -1
4 0 U -1
5 0 L 2
6 0 U 2
7 0 U -1
8 1 U 7
9 1 U 7
10 1 L -1
11 1 U 2
12 1 L 6
13 1 U 7
14 0 U 3
15 1 L 8
16 0 L 13
17 0 L -1
18 0 L 14
19 1 U -1
20 1 U -1
21 0 L 9
22 0 L 8
23 0 L 22
24 0 L 17
25 1 U 1
26 0 U 5
27 0 L 24
28 0 U -1
29 0 L 23
30 1 U 25
31
0 0 L -1
1 0 L -1
2 0 U 0
3 1 L -1
4 0 U -1
5 0 U 4
6 0 U 2
7 0 U -1
8 1 U 7
9 1 U 1
10 1 L -1
11 1 U 7
12 0 L 6
13 1 U 1
14 0 U 3
15 1 L 8
16 0 L -1
17 0 L -1
18 1 L 13
19 0 U -1
20 1 U -1
21 0 L 15
22 0 L 12
23 0 L 15
24 0 L 17
25 1 U 1
26 0 U 5
27 0 L 12
28 0 U -1
29 0 L 23
30 0 U 6
31
0 0 L -1
1 0 L -1
2 0 U 0
3 1 L -1
4 0 U -1
5 1 U 0
6 0 U 2
7 0 U -1
8 1 U 7
9 1 U 7
10 1 L -1
11 1 U 2
12 0 L 6
13 1 U 5
14 0 U 3
15 1 L 8
16 0 L 0
17 0 L -1
18 0 L 12
19 0 U -1
20 1 U -1
21 0 L 9
22 0 L 20
23 0 L 21
24 0 L 16
25 1 U 7
26 0 U 19
27 0 L 12
28 0 U -1
29 1 L 14
30 1 U 25
31
0 0 L -1
1 0 L -1
2 1 U 0
3 1 L -1
4 0 U -1
5 1 U 4
6 0 U 2
7 0 U -1
8 1 U 1
9 1 U 7
10 1 L -1
11 1 U 1
12 1 L 6
13 1 U 7
14 0 U 9
15 1 L 12
16 0 L 7
17 0 L -1
18 0 L 8
19 1 U -1
20 1 U -1
21 1 L 18
22 0 L 13
23 0 L 21
24 0 L 2
25 1 U 5
26 0 U 20
27 0 L 24
28 1 U -1
29 1 L 20
30 1 U 8
31
0 0 U -1
1 0 L -1
2 0 U 0
3 1 L -1
4 0 U -1
5 1 U 0
6 0 U 2
7 0 U -1
8 1 U 7
9 1 U 7
10 1 L -1
11 1 U 1
12 0 L 4
13 1 U 1
14 0 U 8
15 1 L 12
16 0 L 0
17 0 L -1
18 0 L 12
19 0 U -1
20 1 U -1
21 1 L 15
22 0 L 13
23 0 L 21
24 0 L 6
25 1 U 5
26 0 U 19
27 0 L 24
28 0 U -1
29 1 L 20
30 1 U 25
31
0 0 U -1
1 0 L -1
2 0 U 0
3 1 L -1
4 0 U -1
5 1 U 4
6 0 U 2
7 0 U -1
8 1 U 1
9 1 U 1
10 1 L -1
11 1 U 2
12 0 L 6
13 1 U 2
14 0 U 6
15 1 L 8
16 0 L -1
17 0 L -1
18 0 L 8
19 0 U -1
20 1 U -1
21 0 L 18
22 0 L 13
23 0 L 21
24 0 L 5
25 1 U 7
26 0 U 19
27 0 L 8
28 1 U -1
29 1 L 20
30 1 U 25
31
0 0 U -1
1 0 L -1
2 0 U 0
3 1 L -1
4 0 U -1
5 0 U 0
6 0 U 2
7 0 U -1
8 1 U 1
9 1 U 1
10 1 L -1
11 1 U 1
12 0 L 4
13 1 U 2
14 0 U 3
15 1 L 12
16 0 L 1
17 0 L -1
18 0 L 8
19 1 U -1
20 1 U -1
21 1 U 12
22 0 U 9
23 0 L 9
24 0 L 16
25 1 U 7
26 0 U 5
27 0 L 24
28 1 U -1
29 0 L 23
30 0 U 10
31
0 0 U -1
1 0 L -1
2 0 U 0
3 1 L -1
4 0 U -1
5 1 U 4
6 0 U 2
7 0 U -1
8 1 U 1
9 1 U 7
10 1 L -1
11 1 U 2
12 1 L 6
13 1 U 7
14 0 U 13
15 1 L 12
16 0 L -1
17 0 L -1
18 0 L 8
19 1 U -1
20 1 U -1
21 1 L 18
22 1 U 8
23 0 L 21
24 0 L 17
25 1 U 19
26 0 U 20
27 0 L 8
28 1 U -1
29 1 L 14
30 0 U 25
31
0 0 L -1
1 0 L -1
2 0 U 0
3 1 L -1
4 0 U -1
5 1 U 4
6 0 U 2
7 0 U -1
8 1 U 7
9 1 U 7
10 1 L -1
11 1 U 2
12 1 L 5
13 1 U 5
14 0 U 3
15 1 L 8
16 0 L 0
17 0 L -1
18 0 L 8
19 1 U -1
20 1 U -1
21 1 L 18
22 1 U 9
23 0 L 21
24 0 L 16
25 1 U 19
26 0 U 20
27 0 L 8
28 0 U -1
29 1 L 26
30 0 U 8
31
0 0 L -1
1 0 L -1
2 0 U 0
3 1 L -1
4 0 U -1
5 1 U 4
6 0 U 2
7 0 U -1
8 1 U 7
9 1 U 7
10 1 L -1
11 1 U 1
12 0 L 4
13 1 U 2
14 0 U 3
15 1 L 12
16 0 L 1
17 0 L -1
18 0 L 12
19 1 U -1
20 1 U -1
21 1 L 15
22 1 U 13
23 0 L 11
24 0 L 16
25 1 U 7
26 0 U 20
27 0 L 24
28 0 U -1
29 1 L 26
30 0 U 9
31
0 0 L -1
1 0 L -1
2 0 U 0
3 1 L -1
4 0 U -1
5 1 U 4
6 0 U 2
7 0 U -1
8 1 U 1
9 1 U 1
10 1 L -1
11 1 U 7
12 0 L 5
13 1 U 5
14 0 U 8
15 1 L 12
16 0 L 0
17 0 L -1
18 0 L 8
19 1 U -1
20 1 U -1
21 1 U 16
22 1 U 11
23 0 L 21
24 0 L 16
25 1 U 19
26 0 U 20
27 0 L 24
28 1 U -1
29 1 L 26
30 0 U 11
31
0 0 U -1
1 0 L -1
2 0 U 0
3 1 L -1
4 0 U -1
5 1 U 4
6 0 U 2
7 0 U -1
8 1 U 7
9 1 U 7
10 1 L -1
11 1 U 1
12 1 L 6
13 1 U 1
14 0 U 13
15 1 L 8
16 0 L 0
17 0 L -1
18 0 L 8
19 0 U -1
20 0 U -1
21 1 U 16
22 1 U 9
23 0 L 21
24 0 L 16
25 1 U 20
26 0 U 23
27 0 L 12
28 1 U -1
29 1 L 26
30 0 U 9
31
0 0 L -1
1 0 L -1
2 0 U 0
3 1 L -1
4 0 U -1
5 1 U -1
6 0 U 2
7 0 U -1
8 1 U 7
9 1 U 7
10 1 L -1
11 1 U 7
12 0 L 6
13 1 U 1
14 0 U 13
15 1 L 8
16 0 L 0
17 0 L -1
18 0 L 8
19 0 U -1
20 0 U -1
21 1 U 16
22 1 U 9
23 0 L 21
24 0 L 16
25 1 U 20
26 0 U 23
27 0 L 24
28 1 U -1
29 1 L 26
30 0 U 11
31
0 0 U -1
1 0 L -1
2 0 U 0
3 1 L -1
4 0 U -1
5 0 L 2
6 0 U 2
7 0 U -1
8 1 U 7
9 1 U 7
10 1 L -1
11 1 U 2
12 1 L 6
13 1 U 7
14 0 U 13
15 1 L 8
16 0 L 0
17 0 L -1
18 0 L 8
19 1 U -1
20 0 U -1
21 0 U 16
22 1 U 8
23 0 L 21
24 0 L 16
25 1 U 20
26 0 U 23
27 0 L 12
28 1 U -1
29 1 L 26
30 0 U 25
31
0 0 U -1
1 0 L -1
2 0 U 0
3 1 L -1
4 0 U -1
5 1 L 4
6 0 U 2
7 0 U -1
8 1 U 1
9 1 U 7
10 1 L -1
11 1 U 7
12 0 L 6
13 1 U 1
14 0 U 13
15 1 L 8
16 0 L 0
17 0 L -1
18 0 L 8
19 1 U -1
20 0 U -1
21 0 U 16
22 1 U 9
23 0 L 21
24 0 L 16
25 1 U 20
26 0 U 23
27 0 L 12
28 1 U -1
29 1 L 14
30 0 U 13
31
0 0 L -1
1 0 L -1
2 0 U 0
3 1 L -1
4 0 U -1
5 1 U 0
6 0 U 2
7 0 U -1
8 1 U 7
9 1 U 7
10 1 L -1
11 1 U 5
12 1 L 5
13 1 U 7
14 0 U 13
15 1 L 12
16 0 L 0
17 0 L -1
18 0 L 8
19 0 U -1
20 0 U -1
21 0 U 16
22 1 U 3
23 0 L 21
24 0 L 2
25 1 U 5
26 0 U 23
27 0 L 24
28 0 U -1
29 1 L 26
30 0 U 11
31
0 0 U -1
1 0 L -1
2 0 U 0
3 1 L -1
4 0 U -1
5 1 U 0
6 0 U 2
7 0 U -1
8 1 U 7
9 1 U 7
10 1 L -1
11 1 U 7
12 0 L 5
13 1 U 1
14 0 U 8
15 1 L 12
16 0 L 0
17 0 L -1
18 0 L 12
19 1 U -1
20 1 U -1
21 0 U 10
22 1 U 8
23 0 L 11
24 0 L 2
25 1 U 5
26 0 U 20
27 0 L 8
28 1 U -1
29 1 L 14
30 0 U 25
31
0 0 L -1
1 0 L -1
2 0 U 0
3 1 L -1
4 0 U -1
5 1 U 4
6 0 U 2
7 0 U -1
8 1 U 1
9 1 U 7
10 1 L 0
11 1 U 1
12 0 L 4
13 1 U 1
14 0 U 13
15 1 L 12
16 0 L 0
17 0 L -1
18 0 L 8
19 1 U -1
20 1 U -1
21 1 U -1
22 1 U 9
23 0 L 19
24 0 L 5
25 1 U 5
26 0 U 20
27 0 L 12
28 1 U -1
29 1 L 14
30 0 U 9
31
0 0 U -1
1 0 L -1
2 0 U 0
3 1 L -1
4 0 U -1
5 0 U 0
6 0 U 2
7 0 U -1
8 1 U 7
9 1 U 1
10 1 L -1
11 1 U 2
12 1 L 5
13 1 U 1
14 0 U 8
15 1 L 12
16 0 L -1
17 0 L -1
18 0 L 12
19 1 U -1
20 0 U -1
21 1 U 16
22 1 U 9
23 0 L 19
24 0 L 17
25 1 U 5
26 0 U 23
27 0 L 24
28 0 U -1
29 1 L 14
30 0 U 8
31
0 0 L -1
1 0 L -1
2 1 U 0
3 1 L -1
4 0 U -1
5 0 U -1
6 0 U 2
7 0 U -1
8 1 U 1
9 1 U 1
10 1 L -1
11 1 U 7
12 0 L 4
13 1 U 1
14 0 U 8
15 1 L 12
16 0 L -1
17 0 L -1
18 0 L 8
19 0 U -1
20 0 U -1
21 1 U 16
22 1 U 8
23 0 L 21
24 0 L 17
25 1 U 20
26 0 U 23
27 0 L 24
28 1 U -1
29 1 L 20
30 0 U 13
31
0 0 L -1
1 0 L -1
2 1 U 0
3 1 L -1
4 0 U -1
5 1 U 4
6 0 U 2
7 0 U -1
8 1 U 1
9 1 U 7
10 1 L -1
11 1 U 2
12 1 L 9
13 1 U 5
14 0 U 9
15 1 L 8
16 0 L 0
17 0 L -1
18 0 L 8
19 1 U -1
20 1 U -1
21 1 U 12
22 1 U 9
23 0 L 19
24 0 L 16
25 1 U 19
26 0 U 20
27 0 L 24
28 1 U -1
29 1 L 23
30 0 U 25
31
0 0 U -1
1 0 L -1
2 0 U 0
3 1 L -1
4 0 U -1
5 0 U 0
6 0 U 2
7 0 U -1
8 1 U 7
9 1 U 7
10 1 L -1
11 1 U 2
12 1 L 5
13 1 U 2
14 0 U 3
15 1 L 8
16 0 L -1
17 0 L -1
18 0 L 8
19 1 U -1
20 1 U -1
21 0 U 14
22 1 U 9
23 0 L 21
24 0 L 17
25 1 U 1
26 0 U 5
27 0 L 24
28 0 U -1
29 1 L 13
30 0 U 9
31
0 0 L -1
1 0 L -1
2 0 U 0
3 1 L -1
4 0 U -1
5 0 U 0
6 0 U 2
7 0 U -1
8 1 U 7
9 1 U 7
10 1 L -1
11 1 U 2
12 0 L 5
13 1 U 2
14 0 U 6
15 1 L 12
16 0 L -1
17 0 L -1
18 0 L 12
19 0 U -1
20 1 U -1
21 0 U 14
22 1 U 13
23 0 L 11
24 0 L 17
25 1 U 7
26 0 U 19
27 0 L 24
28 1 U -1
29 1 L 14
30 0 U 3
31
0 0 L -1
1 0 L -1
2 0 U 0
3 1 L -1
4 0 U -1
5 0 U 4
6 0 U 2
7 0 U -1
8 1 U 7
9 1 U 7
10 1 L -1
11 1 U 7
12 0 L 5
13 1 U 7
14 0 U 9
15 1 L 8
16 0 L 0
17 0 L -1
18 0 L 8
19 1 U -1
20 1 U -1
21 0 U 16
22 1 U 11
23 0 L 21
24 0 L 2
25 1 U 19
26 0 U 20
27 0 L 24
28 1 U -1
29 1 L 26
30 0 U 3
31
0 0 U -1
1 1 L -1
2 0 U 0
3 1 L -1
4 0 U -1
5 0 U 3
6 0 U 2
7 0 U -1
8 1 U 7
9 1 U 7
10 1 L 5
11 1 U 2
12 1 L 10
13 1 U 2
14 0 U 13
15 1 L 8
16 1 L -1
17 0 L 16
18 0 L 8
19 1 U -1
20 1 U -1
21 0 L 9
22 1 U 9
23 0 L 21
24 0 L 17
25 1 U 19
26 0 U 20
27 0 L 8
28 0 U -1
29 1 L 26
30 0 U 9
31
0 0 U -1
1 1 L -1
2 0 U 0
3 1 L -1
4 0 U -1
5 0 U 0
6 0 U 2
7 0 U -1
8 1 U 1
9 1 U 7
10 1 L 1
11 1 U 7
12 0 L 9
13 1 U 1
14 0 L 11
15 1 L 8
16 1 L -1
17 0 L 16
18 0 L 8
19 1 U -1
20 1 U -1
21 1 L 15
22 1 U 9
23 0 L 11
24 0 L 17
25 1 U 19
26 0 U 20
27 0 L 24
28 1 U -1
29 1 L 23
30 0 U 25
31
0 0 L -1
1 1 L -1
2 0 U 0
3 1 L -1
4 0 U -1
5 1 L 2
6 0 U 1
7 0 U -1
8 1 U 7
9 1 U 7
10 1 L -1
11 1 U 7
12 1 L 9
13 1 U 7
14 0 U 11
15 1 L 8
16 1 L -1
17 0 L 16
18 0 L 8
19 0 U -1
20 1 U -1
21 0 L 15
22 1 U 11
23 0 L 21
24 0 L 17
25 1 U 5
26 0 U 19
27 0 L 24
28 1 U -1
29 1 L 14
30 0 U 25
31
0 0 L -1
1 0 L -1
2 1 U 0
3 1 L -1
4 0 U -1
5 1 L 2
6 0 U 2
7 0 U -1
8 1 U 7
9 1 U 7
10 1 L 0
11 1 U 5
12 1 L 9
13 1 U 1
14 0 L 12
15 1 L 8
16 1 L -1
17 0 L 16
18 0 L 8
19 1 U -1
20 0 U 13
21 0 L 15
22 1 U -1
23 0 L 21
24 0 L 17
25 1 U 22
26 0 L -1
27 0 L 8
28 0 U -1
29 1 L 23
30 0 U -1
31
0 0 L -1
1 1 L -1
2 0 U 0
3 1 L -1
4 0 U -1
5 1 U 4
6 0 U 2
7 0 U -1
8 1 U 7
9 1 U 7
10 1 L 0
11 1 U 7
12 1 U 0
13 1 U 2
14 0 L 11
15 1 L 8
16 1 L -1
17 0 L 16
18 0 L 8
19 1 U -1
20 0 U 8
21 1 L 9
22 1 U -1
23 0 L 21
24 0 L 17
25 1 U 19
26 0 L -1
27 0 L 8
28 1 U -1
29 1 L 14
30 0 U -1
31
0 1 U -1
1 1 L -1
2 1 L 1
3 1 L -1
4 0 U -1
5 0 U 3
6 0 U 2
7 0 U -1
8 1 U 1
9 1 U 7
10 1 L 1
11 1 U 7
12 1 L 9
13 1 U 7
14 0 L 12
15 1 L 8
16 1 L -1
17 0 L 16
18 0 L 8
19 1 U -1
20 0 U 6
21 1 L 15
22 1 U 11
23 0 L 21
24 0 L 17
25 1 U 19
26 0 L 0
27 0 L 8
28 0 U -1
29 1 L 14
30 0 U -1
31
0 1 L -1
1 1 L -1
2 0 L 1
3 1 L -1
4 0 U 0
5 1 U -1
6 0 U 1
7 0 U -1
8 1 U 7
9 1 U 7
10 1 L 1
11 1 U 2
12 1 L 9
13 1 U 2
14 0 L 12
15 1 L 8
16 1 L -1
17 0 L 16
18 0 L 8
19 1 U -1
20 0 U 9
21 0 L 18
22 1 U 9
23 0 L 21
24 0 L 17
25 1 U 4
26 0 L 1
27 0 L 4
28 0 U -1
29 1 L 14
30 0 U -1
31
0 1 U -1
1 1 L -1
2 1 L 0
3 1 L -1
4 0 U -1
5 1 L 3
6 0 U 5
7 0 U -1
8 1 U 7
9 1 U 7
10 1 L -1
11 1 U 7
12 1 L 9
13 1 U 1
14 0 L 12
15 1 L 8
16 1 L -1
17 0 L 16
18 0 L 8
19 1 U -1
20 0 U 3
21 1 L 15
22 1 U 13
23 0 L 21
24 0 L 17
25 1 U 7
26 0 L 0
27 0 L 24
28 1 U -1
29 1 L 23
30 0 U -1
31
0 1 U -1
1 1 L -1
2 0 U 0
3 1 L -1
4 0 U -1
5 0 U 4
6 0 U 1
7 0 U -1
8 1 U 1
9 1 U 7
10 1 L -1
11 1 U 7
12 1 L 10
13 1 U 2
14 0 L 7
15 1 L 8
16 1 L -1
17 0 L 16
18 0 L 8
19 1 U -1
20 0 U 11
21 0 L 18
22 1 U 11
23 0 L 7
24 0 L 17
25 1 U 7
26 0 L 0
27 0 L 8
28 1 U -1
29 1 L 23
30 0 U -1
31
0 1 U -1
1 1 L -1
2 0 L 1
3 1 L -1
4 0 U -1
5 1 U 4
6 0 U 1
7 0 U -1
8 1 U 2
9 1 U 2
10 1 L -1
11 1 U 2
12 0 L 2
13 1 U 1
14 0 L 7
15 1 L 8
16 1 L -1
17 0 L 16
18 0 L 8
19 1 U -1
20 0 U 13
21 1 L 15
22 1 U 9
23 0 L 7
24 0 L 17
25 1 U 19
26 0 L 16
27 0 L 24
28 0 U -1
29 1 L 13
30 0 U -1
31
0 1 L -1
1 1 L -1
2 0 L 1
3 1 L -1
4 0 U -1
5 1 U 4
6 0 U 2
7 0 U -1
8 1 U 7
9 1 U 7
10 1 L -1
11 1 U 7
12 0 L 10
13 1 U 1
14 0 L 7
15 1 L 8
16 1 L -1
17 0 L 16
18 0 L 8
19 0 U -1
20 0 U 13
21 0 L 18
22 1 U 9
23 0 L 7
24 0 L 17
25 1 U 5
26 0 L 16
27 0 L 24
28 1 U -1
29 1 L 13
30 0 U -1
31
0 1 U -1
1 1 L -1
2 0 L 1
3 1 L -1
4 0 U -1
5 1 U 4
6 0 U 1
7 0 U -1
8 1 U 7
9 1 U 2
10 1 L -1
11 1 U 1
12 1 L 2
13 1 U 7
14 0 L 7
15 1 L 8
16 1 L -1
17 0 L 16
18 0 L 8
19 0 U -1
20 0 U 9
21 0 L 18
22 1 U 13
23 0 L 21
24 0 L 17
25 1 U 5
26 0 L 1
27 0 L 4
28 1 U -1
29 1 L 23
30 0 U -1
31
0 1 L -1
1 1 L -1
2 0 L 1
3 1 L -1
4 0 U -1
5 1 U 4
6 0 U 2
7 0 U -1
8 1 U 2
9 1 U 2
10 1 L -1
11 1 U 2
12 0 L 10
13 1 U 2
14 0 L 7
15 1 L 8
16 1 L -1
17 0 L 16
18 0 L 8
19 1 U -1
20 0 U 3
21 1 L 15
22 1 U 11
23 0 L 21
24 0 L 17
25 1 U 2
26 0 L 1
27 0 L 8
28 1 U -1
29 1 L 14
30 0 U -1
31
0 1 U -1
1 1 L -1
2 0 L 1
3 1 L -1
4 0 U -1
5 1 U 4
6 0 U 1
7 0 U -1
8 1 U 1
9 1 U 7
10 1 L -1
11 1 U 2
12 0 L 10
13 1 U 2
14 0 L 7
15 1 L 8
16 1 L -1
17 0 L 16
18 0 L 8
19 1 U -1
20 0 U 13
21 1 L 15
22 1 U 11
23 0 L 7
24 0 L 17
25 1 U 5
26 0 L 16
27 0 L 4
28 1 U -1
29 1 L 13
30 0 U -1
31
0 1 L -1
1 1 L -1
2 0 L 1
3 1 L -1
4 0 U -1
5 0 U 4
6 0 U 2
7 0 U -1
8 1 U 1
9 1 U 7
10 1 L -1
11 1 U 7
12 0 L 10
13 1 U 1
14 0 L 7
15 1 L 8
16 1 L -1
17 0 L 16
18 0 L 8
19 1 U -1
20 0 U 3
21 0 L 18
22 1 U 6
23 0 L 7
24 0 L 17
25 1 U 19
26 0 L 10
27 0 L 4
28 1 U -1
29 1 L 23
30 0 U -1
31
0 1 L -1
1 1 L -1
2 1 L 1
3 1 L -1
4 0 U -1
5 1 U 4
6 0 U 2
7 0 U -1
8 1 U 2
9 1 U 7
10 1 L -1
11 1 U 1
12 0 L 10
13 1 U 7
14 0 L 7
15 1 L 8
16 1 L -1
17 0 L 16
18 0 L 8
19 1 U -1
20 0 U 8
21 1 L 18
22 1 U 6
23 0 L 21
24 0 L 17
25 1 U 19
26 0 L 10
27 0 L 4
28 0 U -1
29 1 L 13
30 0 U -1
31
0 1 L -1
1 1 L -1
2 0 L 1
3 1 L -1
4 0 U -1
5 0 L 2
6 0 U 2
7 0 U -1
8 1 U 1
9 1 U 7
10 1 L -1
11 1 U 2
12 0 L 2
13 1 U 7
14 0 L 7
15 1 L 8
16 1 L -1
17 0 L 16
18 0 L 8
19 1 U -1
20 0 U 11
21 1 L 18
22 1 U 6
23 0 L 7
24 0 L 17
25 1 U 7
26 0 L 10
27 0 L 4
28 1 U -1
29 1 L 13
30 0 U -1
31
0 1 U -1
1 1 L -1
2 0 L 1
3 1 L -1
4 0 U -1
5 1 L 2
6 0 U 1
7 0 U -1
8 1 U 2
9 1 U 7
10 1 L -1
11 1 U 2
12 1 L 2
13 1 U 5
14 0 L 7
15 1 L 8
16 1 L -1
17 0 L 16
18 0 L 8
19 1 U -1
20 0 U 9
21 1 L 15
22 1 U 11
23 0 L 7
24 0 L 17
25 1 U 5
26 0 L 1
27 0 L 4
28 0 U -1
29 1 L 14
30 0 U -1
31
0 1 L -1
1 1 L -1
2 0 L 0
3 1 L -1
4 0 U 0
5 1 L 3
6 0 U 1
7 0 U -1
8 1 U 7
9 1 U 7
10 1 L -1
11 1 U 7
12 1 L 5
13 1 U 1
14 0 L 7
15 1 L 8
16 1 L -1
17 0 L 16
18 0 L 8
19 1 U -1
20 0 U 11
21 0 L 18
22 1 U 8
23 0 L 7
24 0 L 17
25 1 U 5
26 0 L 16
27 0 L 8
28 1 U -1
29 1 L 23
30 0 U -1
31
0 0 L -1
1 0 L -1
2 1 U 0
3 1 L -1
4 0 U -1
5 1 L -1
6 0 U 2
7 0 U -1
8 1 U 7
9 1 U 7
10 1 L 0
11 1 U 1
12 1 L 9
13 1 U 2
14 0 L 12
15 1 L 8
16 1 L -1
17 0 L 16
18 0 L 8
19 1 U -1
20 0 U 13
21 0 L 18
22 1 U 13
23 0 L 12
24 0 L 17
25 1 U 19
26 0 L 1
27 0 L 24
28 1 U -1
29 1 L 23
30 0 U -1
31
0 0 U -1
1 1 L -1
2 1 U 0
3 1 L -1
4 0 U -1
5 1 U 0
6 0 U 1
7 0 U -1
8 1 U 2
9 1 U 7
10 1 L 0
11 1 U 5
12 1 L 9
13 1 U 1
14 0 L 11
15 1 L 8
16 1 L -1
17 0 L 16
18 0 L 8
19 0 U -1
20 1 U -1
21 1 L 18
22 1 U 9
23 0 L 12
24 0 L 17
25 1 U 7
26 0 L 1
27 0 L 24
28 0 U -1
29 1 L 14
30 0 U 9
31
0 0 L -1
1 0 L -1
2 0 U 0
3 1 L -1
4 0 U -1
5 1 U 4
6 0 U 2
7 0 U -1
8 1 U 1
9 1 U 7
10 1 L 0
11 1 U 5
12 1 U 11
13 1 U 2
14 0 U 3
15 1 L 8
16 1 L -1
17 0 L 16
18 0 L 8
19 1 U -1
20 0 U -1
21 0 L 15
22 1 U 9
23 0 L 12
24 0 L 5
25 1 U 5
26 0 L 3
27 0 L 8
28 0 U -1
29 1 L 14
30 0 U 3
31
0 0 L -1
1 1 L -1
2 0 U 0
3 1 L -1
4 0 U -1
5 1 U 4
6 0 U 1
7 0 U -1
8 1 U 7
9 1 U 7
10 1 L -1
11 1 U 5
12 0 U 11
13 1 U 2
14 0 L 12
15 1 L 8
16 1 L -1
17 0 L 16
18 0 L 8
19 0 U -1
20 0 U -1
21 1 L 15
22 1 U 9
23 0 L 21
24 0 L 17
25 1 U 5
26 0 L 1
27 0 L 24
28 0 U -1
29 1 L 23
30 0 U 25
