30
0 0 U -1
1 1 U -1
2 1 U -1
3 1 U -1
4 1 U -1
5 0 U -1
6 0 U -1
7 1 U -1
8 1 U -1
9 1 U -1
10 1 U -1
11 1 U -1
12 0 U -1
13 1 U -1
14 0 U -1
15 1 U -1
16 1 U -1
17 1 U -1
18 0 U -1
19 0 U -1
20 1 U -1
21 0 U -1
22 1 U -1
23 0 U -1
24 1 U -1
25 0 U -1
26 1 U -1
27 1 U -1
28 1 U -1
29 0 U -1
30
0 0 U -1
1 1 U -1
2 1 U -1
3 1 U -1
4 1 U -1
5 0 U -1
6 0 U -1
7 1 U -1
8 1 U -1
9 1 U -1
10 1 U -1
11 1 U -1
12 0 U -1
13 1 U -1
14 0 U -1
15 1 U -1
16 1 U -1
17 1 U -1
18 0 U -1
19 0 U -1
20 1 U -1
21 0 U -1
22 1 U -1
23 0 U -1
24 1 U -1
25 0 U -1
26 1 U -1
27 1 U -1
28 1 U -1
29 0 U -1
30
0 0 U -1
1 1 U -1
2 1 U -1
3 1 U -1
4 1 U -1
5 0 U -1
6 0 U -1
7 1 U -1
8 1 U -1
9 1 U -1
10 1 U -1
11 1 U -1
12 0 U -1
13 1 U -1
14 0 U -1
15 1 U -1
16 1 U -1
17 1 U -1
18 0 U -1
19 0 U -1
20 1 U -1
21 0 U -1
22 1 U -1
23 0 U -1
24 1 U -1
25 0 U -1
26 1 U -1
27 1 U -1
28 1 U -1
29 0 U -1
30
0 0 U -1
1 1 U -1
2 1 U -1
3 1 U -1
4 1 U -1
5 0 U -1
6 0 U -1
7 1 U -1
8 1 U -1
9 1 U -1
10 1 U -1
11 1 U -1
12 0 U -1
13 1 U -1
14 0 U -1
15 1 U -1
16 1 U -1
17 1 U -1
18 0 U -1
19 0 U -1
20 1 U -1
21 0 U -1
22 1 U -1
23 0 U -1
24 1 U -1
25 0 U -1
26 1 U -1
27 1 U -1
28 1 U -1
29 0 U -1
30
0 0 U -1
1 1 U -1
2 1 U -1
3 1 U -1
4 1 U -1
5 0 U -1
6 0 U -1
7 1 U -1
8 1 U -1
9 1 U -1
10 1 U -1
11 1 U -1
12 0 U -1
13 1 U -1
14 0 U -1
15 1 U -1
16 1 U -1
17 1 U -1
18 0 U -1
19 0 U -1
20 1 U -1
21 0 U -1
22 1 U -1
23 0 U -1
24 1 U -1
25 0 U -1
26 1 U -1
27 1 U -1
28 1 U -1
29 0 U -1
30
0 0 U -1
1 1 U -1
2 1 U -1
3 1 U -1
4 1 U -1
5 0 U -1
6 0 U -1
7 1 U -1
8 1 U -1
9 1 U -1
10 1 U -1
11 1 U -1
12 0 U -1
13 1 U -1
14 0 U -1
15 1 U -1
16 1 U -1
17 1 U -1
18 0 U -1
19 0 U -1
20 1 U -1
21 0 U -1
22 1 U -1
23 0 U -1
24 1 U -1
25 0 U -1
26 1 U -1
27 1 U -1
28 1 U -1
29 0 U -1
30
0 0 U -1
1 1 U -1
2 1 U -1
3 1 U -1
4 1 U -1
5 0 U -1
6 0 U -1
7 1 U -1
8 1 U -1
9 1 U -1
10 1 U -1
11 1 U -1
12 0 U -1
13 1 U -1
14 0 U -1
15 1 U -1
16 1 U -1
17 1 U -1
18 0 U -1
19 0 U -1
20 1 U -1
21 0 U -1
22 1 U -1
23 0 U -1
24 1 U -1
25 0 U -1
26 1 U -1
27 1 U -1
28 1 U -1
29 0 U -1
30
0 0 U -1
1 1 U -1
2 1 U -1
3 1 U -1
4 1 U -1
5 0 U -1
6 0 U -1
7 1 U -1
8 1 U -1
9 1 U -1
10 1 U -1
11 1 U -1
12 0 U -1
13 1 U -1
14 0 U -1
15 1 U -1
16 1 U -1
17 1 U -1
18 0 U -1
19 0 U -1
20 1 U -1
21 0 U -1
22 1 U -1
23 0 U -1
24 1 U -1
25 0 U -1
26 1 U -1
27 1 U -1
28 1 U -1
29 0 U -1
30
0 0 U -1
1 1 U -1
2 1 U -1
3 1 U -1
4 1 U -1
5 0 U -1
6 0 U -1
7 1 U -1
8 1 U -1
9 1 U -1
10 1 U -1
11 1 U -1
12 0 U -1
13 1 U -1
14 0 U -1
15 1 U -1
16 1 U -1
17 1 U -1
18 0 U -1
19 0 U -1
20 1 U -1
21 0 U -1
22 1 U -1
23 0 U -1
24 1 U -1
25 0 U -1
26 1 U -1
27 1 U -1
28 1 U -1
29 0 U -1
30
0 0 U -1
1 1 U -1
2 1 U -1
3 1 U -1
4 1 U -1
5 0 U -1
6 0 U -1
7 1 U -1
8 1 U -1
9 1 U -1
10 1 U -1
11 1 U -1
12 0 U -1
13 1 U -1
14 0 U -1
15 1 U -1
16 1 U -1
17 1 U -1
18 0 U -1
19 0 U -1
20 1 U -1
21 0 U -1
22 1 U -1
23 0 U -1
24 1 U -1
25 0 U -1
26 1 U -1
27 1 U -1
28 1 U -1
29 0 U -1
30
0 0 U -1
1 1 U -1
2 1 U -1
3 1 U -1
4 1 U -1
5 0 U -1
6 0 U -1
7 1 U -1
8 1 U -1
9 1 U -1
10 1 U -1
11 1 U -1
12 0 U -1
13 1 U -1
14 0 U -1
15 1 U -1
16 1 U -1
17 1 U -1
18 0 U -1
19 0 U -1
20 1 U -1
21 0 U -1
22 1 U -1
23 0 U -1
24 1 U -1
25 0 U -1
26 1 U -1
27 1 U -1
28 1 U -1
29 0 U -1
30
0 0 U -1
1 1 U -1
2 1 U -1
3 1 U -1
4 1 U -1
5 0 U -1
6 0 U -1
7 1 U -1
8 1 U -1
9 1 U -1
10 1 U -1
11 1 U -1
12 0 U -1
13 1 U -1
14 0 U -1
15 1 U -1
16 1 U -1
17 1 U -1
18 0 U -1
19 0 U -1
20 1 U -1
21 0 U -1
22 1 U -1
23 0 U -1
24 1 U -1
25 0 U -1
26 1 U -1
27 1 U -1
28 1 U -1
29 0 U -1
30
0 0 U -1
1 1 U -1
2 1 U -1
3 1 U -1
4 1 U -1
5 0 U -1
6 0 U -1
7 1 U -1
8 1 U -1
9 1 U -1
10 1 U -1
11 1 U -1
12 0 U -1
13 1 U -1
14 0 U -1
15 1 U -1
16 1 U -1
17 1 U -1
18 0 U -1
19 0 U -1
20 1 U -1
21 0 U -1
22 1 U -1
23 0 U -1
24 1 U -1
25 0 U -1
26 1 U -1
27 1 U -1
28 1 U -1
29 0 U -1
30
0 0 U -1
1 1 U -1
2 1 U -1
3 1 U -1
4 1 U -1
5 0 U -1
6 0 U -1
7 1 U -1
8 1 U -1
9 1 U -1
10 1 U -1
11 1 U -1
12 0 U -1
13 1 U -1
14 0 U -1
15 1 U -1
16 1 U -1
17 1 U -1
18 0 U -1
19 0 U -1
20 1 U -1
21 0 U -1
22 1 U -1
23 0 U -1
24 1 U -1
25 0 U -1
26 1 U -1
27 1 U -1
28 1 U -1
29 0 U -1
30
0 0 U -1
1 1 U -1
2 1 U -1
3 1 U -1
4 1 U -1
5 0 U -1
6 0 U -1
7 1 U -1
8 1 U -1
9 1 U -1
10 1 U -1
11 1 U -1
12 0 U -1
13 1 U -1
14 0 U -1
15 1 U -1
16 1 U -1
17 1 U -1
18 0 U -1
19 0 U -1
20 1 U -1
21 0 U -1
22 1 U -1
23 0 U -1
24 1 U -1
25 0 U -1
26 1 U -1
27 1 U -1
28 1 U -1
29 0 U -1
30
0 0 U -1
1 1 U -1
2 1 U -1
3 1 U -1
4 1 U -1
5 0 U -1
6 0 U -1
7 1 U -1
8 1 U -1
9 1 U -1
10 1 U -1
11 1 U -1
12 0 U -1
13 1 U -1
14 0 U -1
15 1 U -1
16 1 U -1
17 1 U -1
18 0 U -1
19 0 U -1
20 1 U -1
21 0 U -1
22 1 U -1
23 0 U -1
24 1 U -1
25 0 U -1
26 1 U -1
27 1 U -1
28 1 U -1
29 0 U -1
30
0 0 U -1
1 1 U -1
2 1 U -1
3 1 U -1
4 1 U -1
5 0 U -1
6 0 U -1
7 1 U -1
8 1 U -1
9 1 U -1
10 1 U -1
11 1 U -1
12 0 U -1
13 1 U -1
14 0 U -1
15 1 U -1
16 1 U -1
17 1 U -1
18 0 U -1
19 0 U -1
20 1 U -1
21 0 U -1
22 1 U -1
23 0 U -1
24 1 U -1
25 0 U -1
26 1 U -1
27 1 U -1
28 1 U -1
29 0 U -1
30
0 0 U -1
1 1 U -1
2 1 U -1
3 1 U -1
4 1 U -1
5 0 U -1
6 0 U -1
7 1 U -1
8 1 U -1
9 1 U -1
10 1 U -1
11 1 U -1
12 0 U -1
13 1 U -1
14 0 U -1
15 1 U -1
16 1 U -1
17 1 U -1
18 0 U -1
19 0 U -1
20 1 U -1
21 0 U -1
22 1 U -1
23 0 U -1
24 1 U -1
25 0 U -1
26 1 U -1
27 1 U -1
28 1 U -1
29 0 U -1
30
0 0 U -1
1 1 U -1
2 1 U -1
3 1 U -1
4 1 U -1
5 0 U -1
6 0 U -1
7 1 U -1
8 1 U -1
9 1 U -1
10 1 U -1
11 1 U -1
12 0 U -1
13 1 U -1
14 0 U -1
15 1 U -1
16 1 U -1
17 1 U -1
18 0 U -1
19 0 U -1
20 1 U -1
21 0 U -1
22 1 U -1
23 0 U -1
24 1 U -1
25 0 U -1
26 1 U -1
27 1 U -1
28 1 U -1
29 0 U -1
30
0 0 U -1
1 1 U -1
2 1 U -1
3 1 U -1
4 1 U -1
5 0 U -1
6 0 U -1
7 1 U -1
8 1 U -1
9 1 U -1
10 1 U -1
11 1 U -1
12 0 U -1
13 1 U -1
14 0 U -1
15 1 U -1
16 1 U -1
17 1 U -1
18 0 U -1
19 0 U -1
20 1 U -1
21 0 U -1
22 1 U -1
23 0 U -1
24 1 U -1
25 0 U -1
26 1 U -1
27 1 U -1
28 1 U -1
29 0 U -1
30
0 0 U -1
1 1 U -1
2 1 U -1
3 1 U -1
4 1 U -1
5 0 U -1
6 0 U -1
7 1 U -1
8 1 U -1
9 1 U -1
10 1 U -1
11 1 U -1
12 0 U -1
13 1 U -1
14 0 U -1
15 1 U -1
16 1 U -1
17 1 U -1
18 0 U -1
19 0 U -1
20 1 U -1
21 0 U -1
22 1 U -1
23 0 U -1
24 1 U -1
25 0 U -1
26 1 U -1
27 1 U -1
28 1 U -1
29 0 U -1
30
0 0 U -1
1 1 U -1
2 1 U -1
3 1 U -1
4 1 U -1
5 0 U -1
6 0 U -1
7 1 U -1
8 1 U -1
9 1 U -1
10 1 U -1
11 1 U -1
12 0 U -1
13 1 U -1
14 0 U -1
15 1 U -1
16 1 U -1
17 1 U -1
18 0 U -1
19 0 U -1
20 1 U -1
21 0 U -1
22 1 U -1
23 0 U -1
24 1 U -1
25 0 U -1
26 1 U -1
27 1 U -1
28 1 U -1
29 0 U -1
30
0 0 U -1
1 1 U -1
2 1 U -1
3 1 U -1
4 1 U -1
5 0 U -1
6 0 U -1
7 1 U -1
8 1 U -1
9 1 U -1
10 1 U -1
11 1 U -1
12 0 U -1
13 1 U -1
14 0 U -1
15 1 U -1
16 1 U -1
17 1 U -1
18 0 U -1
19 0 U -1
20 1 U -1
21 0 U -1
22 1 U -1
23 0 U -1
24 1 U -1
25 0 U -1
26 1 U -1
27 1 U -1
28 1 U -1
29 0 U -1
30
0 0 U -1
1 1 U -1
2 1 U -1
3 1 U -1
4 1 U -1
5 0 U -1
6 0 U -1
7 1 U -1
8 1 U -1
9 1 U -1
10 1 U -1
11 1 U -1
12 0 U -1
13 1 U -1
14 0 U -1
15 1 U -1
16 1 U -1
17 1 U -1
18 0 U -1
19 0 U -1
20 1 U -1
21 0 U -1
22 1 U -1
23 0 U -1
24 1 U -1
25 0 U -1
26 1 U -1
27 1 U -1
28 1 U -1
29 0 U -1
30
0 0 U -1
1 1 U -1
2 1 U -1
3 1 U -1
4 1 U -1
5 0 U -1
6 0 U -1
7 1 U -1
8 1 U -1
9 1 U -1
10 1 U -1
11 1 U -1
12 0 U -1
13 1 U -1
14 0 U -1
15 1 U -1
16 1 U -1
17 1 U -1
18 0 U -1
19 0 U -1
20 1 U -1
21 0 U -1
22 1 U -1
23 0 U -1
24 1 U -1
25 0 U -1
26 1 U -1
27 1 U -1
28 1 U -1
29 0 U -1
30
0 0 U -1
1 1 U -1
2 1 U -1
3 1 U -1
4 1 U -1
5 0 U -1
6 0 U -1
7 1 U -1
8 1 U -1
9 1 U -1
10 1 U -1
11 1 U -1
12 0 U -1
13 1 U -1
14 0 U -1
15 1 U -1
16 1 U -1
17 1 U -1
18 0 U -1
19 0 U -1
20 1 U -1
21 0 U -1
22 1 U -1
23 0 U -1
24 1 U -1
25 0 U -1
26 1 U -1
27 1 U -1
28 1 U -1
29 0 U -1
30
0 0 U -1
1 1 U -1
2 1 U -1
3 1 U -1
4 1 U -1
5 0 U -1
6 0 U -1
7 1 U -1
8 1 U -1
9 1 U -1
10 1 U -1
11 1 U -1
12 0 U -1
13 1 U -1
14 0 U -1
15 1 U -1
16 1 U -1
17 1 U -1
18 0 U -1
19 0 U -1
20 1 U -1
21 0 U -1
22 1 U -1
23 0 U -1
24 1 U -1
25 0 U -1
26 1 U -1
27 1 U -1
28 1 U -1
29 0 U -1
30
0 0 U -1
1 1 U -1
2 1 U -1
3 1 U -1
4 1 U -1
5 0 U -1
6 0 U -1
7 1 U -1
8 1 U -1
9 1 U -1
10 1 U -1
11 1 U -1
12 0 U -1
13 1 U -1
14 0 U -1
15 1 U -1
16 1 U -1
17 1 U -1
18 0 U -1
19 0 U -1
20 1 U -1
21 0 U -1
22 1 U -1
23 0 U -1
24 1 U -1
25 0 U -1
26 1 U -1
27 1 U -1
28 1 U -1
29 0 U -1
30
0 0 U -1
1 1 U -1
2 1 U -1
3 1 U -1
4 1 U -1
5 0 U -1
6 0 U -1
7 1 U -1
8 1 U -1
9 1 U -1
10 1 U -1
11 1 U -1
12 0 U -1
13 1 U -1
14 0 U -1
15 1 U -1
16 1 U -1
17 1 U -1
18 0 U -1
19 0 U -1
20 1 U -1
21 0 U -1
22 1 U -1
23 0 U -1
24 1 U -1
25 0 U -1
26 1 U -1
27 1 U -1
28 1 U -1
29 0 U -1
30
0 0 U -1
1 1 U -1
2 1 U -1
3 1 U -1
4 1 U -1
5 0 U -1
6 0 U -1
7 1 U -1
8 1 U -1
9 1 U -1
10 1 U -1
11 1 U -1
12 0 U -1
13 1 U -1
14 0 U -1
15 1 U -1
16 1 U -1
17 1 U -1
18 0 U -1
19 0 U -1
20 1 U -1
21 0 U -1
22 1 U -1
23 0 U -1
24 1 U -1
25 0 U -1
26 1 U -1
27 1 U -1
28 1 U -1
29 0 U -1
30
0 0 U -1
1 1 U -1
2 1 U -1
3 1 U -1
4 1 U -1
5 0 U -1
6 0 U -1
7 1 U -1
8 1 U -1
9 1 U -1
10 1 U -1
11 1 U -1
12 0 U -1
13 1 U -1
14 0 U -1
15 1 U -1
16 1 U -1
17 1 U -1
18 0 U -1
19 0 U -1
20 1 U -1
21 0 U -1
22 1 U -1
23 0 U -1
24 1 U -1
25 0 U -1
26 1 U -1
27 1 U -1
28 1 U -1
29 0 U -1
30
0 0 U -1
1 1 U -1
2 1 U -1
3 1 U -1
4 1 U -1
5 0 U -1
6 0 U -1
7 1 U -1
8 1 U -1
9 1 U -1
10 1 U -1
11 1 U -1
12 0 U -1
13 1 U -1
14 0 U -1
15 1 U -1
16 1 U -1
17 1 U -1
18 0 U -1
19 0 U -1
20 1 U -1
21 0 U -1
22 1 U -1
23 0 U -1
24 1 U -1
25 0 U -1
26 1 U -1
27 1 U -1
28 1 U -1
29 0 U -1
30
0 0 U -1
1 1 U -1
2 1 U -1
3 1 U -1
4 1 U -1
5 0 U -1
6 0 U -1
7 1 U -1
8 1 U -1
9 1 U -1
10 1 U -1
11 1 U -1
12 0 U -1
13 1 U -1
14 0 U -1
15 1 U -1
16 1 U -1
17 1 U -1
18 0 U -1
19 0 U -1
20 1 U -1
21 0 U -1
22 1 U -1
23 0 U -1
24 1 U -1
25 0 U -1
26 1 U -1
27 1 U -1
28 1 U -1
29 0 U -1
30
0 0 U -1
1 1 U -1
2 1 U -1
3 1 U -1
4 1 U -1
5 0 U -1
6 0 U -1
7 1 U -1
8 1 U -1
9 1 U -1
10 1 U -1
11 1 U -1
12 0 U -1
13 1 U -1
14 0 U -1
15 1 U -1
16 1 U -1
17 1 U -1
18 0 U -1
19 0 U -1
20 1 U -1
21 0 U -1
22 1 U -1
23 0 U -1
24 1 U -1
25 0 U -1
26 1 U -1
27 1 U -1
28 1 U -1
29 0 U -1
30
0 0 U -1
1 1 U -1
2 1 U -1
3 1 U -1
4 1 U -1
5 0 U -1
6 0 U -1
7 1 U -1
8 1 U -1
9 1 U -1
10 1 U -1
11 1 U -1
12 0 U -1
13 1 U -1
14 0 U -1
15 1 U -1
16 1 U -1
17 1 U -1
18 0 U -1
19 0 U -1
20 1 U -1
21 0 U -1
22 1 U -1
23 0 U -1
24 1 U -1
25 0 U -1
26 1 U -1
27 1 U -1
28 1 U -1
29 0 U -1
