62
0 0 U -1
1 0 U -1
2 0 U -1
3 0 U -1
4 0 U -1
5 0 U -1
6 0 U -1
7 0 U -1
8 0 U -1
9 0 U -1
10 0 U -1
11 0 U -1
12 0 U -1
13 0 U -1
14 0 U -1
15 0 U -1
16 0 U -1
17 0 U -1
18 0 U -1
19 0 U -1
20 0 U -1
21 0 U -1
22 0 U -1
23 0 U -1
24 0 U -1
25 0 U -1
26 0 U -1
27 0 U -1
28 0 U -1
29 0 U -1
30 0 U -1
31 0 U -1
32 0 U -1
33 0 U -1
34 0 U -1
35 0 U -1
36 0 U -1
37 0 U -1
38 0 U -1
39 0 U -1
40 0 U -1
41 0 U -1
42 0 U -1
43 0 U -1
44 0 U -1
45 0 U -1
46 0 U -1
47 0 U -1
48 0 U -1
49 0 U -1
50 0 U -1
51 0 U -1
52 0 U -1
53 0 U -1
54 0 U -1
55 0 U -1
56 0 U -1
57 0 U -1
58 0 U -1
59 0 U -1
60 0 U -1
61 0 U -1
62
0 0 U -1
1 1 U 0
2 1 U 0
3 0 U -1
4 1 L -1
5 0 U -1
6 0 L -1
7 0 L -1
8 1 L 5
9 1 L 6
10 0 U 4
11 0 U 3
12 0 U 11
13 1 U 8
14 0 U -1
15 1 U 4
16 0 U -1
17 0 U 1
18 0 U 15
19 0 L 1
20 1 U 19
21 0 U 1
22 0 L 1
23 1 U -1
24 0 L 9
25 1 L 16
26 0 L 21
27 1 L 17
28 1 U 1
29 1 U 15
30 1 U 15
31 0 U 5
32 0 L 30
33 0 U 24
34 1 U -1
35 0 L -1
36 0 L 4
37 0 L 28
38 0 L -1
39 0 L 14
40 1 L -1
41 0 L 40
42 1 U 32
43 0 L 36
44 0 L 32
45 1 U 34
46 0 U 29
47 1 U 15
48 0 U 6
49 0 L 24
50 1 U 16
51 0 U 26
52 1 U 48
53 1 L 36
54 1 U 52
55 0 L 16
56 1 U 49
57 1 U -1
58 1 U 49
59 0 L 39
60 0 L 40
61 1 L 30
62
0 0 L -1
1 0 U 0
2 1 U 0
3 0 U -1
4 1 L -1
5 0 U -1
6 0 L -1
7 0 L -1
8 1 L 4
9 1 L 6
10 0 U 4
11 0 U 0
12 1 U 11
13 1 U 8
14 0 U -1
15 1 U 4
16 0 U -1
17 0 U 1
18 0 U 15
19 0 L -1
20 1 U 19
21 0 U 1
22 0 U 13
23 1 U -1
24 0 L 12
25 1 L 16
26 1 U 12
27 1 L 17
28 1 U 23
29 1 U 15
30 1 U 15
31 0 U 5
32 0 L 30
33 0 U 30
34 0 U -1
35 0 L -1
36 1 L 5
37 1 L 28
38 1 L -1
39 1 L 13
40 1 L -1
41 1 L 24
42 0 L 32
43 0 L 36
44 0 L 32
45 1 U 27
46 0 U 29
47 1 U 15
48 0 U 6
49 0 L 45
50 1 U 0
51 1 U 26
52 0 U 43
53 1 L 2
54 1 L 42
55 1 L 16
56 0 L 32
57 1 U -1
58 0 U 49
59 1 L 53
60 0 L 40
61 1 L 55
62
0 0 L -1
1 1 U 0
2 1 U 0
3 0 U -1
4 1 L -1
5 0 U -1
6 0 L -1
7 0 L -1
8 1 L 4
9 1 L 6
10 0 U 4
11 0 U 0
12 1 U 11
13 1 U 8
14 0 U -1
15 1 U 4
16 0 U -1
17 0 U 1
18 1 U 15
19 0 L 0
20 1 U 19
21 0 U 16
22 0 U 13
23 0 U -1
24 0 L 12
25 1 L 16
26 0 U 12
27 1 L 12
28 1 U 23
29 1 U 15
30 1 U 15
31 0 U 14
32 0 L 30
33 0 U 30
34 0 U -1
35 0 L -1
36 1 L 5
37 1 L 28
38 0 L -1
39 0 L 22
40 1 L -1
41 1 L 18
42 0 L 32
43 0 L 36
44 0 L 32
45 1 U 20
46 0 U 29
47 0 U 44
48 0 U 6
49 1 L 45
50 1 U 13
51 0 U 43
52 0 L 44
53 1 L 35
54 1 L 42
55 0 L 17
56 0 L 55
57 1 U -1
58 0 L 56
59 1 L 58
60 0 L 35
61 1 L 11
62
0 0 U -1
1 0 U 0
2 1 U 0
3 0 U -1
4 1 L -1
5 0 U -1
6 0 L -1
7 0 L -1
8 1 L 5
9 0 L 6
10 0 U 4
11 0 U 0
12 0 U 11
13 1 U 8
14 0 U -1
15 1 U 4
16 0 U -1
17 0 U 0
18 1 U 15
19 0 L 1
20 1 U 7
21 1 U 11
22 0 U 13
23 0 U -1
24 0 U 13
25 0 L 16
26 1 U 13
27 1 L 13
28 1 U 1
29 1 U 15
30 1 U 15
31 0 U 5
32 0 L 30
33 0 U 30
34 0 U -1
35 0 L -1
36 0 L 5
37 0 L 28
38 0 L -1
39 0 L 22
40 1 L -1
41 1 L 18
42 0 L 32
43 0 L 36
44 1 L 32
45 0 U 29
46 0 U -1
47 0 U 44
48 0 U 6
49 1 L 24
50 1 U 4
51 0 U 43
52 1 L 28
53 1 L 40
54 1 L 42
55 0 L 17
56 1 U 55
57 0 U 14
58 0 L 26
59 1 L 58
60 0 L 21
61 1 L 12
62
0 0 U -1
1 1 U 0
2 1 U 0
3 0 U -1
4 1 L -1
5 0 U -1
6 0 L -1
7 0 L -1
8 1 L 4
9 0 L 6
10 0 U 4
11 0 U 0
12 0 U 11
13 1 U 8
14 0 U -1
15 1 U 4
16 0 U -1
17 0 U 0
18 1 U 15
19 1 U 3
20 1 U 7
21 1 U 11
22 0 U 13
23 1 U -1
24 0 U 13
25 0 L 16
26 1 U 13
27 0 L 12
28 1 U 23
29 1 U 15
30 1 U 6
31 0 U 5
32 0 L 30
33 0 U 30
34 0 U -1
35 0 L -1
36 0 L 2
37 0 L 28
38 0 L -1
39 1 L 22
40 1 L -1
41 1 L 15
42 0 L 32
43 0 L 36
44 0 L 32
45 1 U 29
46 1 U -1
47 1 U 44
48 1 U 6
49 1 U 5
50 1 L 4
51 1 U 43
52 0 L 47
53 0 L 40
54 1 L 42
55 1 L 17
56 1 L 55
57 0 U 46
58 0 L 26
59 0 L 58
60 0 L 21
61 0 L 12
62
0 0 U -1
1 1 U 0
2 1 U 0
3 0 U -1
4 1 L -1
5 1 U -1
6 0 L -1
7 0 L -1
8 1 L 4
9 1 L 6
10 0 U 4
11 0 U 0
12 1 U 11
13 1 U 8
14 0 U -1
15 1 U 4
16 0 U -1
17 0 U 0
18 1 U 9
19 1 U 16
20 0 U 6
21 1 U 11
22 0 U 13
23 0 U -1
24 0 U 21
25 0 L 16
26 1 U 24
27 1 L 12
28 1 U 0
29 1 U 15
30 0 U 6
31 0 U 5
32 0 L 30
33 0 U 10
34 0 U -1
35 0 L -1
36 0 L 4
37 0 L 28
38 0 L -1
39 0 L 9
40 1 L -1
41 1 L 19
42 0 L 32
43 0 L 36
44 0 L 32
45 1 U 10
46 1 U 34
47 0 U 44
48 0 U 6
49 1 L 42
50 1 U 22
51 0 L 43
52 1 L 25
53 0 L 40
54 0 L 25
55 1 L 19
56 0 L 39
57 0 U 46
58 0 L 26
59 1 L 58
60 0 L 21
61 0 L 59
62
0 0 L -1
1 1 U 0
2 1 U 0
3 0 U -1
4 1 L -1
5 0 U -1
6 0 L -1
7 0 L -1
8 1 L 5
9 1 L 6
10 0 U 4
11 0 U 0
12 0 U 11
13 1 U 8
14 0 U -1
15 1 U 4
16 0 U -1
17 0 U 0
18 1 U 9
19 1 U 16
20 1 U -1
21 1 U 11
22 0 U 13
23 0 U -1
24 1 U 21
25 1 L 16
26 1 U 13
27 1 L 12
28 1 U 0
29 1 U 15
30 0 U 6
31 0 U 5
32 0 L 30
33 0 U 9
34 0 U -1
35 0 L -1
36 0 L 4
37 0 L 28
38 0 L -1
39 0 L 14
40 1 L -1
41 1 L 14
42 0 L 32
43 0 L 36
44 0 L 32
45 1 U 18
46 1 U 34
47 0 U 6
48 0 U 6
49 0 U 10
50 1 U 8
51 1 L 43
52 1 L 25
53 0 L 40
54 1 L 25
55 1 L 17
56 0 U 35
57 0 U 46
58 0 L 26
59 1 L 58
60 0 L 21
61 0 L 59
62
0 0 L -1
1 1 U 0
2 1 U 0
3 0 U -1
4 1 L -1
5 0 U -1
6 0 L -1
7 0 L -1
8 1 L 5
9 0 L 6
10 0 U 4
11 0 U 0
12 0 U 11
13 1 U 8
14 0 U -1
15 1 U 4
16 0 U -1
17 0 U 0
18 0 U 9
19 0 L 12
20 1 U 16
21 1 U 11
22 0 U 13
23 0 U -1
24 0 U 13
25 0 L 16
26 1 U 25
27 1 L 12
28 1 U 23
29 1 U 22
30 0 U 26
31 0 U 5
32 0 L 30
33 0 U 9
34 0 U -1
35 0 L -1
36 0 U 7
37 0 L 28
38 0 L -1
39 1 L 14
40 1 L -1
41 1 U 9
42 0 L 32
43 0 U 36
44 0 L 32
45 0 U 18
46 0 U 34
47 0 U 44
48 1 U 6
49 0 U 45
50 1 L 8
51 0 L 43
52 1 L 40
53 1 L 40
54 1 U 45
55 1 L 17
56 0 U 35
57 0 U 46
58 0 L 26
59 1 L 58
60 0 L 10
61 0 L 59
62
0 0 L -1
1 0 U 0
2 1 U 0
3 0 U -1
4 1 L -1
5 0 U -1
6 0 L -1
7 0 L -1
8 1 L 5
9 0 L 6
10 0 U 4
11 0 U 0
12 0 U 11
13 1 U 8
14 0 U -1
15 1 U 4
16 0 U -1
17 1 U 0
18 1 U 9
19 1 L -1
20 1 U 9
21 1 U 11
22 0 U 13
23 0 U -1
24 0 U 13
25 0 L 16
26 1 U 25
27 1 L 12
28 1 U 23
29 0 U 22
30 1 U 26
31 0 U -1
32 0 L 30
33 0 U 9
34 1 U -1
35 0 L 1
36 1 U 19
37 0 L 28
38 0 L -1
39 0 L 14
40 1 L -1
41 1 U 32
42 0 L 32
43 0 U 20
44 0 L 32
45 0 U 35
46 0 U 34
47 0 U 44
48 0 U 6
49 1 U 44
50 0 L 4
51 1 L 43
52 1 L 40
53 1 L 40
54 1 U 18
55 0 L 15
56 1 U 39
57 0 U 46
58 0 L 26
59 1 L 58
60 0 L 10
61 0 L 59
62
0 0 U -1
1 0 U 0
2 1 U 0
3 0 U -1
4 1 L -1
5 0 U -1
6 0 L -1
7 0 L -1
8 1 L 5
9 0 L 6
10 0 U 4
11 0 U 0
12 1 U 11
13 1 U 8
14 0 U -1
15 1 U 4
16 0 U -1
17 0 U 1
18 1 U 9
19 1 U 16
20 1 U 9
21 1 U 11
22 0 U 13
23 0 U -1
24 0 U 5
25 0 L 16
26 1 U 25
27 1 L 8
28 0 U 23
29 0 U 22
30 1 U 26
31 1 U -1
32 0 L 30
33 0 U 9
34 1 U -1
35 0 L 1
36 1 U 7
37 1 L 28
38 0 L -1
39 1 L 14
40 1 L -1
41 1 U 32
42 0 L 32
43 0 U 20
44 0 L 32
45 0 U 20
46 0 U 1
47 0 U 44
48 0 U 6
49 1 U 3
50 0 L 23
51 0 L 43
52 1 L 40
53 1 L 40
54 1 U 18
55 0 L 15
56 0 U 39
57 0 U 46
58 1 L 23
59 1 L 58
60 0 L 14
61 0 L 37
62
0 0 U -1
1 1 U 0
2 1 U 0
3 0 U -1
4 1 L -1
5 0 U -1
6 0 L -1
7 0 L -1
8 1 L 5
9 0 L 6
10 0 U 4
11 1 U 0
12 1 U 11
13 1 U 8
14 0 U -1
15 1 U 4
16 0 U -1
17 0 U 1
18 0 U 9
19 0 U 11
20 1 U 9
21 1 U 11
22 0 U 13
23 0 U -1
24 0 U 5
25 0 L 16
26 1 U 25
27 1 L 8
28 1 U 23
29 0 U 22
30 1 U 26
31 1 U -1
32 0 L 30
33 0 U 9
34 1 U -1
35 0 L 1
36 1 L 13
37 0 L 28
38 0 L -1
39 1 L 14
40 1 L -1
41 0 U 32
42 0 L 17
43 0 U 20
44 0 L 32
45 0 U 20
46 0 U 1
47 0 U 44
48 0 U 6
49 0 L 13
50 0 L 23
51 1 L 32
52 1 L 40
53 0 L 40
54 0 U 35
55 1 L 15
56 0 U 38
57 0 U 46
58 0 L 41
59 0 L 58
60 0 L 9
61 0 L 37
62
0 0 U -1
1 0 U 0
2 1 U 0
3 0 U -1
4 1 L -1
5 1 U -1
6 0 L -1
7 0 L -1
8 1 L 5
9 1 L 6
10 0 U 4
11 0 U 0
12 1 U 11
13 1 U 8
14 0 U -1
15 1 U 4
16 0 U -1
17 0 U 2
18 0 U 15
19 0 L 10
20 1 U 9
21 1 U 11
22 0 U 13
23 0 U -1
24 0 U 5
25 1 L 16
26 1 U 25
27 1 L 8
28 0 U 2
29 0 U 22
30 1 U 26
31 1 U -1
32 0 L 30
33 1 U 32
34 1 U -1
35 0 L 1
36 1 L 34
37 0 L 28
38 0 L -1
39 0 L 13
40 1 L -1
41 0 U 32
42 1 L 17
43 0 L 20
44 0 L 32
45 1 U 20
46 0 U 1
47 0 U 44
48 0 U 6
49 0 L 11
50 0 L 30
51 0 L 25
52 1 L 40
53 0 L 40
54 1 U 27
55 1 L 15
56 0 U 38
57 0 U 46
58 1 L 33
59 0 L 58
60 0 L 12
61 0 L 31
62
0 0 U -1
1 1 U 0
2 1 U 0
3 0 U -1
4 1 L -1
5 0 U -1
6 0 L -1
7 0 L -1
8 1 L 5
9 0 L 6
10 0 U 4
11 0 U 0
12 1 U 11
13 1 U 8
14 0 U -1
15 1 U 4
16 0 U -1
17 0 U 2
18 0 U 9
19 0 L 7
20 1 U 9
21 1 U 11
22 0 U 13
23 0 U -1
24 0 U 5
25 1 L 16
26 1 U 25
27 1 L 8
28 0 U 1
29 0 U 4
30 1 U 26
31 1 U -1
32 0 L 30
33 1 U 32
34 1 U -1
35 0 L 1
36 0 L 20
37 0 L 28
38 0 L -1
39 1 L 14
40 1 L -1
41 0 U 32
42 1 L 17
43 0 U 20
44 0 L 32
45 1 U 36
46 0 U 1
47 0 U 44
48 1 U 6
49 0 L 47
50 1 L 30
51 1 L 25
52 1 L 4
53 0 L 40
54 1 U 27
55 0 L 15
56 0 U 27
57 0 U 46
58 1 L 50
59 1 L 58
60 0 L 12
61 0 L 34
62
0 0 L -1
1 0 U 0
2 1 U 0
3 0 U -1
4 1 L -1
5 1 U -1
6 0 L -1
7 0 L -1
8 1 L 5
9 1 L 6
10 0 U 4
11 1 U 0
12 0 U 11
13 1 U 8
14 0 U -1
15 1 U 4
16 0 U -1
17 0 U 16
18 0 U 15
19 1 U 3
20 1 U 7
21 1 U 11
22 0 U 13
23 0 U -1
24 0 U 5
25 1 L 19
26 1 U 25
27 1 L 8
28 1 U 17
29 0 U 4
30 1 U 26
31 1 U -1
32 0 L 30
33 1 U 32
34 1 U -1
35 0 L -1
36 1 L 22
37 0 L 28
38 0 L -1
39 0 L 13
40 1 L -1
41 0 U 10
42 0 L 17
43 1 L 20
44 0 L 32
45 0 U 43
46 0 U 1
47 0 U 6
48 0 U 6
49 1 U 47
50 1 L 30
51 1 L 25
52 1 L 6
53 0 L 40
54 0 U 27
55 0 L 17
56 0 U 27
57 0 U 46
58 1 L 50
59 1 L 58
60 0 L 12
61 0 L 34
62
0 0 L -1
1 0 U 0
2 1 U 0
3 0 U -1
4 1 L -1
5 1 U -1
6 0 L -1
7 0 L -1
8 1 L 5
9 0 L 6
10 0 U 4
11 1 U 0
12 0 U 11
13 1 U 8
14 0 U -1
15 1 U 4
16 0 U -1
17 0 U 0
18 0 U 15
19 1 U 3
20 1 L 10
21 1 U 11
22 0 U 13
23 1 U -1
24 1 L 17
25 1 L 19
26 1 U 12
27 1 L 8
28 0 U 14
29 0 U 4
30 1 U 26
31 0 U -1
32 0 L 30
33 0 U 9
34 1 U 5
35 0 L -1
36 1 L 33
37 0 L 28
38 0 L -1
39 1 L 13
40 1 L -1
41 0 U 10
42 1 L 39
43 1 L 40
44 0 L 32
45 0 L 35
46 0 U 17
47 0 U 6
48 0 U 30
49 1 L 22
50 1 L 30
51 0 L 25
52 1 U 41
53 0 L 40
54 1 U 5
55 0 L 17
56 0 U 17
57 0 U 46
58 0 L 50
59 1 L 58
60 0 L 12
61 0 L 53
62
0 0 U -1
1 0 U 0
2 1 U 0
3 0 U -1
4 1 L -1
5 1 U -1
6 0 L -1
7 0 L -1
8 1 L 5
9 1 L 6
10 0 U 4
11 0 U 0
12 0 U 11
13 1 U 8
14 0 U -1
15 1 U 4
16 0 U -1
17 0 U 0
18 1 U 15
19 1 U -1
20 1 L 12
21 1 U 11
22 0 U 13
23 1 U -1
24 0 U 17
25 1 L 19
26 1 U 8
27 1 L 4
28 0 U 14
29 1 U 4
30 1 U 26
31 1 U -1
32 0 L 30
33 0 U 7
34 1 U 5
35 0 L -1
36 0 U 32
37 0 L 28
38 0 L -1
39 0 L 11
40 1 L -1
41 0 U 10
42 1 L 41
43 1 L 11
44 0 L 32
45 0 L 19
46 0 U 17
47 0 U 30
48 1 U 30
49 1 U 33
50 1 L 26
51 0 L 49
52 1 U 35
53 0 L 35
54 1 U 5
55 1 L 15
56 0 U 17
57 0 U 46
58 0 L 49
59 1 L 58
60 1 L 12
61 1 L 42
62
0 0 U -1
1 0 U 0
2 1 U 0
3 0 U -1
4 1 L -1
5 1 U -1
6 0 L -1
7 0 L -1
8 1 L 5
9 0 L 6
10 0 U 4
11 0 U 0
12 1 U 11
13 1 U 8
14 0 U -1
15 1 U 4
16 0 U -1
17 0 U 0
18 1 U 15
19 1 U 3
20 0 L 12
21 1 U 11
22 0 U 13
23 1 U -1
24 0 U 17
25 0 L 19
26 1 U 8
27 0 L 4
28 0 U 14
29 1 U 26
30 1 U 26
31 1 U -1
32 0 L 30
33 0 U 7
34 1 U 5
35 0 L -1
36 0 U 8
37 0 L 28
38 0 L -1
39 0 L 14
40 1 L -1
41 0 U 9
42 1 L 41
43 1 L 11
44 0 L 32
45 0 L 19
46 0 U 17
47 0 U 30
48 0 U 29
49 1 U 41
50 1 L 26
51 1 L 49
52 1 L 51
53 1 L 35
54 1 U 5
55 0 L 15
56 0 U 17
57 0 U 46
58 0 L 49
59 0 L 58
60 0 L 12
61 1 L 42
62
0 0 L -1
1 1 U 0
2 1 U 0
3 0 U -1
4 1 L -1
5 0 U -1
6 0 L -1
7 0 L -1
8 1 L 4
9 1 L 6
10 0 U 4
11 1 U 0
12 0 U 11
13 1 U 11
14 0 U -1
15 1 U 4
16 0 U -1
17 0 U 0
18 1 U 15
19 1 U 14
20 1 L 12
21 1 U 11
22 0 U 21
23 1 U -1
24 0 U 18
25 0 L 19
26 1 U 21
27 1 L 4
28 1 U 14
29 1 U 26
30 1 U 26
31 0 U -1
32 0 L 30
33 0 U 32
34 1 U 5
35 0 L -1
36 0 L 28
37 1 L 25
38 0 L -1
39 0 U 31
40 1 L -1
41 0 U 18
42 1 L 41
43 1 L 22
44 0 L 32
45 0 L 22
46 0 U 39
47 1 U 9
48 0 U 44
49 0 L 45
50 1 L 26
51 1 L 44
52 1 L 17
53 0 L 35
54 1 L 14
55 0 L 17
56 0 U 17
57 0 U 46
58 0 L 50
59 1 L 58
60 1 L 53
61 0 L 42
62
0 0 L -1
1 0 U 0
2 1 U 0
3 0 U -1
4 1 L -1
5 0 U -1
6 0 L -1
7 0 L -1
8 1 L 4
9 0 L 6
10 0 U 4
11 0 U 0
12 1 U 11
13 0 U 11
14 0 U -1
15 1 U 4
16 0 U -1
17 0 U 0
18 1 U 15
19 0 U 15
20 0 L 12
21 1 U 11
22 0 U 21
23 1 U -1
24 0 U 18
25 0 L 16
26 1 U 12
27 1 L 4
28 0 U 23
29 1 U 26
30 1 U 26
31 0 U -1
32 0 L 30
33 0 U 32
34 0 U 14
35 0 L -1
36 1 L 31
37 1 L 25
38 0 L -1
39 1 U 31
40 1 L -1
41 0 U 18
42 1 L 41
43 1 L 22
44 0 L 32
45 0 L 9
46 0 U 39
47 0 U 9
48 0 U 15
49 0 L 34
50 1 L 26
51 1 L 28
52 1 L 17
53 0 L 4
54 1 L 14
55 1 L 24
56 0 U 17
57 0 U 46
58 0 L 50
59 1 L 58
60 1 L 53
61 1 L 25
62
0 0 U -1
1 0 U 0
2 1 U 0
3 0 U -1
4 1 L -1
5 1 U -1
6 0 L -1
7 0 L -1
8 1 L 4
9 1 L 6
10 0 U 4
11 1 U 0
12 1 U 11
13 1 L 11
14 0 U -1
15 1 U 4
16 0 U -1
17 0 U 0
18 1 U 15
19 0 U 15
20 0 L 2
21 1 U 11
22 0 U 21
23 1 U -1
24 0 U 21
25 0 L 19
26 1 U 12
27 1 L 4
28 0 U 16
29 1 U 26
30 1 U 26
31 0 U -1
32 0 L 30
33 0 U 32
34 0 L 14
35 0 L -1
36 0 U 31
37 0 L 25
38 0 L -1
39 1 U 31
40 1 L -1
41 0 U 13
42 1 L 41
43 1 L 14
44 0 L 32
45 0 L 5
46 0 U 39
47 0 U 44
48 1 U 15
49 1 L 9
50 1 L 26
51 1 L 28
52 1 L 17
53 0 L 4
54 0 L 14
55 1 L 17
56 0 U 17
57 0 U 46
58 1 L 36
59 0 L 58
60 0 L 53
61 1 L 25
62
0 0 L -1
1 0 U 0
2 1 U 0
3 0 U -1
4 1 L -1
5 1 U -1
6 0 L -1
7 0 L -1
8 1 L 4
9 1 L 6
10 0 U 4
11 1 U 0
12 0 U 11
13 1 L 8
14 0 U -1
15 1 U 4
16 0 U -1
17 0 U 0
18 1 U 15
19 1 U 9
20 0 L 2
21 1 U 11
22 0 U 21
23 0 U -1
24 0 U 21
25 1 L 16
26 1 U 21
27 1 L 4
28 0 U 16
29 1 U 26
30 1 U 26
31 0 U -1
32 0 L 30
33 0 U 32
34 0 L 27
35 0 L -1
36 0 U 31
37 0 L 25
38 0 L -1
39 1 U 31
40 1 L -1
41 0 U 10
42 1 L 41
43 1 L 14
44 0 L 32
45 0 L 6
46 0 U 39
47 0 U 30
48 1 U 15
49 0 L 36
50 1 L 26
51 0 U 49
52 1 L 34
53 0 L 4
54 0 L 22
55 0 L 17
56 0 U 2
57 0 U 21
58 1 L 36
59 0 L 58
60 0 L 9
61 1 L 45
62
0 0 U -1
1 0 U 0
2 1 U 0
3 0 U -1
4 1 L -1
5 1 U -1
6 0 L -1
7 0 L -1
8 1 L 5
9 1 L 6
10 0 U 4
11 1 U 0
12 1 U 11
13 1 U 2
14 0 U -1
15 1 U 4
16 0 U -1
17 0 U 1
18 0 U 15
19 1 L 14
20 0 L 11
21 1 U 11
22 0 U 21
23 1 U -1
24 0 U 21
25 0 L 16
26 1 U 21
27 1 L 4
28 0 U 16
29 1 U 26
30 1 U 26
31 0 U -1
32 0 L 30
33 0 U 32
34 0 L 19
35 0 L -1
36 1 U 31
37 1 L 25
38 0 L -1
39 0 U 31
40 1 L -1
41 0 U 7
42 1 L 30
43 1 L 12
44 0 L 32
45 1 L 40
46 1 U 27
47 0 U 29
48 1 U 15
49 0 U 37
50 0 L 26
51 0 U 34
52 1 L 4
53 1 L 5
54 1 L 13
55 0 L 29
56 0 U 2
57 0 U 12
58 1 L 36
59 1 L 58
60 0 L 11
61 1 L 35
62
0 0 L -1
1 1 U 0
2 1 U 0
3 0 U -1
4 1 L -1
5 0 U -1
6 0 L -1
7 0 L -1
8 1 L 5
9 0 L 6
10 0 U 4
11 1 U 0
12 1 U 11
13 0 U 2
14 0 U -1
15 1 U 4
16 0 U -1
17 1 U 16
18 0 U 15
19 0 L 14
20 1 U 11
21 1 U 11
22 0 U 21
23 0 U -1
24 0 U 21
25 1 L 16
26 1 U 21
27 1 L 4
28 1 U 18
29 1 U 26
30 1 U 26
31 0 U 0
32 0 L 30
33 0 U 32
34 0 L 19
35 0 L -1
36 0 L 27
37 0 L 25
38 0 U -1
39 0 U 31
40 1 L -1
41 1 U 32
42 1 L 30
43 1 L 6
44 0 L 32
45 0 L 40
46 1 U 27
47 0 U 15
48 1 U 15
49 1 L 11
50 0 L 26
51 0 U 46
52 1 L 40
53 1 L 5
54 1 L 13
55 1 L 29
56 1 U -1
57 0 U 12
58 1 L 23
59 1 L 58
60 0 L 11
61 1 U 35
62
0 0 L -1
1 0 U 0
2 1 U 0
3 0 U -1
4 1 L -1
5 1 U -1
6 0 L -1
7 0 L -1
8 1 L 5
9 0 L 6
10 0 U 4
11 1 U 0
12 1 U 1
13 1 U 2
14 0 U -1
15 1 U 4
16 0 U -1
17 1 U 11
18 1 U 15
19 1 L 12
20 1 U 8
21 1 U 11
22 0 U 21
23 0 U -1
24 1 U 1
25 0 L 16
26 1 U 24
27 1 L 4
28 1 U 16
29 1 U 26
30 1 U 26
31 0 U 0
32 0 L 30
33 0 U 32
34 0 U 14
35 0 L -1
36 1 L 2
37 0 L 25
38 0 U -1
39 0 U 31
40 1 L -1
41 1 L 9
42 1 L 30
43 1 L 15
44 0 L 32
45 0 L 40
46 1 U 27
47 0 U 15
48 0 U 15
49 1 L 11
50 0 L 26
51 1 U 47
52 1 L 2
53 1 L 7
54 0 L 49
55 1 L 29
56 1 L -1
57 0 U 37
58 1 L 23
59 0 L 58
60 0 L 27
61 0 U 27
62
0 0 L -1
1 0 U 0
2 1 U 0
3 0 U -1
4 0 L -1
5 0 U -1
6 0 L -1
7 0 L -1
8 1 L 4
9 0 L 6
10 0 U 4
11 1 U 0
12 1 L 5
13 0 U 2
14 0 U -1
15 1 U 4
16 0 U -1
17 0 U 11
18 1 U 15
19 1 U 15
20 1 U 8
21 1 U 11
22 0 U 21
23 0 U -1
24 1 U 1
25 1 L 16
26 1 U 24
27 1 L 4
28 1 U 16
29 1 U 26
30 1 U 26
31 0 U 0
32 0 L 30
33 0 U 32
34 0 U 14
35 0 L -1
36 0 U 24
37 0 L 25
38 0 U -1
39 1 U 31
40 0 L -1
41 1 L 14
42 1 L 30
43 1 L 27
44 0 L 32
45 0 U 40
46 0 L 27
47 0 U 15
48 0 U 15
49 1 L 46
50 0 L 26
51 0 U 47
52 1 L 35
53 1 L 6
54 0 L 49
55 1 L 29
56 0 L 51
57 0 U 37
58 0 L 23
59 0 L 58
60 0 L 27
61 0 U 6
62
0 0 L -1
1 1 U 0
2 1 U 0
3 0 U -1
4 0 L -1
5 1 U -1
6 0 L -1
7 0 L -1
8 1 L 4
9 1 L 6
10 0 U 4
11 0 U 0
12 1 L 6
13 1 U 11
14 0 U -1
15 1 U 4
16 0 U -1
17 0 U 11
18 1 U 15
19 0 U 17
20 0 U 16
21 1 U 11
22 0 U 21
23 1 U -1
24 1 U 1
25 0 L 16
26 1 U 24
27 1 L 4
28 1 U 16
29 1 U 26
30 1 U 26
31 0 U 0
32 0 L 30
33 0 U 32
34 0 U 14
35 0 L -1
36 1 U 8
37 0 L 25
38 1 U -1
39 0 U 31
40 1 L -1
41 1 L 27
42 1 L 30
43 1 L 27
44 0 L 32
45 0 L 16
46 0 L 27
47 0 U 15
48 1 U 15
49 1 L 20
50 0 L 26
51 0 U 43
52 1 L 35
53 1 L 6
54 0 L 49
55 1 L 29
56 0 L 51
57 0 U 37
58 1 L 23
59 1 L 58
60 0 L 27
61 1 U 6
62
0 0 U -1
1 0 U 0
2 1 U 0
3 0 U -1
4 0 L -1
5 1 U -1
6 0 L -1
7 1 L -1
8 1 L 4
9 1 L 6
10 0 U 4
11 1 U 0
12 0 L 2
13 1 U 11
14 0 U -1
15 1 U 4
16 0 U -1
17 0 U 13
18 1 U 15
19 1 U 15
20 1 U 16
21 1 U 11
22 0 U 21
23 0 U -1
24 1 U 1
25 1 L 19
26 1 U 17
27 1 L 4
28 0 U 16
29 1 U 26
30 1 U 4
31 0 U 0
32 0 L 30
33 0 U 32
34 0 U 14
35 0 L -1
36 1 U 8
37 0 L 25
38 1 U -1
39 0 U 31
40 0 L -1
41 1 L 20
42 1 L 30
43 1 L 27
44 0 L 32
45 1 L 40
46 0 L 27
47 0 U 15
48 0 U 15
49 1 L 20
50 0 L 30
51 1 U 48
52 1 L 35
53 1 L 6
54 1 L 49
55 1 L 29
56 0 L 51
57 0 U 37
58 0 L 23
59 0 L 58
60 0 L 27
61 1 U 6
62
0 0 L -1
1 0 U 0
2 1 U 0
3 0 U -1
4 0 L -1
5 1 U -1
6 0 L -1
7 0 L -1
8 1 L 4
9 0 L 6
10 0 U 4
11 1 U 0
12 0 L 6
13 1 U 11
14 0 U -1
15 1 U 4
16 0 U -1
17 0 U 13
18 1 U 15
19 1 U 10
20 1 U 16
21 1 U 11
22 0 U 21
23 0 U -1
24 1 U 1
25 1 L 19
26 1 U 21
27 1 L 4
28 1 U -1
29 1 U 26
30 1 U 26
31 0 U 0
32 0 L 30
33 0 U 32
34 0 L 25
35 0 L -1
36 0 U 17
37 1 L 25
38 1 U -1
39 1 U 31
40 1 L -1
41 1 L 20
42 1 L 30
43 1 L 27
44 0 L 32
45 1 L 42
46 0 L 27
47 0 U 30
48 0 U 15
49 1 L 20
50 0 L 30
51 0 U 48
52 1 L 35
53 1 L 6
54 0 L 49
55 1 L 29
56 0 L 51
57 0 U 25
58 0 L 23
59 0 L 58
60 0 L 27
61 1 U 6
62
0 0 L -1
1 0 U 0
2 1 U 0
3 1 U -1
4 0 L -1
5 0 U -1
6 0 L -1
7 0 L -1
8 1 L 4
9 0 L 6
10 0 U 4
11 1 U 0
12 1 L 3
13 0 U 11
14 0 U 5
15 1 U 4
16 0 U -1
17 0 U 13
18 0 U 15
19 0 U 15
20 1 U 16
21 1 U 11
22 0 U 21
23 0 U -1
24 0 U 1
25 1 L 19
26 1 U 21
27 1 L 4
28 1 U -1
29 1 U 26
30 1 U 26
31 0 U 0
32 0 L 30
33 0 U 32
34 0 L 25
35 0 L -1
36 1 L -1
37 1 L 25
38 1 U -1
39 1 U 31
40 0 L -1
41 1 L 20
42 1 L 26
43 0 L 27
44 0 L 32
45 1 L 42
46 0 L 27
47 0 U 44
48 1 U 19
49 1 L 20
50 0 L 30
51 1 U 48
52 1 L 35
53 1 L 6
54 0 L 49
55 0 L 29
56 0 L 51
57 0 U 25
58 0 L 55
59 0 L 58
60 0 L 46
61 1 U 6
62
0 0 L -1
1 0 U 0
2 1 U 0
3 0 U -1
4 0 L -1
5 0 U -1
6 0 L -1
7 1 L -1
8 1 L 4
9 1 L 6
10 0 U 4
11 1 U 0
12 0 L 2
13 1 U 11
14 0 U 5
15 1 U 4
16 0 U -1
17 0 U 13
18 0 U 15
19 0 U 15
20 1 U 1
21 1 U 11
22 0 U 21
23 0 U -1
24 1 U 1
25 1 L 19
26 1 U 21
27 1 L 4
28 0 U 16
29 1 U 26
30 1 U 4
31 0 U 0
32 0 L 30
33 0 U 32
34 0 U 25
35 0 L -1
36 1 U -1
37 1 L 25
38 0 U -1
39 0 U 31
40 1 L -1
41 1 L 20
42 1 L 26
43 0 L 27
44 0 L 32
45 1 L 33
46 0 L 27
47 0 U 9
48 1 U 15
49 1 L 20
50 0 L 30
51 0 U 48
52 1 L 35
53 1 L 6
54 0 L 49
55 0 L 29
56 0 L 51
57 0 U 37
58 0 L 55
59 0 L 58
60 0 L 46
61 1 U 6
62
0 0 U -1
1 1 U 0
2 1 U 0
3 0 U 1
4 0 L -1
5 0 U -1
6 0 L -1
7 1 L 1
8 1 L 4
9 1 L 6
10 0 U 4
11 0 U 0
12 1 U 5
13 1 U 11
14 0 U 5
15 1 U 4
16 0 U -1
17 0 U 13
18 1 U 15
19 0 U 15
20 0 U 1
21 1 U 11
22 0 U 21
23 1 U -1
24 0 U 2
25 1 L 19
26 1 U 21
27 1 L 4
28 1 U 16
29 1 U 26
30 1 U 4
31 0 U 0
32 0 L 30
33 0 U 32
34 0 U 5
35 0 L -1
36 1 L 21
37 0 L 25
38 0 U -1
39 0 U 31
40 0 L -1
41 1 L 10
42 1 L 26
43 0 L 27
44 0 L 32
45 1 L 33
46 0 L 27
47 0 U 19
48 1 U 15
49 1 L 46
50 0 L 19
51 0 U 48
52 1 L 35
53 1 L 40
54 0 L 49
55 0 L 29
56 0 L 51
57 0 U 37
58 0 L 55
59 0 L 58
60 0 L 46
61 1 U 6
62
0 0 L -1
1 1 U 0
2 1 U 0
3 0 U 0
4 0 L -1
5 0 U -1
6 0 L -1
7 1 L -1
8 1 L 4
9 1 L 6
10 0 U 4
11 1 U 0
12 1 L 8
13 1 U 11
14 0 U 5
15 1 U 4
16 0 U -1
17 0 U 13
18 1 U 15
19 0 U 15
20 1 U 14
21 1 U 11
22 0 U 21
23 0 U -1
24 0 U 3
25 1 L 19
26 1 U 21
27 1 L 4
28 0 U -1
29 1 U 26
30 1 U 4
31 0 U 0
32 0 L 30
33 0 U 32
34 0 U 5
35 0 L -1
36 0 U -1
37 0 L 25
38 0 U -1
39 0 U 31
40 1 L -1
41 1 L 20
42 1 L 26
43 1 L 27
44 0 L 32
45 1 L 33
46 0 L 27
47 0 U 19
48 1 U 19
49 1 L 46
50 0 L 19
51 1 U 48
52 1 L 5
53 1 L 35
54 1 L 49
55 0 L 29
56 0 L 51
57 0 U 25
58 0 L 50
59 0 L 58
60 0 L 46
61 1 U 6
62
0 0 U -1
1 1 U 0
2 1 U 0
3 0 U 0
4 0 L -1
5 0 U -1
6 0 L -1
7 0 L -1
8 1 L 4
9 1 L 6
10 0 U 4
11 1 U 0
12 1 L 4
13 1 U 11
14 0 U 5
15 1 U 4
16 0 U -1
17 0 U 13
18 1 U 15
19 0 U 15
20 1 U 0
21 1 U 11
22 0 U 21
23 1 U -1
24 0 L -1
25 1 L 19
26 1 U 21
27 1 L 4
28 1 U 5
29 1 U 26
30 1 U 4
31 0 U 0
32 0 L 30
33 0 U 32
34 0 U 5
35 0 L -1
36 0 U -1
37 0 L 25
38 0 U -1
39 0 U 31
40 1 L -1
41 1 L 20
42 1 L 36
43 0 L 27
44 0 L 32
45 1 L 39
46 0 L 27
47 0 U 19
48 1 U 19
49 1 L 46
50 0 L 19
51 1 U 48
52 1 L 5
53 1 L 35
54 0 L 49
55 0 L 29
56 0 L 51
57 0 U 13
58 0 L 50
59 0 L 58
60 0 L 46
61 1 U 6
62
0 0 U -1
1 1 U 0
2 1 U 0
3 0 U 0
4 0 L -1
5 1 U -1
6 0 L -1
7 0 L -1
8 1 L 4
9 1 L 6
10 0 U 4
11 0 U 0
12 0 U 8
13 0 U 11
14 0 U 5
15 1 U 4
16 0 U -1
17 0 U 13
18 1 U 15
19 0 U 15
20 0 U 16
21 1 U 11
22 0 U 21
23 1 U -1
24 0 U -1
25 0 L 19
26 1 U 21
27 1 L 4
28 0 U 5
29 1 U 26
30 1 U 26
31 0 U 14
32 0 L 30
33 0 U 32
34 0 U 5
35 0 L -1
36 0 U 32
37 0 L 25
38 0 U -1
39 1 U 31
40 0 L -1
41 1 L 10
42 1 U 32
43 1 L 27
44 0 L 32
45 1 L 39
46 0 L 27
47 0 U 19
48 1 U 19
49 1 L 46
50 0 L 19
51 1 U 48
52 1 L 4
53 1 L 5
54 1 L 49
55 0 L 29
56 0 L 51
57 0 U 13
58 0 L 50
59 0 L 58
60 0 L 46
61 1 U 6
62
0 0 L -1
1 0 U 0
2 1 U 0
3 0 U 1
4 0 L -1
5 1 U -1
6 0 L -1
7 0 L -1
8 1 L 4
9 1 L 6
10 0 U 4
11 1 U 0
12 0 L 7
13 0 U 11
14 0 U 5
15 1 U 4
16 0 U -1
17 0 U 13
18 1 U 15
19 0 U 15
20 1 L 8
21 1 U 3
22 0 U 21
23 0 U -1
24 0 U -1
25 0 L 19
26 1 U 21
27 1 L 4
28 0 U 5
29 1 U 4
30 1 U 26
31 0 U 14
32 0 L 30
33 0 U 32
34 0 U 5
35 0 L -1
36 1 U 21
37 0 L 25
38 0 U -1
39 0 U 31
40 0 L -1
41 1 L 10
42 1 U 32
43 0 L 27
44 0 L 32
45 1 U 19
46 0 L 27
47 0 U 15
48 1 U 19
49 1 L 22
50 0 L 19
51 1 U 48
52 1 L 40
53 1 L 5
54 1 L 11
55 1 L 29
56 0 L 51
57 0 U 25
58 0 L 50
59 0 L 58
60 0 L 46
61 1 U 6
62
0 0 L -1
1 0 U 0
2 1 U 0
3 0 U 1
4 0 L -1
5 0 U -1
6 0 L -1
7 1 L -1
8 1 L 4
9 1 L 6
10 0 U 4
11 1 U 0
12 0 L 8
13 0 U 11
14 0 U 5
15 1 U 4
16 0 U -1
17 1 U 13
18 1 U 15
19 0 U 15
20 0 U 8
21 1 U 3
22 0 U 21
23 1 U -1
24 0 U -1
25 1 L 19
26 1 U 21
27 1 L 4
28 1 U 5
29 1 U 26
30 1 U 26
31 0 U 28
32 0 L 30
33 0 U 32
34 0 U 5
35 0 L -1
36 0 U 12
37 0 L 25
38 1 U -1
39 0 U 31
40 1 L -1
41 1 L 11
42 1 U 32
43 0 L 27
44 0 L 32
45 1 U 38
46 0 L 27
47 0 U 9
48 1 U 19
49 1 L 34
50 0 L 19
51 1 U 48
52 1 L 40
53 1 L 5
54 1 L 11
55 0 L 29
56 0 L 51
57 0 U 37
58 0 L 50
59 0 L 58
60 0 L 46
61 1 U 30
62
0 0 U -1
1 0 U 0
2 1 U 0
3 0 U 1
4 0 L -1
5 0 U -1
6 0 L -1
7 1 L 1
8 0 L 4
9 1 L 6
10 0 U 4
11 1 U 0
12 0 L 4
13 0 U 11
14 0 U 5
15 1 U 4
16 0 U -1
17 0 U 13
18 1 U 15
19 0 U 15
20 0 L -1
21 1 U 3
22 0 U 21
23 1 U -1
24 0 U -1
25 1 L 19
26 1 U 21
27 1 L 4
28 1 U 24
29 1 U 26
30 1 U 26
31 0 U 0
32 0 L 30
33 0 U 9
34 0 U 5
35 0 L -1
36 0 U 34
37 0 L 25
38 0 U -1
39 0 U 31
40 1 L -1
41 1 L 11
42 1 U 32
43 0 L 27
44 0 L 32
45 1 U 24
46 0 L 27
47 1 U 9
48 1 U 19
49 1 L 47
50 0 L 19
51 0 U 48
52 1 L 40
53 1 L 5
54 1 L 11
55 0 L 29
56 0 L 51
57 0 U 37
58 0 L 50
59 0 L 58
60 0 L 46
61 1 U 6
62
0 0 L -1
1 0 U 0
2 1 U 0
3 0 U 0
4 0 L -1
5 1 U -1
6 0 L -1
7 1 L 1
8 1 L 4
9 1 L 6
10 0 U 4
11 0 U 0
12 1 U -1
13 1 U 11
14 0 U 12
15 1 U 4
16 0 U -1
17 0 U 5
18 1 U 15
19 0 U 15
20 1 U 8
21 1 U 11
22 0 U -1
23 0 U 14
24 0 U -1
25 1 L 19
26 1 U 21
27 1 L 4
28 0 U 8
29 1 U 4
30 1 U 26
31 0 U 0
32 0 L 30
33 0 U 9
34 0 U 5
35 0 L -1
36 0 U 34
37 0 L 25
38 0 U -1
39 1 U 31
40 0 L -1
41 1 L 2
42 1 U 29
43 0 L 27
44 0 L 32
45 1 U 14
46 0 L 27
47 0 U 9
48 1 U 19
49 1 L 47
50 0 L 19
51 1 U 48
52 1 L 40
53 1 L 6
54 1 L 11
55 0 L 29
56 0 L 51
57 0 U 37
58 0 L 50
59 0 L 58
60 0 L 46
61 0 U 9
62
0 0 L -1
1 0 U 0
2 1 U 0
3 0 U 1
4 0 L -1
5 0 U -1
6 0 L -1
7 1 U -1
8 1 L 4
9 1 L 6
10 0 U 4
11 0 U 7
12 0 U -1
13 1 L 0
14 0 U 12
15 1 U 4
16 0 U -1
17 0 L 5
18 1 U 15
19 0 U 15
20 0 U 8
21 1 U 11
22 0 U -1
23 0 U 16
24 0 U 14
25 1 L 19
26 1 U 21
27 1 L 4
28 1 U 8
29 1 U 4
30 1 U 4
31 0 U 0
32 0 L 30
33 0 U 9
34 0 U 5
35 1 L -1
36 1 L 30
37 0 L 25
38 0 U -1
39 1 U 31
40 0 L -1
41 1 L 2
42 1 U 29
43 1 L 27
44 0 L 32
45 1 U 14
46 0 L 27
47 0 U 9
48 1 U 19
49 1 L 47
50 0 L 19
51 1 U 48
52 1 U 40
53 1 L 6
54 0 L 11
55 0 L 29
56 0 L 51
57 0 U 37
58 0 L 50
59 0 L 58
60 0 L 46
61 0 U 9
62
0 0 L -1
1 0 U 0
2 1 U 0
3 0 U 0
4 0 L -1
5 0 U -1
6 0 L -1
7 1 U -1
8 1 U 2
9 0 L 6
10 0 U 4
11 0 U 7
12 1 U -1
13 1 L 0
14 0 U 12
15 1 U 4
16 0 U -1
17 0 L 2
18 1 U 15
19 0 U 15
20 0 U 12
21 1 U 11
22 0 U -1
23 1 U 14
24 0 U 14
25 1 L 19
26 1 U 21
27 1 L 4
28 1 U 12
29 1 U 4
30 1 U 4
31 0 U 0
32 0 L 30
33 0 U 9
34 0 L 5
35 1 L -1
36 1 U 33
37 0 L 25
38 0 U -1
39 1 U 31
40 0 L -1
41 1 L 40
42 1 U 9
43 1 L 27
44 0 L 32
45 1 U 14
46 0 L 27
47 0 U 9
48 1 U 44
49 1 L 47
50 0 L 19
51 1 U 48
52 1 U 40
53 1 L 6
54 0 L 11
55 0 L 29
56 0 L 51
57 0 U 8
58 1 L 50
59 0 L 58
60 0 L 46
61 0 U 9
62
0 0 U -1
1 0 U 0
2 1 U 0
3 0 U 1
4 0 L -1
5 0 U -1
6 0 L -1
7 1 U -1
8 1 L 7
9 1 L 6
10 0 U 4
11 1 U 0
12 1 U -1
13 1 L 2
14 0 U 12
15 1 U 4
16 0 U -1
17 0 U 8
18 1 U 15
19 0 U 15
20 1 U 12
21 1 U 11
22 0 U 21
23 1 U 14
24 0 U 0
25 1 L 19
26 1 U 21
27 1 L 4
28 1 U -1
29 1 U 4
30 1 U 4
31 0 U 0
32 0 L 30
33 0 U 19
34 0 L 5
35 1 L -1
36 1 U 28
37 0 L 25
38 0 U -1
39 1 U 31
40 0 L -1
41 1 L 40
42 1 U 29
43 1 L 27
44 0 L 32
45 1 U 14
46 0 L 27
47 0 U 9
48 0 U 44
49 1 L 20
50 0 L 19
51 0 U 48
52 1 U 40
53 1 L 6
54 0 L 11
55 0 L 29
56 0 L 51
57 0 U 39
58 0 L 50
59 0 L 58
60 0 L 46
61 0 U 9
62
0 0 L -1
1 0 U 0
2 1 U 0
3 0 U 1
4 0 L -1
5 0 U -1
6 0 L -1
7 1 U -1
8 0 L 7
9 0 L 6
10 0 U 4
11 1 U 0
12 0 U -1
13 0 L 7
14 0 U 12
15 1 U 4
16 0 U -1
17 1 U 8
18 1 U 15
19 0 U 15
20 1 U 12
21 1 U 11
22 0 U 12
23 1 U 14
24 0 U 14
25 1 L 19
26 1 U 21
27 1 L 4
28 0 U 14
29 1 U 4
30 1 U 4
31 0 U 0
32 0 L 30
33 0 U 19
34 0 L 5
35 1 L -1
36 1 U 27
37 0 L 25
38 1 U -1
39 1 U 31
40 0 L -1
41 1 L 2
42 1 U 29
43 1 L 27
44 0 L 32
45 1 U 15
46 0 L 27
47 0 U 9
48 1 U 44
49 1 L 20
50 0 L 19
51 1 U 48
52 1 U 40
53 1 L 5
54 1 L 11
55 0 L 29
56 0 L 51
57 0 U 37
58 1 L 50
59 0 L 58
60 0 L 46
61 0 U 30
62
0 0 L -1
1 0 U 0
2 1 U 0
3 0 U 1
4 0 L -1
5 0 U -1
6 0 L -1
7 1 U -1
8 1 L 7
9 0 L 6
10 0 U 4
11 1 U 7
12 1 U -1
13 0 L 7
14 0 U 12
15 1 U 4
16 0 U -1
17 0 U -1
18 1 U 15
19 0 U 15
20 1 U 12
21 1 U 3
22 0 U 12
23 1 U 14
24 0 U 14
25 1 L 19
26 1 U 21
27 1 L 4
28 1 U 20
29 1 U 4
30 1 U 4
31 0 U 14
32 0 L 30
33 0 U 19
34 0 L 5
35 1 L -1
36 0 L 20
37 0 L 25
38 0 U -1
39 0 U 31
40 1 L -1
41 1 L 2
42 1 U 29
43 1 L 27
44 0 L 32
45 1 U 19
46 0 L 27
47 0 U 9
48 1 U 44
49 1 L 30
50 0 L 19
51 1 U 48
52 1 U 40
53 1 L 5
54 1 L 11
55 0 L 29
56 1 L 51
57 0 U 37
58 1 L 50
59 1 L 58
60 0 L 46
61 0 U 30
62
0 0 U -1
1 0 U 0
2 1 U 0
3 0 U 1
4 0 L -1
5 1 U -1
6 0 L -1
7 1 U -1
8 1 L 4
9 1 L 6
10 0 U 4
11 1 U 7
12 1 U -1
13 0 L 3
14 0 U 12
15 1 U 4
16 0 U -1
17 0 U -1
18 1 U 15
19 0 U 15
20 1 U 12
21 1 U 3
22 0 U 17
23 1 U 0
24 0 U 21
25 0 L 19
26 1 U 21
27 1 L 4
28 1 U 20
29 1 U 26
30 1 U 4
31 0 U 7
32 0 L 30
33 0 U 19
34 0 L 5
35 1 L -1
36 1 L 34
37 0 L 25
38 0 U -1
39 1 U 31
40 1 L -1
41 1 L 5
42 1 U 29
43 1 L 27
44 0 L 32
45 1 U 19
46 0 L 27
47 0 U 30
48 1 U 44
49 1 L 20
50 0 L 19
51 1 U 48
52 1 U 40
53 1 L 5
54 0 L 11
55 0 L 29
56 1 L 51
57 0 U 37
58 1 L 50
59 1 L 58
60 0 L 46
61 0 U 30
62
0 0 L -1
1 0 U 0
2 1 U 0
3 0 U 1
4 0 L -1
5 0 U -1
6 0 L -1
7 1 U -1
8 1 L 4
9 1 L 6
10 0 U 4
11 1 U 7
12 0 U -1
13 1 L 4
14 0 U 12
15 1 U 4
16 0 U -1
17 0 U -1
18 1 U 15
19 0 U 15
20 1 U 12
21 1 U 3
22 0 U 17
23 1 U 0
24 0 U 3
25 0 L 19
26 1 U 21
27 1 L 4
28 0 U 20
29 1 U 26
30 1 U 4
31 0 U 7
32 0 L 30
33 0 U 19
34 0 L 5
35 1 L -1
36 1 L 30
37 0 L 25
38 0 U -1
39 0 U 31
40 1 L -1
41 1 L 4
42 1 U 29
43 1 L 27
44 0 L 32
45 1 U 29
46 0 L 27
47 0 U 30
48 0 U 44
49 1 L 20
50 0 L 19
51 1 U 48
52 1 U 40
53 1 L 5
54 1 L 11
55 0 L 29
56 1 L 51
57 0 U 37
58 1 L 50
59 0 L 58
60 0 L 21
61 0 U 30
62
0 0 L -1
1 0 U 0
2 1 U 0
3 0 U 1
4 0 L -1
5 0 U -1
6 0 L -1
7 1 U -1
8 1 L 4
9 0 L 5
10 0 U 4
11 1 U 7
12 1 U -1
13 0 L 4
14 0 U 12
15 1 U 4
16 0 U -1
17 0 U -1
18 1 U 15
19 0 U 15
20 1 U 5
21 1 U 3
22 0 U 17
23 1 U 7
24 0 U 3
25 1 L 19
26 1 U 21
27 1 L 4
28 0 U 20
29 1 U 24
30 1 U 4
31 0 U 7
32 0 L 30
33 0 U 19
34 0 L 5
35 1 L -1
36 0 L 30
37 0 L 25
38 1 U -1
39 0 U 31
40 0 L -1
41 1 L 4
42 1 U 9
43 1 L 27
44 0 L 32
45 0 U 30
46 0 L 27
47 0 U 30
48 0 U 44
49 0 L 20
50 0 L 19
51 0 U 48
52 1 U 40
53 1 L 6
54 0 L 11
55 0 L 18
56 0 L 51
57 0 U 24
58 1 L 50
59 1 L 58
60 0 L 53
61 0 U 30
62
0 0 L -1
1 0 U 0
2 1 U 0
3 0 U 1
4 0 L -1
5 0 U -1
6 0 L -1
7 1 U -1
8 1 L 0
9 1 L 6
10 0 U 4
11 1 U 0
12 1 U -1
13 1 L 5
14 0 U 12
15 1 U 4
16 0 U -1
17 0 U -1
18 1 U 15
19 0 U 15
20 1 U 5
21 1 U 3
22 0 U 12
23 1 U 20
24 0 U 3
25 0 L 19
26 1 U 21
27 1 L 4
28 1 U 20
29 1 U 21
30 1 U 4
31 0 U 7
32 0 L 30
33 0 U 19
34 0 L 5
35 1 L -1
36 1 U 30
37 0 L 25
38 1 U -1
39 1 U 31
40 1 L -1
41 1 L 6
42 1 U 9
43 1 L 21
44 0 L 32
45 1 U 30
46 0 L 27
47 0 L 45
48 0 U 44
49 0 L 20
50 0 L 19
51 1 U 48
52 1 U 40
53 1 L 6
54 0 L 11
55 0 L 18
56 1 L 51
57 0 U 24
58 1 L 50
59 1 L 58
60 0 L 21
61 0 U 57
62
0 0 L -1
1 0 U 0
2 1 U 0
3 0 U 1
4 0 L -1
5 0 U -1
6 0 L -1
7 1 U -1
8 1 L 0
9 1 L 6
10 0 U 4
11 1 U 7
12 0 U -1
13 0 L 5
14 0 U 12
15 1 U 4
16 0 U -1
17 0 U -1
18 1 U 15
19 0 U 15
20 1 U 5
21 1 U 3
22 0 U 12
23 1 U 1
24 0 U 20
25 1 L 19
26 1 U 21
27 1 L 4
28 0 U 7
29 1 U 21
30 1 U 4
31 0 U 0
32 0 L 30
33 0 U 19
34 0 L 5
35 1 L -1
36 0 L 30
37 0 L 25
38 0 U -1
39 1 U 31
40 1 L -1
41 1 L 6
42 1 U 9
43 1 L 21
44 0 L 32
45 0 U 30
46 0 L 27
47 0 U 45
48 1 U 30
49 1 L 25
50 0 L 19
51 1 U 48
52 1 U 40
53 1 L 6
54 0 L 11
55 0 L 18
56 0 L 51
57 0 U 39
58 1 L 50
59 0 L 58
60 0 L 27
61 0 U 45
62
0 0 L -1
1 0 U 0
2 1 U 0
3 0 U 1
4 0 L -1
5 1 U -1
6 0 L -1
7 1 U -1
8 1 L 0
9 0 L 5
10 0 U 4
11 1 U 7
12 0 U -1
13 0 L 5
14 0 U 12
15 1 U 4
16 0 U -1
17 0 U -1
18 1 U 15
19 0 U 15
20 1 U 5
21 1 U 3
22 0 U 12
23 0 U 1
24 0 U 20
25 0 L 19
26 1 U 21
27 1 L 4
28 0 U 0
29 1 U 4
30 1 U 4
31 0 U 0
32 0 L 30
33 0 U 19
34 0 L 5
35 1 L -1
36 1 U 32
37 0 L 25
38 0 U -1
39 0 U 31
40 1 L -1
41 1 L 5
42 1 U 9
43 1 L 27
44 0 L 32
45 0 U 44
46 0 L 27
47 0 U 45
48 1 U 30
49 1 L 12
50 0 L 19
51 1 U 48
52 1 U 40
53 1 L 6
54 1 L 11
55 0 L 24
56 1 L 51
57 0 U 25
58 1 L 50
59 1 L 58
60 0 L 27
61 0 U 30
62
0 0 L -1
1 0 U 0
2 1 U 0
3 0 U 1
4 0 L -1
5 0 U -1
6 0 L -1
7 1 U -1
8 1 L 0
9 1 L 6
10 0 U 4
11 1 U 7
12 1 U -1
13 1 L 5
14 0 U 12
15 1 U 4
16 0 U -1
17 0 U 7
18 1 U 15
19 0 U 15
20 1 U 5
21 1 U 3
22 0 U 12
23 1 U 1
24 0 L 20
25 1 L 19
26 1 U 25
27 1 L 4
28 0 U 21
29 1 U 4
30 1 U 4
31 0 U 0
32 0 L 30
33 0 U 19
34 0 L 5
35 1 L -1
36 1 U 32
37 0 L 25
38 1 U -1
39 0 U 31
40 1 L -1
41 1 L 4
42 1 U 9
43 1 L 27
44 0 L 32
45 0 U 44
46 0 L 27
47 0 U 45
48 1 U 30
49 1 L 12
50 0 L 19
51 1 U 48
52 1 U 40
53 1 L 6
54 0 L 11
55 0 L 29
56 0 L 51
57 0 U 25
58 1 L 50
59 0 L 58
60 0 L 27
61 0 U 30
62
0 0 L -1
1 0 U 0
2 1 U 0
3 0 U 1
4 0 L -1
5 1 U -1
6 0 L -1
7 1 U -1
8 1 L 0
9 0 L 5
10 0 U 4
11 1 U 7
12 0 U -1
13 0 L 2
14 0 U 12
15 1 U 4
16 0 U -1
17 0 U -1
18 1 U 15
19 0 U 15
20 1 U 5
21 1 U 3
22 0 U 12
23 0 U 7
24 0 U 20
25 0 L 19
26 1 U 25
27 1 L 4
28 0 U 21
29 1 U 4
30 1 U 4
31 0 U 0
32 0 L 30
33 0 U 19
34 0 L 4
35 1 L -1
36 0 U 27
37 0 L 25
38 1 U -1
39 0 U 31
40 1 L -1
41 1 L 4
42 1 U 9
43 1 L 27
44 0 L 32
45 0 U 43
46 0 L 27
47 0 U 29
48 1 U 44
49 1 U 5
50 0 L 19
51 1 U 48
52 1 U 40
53 1 L 5
54 0 L 11
55 0 L 29
56 0 L 51
57 0 U 25
58 1 L 50
59 0 L 58
60 0 L 27
61 0 U 30
62
0 0 L -1
1 0 U 0
2 1 U 0
3 0 U 1
4 0 L -1
5 0 U -1
6 0 L -1
7 1 U -1
8 0 L 2
9 1 L 6
10 0 U 4
11 1 U 7
12 0 U -1
13 1 L 5
14 0 U 12
15 1 U 4
16 0 U -1
17 0 U -1
18 1 U 15
19 0 U 15
20 1 U 5
21 1 U 3
22 0 U 12
23 1 U 0
24 0 L 19
25 1 L 19
26 1 U 21
27 1 L 4
28 0 U 21
29 1 U 4
30 1 U 4
31 0 U 0
32 0 L 30
33 0 U 19
34 0 L 4
35 1 L -1
36 1 U 29
37 0 L 25
38 0 U -1
39 0 U 31
40 1 L -1
41 1 L 13
42 1 U 9
43 1 L 27
44 0 L 32
45 0 U 43
46 0 L 27
47 0 U 29
48 1 U 30
49 1 U 20
50 0 L 19
51 1 U 48
52 1 U 40
53 1 L 5
54 1 L 10
55 0 L 29
56 0 L 51
57 0 U 25
58 1 L 50
59 1 L 58
60 0 L 53
61 0 U 6
62
0 0 U -1
1 1 U 0
2 1 U 0
3 0 U 1
4 0 L -1
5 0 U -1
6 0 L -1
7 1 U -1
8 1 L 4
9 1 L 6
10 0 U 4
11 1 U 0
12 0 U -1
13 1 L 6
14 0 U 12
15 1 U 4
16 0 U -1
17 0 U 3
18 1 U 15
19 0 U 15
20 1 U 3
21 1 U 11
22 0 U -1
23 1 U 14
24 0 L 19
25 1 L 19
26 1 U 21
27 1 L 13
28 1 U 16
29 1 U 4
30 1 U 4
31 0 U 0
32 0 L 30
33 0 U 19
34 0 L 4
35 1 L -1
36 1 U 29
37 0 L 25
38 0 U -1
39 0 U 31
40 1 L -1
41 1 L 40
42 1 U 9
43 1 L 27
44 0 L 32
45 0 U 43
46 0 L 27
47 0 U 29
48 1 U 30
49 0 L 34
50 0 L 19
51 1 U 48
52 1 U 40
53 1 L 5
54 1 L 10
55 0 L 29
56 0 L 51
57 0 U 25
58 1 L 50
59 1 L 58
60 0 L 27
61 0 U 44
62
0 0 L -1
1 1 L 0
2 1 U 0
3 1 U 1
4 0 L -1
5 1 U -1
6 0 L -1
7 1 U -1
8 0 U 0
9 0 L 6
10 0 U 4
11 0 U 0
12 1 U -1
13 0 L 6
14 0 U 12
15 1 U 4
16 0 U -1
17 0 U -1
18 1 U 15
19 0 U 15
20 0 L 5
21 1 U 11
22 0 U 21
23 1 U 14
24 0 L 19
25 1 L 19
26 1 U 25
27 1 L 13
28 1 U 17
29 1 U 4
30 1 U 4
31 0 U 0
32 0 L 30
33 0 U 19
34 0 L 4
35 1 L -1
36 0 U 5
37 0 L 25
38 0 U -1
39 0 U 31
40 1 L -1
41 1 L 40
42 1 U 9
43 1 L 27
44 0 L 32
45 0 U 43
46 0 L 27
47 0 U 29
48 1 U 44
49 1 L 34
50 0 L 19
51 0 U 48
52 1 U 40
53 1 L 4
54 1 L 10
55 0 L 29
56 0 L 51
57 0 U 25
58 1 L 50
59 0 L 58
60 0 L 22
61 0 U 44
62
0 0 L -1
1 1 L 0
2 1 U 0
3 1 L 1
4 0 L -1
5 0 L 3
6 0 L -1
7 1 U -1
8 1 U 0
9 1 L 6
10 0 U 4
11 0 U 0
12 1 U 1
13 1 L 6
14 0 U 12
15 1 U 4
16 0 U -1
17 0 U -1
18 1 U 15
19 0 U 15
20 0 L 16
21 1 U 11
22 0 U 21
23 0 U 14
24 0 L 19
25 1 L 19
26 1 U 25
27 1 L 13
28 0 L 17
29 1 U 4
30 1 U 4
31 0 U 0
32 0 L 30
33 0 U 19
34 0 L 4
35 1 L -1
36 1 L 9
37 0 L 25
38 1 U -1
39 0 U 31
40 1 L -1
41 1 L 40
42 1 U 29
43 1 L 27
44 0 L 32
45 0 U 43
46 0 L 27
47 0 U 44
48 1 U 6
49 0 L 34
50 0 L 19
51 1 U 48
52 1 U 40
53 1 L 6
54 1 L 10
55 0 L 54
56 0 L 31
57 0 U 25
58 1 L 50
59 1 L 58
60 0 L 49
61 0 U 44
62
0 0 U -1
1 1 L 0
2 1 U 0
3 0 U 1
4 0 L -1
5 0 L 3
6 0 L -1
7 1 U -1
8 1 L 7
9 1 L 6
10 0 U 4
11 0 U 7
12 0 U 5
13 1 L 6
14 0 U 12
15 1 U 4
16 0 U -1
17 0 U -1
18 1 U 15
19 0 U 15
20 0 L 16
21 1 U 11
22 0 U 21
23 1 U 14
24 0 L 19
25 1 L 19
26 1 U 25
27 1 L 13
28 0 U 17
29 1 U 26
30 1 U 26
31 0 U 0
32 0 L 30
33 0 U 19
34 0 L 4
35 1 L -1
36 1 U 32
37 0 L 25
38 0 U -1
39 1 U 31
40 1 L -1
41 1 L 40
42 1 U 29
43 1 L 27
44 0 L 32
45 0 U 43
46 0 L 27
47 0 U 44
48 1 U 6
49 1 L 34
50 0 L 19
51 1 U 48
52 1 U 40
53 1 L 52
54 1 L 10
55 0 L 54
56 0 L 31
57 0 U 25
58 1 L 50
59 0 L 58
60 0 L 53
61 0 U 44
62
0 0 L -1
1 1 L 0
2 1 U 0
3 0 U -1
4 0 L -1
5 1 L 3
6 0 L -1
7 1 U -1
8 1 U 7
9 1 L 6
10 0 U 4
11 0 U 7
12 0 U -1
13 0 L 1
14 0 U 12
15 1 U 4
16 0 U -1
17 0 U -1
18 1 U 15
19 0 U 15
20 0 U 11
21 1 U 11
22 0 U 21
23 0 U 14
24 0 L 19
25 1 L 19
26 1 U 25
27 1 L 3
28 0 U 17
29 1 U 22
30 1 L 26
31 0 U 28
32 0 L 30
33 0 U 19
34 0 L 4
35 1 L -1
36 1 U 32
37 0 L 25
38 0 U -1
39 1 U 31
40 1 L -1
41 1 L 40
42 1 U 29
43 1 L 27
44 0 L 32
45 0 U 35
46 0 L 27
47 0 U 44
48 1 U 6
49 1 L 9
50 0 L 29
51 0 U 48
52 1 U 40
53 1 L 52
54 1 L 10
55 0 L 54
56 0 L 55
57 0 U 20
58 1 L 50
59 0 L 58
60 0 L 11
61 0 U 44
62
0 0 U -1
1 1 L 0
2 1 U 0
3 0 U -1
4 0 L -1
5 0 L 3
6 0 L -1
7 1 U -1
8 1 U 7
9 1 L 6
10 0 U 4
11 1 U 0
12 0 U -1
13 1 U 0
14 0 U 12
15 1 U 4
16 0 U -1
17 0 U -1
18 1 U 15
19 1 U 9
20 0 U 11
21 1 U 11
22 0 U 21
23 0 U 14
24 0 L 1
25 1 L 19
26 1 U 25
27 1 L 4
28 0 U 17
29 1 U 22
30 1 U 26
31 0 U 28
32 0 L 30
33 1 U 9
34 0 L 4
35 1 L -1
36 1 U 1
37 0 L 25
38 0 U -1
39 1 L 31
40 1 L -1
41 1 L 40
42 0 U 29
43 1 L 27
44 0 L 32
45 0 U 33
46 0 L 27
47 0 U 44
48 1 U 6
49 1 L 48
50 0 L 29
51 1 U 48
52 1 U 40
53 1 L 52
54 1 L 10
55 1 L 54
56 0 L 55
57 0 U 20
58 0 U 50
59 0 L 58
60 0 L 27
61 0 L 44
62
0 0 U -1
1 1 L 0
2 1 U 0
3 0 U 0
4 1 L -1
5 1 L 3
6 0 L -1
7 1 U -1
8 1 L 7
9 1 L 6
10 0 U 4
11 1 U 0
12 0 U -1
13 0 U 1
14 0 U 12
15 1 U 4
16 0 U -1
17 0 U -1
18 1 U 15
19 1 U 15
20 0 U 11
21 1 U 11
22 0 U 21
23 0 U 14
24 1 L 0
25 1 L 19
26 1 U 25
27 1 L 4
28 1 U 12
29 1 U 22
30 1 U 26
31 0 U 28
32 0 L 30
33 1 U 9
34 0 L 4
35 1 L -1
36 1 U 30
37 1 L 25
38 1 U -1
39 0 L 31
40 0 L -1
41 1 L 2
42 0 L 29
43 1 L 27
44 0 L 32
45 0 U 33
46 0 L 27
47 0 U 44
48 1 U 6
49 0 U 3
50 0 L 29
51 0 U 48
52 1 U 40
53 1 L 52
54 0 L 10
55 0 L 54
56 0 L 42
57 0 U 20
58 1 L 50
59 0 L 58
60 0 L 11
61 0 U 29
62
0 0 U -1
1 0 L 0
2 1 U 0
3 1 U 1
4 1 L -1
5 0 L 3
6 0 L -1
7 1 U -1
8 0 L 7
9 0 L 6
10 0 U 4
11 1 U 7
12 1 U -1
13 1 L 12
14 0 U 12
15 1 U 4
16 0 U -1
17 0 U -1
18 1 U 15
19 1 U 15
20 0 U 11
21 1 U 11
22 0 U 21
23 1 U 0
24 0 L 0
25 1 L 19
26 1 U 20
27 1 L 4
28 1 U 5
29 1 U 22
30 1 U 26
31 0 U 28
32 0 L 30
33 1 U 9
34 0 L 4
35 1 L -1
36 1 U 30
37 1 L 25
38 1 U -1
39 0 L 31
40 0 L -1
41 1 L 24
42 0 L 29
43 1 L 27
44 0 L 32
45 0 U 33
46 0 L 27
47 0 U 44
48 1 U 6
49 0 L 32
50 0 L 29
51 1 U 48
52 1 U 40
53 1 L 52
54 1 L 21
55 0 L 54
56 0 L 42
57 0 U 20
58 1 L 50
59 0 L 58
60 0 L 11
61 0 U 29
62
0 0 L -1
1 1 L 0
2 1 U 0
3 0 L 1
4 1 L -1
5 0 U -1
6 0 L -1
7 1 U -1
8 0 L 7
9 1 L 6
10 0 U 4
11 1 U 0
12 0 U -1
13 0 L 5
14 0 U 12
15 1 U 4
16 0 U -1
17 1 U -1
18 1 U 15
19 1 U 10
20 0 U 11
21 1 U 11
22 0 U 21
23 1 U 7
24 1 L 0
25 1 L 19
26 1 U 25
27 1 L 4
28 1 U 8
29 1 U 22
30 1 U 26
31 0 U 28
32 0 L 30
33 1 U 9
34 0 L 3
35 1 L -1
36 1 U 0
37 0 L 25
38 0 U -1
39 0 L 31
40 0 L -1
41 0 L 24
42 0 L 29
43 1 L 27
44 0 L 32
45 0 U 34
46 0 L 27
47 0 U 29
48 1 U 29
49 0 L 20
50 0 L 29
51 0 L 47
52 1 U 40
53 1 L 41
54 0 L 21
55 0 L 54
56 0 L 42
57 0 U 25
58 1 L 50
59 0 L 58
60 0 L 53
61 0 U 45
62
0 0 L -1
1 1 L 0
2 1 U 0
3 0 L 2
4 1 L -1
5 1 U -1
6 0 L -1
7 1 U -1
8 0 L 7
9 0 L 6
10 0 U 4
11 0 U 7
12 1 U -1
13 0 L 8
14 0 U 12
15 1 U 4
16 0 U -1
17 0 U 5
18 1 U 15
19 1 U 15
20 0 U 11
21 1 U 11
22 0 U 21
23 1 U 14
24 1 L 0
25 1 L 19
26 1 U 20
27 1 L 4
28 1 U 8
29 1 U 22
30 1 U 26
31 0 U 28
32 0 L 30
33 1 U 9
34 0 L 3
35 1 L -1
36 0 U 30
37 1 L 25
38 0 U -1
39 1 L 31
40 0 L -1
41 0 L 24
42 0 L 29
43 1 L 27
44 0 L 32
45 0 U 30
46 0 L 27
47 0 U 29
48 1 U 29
49 0 L 3
50 0 L 29
51 1 L 47
52 1 U 40
53 1 L 41
54 1 L 21
55 0 L 54
56 0 L 42
57 0 U 25
58 1 L 50
59 0 L 58
60 0 L 53
61 0 U 30
62
0 0 U -1
1 1 L 0
2 1 U 0
3 1 U -1
4 1 L -1
5 0 U 3
6 0 L -1
7 1 U -1
8 0 L 7
9 1 L 6
10 0 U 4
11 0 U 7
12 1 U -1
13 0 L 6
14 0 U 12
15 1 U 4
16 0 U -1
17 0 L 1
18 1 U 15
19 1 U 15
20 0 U 11
21 1 U 11
22 0 U 21
23 1 U 14
24 1 L 0
25 1 L 19
26 1 U 20
27 1 L 4
28 1 U 8
29 1 U 22
30 1 U 26
31 0 U 28
32 0 L 30
33 1 U 9
34 0 L 5
35 1 L -1
36 1 U 30
37 1 L 25
38 0 U -1
39 0 L 31
40 0 L -1
41 0 L 24
42 0 L 29
43 1 L 27
44 0 L 32
45 0 U 30
46 0 L 27
47 0 U 29
48 1 U 29
49 0 L 32
50 0 L 29
51 1 L 37
52 1 U 40
53 1 L 41
54 1 L 21
55 0 L 54
56 0 L 42
57 0 U 25
58 1 L 50
59 0 L 58
60 0 L 53
61 0 U 30
62
0 0 L -1
1 0 L 0
2 1 U 0
3 1 U 1
4 1 L -1
5 0 U 3
6 0 L -1
7 1 U -1
8 1 L 7
9 1 L 6
10 0 U 4
11 1 U 7
12 1 U -1
13 0 L 9
14 0 U 12
15 1 U 4
16 0 U -1
17 0 L 2
18 1 U 15
19 1 U 17
20 0 U 11
21 1 U 11
22 0 U 21
23 1 U 14
24 1 L 0
25 1 L 19
26 1 U 20
27 1 L 4
28 1 U 1
29 1 U 22
30 1 U 26
31 0 U 28
32 0 L 30
33 1 U 9
34 0 L 5
35 1 L -1
36 0 U 30
37 1 L 25
38 1 U -1
39 0 L 31
40 0 L -1
41 0 L 24
42 0 L 29
43 1 L 27
44 0 L 32
45 0 U 24
46 0 L 22
47 0 U 6
48 0 U 29
49 0 L 15
50 0 L 29
51 1 L 37
52 1 U 40
53 1 L 41
54 1 L 21
55 0 L 54
56 0 L 42
57 0 U 25
58 1 L 50
59 0 L 58
60 0 L 22
61 0 U 29
62
0 0 L -1
1 1 L 0
2 1 U 0
3 0 U -1
4 1 L -1
5 0 U 3
6 0 L -1
7 1 U -1
8 0 L 7
9 0 L 6
10 0 U 4
11 1 U 7
12 1 U -1
13 1 L 1
14 0 U 12
15 1 U 4
16 0 U -1
17 0 L 13
18 1 U 15
19 1 U 13
20 0 U 11
21 1 U 11
22 0 U 21
23 0 U 14
24 1 L 0
25 1 L 19
26 1 U 20
27 1 L 13
28 1 U 1
29 1 U 22
30 1 U 26
31 0 U 28
32 0 L 30
33 1 U 9
34 0 L 5
35 1 L -1
36 1 U -1
37 1 L 25
38 1 U -1
39 1 L 31
40 0 L -1
41 0 L 24
42 0 U 29
43 1 L 27
44 0 L 32
45 0 U 24
46 0 L 22
47 0 U 6
48 1 U 29
49 0 L 15
50 0 L 29
51 0 L 37
52 1 U 40
53 1 L 4
54 1 L 12
55 1 L 29
56 0 L 55
57 0 U 25
58 1 L 50
59 0 L 58
60 0 L 22
61 0 U 57
62
0 0 U -1
1 1 L 0
2 1 U 0
3 0 L 2
4 1 L -1
5 0 U 3
6 0 L -1
7 1 U -1
8 0 L 7
9 1 L 6
10 0 U 4
11 1 U 0
12 1 U -1
13 0 U 1
14 0 U 12
15 1 U 4
16 0 U -1
17 0 L 6
18 1 U 15
19 1 U 10
20 0 U 11
21 1 U 11
22 0 U 21
23 1 U 14
24 1 L 0
25 1 L 19
26 1 U 20
27 1 L 6
28 1 U 8
29 1 U 22
30 1 U 26
31 0 U 28
32 0 L 30
33 1 U 9
34 0 L 3
35 1 L -1
36 1 L 6
37 1 L 25
38 0 U -1
39 1 L 37
40 1 L -1
41 1 L 36
42 0 U 29
43 1 L 27
44 0 L 32
45 0 U 33
46 0 L 22
47 0 U 29
48 1 U 29
49 0 L 10
50 0 L 29
51 0 L 37
52 1 U 40
53 1 L 4
54 1 L 12
55 1 L 29
56 0 L 55
57 0 U 25
58 1 L 50
59 0 L 58
60 0 L 53
61 0 U 8
62
0 0 U -1
1 1 L 0
2 1 U 0
3 0 L 2
4 1 L -1
5 1 U 3
6 0 L -1
7 1 U -1
8 0 L 7
9 0 L 6
10 0 U 4
11 1 U 7
12 0 U -1
13 0 U 1
14 0 U 12
15 1 U 4
16 0 U -1
17 0 L 3
18 1 U 15
19 1 U 10
20 0 U 11
21 1 U 11
22 0 U 21
23 0 U 14
24 1 L 0
25 1 L 19
26 1 U 20
27 1 L 6
28 1 U 8
29 1 U 22
30 1 U 26
31 0 U 28
32 0 L 30
33 1 U 9
34 0 L 3
35 1 L -1
36 1 L 6
37 0 L 25
38 0 U -1
39 1 L 37
40 1 L -1
41 1 L 36
42 0 U 29
43 1 L 27
44 0 L 32
45 1 L 33
46 0 L 11
47 0 U 29
48 1 U 29
49 1 U 18
50 0 L 29
51 1 L 47
52 1 U 40
53 1 L 52
54 1 L 46
55 1 L 29
56 0 L 23
57 0 U 25
58 1 L 50
59 0 L 58
60 0 L 53
61 0 U -1
62
0 0 U -1
1 1 L 0
2 1 U 0
3 0 L 1
4 1 L -1
5 0 U 3
6 0 L -1
7 1 U -1
8 0 L 7
9 1 L 6
10 0 U 4
11 1 U 7
12 1 U 8
13 1 L 1
14 0 U 8
15 1 U 4
16 0 U -1
17 0 L 5
18 1 U 15
19 1 U 9
20 0 U 11
21 1 U 11
22 0 U 21
23 1 U 0
24 1 L 0
25 1 L 19
26 1 U 20
27 1 L 3
28 1 U 8
29 1 U 26
30 1 U 26
31 0 U 28
32 0 L 30
33 1 U 9
34 0 L 6
35 1 L -1
36 1 L 6
37 1 L 25
38 0 U -1
39 0 L 37
40 1 L -1
41 1 L 5
42 0 U 29
43 1 L 27
44 0 L 32
45 1 L 33
46 0 L 11
47 0 U 30
48 1 U 29
49 1 L 33
50 0 L 29
51 1 L 47
52 1 U 40
53 1 L 52
54 1 L 46
55 1 L 29
56 0 L 23
57 0 U 39
58 1 U 50
59 0 L 58
60 0 L 53
61 0 U 24
62
0 0 L -1
1 1 L 0
2 1 U 0
3 0 U -1
4 1 L -1
5 1 U 3
6 0 L -1
7 1 U -1
8 0 L 7
9 1 L 6
10 0 U 4
11 1 U 0
12 1 U 8
13 0 L 2
14 0 U 8
15 1 U 4
16 0 U -1
17 0 L 3
18 1 U 15
19 1 U 10
20 0 U 11
21 1 U 11
22 0 U 21
23 0 U 0
24 1 L 16
25 1 L 19
26 1 U 20
27 1 L 3
28 1 U 8
29 1 U 26
30 1 U 26
31 0 U 28
32 0 L 30
33 1 U 9
34 0 L 13
35 1 L -1
36 0 L 16
37 1 L 25
38 0 U -1
39 1 L 37
40 1 L -1
41 1 L 5
42 0 U 29
43 1 L 27
44 0 L 32
45 1 L 33
46 0 L 11
47 0 U 44
48 0 U 29
49 1 L 33
50 0 L 29
51 1 L 47
52 1 U 40
53 1 L 52
54 1 L 46
55 1 L 29
56 0 L 23
57 0 U 39
58 1 U 50
59 0 L 58
60 0 L 53
61 0 U 34
62
0 0 L -1
1 1 L 0
2 1 U 0
3 0 U -1
4 1 L -1
5 0 U 3
6 0 L -1
7 1 U -1
8 0 L 7
9 1 L 6
10 0 U 4
11 1 U 0
12 1 U 8
13 0 L 6
14 0 U 8
15 1 U 4
16 0 U -1
17 0 L 3
18 1 U 15
19 1 U 15
20 0 U 11
21 1 U 11
22 0 U 21
23 0 U 0
24 1 L 16
25 1 L 19
26 1 U 20
27 1 L 3
28 1 U 8
29 1 U 26
30 1 U 26
31 0 U 28
32 0 L 30
33 1 U 9
34 0 L 13
35 1 L -1
36 1 L 16
37 1 L 25
38 0 U -1
39 1 L 37
40 1 L -1
41 1 L 3
42 0 U 29
43 1 L 27
44 0 L 32
45 1 L 40
46 0 L 11
47 0 U 44
48 1 U 29
49 1 U 28
50 0 L 29
51 1 U 47
52 1 U 40
53 1 L 52
54 1 L 46
55 0 L 29
56 1 L 23
57 0 U 39
58 0 U 50
59 0 L 58
60 0 L 53
61 0 U 34
62
0 0 U -1
1 1 L 0
2 1 U 0
3 0 U -1
4 1 L -1
5 0 U 3
6 0 L -1
7 1 U -1
8 0 L 7
9 0 L 6
10 0 U 4
11 1 U 0
12 0 U 8
13 1 L 6
14 0 U 8
15 1 U 4
16 0 U -1
17 0 L 5
18 1 U 15
19 1 U 13
20 0 U 11
21 1 U 11
22 0 U 21
23 1 U 0
24 1 L 16
25 1 L 19
26 1 U 20
27 1 L 4
28 1 U 8
29 1 U 26
30 1 U 26
31 0 U 28
32 0 L 30
33 1 U 9
34 0 L 13
35 1 L -1
36 1 L 16
37 1 L 25
38 0 U -1
39 1 L 37
40 0 L -1
41 1 L 13
42 0 U 29
43 1 L 27
44 0 L 32
45 1 L 40
46 0 L 11
47 0 U 6
48 1 U 29
49 0 L 10
50 0 L 29
51 1 L 47
52 1 U 40
53 1 L 52
54 1 L 46
55 0 L 29
56 1 L 23
57 0 U 39
58 0 U 50
59 0 L 58
60 0 L 53
61 0 U 57
62
0 0 U -1
1 1 L 0
2 1 U 0
3 0 U -1
4 1 L -1
5 0 U 3
6 0 L -1
7 1 U -1
8 0 L 7
9 1 L 6
10 0 U 4
11 0 U 7
12 1 U 8
13 1 L 6
14 0 U 1
15 1 U 4
16 0 U -1
17 0 L 13
18 1 U 15
19 1 U 17
20 0 U 11
21 1 U 11
22 0 U 21
23 1 U 7
24 1 L 16
25 1 L 19
26 1 U 20
27 1 L 4
28 1 U 8
29 1 U 26
30 1 U 26
31 0 U 28
32 0 L 30
33 1 U 9
34 0 L 3
35 1 L -1
36 1 L 2
37 1 L 25
38 0 U -1
39 1 L 37
40 0 L -1
41 1 L 13
42 0 U 29
43 1 L 22
44 0 L 32
45 1 L 40
46 0 L 11
47 0 U 29
48 0 U 29
49 0 L 10
50 0 L 29
51 1 L 47
52 1 U 40
53 1 L 52
54 1 L 46
55 0 L 54
56 1 L 23
57 0 U 25
58 0 L 32
59 0 L 58
60 0 L 53
61 0 U 30
62
0 0 U -1
1 1 L 0
2 1 U 0
3 0 U -1
4 1 L -1
5 0 U 3
6 0 L -1
7 1 U -1
8 0 L 7
9 0 L 6
10 0 U 4
11 0 U 7
12 0 U 8
13 1 L 11
14 0 U 1
15 1 U 4
16 0 U -1
17 0 L 0
18 1 U 15
19 1 U 17
20 0 U 11
21 1 U 11
22 0 U 21
23 1 U 0
24 1 L 16
25 0 L 19
26 1 U 20
27 1 L 2
28 1 U 8
29 1 U 26
30 1 U 26
31 0 U 14
32 0 L 30
33 1 U 9
34 0 L 2
35 1 L -1
36 1 L 2
37 1 L 16
38 0 U -1
39 0 L 37
40 0 L -1
41 1 L 36
42 0 U 29
43 1 L 22
44 0 L 32
45 1 L 40
46 0 L 22
47 0 U 30
48 1 U 29
49 1 L 7
50 0 L 18
51 1 L 25
52 1 U 40
53 1 L 52
54 0 L 46
55 0 L 54
56 1 L 23
57 0 U 37
58 1 L 25
59 0 L 58
60 0 L 53
61 0 U 30
62
0 0 U -1
1 1 L 0
2 1 U 0
3 0 U -1
4 1 L -1
5 0 U 3
6 0 L -1
7 1 U -1
8 0 L 7
9 0 L 6
10 0 U 4
11 0 U 7
12 0 U 8
13 1 U 11
14 0 U 1
15 1 U 4
16 0 U -1
17 0 L 0
18 1 U 15
19 1 U 17
20 0 U 11
21 1 U 11
22 0 U 21
23 0 U 7
24 1 L 16
25 0 L 19
26 1 U 20
27 1 L 2
28 1 U 8
29 1 U 26
30 1 U 26
31 0 U 0
32 0 L 30
33 1 U 9
34 0 L 2
35 1 L -1
36 0 L 2
37 1 L 16
38 0 U -1
39 1 L 37
40 0 L -1
41 1 L 3
42 0 U 29
43 1 L 22
44 0 L 32
45 1 L 40
46 0 L 22
47 0 U 30
48 1 U 29
49 1 L 27
50 0 L 18
51 0 L 24
52 1 U 40
53 1 L 52
54 0 L 46
55 0 L 54
56 1 L 37
57 0 U 39
58 0 L 33
59 1 L 58
60 0 L 53
61 0 U 30
62
0 0 L -1
1 1 L 0
2 1 U 0
3 0 U -1
4 1 L -1
5 1 U 3
6 0 L -1
7 1 U -1
8 0 L 7
9 1 L 6
10 0 U 4
11 0 U 0
12 1 U 8
13 0 U 7
14 0 U 1
15 1 U 4
16 0 U -1
17 1 L 0
18 1 U 15
19 1 U 17
20 0 U 11
21 1 U 11
22 0 U 21
23 1 U 7
24 1 L 16
25 0 L 19
26 1 U 20
27 1 L 6
28 1 U 8
29 1 U 26
30 1 U 26
31 0 U 0
32 0 L 30
33 1 U 9
34 0 L 3
35 1 L -1
36 0 L 18
37 1 L 16
38 1 U -1
39 1 L 37
40 0 L -1
41 1 L 4
42 0 U 33
43 1 L 12
44 0 L 32
45 1 L 40
46 0 L 22
47 0 U 30
48 1 U 30
49 1 L 27
50 0 U 18
51 1 U 19
52 1 U 40
53 1 L 52
54 1 L 46
55 1 L 54
56 1 L 37
57 0 U 39
58 1 L 33
59 0 L 58
60 0 L 11
61 0 U 30
62
0 0 U -1
1 1 L 0
2 1 U 0
3 0 U -1
4 1 L -1
5 1 U 3
6 0 L -1
7 1 U -1
8 0 L 7
9 1 L 6
10 0 U 4
11 0 U 0
12 1 U 8
13 1 U -1
14 0 U 1
15 1 U 4
16 0 U -1
17 0 L 3
18 1 U 15
19 1 U 17
20 0 U 11
21 1 U 11
22 0 U 21
23 1 U 14
24 1 L 16
25 1 L 19
26 1 U 20
27 1 L 6
28 0 U 8
29 1 U 26
30 1 U 26
31 0 U 7
32 0 L 30
33 1 U 9
34 0 L 3
35 1 L -1
36 0 L 18
37 1 L 16
38 1 U -1
39 0 L 37
40 0 L -1
41 1 L 4
42 0 U 33
43 1 L 22
44 0 L 32
45 1 L 40
46 0 L 22
47 0 U 30
48 0 U 30
49 1 L 27
50 0 U 49
51 0 U 19
52 1 U 40
53 1 L 52
54 1 L 21
55 1 L 54
56 1 L 28
57 0 U 39
58 1 L 55
59 1 L 58
60 0 L 11
61 0 U 57
62
0 0 L -1
1 1 L 0
2 1 U 0
3 0 U -1
4 1 L -1
5 0 U 3
6 0 L -1
7 1 U -1
8 0 L 7
9 1 L 6
10 0 U 4
11 0 U 0
12 0 U 1
13 1 U 8
14 0 U 1
15 1 U 4
16 0 U -1
17 0 L 6
18 1 U 15
19 1 U 17
20 0 U 11
21 1 U 11
22 0 U 21
23 1 U 14
24 1 L 0
25 0 L 19
26 1 U 20
27 1 L 6
28 0 U 8
29 1 U 26
30 1 U 26
31 0 U 7
32 0 L 30
33 1 U 9
34 0 L 3
35 1 L -1
36 0 L 18
37 1 L 16
38 1 U -1
39 1 L 37
40 0 L -1
41 1 L 4
42 0 U 33
43 1 L 22
44 0 L 32
45 1 L 40
46 0 L 22
47 0 U 30
48 0 U 30
49 1 L 34
50 0 U 24
51 1 U 19
52 1 U 40
53 1 L 52
54 0 L 21
55 1 L 54
56 1 L 28
57 0 U 39
58 1 L 55
59 0 L 58
60 0 L 49
61 0 U 57
62
0 0 L -1
1 1 L 0
2 1 U 0
3 0 U -1
4 1 L -1
5 1 U 3
6 0 L -1
7 1 U -1
8 0 L 7
9 1 L 6
10 0 U 4
11 0 U 0
12 0 U 8
13 0 L 2
14 0 U 1
15 1 U 4
16 0 U -1
17 0 L 3
18 1 U 15
19 1 U 17
20 0 U 11
21 1 U 11
22 0 U 21
23 1 U 14
24 1 L 0
25 0 L 19
26 1 U 20
27 1 L 6
28 0 U 1
29 1 U 22
30 1 U 26
31 0 U 7
32 0 L 30
33 1 U 9
34 0 L 5
35 1 L -1
36 0 L 18
37 1 L 16
38 1 U -1
39 1 L 37
40 0 L -1
41 1 L 4
42 0 U 33
43 1 L 22
44 0 L 32
45 1 L 40
46 0 L 22
47 0 U 44
48 0 U 30
49 1 L 34
50 0 U 47
51 1 U 19
52 1 U 40
53 1 L 52
54 0 L 21
55 1 L 54
56 0 L 28
57 0 U 39
58 0 L 55
59 1 L 50
60 0 L 49
61 0 U -1
62
0 0 L -1
1 1 L 0
2 1 U 0
3 0 U -1
4 1 L -1
5 0 U 3
6 0 L -1
7 1 U -1
8 0 L 7
9 1 L 6
10 0 U 4
11 0 U 0
12 0 U 8
13 0 U 12
14 0 U 1
15 1 U 4
16 0 U -1
17 0 L 2
18 1 U 15
19 1 U 17
20 0 U 11
21 1 U 11
22 0 U 21
23 1 U 14
24 1 L 0
25 0 L 19
26 1 U 20
27 1 L 6
28 1 U -1
29 1 U 22
30 1 U 26
31 0 U 7
32 0 L 30
33 1 U 9
34 0 L 3
35 1 L -1
36 1 L 18
37 1 L 16
38 1 U -1
39 1 L 37
40 0 L -1
41 1 L 4
42 0 U 33
43 1 L 22
44 0 L 32
45 1 L 40
46 0 L 22
47 0 U 44
48 1 U 30
49 1 L 34
50 0 L 33
51 1 U 19
52 1 U 40
53 1 L 52
54 1 L 21
55 1 L 54
56 1 L 28
57 0 U 39
58 1 L 55
59 1 L 50
60 0 L 22
61 0 U 4
62
0 0 U -1
1 1 L 0
2 1 U 0
3 0 U -1
4 1 L -1
5 1 U 3
6 0 L -1
7 1 U -1
8 0 L 7
9 1 L 6
10 0 U 4
11 0 U 7
12 0 U 8
13 0 U 7
14 0 U 1
15 1 U 4
16 0 U -1
17 0 L 2
18 1 U 15
19 1 U 17
20 0 U 11
21 1 U 11
22 0 U 21
23 1 U 0
24 1 L 0
25 1 L 19
26 1 U 20
27 1 L 4
28 1 U -1
29 1 U 22
30 1 U 26
31 0 U 14
32 0 L 30
33 1 U 9
34 0 L 3
35 1 L -1
36 1 L 18
37 0 L 16
38 1 U -1
39 0 L 37
40 1 L -1
41 1 L 4
42 0 U 33
43 1 L 22
44 0 L 32
45 1 L 40
46 0 L 22
47 0 U 6
48 1 U 29
49 1 U -1
50 0 U 33
51 1 U 19
52 1 U 40
53 1 L 52
54 1 L 21
55 1 L 54
56 1 L 16
57 0 U 39
58 0 L 55
59 0 L 50
60 0 L 22
61 0 U 29
62
0 0 U -1
1 1 L 0
2 1 U 0
3 0 U -1
4 1 L -1
5 0 U 3
6 0 L -1
7 1 U -1
8 0 L 7
9 1 L 6
10 0 U 4
11 0 U 7
12 0 U 8
13 0 U 2
14 0 U 1
15 1 U 4
16 0 U -1
17 0 L 0
18 1 U 15
19 1 U 17
20 0 U 11
21 1 U 11
22 0 U 21
23 1 U 0
24 1 L 16
25 0 L 19
26 1 U 20
27 1 L 4
28 0 U -1
29 1 U 22
30 1 U 26
31 0 U 14
32 0 L 30
33 1 U 9
34 0 L 4
35 1 L -1
36 1 L 18
37 0 L 32
38 1 U -1
39 1 L 37
40 1 L -1
41 1 L 4
42 0 U 33
43 1 L 22
44 0 L 32
45 1 L 40
46 0 L 22
47 0 U 6
48 1 U 29
49 1 L -1
50 0 U 33
51 0 U 19
52 1 U 40
53 1 L 52
54 1 L 21
55 1 L 54
56 1 L 33
57 0 U 37
58 0 L 55
59 1 L 50
60 0 L 22
61 0 U 6
62
0 0 L -1
1 1 L 0
2 1 U 0
3 0 U -1
4 1 L -1
5 1 U 3
6 0 L -1
7 1 U -1
8 0 L 7
9 1 L 6
10 0 U 4
11 0 U 7
12 0 U 8
13 1 U -1
14 0 U 1
15 1 U 4
16 0 U -1
17 0 L 4
18 1 U 15
19 1 U 17
20 0 U 11
21 1 U 11
22 0 U 21
23 0 U 7
24 1 L 16
25 0 L 19
26 1 U 20
27 1 L 4
28 0 U -1
29 1 U 22
30 1 U 26
31 0 U 14
32 0 L 30
33 1 U 9
34 0 L 5
35 1 L -1
36 1 L 18
37 1 L 16
38 1 U -1
39 1 L 37
40 1 L -1
41 1 L 4
42 0 U 33
43 1 L 22
44 0 L 32
45 1 L 40
46 0 L 22
47 0 U 6
48 1 U 29
49 1 L 37
50 0 L 33
51 1 U 19
52 1 U 40
53 1 L 52
54 1 L 21
55 1 L 54
56 1 L 33
57 0 U 37
58 0 L 55
59 0 L 58
60 0 L 53
61 0 U 6
62
0 0 U -1
1 1 L 0
2 1 U 0
3 0 U -1
4 1 L -1
5 0 U 3
6 0 L -1
7 1 U -1
8 0 L 7
9 0 L 6
10 0 U 4
11 1 U 0
12 0 U 8
13 0 U 8
14 0 U 1
15 1 U 4
16 0 U -1
17 0 L 0
18 1 U 15
19 1 U 10
20 0 U 11
21 1 U 11
22 0 U 21
23 0 U 7
24 1 L 16
25 1 L 19
26 1 U 20
27 1 L 4
28 0 U -1
29 1 U 22
30 1 U 4
31 0 U 14
32 0 L 30
33 1 U 9
34 0 L 5
35 1 L -1
36 1 L 18
37 1 L 16
38 1 U -1
39 1 L 37
40 1 L -1
41 1 L 4
42 0 U 33
43 1 L 27
44 0 L 32
45 1 L 40
46 0 L 22
47 0 U 44
48 1 U 29
49 1 L 37
50 0 L 33
51 0 U 43
52 1 U 40
53 1 L 52
54 1 L 21
55 1 L 54
56 1 L 33
57 0 U 37
58 0 L 42
59 0 L 37
60 0 L 53
61 0 U 6
62
0 0 L -1
1 1 L 0
2 1 U 0
3 0 U -1
4 1 L -1
5 1 U 3
6 0 L -1
7 1 U -1
8 0 L 7
9 1 L 6
10 0 U 4
11 1 U 0
12 0 U 8
13 0 U -1
14 0 U 1
15 1 U 4
16 0 U -1
17 1 L 0
18 1 U 15
19 1 U 15
20 0 U 11
21 1 U 11
22 0 U 21
23 0 U 7
24 1 L 16
25 1 L 19
26 1 U 20
27 1 L 4
28 0 U 8
29 1 U 22
30 1 U 4
31 0 U 14
32 0 L 30
33 1 U 15
34 0 L 4
35 1 L -1
36 1 L 18
37 1 L 16
38 1 U -1
39 0 L 37
40 1 L -1
41 1 L 4
42 0 U 33
43 1 L 27
44 0 L 32
45 1 L 40
46 0 L 22
47 0 U 44
48 0 U 29
49 1 L 37
50 0 L 33
51 0 U 43
52 1 U 40
53 1 L 52
54 1 L 21
55 1 L 54
56 1 L 33
57 0 U 37
58 0 L 55
59 1 L 37
60 0 L 53
61 0 U 6
62
0 0 U -1
1 1 L 0
2 1 U 0
3 0 U -1
4 1 L -1
5 0 U 3
6 0 L -1
7 1 U -1
8 0 L 7
9 1 L 6
10 0 U 4
11 0 U 0
12 0 U 1
13 1 U -1
14 0 U 1
15 1 U 4
16 0 U -1
17 0 L 5
18 1 U 15
19 1 U 15
20 0 U 11
21 1 U 11
22 0 U 21
23 0 U 7
24 1 L 16
25 1 L 19
26 1 U 20
27 1 L 3
28 1 U 8
29 1 U 22
30 1 U 4
31 0 U 14
32 0 L 30
33 1 U 15
34 0 L 5
35 1 L -1
36 1 L 18
37 1 L 16
38 1 U -1
39 1 L 37
40 1 L -1
41 1 L 4
42 0 U 33
43 1 L 27
44 0 L 32
45 1 L 40
46 0 L 22
47 0 U 44
48 1 U 29
49 1 L 37
50 0 L 33
51 0 U 43
52 1 U 40
53 1 L 52
54 0 L 21
55 0 L 54
56 1 L 16
57 0 U 37
58 0 L 55
59 1 L 50
60 0 L 53
61 0 U 6
62
0 0 L -1
1 1 L 0
2 1 U 0
3 0 U -1
4 1 L -1
5 1 U 3
6 0 L -1
7 1 U -1
8 0 L 7
9 1 L 6
10 0 U 4
11 0 U 0
12 0 U 1
13 1 U 11
14 0 U 1
15 1 U 4
16 0 U -1
17 0 L 3
18 1 U 15
19 1 U 15
20 0 U 11
21 1 U 11
22 0 U 21
23 1 U 7
24 1 L 16
25 1 L 19
26 1 U 20
27 1 L 3
28 1 U 8
29 1 U 22
30 1 U 4
31 0 U 12
32 0 L 30
33 1 U 15
34 0 L 5
35 0 L -1
36 1 L 18
37 0 L 16
38 1 U -1
39 1 L 37
40 1 L -1
41 1 L 5
42 0 U 33
43 1 L 22
44 0 L 32
45 1 U 6
46 0 L 22
47 0 U 44
48 0 U 29
49 1 L 6
50 0 L 33
51 1 U 43
52 1 U 40
53 1 L 52
54 0 L 21
55 1 L 54
56 1 L 16
57 0 U 37
58 0 L 55
59 0 L 50
60 0 L 53
61 0 U 30
62
0 0 U -1
1 1 L 0
2 1 U 0
3 0 U -1
4 1 L -1
5 0 U 3
6 0 L -1
7 1 U -1
8 0 L 7
9 0 L 6
10 0 U 4
11 0 U 0
12 1 U 8
13 1 U 0
14 0 U 8
15 1 U 4
16 0 U -1
17 0 L 6
18 1 U 15
19 1 U 9
20 0 U 11
21 1 U 11
22 0 U 21
23 1 U 16
24 1 L 16
25 1 L 19
26 1 U 11
27 1 L 3
28 1 U 8
29 1 U 22
30 1 U 4
31 0 U 7
32 0 L 30
33 1 U 30
34 0 L 5
35 1 L -1
36 0 L 26
37 1 L 16
38 1 U -1
39 0 L 37
40 1 L -1
41 1 L 3
42 1 U 33
43 1 L 22
44 0 L 32
45 1 L 6
46 0 L 22
47 0 U 29
48 1 U 29
49 1 L 34
50 0 L 42
51 1 U 43
52 1 U 40
53 1 L 52
54 1 L 21
55 0 L 54
56 1 L 16
57 0 U 37
58 0 L 55
59 0 L 50
60 0 L 34
61 0 U 6
62
0 0 L -1
1 1 L 0
2 1 U 0
3 0 U -1
4 1 L -1
5 0 U 3
6 0 L -1
7 1 U -1
8 0 L 7
9 0 L 6
10 0 U 4
11 0 U 0
12 0 U 1
13 1 U 12
14 0 U 8
15 1 U 4
16 0 U -1
17 0 L 6
18 1 U 15
19 1 U 10
20 0 U 11
21 1 U 11
22 0 U 21
23 1 U 0
24 1 L 16
25 1 L 19
26 1 U 11
27 1 L 3
28 1 U 17
29 1 U 22
30 1 U 4
31 0 U 7
32 0 L 30
33 1 U 30
34 0 L 5
35 1 L -1
36 1 L 26
37 0 L 25
38 0 U -1
39 0 L 37
40 1 L -1
41 1 L 3
42 1 U 33
43 1 L 22
44 0 L 32
45 1 L 40
46 0 L 22
47 0 U 30
48 0 U 29
49 1 L 34
50 0 L 42
51 0 U 43
52 1 U 40
53 1 L 52
54 1 L 21
55 0 L 54
56 1 L 16
57 0 U 39
58 0 L 55
59 0 L 50
60 0 L 34
61 0 U 8
62
0 0 L -1
1 1 L 0
2 1 U 0
3 0 U -1
4 1 L -1
5 0 U 3
6 0 L -1
7 1 U -1
8 0 L 7
9 1 L 6
10 0 U 4
11 0 U 0
12 1 U 8
13 0 U 2
14 0 U 8
15 1 U 4
16 0 U -1
17 0 L 1
18 1 U 15
19 1 U 10
20 0 U 11
21 1 U 11
22 0 U 21
23 1 U 0
24 1 L 16
25 1 L 19
26 1 U 11
27 1 L 3
28 1 U 10
29 1 U 22
30 1 U 4
31 0 U 24
32 0 L 30
33 1 U 30
34 0 L 5
35 1 L -1
36 1 L 26
37 1 L 25
38 0 U -1
39 1 L 37
40 1 L -1
41 1 L 4
42 1 U 18
43 1 L 22
44 0 L 32
45 1 L 40
46 0 L 22
47 1 U 30
48 1 U 30
49 1 L 32
50 0 L 42
51 1 U 48
52 1 U 40
53 1 L 6
54 1 L 21
55 0 L 54
56 1 L 55
57 0 U 20
58 0 L 55
59 1 L 50
60 0 L 11
61 0 U 8
62
0 0 L -1
1 1 L 0
2 1 U 0
3 0 U -1
4 1 L -1
5 0 U 0
6 0 L -1
7 1 U -1
8 0 L 7
9 0 L 6
10 0 U 4
11 0 U 0
12 0 U 8
13 1 L 10
14 0 U 13
15 1 U 4
16 0 U -1
17 0 L 4
18 1 U 15
19 1 U 7
20 0 U 11
21 1 U 11
22 0 U 21
23 0 U 0
24 1 L 16
25 1 L 14
26 1 U 11
27 1 L 4
28 0 U 10
29 1 U 22
30 1 U 4
31 0 U 24
32 0 L 30
33 1 U 30
34 0 L 4
35 1 L -1
36 0 L 26
37 1 L 25
38 1 U -1
39 1 L 37
40 1 L -1
41 1 L 4
42 1 U 18
43 1 L 22
44 0 L 32
45 1 L 40
46 0 L 22
47 1 U 30
48 1 U 30
49 1 L 32
50 0 L 42
51 1 U 27
52 1 U 40
53 1 L 45
54 1 L 10
55 0 L 54
56 1 L 55
57 0 U 20
58 0 L 55
59 1 L 50
60 0 L 53
61 0 U 8
62
0 0 L -1
1 1 L 0
2 1 U 0
3 0 L 2
4 1 L -1
5 0 U 3
6 0 L -1
7 1 U -1
8 0 L 7
9 1 L 6
10 0 U 4
11 0 U 0
12 1 U 8
13 1 L 10
14 0 U 13
15 1 U 4
16 0 U -1
17 0 L 5
18 1 U 15
19 1 L 0
20 0 U 11
21 1 U 11
22 0 U 21
23 0 U 0
24 1 L 16
25 1 L 18
26 1 U 11
27 1 L 4
28 0 U 10
29 1 U 22
30 1 U 4
31 0 U 24
32 0 L 30
33 1 U 30
34 0 L 4
35 1 L -1
36 1 L 19
37 1 L 25
38 0 U -1
39 1 L 37
40 1 L -1
41 1 L 4
42 1 U 18
43 1 L 22
44 0 L 32
45 1 L 40
46 0 L 27
47 1 U 30
48 0 U 44
49 1 L 32
50 0 L 42
51 1 U 49
52 1 U 40
53 1 L 45
54 0 L 21
55 0 L 54
56 1 L 55
57 0 U 20
58 0 L 55
59 1 L 50
60 0 L 11
61 0 U 8
62
0 0 L -1
1 1 L 0
2 1 U 0
3 0 U -1
4 1 L -1
5 0 U 3
6 0 L -1
7 1 U -1
8 0 L 7
9 1 L 6
10 0 U 4
11 0 U 0
12 1 U 8
13 1 L 10
14 0 U 13
15 1 U 4
16 0 U -1
17 0 L 2
18 1 U 15
19 0 L 0
20 0 U 11
21 1 U 11
22 0 U 21
23 1 U 7
24 1 L 16
25 1 L 18
26 1 U 11
27 1 L 4
28 0 U 10
29 1 U 26
30 1 U 4
31 0 U 24
32 0 L 30
33 1 U 30
34 0 L 4
35 1 L -1
36 0 L 19
37 1 L 25
38 0 U -1
39 1 L 37
40 1 L -1
41 1 L 5
42 1 U 17
43 1 L 22
44 0 L 32
45 1 L 40
46 0 L 27
47 1 U 30
48 0 U 44
49 0 L 32
50 0 L 42
51 1 U 28
52 1 U 40
53 1 L 45
54 0 L 21
55 0 L 54
56 1 L 55
57 0 U 37
58 0 L 55
59 0 L 50
60 0 L 11
61 0 U 13
62
0 0 U -1
1 1 L 0
2 1 U 0
3 0 U -1
4 1 L -1
5 0 U 3
6 0 L -1
7 1 U -1
8 1 L 7
9 1 L 6
10 0 U 4
11 0 U 7
12 0 U 1
13 0 L 0
14 0 U 1
15 1 U 4
16 0 U -1
17 0 L 2
18 1 U 15
19 0 L 6
20 0 U 11
21 1 U 11
22 0 U 21
23 0 U 7
24 1 L 16
25 1 L 18
26 1 U 25
27 1 L 3
28 0 U 10
29 1 U 26
30 1 U 4
31 0 U 24
32 0 L 30
33 1 U 30
34 0 L 4
35 1 L -1
36 0 L 17
37 1 L 25
38 1 U -1
39 1 L 37
40 1 L -1
41 1 U 5
42 1 U 17
43 1 L 22
44 0 L 32
45 1 L 40
46 0 L 27
47 0 U 44
48 1 U 44
49 1 L 37
50 0 L 42
51 1 U 28
52 1 U 40
53 1 L 45
54 0 L 21
55 0 L 54
56 1 L 55
57 0 U 37
58 0 L 55
59 1 L 50
60 0 L 11
61 0 U 13
62
0 0 U -1
1 1 L 0
2 1 U 0
3 0 U -1
4 1 L -1
5 1 U 3
6 0 L -1
7 1 U -1
8 1 L 7
9 0 L 6
10 0 U 4
11 0 U 7
12 0 U 1
13 0 L 0
14 0 U 1
15 1 U 4
16 0 U -1
17 0 L 0
18 1 U 15
19 0 L -1
20 0 U 11
21 1 U 11
22 0 U 21
23 0 U 7
24 1 L 16
25 1 L 18
26 1 U 25
27 1 L 3
28 0 U 10
29 1 U 26
30 1 U 26
31 0 U 24
32 0 L 30
33 1 U 6
34 0 L 4
35 1 L -1
36 0 L 26
37 1 L 25
38 1 U -1
39 1 L 37
40 1 L -1
41 1 U 5
42 1 U 17
43 1 L 22
44 0 L 32
45 1 L 40
46 0 L 27
47 0 U 44
48 1 U 44
49 0 L 7
50 0 L 42
51 1 U 28
52 1 U 40
53 1 L 45
54 1 L 21
55 0 L 54
56 1 L 55
57 0 U 37
58 0 L 55
59 1 L 50
60 0 L 11
61 0 U 10
62
0 0 U -1
1 0 L 0
2 1 U 0
3 0 U -1
4 1 L -1
5 0 U 3
6 0 L -1
7 1 U -1
8 0 L 7
9 0 L 6
10 0 U 4
11 0 U 7
12 1 U 8
13 0 U 0
14 0 U 1
15 1 U 4
16 0 U -1
17 0 L 4
18 1 U 15
19 1 L 1
20 0 U 11
21 1 U 11
22 0 U 21
23 1 U 7
24 1 L 16
25 1 L 18
26 1 U 20
27 1 L 4
28 0 U 10
29 1 U 26
30 1 U 26
31 0 U 24
32 0 L 30
33 1 U 6
34 0 L 4
35 1 L -1
36 1 L 26
37 1 L 25
38 1 U -1
39 0 L 37
40 1 L -1
41 1 U 5
42 1 U 17
43 1 L 22
44 0 L 32
45 1 L 40
46 0 L 27
47 0 U 44
48 1 U 44
49 0 L 7
50 0 L 42
51 1 U 28
52 1 U 40
53 1 L 45
54 1 L 21
55 0 L 54
56 1 L 55
57 0 U 37
58 0 L 55
59 1 L 50
60 0 L 12
61 0 U 10
62
0 0 U -1
1 1 L 0
2 1 U 0
3 0 U -1
4 1 L -1
5 1 U 3
6 0 L -1
7 1 U -1
8 0 L 7
9 0 L 6
10 0 U 4
11 0 U 7
12 0 U 8
13 0 L 0
14 0 U -1
15 1 U 4
16 0 U -1
17 0 L 6
18 1 U 15
19 1 L 1
20 0 U 11
21 1 U 11
22 0 U 21
23 0 U 7
24 1 L 16
25 1 L 18
26 1 U 20
27 1 L 4
28 0 U 10
29 1 U 26
30 1 U 26
31 0 U 24
32 0 L 30
33 1 U 6
34 0 L 3
35 1 L -1
36 1 L 26
37 1 L 25
38 1 U -1
39 0 L 37
40 1 L -1
41 1 U 5
42 1 U 17
43 1 L 22
44 0 L 32
45 1 L 40
46 0 L 27
47 0 U 44
48 0 U 44
49 1 U 3
50 0 L 42
51 1 U 28
52 1 U 40
53 1 L 45
54 1 L 21
55 0 L 54
56 1 L 55
57 0 U 39
58 0 L 55
59 1 L 50
60 0 L 12
61 0 U 17
62
0 0 L -1
1 1 L 0
2 1 U 0
3 0 U -1
4 1 L -1
5 1 U 3
6 0 L -1
7 1 U -1
8 0 L 7
9 1 L 6
10 0 U 4
11 1 U 7
12 0 U 8
13 1 L 0
14 0 U -1
15 1 U 4
16 0 U -1
17 0 L 3
18 1 U 15
19 0 L 2
20 0 U 11
21 1 U 11
22 0 U 21
23 1 U 0
24 1 L 16
25 1 L 18
26 1 U 20
27 1 L 4
28 0 U 10
29 1 U 22
30 1 U 22
31 0 U 24
32 0 L 30
33 1 U 6
34 0 L 3
35 1 L -1
36 1 L 26
37 1 L 25
38 0 U -1
39 1 L 37
40 1 L -1
41 1 U 5
42 1 U 33
43 1 L 22
44 0 L 32
45 1 L 40
46 0 L 27
47 0 U 44
48 1 U 6
49 1 U -1
50 0 L 42
51 1 U 35
52 1 U 40
53 1 L 45
54 1 L 21
55 0 L 54
56 1 L 55
57 0 U 39
58 0 L 55
59 0 L 50
60 0 L 12
61 0 U 19
62
0 0 U -1
1 1 L 0
2 1 U 0
3 0 U -1
4 1 L -1
5 1 U 3
6 0 L -1
7 1 U -1
8 0 L 7
9 1 L 6
10 0 U 4
11 0 U 7
12 1 U 8
13 1 L 0
14 0 U 8
15 1 U 4
16 0 U -1
17 0 L 13
18 1 U 15
19 0 L 3
20 0 U 11
21 1 U 11
22 0 U 21
23 1 U 16
24 1 L 16
25 1 L 18
26 1 U 20
27 1 L 3
28 0 U 10
29 1 U 26
30 1 U 22
31 0 U 24
32 0 L 30
33 1 U 6
34 0 L 19
35 1 L -1
36 0 L 26
37 1 L 25
38 1 U -1
39 1 L 37
40 1 L -1
41 1 U 5
42 1 U 10
43 1 L 22
44 0 L 32
45 1 L 40
46 0 L 27
47 0 U 44
48 1 U 6
49 1 U 12
50 0 L 42
51 0 U 35
52 1 U 40
53 1 L 45
54 1 L 21
55 0 L 54
56 1 L 55
57 0 U 39
58 0 L 55
59 0 L 50
60 0 L 12
61 0 U 9
62
0 0 U -1
1 1 L 0
2 1 U 0
3 0 U -1
4 1 L -1
5 0 U 3
6 0 L -1
7 1 U -1
8 0 L 7
9 0 L 6
10 0 U 4
11 1 U 7
12 1 U 8
13 1 L 9
14 0 U 8
15 1 U 4
16 0 U -1
17 0 L 5
18 1 U 15
19 1 L 3
20 0 U 11
21 1 U 11
22 0 U 21
23 1 U 16
24 1 L 16
25 1 L 18
26 1 U 20
27 1 L 3
28 0 U 10
29 1 U 26
30 1 U 26
31 0 U 24
32 0 L 30
33 1 U 6
34 0 L 19
35 1 L -1
36 0 L 26
37 1 L 25
38 0 U -1
39 0 L 37
40 1 L -1
41 1 U 5
42 1 U 10
43 1 L 22
44 0 L 32
45 1 L 40
46 0 L 27
47 0 U 44
48 0 U 6
49 1 U 3
50 0 L 42
51 0 U 35
52 1 U 40
53 1 L 45
54 1 L 21
55 0 L 54
56 1 L 55
57 0 U 39
58 0 L 55
59 1 L 50
60 0 L 12
61 0 U 9
62
0 0 U -1
1 0 L 0
2 1 U 0
3 0 U -1
4 1 L -1
5 0 U 3
6 0 L -1
7 1 U -1
8 0 L 7
9 1 L 6
10 0 U 4
11 0 U 7
12 0 U 8
13 1 L 0
14 0 U 8
15 1 U 4
16 0 U -1
17 0 L 4
18 1 U 15
19 0 L 6
20 0 U 11
21 1 U 11
22 0 U 21
23 1 U 16
24 1 L 16
25 1 L 18
26 1 U 20
27 1 L 19
28 0 U 10
29 1 U 26
30 1 U 26
31 0 U 24
32 0 L 30
33 1 U 6
34 0 L 19
35 1 L -1
36 0 L 26
37 1 L 25
38 1 U -1
39 0 L 37
40 1 L -1
41 1 U 5
42 1 U 17
43 1 L 12
44 0 L 32
45 1 L 40
46 0 L 27
47 0 U 44
48 0 U 6
49 1 U 14
50 0 L 42
51 0 U 35
52 1 U 40
53 1 L 45
54 1 L 21
55 0 L 54
56 1 L 32
57 0 U 37
58 0 L 55
59 1 L 58
60 0 L 12
61 0 U 9
62
0 0 U -1
1 0 L 0
2 1 U 0
3 0 U -1
4 1 L -1
5 0 U 3
6 0 L -1
7 1 U -1
8 0 L 7
9 1 L 6
10 0 U 4
11 1 U 7
12 0 U 8
13 0 L 0
14 0 U 8
15 1 U 4
16 0 U -1
17 0 L 0
18 1 U 15
19 0 L 6
20 0 U 11
21 1 U 11
22 0 U 21
23 0 U 16
24 1 L 16
25 1 L 18
26 1 U 20
27 1 L 19
28 0 U 10
29 1 U 26
30 1 U 26
31 0 U 24
32 0 L 30
33 1 U 29
34 0 L 19
35 1 L -1
36 1 L 26
37 1 L 25
38 1 U -1
39 1 L 37
40 1 L -1
41 1 U 5
42 1 U 33
43 1 L 27
44 0 L 32
45 1 L 40
46 0 L 27
47 0 U 44
48 1 U 6
49 0 U 14
50 0 L 42
51 1 U 35
52 1 U 40
53 1 L 45
54 1 L 21
55 0 L 54
56 1 L 32
57 0 U 37
58 0 L 55
59 1 L 58
60 0 L 22
61 0 U 9
62
0 0 L -1
1 1 L 0
2 1 U 0
3 0 U -1
4 1 L -1
5 1 U 3
6 0 L -1
7 1 U -1
8 0 L 7
9 1 L 6
10 0 U 4
11 1 U 7
12 1 U 8
13 0 L 2
14 0 U 8
15 1 U 4
16 0 U -1
17 0 L 13
18 1 U 15
19 1 L 6
20 0 U 11
21 1 U 11
22 0 U 21
23 0 U 7
24 1 L 16
25 1 L 18
26 1 U 20
27 1 L 19
28 0 U 10
29 1 U 26
30 1 U 26
31 0 U 24
32 0 L 30
33 1 U 29
34 0 L 4
35 1 L -1
36 0 L 26
37 1 L 25
38 0 U 8
39 1 L 37
40 1 L -1
41 1 U 5
42 1 U 33
43 1 L 27
44 0 L 32
45 0 L 40
46 0 L 27
47 0 U 44
48 0 U 6
49 0 U 8
50 0 L 42
51 0 U 43
52 1 U 40
53 1 L 6
54 1 L 21
55 0 L 54
56 1 L 25
57 0 U 39
58 0 L 55
59 1 L 58
60 0 L 22
61 0 U 17
62
0 0 L -1
1 1 L 0
2 1 U 0
3 0 U -1
4 1 L -1
5 1 U 3
6 0 L -1
7 1 U -1
8 0 L 7
9 1 L 6
10 0 U 4
11 0 U 0
12 1 U 8
13 1 L 6
14 0 U -1
15 1 U 4
16 0 U -1
17 0 L 13
18 1 U 15
19 1 L 13
20 0 U 11
21 1 U 11
22 0 U 21
23 1 U 7
24 1 L 16
25 1 L 18
26 1 U 20
27 1 L 19
28 0 U 10
29 1 U 26
30 1 U 26
31 0 U 24
32 0 L 30
33 1 U 29
34 0 L 4
35 1 L -1
36 1 L 26
37 1 L 25
38 0 U 8
39 0 L 37
40 1 L -1
41 1 U 5
42 1 U 33
43 1 L 27
44 0 L 32
45 1 L 40
46 0 L 27
47 0 U 44
48 0 U 44
49 1 U 8
50 0 L 42
51 1 U 43
52 1 U 40
53 1 L 52
54 1 L 21
55 0 L 54
56 1 L 25
57 0 U 39
58 0 L 55
59 1 L 58
60 0 L 27
61 0 U 44
62
0 0 L -1
1 1 L 0
2 1 U 0
3 0 U -1
4 1 L -1
5 0 U 3
6 0 L -1
7 1 U -1
8 0 L 7
9 1 L 6
10 0 U 4
11 0 U 7
12 1 U 8
13 1 L 6
14 0 U -1
15 1 U 4
16 0 U -1
17 0 L 5
18 1 U 15
19 1 L 13
20 0 U 11
21 1 U 11
22 0 U 21
23 0 U 7
24 1 L 16
25 1 L 18
26 1 U 20
27 1 L 19
28 0 U 10
29 1 U 26
30 1 U 26
31 0 U 24
32 0 L 30
33 1 U 29
34 0 L 6
35 1 L -1
36 0 L 26
37 1 L 25
38 0 U 8
39 0 L 37
40 1 L -1
41 1 U 5
42 1 U 33
43 1 L 27
44 0 L 32
45 0 L 40
46 0 L 27
47 0 U 44
48 0 U 44
49 1 U 3
50 0 L 42
51 1 U 43
52 1 U 40
53 1 L 52
54 1 L 21
55 0 L 54
56 1 L 32
57 0 U 39
58 0 L 55
59 1 L 37
60 0 L 27
61 0 U 44
62
0 0 U -1
1 0 L 0
2 1 U 0
3 0 U -1
4 1 L -1
5 0 U 3
6 0 L -1
7 1 U -1
8 0 L 7
9 0 L 6
10 0 U 4
11 1 U 7
12 1 U 1
13 0 L 6
14 0 U -1
15 1 U 4
16 0 U -1
17 0 L 5
18 1 U 15
19 1 L 1
20 0 U 11
21 1 U 11
22 0 U 21
23 1 U 7
24 1 L 16
25 1 L 18
26 1 U 20
27 1 L 19
28 0 U 10
29 1 U 22
30 1 U 26
31 0 U 24
32 0 L 30
33 1 U 29
34 0 L 3
35 1 L -1
36 0 L 31
37 1 L 25
38 0 U 8
39 0 L 37
40 1 L -1
41 1 U 5
42 1 U 33
43 1 L 27
44 0 L 32
45 0 L 40
46 0 L 27
47 0 U 44
48 0 U 44
49 1 U 3
50 0 L 33
51 1 U 43
52 1 U 40
53 1 L 52
54 1 L 21
55 0 L 54
56 1 L 55
57 0 U 39
58 0 L 55
59 1 L 37
60 0 L 27
61 0 U 44
62
0 0 U -1
1 0 L 0
2 1 U 0
3 0 U -1
4 1 L -1
5 0 U 3
6 0 L -1
7 1 U -1
8 0 L 7
9 1 L 6
10 0 U 4
11 1 U 7
12 1 U 1
13 1 L 2
14 0 U 8
15 1 U 4
16 0 U -1
17 0 L 3
18 1 U 15
19 1 L 1
20 0 U 11
21 1 U 11
22 0 U 21
23 0 U 7
24 1 L 16
25 1 L 18
26 1 U 20
27 1 L 19
28 0 U 10
29 1 U 22
30 1 U 26
31 0 U 24
32 0 L 30
33 1 U 6
34 0 L 3
35 1 L -1
36 0 L 26
37 1 L 25
38 1 U -1
39 0 L 37
40 1 L -1
41 1 U 5
42 1 U 10
43 1 L 27
44 0 L 32
45 0 L 4
46 0 L 27
47 0 U 44
48 0 U 44
49 1 U 42
50 0 L 42
51 1 U 43
52 1 U 40
53 1 L 52
54 1 L 21
55 0 L 54
56 1 L 55
57 0 U 39
58 0 L 55
59 1 L 37
60 0 L 27
61 0 U 8
62
0 0 L -1
1 0 L 0
2 1 U 0
3 0 U -1
4 1 L -1
5 0 U 3
6 0 L -1
7 1 U -1
8 0 L 7
9 1 L 6
10 0 U 4
11 1 U 7
12 1 U 1
13 1 L 2
14 0 U 8
15 1 U 4
16 0 U -1
17 0 L 3
18 1 U 15
19 1 L 1
20 0 U 11
21 1 U 11
22 0 U 21
23 1 U 0
24 1 L 16
25 1 L 18
26 1 U 20
27 1 L 19
28 0 U 10
29 1 U 22
30 1 U 26
31 0 U 24
32 0 L 30
33 1 U 29
34 0 L 3
35 1 L -1
36 1 L 26
37 1 L 25
38 1 U -1
39 0 L 37
40 1 L -1
41 1 U 5
42 1 U 10
43 1 L 27
44 0 L 32
45 0 L 4
46 0 L 27
47 1 U 44
48 0 U 44
49 1 L 6
50 0 L 42
51 1 U 43
52 1 U 40
53 1 L 52
54 1 L 21
55 0 L 54
56 1 L 32
57 0 U 39
58 0 L 55
59 1 L 37
60 0 L 12
61 0 U 8
62
0 0 L -1
1 0 L 0
2 1 U 0
3 0 U -1
4 1 L -1
5 1 U 3
6 0 L -1
7 1 U -1
8 0 L 7
9 0 L 6
10 0 U 4
11 0 U 7
12 1 U 1
13 1 L 1
14 0 U -1
15 1 U 4
16 0 U -1
17 0 L 3
18 1 U 15
19 1 L 4
20 0 U 11
21 1 U 11
22 0 U 21
23 0 U 16
24 1 L 16
25 1 L 18
26 1 U 20
27 1 L 4
28 0 U 10
29 1 U 22
30 1 U 26
31 0 U 24
32 0 L 30
33 1 U 29
34 0 L 3
35 1 L -1
36 1 L 26
37 1 L 25
38 1 U -1
39 1 L 37
40 1 L -1
41 1 U 5
42 1 U 33
43 1 L 27
44 0 L 32
45 0 L 13
46 0 L 27
47 1 U 29
48 1 U 44
49 1 L 6
50 0 L 42
51 1 U 43
52 1 U 40
53 1 L 1
54 1 L 21
55 0 L 54
56 1 L 32
57 0 U 39
58 0 L 55
59 1 L 37
60 0 L 12
61 0 U 8
62
0 0 L -1
1 0 L 0
2 1 U 0
3 0 U -1
4 1 L -1
5 1 U 3
6 0 L -1
7 1 U -1
8 0 L 7
9 1 L 6
10 0 U 4
11 0 U 7
12 0 U 8
13 0 L 1
14 0 U -1
15 1 U 4
16 0 U -1
17 0 L -1
18 1 U 15
19 1 L 4
20 0 U 11
21 1 U 11
22 0 U 21
23 1 U 7
24 1 L 16
25 1 L 18
26 1 U 20
27 1 L 19
28 0 U 25
29 1 U 22
30 1 U 26
31 0 U 24
32 0 L 30
33 1 U 29
34 0 L 13
35 0 L -1
36 1 L 29
37 1 L 25
38 1 U -1
39 1 L 37
40 1 L -1
41 1 U 5
42 1 U 33
43 1 L 27
44 0 L 32
45 0 L 5
46 0 L 27
47 1 U 29
48 0 U 44
49 1 L 34
50 0 L 42
51 1 U 48
52 1 U 40
53 1 L 52
54 0 L 21
55 0 L 54
56 1 L 32
57 0 U 39
58 0 L 55
59 0 L 31
60 0 L 12
61 0 U 8
62
0 0 L -1
1 0 L 0
2 1 U 0
3 0 U -1
4 1 L -1
5 0 U 3
6 0 L -1
7 1 U -1
8 0 L 7
9 1 L 6
10 0 U 4
11 0 U 0
12 0 U 1
13 1 L 5
14 0 U 1
15 1 U 4
16 0 U -1
17 0 L -1
18 1 U 15
19 1 L 4
20 0 U 11
21 1 U 11
22 0 U 21
23 0 U 7
24 1 L 16
25 1 L 18
26 1 U 20
27 1 L 19
28 0 U 25
29 1 U 22
30 1 U 22
31 0 U 24
32 0 L 30
33 1 U 29
34 0 L 1
35 0 L -1
36 0 L 14
37 1 L 25
38 1 U -1
39 1 L 37
40 1 L -1
41 1 U 38
42 1 U 33
43 1 L 12
44 0 L 32
45 0 L 5
46 0 L 27
47 1 U 29
48 1 U 44
49 1 L 31
50 0 L 42
51 0 U 50
52 1 U 40
53 1 L 52
54 1 L 21
55 0 L 54
56 1 L 32
57 0 U 39
58 1 L 16
59 0 L 58
60 0 L 12
61 0 U -1
62
0 0 U -1
1 0 L 0
2 1 U 0
3 0 U -1
4 1 L -1
5 1 U 0
6 0 L -1
7 1 U -1
8 0 L 7
9 1 L 6
10 0 U 4
11 0 U 0
12 1 U 1
13 1 L -1
14 0 U 1
15 1 U 4
16 0 U -1
17 0 L 4
18 1 U 15
19 1 L 1
20 0 U 11
21 1 U 11
22 0 U 21
23 1 U 7
24 1 L 16
25 1 L 18
26 1 U 11
27 1 L 19
28 0 U 25
29 1 U 22
30 1 U 22
31 0 U 24
32 0 L 30
33 1 U 29
34 0 L 1
35 0 L -1
36 0 L 14
37 1 L 25
38 1 U -1
39 0 L 37
40 1 L -1
41 1 U 38
42 1 U 33
43 1 L 12
44 0 L 32
45 0 L 5
46 0 L 12
47 1 U 29
48 0 U 44
49 1 L 31
50 0 L 42
51 0 U 48
52 1 U 40
53 1 L 6
54 1 L 10
55 0 L 54
56 1 L 32
57 0 U 20
58 1 L 16
59 0 L 58
60 0 L 53
61 0 U -1
62
0 0 U -1
1 0 L 0
2 1 U 0
3 0 U -1
4 1 L -1
5 0 U 0
6 0 L -1
7 1 U -1
8 0 L 7
9 1 L 6
10 0 U 4
11 0 U 0
12 1 U 1
13 0 L 10
14 0 U 1
15 1 U 4
16 0 U -1
17 0 L 1
18 1 U 15
19 1 L 1
20 0 U 11
21 1 U 11
22 0 U 21
23 0 U 16
24 1 L 16
25 1 L 18
26 1 U 11
27 1 L 4
28 0 U 25
29 1 U 22
30 1 U 22
31 0 U 24
32 0 L 30
33 1 U 29
34 0 L 4
35 0 L -1
36 1 L 14
37 1 L 25
38 1 U -1
39 1 L 37
40 1 L -1
41 1 U 38
42 1 U 10
43 1 L 27
44 0 L 32
45 0 L 35
46 0 L 12
47 1 U 29
48 0 U 29
49 1 L 31
50 0 L 42
51 1 U 48
52 1 U 40
53 1 L 35
54 0 L 21
55 0 L 54
56 1 L 32
57 0 U 20
58 1 L 16
59 0 L 58
60 0 L 11
61 0 U -1
62
0 0 U -1
1 0 L 0
2 1 U 0
3 0 U -1
4 1 L -1
5 1 U 4
6 0 L -1
7 1 U -1
8 0 L 7
9 1 L 6
10 0 U 4
11 0 U 0
12 0 U 1
13 0 L 10
14 0 U 1
15 1 U 4
16 0 U -1
17 0 L 3
18 1 U 15
19 1 L 1
20 0 U 11
21 1 U 11
22 0 U 21
23 0 U 16
24 1 L 16
25 1 L 18
26 1 U 11
27 1 L 1
28 0 U 25
29 1 U 22
30 1 U 22
31 0 U 24
32 0 L 30
33 1 U 29
34 0 L 4
35 0 L -1
36 1 L 14
37 1 L 25
38 1 U -1
39 0 L 37
40 1 L -1
41 1 U 38
42 0 U 10
43 1 L 27
44 0 L 25
45 0 L 4
46 0 L 12
47 1 U 29
48 1 U 29
49 1 L 31
50 0 L 26
51 1 U 48
52 1 U 40
53 1 L 35
54 0 L 21
55 1 L 54
56 1 L 49
57 0 U 20
58 1 L 32
59 1 L 58
60 0 L 11
61 0 U -1
62
0 0 U -1
1 0 L 0
2 1 U 0
3 0 U -1
4 1 L -1
5 1 U 3
6 0 L -1
7 1 U -1
8 0 L 7
9 1 L 6
10 0 U 4
11 0 U 0
12 1 U 1
13 1 L 0
14 0 U 1
15 1 U 4
16 0 U -1
17 0 L 1
18 1 U 15
19 0 L -1
20 0 U 11
21 1 U 11
22 0 U 21
23 1 U 16
24 1 L 16
25 1 L 18
26 1 U 11
27 1 L 1
28 0 U 11
29 1 U 22
30 1 U 22
31 0 U 24
32 0 L 30
33 1 U 29
34 0 L 4
35 1 L -1
36 1 L 34
37 1 L 25
38 0 U -1
39 1 L 37
40 1 L -1
41 1 U 7
42 0 U 17
43 1 L 12
44 0 L 25
45 0 L 1
46 0 L 12
47 0 U 19
48 1 U 29
49 1 L 31
50 0 L 26
51 1 U 48
52 1 U 40
53 1 L 52
54 1 L 21
55 1 L 54
56 1 L 49
57 0 U 39
58 1 L 32
59 1 L 58
60 0 L 11
61 0 U -1
62
0 0 U -1
1 0 L 0
2 1 U 0
3 0 U -1
4 1 L -1
5 1 U 0
6 0 L -1
7 1 U -1
8 0 L 7
9 1 L 6
10 0 U 4
11 0 U 0
12 1 U 1
13 1 L 0
14 0 U 1
15 1 U 4
16 0 U -1
17 0 L 5
18 1 U 15
19 1 L -1
20 0 U 11
21 1 U 11
22 0 U 21
23 0 U 16
24 1 L 16
25 1 L 18
26 1 U 11
27 1 L 1
28 0 U 11
29 1 U 22
30 1 U 22
31 0 U 24
32 0 L 30
33 1 U 29
34 0 L 1
35 0 L -1
36 0 L 34
37 1 L 25
38 0 U -1
39 0 L 37
40 1 L -1
41 1 U 7
42 0 U 17
43 1 L 27
44 0 L 25
45 0 L 6
46 0 L 12
47 1 U 19
48 1 U 29
49 1 L 31
50 0 L 28
51 1 U 48
52 1 U 40
53 1 L 52
54 0 L 21
55 1 L 54
56 1 L 49
57 0 U 39
58 1 L 32
59 1 L 58
60 0 L 11
61 0 U -1
62
0 0 L -1
1 0 L 0
2 1 U 0
3 0 U -1
4 1 L -1
5 1 U 3
6 0 L -1
7 1 U -1
8 0 L 7
9 1 L 6
10 0 U 4
11 0 U 0
12 1 U 1
13 1 L 0
14 0 U 1
15 1 U 4
16 0 U -1
17 0 L 5
18 1 U 15
19 0 L 0
20 0 U 11
21 1 U 11
22 0 U 21
23 0 U 16
24 1 L 16
25 1 L 18
26 1 U 25
27 1 L 1
28 0 U 11
29 1 U 22
30 1 U 22
31 0 U 24
32 0 L 30
33 1 U 29
34 0 L 1
35 0 L -1
36 0 L 34
37 1 L 25
38 0 U -1
39 0 L 37
40 1 L -1
41 1 U 7
42 0 U 10
43 1 L 11
44 0 L 25
45 0 L 6
46 0 L 12
47 1 U 13
48 1 U 44
49 1 L 31
50 0 L 28
51 1 U 48
52 1 U 40
53 1 L 52
54 1 L 21
55 1 L 54
56 1 L 37
57 0 U 39
58 1 L 32
59 1 L 58
60 0 L 11
61 0 U -1
62
0 0 L -1
1 0 L 0
2 1 U 0
3 0 U -1
4 1 L -1
5 1 U 0
6 0 L -1
7 1 U -1
8 0 L 7
9 1 L 6
10 0 U 4
11 0 U 0
12 0 U 1
13 1 U 8
14 0 U 1
15 1 U 4
16 0 U -1
17 0 L 1
18 1 U 15
19 1 L -1
20 0 U 11
21 1 U 11
22 0 U 21
23 1 U 16
24 1 L 16
25 1 L 18
26 1 U 25
27 1 L 1
28 0 U 11
29 1 U 22
30 1 U 22
31 0 U 24
32 0 L 30
33 1 U 29
34 0 L 1
35 0 L -1
36 1 L 14
37 1 L 25
38 0 U -1
39 0 L 37
40 1 L -1
41 1 U 7
42 0 U 10
43 1 L 11
44 0 L 25
45 0 L 35
46 0 L 12
47 0 U 29
48 1 U 44
49 1 L 31
50 0 L 33
51 1 U 48
52 1 U 40
53 1 L 1
54 0 L 21
55 1 L 54
56 1 L 54
57 0 U 37
58 0 L 55
59 1 L 47
60 0 L 11
61 0 U -1
62
0 0 L -1
1 0 L 0
2 1 U 0
3 0 U -1
4 1 L -1
5 0 U 3
6 0 L -1
7 1 U -1
8 0 L 7
9 1 L 6
10 0 U 4
11 0 U 0
12 0 U 1
13 0 U -1
14 0 U 1
15 1 U 4
16 0 U -1
17 0 L 1
18 1 U 15
19 1 U 0
20 0 U 11
21 1 U 11
22 0 U 21
23 1 U 16
24 1 L 16
25 1 L 18
26 1 U 25
27 1 L 4
28 0 U 11
29 1 U 22
30 1 U 22
31 0 U 24
32 0 L 30
33 1 U 29
34 0 L 1
35 1 L -1
36 1 U 3
37 1 L 25
38 1 U -1
39 1 L 37
40 1 L -1
41 1 U 5
42 0 U 10
43 1 L 11
44 0 L 25
45 0 L 4
46 0 L 12
47 0 U 44
48 0 U 32
49 1 L 31
50 0 L 28
51 1 U 47
52 1 U 40
53 1 L 1
54 1 L 21
55 1 L 54
56 1 L 54
57 0 U 37
58 1 L 55
59 0 L 47
60 0 L 53
61 0 U -1
62
0 0 L -1
1 0 L 0
2 1 U 0
3 0 U -1
4 1 L -1
5 0 U 0
6 0 L -1
7 1 U -1
8 0 L 7
9 1 L 6
10 0 U 4
11 0 U 0
12 1 U 8
13 1 L 10
14 0 U 8
15 1 U 4
16 0 U -1
17 0 L 6
18 1 U 15
19 0 L -1
20 0 U 11
21 1 U 11
22 0 U 21
23 1 U 16
24 1 L 16
25 1 L 18
26 1 U 20
27 1 L 4
28 0 U 11
29 1 U 22
30 1 U 26
31 0 U 24
32 0 L 30
33 1 U 29
34 0 L 1
35 1 L -1
36 0 U 3
37 1 L 25
38 0 U -1
39 0 L 37
40 1 L -1
41 1 U 0
42 0 U 10
43 1 L 11
44 0 L 25
45 0 L 5
46 0 L 12
47 0 U 44
48 1 U 44
49 0 L 26
50 0 L 28
51 0 U 47
52 1 U 40
53 1 L 1
54 1 L 46
55 1 L 54
56 1 L 16
57 0 U 37
58 0 L 55
59 1 L 47
60 0 L 53
61 0 U 48
62
0 0 U -1
1 0 L 0
2 1 U 0
3 0 U -1
4 1 L -1
5 1 U 0
6 0 L -1
7 1 U -1
8 0 L 7
9 1 L 6
10 0 U 4
11 0 U 0
12 0 U 1
13 0 L 2
14 0 U 1
15 1 U 4
16 0 U -1
17 0 L 4
18 1 U 15
19 0 L 17
20 0 U 11
21 1 U 11
22 0 U 21
23 1 U 16
24 1 L 16
25 1 L 18
26 1 U 20
27 1 L 1
28 0 U 25
29 1 U 22
30 1 U 26
31 0 U 24
32 0 L 30
33 1 U 29
34 0 L 1
35 1 L -1
36 0 U 3
37 1 L 25
38 0 U -1
39 0 L 37
40 1 L -1
41 1 U 0
42 0 U 10
43 1 L 11
44 0 L 25
45 0 L 3
46 0 L 12
47 0 U 44
48 0 U 44
49 0 L 40
50 0 L 28
51 0 U 47
52 1 U 40
53 1 L 52
54 0 L 46
55 1 L 14
56 1 L 16
57 0 U 37
58 0 L 55
59 1 L 47
60 0 L 53
61 0 U 48
62
0 0 U -1
1 0 L 0
2 1 U 0
3 0 U -1
4 1 L -1
5 1 U 3
6 0 L -1
7 1 U -1
8 0 L 7
9 1 L 6
10 0 U 4
11 0 U 0
12 0 U 8
13 0 L 2
14 0 U 1
15 1 U 4
16 0 U -1
17 0 L 3
18 1 U 15
19 1 L 17
20 0 U 11
21 1 U 11
22 0 U 21
23 1 U 16
24 1 L 16
25 1 L 18
26 1 U 20
27 1 L 13
28 0 U 25
29 1 U 22
30 1 U 22
31 0 U 24
32 0 L 30
33 1 U 29
34 0 L 1
35 1 L -1
36 1 L 33
37 1 L 25
38 0 U -1
39 0 L 37
40 1 L -1
41 1 U 0
42 0 U 10
43 1 L 22
44 0 L 25
45 0 L 3
46 0 L 12
47 0 U 44
48 1 U 44
49 0 L 40
50 0 L 28
51 0 U 35
52 1 U 40
53 1 L 13
54 0 L 46
55 1 L 14
56 1 L 16
57 0 U 20
58 0 L 55
59 0 L 47
60 0 L 53
61 0 U 48
62
0 0 U -1
1 0 L 0
2 1 U 0
3 0 U -1
4 1 L -1
5 1 U 0
6 0 L -1
7 1 U -1
8 0 L 7
9 1 L 6
10 0 U 4
11 0 U 0
12 0 U 1
13 1 L 2
14 0 U 1
15 1 U 4
16 0 U -1
17 0 L 3
18 1 U 15
19 0 L 6
20 0 U 11
21 1 U 11
22 0 U 21
23 1 U 7
24 1 L 16
25 1 L 18
26 1 U 20
27 1 L 13
28 0 U 25
29 1 U 22
30 1 U 22
31 0 U 24
32 0 L 30
33 1 U 29
34 0 L 1
35 1 L -1
36 1 L 33
37 1 L 25
38 1 U -1
39 0 L 37
40 1 L -1
41 1 U 0
42 0 U 10
43 1 L 22
44 0 L 25
45 0 L 14
46 0 L 12
47 0 U 44
48 1 U 44
49 0 L 31
50 0 L 33
51 0 U -1
52 1 U 40
53 1 L 13
54 0 L 46
55 1 L 14
56 1 L 16
57 0 U 20
58 0 L 55
59 1 L 47
60 0 L 53
61 0 U 50
62
0 0 L -1
1 0 L 0
2 1 U 0
3 0 U -1
4 1 L -1
5 1 U 0
6 0 L -1
7 1 U -1
8 0 L 7
9 1 L 6
10 0 U 4
11 0 U 0
12 1 U 1
13 1 L 2
14 0 U 1
15 1 U 4
16 0 U -1
17 0 L 2
18 1 U 15
19 1 L 6
20 0 U 11
21 1 U 11
22 0 U 21
23 0 U 0
24 1 L 16
25 1 L 18
26 1 U 11
27 1 L 13
28 0 U 11
29 1 U 22
30 1 U 22
31 0 U 24
32 0 L 30
33 1 U 29
34 0 L 3
35 1 L -1
36 0 L 0
37 1 L 25
38 1 U -1
39 1 L 37
40 1 L -1
41 1 U 24
42 0 U 33
43 1 L 22
44 0 L 32
45 0 L 14
46 0 L 12
47 0 U 44
48 0 U 6
49 1 U 40
50 0 L 33
51 0 U 1
52 1 U 40
53 1 L 13
54 0 L 46
55 1 L 14
56 1 L 32
57 0 U 20
58 0 L 55
59 1 L 47
60 0 L 53
61 0 U 42
62
0 0 L -1
1 0 L 0
2 1 U 0
3 0 U -1
4 1 L -1
5 0 U 3
6 0 L -1
7 1 U -1
8 0 L 7
9 1 L 6
10 0 U 4
11 0 U 0
12 1 U 1
13 1 L 2
14 0 U 1
15 1 U 4
16 0 U -1
17 0 L 1
18 1 U 15
19 1 L 6
20 0 U 11
21 1 U 11
22 0 U 21
23 1 U 0
24 1 L 16
25 1 L 18
26 1 U 11
27 1 L 13
28 0 U 11
29 1 U 22
30 1 U 28
31 0 U 24
32 0 L 30
33 1 U 29
34 0 L 13
35 1 L -1
36 0 L 33
37 1 L 25
38 1 U -1
39 1 L 37
40 1 L -1
41 1 U 24
42 0 U 33
43 1 L 22
44 0 L 32
45 0 L 14
46 0 L 12
47 0 U 44
48 1 U 6
49 1 L 40
50 0 L 32
51 0 U 1
52 1 U 40
53 1 L 19
54 0 L 46
55 1 L 14
56 1 L 32
57 0 U 20
58 0 L 55
59 1 L 47
60 0 L 53
61 0 U 42
62
0 0 U -1
1 1 L 0
2 1 U 0
3 0 U -1
4 1 L -1
5 1 U 3
6 0 L -1
7 1 U -1
8 0 L 7
9 1 L 6
10 0 U 4
11 0 U 0
12 0 U 8
13 1 L 2
14 0 U 8
15 1 U 4
16 0 U -1
17 1 L 0
18 1 U 15
19 0 L 11
20 0 U 11
21 1 U 11
22 0 U 21
23 0 U 16
24 1 L 16
25 1 L 18
26 1 U 11
27 1 L 13
28 0 U 11
29 1 U 22
30 1 U 28
31 0 U 24
32 0 L 30
33 1 U 29
34 0 L 13
35 1 L -1
36 0 L 33
37 1 L 25
38 1 U -1
39 0 L 37
40 1 L -1
41 1 U 24
42 0 U 33
43 1 L 22
44 0 L 32
45 0 L 14
46 0 L 12
47 0 U 44
48 1 U 6
49 0 L 40
50 0 L 25
51 0 U 1
52 1 U 40
53 1 L 6
54 0 L 46
55 1 L 43
56 1 U 45
57 0 U 20
58 0 L 55
59 1 L 47
60 0 L 27
61 0 U 42
62
0 0 U -1
1 1 L 0
2 1 U 0
3 0 U -1
4 1 L -1
5 1 U 3
6 0 L -1
7 1 U -1
8 0 L 7
9 1 L 6
10 0 U 4
11 0 U 0
12 0 U 1
13 0 L 6
14 0 U 8
15 1 U 4
16 0 U -1
17 1 L 0
18 1 U 15
19 0 L 0
20 0 U 11
21 1 U 11
22 0 U 21
23 0 U 12
24 1 L 16
25 1 L 18
26 1 U 11
27 1 L 13
28 0 U 25
29 1 U 22
30 1 U 28
31 0 U 24
32 0 L 30
33 1 U 29
34 0 L 13
35 1 L -1
36 1 L 33
37 1 L 25
38 1 U -1
39 1 L 37
40 1 L -1
41 1 U 24
42 0 U 33
43 1 L 22
44 0 L 32
45 0 L 14
46 0 L 12
47 0 U 32
48 0 U 6
49 1 L 45
50 0 L 25
51 0 U 8
52 1 U 40
53 1 L 6
54 0 L 46
55 1 L 43
56 1 L 45
57 0 U 20
58 0 L 55
59 0 L 47
60 0 L 27
61 0 U 42
62
0 0 L -1
1 1 L 0
2 1 U 0
3 0 U -1
4 1 L -1
5 0 U 3
6 0 L -1
7 1 U -1
8 0 L 7
9 1 L 6
10 0 U 4
11 0 U 0
12 0 U 1
13 0 L 6
14 0 U 8
15 1 U 4
16 0 U -1
17 1 L 0
18 1 U 15
19 0 L -1
20 0 U 11
21 1 U 11
22 0 U 21
23 1 U 12
24 1 L 16
25 1 L 18
26 1 U 25
27 1 L 13
28 0 U 25
29 1 U 22
30 1 U 28
31 0 U 24
32 0 L 30
33 1 U 29
34 0 L 13
35 1 L -1
36 0 L 2
37 1 L 25
38 1 U -1
39 1 L 37
40 1 L -1
41 1 U 7
42 0 U 33
43 1 L 22
44 0 L 32
45 0 L 36
46 0 L 12
47 0 L 32
48 1 U 29
49 1 L 45
50 0 L 25
51 1 U 8
52 1 U 40
53 1 L 6
54 0 L 46
55 1 L 43
56 1 L 55
57 0 U 20
58 0 L 55
59 1 L 47
60 0 L 27
61 0 U 27
62
0 0 U -1
1 0 L 0
2 1 U 0
3 0 U -1
4 1 L -1
5 0 U 0
6 0 L -1
7 1 U -1
8 0 L 7
9 1 L 6
10 0 U 4
11 0 U 0
12 0 U 1
13 0 L 6
14 0 U 1
15 1 U 4
16 0 U -1
17 1 L 0
18 1 U 15
19 1 L 6
20 0 U 11
21 1 U 11
22 0 U 21
23 1 U 16
24 1 L 16
25 1 L 18
26 1 U 25
27 1 L 13
28 0 U 25
29 1 U 22
30 1 U 28
31 0 U 24
32 0 L 30
33 1 U 29
34 0 L 13
35 1 L -1
36 1 L 2
37 1 L 25
38 1 U -1
39 0 L 37
40 1 L -1
41 1 U 0
42 0 U 33
43 1 L 22
44 0 L 32
45 0 L 36
46 0 L 12
47 0 L 32
48 0 U 29
49 1 L 45
50 0 L 25
51 0 U 8
52 1 U 40
53 1 L 52
54 0 L 46
55 1 L 43
56 0 L 55
57 0 U 39
58 1 L 28
59 0 L 47
60 0 L 27
61 0 U 48
62
0 0 L -1
1 0 L 0
2 1 U 0
3 0 U -1
4 1 L -1
5 1 U 0
6 0 L -1
7 1 U -1
8 0 L 7
9 1 L 6
10 0 U 4
11 1 U 7
12 0 U 8
13 0 L 6
14 0 U 1
15 1 U 4
16 0 U -1
17 1 L 0
18 1 U 15
19 0 L 0
20 0 U 11
21 1 U 11
22 0 U 21
23 1 U 16
24 1 L 16
25 1 L 18
26 1 U 25
27 1 L 13
28 1 U 25
29 1 U 4
30 1 U 28
31 0 U 24
32 0 L 30
33 1 U 29
34 0 L 13
35 1 L -1
36 0 L 35
37 1 L 25
38 1 U -1
39 0 L 37
40 1 L -1
41 1 U 0
42 0 U 33
43 1 L 22
44 0 L 32
45 0 L 4
46 0 L 12
47 0 L 32
48 1 U 29
49 1 L 45
50 0 L 25
51 0 U 8
52 1 U 40
53 1 L 52
54 0 L 46
55 1 L 43
56 0 L 55
57 0 U 39
58 0 L 28
59 1 L 47
60 0 L 27
61 0 U 48
62
0 0 U -1
1 0 L 0
2 1 U 0
3 0 U -1
4 1 L -1
5 1 U 3
6 0 L -1
7 1 U -1
8 0 L 7
9 1 L 6
10 0 U 4
11 0 U 7
12 1 U 8
13 0 L 6
14 0 U 1
15 1 U 4
16 0 U -1
17 1 L 0
18 1 U 15
19 0 L 0
20 0 U 11
21 1 U 11
22 0 U 21
23 0 U 16
24 1 L 16
25 1 L 18
26 1 U 25
27 1 L 4
28 1 U 25
29 1 U 4
30 1 U 28
31 0 U 5
32 0 L 30
33 1 U 29
34 0 L 3
35 1 L -1
36 0 L 2
37 1 L 25
38 1 U -1
39 0 L 37
40 1 L -1
41 1 U 7
42 0 U 33
43 1 L 22
44 0 L 32
45 0 L 13
46 0 L 12
47 0 L 32
48 1 U 29
49 1 L 45
50 0 L 25
51 0 U 8
52 1 U 40
53 1 L 52
54 0 L 46
55 1 L 18
56 0 L 55
57 0 U 39
58 0 L 28
59 0 L 47
60 0 L 27
61 0 U 35
62
0 0 L -1
1 0 L 0
2 1 U 0
3 0 U -1
4 1 L -1
5 0 U 3
6 0 L -1
7 1 U -1
8 0 L 7
9 1 L 6
10 0 U 4
11 1 U 0
12 1 U 1
13 0 L 1
14 0 U 1
15 1 U 4
16 0 U -1
17 1 L 0
18 1 U 15
19 1 L 17
20 0 U 11
21 1 U 11
22 0 U 21
23 1 U 16
24 1 L 16
25 1 L 18
26 1 U 25
27 1 L 4
28 1 U 25
29 1 U 4
30 1 U 28
31 0 U 5
32 0 L 30
33 1 U 29
34 0 L 4
35 1 L -1
36 0 L 33
37 1 L 25
38 1 U -1
39 0 L 37
40 1 L -1
41 1 U 7
42 0 U 33
43 1 L 27
44 0 L 32
45 0 L 4
46 0 L 12
47 0 L 32
48 1 U 29
49 1 L 45
50 0 L 25
51 0 U 8
52 1 U 40
53 1 L 6
54 0 L 46
55 1 L 18
56 0 L 55
57 0 U 39
58 1 L 28
59 1 L 47
60 0 L 27
61 0 U 35
62
0 0 U -1
1 0 L 0
2 1 U 0
3 0 U -1
4 1 L -1
5 0 U 0
6 0 L -1
7 1 U -1
8 0 L 7
9 1 L 6
10 0 U 4
11 1 U 0
12 0 U 1
13 0 L 0
14 0 U 1
15 1 U 4
16 0 U -1
17 0 L 0
18 1 U 15
19 1 L 17
20 0 U 11
21 1 U 11
22 0 U 21
23 0 U 7
24 1 L 16
25 1 L 18
26 1 U 20
27 1 L 4
28 1 U 25
29 1 U 4
30 1 U 22
31 0 U 24
32 0 L 30
33 1 U 29
34 0 L 1
35 1 L -1
36 1 L 35
37 1 L 25
38 1 U -1
39 1 L 37
40 1 L -1
41 1 U 7
42 0 U 33
43 1 L 27
44 0 L 32
45 0 L 4
46 0 L 12
47 0 L 25
48 1 U 29
49 1 L 33
50 0 L 25
51 0 U 8
52 1 U 40
53 1 L 52
54 0 L 46
55 1 L 18
56 0 L 55
57 0 U 39
58 0 L 28
59 0 L 47
60 0 L 27
61 0 U 56
62
0 0 L -1
1 0 L 0
2 1 U 0
3 0 U -1
4 1 L -1
5 1 U 3
6 0 L -1
7 1 U -1
8 0 L 7
9 1 L 6
10 0 U 4
11 1 U 0
12 1 U 1
13 0 L 10
14 0 U 1
15 1 U 4
16 0 U -1
17 0 L 1
18 1 U 15
19 1 L 2
20 0 U 11
21 1 U 11
22 0 U 21
23 0 U 7
24 1 L 16
25 1 L 18
26 1 U 20
27 1 L 4
28 1 U 25
29 1 U 4
30 1 U 22
31 0 U 5
32 0 L 30
33 1 U 29
34 0 L 1
35 1 L -1
36 1 L 35
37 1 L 25
38 1 U -1
39 0 L 37
40 1 L -1
41 1 U 7
42 0 U 33
43 1 L 27
44 0 L 32
45 0 L 3
46 0 L 12
47 0 L 32
48 0 U 29
49 1 L 33
50 0 L 25
51 0 U 8
52 1 U 40
53 1 L 1
54 0 L 46
55 1 L 18
56 0 L 55
57 0 U 39
58 0 L 28
59 0 L 47
60 0 L 27
61 0 U 56
62
0 0 U -1
1 0 L 0
2 1 U 0
3 0 U -1
4 1 L -1
5 1 U 3
6 0 L -1
7 1 U -1
8 0 L 7
9 1 L 6
10 0 U 4
11 1 U 0
12 1 U 1
13 0 L 10
14 0 U 1
15 1 U 4
16 0 U -1
17 0 L 5
18 1 U 15
19 1 L 2
20 0 U 11
21 1 U 11
22 0 U 21
23 0 U 0
24 1 L 16
25 1 L 18
26 1 U 20
27 1 L 4
28 1 U 25
29 1 U 4
30 1 U 4
31 0 U 5
32 0 L 30
33 1 U 29
34 0 L 1
35 1 L -1
36 1 L 0
37 1 L 25
38 1 U -1
39 1 L 37
40 1 L -1
41 1 U 7
42 0 U 33
43 1 L 27
44 0 L 32
45 0 L 3
46 0 L 12
47 0 L 32
48 0 U 29
49 1 L 33
50 0 L 25
51 0 U 8
52 1 U 40
53 1 L 1
54 0 L 46
55 1 L 18
56 0 L 55
57 0 U 39
58 1 L 28
59 0 L 47
60 0 L 45
61 0 U 27
62
0 0 U -1
1 0 L 0
2 1 U 0
3 0 U -1
4 1 L -1
5 0 U 3
6 0 L -1
7 1 U -1
8 0 L 7
9 1 L 6
10 0 U 4
11 1 U 7
12 1 U 1
13 1 L 10
14 0 U 1
15 1 U 4
16 0 U -1
17 0 L 6
18 1 U 15
19 0 U 16
20 0 U 11
21 1 U 11
22 0 U 21
23 0 U 7
24 1 L 0
25 1 L 18
26 1 U 25
27 1 L 4
28 1 U 25
29 1 U 4
30 1 U 4
31 0 U 5
32 0 L 30
33 1 U 29
34 0 L 6
35 1 L -1
36 0 U 0
37 1 L 25
38 0 U -1
39 0 L 37
40 1 L -1
41 1 U 7
42 0 U 33
43 1 L 27
44 0 L 32
45 0 L 3
46 0 L 27
47 0 L 32
48 0 U 29
49 1 L 33
50 0 L 25
51 1 U 13
52 1 U 40
53 1 L 1
54 0 L 46
55 1 L 18
56 0 L 55
57 0 U 39
58 0 L 28
59 0 L 47
60 0 L 45
61 0 U 27
62
0 0 U -1
1 0 L 0
2 1 U 0
3 0 U -1
4 1 L -1
5 0 U 3
6 0 L -1
7 1 U -1
8 0 L 7
9 1 L 6
10 0 U 4
11 0 U 7
12 0 U 1
13 0 L 10
14 0 U 8
15 1 U 4
16 0 U -1
17 0 L 3
18 1 U 15
19 1 U 0
20 0 U 11
21 1 U 11
22 0 U 21
23 0 U 0
24 1 L 0
25 1 L 18
26 1 U 25
27 1 L 4
28 1 U 25
29 1 U 4
30 1 U 28
31 0 U 5
32 0 L 30
33 1 U 29
34 0 L 6
35 1 L -1
36 0 U 0
37 1 L 25
38 0 U -1
39 1 L 37
40 1 L -1
41 1 U 19
42 0 U 33
43 1 L 22
44 0 L 32
45 0 L 3
46 0 L 27
47 0 L 25
48 1 U 29
49 1 L 33
50 0 L 36
51 1 U -1
52 1 U 40
53 1 L 1
54 0 L 46
55 1 L 18
56 0 L 55
57 0 U 39
58 1 L 28
59 1 L 58
60 0 L 45
61 0 U 27
62
0 0 U -1
1 0 L 0
2 1 U 0
3 0 U -1
4 1 L -1
5 0 U 3
6 0 L -1
7 1 U -1
8 0 L 7
9 1 L 6
10 0 U 4
11 1 U 7
12 0 U 8
13 0 L 2
14 0 U 1
15 1 U 4
16 0 U -1
17 0 L 4
18 1 U 15
19 1 U 0
20 0 U 11
21 1 U 11
22 0 U 21
23 1 U 0
24 1 L 0
25 1 L 18
26 1 U 25
27 1 L 4
28 1 U 25
29 1 U 4
30 1 U 4
31 0 U 5
32 0 L 30
33 1 U 29
34 0 L 3
35 1 L -1
36 0 U 0
37 1 L 25
38 0 U -1
39 0 L 37
40 1 L -1
41 1 U 19
42 0 U 33
43 1 L 12
44 0 L 32
45 0 L 3
46 0 L 27
47 0 L 25
48 1 U 29
49 1 L 33
50 0 L 32
51 0 U -1
52 1 U 40
53 1 L 1
54 0 L 46
55 1 L 18
56 0 L 28
57 0 U 39
58 1 L 28
59 1 L 58
60 0 L 45
61 0 U 27
62
0 0 U -1
1 0 L 0
2 1 U 0
3 0 U -1
4 1 L -1
5 1 U 3
6 0 L -1
7 1 U -1
8 0 L 7
9 1 L 6
10 0 U 4
11 1 U 7
12 0 U 1
13 0 L 2
14 0 U 1
15 1 U 4
16 0 U -1
17 0 L 13
18 1 U 15
19 1 L 6
20 0 U 11
21 1 U 11
22 0 U 21
23 0 U 7
24 1 L 0
25 1 L 18
26 1 U 25
27 1 L 4
28 1 U 25
29 1 U 4
30 1 U 4
31 0 U 5
32 0 L 30
33 1 U 29
34 0 L 3
35 1 L -1
36 0 U 0
37 1 L 25
38 1 U -1
39 0 L 37
40 1 L -1
41 1 U 14
42 0 U 33
43 1 L 12
44 0 L 32
45 0 L 3
46 0 L 27
47 0 L 25
48 1 U 29
49 1 L 33
50 0 L 32
51 0 U -1
52 1 U 40
53 1 L 13
54 0 L 46
55 1 L 18
56 0 L 28
57 0 U 39
58 0 L 28
59 1 L 58
60 0 L 45
61 0 U 27
62
0 0 L -1
1 0 L 0
2 1 U 0
3 0 U -1
4 1 L -1
5 1 U 3
6 0 L -1
7 1 U -1
8 1 L 7
9 1 L 6
10 0 U 4
11 0 U 7
12 0 U 1
13 1 L 2
14 0 U 1
15 1 U 4
16 0 U -1
17 0 L 4
18 1 U 15
19 0 L 1
20 0 U 11
21 1 U 11
22 0 U 21
23 0 U 7
24 1 L 0
25 1 L 18
26 1 U 25
27 1 L 4
28 1 U 25
29 1 U 4
30 1 U 4
31 0 U 5
32 0 L 30
33 1 U 29
34 0 L 19
35 1 L -1
36 0 U 0
37 1 L 25
38 1 U -1
39 0 L 37
40 1 L -1
41 0 U 14
42 0 U 33
43 1 L 22
44 0 L 32
45 0 L 3
46 0 L 27
47 0 L 25
48 0 U 29
49 1 L 33
50 0 L 32
51 0 U -1
52 1 U 40
53 1 L 52
54 0 L 46
55 1 L 18
56 0 L 28
57 0 U 39
58 0 L 28
59 1 L 58
60 0 L 45
61 0 U 27
