34
0 0 U -1
1 0 U -1
2 0 U -1
3 0 U -1
4 0 U -1
5 0 U -1
6 0 U -1
7 0 U -1
8 0 U -1
9 0 U -1
10 0 U -1
11 0 U -1
12 0 U -1
13 0 U -1
14 0 U -1
15 0 U -1
16 0 U -1
17 0 U -1
18 0 U -1
19 0 U -1
20 0 U -1
21 0 U -1
22 0 U -1
23 0 U -1
24 0 U -1
25 0 U -1
26 0 U -1
27 0 U -1
28 0 U -1
29 0 U -1
30 0 U -1
31 0 U -1
32 0 U -1
33 0 U -1
34
0 1 L -1
1 1 L -1
2 0 U -1
3 0 U -1
4 1 U -1
5 1 L 1
6 0 U -1
7 0 L 5
8 0 U -1
9 1 U 6
10 0 L -1
11 0 U 10
12 1 U 9
13 0 U 6
14 0 L 10
15 1 L 12
16 1 L 12
17 1 L 10
18 1 L 9
19 1 U 4
20 1 U -1
21 0 U 15
22 1 L -1
23 1 U 4
24 1 L 14
25 1 U 14
26 0 U 25
27 1 U 9
28 0 U -1
29 1 L 22
30 0 U 10
31 0 L 2
32 0 U 28
33 1 L 31
34
0 0 U -1
1 1 L -1
2 0 U -1
3 0 U -1
4 1 U -1
5 0 L 0
6 0 U -1
7 1 L 5
8 0 U -1
9 0 U 6
10 0 L -1
11 0 U 10
12 0 U 9
13 0 U 6
14 0 L 10
15 1 L 12
16 1 L 12
17 0 L 10
18 1 L 9
19 0 U 4
20 1 U -1
21 0 U 15
22 1 L -1
23 1 U 19
24 0 U 19
25 1 L 17
26 0 U 10
27 1 U 7
28 0 U -1
29 1 L 11
30 0 U 15
31 0 L 29
32 0 U 28
33 1 L 31
34
0 0 L -1
1 1 L -1
2 0 U -1
3 0 U -1
4 1 U -1
5 0 L 0
6 0 U -1
7 1 L 5
8 0 U -1
9 0 U 6
10 0 L -1
11 0 U 10
12 0 U 9
13 0 U 6
14 0 L 5
15 1 L 12
16 1 L 12
17 0 L 10
18 1 L 9
19 1 U 4
20 1 U -1
21 0 U 14
22 1 L -1
23 1 U 4
24 1 L 16
25 1 L 17
26 0 U 25
27 0 U 9
28 0 U -1
29 0 L 22
30 0 U 27
31 0 L 29
32 1 U 28
33 1 L 31
34
0 0 U -1
1 1 L -1
2 0 U -1
3 0 U -1
4 1 U -1
5 0 L 0
6 0 U -1
7 0 L 5
8 0 U -1
9 0 U 6
10 0 L -1
11 0 U 10
12 0 U 9
13 0 U 6
14 0 L 10
15 1 L 12
16 1 L 12
17 0 L 10
18 1 L 9
19 1 U 6
20 1 U -1
21 0 U 14
22 1 L -1
23 1 U 4
24 1 L 14
25 1 L 19
26 0 U 15
27 1 U 7
28 0 U -1
29 1 L 22
30 0 U 15
31 0 L 29
32 0 U 28
33 1 L 31
34
0 0 U -1
1 1 L -1
2 0 U -1
3 0 U -1
4 1 U -1
5 0 L 0
6 0 U -1
7 0 L 5
8 0 U -1
9 0 U 6
10 0 L -1
11 0 U 10
12 0 U 9
13 0 U 6
14 0 L 10
15 1 L 12
16 0 L 12
17 0 L 10
18 1 L 9
19 0 U 4
20 1 U -1
21 0 U 15
22 0 L -1
23 0 U 5
24 1 L 18
25 1 L 14
26 0 U 15
27 1 U 7
28 0 U -1
29 0 L 1
30 0 U 15
31 0 L 29
32 0 U 3
33 1 L 31
34
0 0 U -1
1 1 L -1
2 0 U -1
3 0 U -1
4 1 U -1
5 0 L 0
6 0 U -1
7 1 L 5
8 0 U -1
9 0 U 6
10 0 L -1
11 0 U 10
12 0 U 9
13 0 U 6
14 1 L 5
15 1 L 12
16 1 L 12
17 0 L 10
18 1 L 9
19 1 U 4
20 1 U -1
21 0 U 14
22 1 L -1
23 1 U 6
24 1 U 9
25 1 L 17
26 0 U 15
27 1 U 24
28 0 U -1
29 0 L 22
30 0 U 27
31 0 L 17
32 1 U 28
33 1 L 31
34
0 0 U -1
1 1 L -1
2 0 U -1
3 0 U -1
4 1 U -1
5 0 L 0
6 0 U -1
7 1 L 5
8 0 U -1
9 0 U 6
10 0 L -1
11 0 U 10
12 0 U 9
13 0 U 6
14 0 L 5
15 1 L 12
16 1 L 12
17 1 L 10
18 1 L 9
19 1 U 6
20 1 U -1
21 0 U 13
22 1 L -1
23 1 U 20
24 1 U 9
25 1 L 19
26 0 U 15
27 1 U 7
28 0 U -1
29 0 L 22
30 0 U 27
31 0 L 29
32 1 U 28
33 1 L 31
34
0 0 U -1
1 1 L -1
2 0 U -1
3 0 U -1
4 1 U -1
5 0 L 0
6 0 U -1
7 1 L 5
8 0 U -1
9 0 U 6
10 0 L -1
11 0 U 10
12 0 U 9
13 0 U 6
14 0 L 5
15 1 L 12
16 1 L 12
17 1 L 10
18 1 L 9
19 1 U 4
20 1 U -1
21 0 U 12
22 1 L -1
23 1 U 20
24 1 U 9
25 1 L 17
26 0 U 15
27 1 U 24
28 0 U -1
29 0 L 22
30 0 U 27
31 0 L 29
32 1 U 28
33 1 L 7
34
0 0 L -1
1 1 L -1
2 0 U -1
3 0 U -1
4 1 U -1
5 0 L 0
6 0 U -1
7 1 L 5
8 0 U -1
9 0 U 6
10 0 L -1
11 0 U 10
12 0 U 9
13 0 U 6
14 0 L 10
15 1 L 12
16 1 L 12
17 1 L 10
18 1 L 9
19 1 U 6
20 1 U -1
21 0 U 14
22 1 L -1
23 1 U 20
24 1 U 18
25 1 L 14
26 0 U 25
27 1 U 9
28 0 U -1
29 0 L 22
30 0 U 27
31 0 L 29
32 1 U 28
33 1 L 31
34
0 0 U -1
1 1 L -1
2 0 U -1
3 0 U -1
4 1 U -1
5 0 L 0
6 0 U -1
7 1 L 5
8 0 U -1
9 0 U 6
10 0 L -1
11 0 U 10
12 0 U 9
13 0 U 6
14 0 L 10
15 1 L 12
16 1 L 12
17 1 L 10
18 1 L 9
19 1 U 4
20 1 U -1
21 0 U 14
22 1 L -1
23 1 U 4
24 1 U 21
25 1 L 17
26 0 U 15
27 0 U 9
28 0 U -1
29 0 L 22
30 0 U 27
31 0 L 29
32 1 U 28
33 1 L 7
34
0 0 L -1
1 1 L -1
2 0 U -1
3 0 U -1
4 1 U -1
5 0 L 0
6 0 U -1
7 1 L 5
8 0 U -1
9 0 U 6
10 0 L -1
11 0 U 10
12 0 U 9
13 0 U 6
14 0 L 10
15 1 L 12
16 1 L 12
17 1 L 10
18 1 L 9
19 1 U 4
20 1 U -1
21 0 U 12
22 1 L -1
23 1 U 4
24 1 U 23
25 1 L 14
26 0 U 15
27 0 U 9
28 0 U -1
29 0 L 22
30 0 U 27
31 0 L 29
32 1 U 28
33 1 L 31
34
0 0 L -1
1 1 L -1
2 0 U -1
3 0 U -1
4 1 U -1
5 0 L 0
6 0 U -1
7 1 L 5
8 0 U -1
9 0 U 6
10 0 L -1
11 0 U 10
12 0 U 9
13 0 U 6
14 0 L 10
15 1 L 12
16 1 L 12
17 0 L 10
18 1 L 9
19 1 U 6
20 1 U -1
21 0 U 14
22 1 L -1
23 1 U 4
24 1 U 21
25 1 L 14
26 0 U 10
27 1 U 9
28 0 U -1
29 0 L 22
30 0 U 27
31 0 L 17
32 1 U 28
33 1 L 31
34
0 0 U -1
1 1 L -1
2 0 U -1
3 0 U -1
4 1 U -1
5 0 L 0
6 0 U -1
7 1 L 5
8 0 U -1
9 0 U 6
10 0 L -1
11 0 U 10
12 0 U 9
13 0 U 6
14 0 L 10
15 1 L 12
16 1 L 12
17 0 L 10
18 1 L 9
19 1 U 4
20 1 U -1
21 0 U 12
22 1 L -1
23 1 U 6
24 1 U 21
25 1 L 14
26 0 U 25
27 1 U 9
28 0 U -1
29 0 L 22
30 0 U 27
31 0 L 17
32 1 U 28
33 1 L 31
34
0 0 L -1
1 1 L -1
2 0 U -1
3 0 U -1
4 1 U -1
5 0 L 0
6 0 U -1
7 1 L 5
8 0 U -1
9 0 U 6
10 0 L -1
11 0 U 10
12 0 U 9
13 0 U 6
14 0 L 5
15 1 L 12
16 1 L 12
17 0 L 10
18 1 L 9
19 1 U 4
20 1 U -1
21 0 U 14
22 1 L -1
23 1 U 20
24 1 U 21
25 1 L 17
26 0 U 15
27 1 U 9
28 0 U -1
29 0 L 22
30 0 U 27
31 0 L 17
32 1 U 28
33 1 L 31
34
0 0 L -1
1 1 L -1
2 0 U -1
3 0 U -1
4 1 U -1
5 0 L 0
6 0 U -1
7 1 L 5
8 0 U -1
9 0 U 6
10 0 L -1
11 0 U 10
12 0 U 9
13 0 U 6
14 0 L 10
15 1 L 12
16 1 L 12
17 0 L 10
18 1 L 9
19 1 U 6
20 1 U -1
21 0 U 12
22 1 L -1
23 1 U 4
24 1 U 23
25 1 L 17
26 0 U 25
27 1 U 9
28 0 U -1
29 0 L 22
30 0 U 27
31 0 L 17
32 1 U 28
33 1 L 31
34
0 0 L -1
1 1 L -1
2 0 U -1
3 0 U -1
4 1 U -1
5 0 L 0
6 0 U -1
7 1 L 5
8 0 U -1
9 0 U 6
10 0 L -1
11 0 U 10
12 0 U 9
13 0 U 6
14 1 L 5
15 1 L 12
16 1 L 12
17 0 L 10
18 1 L 9
19 1 U 6
20 1 U -1
21 0 U 12
22 1 L -1
23 1 U 20
24 1 U 13
25 0 L 17
26 0 U 25
27 1 U 7
28 0 U -1
29 0 L 22
30 0 U 25
31 0 L 17
32 1 U 3
33 1 L 31
34
0 0 L -1
1 1 L -1
2 0 U -1
3 0 U -1
4 1 U -1
5 0 L 0
6 0 U -1
7 1 L 5
8 0 U -1
9 0 U 6
10 0 L -1
11 0 U 10
12 0 U 9
13 0 U 6
14 1 L 10
15 1 L 12
16 1 L 12
17 0 L 10
18 1 L 9
19 1 U 6
20 1 U -1
21 0 U 12
22 1 L -1
23 1 U 20
24 1 U 21
25 1 L 17
26 0 U 25
27 1 U 9
28 0 U -1
29 0 L 22
30 0 U 27
31 0 L 17
32 1 U 28
33 1 L 31
34
0 0 U -1
1 1 L -1
2 0 U -1
3 0 U -1
4 1 U -1
5 0 L 0
6 0 U -1
7 1 L 5
8 0 U -1
9 0 U 6
10 0 L -1
11 0 U 10
12 0 U 9
13 0 U 6
14 1 L 2
15 1 L 12
16 1 L 12
17 0 L 10
18 1 L 9
19 1 U 4
20 1 U -1
21 0 U 14
22 1 L -1
23 1 U 20
24 1 U 13
25 1 L 17
26 0 U 10
27 1 U 9
28 0 U -1
29 0 L 22
30 0 U 14
31 0 L 17
32 1 U 28
33 1 L 31
34
0 0 U -1
1 1 L -1
2 0 U -1
3 0 U -1
4 1 U -1
5 0 L 0
6 0 U -1
7 1 L 5
8 0 U -1
9 0 U 6
10 0 L -1
11 0 U 10
12 0 U 9
13 0 U 6
14 0 L 5
15 1 L 12
16 1 L 12
17 0 L 10
18 1 L 9
19 1 U 4
20 1 U -1
21 0 U 14
22 1 L -1
23 1 U 4
24 1 U 21
25 1 L 17
26 0 U 15
27 1 U 9
28 0 U -1
29 0 L 22
30 0 U 27
31 0 L 17
32 1 U 28
33 1 L 31
34
0 0 L -1
1 1 L -1
2 0 U -1
3 0 U -1
4 1 U -1
5 0 L 0
6 0 U -1
7 1 L 5
8 0 U -1
9 0 U 6
10 0 L -1
11 0 U 10
12 0 U 9
13 0 U 6
14 0 L 5
15 1 L 12
16 1 L 12
17 0 L 10
18 1 L 9
19 1 U 4
20 1 U -1
21 0 U 14
22 1 L -1
23 1 U 4
24 1 U 21
25 1 L 17
26 0 U 10
27 0 U 9
28 0 U -1
29 0 L 22
30 0 U 27
31 0 L 17
32 1 U 28
33 1 L 31
34
0 0 L -1
1 1 L -1
2 0 U -1
3 0 U -1
4 1 U -1
5 0 L 0
6 0 U -1
7 1 L 5
8 0 U -1
9 0 U 6
10 0 L -1
11 0 U 10
12 0 U 9
13 0 U 6
14 0 L 10
15 1 L 12
16 1 L 12
17 0 L 10
18 1 L 9
19 1 U 6
20 1 U -1
21 0 U 14
22 1 L -1
23 1 U 6
24 1 U 18
25 1 L 14
26 0 U 15
27 0 U 9
28 0 U -1
29 0 L 22
30 0 U 27
31 0 L 17
32 1 U 28
33 1 L 31
34
0 0 L -1
1 1 L -1
2 0 U -1
3 0 U -1
4 1 U -1
5 0 L 0
6 0 U -1
7 1 L 5
8 0 U -1
9 0 U 6
10 0 L -1
11 0 U 10
12 0 U 9
13 0 U 6
14 0 L 5
15 1 L 12
16 1 L 12
17 0 L 10
18 1 L 9
19 1 U 4
20 1 U -1
21 0 U 14
22 1 L -1
23 1 U 4
24 1 U 21
25 1 L 17
26 0 U 10
27 0 U 9
28 0 U -1
29 0 L 22
30 0 U 27
31 0 L 17
32 1 U 28
33 1 L 31
34
0 0 L -1
1 1 L -1
2 0 U -1
3 0 U -1
4 1 U -1
5 0 L 0
6 0 U -1
7 1 L 5
8 0 U -1
9 0 U 6
10 0 L -1
11 0 U 10
12 0 U 9
13 0 U 6
14 0 L 5
15 1 L 12
16 1 L 12
17 0 L 10
18 1 L 9
19 1 U 6
20 1 U -1
21 0 U 12
22 1 L -1
23 1 U 4
24 1 U 21
25 1 L 17
26 0 U 10
27 0 U 9
28 0 U -1
29 0 L 22
30 0 U 27
31 0 L 17
32 1 U 28
33 1 L 31
34
0 0 U -1
1 1 L -1
2 0 U -1
3 0 U -1
4 1 U -1
5 0 L 0
6 0 U -1
7 1 L 5
8 0 U -1
9 0 U 6
10 0 L -1
11 0 U 10
12 0 U 9
13 0 U 6
14 0 L 5
15 1 L 12
16 1 L 12
17 0 L 10
18 1 L 9
19 1 U 4
20 1 U -1
21 0 U 12
22 1 L -1
23 1 U 20
24 1 U 13
25 1 L 17
26 0 U 15
27 1 U 9
28 0 U -1
29 0 L 22
30 0 U 27
31 0 L 17
32 1 U 28
33 1 L 31
34
0 0 U -1
1 1 L -1
2 0 U -1
3 0 U -1
4 1 U -1
5 0 L 0
6 0 U -1
7 1 L 5
8 0 U -1
9 0 U 6
10 0 L -1
11 0 U 10
12 0 U 9
13 0 U 6
14 0 L 10
15 1 L 12
16 1 L 12
17 0 L 10
18 1 L 9
19 1 U 4
20 1 U -1
21 0 U 12
22 1 L -1
23 1 U 6
24 1 U 21
25 1 L 17
26 0 U 10
27 1 U 9
28 0 U -1
29 0 L 22
30 0 U 27
31 0 L 17
32 1 U 28
33 1 L 31
34
0 0 L -1
1 1 L -1
2 0 U -1
3 0 U -1
4 1 U -1
5 0 L 0
6 0 U -1
7 1 L 5
8 0 U -1
9 0 U 6
10 0 L -1
11 0 U 10
12 0 U 9
13 0 U 6
14 0 L 10
15 1 L 12
16 1 L 12
17 0 L 10
18 1 L 9
19 1 U 4
20 1 U -1
21 0 U 12
22 1 L -1
23 1 U 4
24 1 U 14
25 1 L 17
26 0 U 10
27 1 U 9
28 0 U -1
29 0 L 22
30 0 U 27
31 0 L 17
32 1 U 28
33 1 L 31
34
0 0 L -1
1 1 L -1
2 0 U -1
3 0 U -1
4 1 U -1
5 0 L 0
6 0 U -1
7 1 L 5
8 0 U -1
9 0 U 6
10 0 L -1
11 0 U 10
12 0 U 9
13 0 U 6
14 0 L 10
15 1 L 12
16 1 L 12
17 0 L 10
18 1 L 9
19 1 U 4
20 1 U -1
21 0 U 12
22 1 L -1
23 1 U 6
24 1 U 21
25 1 L 17
26 0 U 15
27 1 U 9
28 0 U -1
29 0 L 22
30 0 U 27
31 0 L 17
32 1 U 28
33 1 L 31
