57
0 0 U -1
1 0 U -1
2 0 U -1
3 0 U -1
4 0 U -1
5 0 U -1
6 0 U -1
7 0 U -1
8 0 U -1
9 0 U -1
10 0 U -1
11 0 U -1
12 0 U -1
13 0 U -1
14 0 U -1
15 0 U -1
16 0 U -1
17 0 U -1
18 0 U -1
19 0 U -1
20 0 U -1
21 0 U -1
22 0 U -1
23 0 U -1
24 0 U -1
25 0 U -1
26 0 U -1
27 0 U -1
28 0 U -1
29 0 U -1
30 0 U -1
31 0 U -1
32 0 U -1
33 0 U -1
34 0 U -1
35 0 U -1
36 0 U -1
37 0 U -1
38 0 U -1
39 0 U -1
40 0 U -1
41 0 U -1
42 0 U -1
43 0 U -1
44 0 U -1
45 0 U -1
46 0 U -1
47 0 U -1
48 0 U -1
49 0 U -1
50 0 U -1
51 0 U -1
52 0 U -1
53 0 U -1
54 0 U -1
55 0 U -1
56 0 U -1
57
0 0 L -1
1 0 U 0
2 0 U 0
3 0 L -1
4 0 U 0
5 0 U 1
6 1 U 1
7 1 U 5
8 0 L -1
9 1 U 0
10 1 U -1
11 1 U -1
12 0 L 2
13 0 L 2
14 1 U -1
15 0 L 13
16 1 L 7
17 0 L -1
18 0 U 16
19 1 L -1
20 1 L -1
21 1 U 16
22 0 L 20
23 0 L 13
24 0 U 15
25 1 L 4
26 1 U 12
27 1 U 15
28 1 U 22
29 0 L 5
30 1 U 21
31 0 L 0
32 0 L -1
33 1 L 29
34 1 L 14
35 0 U 0
36 0 L 33
37 1 L 36
38 1 U 3
39 0 U -1
40 1 U 8
41 0 L 34
42 1 L 32
43 1 L 34
44 0 U 38
45 0 L 7
46 1 U 0
47 0 U 13
48 1 U 16
49 1 L 47
50 1 L 41
51 1 U 31
52 0 U 36
53 1 L 27
54 1 U 46
55 0 L 8
56 1 L 6
57
0 0 L -1
1 0 U 0
2 0 U 0
3 0 L -1
4 0 U 0
5 0 U 1
6 1 U 1
7 1 U 2
8 0 L -1
9 1 U -1
10 0 U -1
11 0 U -1
12 0 L 2
13 0 L 2
14 1 U -1
15 1 L 5
16 0 L 7
17 0 L -1
18 0 L 16
19 0 L -1
20 1 L -1
21 1 L 11
22 0 L 20
23 0 L 6
24 0 U 7
25 1 L 4
26 1 U 15
27 1 U 23
28 1 U 22
29 0 L 5
30 0 U 8
31 0 L 20
32 0 L -1
33 1 L 29
34 1 L 18
35 0 U 0
36 0 L 33
37 1 L 36
38 1 U 3
39 0 U -1
40 1 U 15
41 1 L 34
42 1 L 32
43 1 L 37
44 0 U 38
45 0 L 7
46 0 U 0
47 1 L 41
48 0 U 46
49 1 U 47
50 1 L 41
51 0 U 33
52 0 U 16
53 1 L 27
54 1 U 18
55 0 L 8
56 1 L 6
57
0 0 L -1
1 0 U 0
2 0 U 0
3 0 L -1
4 0 U 0
5 0 U 1
6 1 U 1
7 1 U 2
8 0 L -1
9 1 U 0
10 0 U -1
11 0 U -1
12 0 L 2
13 0 L 2
14 1 U -1
15 1 L 5
16 1 L 7
17 0 L -1
18 0 L 16
19 0 L -1
20 1 L -1
21 1 L 11
22 0 L 20
23 1 L 6
24 1 L 20
25 1 L 4
26 1 U 7
27 1 U 8
28 1 U 22
29 0 L 13
30 1 U 7
31 0 L 0
32 0 L -1
33 1 L 29
34 1 L 18
35 0 U 0
36 0 L 33
37 1 L 36
38 1 L 5
39 0 U -1
40 1 U 8
41 1 L 34
42 1 L 8
43 1 L 37
44 0 U 15
45 0 L 7
46 0 U 0
47 1 U 41
48 1 U 46
49 0 U 47
50 1 L 41
51 0 L 25
52 0 U 5
53 1 L 38
54 0 U 46
55 0 L 17
56 1 L 38
57
0 0 L -1
1 0 U 0
2 0 U 0
3 0 L -1
4 0 U 1
5 0 U 2
6 1 U 1
7 1 U 2
8 0 L -1
9 1 U 0
10 0 U -1
11 0 U -1
12 1 L 2
13 0 L 2
14 0 U -1
15 0 L 11
16 1 L 7
17 0 L -1
18 0 L 16
19 0 L 0
20 1 L -1
21 1 U 16
22 0 L 20
23 1 L 6
24 0 L 13
25 1 L 4
26 0 U 7
27 0 U 26
28 1 U 22
29 0 L 13
30 0 U 7
31 0 L 1
32 0 L -1
33 1 L 29
34 0 L 18
35 0 U 0
36 0 L 27
37 1 L 14
38 0 L 13
39 0 U -1
40 1 U 21
41 0 L 34
42 1 L 19
43 1 L 37
44 0 U 21
45 0 L 7
46 0 U -1
47 1 U 41
48 1 U 18
49 1 U 47
50 1 L 43
51 1 L 28
52 1 U 46
53 1 L -1
54 1 U 46
55 0 L 3
56 0 L 38
57
0 0 U -1
1 0 U 0
2 0 U 0
3 0 L -1
4 0 U 1
5 0 U 1
6 1 U 1
7 1 U 2
8 0 L -1
9 1 U 0
10 0 U -1
11 0 U 0
12 0 L 2
13 0 L 2
14 0 U -1
15 0 U 1
16 0 L 7
17 0 L -1
18 0 L 16
19 0 L 1
20 1 L -1
21 1 L 16
22 0 L 20
23 1 L 6
24 1 L 5
25 1 L 4
26 0 U 24
27 0 U 26
28 1 U 13
29 0 L 13
30 0 U 7
31 0 L 1
32 0 L -1
33 1 L 29
34 1 L 18
35 0 U 0
36 0 L 27
37 1 L 36
38 0 L 6
39 0 U -1
40 1 U 8
41 0 L 34
42 1 L 19
43 1 L 37
44 0 U 21
45 0 L 7
46 0 U -1
47 1 U 41
48 1 U 4
49 0 U 47
50 1 L 43
51 0 L 27
52 1 U 46
53 1 L 16
54 1 U 46
55 0 L 22
56 0 L 28
57
0 0 L -1
1 0 U 0
2 0 U 0
3 0 L -1
4 0 U 1
5 0 U 1
6 1 U 1
7 1 U 2
8 0 L -1
9 1 U 0
10 0 U -1
11 0 U -1
12 0 L 2
13 1 L 2
14 0 U -1
15 0 U 1
16 1 L 7
17 0 L -1
18 0 L 16
19 1 L 0
20 1 L -1
21 1 L 16
22 0 L 20
23 1 L 6
24 1 L 7
25 1 L 4
26 0 U 24
27 0 U 26
28 1 U 22
29 0 L 5
30 0 U 24
31 0 L 1
32 0 L -1
33 1 L 29
34 0 L 18
35 0 U 0
36 0 L 27
37 1 L 36
38 0 L 29
39 0 U -1
40 1 U 8
41 0 L 34
42 1 L 3
43 1 L 37
44 0 U 7
45 0 L 7
46 0 U -1
47 1 U 41
48 1 U 4
49 0 U 47
50 1 L 43
51 0 L 24
52 1 U 46
53 1 U 16
54 0 U 46
55 0 L 22
56 1 L 5
57
0 0 U -1
1 0 U 0
2 0 U 0
3 0 L -1
4 0 U 1
5 0 U 0
6 1 U 0
7 1 U 2
8 0 L -1
9 0 U -1
10 1 U -1
11 1 U 0
12 1 L 2
13 0 L 2
14 1 U -1
15 0 U 1
16 0 L 7
17 0 L -1
18 0 L 16
19 0 L 2
20 1 L -1
21 1 L 16
22 0 L 20
23 1 L 20
24 1 L 7
25 1 L 4
26 1 U 24
27 0 L 26
28 1 U 22
29 0 L 5
30 0 U 24
31 0 L 29
32 1 L -1
33 1 L 29
34 1 L 18
35 0 U 0
36 0 L 24
37 1 L 36
38 1 L 37
39 0 U -1
40 0 U 7
41 0 L 34
42 0 L 3
43 1 L 37
44 0 U 7
45 0 L 33
46 0 U -1
47 1 U 41
48 1 U 4
49 1 U 38
50 1 L 43
51 0 U 3
52 1 U 46
53 0 U 16
54 0 U 6
55 0 L 32
56 0 L 5
57
0 0 U -1
1 0 U 0
2 0 U 0
3 0 L -1
4 0 U 1
5 0 U 0
6 1 U 0
7 1 U 2
8 0 L -1
9 0 U -1
10 1 U -1
11 0 U 0
12 1 L 2
13 1 L 2
14 1 U -1
15 0 U 1
16 1 L 7
17 0 L -1
18 0 L 16
19 1 L 2
20 1 L -1
21 1 L 16
22 0 L 20
23 0 L 20
24 1 L 11
25 1 L 4
26 1 U 24
27 0 L 26
28 1 U 22
29 0 L 28
30 0 U 24
31 0 L 20
32 0 L -1
33 1 L 29
34 1 L 18
35 0 U -1
36 0 L 11
37 1 L 36
38 0 L 37
39 0 U 0
40 0 U 8
41 1 L 34
42 1 L 3
43 1 L 37
44 1 U 7
45 0 L 33
46 0 U -1
47 1 U 41
48 1 U 44
49 0 U 38
50 1 L 41
51 0 L 18
52 1 U 4
53 1 U 16
54 0 U 18
55 0 L 17
56 1 L 5
57
0 0 L -1
1 0 U 0
2 0 U 0
3 0 L -1
4 0 U 1
5 0 U 0
6 1 U 0
7 1 U 2
8 0 L -1
9 0 U -1
10 0 U -1
11 0 U 0
12 1 L 2
13 1 L 2
14 0 U -1
15 0 U 1
16 0 L 7
17 0 L -1
18 0 L 16
19 0 U 2
20 1 L -1
21 1 L 14
22 0 L 20
23 1 L 0
24 1 L 7
25 0 L -1
26 1 U 24
27 0 L 26
28 1 L 13
29 0 L 28
30 0 U 24
31 0 L 8
32 0 L -1
33 1 L 29
34 1 L 18
35 0 U -1
36 0 L 33
37 1 L 36
38 0 L 37
39 0 U -1
40 0 U 8
41 0 L 17
42 1 L 8
43 1 L 37
44 1 U 21
45 0 L 7
46 0 U -1
47 1 U 13
48 1 U 44
49 0 U 20
50 1 L 43
51 0 U 3
52 0 U 46
53 1 U 52
54 1 U 46
55 0 L 17
56 1 L 5
57
0 0 U -1
1 0 U 0
2 0 U 0
3 0 L -1
4 0 U 1
5 0 U 0
6 1 U 0
7 1 U 2
8 0 L -1
9 0 U -1
10 0 U -1
11 1 U -1
12 1 L 2
13 1 L 2
14 0 U -1
15 0 U 1
16 0 L 7
17 0 L -1
18 0 L 16
19 0 U 2
20 1 L -1
21 1 L 14
22 0 L 20
23 1 L 1
24 1 L 15
25 1 L 16
26 1 U 24
27 0 L 26
28 1 L 13
29 0 L 28
30 0 U 24
31 0 L 23
32 0 L -1
33 1 L 29
34 1 L 14
35 0 U -1
36 0 L 33
37 1 L 36
38 0 L 37
39 0 U -1
40 0 U 8
41 0 L 3
42 1 L 17
43 1 L 37
44 1 U 21
45 0 L 7
46 0 U -1
47 1 U 13
48 1 U 44
49 0 U 38
50 1 L 43
51 0 U 46
52 0 U 46
53 1 U 52
54 0 U 46
55 0 L 8
56 1 L 5
57
0 0 U -1
1 0 U 0
2 0 U 0
3 0 L -1
4 0 U 0
5 0 U 1
6 1 U 0
7 1 U 2
8 0 L -1
9 0 U -1
10 0 U -1
11 1 U -1
12 1 L 2
13 0 L 2
14 0 U -1
15 0 U 1
16 1 L 7
17 0 L -1
18 0 L 16
19 0 U 2
20 1 L -1
21 1 L 18
22 0 L 20
23 1 L 1
24 1 L 15
25 0 L 2
26 1 U 24
27 0 L 26
28 1 L 5
29 0 L 28
30 0 U 24
31 0 L 23
32 0 L -1
33 1 L 29
34 1 L 14
35 0 U -1
36 0 L 33
37 1 L 36
38 0 L 37
39 0 U -1
40 0 U 8
41 1 L 29
42 1 L 8
43 1 L 37
44 1 U 21
45 0 L 7
46 0 U -1
47 1 U 13
48 1 U 44
49 0 U 33
50 1 L 43
51 1 U 20
52 0 U 46
53 1 L 52
54 1 U 19
55 0 L 2
56 0 L 13
57
0 0 L -1
1 0 U 0
2 0 U 0
3 0 L -1
4 0 U 1
5 0 U 1
6 1 U -1
7 1 U 2
8 0 L -1
9 0 U -1
10 0 U -1
11 1 U -1
12 1 L 3
13 1 L 2
14 1 U -1
15 0 U 1
16 0 L 7
17 0 L -1
18 0 L 16
19 0 U 10
20 1 L -1
21 1 L 18
22 0 L 20
23 1 L 20
24 1 L 7
25 1 U 19
26 1 U 24
27 0 L 26
28 1 L 13
29 0 L 28
30 0 U 24
31 0 L 23
32 0 L -1
33 1 L 29
34 1 L 14
35 0 U -1
36 0 L 33
37 1 L 11
38 0 L 24
39 0 U -1
40 0 U 21
41 0 L 31
42 1 L 8
43 1 L 37
44 1 U 21
45 0 L 29
46 0 U -1
47 1 U 13
48 1 U 17
49 1 U 47
50 1 L 43
51 1 L 42
52 0 U 38
53 1 L 17
54 1 U 19
55 0 L 32
56 1 L 51
57
0 0 U -1
1 0 U 0
2 0 U 0
3 0 L -1
4 0 U 0
5 0 U 1
6 1 U -1
7 1 U 2
8 0 L -1
9 0 U -1
10 0 U -1
11 1 U -1
12 1 L 3
13 0 L 2
14 1 U -1
15 0 U 1
16 0 L 7
17 0 L -1
18 0 L 16
19 0 U 10
20 1 L -1
21 1 L 18
22 0 L 20
23 0 L 20
24 1 L 7
25 1 U 10
26 1 U 24
27 1 L 9
28 1 L 5
29 0 L 28
30 0 U 24
31 0 L 23
32 0 L -1
33 1 L 29
34 1 L 14
35 0 U -1
36 0 L 33
37 1 L 11
38 0 L 24
39 0 U -1
40 0 U 8
41 0 L 31
42 1 L 32
43 1 L 37
44 1 U 21
45 0 L 29
46 0 U -1
47 1 U 22
48 1 U 17
49 0 U 47
50 1 L 39
51 0 L 42
52 0 U 19
53 1 L 8
54 0 U 19
55 0 L 17
56 1 L 51
57
0 0 L -1
1 0 U 0
2 0 U 0
3 0 L -1
4 0 U 0
5 0 U 1
6 1 U -1
7 1 U 2
8 0 L -1
9 0 U -1
10 0 U -1
11 1 U -1
12 1 L 3
13 0 L 2
14 1 U 0
15 0 U 1
16 1 L 7
17 0 L -1
18 0 L 16
19 0 U 10
20 1 L -1
21 1 L 18
22 0 L 20
23 1 L 0
24 1 L 7
25 0 U 13
26 0 U 24
27 0 L 6
28 1 L 5
29 0 L 28
30 0 U 24
31 0 L 17
32 1 L -1
33 1 L 29
34 0 L 14
35 0 U -1
36 0 L 33
37 1 L 11
38 0 U 2
39 0 U -1
40 0 U 21
41 0 L 34
42 1 L 17
43 1 L 37
44 1 U 21
45 0 L 26
46 0 U -1
47 1 U 22
48 0 U 44
49 0 U 47
50 1 L 39
51 1 U 20
52 1 U 19
53 1 U 3
54 1 U 19
55 0 L 17
56 1 L 13
57
0 0 U -1
1 0 U 0
2 0 U 0
3 0 L -1
4 0 U 0
5 0 U 1
6 1 U -1
7 1 U 2
8 0 L -1
9 0 U -1
10 0 U -1
11 1 U -1
12 0 L 3
13 0 L 2
14 1 U -1
15 0 U 1
16 0 L 7
17 0 L -1
18 0 L 11
19 0 U 10
20 1 L -1
21 1 L 14
22 0 L 20
23 1 L 1
24 1 L 7
25 1 U 5
26 0 U 24
27 0 L 9
28 1 L 13
29 0 L 28
30 0 U 24
31 0 L 14
32 0 L -1
33 1 L 29
34 1 L 14
35 0 U -1
36 0 L 33
37 1 L 11
38 0 U 2
39 0 U -1
40 0 U 7
41 0 L 26
42 1 L 23
43 1 L 35
44 1 U 21
45 0 L 26
46 0 U -1
47 1 U 22
48 1 U 44
49 1 U 47
50 1 L 39
51 1 L 23
52 0 U 19
53 1 L 23
54 1 U 19
55 0 L 17
56 1 L 13
57
0 0 U -1
1 0 U 0
2 0 U 0
3 0 L 1
4 0 U 0
5 0 U 1
6 1 U -1
7 1 U 2
8 0 L 0
9 0 U -1
10 0 U -1
11 1 U -1
12 0 L 3
13 1 L 2
14 1 U -1
15 0 U 1
16 0 L 7
17 0 L -1
18 0 L 11
19 0 U 10
20 1 L -1
21 1 L 14
22 0 L 20
23 0 L 1
24 1 L 7
25 1 U 18
26 0 U 24
27 1 L 5
28 1 L 13
29 0 L 28
30 0 U 24
31 0 L 14
32 0 L -1
33 1 L 29
34 1 L 18
35 0 U -1
36 0 L 33
37 1 L 11
38 0 U 2
39 0 U -1
40 0 U 21
41 1 L 27
42 1 L 17
43 1 L 19
44 1 U 24
45 0 L 26
46 0 U -1
47 0 U 22
48 0 U 44
49 1 U 20
50 1 L 39
51 0 L 32
52 0 U 19
53 1 L 6
54 1 U 15
55 1 L 51
56 1 L 55
57
0 0 L -1
1 0 U 0
2 0 U 0
3 0 L 1
4 0 U 0
5 0 U 1
6 1 U -1
7 1 U 2
8 0 L 0
9 0 U -1
10 0 U -1
11 1 U -1
12 0 L 3
13 1 L 2
14 1 U -1
15 0 U 1
16 0 L 7
17 0 L -1
18 0 L 11
19 0 U 10
20 1 L -1
21 1 L 16
22 0 L 20
23 1 L 1
24 1 L 15
25 0 U 2
26 0 U 24
27 0 L 12
28 1 L 13
29 0 L 28
30 0 U 24
31 0 L 14
32 0 L -1
33 1 L 29
34 1 L 18
35 0 U -1
36 0 L 33
37 1 L 11
38 0 U 18
39 0 U -1
40 0 U 7
41 1 L 6
42 1 L 17
43 1 L 35
44 1 U 24
45 0 L 26
46 0 U -1
47 0 U 31
48 0 U 40
49 1 U 23
50 1 L 39
51 1 L 32
52 0 U 15
53 0 L 10
54 0 U 38
55 1 L 51
56 1 L 55
57
0 0 U -1
1 0 U 0
2 0 U 0
3 0 L -1
4 0 U 0
5 0 U 1
6 1 U -1
7 1 U 2
8 0 L -1
9 0 U -1
10 0 U -1
11 1 U -1
12 0 L 3
13 1 L 2
14 1 U -1
15 0 U 1
16 0 L 7
17 0 L -1
18 0 L 11
19 0 U 10
20 1 L -1
21 1 L 11
22 0 L 20
23 0 L 0
24 1 L 7
25 0 U 16
26 1 U 24
27 1 L 26
28 1 L 13
29 0 L 28
30 0 U 24
31 0 L 18
32 0 L -1
33 1 L 29
34 1 L 18
35 0 U -1
36 0 L 33
37 1 L 11
38 0 U 18
39 0 U -1
40 0 U 21
41 1 L 6
42 1 L 17
43 1 L 35
44 1 U 24
45 0 L 29
46 0 U -1
47 0 U 26
48 0 U 40
49 1 U 42
50 1 L 43
51 0 L 32
52 1 U 15
53 1 L 10
54 0 U 38
55 1 L 32
56 1 L 55
57
0 0 U -1
1 0 U 0
2 0 U 0
3 0 L -1
4 0 U 0
5 0 U 1
6 1 U -1
7 1 U 2
8 0 L -1
9 0 U -1
10 0 U -1
11 1 U -1
12 0 L 3
13 1 L 2
14 1 U -1
15 0 U 1
16 1 L 7
17 0 L -1
18 0 L 11
19 0 U 10
20 1 L -1
21 1 L 16
22 0 L 20
23 1 L 20
24 1 L 7
25 0 U 2
26 0 U 24
27 1 L 9
28 1 L 13
29 0 L 28
30 0 U 24
31 0 L 18
32 0 L -1
33 1 L 29
34 1 L 14
35 0 U -1
36 0 L 33
37 1 L 11
38 1 L 28
39 0 U -1
40 0 U 8
41 1 L 5
42 1 L 3
43 1 L 37
44 0 U 12
45 0 L 7
46 0 U -1
47 0 L 40
48 1 U 44
49 0 U 33
50 1 L 31
51 0 L 20
52 1 U 25
53 1 L 3
54 1 U 15
55 1 L 8
56 0 L 55
57
0 0 L -1
1 0 U 0
2 0 U 0
3 0 L -1
4 0 U 0
5 0 U 1
6 1 U -1
7 1 U 2
8 0 L -1
9 0 U -1
10 0 U -1
11 1 U -1
12 0 L 3
13 1 L 2
14 1 U -1
15 0 U 1
16 0 L 7
17 0 L -1
18 0 L 11
19 0 U 2
20 1 L -1
21 1 L 11
22 0 L 20
23 1 L 20
24 1 L 7
25 0 U 10
26 0 U 24
27 1 L 9
28 1 L 13
29 0 L 28
30 0 U 24
31 0 L 23
32 1 L -1
33 1 L 29
34 1 L 18
35 0 U -1
36 0 L 33
37 1 L 11
38 1 L 28
39 0 U -1
40 0 U 8
41 0 L 7
42 1 L 38
43 1 L 37
44 0 U 7
45 0 U 7
46 0 U -1
47 0 L 40
48 1 U 44
49 0 U 23
50 1 L 40
51 1 L 3
52 1 U 16
53 0 L 4
54 1 U 15
55 1 L 32
56 1 L 55
57
0 0 U -1
1 0 U 0
2 0 U 0
3 0 L -1
4 0 U 0
5 0 U 1
6 1 U -1
7 1 U 2
8 0 L -1
9 0 U -1
10 0 U -1
11 1 U -1
12 0 L 3
13 1 L 2
14 1 U 11
15 0 U 1
16 0 L 7
17 0 L -1
18 0 L 11
19 0 U 10
20 1 L -1
21 1 L 11
22 0 L 20
23 0 L 20
24 1 L 7
25 0 L -1
26 0 U 24
27 1 L 9
28 1 L 13
29 0 L 28
30 0 U 24
31 0 L 23
32 1 L -1
33 1 L 7
34 1 L 19
35 0 U -1
36 0 L 33
37 1 L 11
38 0 L 5
39 0 U -1
40 0 U 21
41 0 L 2
42 1 L 6
43 1 L 37
44 0 U 12
45 0 U 7
46 0 U -1
47 0 L 40
48 0 U 45
49 0 U 46
50 1 L 40
51 0 L 3
52 1 U 16
53 0 L 4
54 1 U 23
55 1 L 32
56 0 L 55
57
0 0 U -1
1 0 U 0
2 0 U 0
3 0 L -1
4 0 U 0
5 0 U 1
6 1 U -1
7 1 U 2
8 0 L -1
9 0 U -1
10 0 U -1
11 1 U -1
12 0 L 3
13 1 L 2
14 1 U 4
15 0 U 4
16 0 L 7
17 0 L -1
18 0 L 11
19 0 U 10
20 1 L -1
21 1 L 15
22 0 L 20
23 1 L 20
24 1 L 7
25 1 U 22
26 0 U 24
27 1 L 9
28 1 L 5
29 0 L 28
30 0 U 24
31 0 L 15
32 0 L -1
33 1 L 27
34 0 U 14
35 0 U -1
36 1 L 33
37 1 L 15
38 1 U 27
39 0 U -1
40 0 U 7
41 1 L 27
42 1 L 5
43 1 L 37
44 0 U 21
45 0 U 3
46 0 U -1
47 0 L 43
48 0 U 40
49 0 U 46
50 1 L 39
51 0 L 3
52 1 L 3
53 0 L 4
54 0 U 28
55 1 L 3
56 0 L 55
57
0 0 L -1
1 0 U 0
2 0 U 0
3 0 L -1
4 0 U 0
5 0 U 1
6 1 U -1
7 1 U 2
8 0 L -1
9 0 U -1
10 0 U -1
11 1 U -1
12 0 L 3
13 0 L 2
14 1 U 4
15 0 U 4
16 0 L 7
17 0 L -1
18 0 L 11
19 0 U 10
20 1 L -1
21 1 L 16
22 1 L 20
23 0 L 17
24 1 L 7
25 1 U 13
26 0 U 24
27 1 L 9
28 1 L 5
29 0 L 28
30 0 U 24
31 0 L 18
32 0 L -1
33 0 L 27
34 0 U 15
35 0 U -1
36 1 L 30
37 1 L 16
38 1 U 3
39 0 U -1
40 1 U 21
41 1 L 29
42 1 L 5
43 1 L 37
44 0 U 21
45 0 U 16
46 0 U -1
47 0 L 31
48 0 U 40
49 0 U 46
50 1 L 32
51 1 L 41
52 0 L 25
53 0 L 24
54 0 U 48
55 1 L 3
56 0 L 55
57
0 0 L -1
1 0 U 0
2 0 U 0
3 0 L -1
4 0 U 0
5 0 U 1
6 1 U -1
7 1 U 2
8 0 L -1
9 0 U -1
10 0 U -1
11 1 U -1
12 1 L 3
13 0 L 2
14 1 U 1
15 0 U 4
16 0 L 7
17 0 L -1
18 0 L 11
19 0 L 17
20 1 L -1
21 1 L 16
22 1 L 1
23 0 L 17
24 1 L 7
25 1 U 13
26 0 U 24
27 1 L 9
28 1 L 5
29 0 L 28
30 0 U 24
31 0 L 18
32 1 L -1
33 0 L 27
34 0 U 14
35 0 U -1
36 1 L 18
37 1 L 16
38 1 U 3
39 0 U -1
40 1 U 21
41 0 L 29
42 1 L 13
43 1 L 37
44 0 U 21
45 0 U 16
46 0 U -1
47 0 L 31
48 0 U 17
49 0 U 46
50 1 L 39
51 1 L 40
52 0 L 25
53 0 L 24
54 1 U 48
55 1 L 32
56 1 L 55
57
0 0 U -1
1 0 U 0
2 0 U 0
3 0 L -1
4 0 U 0
5 0 U 1
6 1 U -1
7 1 U 2
8 0 L -1
9 0 U -1
10 0 U -1
11 1 U -1
12 0 L 3
13 0 L 2
14 1 U 1
15 0 U 4
16 0 L 7
17 0 L -1
18 0 L 11
19 1 U 18
20 1 L -1
21 1 L 16
22 1 L 20
23 0 L 22
24 1 L 7
25 1 U 13
26 1 U 24
27 1 L 26
28 1 L 13
29 0 L 28
30 0 U 24
31 0 L 19
32 0 L 20
33 1 L 27
34 1 U 15
35 0 U -1
36 1 L 15
37 1 L 16
38 1 U 35
39 0 U -1
40 1 U 21
41 1 L 32
42 1 L 13
43 1 L 37
44 0 U 21
45 0 U 16
46 0 U -1
47 0 L 31
48 0 U 45
49 1 U 46
50 1 L 31
51 0 L 23
52 0 L 4
53 0 L 24
54 0 U 22
55 1 L 32
56 0 L 55
57
0 0 L -1
1 0 U 0
2 0 U 0
3 0 L -1
4 0 U 0
5 0 U 1
6 1 U -1
7 1 U 2
8 0 L -1
9 0 U -1
10 0 U -1
11 1 U -1
12 0 L 3
13 0 L 2
14 1 U 1
15 0 U 1
16 1 L 7
17 0 L -1
18 0 L 11
19 1 U 18
20 1 L -1
21 1 U 19
22 1 L 20
23 1 L 22
24 1 L 7
25 0 U 2
26 1 U 24
27 1 L 26
28 1 L 13
29 0 L 28
30 0 U 24
31 0 L 19
32 0 L 20
33 1 L 27
34 1 U 14
35 0 U -1
36 1 L 16
37 1 L 16
38 0 U 3
39 0 U 0
40 0 U 21
41 0 L 17
42 1 L 13
43 1 L 37
44 0 U 38
45 0 U 38
46 0 U -1
47 0 L 43
48 0 U 45
49 0 U 46
50 1 L 43
51 1 L 23
52 0 L 4
53 0 L 24
54 1 U 41
55 1 L 32
56 0 L 55
57
0 0 L -1
1 0 U 0
2 0 U 0
3 0 L -1
4 0 U 0
5 0 U 1
6 1 U -1
7 1 U 2
8 0 L -1
9 0 U -1
10 0 U -1
11 1 U -1
12 0 L 3
13 0 L 2
14 1 U 1
15 0 U 1
16 1 L 7
17 0 L -1
18 0 L 11
19 1 U 18
20 1 L -1
21 1 U 19
22 1 L 20
23 0 L 22
24 1 L 7
25 0 L 8
26 1 U 24
27 0 L 26
28 1 L 13
29 0 L 28
30 0 U 24
31 0 L 29
32 0 L -1
33 0 L 29
34 0 U 14
35 0 U 0
36 1 L 18
37 1 L 15
38 0 U 3
39 0 U 0
40 1 U 21
41 0 L 23
42 1 L 5
43 1 L 37
44 0 U 38
45 0 U 3
46 0 U -1
47 0 L 43
48 0 U 45
49 0 U 46
50 1 L 39
51 0 U 23
52 0 L 4
53 0 L 42
54 0 U 52
55 1 L 8
56 1 L 55
57
0 0 U -1
1 0 U 0
2 0 U 0
3 0 L -1
4 0 U 0
5 0 U 1
6 1 U -1
7 1 U 2
8 0 L -1
9 0 U -1
10 0 U -1
11 1 U -1
12 0 L 3
13 0 L 2
14 1 U 1
15 0 U 11
16 0 L 7
17 0 L -1
18 0 L 11
19 1 U 9
20 1 L -1
21 1 U 19
22 1 L 20
23 0 L 22
24 1 L 7
25 0 L 22
26 1 U 24
27 1 L 26
28 1 L 13
29 0 L 28
30 0 U 24
31 0 L 7
32 0 L -1
33 1 L 29
34 0 U 14
35 0 U 0
36 1 U 31
37 1 L 16
38 0 U 3
39 0 U 0
40 1 U 21
41 0 L 23
42 1 L 5
43 1 L 37
44 0 U 38
45 0 U 8
46 0 U -1
47 0 L 43
48 0 U 30
49 1 U 14
50 1 L 39
51 0 L 17
52 0 L 4
53 0 L 42
54 0 U 48
55 1 L 3
56 0 L 55
57
0 0 U -1
1 0 U 0
2 0 U 0
3 0 L -1
4 0 U 0
5 0 U 1
6 1 U -1
7 1 U 2
8 0 L -1
9 0 U -1
10 0 U -1
11 1 U -1
12 0 L 3
13 0 L 2
14 1 U 1
15 0 U 11
16 1 L 7
17 0 L -1
18 0 L 11
19 1 U 18
20 1 L -1
21 1 U 19
22 1 L 20
23 1 L 22
24 1 L 7
25 1 L 3
26 1 U 24
27 1 L 9
28 1 L 13
29 0 L 28
30 0 U 24
31 0 L 27
32 0 L -1
33 1 L 29
34 1 U 14
35 0 U 0
36 1 U 26
37 1 L 11
38 0 U 3
39 0 U 0
40 0 U 7
41 0 L 2
42 1 L 5
43 1 L 37
44 0 U 38
45 0 U 8
46 0 U -1
47 0 L 43
48 0 U 30
49 0 U 35
50 1 L 43
51 0 L 17
52 0 L 4
53 0 L 42
54 1 U 48
55 1 L 32
56 0 L 51
57
0 0 L -1
1 0 U 0
2 0 U 0
3 0 L -1
4 0 U 0
5 0 U 1
6 1 U -1
7 1 U 2
8 0 L -1
9 0 U -1
10 0 U -1
11 1 U -1
12 0 L 3
13 0 L 2
14 1 U 1
15 0 U 1
16 0 L 7
17 0 L -1
18 0 L 11
19 1 U 18
20 1 L -1
21 1 U 19
22 1 L 20
23 1 L 22
24 1 L 7
25 1 L 3
26 1 U 24
27 0 L 9
28 1 L 5
29 0 L 28
30 0 U 24
31 0 L 27
32 0 L -1
33 1 L 27
34 0 U 14
35 0 U 0
36 1 U 23
37 1 L 11
38 1 U 3
39 0 U 0
40 1 U 12
41 1 L 2
42 1 L 5
43 1 L 37
44 0 U 38
45 0 U 24
46 0 U -1
47 0 L 43
48 0 U 30
49 0 U 46
50 1 L 39
51 0 L 17
52 0 L 12
53 0 L 24
54 0 U 51
55 1 L 8
56 0 L 51
57
0 0 L -1
1 0 U 0
2 0 U 0
3 0 L -1
4 0 U 0
5 0 U 1
6 1 U -1
7 1 U 2
8 0 L -1
9 0 U -1
10 0 U -1
11 1 U -1
12 0 L 3
13 0 L 2
14 1 U 1
15 0 U 11
16 1 L 7
17 0 L -1
18 0 L 11
19 1 U 18
20 1 L -1
21 1 U 19
22 1 L 20
23 1 L 22
24 1 L 7
25 1 L 2
26 1 U 24
27 1 L 26
28 1 L 5
29 0 L 28
30 0 U 24
31 0 L 27
32 0 L -1
33 0 L 27
34 1 U 19
35 0 U -1
36 1 U 31
37 1 L 15
38 0 U 3
39 0 U 0
40 0 U 24
41 0 L 2
42 1 L 5
43 1 L 37
44 0 U 38
45 0 U 38
46 0 U -1
47 0 L 43
48 0 U 13
49 0 U 46
50 1 L 39
51 0 L 42
52 0 L 41
53 0 L 24
54 0 U 52
55 1 L 8
56 0 L 55
57
0 0 L -1
1 0 U 0
2 0 U 0
3 0 L -1
4 0 U 0
5 0 U 1
6 1 U -1
7 1 U 2
8 0 L -1
9 0 U -1
10 0 U -1
11 1 U -1
12 0 L 3
13 0 L 2
14 1 U 1
15 0 U 11
16 1 L 7
17 0 L -1
18 0 L 11
19 1 U 18
20 1 L -1
21 1 U 19
22 1 L 20
23 1 L 22
24 1 L 7
25 0 L 2
26 1 U 24
27 1 L 26
28 1 L 13
29 0 L 28
30 1 U 24
31 0 L 7
32 0 L -1
33 1 L 7
34 0 U 14
35 0 U 0
36 1 U 26
37 1 L 30
38 0 U 3
39 0 U -1
40 0 U 24
41 0 L 8
42 1 L 28
43 1 L 37
44 0 U 38
45 0 U 21
46 0 U -1
47 0 L 43
48 0 U 40
49 1 U 15
50 1 L 39
51 1 L 16
52 0 L 41
53 0 L 12
54 1 U 48
55 1 L 32
56 1 L 55
57
0 0 L -1
1 0 U 0
2 0 U 0
3 0 L -1
4 0 U 0
5 0 U 1
6 1 U -1
7 1 U 2
8 0 L -1
9 0 U -1
10 0 U -1
11 1 U -1
12 0 L 3
13 1 L 2
14 1 U 1
15 0 U 11
16 0 L 7
17 0 L -1
18 0 L 11
19 1 U 9
20 1 L -1
21 1 U 19
22 1 L 20
23 1 L 22
24 1 L 7
25 0 U 23
26 1 U 24
27 1 L 26
28 1 L 13
29 0 L 28
30 1 U 24
31 0 L 7
32 0 L -1
33 1 L 29
34 1 U 14
35 0 U 0
36 1 U 26
37 1 L 30
38 1 U 3
39 0 U -1
40 0 U 24
41 1 L 8
42 1 L 28
43 1 L 37
44 0 U 38
45 0 U 12
46 0 U -1
47 0 L 43
48 0 U 40
49 0 U 15
50 1 L 39
51 0 U 3
52 0 L 41
53 0 L 12
54 1 U 48
55 1 L 32
56 0 L 55
57
0 0 U -1
1 0 U 0
2 0 U 0
3 0 L -1
4 0 U 0
5 0 U 1
6 1 U -1
7 1 U 2
8 0 L -1
9 0 U -1
10 0 U -1
11 1 U -1
12 0 L 3
13 0 L 2
14 1 U 1
15 0 U 1
16 0 L 7
17 0 L -1
18 0 L 11
19 1 U 18
20 1 L -1
21 1 U 19
22 1 L 20
23 1 L 22
24 1 L 7
25 1 U 23
26 1 U 24
27 0 L 26
28 1 L 13
29 0 L 28
30 0 U 24
31 0 L 7
32 0 L -1
33 0 L 7
34 1 U 19
35 0 U 0
36 1 U 26
37 1 L 15
38 0 U 3
39 0 U -1
40 1 U 24
41 1 L 17
42 1 L 6
43 1 L 37
44 0 U 38
45 0 U 16
46 0 U -1
47 0 L 43
48 0 U 45
49 0 U 46
50 1 L 39
51 0 L 3
52 0 L 41
53 0 L 12
54 1 U 48
55 1 L 32
56 1 L 55
57
0 0 L -1
1 0 U 0
2 0 U 0
3 0 L -1
4 0 U 0
5 0 U 1
6 1 U -1
7 1 U 2
8 0 L -1
9 0 U -1
10 0 U -1
11 1 U -1
12 0 L 3
13 0 L 2
14 1 U 1
15 0 U 11
16 0 L 7
17 0 L -1
18 0 L 11
19 1 U 18
20 1 L -1
21 1 U 19
22 1 L 20
23 1 L 22
24 1 L 7
25 0 U 22
26 1 U 24
27 1 L 9
28 1 L 13
29 0 L 28
30 0 U 24
31 0 L 7
32 1 L -1
33 0 L 7
34 0 U 15
35 0 U -1
36 1 U 31
37 1 L 15
38 0 U 3
39 0 U -1
40 0 U 24
41 0 L 32
42 1 L 6
43 1 L 37
44 0 U 38
45 0 U 12
46 0 U -1
47 0 L 43
48 0 U 45
49 0 U 46
50 1 L 39
51 1 U 49
52 0 L 41
53 0 L 4
54 0 U 20
55 1 L 32
56 0 L 55
57
0 0 U -1
1 0 U 0
2 0 U 0
3 0 L -1
4 0 U 0
5 0 U 1
6 1 U -1
7 1 U 2
8 0 L -1
9 0 U -1
10 0 U -1
11 1 U -1
12 0 L 3
13 1 L 2
14 1 U 11
15 0 U 1
16 0 L 7
17 0 L -1
18 0 L 11
19 1 U 18
20 1 L -1
21 1 U 19
22 1 L 20
23 1 L 22
24 1 L 7
25 0 L 22
26 1 U 24
27 0 L 26
28 1 L 13
29 0 L 6
30 0 U 24
31 0 L 29
32 0 L -1
33 0 L 24
34 1 U 15
35 0 U -1
36 1 U 26
37 1 L 11
38 0 U 16
39 0 U -1
40 0 U 12
41 0 L 8
42 1 L 6
43 1 L 37
44 0 U 38
45 0 U 8
46 0 U -1
47 0 L 43
48 0 U 45
49 0 U 46
50 1 L 39
51 1 L 5
52 0 L 41
53 0 L 12
54 0 U 20
55 1 L 32
56 1 L 55
57
0 0 U -1
1 0 U 0
2 0 U 0
3 0 L -1
4 0 U 0
5 0 U 1
6 1 U -1
7 1 U 2
8 0 L -1
9 0 U -1
10 0 U -1
11 1 U -1
12 0 L 3
13 1 L 2
14 1 U 11
15 0 U 1
16 1 L 7
17 0 L -1
18 0 L 11
19 1 U 18
20 1 L -1
21 1 U 19
22 1 L 20
23 1 L 22
24 1 L 7
25 0 U 23
26 1 U 24
27 0 L 26
28 1 L 13
29 0 L 6
30 0 U 24
31 0 L 29
32 0 L -1
33 0 L 24
34 0 U 14
35 0 U -1
36 1 U 13
37 1 L 11
38 0 U 16
39 0 U -1
40 1 U 12
41 0 L 8
42 1 L 6
43 1 L 37
44 0 U 38
45 0 U 8
46 0 U -1
47 0 L 43
48 0 U 30
49 1 U 46
50 1 L 39
51 1 U 46
52 0 L 41
53 0 L 12
54 1 U 33
55 1 L 8
56 1 L 55
57
0 0 U -1
1 0 U 0
2 0 U 0
3 0 L -1
4 0 U 0
5 0 U 1
6 1 U -1
7 1 U 2
8 0 L -1
9 0 U -1
10 0 U -1
11 1 U -1
12 0 L 3
13 0 L 2
14 1 U 1
15 0 U 11
16 1 L 7
17 0 L -1
18 0 L 11
19 1 U 18
20 1 L -1
21 1 U 19
22 1 L 20
23 1 L 22
24 1 L 7
25 0 L 3
26 1 U 24
27 1 L 9
28 1 L 13
29 0 L 28
30 0 U 24
31 0 L 29
32 1 L -1
33 0 L 24
34 0 U 14
35 0 U 0
36 1 U 31
37 1 L 11
38 0 U 16
39 0 U -1
40 0 U 12
41 1 L 17
42 1 L 6
43 1 L 37
44 0 U 38
45 0 U 24
46 0 U -1
47 0 L 43
48 0 U 30
49 0 U 46
50 1 L 39
51 1 U 46
52 0 L 41
53 0 L 12
54 1 U 33
55 1 L 32
56 0 L 41
57
0 0 L -1
1 0 U 0
2 0 U 0
3 0 L -1
4 0 U 0
5 0 U 1
6 1 U -1
7 1 U 2
8 0 L -1
9 0 U -1
10 0 U -1
11 1 U -1
12 0 L 3
13 0 L 2
14 1 U 1
15 0 U 11
16 0 L 7
17 0 L -1
18 0 L 11
19 1 U 18
20 1 L -1
21 1 U 19
22 1 L 20
23 0 L 22
24 1 L 7
25 1 L 8
26 1 U 24
27 1 L 9
28 1 L 13
29 0 L 28
30 0 U 24
31 0 L 14
32 0 L -1
33 0 L 24
34 0 U 14
35 0 U 0
36 1 U 31
37 1 L 11
38 0 U 16
39 0 U -1
40 0 U 12
41 1 L 17
42 1 L 28
43 1 L 37
44 0 U 38
45 0 U 21
46 0 U -1
47 0 L 43
48 0 U 30
49 1 U 35
50 1 L 39
51 1 L 14
52 0 L 41
53 0 L 12
54 1 U 33
55 1 L 32
56 0 L 41
57
0 0 L -1
1 0 U 0
2 0 U 0
3 0 L -1
4 0 U 0
5 0 U 1
6 1 U -1
7 1 U 2
8 0 L -1
9 0 U -1
10 0 U -1
11 1 U -1
12 0 L 3
13 0 L 2
14 1 U 1
15 0 U 1
16 0 L 7
17 0 L -1
18 0 L 11
19 1 U 18
20 1 L -1
21 1 U 19
22 1 L 20
23 0 L 22
24 1 L 7
25 1 L 22
26 1 U 24
27 1 L 9
28 1 L 13
29 0 L 28
30 0 U 24
31 0 L 16
32 1 L -1
33 1 L 29
34 0 U 14
35 0 U 0
36 1 U 31
37 1 L 11
38 0 U 16
39 0 U 0
40 0 U 12
41 1 L 17
42 1 L 28
43 1 L 37
44 0 U 38
45 0 U 38
46 0 U -1
47 0 L 43
48 0 U 40
49 1 U 35
50 1 L 39
51 1 L 14
52 0 L 41
53 0 L 12
54 0 U 48
55 1 L 32
56 0 L 41
57
0 0 L -1
1 0 U 0
2 0 U 0
3 0 L -1
4 0 U 0
5 0 U 1
6 1 U -1
7 1 U 2
8 0 L -1
9 0 U -1
10 0 U -1
11 1 U -1
12 0 L 3
13 0 L 2
14 1 U 1
15 0 U 11
16 0 L 7
17 0 L -1
18 0 L 11
19 1 U 18
20 1 L -1
21 1 U 19
22 1 L 20
23 1 L 22
24 1 L 7
25 1 U 13
26 1 U 24
27 1 L 9
28 1 L 13
29 0 L 6
30 0 U 24
31 0 L 29
32 1 L -1
33 1 L 29
34 0 U 14
35 0 U -1
36 1 U 31
37 1 L 15
38 0 U 16
39 0 U 0
40 0 U 12
41 1 L 23
42 1 L 5
43 1 L 37
44 0 U 38
45 0 U 7
46 0 U -1
47 0 L 43
48 0 U 13
49 1 U 39
50 1 L 43
51 1 L 14
52 0 L 41
53 0 L 52
54 0 U 52
55 1 L 3
56 0 L 55
57
0 0 L -1
1 0 U 0
2 0 U 0
3 0 L -1
4 0 U 0
5 0 U 1
6 1 U -1
7 1 U 2
8 0 L -1
9 0 U -1
10 0 U -1
11 1 U -1
12 0 L 3
13 0 L 2
14 1 U 1
15 0 U 11
16 0 L 7
17 0 L -1
18 0 L 11
19 1 U 18
20 1 L -1
21 1 U 19
22 1 L 20
23 1 L 22
24 1 L 7
25 1 U 13
26 1 U 24
27 1 L 9
28 1 L 13
29 0 L 28
30 0 U 24
31 0 L 7
32 1 L -1
33 1 L 29
34 1 U 19
35 0 U 0
36 1 U 31
37 1 L 15
38 0 U 16
39 0 U 0
40 0 U 8
41 0 L 17
42 1 L 13
43 1 L 37
44 0 U 38
45 0 U 21
46 0 U -1
47 0 L 43
48 0 U 45
49 1 U 14
50 1 L 39
51 1 L 42
52 0 L 41
53 0 L 52
54 0 U 52
55 1 L 3
56 0 L 55
57
0 0 L -1
1 0 U 0
2 0 U 0
3 0 L -1
4 0 U 0
5 0 U 1
6 1 U -1
7 1 U 2
8 0 L -1
9 0 U -1
10 0 U -1
11 1 U -1
12 0 L 3
13 0 L 2
14 1 U 1
15 0 U 11
16 0 L 7
17 0 L -1
18 0 L 11
19 1 U 18
20 1 L -1
21 1 U 19
22 1 L 20
23 1 L 22
24 1 L 7
25 1 U 23
26 0 U 24
27 1 L 13
28 1 L 13
29 0 L 6
30 0 U 24
31 0 L 29
32 1 L -1
33 0 L 29
34 0 U 14
35 0 U 0
36 1 U 31
37 1 L 16
38 0 U 16
39 0 U -1
40 1 U 8
41 1 L 17
42 1 L 13
43 1 L 37
44 0 U 38
45 0 U 8
46 0 U -1
47 0 L 43
48 0 U 13
49 1 U 19
50 1 L 40
51 1 L 24
52 0 L 41
53 0 L 4
54 0 U 52
55 1 L 32
56 0 L 55
57
0 0 U -1
1 0 U 0
2 0 U 0
3 0 L -1
4 0 U 0
5 0 U 1
6 1 U -1
7 1 U 2
8 0 L -1
9 0 U -1
10 0 U -1
11 1 U -1
12 0 L 3
13 0 L 2
14 1 U 1
15 0 U 11
16 0 L 7
17 0 L -1
18 0 L 11
19 1 U 18
20 1 L -1
21 1 U 19
22 1 L 20
23 1 L 22
24 1 L 7
25 1 U 23
26 0 U 24
27 0 L 13
28 1 L 13
29 0 L 6
30 0 U 24
31 0 L 29
32 1 L -1
33 0 L 29
34 0 U 14
35 0 U 0
36 1 U 31
37 1 L 16
38 0 U 16
39 0 U 0
40 1 U 21
41 1 L 17
42 1 L 5
43 1 L 37
44 0 U 38
45 0 U 12
46 0 U -1
47 0 L 43
48 0 U 30
49 1 U 19
50 1 L 40
51 1 L 24
52 0 L 41
53 0 L 4
54 0 U 36
55 1 L 32
56 0 L 41
57
0 0 U -1
1 0 U 0
2 0 U 0
3 0 L -1
4 0 U 0
5 0 U 1
6 1 U -1
7 1 U 2
8 0 L -1
9 0 U -1
10 0 U -1
11 1 U -1
12 0 L 3
13 0 L 2
14 1 U 1
15 0 U 11
16 0 L 7
17 0 L -1
18 0 L 11
19 1 U 18
20 1 L -1
21 1 U 19
22 1 L 20
23 1 L 22
24 1 L 7
25 1 U 23
26 0 U 24
27 0 L 5
28 1 L 5
29 0 L 6
30 0 U 24
31 0 L 29
32 0 L -1
33 0 L 29
34 1 U 15
35 0 U 0
36 1 U 31
37 1 L 16
38 0 U 16
39 0 U -1
40 1 U 21
41 0 L 23
42 1 L 13
43 1 L 37
44 0 U 38
45 0 U 21
46 0 U -1
47 0 L 43
48 0 U 30
49 1 U 19
50 1 L 40
51 1 L 24
52 0 L 42
53 0 L 4
54 0 U 22
55 1 L 32
56 1 L 55
57
0 0 L -1
1 0 U 0
2 0 U 0
3 0 L -1
4 0 U 0
5 0 U 1
6 1 U -1
7 1 U 2
8 0 L -1
9 0 U -1
10 0 U -1
11 1 U -1
12 0 L 3
13 1 L 2
14 1 U 1
15 0 U 11
16 0 L 7
17 0 L -1
18 0 L 11
19 1 U 9
20 1 L -1
21 1 U 19
22 1 L 20
23 0 L 8
24 1 L 7
25 0 L 23
26 0 U 24
27 1 L 5
28 1 L 5
29 0 L 6
30 0 U 24
31 0 L 29
32 0 L -1
33 0 L 29
34 1 U 15
35 0 U 0
36 1 U 31
37 1 L 16
38 1 U 16
39 0 U -1
40 1 U 21
41 0 L 23
42 1 L 13
43 1 L 37
44 0 U 38
45 0 U 12
46 0 U -1
47 0 L 43
48 0 U 30
49 1 U 19
50 1 L 40
51 0 L 8
52 0 L 42
53 0 L 41
54 0 U 20
55 1 L 32
56 1 L 55
57
0 0 L -1
1 0 U 0
2 0 U 0
3 0 L -1
4 0 U 0
5 0 U 1
6 1 U -1
7 1 U 2
8 0 L -1
9 0 U -1
10 0 U -1
11 1 U -1
12 0 L 3
13 1 L 2
14 1 U 1
15 0 U 11
16 0 L 7
17 0 L -1
18 0 L 11
19 1 U 18
20 1 L -1
21 1 U 19
22 1 L 20
23 0 L 8
24 1 L 7
25 1 L 23
26 0 U 24
27 0 L 13
28 1 L 5
29 0 L 6
30 0 U 24
31 0 L 24
32 0 L -1
33 0 L 24
34 0 U 15
35 0 U 0
36 1 U 31
37 1 L 16
38 1 U 16
39 0 U -1
40 0 U 21
41 1 L 23
42 1 L 13
43 1 L 37
44 0 U 38
45 0 U 12
46 0 U -1
47 0 L 40
48 0 U 30
49 1 U 46
50 1 L 40
51 1 L 8
52 0 L 42
53 0 L 41
54 1 U 48
55 1 L 8
56 1 L 55
57
0 0 L -1
1 0 U 0
2 0 U 0
3 0 L -1
4 0 U 0
5 0 U 1
6 1 U -1
7 1 U 2
8 0 L -1
9 0 U -1
10 0 U -1
11 1 U -1
12 0 L 3
13 1 L 2
14 1 U 1
15 0 U 11
16 0 L 7
17 0 L -1
18 0 L 11
19 1 U 18
20 1 L -1
21 1 U 19
22 1 L 20
23 0 L 8
24 1 L 7
25 0 L 23
26 0 U 24
27 0 L 13
28 1 L 5
29 0 L 6
30 0 U 24
31 0 L 11
32 0 L -1
33 0 L 24
34 0 U 15
35 0 U -1
36 1 U 31
37 1 L 16
38 0 U 16
39 0 U -1
40 0 U 21
41 0 L 23
42 1 L 13
43 1 L 37
44 0 U 38
45 0 U 21
46 0 U -1
47 0 L 40
48 0 U 45
49 0 U 46
50 1 L 39
51 0 L 32
52 0 L 42
53 0 L 41
54 0 U 33
55 1 L 8
56 0 L 55
57
0 0 U -1
1 0 U 0
2 0 U 0
3 0 L -1
4 0 U 0
5 0 U 1
6 1 U -1
7 1 U 2
8 0 L -1
9 0 U -1
10 0 U -1
11 1 U -1
12 0 L 3
13 1 L 2
14 1 U 1
15 0 U 11
16 0 L 7
17 0 L -1
18 0 L 11
19 1 U 18
20 1 L -1
21 1 U 19
22 0 L 20
23 0 L 8
24 1 L 7
25 1 L 23
26 0 U 24
27 1 L 13
28 1 L 13
29 0 L 6
30 0 U 24
31 0 L 11
32 0 L -1
33 0 L 24
34 1 U 15
35 0 U -1
36 1 U 31
37 1 L 16
38 0 U 16
39 0 U -1
40 0 U 12
41 1 L 23
42 1 L 13
43 1 L 37
44 0 U 38
45 0 U 21
46 0 U -1
47 0 L 40
48 0 U 30
49 0 U 46
50 1 L 43
51 0 L 32
52 0 L 42
53 0 L 41
54 0 U 48
55 1 L 8
56 1 L 55
57
0 0 L -1
1 0 U 0
2 0 U 0
3 0 L -1
4 0 U 0
5 0 U 1
6 1 U -1
7 1 U 2
8 0 L -1
9 0 U -1
10 0 U -1
11 1 U -1
12 0 L 3
13 1 L 2
14 1 U 1
15 0 U 11
16 0 L 7
17 0 L -1
18 0 L 11
19 1 U 18
20 1 L -1
21 1 U 19
22 0 L 20
23 1 L 8
24 1 L 7
25 1 L 1
26 0 U 24
27 1 L 13
28 1 L 13
29 0 L 6
30 0 U 24
31 0 L 24
32 0 L -1
33 0 L 29
34 0 U 14
35 0 U -1
36 1 U 31
37 1 L 16
38 0 U 16
39 0 U -1
40 0 U 21
41 0 L 23
42 1 L 5
43 1 L 37
44 0 U 38
45 0 U 8
46 0 U -1
47 0 L 40
48 0 U 30
49 1 U 46
50 1 L 43
51 0 L 23
52 0 L 42
53 0 L 4
54 1 U 48
55 1 L 8
56 1 L 55
57
0 0 U -1
1 0 U 0
2 0 U 0
3 0 L -1
4 0 U 0
5 0 U 1
6 1 U -1
7 1 U 2
8 0 L -1
9 0 U -1
10 0 U -1
11 1 U -1
12 0 L 3
13 1 L 2
14 1 U 1
15 0 U 11
16 0 L 7
17 0 L -1
18 0 L 11
19 1 U 18
20 1 L -1
21 1 U 19
22 0 L 20
23 0 L 8
24 1 L 7
25 0 L 0
26 0 U 24
27 0 L 13
28 1 L 13
29 0 L 6
30 0 U 24
31 0 L 19
32 0 L -1
33 0 L 29
34 1 U 19
35 0 U -1
36 1 U 31
37 1 L 16
38 0 U 16
39 0 U -1
40 0 U 12
41 1 L 23
42 1 L 5
43 1 L 37
44 0 U 38
45 0 U 7
46 0 U -1
47 0 L 31
48 0 U 27
49 1 U 15
50 1 L 39
51 0 L 32
52 0 L 42
53 0 L 4
54 0 U 48
55 1 L 25
56 1 L 55
57
0 0 U -1
1 0 U 0
2 0 U 0
3 0 L -1
4 0 U 0
5 0 U 1
6 1 U -1
7 1 U 2
8 0 L -1
9 0 U -1
10 0 U -1
11 1 U -1
12 0 L 3
13 1 L 2
14 1 U 1
15 0 U 1
16 0 L 7
17 0 L -1
18 0 L 11
19 1 U 18
20 1 L -1
21 1 U 19
22 0 L 20
23 0 L 8
24 1 L 7
25 0 L 0
26 0 U 24
27 0 L 5
28 1 L 13
29 0 L 28
30 0 U 24
31 1 L 26
32 0 L -1
33 0 L 24
34 0 U 14
35 0 U -1
36 1 U 27
37 1 L 16
38 0 U 16
39 0 U -1
40 0 U 12
41 1 L 23
42 1 L 5
43 1 L 37
44 0 U 38
45 0 U 38
46 0 U -1
47 0 L 43
48 0 U 27
49 1 U 19
50 1 L 39
51 1 L 23
52 0 L 42
53 0 L 4
54 0 U 48
55 1 L 25
56 1 L 55
57
0 0 U -1
1 0 U 0
2 0 U 0
3 0 L -1
4 0 U 0
5 0 U 1
6 1 U -1
7 1 U 2
8 0 L -1
9 0 U -1
10 0 U -1
11 1 U -1
12 0 L 3
13 1 L 2
14 1 U 11
15 0 U 1
16 0 L 7
17 0 L -1
18 0 L 11
19 1 U 18
20 1 L -1
21 1 U 19
22 0 L 20
23 0 L 8
24 1 L 7
25 0 L 0
26 0 U 24
27 0 L 5
28 1 L 5
29 0 L 28
30 0 U 24
31 0 L 26
32 0 L -1
33 0 L 26
34 0 U 14
35 0 U -1
36 1 U 27
37 1 L 15
38 0 U 16
39 0 U -1
40 0 U 12
41 1 L 23
42 1 L 5
43 1 L 37
44 0 U 38
45 0 U 38
46 0 U -1
47 0 L 43
48 0 U 27
49 0 U 46
50 1 L 39
51 0 U 3
52 0 L 24
53 0 L 41
54 0 U 48
55 1 L 25
56 0 L 55
57
0 0 U -1
1 0 U 0
2 0 U 0
3 0 L -1
4 0 U 0
5 0 U 1
6 1 U -1
7 1 U 2
8 0 L -1
9 0 U -1
10 0 U -1
11 1 U -1
12 0 L 3
13 1 L 2
14 1 U 11
15 0 U 1
16 0 L 7
17 0 L -1
18 0 L 11
19 1 U 18
20 1 L -1
21 1 U 19
22 0 L 20
23 1 L 3
24 1 L 7
25 0 L 0
26 0 U 24
27 1 L 5
28 1 L 13
29 0 L 28
30 0 U 24
31 0 L 26
32 0 L -1
33 1 L 26
34 1 U 14
35 0 U -1
36 1 U 27
37 1 L 15
38 0 U 16
39 0 U -1
40 0 U 12
41 0 L 23
42 1 L 5
43 1 L 37
44 0 U 38
45 0 U 7
46 0 U -1
47 0 L 43
48 0 U 45
49 0 U 46
50 1 L 39
51 0 U 34
52 0 L 24
53 0 L 41
54 0 U 48
55 1 L 25
56 1 L 55
57
0 0 L -1
1 0 U 0
2 0 U 0
3 0 L -1
4 0 U 0
5 0 U 1
6 1 U -1
7 1 U 2
8 0 L -1
9 0 U -1
10 0 U -1
11 1 U -1
12 0 L 3
13 1 L 2
14 1 U 11
15 0 U 1
16 0 L 7
17 0 L -1
18 0 L 11
19 1 U 18
20 1 L -1
21 1 U 19
22 0 L 20
23 0 L 8
24 1 L 7
25 0 L 1
26 0 U 24
27 0 L 5
28 1 L 5
29 0 L 28
30 0 U 24
31 0 L 26
32 0 L -1
33 1 L 29
34 1 U 14
35 0 U -1
36 1 L 11
37 1 L 16
38 0 U 16
39 0 U -1
40 0 U 12
41 1 L 23
42 1 L 5
43 1 L 37
44 0 U 38
45 0 U 24
46 0 U -1
47 0 L 43
48 0 U 45
49 0 U 14
50 1 L 43
51 0 U 34
52 0 L 24
53 0 L 41
54 0 U 48
55 1 L 25
56 0 L 55
57
0 0 L -1
1 0 U 0
2 0 U 0
3 0 L -1
4 0 U 0
5 0 U 1
6 1 U -1
7 1 U 2
8 0 L -1
9 0 U -1
10 0 U -1
11 1 U -1
12 0 L 3
13 1 L 2
14 1 U 1
15 0 U 1
16 0 L 7
17 0 L -1
18 0 L 11
19 1 U 18
20 1 L -1
21 1 U 19
22 0 L 20
23 1 L 8
24 1 L 7
25 1 L 0
26 0 U 24
27 1 L 6
28 1 L 13
29 0 L 28
30 0 U 24
31 0 L 26
32 0 L -1
33 1 L 26
34 0 U 14
35 0 U -1
36 1 L 11
37 1 L 16
38 0 U 16
39 0 U -1
40 1 U 24
41 0 L 23
42 1 L 13
43 1 L 35
44 0 U 38
45 0 U 24
46 0 U -1
47 0 L 43
48 0 U 45
49 1 U 46
50 1 L 43
51 0 U 49
52 0 L 24
53 0 L 41
54 1 U 48
55 1 L 8
56 1 L 55
57
0 0 L -1
1 0 U 0
2 0 U 0
3 0 L -1
4 0 U 0
5 0 U 1
6 1 U -1
7 1 U 2
8 0 L -1
9 0 U -1
10 0 U -1
11 1 U -1
12 0 L 3
13 1 L 2
14 1 U 1
15 0 U 1
16 0 L 7
17 0 L -1
18 0 L 11
19 1 U 18
20 1 L -1
21 1 U 19
22 1 L 20
23 0 L 8
24 1 L 7
25 0 L 20
26 0 U 24
27 1 L 13
28 1 L 5
29 0 L 28
30 0 U 24
31 0 L 29
32 1 L -1
33 1 L 26
34 0 U 15
35 0 U -1
36 1 L 19
37 1 L 16
38 0 U 16
39 0 U 0
40 0 U 7
41 1 L 23
42 1 L 5
43 1 L 35
44 0 U 38
45 0 U 24
46 0 U -1
47 0 L 43
48 0 U 30
49 0 U 46
50 1 L 43
51 1 L 17
52 0 L 42
53 0 L 4
54 1 U 48
55 1 L 32
56 0 L 55
57
0 0 U -1
1 0 U 0
2 0 U 0
3 0 L -1
4 0 U 0
5 0 U 1
6 1 U -1
7 1 U 2
8 0 L -1
9 0 U -1
10 0 U -1
11 1 U -1
12 0 L 3
13 1 L 2
14 1 U 1
15 0 U 11
16 0 L 7
17 0 L -1
18 0 L 11
19 1 U 18
20 1 L -1
21 1 U 19
22 0 L 20
23 1 L 8
24 1 L 7
25 0 L 1
26 0 U 24
27 1 L 23
28 1 L 5
29 0 L 28
30 0 U 24
31 0 L 26
32 0 L -1
33 1 L 7
34 1 U 15
35 0 U -1
36 1 L 16
37 1 L 11
38 0 U 16
39 0 U -1
40 1 U 12
41 1 L 36
42 1 L 5
43 1 L 35
44 0 U 38
45 0 U 24
46 0 U -1
47 0 L 43
48 0 U 45
49 1 U 46
50 1 L 43
51 1 U 49
52 0 L 24
53 0 L 4
54 1 U 48
55 1 L 3
56 0 L 55
57
0 0 U -1
1 0 U 0
2 0 U 0
3 0 L -1
4 0 U 0
5 0 U 1
6 1 U -1
7 1 U 2
8 0 L -1
9 0 U -1
10 0 U -1
11 1 U -1
12 0 L 3
13 1 L 2
14 1 U 1
15 0 U 11
16 0 L 7
17 0 L -1
18 0 L 11
19 1 U 18
20 1 L -1
21 1 U 19
22 1 L 20
23 1 L 22
24 1 L 7
25 1 L 22
26 0 U 24
27 0 L 23
28 1 L 13
29 0 L 28
30 0 U 24
31 0 L 7
32 1 L -1
33 1 L 29
34 0 U 15
35 0 U -1
36 1 L 11
37 1 L 11
38 0 U 16
39 0 U -1
40 1 U 12
41 1 L 10
42 0 L 5
43 1 L 35
44 0 U 38
45 0 U 24
46 0 U -1
47 0 L 43
48 0 U 45
49 1 U 46
50 1 L 43
51 1 U 49
52 0 L 24
53 0 L 4
54 1 U 48
55 1 L 3
56 0 L 55
57
0 0 U -1
1 0 U 0
2 0 U 0
3 0 L -1
4 0 U 0
5 0 U 1
6 1 U -1
7 1 U 2
8 0 L -1
9 0 U -1
10 0 U -1
11 1 U -1
12 0 L 3
13 0 L 2
14 1 U 1
15 0 U 11
16 0 L 7
17 0 L -1
18 0 L 11
19 1 U 18
20 1 L -1
21 1 U 19
22 1 L 20
23 1 L 22
24 1 L 7
25 1 U 23
26 1 U 24
27 1 L 23
28 1 L 13
29 0 L 6
30 0 U 24
31 0 L 14
32 0 L -1
33 1 L 29
34 0 U 14
35 0 U 0
36 1 L 30
37 1 L 30
38 0 U 16
39 0 U 0
40 0 U 8
41 0 L 2
42 1 L 6
43 1 L 37
44 0 U 38
45 0 U 8
46 0 U -1
47 0 L 43
48 0 U 45
49 1 U 15
50 1 L 43
51 0 U 49
52 0 U 24
53 0 L 4
54 0 U 48
55 1 L 32
56 1 L 55
57
0 0 U -1
1 0 U 0
2 0 U 0
3 0 L -1
4 0 U 0
5 0 U 1
6 1 U -1
7 1 U 2
8 0 L -1
9 0 U -1
10 0 U -1
11 1 U -1
12 0 L 3
13 0 L 2
14 1 U 1
15 0 U 11
16 0 L 7
17 0 L -1
18 0 L 11
19 1 U 18
20 1 L -1
21 1 U 19
22 1 L 20
23 1 L 22
24 1 L 7
25 0 U 23
26 1 U 24
27 1 L 23
28 1 L 13
29 0 L 28
30 0 U 24
31 0 L 14
32 0 L -1
33 1 L 29
34 1 U 14
35 0 U 0
36 1 L 30
37 1 L 30
38 0 U 16
39 0 U 0
40 0 U 8
41 0 L 3
42 1 L 6
43 1 L 37
44 0 U 38
45 0 U 38
46 0 U -1
47 0 L 43
48 0 U 40
49 0 U 35
50 1 L 43
51 1 U 16
52 0 U 8
53 0 L 4
54 0 U 48
55 1 L 32
56 1 L 55
57
0 0 L -1
1 0 U 0
2 0 U 0
3 0 L -1
4 0 U 0
5 0 U 1
6 1 U -1
7 1 U 2
8 0 L -1
9 0 U -1
10 0 U -1
11 1 U -1
12 0 L 3
13 0 L 2
14 1 U 1
15 0 U 11
16 0 L 7
17 0 L -1
18 0 L 11
19 1 U 18
20 1 L -1
21 1 U 19
22 1 L 20
23 1 L 22
24 1 L 7
25 0 L 22
26 1 U 24
27 0 L 23
28 1 L 5
29 0 L 6
30 0 U 24
31 0 L 24
32 1 L -1
33 1 L 29
34 0 U 14
35 0 U 0
36 1 L 15
37 1 L 30
38 0 U 16
39 0 U -1
40 0 U 8
41 0 L 32
42 1 L 28
43 1 L 37
44 0 U 38
45 0 U 12
46 0 U -1
47 0 L 43
48 0 U 40
49 0 U 35
50 1 L 43
51 1 U 15
52 0 U 24
53 0 L 12
54 1 U 48
55 1 L 32
56 0 L 55
