48
0 0 U -1
1 0 U -1
2 0 U -1
3 0 U -1
4 0 U -1
5 0 U -1
6 0 U -1
7 0 U -1
8 0 U -1
9 0 U -1
10 0 U -1
11 0 U -1
12 0 U -1
13 0 U -1
14 0 U -1
15 0 U -1
16 0 U -1
17 0 U -1
18 0 U -1
19 0 U -1
20 0 U -1
21 0 U -1
22 0 U -1
23 0 U -1
24 0 U -1
25 0 U -1
26 0 U -1
27 0 U -1
28 0 U -1
29 0 U -1
30 0 U -1
31 0 U -1
32 0 U -1
33 0 U -1
34 0 U -1
35 0 U -1
36 0 U -1
37 0 U -1
38 0 U -1
39 0 U -1
40 0 U -1
41 0 U -1
42 0 U -1
43 0 U -1
44 0 U -1
45 0 U -1
46 0 U -1
47 0 U -1
48
0 0 U -1
1 0 U -1
2 1 U -1
3 1 L 1
4 0 U 2
5 1 L 0
6 1 L -1
7 0 U 4
8 1 L -1
9 1 U -1
10 0 L 8
11 0 U 10
12 0 U 4
13 1 U 7
14 0 U 6
15 0 U 14
16 1 U 9
17 0 U 12
18 0 U 2
19 0 U 13
20 0 U 9
21 1 L 8
22 0 L 11
23 1 L 7
24 1 L 16
25 1 U 20
26 0 U -1
27 0 U 0
28 1 U 27
29 1 L -1
30 1 U 17
31 1 U -1
32 1 L 4
33 1 L -1
34 0 U 28
35 0 L 31
36 1 L 1
37 1 L 18
38 1 U 17
39 0 L 33
40 1 U 31
41 1 L 21
42 1 U 3
43 1 U 27
44 1 L 27
45 1 L 37
46 1 L 7
47 1 U -1
48
0 0 L -1
1 0 U -1
2 1 U -1
3 1 L 1
4 0 U 2
5 1 L 0
6 1 L -1
7 0 U 4
8 1 L -1
9 1 U -1
10 0 L 8
11 0 U 10
12 0 U 4
13 1 U 7
14 0 U 6
15 1 U 14
16 1 U 9
17 0 U 6
18 0 U 2
19 1 L 11
20 0 U 9
21 1 L 8
22 0 L 4
23 1 L 7
24 1 L 13
25 1 U 20
26 0 U -1
27 0 U 0
28 1 U 12
29 1 L -1
30 1 U 14
31 1 U -1
32 1 L 4
33 0 L 6
34 1 U 28
35 1 L 31
36 0 L 19
37 1 L 18
38 1 U 6
39 0 L -1
40 1 U 31
41 0 L 38
42 1 U 4
43 1 U 5
44 0 L 7
45 1 L 37
46 1 L 1
47 1 U -1
48
0 0 L -1
1 0 U -1
2 1 U -1
3 1 L 1
4 0 U 2
5 1 L 0
6 1 L -1
7 0 U 4
8 1 L -1
9 1 U -1
10 0 L 8
11 0 U 10
12 0 U 4
13 1 U 10
14 0 U 12
15 0 U 14
16 1 U 9
17 0 U 12
18 0 U 2
19 1 L 2
20 0 U 9
21 1 L 8
22 1 L 19
23 1 L 7
24 1 L 13
25 1 U 20
26 1 U -1
27 0 U 1
28 1 U 12
29 1 L -1
30 1 L 14
31 1 U -1
32 1 L 2
33 0 L 0
34 1 U 28
35 0 L 31
36 0 L 32
37 1 L 23
38 0 U 25
39 0 L -1
40 1 U 0
41 0 U 10
42 1 U 4
43 1 U 18
44 0 L 31
45 1 L 37
46 1 L 10
47 1 U -1
48
0 0 L -1
1 0 U -1
2 1 U -1
3 1 L 1
4 0 U 2
5 1 L 0
6 1 L -1
7 0 U 4
8 1 L -1
9 1 U -1
10 1 L 8
11 0 U 10
12 0 U 4
13 1 U 7
14 0 U 6
15 0 U 14
16 1 U 9
17 1 U 7
18 0 U 2
19 1 L 4
20 0 U 9
21 1 L 8
22 0 L 19
23 1 L 19
24 1 L 16
25 1 U 20
26 1 U -1
27 0 U 26
28 1 U 12
29 1 L -1
30 1 L 20
31 1 U -1
32 1 L 11
33 0 U 31
34 1 U 28
35 1 L 31
36 1 L 4
37 1 L 18
38 1 U 7
39 1 L -1
40 1 U 4
41 0 L 33
42 1 U 4
43 1 U 27
44 0 L 39
45 1 L 37
46 1 L 29
47 1 U -1
48
0 0 L -1
1 0 U -1
2 1 U -1
3 1 L 1
4 0 U 2
5 1 L 0
6 1 L -1
7 0 U 4
8 1 L -1
9 1 U -1
10 0 L 8
11 0 U 10
12 0 U 4
13 1 U 7
14 0 U 6
15 1 U 11
16 1 U 9
17 0 U 6
18 0 U 2
19 1 L 11
20 1 U -1
21 1 L 8
22 1 L 19
23 1 L 19
24 1 L 16
25 1 U 2
26 1 U -1
27 0 U 0
28 1 U 12
29 1 L -1
30 1 U 13
31 1 U -1
32 1 L 11
33 0 U 31
34 1 U 28
35 0 L 31
36 1 L 19
37 1 L 18
38 1 U 17
39 1 L -1
40 1 U 4
41 0 U 33
42 0 U 40
43 1 U 25
44 1 L 39
45 1 L 37
46 1 L 29
47 1 U -1
48
0 0 U -1
1 0 U -1
2 1 U -1
3 0 U 1
4 0 U 2
5 1 L 0
6 1 L -1
7 0 U 4
8 1 L -1
9 1 U -1
10 1 L 4
11 0 U 10
12 0 U 4
13 1 U 5
14 0 U 6
15 0 U 8
16 1 U 9
17 1 U 6
18 0 U 2
19 1 L 2
20 1 U -1
21 1 L 8
22 1 L 19
23 1 L 7
24 1 L 16
25 1 U 20
26 0 U -1
27 0 U 7
28 1 U 12
29 1 L -1
30 1 U 8
31 1 U -1
32 1 L 2
33 0 U 0
34 1 U 28
35 1 L 31
36 1 L 32
37 1 L 18
38 1 U 27
39 1 L -1
40 1 U 4
41 0 L 11
42 1 U 33
43 1 U 3
44 0 L 34
45 1 L 37
46 1 L 39
47 1 U -1
48
0 0 U -1
1 0 U -1
2 1 U -1
3 0 U 1
4 0 U 2
5 1 L 0
6 1 L -1
7 0 U 4
8 1 L -1
9 1 U -1
10 0 U 5
11 0 U 10
12 0 U 4
13 1 U 5
14 0 U 6
15 1 U 14
16 1 U 9
17 1 U 6
18 0 U 2
19 1 L 2
20 1 U -1
21 1 L 8
22 0 L 19
23 1 L 7
24 1 L 16
25 1 U -1
26 0 U -1
27 0 U 12
28 1 U 12
29 1 L -1
30 1 U 8
31 1 U -1
32 1 L 2
33 0 U 0
34 1 U 28
35 0 L 31
36 1 L 32
37 1 L 18
38 1 U 27
39 1 L -1
40 1 U 33
41 0 L 34
42 1 U 33
43 1 U 42
44 1 L 19
45 1 L 37
46 1 L 29
47 1 U -1
48
0 0 L -1
1 0 U -1
2 1 U -1
3 0 U 1
4 0 U 2
5 1 L 0
6 1 L -1
7 0 U 0
8 1 L -1
9 1 U -1
10 0 U 7
11 0 U 10
12 0 U 4
13 1 U 10
14 0 U 6
15 0 U 11
16 1 U 9
17 1 U 6
18 0 U 9
19 1 L 2
20 1 U -1
21 1 L 8
22 0 L 19
23 1 L 19
24 1 L 13
25 1 U 2
26 0 U -1
27 0 U 12
28 1 U 12
29 1 L -1
30 1 U 8
31 1 U -1
32 1 L 21
33 0 U 0
34 1 U 28
35 1 L 31
36 0 L -1
37 1 L 24
38 1 U 27
39 1 L 0
40 1 U 4
41 0 U 4
42 1 U 4
43 1 U 3
44 0 L 4
45 1 L 37
46 1 L 11
47 1 U -1
48
0 0 L -1
1 0 U -1
2 1 U -1
3 0 U 1
4 0 U 2
5 1 L 0
6 1 L -1
7 0 U 0
8 1 L -1
9 1 U -1
10 0 U 7
11 0 U 10
12 0 U 4
13 1 U 5
14 0 U 6
15 0 U 14
16 1 U 9
17 0 U 6
18 0 U 2
19 1 L 11
20 1 U -1
21 1 L 8
22 0 L 19
23 1 L 19
24 1 L 16
25 1 U -1
26 0 U -1
27 0 U 5
28 1 U 12
29 1 L -1
30 1 U 13
31 1 U -1
32 1 L 10
33 0 U 31
34 1 U 28
35 1 L 31
36 0 L -1
37 1 L 24
38 1 U 27
39 1 L 36
40 1 U 33
41 1 L 39
42 1 U 4
43 1 U 3
44 1 L 3
45 1 L 37
46 1 L 44
47 1 U -1
48
0 0 U -1
1 0 U -1
2 1 U -1
3 1 U 1
4 0 U 2
5 1 L 0
6 1 L -1
7 1 U 0
8 1 L -1
9 1 U -1
10 1 U 7
11 0 U 10
12 0 U 4
13 1 U 12
14 0 U 7
15 1 U 14
16 1 U 9
17 0 U 7
18 0 U 2
19 1 L 11
20 1 U 13
21 1 L 8
22 0 L 19
23 1 L 19
24 0 L 13
25 1 U -1
26 1 U -1
27 0 U 25
28 1 U 12
29 1 L -1
30 1 U 13
31 1 U -1
32 1 L 21
33 0 U 0
34 1 U 28
35 0 L 31
36 0 L 0
37 1 L 18
38 1 U 27
39 0 L 36
40 1 U 4
41 1 L -1
42 1 U 4
43 1 U 3
44 0 L 31
45 1 L 37
46 1 L 10
47 1 U 9
48
0 0 U -1
1 0 U -1
2 1 U -1
3 1 U 1
4 0 U 2
5 1 L 0
6 1 L -1
7 1 U 0
8 1 L -1
9 1 U -1
10 0 U 7
11 0 U 10
12 0 U 4
13 1 U 12
14 0 U 5
15 1 U 14
16 1 U 9
17 0 U 5
18 0 U 2
19 1 L 11
20 1 U -1
21 1 L 8
22 0 L 19
23 1 L 19
24 1 L 19
25 1 U -1
26 0 U -1
27 0 U 25
28 1 U 5
29 1 L -1
30 1 U 17
31 1 U -1
32 1 L 2
33 0 U 31
34 1 U 28
35 1 L 31
36 0 L -1
37 1 L 20
38 1 U 27
39 1 L 36
40 1 U 33
41 0 U -1
42 1 U 33
43 1 U 42
44 1 L 13
45 1 L 37
46 1 L 29
47 1 U 9
48
0 0 U -1
1 0 U -1
2 1 U -1
3 1 U 1
4 0 U 2
5 1 L 1
6 1 L -1
7 1 U 0
8 1 L -1
9 1 U -1
10 1 U 7
11 0 U 10
12 0 U 4
13 1 U 12
14 0 U 5
15 1 U 14
16 1 U 9
17 1 U 5
18 0 U 2
19 1 L 11
20 1 U -1
21 1 L 8
22 0 L 19
23 1 L 19
24 1 L 7
25 1 U -1
26 0 U -1
27 0 U 25
28 1 U 7
29 1 L -1
30 1 U 8
31 1 U -1
32 1 L 11
33 0 U 31
34 1 U 28
35 1 L 31
36 0 L -1
37 1 L 23
38 1 U 5
39 1 L 36
40 1 U 33
41 0 U -1
42 1 U 4
43 1 U 42
44 1 L 42
45 1 L 25
46 1 L 8
47 1 U 9
48
0 0 L -1
1 0 U -1
2 1 U -1
3 1 U 1
4 0 U 2
5 1 L 0
6 1 L -1
7 1 U 0
8 1 L -1
9 1 U -1
10 1 U 7
11 0 U 10
12 0 U 4
13 1 U 12
14 0 U 5
15 1 U 14
16 1 U 9
17 1 U 5
18 0 U 2
19 1 L 11
20 1 U -1
21 1 L 8
22 1 L 19
23 1 L 19
24 1 L 7
25 1 U -1
26 0 U -1
27 0 U 25
28 1 U 5
29 1 L -1
30 1 U 8
31 1 U -1
32 1 L 11
33 0 U 0
34 1 U 28
35 1 L 28
36 0 L -1
37 1 L 23
38 1 U 7
39 1 L 36
40 1 U 4
41 1 U -1
42 1 U 33
43 1 U 42
44 1 L 41
45 1 L 25
46 1 L 5
47 1 U 41
48
0 0 U -1
1 0 U -1
2 1 U -1
3 1 U 1
4 0 U 2
5 1 L 0
6 1 L -1
7 0 U 0
8 1 L -1
9 1 U -1
10 1 U 6
11 0 U 10
12 0 U 4
13 1 U 12
14 0 U 5
15 0 U 14
16 1 U 9
17 0 U 5
18 0 U 2
19 1 L 2
20 1 U -1
21 1 L 8
22 1 L 19
23 1 L 19
24 1 L 7
25 1 U -1
26 0 U -1
27 0 U 25
28 1 U 27
29 1 L -1
30 1 U 17
31 1 U -1
32 1 L 11
33 0 U 31
34 1 U 28
35 1 L 31
36 0 L -1
37 1 L 23
38 1 U 5
39 1 L 36
40 1 U 33
41 1 U -1
42 1 U 4
43 1 U 42
44 0 L 3
45 1 L 37
46 1 L 4
47 1 U 41
48
0 0 U -1
1 0 U -1
2 1 U -1
3 1 U 1
4 0 U 2
5 1 L 1
6 1 L -1
7 1 U 0
8 1 L -1
9 1 U -1
10 0 U 7
11 0 U 10
12 0 U 4
13 1 U 12
14 0 U 5
15 0 U 14
16 1 U 9
17 0 U 5
18 0 U 2
19 1 L 11
20 1 U -1
21 1 L 8
22 1 L 19
23 1 L 19
24 1 L 8
25 1 U -1
26 0 U -1
27 0 U 25
28 1 U 6
29 1 L -1
30 1 L 14
31 1 U -1
32 0 L 21
33 0 U 31
34 1 U 28
35 1 L 33
36 0 L -1
37 1 L 23
38 1 U 5
39 1 L 36
40 1 U 33
41 0 U -1
42 1 U 4
43 1 U 3
44 0 L 9
45 1 L 37
46 1 U 21
47 1 U 41
48
0 0 U -1
1 0 U -1
2 1 U -1
3 1 U 1
4 0 U 2
5 1 L 1
6 1 L -1
7 1 U 0
8 1 L -1
9 1 U -1
10 0 U 7
11 0 U 10
12 0 U 4
13 1 U 12
14 0 U 5
15 0 U 14
16 1 U 9
17 0 U 5
18 0 U 2
19 0 L 11
20 1 U -1
21 1 L 8
22 0 L 19
23 1 L 2
24 1 L 8
25 1 U -1
26 0 U -1
27 0 U 25
28 1 U 27
29 1 L -1
30 1 L 14
31 1 U -1
32 0 L 4
33 0 U 31
34 1 U 28
35 1 L 26
36 0 L -1
37 1 L 16
38 1 U 27
39 1 L 36
40 1 U 33
41 0 U -1
42 1 U 4
43 1 U 42
44 1 L 38
45 1 L 37
46 1 U 23
47 1 U 41
48
0 0 U -1
1 0 U -1
2 1 U -1
3 1 U 1
4 0 U 2
5 1 L 1
6 1 L -1
7 1 U 0
8 1 L -1
9 1 U -1
10 0 U 7
11 0 U 10
12 0 U 4
13 1 U 12
14 0 U 5
15 1 U 14
16 1 U 9
17 0 U 7
18 0 U 2
19 1 L 2
20 1 U -1
21 1 L 8
22 0 L 19
23 1 L 21
24 1 L 8
25 1 U -1
26 0 U -1
27 0 U 25
28 1 U 7
29 1 L -1
30 1 L 14
31 1 U -1
32 0 L 11
33 0 U 31
34 1 U 28
35 1 L 26
36 0 L -1
37 1 L 32
38 1 U 5
39 1 L 36
40 1 U 4
41 1 U -1
42 1 U 4
43 1 U 42
44 1 L 38
45 1 L 37
46 1 U 23
47 1 U 41
48
0 0 L -1
1 0 U -1
2 1 U -1
3 1 U 1
4 0 U 2
5 1 L 1
6 1 L -1
7 1 U 0
8 1 L -1
9 1 U -1
10 0 U 7
11 0 U 10
12 0 U 4
13 1 U 12
14 0 U 5
15 1 U 14
16 1 U 9
17 0 U 7
18 0 U 2
19 0 L 11
20 1 U -1
21 1 L 8
22 1 L 19
23 1 L 21
24 1 L 8
25 1 U -1
26 0 U -1
27 0 U 25
28 1 U 7
29 1 L -1
30 1 L 14
31 1 U -1
32 0 L 24
33 0 U 0
34 1 U 28
35 1 L 30
36 0 L -1
37 1 L 9
38 1 U 27
39 1 L 36
40 1 U 4
41 0 U 9
42 1 U 4
43 1 U 18
44 0 L 35
45 1 L 37
46 1 U 21
47 1 U 41
48
0 0 U -1
1 0 U -1
2 1 U -1
3 1 U 1
4 0 U 2
5 1 L 0
6 1 L -1
7 1 U 0
8 1 L -1
9 1 U -1
10 0 U 7
11 0 U 10
12 0 U 4
13 1 U 12
14 0 U 7
15 0 U 14
16 1 U 9
17 0 U 7
18 0 U 2
19 1 L 2
20 1 U -1
21 1 L 8
22 0 L 19
23 1 L 21
24 1 L 8
25 1 U -1
26 0 U -1
27 0 U 25
28 1 U 5
29 1 L -1
30 1 L 14
31 1 U -1
32 0 L 11
33 0 U 0
34 1 U 28
35 1 L 30
36 0 L -1
37 1 L 32
38 1 U 6
39 1 L 36
40 1 U 4
41 1 U -1
42 1 U 33
43 1 U 42
44 0 L 35
45 1 L 37
46 1 U 23
47 1 U 41
48
0 0 L -1
1 0 U -1
2 1 U -1
3 1 U 1
4 0 U 2
5 1 L 0
6 1 L -1
7 1 U 0
8 1 L -1
9 1 U -1
10 0 U 7
11 0 U 10
12 0 U 4
13 1 U 12
14 0 U 5
15 0 U 14
16 1 U 9
17 0 U 7
18 0 U 2
19 0 L 2
20 1 U -1
21 1 L 8
22 0 L 19
23 1 L 21
24 1 L 8
25 1 U -1
26 0 U -1
27 0 U 25
28 1 U 5
29 1 L -1
30 1 L 14
31 1 U -1
32 0 L 4
33 0 U 31
34 1 U 28
35 1 L 26
36 0 L -1
37 1 L 16
38 1 U 7
39 1 L 36
40 1 U 33
41 0 U -1
42 1 U 4
43 1 U 18
44 1 L 38
45 1 L 37
46 1 U 35
47 1 U 9
48
0 0 U -1
1 0 U -1
2 1 U -1
3 1 U 1
4 0 U 2
5 1 L 1
6 1 L -1
7 1 U 0
8 1 L -1
9 1 U -1
10 0 U 7
11 0 U 10
12 0 U 4
13 1 U 12
14 0 U 5
15 0 U 14
16 1 U 9
17 0 U 5
18 0 U 2
19 1 L 2
20 1 U -1
21 1 L 8
22 1 L 19
23 1 L 2
24 1 L 8
25 1 U -1
26 0 U -1
27 0 U 25
28 1 U 7
29 1 L -1
30 1 L 14
31 1 U -1
32 0 L 5
33 0 U 0
34 1 U 28
35 1 L 26
36 0 L -1
37 1 L 9
38 1 U 6
39 1 L 36
40 1 U 33
41 0 U -1
42 1 U 4
43 1 U 42
44 0 L 41
45 1 L 37
46 1 U 23
47 1 U 9
48
0 0 L -1
1 0 U -1
2 1 U -1
3 1 U 1
4 0 U 2
5 1 L 1
6 1 L -1
7 1 U 0
8 1 L -1
9 1 U -1
10 0 U 7
11 0 U 10
12 0 U 4
13 1 U 12
14 0 U 5
15 0 U 14
16 1 U 9
17 0 U 7
18 0 U 2
19 1 L 11
20 1 U -1
21 1 L 8
22 1 L 19
23 1 L 11
24 1 L 8
25 1 U -1
26 0 U -1
27 0 U 25
28 1 U 27
29 1 L -1
30 1 L 14
31 1 U -1
32 0 L 2
33 0 U 31
34 1 U 28
35 1 L 33
36 0 L -1
37 1 L 32
38 1 U 7
39 1 L 36
40 1 U 4
41 0 U -1
42 1 U 4
43 1 U 3
44 0 L 35
45 1 L 37
46 1 U 21
47 1 U 9
48
0 0 L -1
1 0 U -1
2 1 U -1
3 1 U 1
4 0 U 2
5 1 L 1
6 1 L -1
7 1 U 0
8 1 L -1
9 1 U -1
10 0 U 7
11 0 U 10
12 0 U 4
13 1 U 12
14 0 U 5
15 1 U 14
16 1 U 9
17 0 U 5
18 0 U 2
19 0 L 2
20 1 U -1
21 1 L 8
22 1 L 19
23 1 L 21
24 1 L 8
25 1 U -1
26 0 U -1
27 0 U 25
28 1 U 7
29 1 L -1
30 1 L 14
31 1 U -1
32 0 L 2
33 0 U 31
34 1 U 28
35 1 L 30
36 0 L -1
37 1 L 32
38 1 U 5
39 1 L 36
40 1 U 33
41 0 U -1
42 1 U 4
43 1 U 3
44 0 L 30
45 1 L 37
46 1 U 35
47 1 U 9
48
0 0 L -1
1 0 U -1
2 1 U -1
3 1 U 1
4 0 U 2
5 1 L 0
6 1 L -1
7 1 U 0
8 1 L -1
9 1 U -1
10 0 U 7
11 0 U 10
12 0 U 4
13 1 U 12
14 0 U 7
15 1 U 14
16 1 U 9
17 0 U 7
18 0 U 2
19 0 L 2
20 1 U -1
21 1 L 8
22 0 L 19
23 1 L 21
24 1 L 8
25 1 U -1
26 0 U -1
27 0 U 25
28 1 U 5
29 1 L -1
30 1 L 14
31 1 U -1
32 0 L 2
33 0 U 31
34 1 U 28
35 1 L 26
36 0 L -1
37 1 L 32
38 1 U 5
39 1 L 36
40 1 U 4
41 0 U -1
42 1 U 33
43 1 U 3
44 0 L 35
45 1 L 37
46 1 U 23
47 1 U 41
48
0 0 U -1
1 0 U -1
2 1 U -1
3 1 U 1
4 0 U 2
5 1 L 1
6 1 L -1
7 1 U 0
8 1 L -1
9 1 U -1
10 0 U 7
11 0 U 10
12 0 U 4
13 1 U 12
14 0 U 7
15 1 U 14
16 1 U 9
17 1 U 7
18 0 U 2
19 1 L 2
20 1 U -1
21 1 L 8
22 0 L 19
23 1 L 11
24 1 L 8
25 1 U -1
26 0 U -1
27 0 U 25
28 1 U 27
29 1 L -1
30 1 L 14
31 1 U -1
32 0 L 4
33 0 U 31
34 1 U 17
35 1 L 31
36 0 L -1
37 1 L 23
38 1 U 5
39 1 L 36
40 1 U 4
41 0 U -1
42 1 U 33
43 1 U 3
44 1 L 30
45 1 L 37
46 1 U 35
47 1 U 41
48
0 0 U -1
1 0 U -1
2 1 U -1
3 1 U 1
4 0 U 2
5 1 L 1
6 1 L -1
7 1 U 0
8 1 L -1
9 1 U -1
10 0 U 7
11 0 U 10
12 0 U 4
13 1 U 12
14 0 U 7
15 1 U 14
16 1 U 9
17 1 U 7
18 0 U 2
19 1 L 2
20 1 U -1
21 1 L 8
22 1 L 19
23 1 L 11
24 1 L 8
25 1 U -1
26 0 U -1
27 0 U 25
28 1 U 5
29 1 L -1
30 1 L 14
31 1 U -1
32 0 L 11
33 0 U 31
34 1 U 17
35 1 L 28
36 0 L -1
37 1 L 32
38 1 U 6
39 1 L 36
40 1 U 33
41 0 U -1
42 1 U 4
43 1 U 42
44 1 L 30
45 1 L 37
46 1 U 35
47 1 U 9
48
0 0 L -1
1 0 U -1
2 1 U -1
3 1 U 1
4 0 U 2
5 1 L 1
6 1 L -1
7 1 U 0
8 1 L -1
9 1 U -1
10 0 U 7
11 0 U 10
12 0 U 4
13 1 U 12
14 0 U 5
15 1 U 14
16 1 U 9
17 1 U 5
18 0 U 2
19 1 L 2
20 1 U -1
21 1 L 8
22 0 L 19
23 1 L 11
24 1 L 8
25 1 U -1
26 0 U -1
27 0 U 25
28 1 U 7
29 1 L -1
30 1 L 14
31 1 U -1
32 0 L 5
33 0 U 31
34 1 U 17
35 1 L 28
36 0 L -1
37 1 L 23
38 1 U 6
39 1 L 36
40 1 U 33
41 0 U -1
42 1 U 4
43 1 U 18
44 1 L 26
45 1 L 37
46 1 U 35
47 1 U 9
48
0 0 U -1
1 0 U -1
2 1 U -1
3 1 U 1
4 0 U 2
5 1 L 1
6 1 L -1
7 1 U 0
8 1 L -1
9 1 U -1
10 0 U 7
11 0 U 10
12 0 U 4
13 1 U 12
14 0 U 5
15 1 U 14
16 1 U 9
17 1 U 5
18 0 U 2
19 0 L 2
20 1 U -1
21 1 L 8
22 1 L 19
23 1 L 21
24 1 L 8
25 1 U -1
26 0 U -1
27 0 U 25
28 1 U 27
29 1 L -1
30 1 L 14
31 1 U -1
32 0 L 4
33 0 U 31
34 1 U 17
35 1 L 30
36 0 L -1
37 1 L 13
38 1 U 27
39 1 L 36
40 1 U 33
41 1 U -1
42 1 U 33
43 1 U 42
44 0 L 41
45 1 L 37
46 1 U 35
47 1 U 41
48
0 0 L -1
1 0 U -1
2 1 U -1
3 1 U 1
4 0 U 2
5 1 L 0
6 1 L -1
7 1 U 0
8 1 L -1
9 1 U -1
10 0 U 7
11 0 U 10
12 0 U 4
13 1 U 12
14 0 U 5
15 0 U 14
16 1 U 9
17 1 U 7
18 0 U 2
19 1 L 2
20 1 U -1
21 1 L 8
22 0 L 19
23 1 L 11
24 1 L 8
25 1 U -1
26 0 U -1
27 0 U 25
28 1 U 5
29 1 L -1
30 1 L 14
31 1 U -1
32 0 L 21
33 0 U 0
34 1 U 17
35 1 L 26
36 0 L -1
37 1 L 23
38 1 U 5
39 1 L 36
40 1 U 33
41 0 U -1
42 1 U 4
43 1 U 40
44 0 L 35
45 1 L 37
46 1 U 35
47 1 U 9
48
0 0 U -1
1 0 U -1
2 1 U -1
3 1 U 1
4 0 U 2
5 1 L 1
6 1 L -1
7 1 U 0
8 1 L -1
9 1 U -1
10 0 U 7
11 0 U 10
12 0 U 4
13 1 U 12
14 0 U 5
15 1 U 14
16 1 U 9
17 1 U 5
18 0 U 2
19 1 L 11
20 1 U -1
21 1 L 8
22 0 L 19
23 1 L 2
24 1 L 8
25 1 U -1
26 0 U -1
27 0 U 25
28 1 U 27
29 1 L -1
30 1 L 14
31 1 U -1
32 0 L 24
33 0 U 0
34 1 U 17
35 1 L 17
36 0 L -1
37 1 L 23
38 1 U 7
39 1 L 36
40 1 U 33
41 0 U -1
42 1 U 33
43 1 U 18
44 0 L 17
45 1 L 37
46 1 U 35
47 1 U 41
48
0 0 L -1
1 0 U -1
2 1 U -1
3 1 U 1
4 0 U 2
5 1 L 0
6 1 L -1
7 1 U 0
8 1 L -1
9 1 U -1
10 0 U 7
11 0 U 10
12 0 U 4
13 1 U 12
14 0 U 7
15 1 U 14
16 1 U 9
17 1 U 7
18 0 U 2
19 1 L 2
20 1 U -1
21 1 L 8
22 1 L 19
23 1 L 11
24 1 L 8
25 1 U -1
26 0 U -1
27 0 U 25
28 1 U 6
29 1 L -1
30 1 L 14
31 1 U -1
32 0 L 2
33 0 U 0
34 1 U 17
35 1 L 31
36 0 L -1
37 1 L 32
38 1 U 12
39 1 L 36
40 1 U 33
41 1 U -1
42 1 U 33
43 1 U 42
44 0 L 26
45 1 L 37
46 1 U 35
47 1 U 41
48
0 0 U -1
1 0 U -1
2 1 U -1
3 1 U 1
4 0 U 2
5 1 L 1
6 1 L -1
7 1 U 0
8 1 L -1
9 1 U -1
10 0 U 7
11 0 U 10
12 0 U 4
13 1 U 12
14 0 U 5
15 0 U 14
16 1 U 9
17 1 U 7
18 0 U 2
19 1 L 11
20 1 U -1
21 1 L 8
22 0 L 19
23 1 L 11
24 1 L 8
25 1 U -1
26 0 U -1
27 0 U 25
28 1 U 6
29 1 L -1
30 1 L 14
31 1 U -1
32 0 L 21
33 0 U 31
34 1 U 17
35 1 L 31
36 0 L -1
37 1 L 9
38 1 U 27
39 1 L 36
40 1 U 4
41 0 U -1
42 1 U 33
43 1 U 3
44 1 L 30
45 1 L 37
46 1 U 35
47 1 U 9
48
0 0 L -1
1 0 U -1
2 1 U -1
3 1 U 1
4 0 U 2
5 1 L 1
6 1 L -1
7 1 U 0
8 1 L -1
9 1 U -1
10 0 U 7
11 0 U 10
12 0 U 4
13 1 U 12
14 0 U 7
15 1 U 14
16 1 U 9
17 1 U 7
18 0 U 2
19 0 L 11
20 1 U -1
21 1 L 8
22 0 L 19
23 1 L 21
24 1 L 8
25 1 U -1
26 0 U -1
27 0 U 25
28 1 U 7
29 1 L -1
30 1 L 14
31 1 U -1
32 0 L 21
33 0 U 0
34 1 U 17
35 1 L 17
36 0 L -1
37 1 L 16
38 1 U 5
39 1 L 36
40 1 U 4
41 0 U 34
42 1 U 33
43 1 U 18
44 0 L 30
45 1 L 37
46 1 U 35
47 1 U 9
48
0 0 L -1
1 0 U -1
2 1 U -1
3 1 U 1
4 0 U 2
5 1 L 0
6 1 L -1
7 1 U 0
8 1 L -1
9 1 U -1
10 0 U 7
11 0 U 10
12 0 U 4
13 1 U 12
14 0 U 5
15 1 U 14
16 1 U 9
17 1 U 7
18 0 U 2
19 1 L 2
20 1 U -1
21 1 L 8
22 1 L 19
23 1 L 11
24 1 L 8
25 1 U -1
26 0 U -1
27 0 U 25
28 1 U 5
29 1 L -1
30 1 L 14
31 1 U -1
32 0 L 4
33 0 U 31
34 1 U 17
35 1 L 31
36 0 L -1
37 1 L 23
38 1 U 27
39 1 L 36
40 1 U 33
41 0 U -1
42 1 U 4
43 1 U 3
44 0 L 26
45 1 L 37
46 1 U 35
47 1 U 9
48
0 0 L -1
1 0 U -1
2 1 U -1
3 1 U 1
4 0 U 2
5 1 L 1
6 1 L -1
7 1 U 0
8 1 L -1
9 1 U -1
10 0 U 7
11 0 U 10
12 0 U 4
13 1 U 12
14 0 U 7
15 0 U 14
16 1 U 9
17 1 U 7
18 0 U 2
19 1 L 2
20 1 U -1
21 1 L 8
22 0 L 19
23 1 L 21
24 1 L 8
25 1 U -1
26 0 U -1
27 0 U 25
28 1 U 5
29 1 L -1
30 1 L 14
31 1 U -1
32 0 L 5
33 0 U 31
34 1 U 17
35 1 L 17
36 0 L -1
37 1 L 23
38 1 U 6
39 1 L 36
40 1 U 33
41 0 U -1
42 1 U 33
43 1 U 18
44 0 L 30
45 1 L 37
46 1 U 35
47 1 U 9
48
0 0 L -1
1 0 U -1
2 1 U -1
3 1 U 1
4 0 U 2
5 1 L 0
6 1 L -1
7 1 U 0
8 1 L -1
9 1 U -1
10 0 U 7
11 0 U 10
12 0 U 4
13 1 U 12
14 0 U 5
15 0 U 14
16 1 U 9
17 1 U 5
18 0 U 2
19 1 L 11
20 1 U -1
21 1 L 8
22 1 L 19
23 1 L 2
24 1 L 8
25 1 U -1
26 0 U -1
27 0 U 25
28 1 U 6
29 1 L -1
30 1 L 14
31 1 U -1
32 0 L 4
33 0 U 31
34 1 U 17
35 1 L 30
36 0 L -1
37 1 L 16
38 1 U 6
39 1 L 36
40 1 U 33
41 1 U -1
42 1 U 33
43 1 U 40
44 1 L 38
45 1 L 37
46 1 U 35
47 1 U 41
48
0 0 U -1
1 0 U -1
2 1 U -1
3 1 U 1
4 0 U 2
5 1 L 0
6 1 L -1
7 1 U 0
8 1 L -1
9 1 U -1
10 0 U 7
11 0 U 10
12 0 U 4
13 1 U 12
14 0 U 7
15 0 U 14
16 1 U 9
17 1 U 5
18 0 U 2
19 1 L 2
20 1 U -1
21 1 L 8
22 0 L 19
23 1 L 21
24 1 L 8
25 1 U -1
26 0 U -1
27 0 U 25
28 1 U 6
29 1 L -1
30 1 L 14
31 1 U -1
32 0 L 24
33 0 U 31
34 1 U 17
35 1 L 30
36 0 L -1
37 1 L 23
38 1 U 27
39 1 L 36
40 1 U 4
41 1 U -1
42 1 U 33
43 1 U 18
44 1 L 38
45 1 L 37
46 1 U 35
47 1 U 41
48
0 0 U -1
1 0 U -1
2 1 U -1
3 1 U 1
4 0 U 2
5 1 L 1
6 1 L -1
7 1 U 0
8 1 L -1
9 1 U -1
10 0 U 7
11 0 U 10
12 0 U 4
13 1 U 12
14 0 U 5
15 1 U 14
16 1 U 9
17 1 U 7
18 0 U 2
19 0 L 11
20 1 U -1
21 1 L 8
22 1 L 19
23 1 L 21
24 1 L 8
25 1 U -1
26 0 U -1
27 0 U 25
28 1 U 5
29 1 L -1
30 1 L 14
31 1 U -1
32 0 L 2
33 0 U 0
34 1 U 17
35 1 L 31
36 0 L -1
37 1 L 9
38 1 U 12
39 1 L 36
40 1 U 4
41 0 U -1
42 1 U 4
43 1 U 3
44 0 L 17
45 1 L 37
46 1 U 35
47 1 U 9
48
0 0 L -1
1 0 U -1
2 1 U -1
3 1 U 1
4 0 U 2
5 1 L 0
6 1 L -1
7 1 U 0
8 1 L -1
9 1 U -1
10 0 U 7
11 0 U 10
12 0 U 4
13 1 U 12
14 0 U 7
15 0 U 14
16 1 U 9
17 1 U 7
18 0 U 2
19 1 L 2
20 1 U -1
21 1 L 8
22 0 L 19
23 1 L 11
24 1 L 8
25 1 U -1
26 0 U -1
27 0 U 25
28 1 U 27
29 1 L -1
30 1 L 14
31 1 U -1
32 0 L 21
33 0 U 31
34 1 U 17
35 1 L 17
36 0 L -1
37 1 L 16
38 1 U 6
39 1 L 36
40 1 U 33
41 0 U 29
42 1 U 4
43 1 U 18
44 0 L 30
45 1 L 37
46 1 U 35
47 1 U 9
48
0 0 L -1
1 0 U -1
2 1 U -1
3 1 U 1
4 0 U 2
5 1 L 1
6 1 L -1
7 1 U 0
8 1 L -1
9 1 U -1
10 0 U 7
11 0 U 10
12 0 U 4
13 1 U 12
14 0 U 7
15 0 U 14
16 1 U 9
17 1 U 5
18 0 U 2
19 0 L 11
20 1 U -1
21 1 L 8
22 1 L 19
23 1 L 2
24 1 L 8
25 1 U -1
26 0 U -1
27 0 U 25
28 1 U 6
29 1 L -1
30 1 L 14
31 1 U -1
32 0 L 21
33 0 U 0
34 1 U 17
35 1 L 30
36 0 L -1
37 1 L 9
38 1 U 5
39 1 L 36
40 1 U 33
41 1 U 34
42 1 U 4
43 1 U 3
44 0 L 17
45 1 L 37
46 1 U 35
47 1 U 9
