58
0 0 U -1
1 0 U -1
2 0 U -1
3 0 U -1
4 0 U -1
5 0 U -1
6 0 U -1
7 0 U -1
8 0 U -1
9 0 U -1
10 0 U -1
11 0 U -1
12 0 U -1
13 0 U -1
14 0 U -1
15 0 U -1
16 0 U -1
17 0 U -1
18 0 U -1
19 0 U -1
20 0 U -1
21 0 U -1
22 0 U -1
23 0 U -1
24 0 U -1
25 0 U -1
26 0 U -1
27 0 U -1
28 0 U -1
29 0 U -1
30 0 U -1
31 0 U -1
32 0 U -1
33 0 U -1
34 0 U -1
35 0 U -1
36 0 U -1
37 0 U -1
38 0 U -1
39 0 U -1
40 0 U -1
41 0 U -1
42 0 U -1
43 0 U -1
44 0 U -1
45 0 U -1
46 0 U -1
47 0 U -1
48 0 U -1
49 0 U -1
50 0 U -1
51 0 U -1
52 0 U -1
53 0 U -1
54 0 U -1
55 0 U -1
56 0 U -1
57 0 U -1
58
0 0 U -1
1 0 U -1
2 0 L -1
3 1 U -1
4 1 U 3
5 1 U -1
6 0 U 5
7 0 L -1
8 0 L -1
9 0 U 7
10 0 U -1
11 1 U -1
12 0 U 5
13 0 U 5
14 1 L 10
15 0 L -1
16 0 U -1
17 1 U 13
18 1 L 5
19 0 L -1
20 0 L 9
21 1 U 10
22 0 U -1
23 1 L 18
24 0 L 13
25 1 U 16
26 1 U 24
27 1 L 24
28 0 L 19
29 1 L 14
30 1 L 18
31 1 U 28
32 0 U 29
33 0 U -1
34 1 U 19
35 0 U 19
36 1 L -1
37 0 L 33
38 0 U 20
39 0 L -1
40 1 L 6
41 0 U 8
42 0 U 4
43 1 U 3
44 1 U 41
45 0 U -1
46 0 U 5
47 0 L 28
48 1 L 3
49 1 L 4
50 1 L 15
51 0 L 8
52 0 U 31
53 0 U 4
54 1 L 39
55 1 U -1
56 1 L 41
57 1 L 21
58
0 0 U -1
1 0 U -1
2 0 L -1
3 1 U -1
4 1 U 3
5 1 U -1
6 0 U 5
7 0 L -1
8 0 L -1
9 0 U 1
10 0 U -1
11 1 U -1
12 0 U 5
13 0 U 1
14 1 L 10
15 0 L -1
16 1 U -1
17 1 U 13
18 1 L 5
19 0 L -1
20 0 L 9
21 1 U 5
22 0 U 0
23 0 L 20
24 1 L 13
25 1 U 2
26 1 U 13
27 1 L 24
28 0 L 19
29 1 L 14
30 1 L 28
31 1 U 28
32 0 L 29
33 0 U -1
34 0 U 27
35 0 U 19
36 1 L -1
37 1 L 20
38 0 U 20
39 0 L -1
40 0 L 6
41 1 L 34
42 0 U 4
43 0 U 3
44 1 U 22
45 0 U -1
46 1 L 37
47 1 U 13
48 1 L 3
49 1 L 4
50 1 L 0
51 0 L 19
52 0 U 40
53 1 U 31
54 1 L 24
55 0 U -1
56 1 L 48
57 1 L 16
58
0 0 U -1
1 0 U -1
2 0 L -1
3 1 U -1
4 1 U 3
5 1 U -1
6 0 U 1
7 0 L -1
8 0 L -1
9 0 U 5
10 0 U -1
11 1 U -1
12 0 U 5
13 0 U 11
14 1 L 10
15 0 L -1
16 1 U -1
17 0 L 15
18 1 L 5
19 0 L -1
20 0 L 9
21 1 U 5
22 0 U 16
23 1 L 20
24 1 L 13
25 1 U 11
26 1 U 13
27 0 L 24
28 0 L 19
29 1 L 23
30 1 L 28
31 1 U 20
32 0 U 23
33 0 U -1
34 0 U 27
35 0 U 19
36 0 L -1
37 1 L 20
38 0 U 24
39 0 L -1
40 0 L 6
41 0 L 33
42 0 U 18
43 0 U 3
44 1 U 26
45 0 U -1
46 0 U 5
47 1 L 24
48 1 L 40
49 1 L 4
50 1 L 8
51 1 L 19
52 1 U 40
53 1 L 43
54 1 L 31
55 0 U -1
56 1 L 48
57 0 L 13
58
0 0 L -1
1 0 U -1
2 0 L -1
3 1 U -1
4 1 U 3
5 1 U -1
6 0 U 1
7 1 L -1
8 0 L -1
9 0 U 1
10 0 U -1
11 0 U -1
12 0 U 11
13 0 U 11
14 0 L 12
15 0 L -1
16 1 U -1
17 0 L 8
18 1 L 9
19 0 L -1
20 0 L 9
21 1 U 5
22 0 U 16
23 1 L 18
24 1 L 13
25 0 U 11
26 1 U 25
27 0 L 12
28 0 L 19
29 1 L 10
30 1 L 28
31 1 U 20
32 0 L 23
33 1 U -1
34 0 U 8
35 1 U 19
36 0 L -1
37 1 U 24
38 0 U 24
39 0 L -1
40 1 L 30
41 0 L 33
42 1 U 21
43 0 U 3
44 1 U 26
45 0 U -1
46 1 L 20
47 0 L 41
48 1 L 6
49 1 L 4
50 1 L 8
51 0 L 0
52 1 U 29
53 1 U 25
54 0 L 48
55 1 U -1
56 0 L 13
57 0 L 13
58
0 0 L -1
1 0 U -1
2 0 L -1
3 1 U -1
4 1 U 3
5 1 U -1
6 0 U 1
7 1 L -1
8 0 L -1
9 0 U 5
10 0 U -1
11 1 U -1
12 0 U 1
13 0 U 1
14 1 L 12
15 0 L -1
16 0 U -1
17 0 L 15
18 1 L 9
19 0 L -1
20 0 L 3
21 1 U 1
22 1 U -1
23 1 L 5
24 1 L 13
25 0 U 22
26 0 U 25
27 0 L 23
28 1 L 19
29 1 L 10
30 1 L 28
31 0 U 24
32 0 L 29
33 1 U 25
34 0 U 21
35 1 U 27
36 0 L -1
37 1 U 20
38 0 U 24
39 0 L -1
40 1 L 30
41 0 L 3
42 1 U 4
43 0 U 3
44 1 U 2
45 1 U -1
46 1 L 45
47 0 L 14
48 1 L 6
49 1 L 4
50 1 L 0
51 0 L 15
52 0 U 50
53 0 L 45
54 0 L 48
55 1 U -1
56 0 L 13
57 0 L 21
58
0 0 L -1
1 0 U -1
2 0 L -1
3 1 U -1
4 1 U 3
5 1 U -1
6 0 U 1
7 1 L -1
8 0 L -1
9 0 U 5
10 0 U 0
11 1 U -1
12 0 U 1
13 0 U 1
14 0 L 12
15 0 L -1
16 0 U 12
17 0 L 15
18 1 L 9
19 0 L -1
20 0 L 3
21 1 U 1
22 1 U -1
23 1 L 5
24 1 L 13
25 0 U 22
26 1 U 13
27 0 L 23
28 1 L 19
29 1 L 10
30 1 L 28
31 1 U 24
32 1 L 29
33 1 U 2
34 0 U 26
35 0 U 27
36 0 L -1
37 1 U 20
38 1 U 24
39 0 L -1
40 1 L 3
41 1 L 9
42 0 U 4
43 0 U 2
44 1 U 2
45 0 U -1
46 1 L 35
47 1 L 27
48 1 L 6
49 1 L 4
50 1 L 2
51 0 L 15
52 0 U 36
53 1 L 10
54 0 L 48
55 1 U -1
56 0 L 10
57 1 L 21
58
0 0 U -1
1 0 U -1
2 0 L -1
3 1 U -1
4 1 U 3
5 1 U -1
6 0 U 5
7 1 L -1
8 0 L -1
9 0 U 1
10 0 U -1
11 1 U -1
12 0 U 11
13 0 U 1
14 0 L 12
15 0 L -1
16 1 L 9
17 0 L 15
18 0 L 9
19 0 L -1
20 0 L 3
21 1 U 1
22 1 U -1
23 0 U 9
24 1 L 13
25 0 L 14
26 1 U 13
27 0 L 23
28 1 L 19
29 1 L 10
30 1 L 28
31 1 U 28
32 0 L 29
33 0 U 3
34 0 U 26
35 0 U 27
36 0 L -1
37 1 U 24
38 0 U 24
39 0 L -1
40 1 L 3
41 1 L 6
42 1 U 21
43 1 U 11
44 1 U 3
45 1 U -1
46 0 L 35
47 1 U 41
48 1 L 6
49 1 L 4
50 1 L 2
51 0 L 19
52 0 U 36
53 1 L 30
54 0 L 48
55 1 U -1
56 0 L 10
57 1 L 21
58
0 0 L -1
1 0 U -1
2 0 L -1
3 1 U -1
4 1 U 3
5 1 U -1
6 0 U 5
7 1 L -1
8 0 L -1
9 0 U 5
10 0 U -1
11 1 U -1
12 0 U 11
13 0 U 5
14 0 L 12
15 0 L -1
16 0 L 9
17 0 L 15
18 0 L 5
19 0 L -1
20 0 L 3
21 1 U 5
22 1 U -1
23 1 U 9
24 1 L 13
25 0 L 14
26 1 U 13
27 1 L 23
28 1 L 19
29 1 L 10
30 1 L 28
31 1 U 28
32 1 L 29
33 0 U 11
34 0 U 21
35 0 U 34
36 0 L -1
37 1 U 24
38 0 U 24
39 0 L -1
40 1 L 3
41 0 L 6
42 1 U 6
43 1 U 11
44 1 U 5
45 1 U -1
46 0 L 31
47 1 L 5
48 1 L 6
49 1 L 4
50 1 L 2
51 1 L 19
52 0 U 36
53 1 L 49
54 0 L 48
55 0 U -1
56 0 L 10
57 1 L 21
58
0 0 L -1
1 0 U -1
2 0 L -1
3 1 U -1
4 1 U 3
5 1 U -1
6 0 U 1
7 1 L -1
8 0 L -1
9 0 U 5
10 0 U -1
11 1 U -1
12 0 U 1
13 0 U 11
14 0 L 12
15 0 L -1
16 1 L 9
17 0 L 4
18 1 L 16
19 0 L -1
20 0 L 17
21 1 U 5
22 1 U -1
23 1 U 9
24 1 L 13
25 0 L 14
26 1 U 7
27 1 L 23
28 1 L 19
29 1 L 10
30 0 L 29
31 1 U 23
32 0 L 29
33 1 U 2
34 0 U 6
35 0 U 34
36 0 L -1
37 1 U 20
38 0 U 27
39 0 L -1
40 1 L 3
41 0 L 6
42 0 U 21
43 1 U 2
44 1 U 3
45 0 U -1
46 0 L 28
47 0 L 31
48 1 L 6
49 1 L 45
50 1 L 8
51 0 L 0
52 0 U 36
53 0 L 10
54 0 L 48
55 1 U -1
56 1 L 54
57 0 L 25
58
0 0 U -1
1 0 U -1
2 0 L -1
3 1 U -1
4 1 U 3
5 1 U -1
6 0 U 5
7 1 L -1
8 0 L -1
9 0 U 5
10 0 U -1
11 1 U -1
12 0 U 5
13 0 U 1
14 0 L 12
15 0 L -1
16 0 L 9
17 0 L 15
18 1 L 5
19 0 L -1
20 0 L 6
21 1 U 5
22 1 U -1
23 1 U 9
24 1 L 13
25 0 L 14
26 1 U 7
27 1 L 23
28 0 L 19
29 1 L 10
30 0 L 29
31 1 U 23
32 1 L 29
33 0 U 2
34 0 U 21
35 0 U 17
36 0 L -1
37 1 U 23
38 0 U 30
39 0 L -1
40 1 L 9
41 0 L 16
42 0 U 18
43 1 U 2
44 1 U 2
45 1 U -1
46 1 L 4
47 0 L 34
48 1 L 6
49 1 L 28
50 1 L 39
51 1 L 0
52 0 U 36
53 0 L 10
54 1 L 48
55 1 U -1
56 1 L 54
57 1 L 25
58
0 0 L -1
1 0 U -1
2 0 L -1
3 1 U -1
4 1 U 3
5 1 U -1
6 0 U 1
7 1 L -1
8 0 L -1
9 0 U 5
10 0 U -1
11 1 U -1
12 0 U 5
13 0 U 1
14 0 L 12
15 0 L -1
16 0 L 8
17 0 L 8
18 1 L 5
19 0 L -1
20 0 L 6
21 1 U 11
22 1 U -1
23 1 U 9
24 1 L 13
25 0 L 14
26 1 U 7
27 1 L 23
28 1 L 0
29 1 L 10
30 0 L 29
31 1 U 23
32 0 L 29
33 1 U 2
34 0 U 21
35 0 U 34
36 0 L -1
37 1 U 23
38 0 U 30
39 0 L -1
40 1 L 9
41 1 L 9
42 0 U 18
43 1 U 2
44 1 U 2
45 1 U -1
46 1 L 4
47 1 L 34
48 1 L 6
49 1 L 4
50 1 L 39
51 1 L 2
52 0 U 50
53 1 L 46
54 0 L 18
55 1 U -1
56 0 L 54
57 0 L 25
58
0 0 U -1
1 0 U -1
2 0 L -1
3 1 U -1
4 1 U 3
5 1 U -1
6 0 U 5
7 1 L -1
8 0 L -1
9 0 U 5
10 0 U -1
11 1 U -1
12 0 U 1
13 0 U 5
14 0 L 12
15 0 L -1
16 0 L 8
17 1 L 15
18 0 L 9
19 0 L -1
20 0 L 6
21 1 U 5
22 1 U -1
23 1 U 9
24 1 L 13
25 0 U 3
26 1 U 7
27 1 L 23
28 1 L 7
29 1 L 10
30 0 L 29
31 0 U 20
32 1 L 30
33 1 U 2
34 0 U 21
35 0 U 34
36 0 L -1
37 1 U 24
38 0 U 30
39 1 L -1
40 1 L 9
41 1 L 20
42 0 U 4
43 1 U 2
44 1 U 3
45 0 U -1
46 0 L 4
47 0 L 6
48 1 L 5
49 1 L 28
50 1 L 39
51 0 L 39
52 0 U 36
53 1 L 51
54 1 L 5
55 1 U -1
56 0 L 29
57 0 L 24
58
0 0 U -1
1 0 U -1
2 0 L -1
3 1 U -1
4 1 U 3
5 1 U -1
6 0 U 5
7 1 L -1
8 0 L -1
9 0 U 5
10 0 U -1
11 1 U -1
12 0 U 1
13 0 U 5
14 0 L 12
15 0 L -1
16 0 L 8
17 1 L 15
18 0 L 5
19 0 L -1
20 0 L 6
21 1 U 1
22 1 U -1
23 1 U 9
24 1 L 13
25 0 U -1
26 1 U 13
27 1 L 23
28 0 L 19
29 1 L 10
30 0 L 29
31 1 U 23
32 1 L 30
33 1 U 22
34 0 U 14
35 0 U 34
36 0 L -1
37 1 U 24
38 0 U 30
39 0 L -1
40 1 L 3
41 1 L 20
42 0 U 6
43 1 U 5
44 1 U 3
45 1 U -1
46 0 L 6
47 0 L 41
48 1 L 41
49 1 L 17
50 1 L 8
51 0 L 19
52 0 U 38
53 0 U 51
54 1 L 47
55 1 U -1
56 0 L 20
57 0 L 24
58
0 0 L -1
1 0 U -1
2 0 L -1
3 1 U -1
4 1 U 3
5 1 U -1
6 0 U 5
7 1 L -1
8 0 L -1
9 0 U 5
10 0 U -1
11 1 U -1
12 0 U 5
13 0 U 1
14 0 L 12
15 0 L -1
16 0 L 8
17 1 L 15
18 1 L 5
19 0 L -1
20 0 L 6
21 1 U 1
22 0 U -1
23 1 U 9
24 1 L 13
25 0 U 1
26 1 U 25
27 1 L 23
28 0 L 19
29 1 L 10
30 0 L 29
31 0 U 24
32 0 L 30
33 1 U 24
34 0 U 6
35 0 U 34
36 0 L -1
37 1 U 30
38 0 U 30
39 0 L -1
40 1 L 3
41 1 L 3
42 0 U 4
43 1 U 2
44 1 U 11
45 0 U -1
46 1 L 6
47 1 L 6
48 1 L 41
49 1 L 17
50 1 L 19
51 0 L 8
52 0 U 38
53 0 L 10
54 1 L 47
55 1 U -1
56 0 L 48
57 0 L 24
58
0 0 L -1
1 0 U -1
2 0 L -1
3 1 U -1
4 1 U 3
5 1 U -1
6 0 U 5
7 1 L -1
8 0 L -1
9 0 U 1
10 0 U -1
11 1 U -1
12 0 U 11
13 0 U 1
14 0 L 12
15 0 L -1
16 0 L 8
17 1 L 15
18 1 L 5
19 0 L -1
20 0 L 6
21 1 U 3
22 1 U -1
23 1 U 9
24 1 L 13
25 0 U 22
26 1 U 25
27 1 L 23
28 0 L 7
29 1 L 10
30 0 L 29
31 1 U 20
32 0 L 29
33 1 U -1
34 0 U 14
35 0 U 34
36 0 L -1
37 1 U 30
38 0 U 30
39 0 L -1
40 1 L 3
41 1 L 3
42 0 U 6
43 1 U 11
44 1 U 11
45 0 U -1
46 1 L 3
47 1 L 6
48 1 L 46
49 1 L 28
50 1 L 39
51 0 L 8
52 0 U 38
53 0 L 27
54 1 L 47
55 0 U -1
56 1 L 11
57 1 L 24
58
0 0 U -1
1 0 U -1
2 0 L -1
3 1 U -1
4 1 U 3
5 1 U -1
6 0 U 5
7 1 L -1
8 0 L -1
9 0 U 5
10 0 U -1
11 1 U -1
12 0 U 11
13 0 U 1
14 0 L 12
15 0 L -1
16 0 L 8
17 1 L 8
18 0 L 5
19 0 L -1
20 0 L 6
21 1 U 3
22 1 U -1
23 1 U 14
24 1 L 13
25 0 U 22
26 1 U 25
27 1 L 23
28 1 L 19
29 1 L 10
30 0 L 29
31 0 U 27
32 0 L 30
33 1 U -1
34 0 U 14
35 0 U 34
36 0 L -1
37 1 U 30
38 0 U 30
39 0 L -1
40 1 L 3
41 1 L 3
42 0 U 8
43 1 U 5
44 1 U 11
45 1 U -1
46 0 L 4
47 1 L 6
48 1 L 41
49 1 L 28
50 1 L 39
51 0 L 8
52 0 U 38
53 0 L 47
54 1 L 6
55 0 U -1
56 0 L 48
57 1 L 32
58
0 0 U -1
1 0 U -1
2 0 L -1
3 1 U -1
4 1 U 3
5 1 U -1
6 0 U 5
7 1 L -1
8 0 L -1
9 0 U 5
10 0 U -1
11 1 U -1
12 0 U 11
13 0 U 1
14 0 L 12
15 0 L -1
16 1 L 1
17 0 L 0
18 0 L 9
19 0 L -1
20 0 L 6
21 1 U 2
22 1 U -1
23 1 U 9
24 1 L 13
25 0 U 2
26 1 U 10
27 1 L 23
28 1 L 11
29 1 L 10
30 0 L 29
31 1 U 28
32 1 L 30
33 1 U -1
34 0 U 8
35 0 U 34
36 0 L -1
37 1 U 30
38 0 U 27
39 0 L -1
40 1 L 6
41 0 L 3
42 0 U 8
43 1 U 5
44 1 U 5
45 0 U -1
46 0 L 40
47 0 L 17
48 1 L 41
49 1 L 17
50 1 L 0
51 1 L 0
52 0 U 38
53 1 L 46
54 1 L 51
55 0 U -1
56 0 L 29
57 0 L 25
58
0 0 L -1
1 0 U -1
2 0 L -1
3 1 U -1
4 1 U 3
5 1 U -1
6 0 U 1
7 1 L -1
8 0 L -1
9 0 U 1
10 0 U -1
11 1 U -1
12 0 U 11
13 0 U 5
14 0 L 12
15 0 L -1
16 1 L 8
17 1 L 0
18 0 L 9
19 0 L -1
20 0 L 6
21 1 U 3
22 1 U -1
23 1 U 16
24 1 L 11
25 1 L 0
26 1 U 10
27 1 L 23
28 0 L 11
29 1 L 10
30 0 L 29
31 1 U 28
32 0 L 30
33 1 U 0
34 0 U 21
35 0 U 34
36 1 L -1
37 1 U 27
38 0 U 27
39 0 L -1
40 1 L 6
41 1 L 3
42 0 U 8
43 1 U 5
44 1 U 1
45 1 U -1
46 0 L 40
47 0 L 3
48 1 L 41
49 1 L 17
50 1 L 0
51 1 L 0
52 0 U 50
53 1 L 39
54 1 L 51
55 0 U -1
56 0 L 29
57 1 L 28
58
0 0 U -1
1 0 U -1
2 0 L -1
3 1 U -1
4 1 U 3
5 1 U -1
6 0 U 1
7 1 L -1
8 0 L -1
9 0 U 5
10 0 U -1
11 1 U -1
12 0 U 1
13 0 U 11
14 0 L 12
15 0 L -1
16 1 L 8
17 1 L 0
18 1 L 9
19 0 L 16
20 0 L 6
21 1 U 2
22 1 U -1
23 1 U 14
24 1 L 14
25 1 L 8
26 1 U 10
27 1 L 23
28 1 L 11
29 1 L 10
30 0 L 29
31 1 U 28
32 1 L 30
33 1 U -1
34 0 U 21
35 0 U 34
36 1 L -1
37 1 U 27
38 0 U 27
39 0 L -1
40 1 L 6
41 1 L 3
42 0 U 8
43 1 U 5
44 1 U 1
45 0 U -1
46 1 L -1
47 0 L 3
48 1 L 18
49 1 L 17
50 1 L 0
51 0 L 0
52 0 U 50
53 0 L 47
54 1 L 18
55 0 U -1
56 0 L 29
57 0 L 28
58
0 0 L -1
1 0 U -1
2 0 L -1
3 1 U -1
4 1 U 3
5 1 U -1
6 0 U 5
7 1 L -1
8 0 L -1
9 0 U 5
10 0 U -1
11 1 U -1
12 0 U 11
13 0 U 11
14 0 L 12
15 0 L -1
16 1 L 8
17 1 L 0
18 1 L 9
19 0 L 16
20 0 L 3
21 1 U 2
22 1 U -1
23 0 U 14
24 1 L 11
25 1 L 8
26 1 U 5
27 1 L 23
28 1 L 11
29 1 L 10
30 0 L 29
31 1 U 28
32 0 L 30
33 1 U -1
34 1 U 26
35 0 U 34
36 1 L -1
37 1 U 17
38 0 U 17
39 0 L -1
40 1 L 6
41 1 L 3
42 0 U 8
43 1 U 5
44 1 U 5
45 0 U -1
46 0 L -1
47 0 L 3
48 1 L 18
49 1 L 17
50 1 L 7
51 0 L 0
52 0 U 50
53 1 L 51
54 1 L 47
55 0 U -1
56 0 L 29
57 1 L 22
58
0 0 L -1
1 0 U -1
2 0 L -1
3 1 U -1
4 1 U 3
5 1 U -1
6 0 U 5
7 1 L -1
8 0 L -1
9 0 U 5
10 0 U -1
11 1 U -1
12 0 U 11
13 0 U 11
14 0 L 12
15 0 L -1
16 1 L 8
17 1 L 0
18 1 L 9
19 0 L 16
20 0 L 6
21 1 U 2
22 1 U -1
23 0 U 14
24 1 L 13
25 1 L 20
26 1 U 5
27 0 L 10
28 1 L 11
29 1 L 10
30 0 L 29
31 1 U 28
32 0 L 11
33 1 U -1
34 1 U 26
35 0 U 34
36 1 L -1
37 1 U 17
38 0 U 17
39 0 L -1
40 1 L 6
41 0 L 19
42 0 U 14
43 1 U 5
44 1 U 5
45 1 U -1
46 1 L -1
47 1 U 9
48 1 L 18
49 1 L 17
50 1 L 7
51 0 L 0
52 0 U 50
53 1 L 32
54 1 L 25
55 0 U -1
56 0 L 29
57 1 L 22
58
0 0 L -1
1 0 U -1
2 0 L -1
3 1 U -1
4 1 U 3
5 1 U -1
6 0 U 1
7 1 L -1
8 0 L -1
9 0 U 5
10 0 U -1
11 1 U -1
12 0 U 11
13 0 U 11
14 0 L 12
15 0 L -1
16 1 L 8
17 1 L 0
18 1 L 9
19 0 L 4
20 0 L 6
21 1 U 2
22 1 U -1
23 0 U 8
24 1 L 13
25 1 L 20
26 1 U 1
27 0 L 23
28 1 L 11
29 1 L 10
30 0 L 29
31 1 U 28
32 1 L 27
33 1 U -1
34 1 U 26
35 0 U 34
36 1 L -1
37 1 U 17
38 0 U 17
39 0 L -1
40 1 L 6
41 0 L 19
42 0 U 14
43 1 U 5
44 1 U 5
45 1 U -1
46 0 L -1
47 1 U 39
48 1 L 18
49 1 L 4
50 1 L 15
51 1 L 15
52 0 U 50
53 0 L 51
54 1 L 25
55 0 U -1
56 0 L 29
57 1 L 22
58
0 0 U -1
1 0 U -1
2 0 L -1
3 1 U -1
4 1 U 3
5 1 U -1
6 0 U 1
7 1 L -1
8 0 L -1
9 0 U 5
10 0 U -1
11 1 U -1
12 0 U 11
13 0 U 11
14 0 L 12
15 0 L -1
16 1 L 5
17 1 L 0
18 0 L 9
19 0 L 4
20 0 L 6
21 1 U 2
22 1 U -1
23 0 U 9
24 1 L 14
25 0 L 20
26 1 U 1
27 1 L 23
28 1 L 11
29 1 L 10
30 0 L 29
31 1 U 28
32 0 L 30
33 1 U -1
34 1 U 26
35 0 U 34
36 1 L -1
37 1 U 17
38 0 U 17
39 0 L -1
40 1 L 3
41 1 L 3
42 0 U 6
43 1 U 5
44 1 U 5
45 0 U -1
46 1 L -1
47 1 L 2
48 1 L 25
49 1 L 4
50 1 L 15
51 0 L 47
52 0 U 50
53 0 L 49
54 1 L 53
55 0 U -1
56 0 L 29
57 0 L 22
58
0 0 L -1
1 0 U -1
2 0 L -1
3 1 U -1
4 1 U 3
5 1 U -1
6 0 U 5
7 1 L -1
8 0 L -1
9 0 U 1
10 0 U -1
11 1 U -1
12 0 U 11
13 0 U 11
14 0 L 12
15 0 L -1
16 1 L 5
17 1 L 0
18 0 L 5
19 0 L 17
20 0 L 6
21 1 U 2
22 1 U -1
23 0 U 9
24 1 L 11
25 0 L 20
26 1 U 1
27 0 L 23
28 1 L 11
29 1 L 10
30 0 L 29
31 1 U 28
32 0 L 11
33 1 U -1
34 1 U 7
35 0 U 34
36 1 L -1
37 1 U 17
38 0 U 17
39 0 L -1
40 1 L 3
41 0 U 6
42 0 U 14
43 1 U 5
44 1 U 5
45 0 U -1
46 1 L -1
47 1 L 2
48 1 L 25
49 1 L 4
50 1 L 8
51 0 L 8
52 0 U 50
53 0 L 49
54 1 L 19
55 0 U -1
56 0 L 29
57 1 L 22
58
0 0 L -1
1 0 U -1
2 0 L -1
3 1 U -1
4 1 U 3
5 1 U -1
6 0 U 5
7 1 L -1
8 0 L -1
9 0 U 1
10 0 U -1
11 1 U -1
12 0 U 1
13 0 U 11
14 0 L 12
15 0 L -1
16 1 L 9
17 1 L 0
18 0 L 5
19 0 L 17
20 0 L 6
21 1 U 2
22 1 U -1
23 0 U 18
24 1 L 11
25 1 L 20
26 1 U 1
27 0 L 23
28 1 L 14
29 1 L 10
30 0 L 29
31 1 U 28
32 0 L 30
33 1 U -1
34 1 U 16
35 0 U 34
36 1 L -1
37 1 U 17
38 1 U 17
39 0 L -1
40 0 L 19
41 1 U 8
42 0 U 8
43 1 U 5
44 1 U 5
45 0 U -1
46 0 L -1
47 1 L 2
48 0 L 25
49 1 L 4
50 1 L 8
51 1 L 47
52 0 U 29
53 1 L 40
54 0 L 50
55 0 U -1
56 0 L 29
57 1 L 22
58
0 0 U -1
1 0 U -1
2 0 L -1
3 1 U -1
4 1 U 3
5 1 U -1
6 0 U 1
7 1 L -1
8 0 L -1
9 0 U 1
10 0 U -1
11 1 U -1
12 0 U 11
13 0 U 1
14 0 L 12
15 0 L -1
16 1 L 5
17 1 L 0
18 0 L -1
19 0 L 9
20 0 L 6
21 1 U 2
22 1 U -1
23 0 U 15
24 1 L 11
25 1 L 20
26 1 U 11
27 0 L 10
28 0 L 14
29 1 L 23
30 0 L 29
31 1 U 28
32 1 L 30
33 1 U -1
34 1 U 16
35 0 U 34
36 1 L -1
37 1 U 17
38 0 U 18
39 0 L -1
40 0 L 9
41 0 U 8
42 0 U 8
43 1 U 5
44 1 U 5
45 1 U -1
46 1 L 8
47 1 L 28
48 0 L 25
49 1 L 17
50 1 L 8
51 0 L 36
52 0 U 38
53 0 L 49
54 0 L 48
55 0 U -1
56 0 L 49
57 1 L 22
58
0 0 U -1
1 0 U -1
2 0 L -1
3 1 U -1
4 1 U 3
5 1 U -1
6 0 U 5
7 1 L -1
8 0 L -1
9 0 U 5
10 0 U -1
11 1 U -1
12 0 U 1
13 0 U 11
14 0 L 12
15 0 L -1
16 1 L 9
17 1 L 0
18 0 L -1
19 0 L 9
20 0 L 6
21 1 U 2
22 1 U -1
23 0 U 14
24 1 L 11
25 1 L 20
26 1 U 11
27 0 L 10
28 0 L 14
29 1 L 23
30 0 L 29
31 1 U 28
32 0 L 30
33 1 U -1
34 1 U 16
35 0 U 34
36 1 L -1
37 1 U 17
38 0 U 18
39 0 L -1
40 0 L 6
41 1 U 8
42 0 U 8
43 0 U 5
44 1 L 5
45 1 U -1
46 1 L 8
47 1 L 28
48 0 L 25
49 1 L 17
50 1 L 8
51 0 L 8
52 0 U 50
53 1 L 40
54 0 L 48
55 0 U -1
56 0 L 29
57 1 L 47
58
0 0 L -1
1 0 U -1
2 0 L -1
3 1 U -1
4 1 U 3
5 1 U -1
6 0 U 1
7 1 L -1
8 0 L -1
9 0 U 5
10 0 U 2
11 1 U -1
12 0 U 5
13 0 U 11
14 0 L 12
15 0 L -1
16 0 L 9
17 1 L 0
18 0 L -1
19 0 U 9
20 0 L 6
21 1 U 2
22 1 U -1
23 1 U 14
24 1 L 11
25 1 L 20
26 1 U 5
27 0 L 10
28 1 L 14
29 1 L 10
30 0 L 29
31 1 U 28
32 1 L 30
33 1 U -1
34 1 U 16
35 0 U 34
36 1 L -1
37 1 U 17
38 0 U 18
39 0 L -1
40 0 L 6
41 0 U 6
42 0 U 6
43 1 U 11
44 1 L 5
45 1 U -1
46 1 L 8
47 0 L 32
48 0 L 44
49 1 L 17
50 1 L 0
51 1 L 8
52 0 U 50
53 1 L 39
54 0 L 48
55 0 U -1
56 0 L 12
57 0 L 47
58
0 0 U -1
1 0 U -1
2 0 L -1
3 1 U -1
4 1 U 3
5 1 U -1
6 0 U 1
7 1 L -1
8 0 L -1
9 0 U 5
10 0 U -1
11 1 U -1
12 0 U 5
13 0 U 11
14 0 L 12
15 0 L -1
16 1 L 9
17 1 L 7
18 0 L -1
19 0 U 9
20 0 L 6
21 1 U 2
22 1 U -1
23 0 U 14
24 1 L 11
25 0 L 20
26 1 U 5
27 0 L 10
28 1 L 14
29 1 L 10
30 0 L 29
31 1 U 28
32 0 L 30
33 1 U -1
34 1 U 7
35 0 U 34
36 1 L -1
37 1 U 17
38 0 U 18
39 0 L -1
40 0 L 6
41 0 U 21
42 0 U 6
43 0 U 1
44 1 L 5
45 1 U -1
46 1 L 44
47 1 L 32
48 0 L 44
49 1 L 17
50 1 L 8
51 0 L 8
52 0 U 50
53 0 L 44
54 0 L 48
55 0 U -1
56 0 L 54
57 0 L 47
58
0 0 U -1
1 0 U -1
2 0 L -1
3 1 U -1
4 1 U 3
5 1 U -1
6 0 U 5
7 1 L -1
8 0 L -1
9 0 U 5
10 0 U -1
11 1 U -1
12 0 U 5
13 0 U 11
14 0 L 12
15 0 L 7
16 1 L 9
17 1 L 0
18 0 L -1
19 1 L 9
20 0 L 6
21 1 U 2
22 1 U -1
23 1 U 14
24 1 L 11
25 0 L 20
26 1 U 5
27 0 L 10
28 1 L 14
29 1 L 10
30 0 L 29
31 1 U 28
32 0 L 14
33 1 U -1
34 1 U 26
35 0 U 27
36 0 L -1
37 1 U 17
38 0 U 17
39 0 L -1
40 0 L 6
41 0 U 12
42 0 U 8
43 1 U 11
44 1 L 5
45 0 U -1
46 1 L 44
47 1 L 32
48 0 L 44
49 1 L 4
50 1 L 8
51 1 L 8
52 0 U 50
53 0 L 44
54 0 L 10
55 0 U -1
56 0 L 54
57 1 L 47
58
0 0 U -1
1 0 U -1
2 0 L -1
3 1 U -1
4 1 U 3
5 1 U -1
6 0 U 1
7 1 L -1
8 0 L -1
9 0 U 1
10 0 U -1
11 1 U -1
12 0 U 5
13 0 U 11
14 0 L 12
15 0 L 7
16 1 L 5
17 1 L 7
18 0 L -1
19 0 L 9
20 0 L 6
21 1 U 2
22 1 U -1
23 1 U 14
24 1 L 11
25 0 L 20
26 1 U 5
27 0 L 10
28 1 L 14
29 1 L 10
30 0 L 29
31 1 U 28
32 0 L 14
33 1 U -1
34 1 U 16
35 0 U 27
36 1 L -1
37 1 U 17
38 0 U 17
39 0 L -1
40 0 L 6
41 0 U 6
42 0 U 8
43 1 U 1
44 1 L 40
45 0 U -1
46 0 L 19
47 1 L 32
48 0 L 44
49 1 L 4
50 1 L 8
51 1 L 8
52 0 U 50
53 1 L 2
54 0 L 10
55 0 U -1
56 0 L 54
57 1 L 47
58
0 0 L -1
1 0 U -1
2 0 L -1
3 1 U -1
4 1 U 3
5 1 U -1
6 0 U 5
7 1 L -1
8 0 L -1
9 0 U 1
10 0 U -1
11 1 U -1
12 0 U 5
13 0 U 11
14 0 L 12
15 0 L 7
16 1 L 5
17 1 L 8
18 1 L -1
19 0 L 9
20 0 L 6
21 1 U 2
22 1 U -1
23 0 U 14
24 1 L 11
25 1 L 20
26 1 U 11
27 0 L 23
28 1 L 14
29 1 L 10
30 0 L 29
31 1 U 28
32 0 L 14
33 1 U -1
34 1 U 16
35 0 U 27
36 0 L -1
37 1 U 17
38 0 U 17
39 0 L -1
40 0 L 6
41 0 U 14
42 0 U 4
43 0 U 11
44 1 L 40
45 1 U -1
46 1 L 25
47 1 L 32
48 0 L 44
49 1 L 4
50 1 L 2
51 1 L 8
52 0 U 50
53 1 L 5
54 0 L 16
55 0 U -1
56 1 L 54
57 1 L 47
58
0 0 U -1
1 0 U -1
2 0 L -1
3 1 U -1
4 1 U 3
5 1 U -1
6 0 U 1
7 1 L -1
8 0 L -1
9 0 U 1
10 0 U -1
11 1 U -1
12 0 U 1
13 0 U 11
14 0 L 12
15 0 L 0
16 1 L 5
17 1 L 7
18 0 L -1
19 0 L 2
20 0 L 6
21 1 U 2
22 1 U -1
23 0 U 9
24 1 L 11
25 0 L 20
26 1 U 11
27 0 L 23
28 1 L 27
29 1 L 23
30 0 L 29
31 1 U 28
32 0 L 30
33 1 U -1
34 1 U 16
35 0 U 27
36 0 L -1
37 1 U 23
38 0 U 23
39 0 L -1
40 0 L 6
41 0 U 12
42 0 U 4
43 0 U 11
44 1 L 40
45 1 U -1
46 1 L 25
47 0 L 32
48 0 L 44
49 1 L 4
50 1 L 2
51 0 L 8
52 0 U 50
53 1 L 3
54 0 L 16
55 0 U -1
56 0 L 54
57 1 L 47
58
0 0 L -1
1 0 U -1
2 0 L -1
3 1 U -1
4 1 U 3
5 1 U -1
6 0 U 1
7 1 L -1
8 0 L -1
9 0 U 1
10 0 U -1
11 1 U -1
12 0 U 5
13 0 U 11
14 0 L 12
15 0 L 7
16 0 L 5
17 1 L 0
18 0 L -1
19 0 L 2
20 0 L 6
21 1 U 2
22 1 U -1
23 0 U 9
24 1 L 11
25 1 L 20
26 1 U 11
27 0 L 23
28 1 L 14
29 1 L 23
30 0 L 29
31 1 U 28
32 0 L 30
33 1 U -1
34 1 U 13
35 0 U 27
36 0 L -1
37 1 U 23
38 0 U 23
39 0 L -1
40 0 L 6
41 0 U 4
42 0 U 16
43 0 U 11
44 1 L 40
45 1 U -1
46 1 L 25
47 1 L 32
48 0 L 16
49 1 L 4
50 1 L 0
51 0 L 7
52 0 U 29
53 0 L 9
54 0 L 23
55 0 U -1
56 0 L 54
57 0 L 47
58
0 0 U -1
1 0 U -1
2 0 L -1
3 1 U -1
4 1 U 3
5 1 U -1
6 0 U 5
7 1 L -1
8 0 L -1
9 0 U 5
10 0 U -1
11 1 U -1
12 0 U 11
13 0 U 11
14 0 L 12
15 0 L 0
16 0 L 5
17 1 L 2
18 1 L 16
19 0 L 2
20 0 L 6
21 1 U 2
22 1 U -1
23 0 U 9
24 1 L 14
25 0 L 20
26 1 U 11
27 0 L 23
28 1 L 14
29 1 L 23
30 0 L 29
31 1 U 28
32 0 L 27
33 0 U -1
34 1 U 13
35 0 U 27
36 0 L -1
37 1 U 23
38 0 U 23
39 0 L -1
40 0 L 6
41 0 U 7
42 0 U 4
43 1 U 11
44 1 L 40
45 1 L -1
46 1 L 25
47 1 L 32
48 0 L 16
49 1 L 4
50 1 L 39
51 0 L 8
52 0 U 50
53 0 L 49
54 0 L 48
55 1 U -1
56 0 L 54
57 1 L 22
58
0 0 L -1
1 0 U -1
2 0 L -1
3 1 U -1
4 1 U 3
5 1 U -1
6 0 U 5
7 1 L -1
8 0 L -1
9 0 U 1
10 0 U -1
11 1 U -1
12 0 U 5
13 0 U 11
14 0 L 12
15 0 L 2
16 0 L 5
17 1 L 8
18 1 L 16
19 0 L 2
20 0 L 6
21 1 U 2
22 1 U -1
23 0 U 9
24 1 L 14
25 0 L 22
26 1 U 1
27 0 L 23
28 1 L 14
29 1 L 23
30 0 L 29
31 1 U 28
32 0 L 27
33 0 U -1
34 1 U 26
35 0 U 27
36 0 L -1
37 1 U 23
38 0 U 17
39 0 L -1
40 0 L 3
41 0 U 14
42 0 U 8
43 1 U 1
44 1 L 40
45 1 L -1
46 0 L 16
47 1 U 5
48 0 L 16
49 1 L 4
50 1 L 39
51 0 L 7
52 0 U 50
53 0 L 16
54 0 L 18
55 0 U -1
56 0 L 54
57 1 L 22
58
0 0 L -1
1 0 U -1
2 0 L -1
3 1 U -1
4 1 U 3
5 1 U -1
6 0 U 5
7 1 L -1
8 0 L -1
9 0 U 5
10 0 U -1
11 1 U -1
12 0 U 5
13 0 U 11
14 0 L 12
15 0 L 0
16 0 L 5
17 1 L 7
18 1 L 16
19 0 L 2
20 0 L 6
21 1 U 2
22 1 U -1
23 0 U 9
24 1 L 14
25 0 L 22
26 1 U 1
27 0 L 23
28 1 L 14
29 1 L 23
30 0 L 29
31 1 U 28
32 0 L 27
33 1 U -1
34 0 U 21
35 0 U 27
36 0 L -1
37 1 U 36
38 0 U 17
39 0 L -1
40 0 L 6
41 0 L 6
42 0 U 8
43 0 U 1
44 1 L 40
45 1 L -1
46 0 L 44
47 1 L 41
48 0 L 16
49 1 L 4
50 1 L 0
51 0 L 2
52 0 U 50
53 0 L 44
54 0 L 18
55 0 U -1
56 0 L 54
57 1 L 22
58
0 0 U -1
1 0 U -1
2 0 L -1
3 1 U -1
4 1 U 3
5 1 U -1
6 0 U 1
7 1 L -1
8 0 L -1
9 0 U 5
10 0 U -1
11 1 U -1
12 0 U 1
13 0 U 11
14 0 L 12
15 0 L 7
16 0 L 5
17 1 L 7
18 1 L 16
19 0 L 2
20 0 L 6
21 1 U 2
22 1 U -1
23 0 U 9
24 1 L 14
25 1 U 22
26 1 U 23
27 0 L 23
28 1 L 27
29 1 L 23
30 0 L 29
31 1 U 28
32 0 L 14
33 0 U -1
34 0 U 16
35 0 U 27
36 0 L -1
37 1 U 23
38 0 U 17
39 0 L -1
40 0 L 6
41 1 L 6
42 0 U 8
43 1 U 1
44 1 L 5
45 1 L -1
46 1 L 16
47 0 L 45
48 0 L 44
49 1 L 19
50 1 L 0
51 0 L 8
52 0 U 29
53 1 L 39
54 0 L 18
55 1 U -1
56 0 L 54
57 1 L 22
58
0 0 U -1
1 0 U -1
2 0 L -1
3 1 U -1
4 1 U 3
5 1 U -1
6 0 U 5
7 1 L -1
8 0 L -1
9 0 U 5
10 0 U -1
11 1 U -1
12 0 U 1
13 0 U 11
14 0 L 12
15 0 L 7
16 0 L 5
17 1 L 7
18 1 L 16
19 0 L 2
20 0 L 6
21 1 U 2
22 1 U -1
23 0 U 9
24 1 L 14
25 0 U 1
26 1 U 23
27 0 L 23
28 1 L 27
29 1 L 23
30 0 L 29
31 1 U 28
32 0 L 14
33 0 U -1
34 0 U 12
35 0 U 27
36 0 L -1
37 1 U 23
38 1 U 1
39 0 L -1
40 0 L 6
41 1 L 6
42 0 U 4
43 0 U 1
44 1 L 5
45 0 L -1
46 1 L 16
47 0 L 45
48 0 L 44
49 1 L 19
50 1 L 0
51 0 L 8
52 0 U 29
53 0 L 39
54 0 L 48
55 1 U -1
56 1 L 54
57 1 L 22
58
0 0 L -1
1 0 U -1
2 0 L -1
3 1 U -1
4 1 U 3
5 1 U -1
6 0 U 1
7 1 L -1
8 0 L -1
9 0 U 1
10 0 U -1
11 1 U -1
12 0 U 11
13 0 U 11
14 0 L 12
15 0 L 2
16 0 L 5
17 1 L 7
18 1 L 16
19 0 L 2
20 0 L 6
21 1 U 2
22 1 U -1
23 0 U 8
24 1 L 14
25 0 U 3
26 1 U 17
27 0 L 23
28 1 L 27
29 1 L 10
30 0 L 29
31 1 U 28
32 0 L 11
33 0 U -1
34 1 U 13
35 0 U 34
36 0 L -1
37 1 U 24
38 1 U 2
39 0 L -1
40 0 L 6
41 1 L 6
42 0 U 12
43 1 U 22
44 1 L 5
45 0 L -1
46 1 L 16
47 0 L 45
48 0 L 16
49 1 L 4
50 1 L 8
51 0 L 8
52 0 U 30
53 0 L 5
54 0 L 46
55 1 U -1
56 0 L 54
57 0 L 22
58
0 0 L -1
1 0 U -1
2 0 L -1
3 1 U -1
4 1 U 3
5 1 U -1
6 0 U 1
7 1 L -1
8 0 L -1
9 0 U 1
10 0 U -1
11 1 U -1
12 0 U 1
13 0 U 11
14 0 L 12
15 0 L 8
16 0 L 5
17 1 L 7
18 1 L 16
19 0 L 2
20 0 L 6
21 1 U 2
22 1 U -1
23 0 U 8
24 1 L 14
25 0 U 2
26 1 U 23
27 0 L 23
28 1 L 27
29 1 L 18
30 0 L 29
31 0 U 28
32 1 L 11
33 0 U -1
34 0 U 13
35 0 U 34
36 0 L -1
37 1 U 23
38 0 U 33
39 0 L -1
40 0 L 6
41 1 L 6
42 1 U 21
43 1 U 22
44 1 L 41
45 1 L -1
46 1 L 16
47 0 L 11
48 0 L 16
49 1 L 19
50 1 L 8
51 0 L 8
52 0 U 24
53 1 L 22
54 0 L 37
55 1 U -1
56 1 L 12
57 1 L 22
58
0 0 L -1
1 0 U -1
2 0 L -1
3 1 U -1
4 1 U 3
5 1 U -1
6 0 U 1
7 1 L -1
8 0 L -1
9 0 U 1
10 0 U -1
11 1 U -1
12 0 U 1
13 0 U 11
14 0 L 12
15 0 L 2
16 0 L 5
17 1 L 0
18 1 L 16
19 0 L 2
20 0 L 6
21 1 U 2
22 1 U -1
23 0 U 9
24 1 L 11
25 0 U 2
26 1 U 17
27 0 L 23
28 1 L 27
29 1 L 18
30 0 L 29
31 0 U 28
32 1 L 27
33 0 U -1
34 0 U 7
35 0 U 34
36 0 L -1
37 1 U 23
38 1 U 3
39 0 L -1
40 0 L 6
41 1 L 6
42 1 U 21
43 1 U 33
44 1 L 41
45 0 L -1
46 1 L 16
47 1 L 41
48 0 L 16
49 1 L 4
50 1 L 8
51 0 L 2
52 0 U 24
53 1 L 28
54 0 L 37
55 1 U -1
56 1 L 46
57 0 L 25
58
0 0 U -1
1 0 U -1
2 0 L -1
3 1 U -1
4 1 U 3
5 1 U -1
6 0 U 1
7 1 L -1
8 0 L -1
9 0 U 5
10 0 U -1
11 1 U -1
12 0 U 11
13 0 U 11
14 0 L 12
15 0 L 2
16 0 L 5
17 1 L 8
18 1 L 16
19 0 L 2
20 0 L 6
21 1 U 2
22 1 U -1
23 0 U 9
24 1 L 11
25 0 U 3
26 1 U 17
27 0 L 23
28 1 L 27
29 1 L 18
30 0 L 29
31 0 U 28
32 1 L 31
33 0 U -1
34 0 U 7
35 0 U 34
36 0 L -1
37 1 U 24
38 1 U 3
39 0 L -1
40 0 L 6
41 1 L 6
42 0 U 21
43 1 U 33
44 1 L 5
45 0 L -1
46 1 L 16
47 1 L 26
48 0 L 16
49 1 L 4
50 1 L 7
51 0 L 2
52 0 U 24
53 0 L 32
54 0 L 37
55 1 U -1
56 1 L 30
57 0 L 25
58
0 0 L -1
1 0 U -1
2 0 L -1
3 1 U -1
4 1 U 3
5 1 U -1
6 0 U 5
7 1 L -1
8 0 L -1
9 0 U 1
10 0 U -1
11 1 U -1
12 0 U 5
13 0 U 11
14 0 L 12
15 0 L 2
16 0 L 5
17 1 L 2
18 1 L 16
19 0 L 2
20 0 L 6
21 1 U 2
22 1 U -1
23 0 U 8
24 1 L 11
25 0 U 5
26 1 U 17
27 0 L 23
28 1 L 27
29 1 L 10
30 0 L 29
31 0 U 28
32 1 L 31
33 0 U -1
34 0 U 7
35 0 U 34
36 0 L -1
37 1 U 24
38 1 U 3
39 0 L -1
40 0 L 6
41 1 L 6
42 0 U 12
43 0 U 2
44 1 L 5
45 0 L -1
46 1 L 16
47 1 L 13
48 0 L 44
49 1 L 19
50 1 L 39
51 0 L 0
52 0 U 24
53 0 L 32
54 0 L 37
55 1 U -1
56 1 L 29
57 1 L 53
58
0 0 L -1
1 0 U -1
2 0 L -1
3 1 U -1
4 1 U 3
5 1 U -1
6 0 U 5
7 1 L -1
8 0 L -1
9 0 U 1
10 0 U -1
11 1 U -1
12 0 U 5
13 0 U 11
14 0 L 12
15 0 L 2
16 1 L 9
17 1 L 7
18 1 L 16
19 0 L 2
20 0 L 6
21 1 U 2
22 1 U -1
23 0 U 8
24 1 L 14
25 0 U 11
26 1 U 23
27 0 L 23
28 1 L 27
29 1 L 10
30 0 L 29
31 0 U 28
32 0 L 31
33 1 U -1
34 0 U 7
35 0 U 34
36 0 L -1
37 1 U 17
38 1 U 11
39 0 L -1
40 0 L 6
41 1 L 32
42 0 U 12
43 0 U 33
44 1 L 5
45 1 L -1
46 0 L 13
47 0 L 9
48 0 L 26
49 1 L 4
50 1 L 39
51 0 L 2
52 0 U 42
53 0 U 40
54 0 L 37
55 1 U -1
56 1 L 29
57 1 L 53
58
0 0 U -1
1 0 U -1
2 0 L -1
3 1 U -1
4 1 U 3
5 1 U -1
6 0 U 1
7 1 L -1
8 0 L -1
9 0 U 1
10 0 U -1
11 1 U -1
12 0 U 11
13 0 U 11
14 0 L 12
15 0 L 8
16 1 L 9
17 1 L 7
18 1 L 16
19 0 L 2
20 0 L 6
21 1 U 2
22 1 U -1
23 0 U 8
24 1 L 14
25 0 U 1
26 1 U 23
27 0 L 23
28 1 L 27
29 1 L 10
30 0 L 29
31 1 U 28
32 1 L 21
33 0 U -1
34 0 U 13
35 0 U 34
36 0 L -1
37 1 U 17
38 1 U 11
39 0 L -1
40 0 L 6
41 1 L 16
42 0 U 12
43 0 U 33
44 1 L 5
45 0 L -1
46 0 L 13
47 0 L 14
48 0 L 26
49 1 L 4
50 1 L 39
51 0 L 2
52 0 U 42
53 0 U 31
54 0 L 16
55 1 U -1
56 1 L 46
57 1 L 53
58
0 0 L -1
1 0 U -1
2 0 L -1
3 1 U -1
4 1 U 3
5 1 U -1
6 0 U 5
7 1 L -1
8 0 L -1
9 0 U 5
10 0 U -1
11 1 U -1
12 0 U 11
13 0 U 11
14 0 L 12
15 0 L 8
16 1 L 9
17 1 L 2
18 1 L 16
19 0 L 2
20 0 L 6
21 1 U 2
22 1 U -1
23 0 U 8
24 1 L 11
25 0 U 3
26 1 U 23
27 0 L 23
28 1 L 27
29 1 L 10
30 0 L 29
31 1 U 28
32 1 L 21
33 1 U -1
34 0 U 13
35 0 U 34
36 0 L -1
37 1 U 17
38 1 U 11
39 0 L -1
40 0 L 6
41 1 L 40
42 0 U 12
43 1 U 2
44 1 L 5
45 0 L -1
46 1 L 13
47 0 L 10
48 1 L 26
49 1 L 4
50 1 L 8
51 0 L 2
52 0 U 42
53 1 U 31
54 0 L 16
55 1 U -1
56 1 L 15
57 1 L 53
58
0 0 U -1
1 0 U -1
2 0 L -1
3 1 U -1
4 1 U 3
5 1 U -1
6 0 U 5
7 1 L -1
8 0 L -1
9 0 U 1
10 0 U -1
11 1 U -1
12 0 U 5
13 0 U 11
14 0 L 12
15 0 L 8
16 1 L 9
17 1 L 7
18 1 L 16
19 0 L 2
20 0 L 6
21 1 U 2
22 1 U -1
23 0 U 14
24 1 L 11
25 0 U 3
26 1 U 23
27 0 L 23
28 1 L 27
29 1 L 10
30 0 L 29
31 1 U 28
32 1 L 31
33 0 U -1
34 0 U 13
35 0 U 34
36 0 L -1
37 1 U 17
38 1 U 5
39 0 L -1
40 0 L 6
41 1 L 5
42 0 U 12
43 1 U 2
44 1 L 5
45 0 L -1
46 0 L 25
47 1 L 23
48 1 L 10
49 1 L 4
50 1 L 39
51 0 L 2
52 0 U 42
53 1 U 32
54 0 L 16
55 1 U -1
56 1 L 15
57 1 L 34
58
0 0 U -1
1 0 U -1
2 0 L -1
3 1 U -1
4 1 U 3
5 1 U -1
6 0 U 1
7 1 L -1
8 0 L -1
9 0 U 5
10 0 U -1
11 1 U -1
12 0 U 11
13 0 U 11
14 0 L 12
15 0 L 8
16 0 L 9
17 1 L 7
18 1 L 5
19 0 L 2
20 0 L 6
21 1 U 2
22 1 U -1
23 0 U 14
24 1 L 11
25 0 U 5
26 1 U 23
27 0 L 23
28 1 L 27
29 1 L 23
30 0 L 29
31 1 U 28
32 0 L 13
33 0 U -1
34 0 U 13
35 0 U 34
36 0 L -1
37 1 U 17
38 1 U 5
39 0 L -1
40 0 L 6
41 1 L 5
42 0 U 12
43 0 U 33
44 0 L 5
45 0 L -1
46 0 L 28
47 0 L 27
48 1 L 29
49 1 L 4
50 1 L 39
51 0 L 2
52 0 U 42
53 0 U 32
54 1 L 16
55 1 U -1
56 1 L 18
57 1 L 35
58
0 0 U -1
1 0 U -1
2 0 L -1
3 1 U -1
4 1 U 3
5 1 U -1
6 0 U 5
7 1 L -1
8 0 L -1
9 0 U 5
10 0 U -1
11 1 U -1
12 0 U 11
13 0 U 11
14 0 L 12
15 0 L 8
16 0 L 9
17 1 L 0
18 1 L 16
19 0 L 2
20 0 L 6
21 1 U 2
22 1 U -1
23 0 U 14
24 1 L 14
25 0 U 1
26 1 U 23
27 0 L 23
28 1 L 27
29 1 L 10
30 0 L 29
31 1 U 28
32 0 L 13
33 0 U -1
34 0 U 13
35 0 U 34
36 0 L -1
37 1 U 17
38 1 U 2
39 0 L -1
40 0 L 6
41 1 L 5
42 1 U 12
43 0 U 33
44 0 L 40
45 1 L -1
46 0 L 28
47 0 L 14
48 1 L 12
49 1 L 4
50 1 L 39
51 0 L 2
52 0 U 42
53 0 U 37
54 1 L 16
55 1 U -1
56 1 L 16
57 1 L 38
58
0 0 U -1
1 0 U -1
2 0 L -1
3 1 U -1
4 1 U 3
5 1 U -1
6 0 U 5
7 1 L -1
8 0 L -1
9 0 U 1
10 0 U -1
11 1 U -1
12 0 U 11
13 0 U 11
14 0 L 12
15 0 L 8
16 0 L 9
17 1 L 7
18 0 L 16
19 0 L 2
20 0 L 6
21 1 U 2
22 1 U -1
23 0 U 14
24 1 L 14
25 1 U 5
26 1 U 23
27 0 L 23
28 1 L 27
29 1 L 10
30 0 L 29
31 1 U 28
32 0 L 13
33 0 U -1
34 0 U 16
35 0 U 34
36 0 L -1
37 1 U 23
38 0 U 2
39 0 L -1
40 0 L 6
41 1 L 5
42 0 U 21
43 1 U 22
44 0 L 16
45 0 L -1
46 1 L 28
47 0 L 44
48 1 L 12
49 1 L 4
50 1 L 39
51 0 L 2
52 0 U 42
53 1 U 31
54 1 L 16
55 1 U -1
56 1 L 20
57 0 L 35
58
0 0 U -1
1 0 U -1
2 0 L -1
3 1 U -1
4 1 U 3
5 1 U -1
6 0 U 1
7 1 L -1
8 0 L -1
9 0 U 5
10 0 U -1
11 1 U -1
12 0 U 11
13 0 U 11
14 0 L 12
15 0 L 8
16 0 L 9
17 1 L 7
18 0 L 16
19 0 L 2
20 0 L 6
21 1 U 2
22 1 U -1
23 0 U 14
24 1 L 14
25 1 U 5
26 1 U 23
27 0 L 23
28 1 L 27
29 1 L 10
30 0 L 29
31 1 U 28
32 0 L 13
33 0 U -1
34 0 U 7
35 0 U 34
36 0 L -1
37 1 U 23
38 0 U 2
39 0 L -1
40 0 L 6
41 1 L 5
42 0 U 12
43 0 U 33
44 0 L 16
45 0 L -1
46 1 L 28
47 0 L 14
48 1 L 29
49 1 L 4
50 1 L 39
51 0 L 2
52 0 U 42
53 0 U 39
54 1 L 16
55 1 U -1
56 1 L 40
57 0 L 38
58
0 0 U -1
1 0 U -1
2 0 L -1
3 1 U -1
4 1 U 3
5 1 U -1
6 0 U 1
7 1 L -1
8 0 L -1
9 0 U 5
10 0 U -1
11 1 U -1
12 0 U 5
13 0 U 11
14 0 L 12
15 0 L 0
16 0 L 9
17 1 L 7
18 0 L 16
19 0 L 2
20 0 L 6
21 1 U 2
22 1 U -1
23 0 U 8
24 1 L 14
25 1 U 5
26 1 U 23
27 0 L 23
28 1 L 27
29 1 L 23
30 0 L 29
31 1 U 28
32 1 L 21
33 0 U -1
34 0 U 13
35 0 U 34
36 0 L -1
37 1 U 23
38 0 U 2
39 0 L -1
40 0 L 6
41 1 L 5
42 1 U 18
43 0 U 33
44 0 L 16
45 0 L -1
46 0 L 25
47 1 L 44
48 1 L 12
49 1 L 4
50 1 L 39
51 0 L 2
52 0 U 42
53 1 U 39
54 1 L 16
55 1 U -1
56 1 L 49
57 0 L 38
58
0 0 U -1
1 0 U -1
2 0 L -1
3 1 U -1
4 1 U 3
5 1 U -1
6 0 U 5
7 1 L -1
8 0 L -1
9 0 U 1
10 0 U -1
11 1 U -1
12 0 U 11
13 0 U 11
14 0 L 12
15 0 L 8
16 0 L 9
17 1 L 7
18 0 L 16
19 0 L 2
20 0 L 6
21 1 U 2
22 1 U -1
23 0 U 14
24 1 L 14
25 0 U 3
26 1 U 23
27 0 L 23
28 1 L 27
29 1 L 23
30 0 L 29
31 1 U 28
32 1 L 13
33 0 U -1
34 0 U 16
35 0 U 34
36 0 L -1
37 1 U 23
38 1 U 2
39 0 L -1
40 0 L 6
41 1 L 5
42 0 U 18
43 0 U 2
44 0 L 40
45 1 L -1
46 0 L 32
47 0 U 44
48 1 L 12
49 1 L 19
50 1 L 2
51 0 L 0
52 0 U 42
53 1 U 47
54 1 L 16
55 1 U -1
56 1 L 49
57 1 L 38
58
0 0 L -1
1 0 U -1
2 0 L -1
3 1 U -1
4 1 U 3
5 1 U -1
6 0 U 5
7 1 L -1
8 0 L -1
9 0 U 1
10 0 U -1
11 1 U -1
12 0 U 11
13 0 U 11
14 0 L 12
15 0 L 0
16 0 L 9
17 1 L 2
18 0 L 5
19 0 L 2
20 0 L 6
21 1 U 2
22 1 U -1
23 0 U 14
24 1 L 14
25 0 U 2
26 1 U 23
27 0 L 23
28 1 L 27
29 1 L 23
30 0 L 29
31 1 U 28
32 1 L 13
33 0 U -1
34 0 U 16
35 0 U 34
36 0 L -1
37 1 U 23
38 1 U 2
39 0 L -1
40 0 L 6
41 1 L 5
42 0 U 18
43 0 U 2
44 0 L 40
45 0 L -1
46 0 U 32
47 1 U 44
48 1 L 12
49 1 L 19
50 1 L 0
51 0 L 0
52 0 U 42
53 0 L 47
54 1 L 16
55 1 U -1
56 1 L 20
57 1 L 38
58
0 0 L -1
1 0 U -1
2 0 L -1
3 1 U -1
4 1 U 3
5 1 U -1
6 0 U 5
7 1 L -1
8 0 L -1
9 0 U 1
10 0 U -1
11 1 U -1
12 0 U 5
13 0 U 11
14 0 L 12
15 0 L 0
16 0 L 9
17 1 L 7
18 0 L 16
19 0 L 2
20 0 L 6
21 1 U 2
22 1 U -1
23 0 U 8
24 1 L 14
25 0 U 5
26 1 U 23
27 0 L 23
28 1 L 27
29 1 L 23
30 0 L 29
31 1 U 28
32 1 L 31
33 0 U -1
34 0 U 16
35 0 U 34
36 0 L -1
37 1 U 23
38 0 U 2
39 0 L -1
40 0 L 6
41 1 L 5
42 1 U 18
43 0 U 2
44 0 L 40
45 1 L -1
46 0 U 32
47 1 U 39
48 1 L 12
49 1 L 19
50 1 L 0
51 0 L 0
52 0 U 24
53 1 U 47
54 1 L 16
55 1 U -1
56 1 L 20
57 1 L 35
58
0 0 L -1
1 0 U -1
2 0 L -1
3 1 U -1
4 1 U 3
5 1 U -1
6 0 U 5
7 1 L -1
8 0 L -1
9 0 U 1
10 0 U -1
11 1 U -1
12 0 U 11
13 0 U 11
14 0 L 12
15 0 L 0
16 0 L 9
17 1 L 2
18 0 L 16
19 0 L 2
20 0 L 6
21 1 U 2
22 1 U -1
23 0 U 8
24 1 L 14
25 0 U 1
26 1 U 23
27 0 L 23
28 1 L 27
29 1 L 23
30 0 L 29
31 0 U 28
32 1 L 31
33 0 U -1
34 0 U 25
35 0 U 34
36 0 L -1
37 1 U 23
38 0 U 2
39 0 L -1
40 0 L 6
41 1 L 40
42 0 U 18
43 0 U 2
44 0 L 16
45 0 L -1
46 1 L 32
47 1 L 39
48 1 L 13
49 1 L 19
50 1 L 0
51 0 L 0
52 0 U 24
53 1 L 12
54 1 L 5
55 1 U -1
56 1 L 16
57 1 L 35
58
0 0 U -1
1 0 U -1
2 0 L -1
3 1 U -1
4 1 U 3
5 1 U -1
6 0 U 5
7 1 L -1
8 0 L -1
9 0 U 1
10 0 U -1
11 1 U -1
12 0 U 11
13 0 U 11
14 0 L 12
15 0 L 7
16 0 L 9
17 1 L 2
18 0 L 16
19 0 L 2
20 0 L 6
21 1 U 2
22 1 U -1
23 0 U 14
24 1 L 14
25 0 U 11
26 1 U 23
27 0 L 23
28 1 L 27
29 1 L 23
30 0 L 29
31 1 U 28
32 0 L 31
33 0 U -1
34 0 U 25
35 0 U 9
36 0 L -1
37 1 U 23
38 1 U 33
39 0 L -1
40 1 L 6
41 1 L 5
42 0 U 18
43 0 U 2
44 0 L 16
45 1 L -1
46 0 L 32
47 0 L 45
48 1 L 13
49 1 L 4
50 1 L 0
51 0 L 0
52 0 U 24
53 0 L 11
54 1 L 5
55 1 U -1
56 0 L 44
57 1 L 34
58
0 0 U -1
1 0 U -1
2 0 L -1
3 1 U -1
4 1 U 3
5 1 U -1
6 0 U 5
7 1 L -1
8 0 L -1
9 0 U 5
10 0 U -1
11 1 U -1
12 0 U 5
13 0 U 11
14 0 L 12
15 0 L 2
16 0 L 9
17 0 L 8
18 1 L 16
19 0 L 15
20 0 L 6
21 1 U 2
22 1 U -1
23 0 U 14
24 1 L 14
25 0 U 11
26 1 U 23
27 0 L 23
28 1 L 27
29 1 L 23
30 0 L 29
31 1 U 28
32 0 L 31
33 0 U -1
34 0 U 25
35 0 U 9
36 0 L -1
37 1 U 23
38 1 U 33
39 0 L -1
40 0 L 6
41 0 L 5
42 0 U 21
43 0 U 2
44 0 L 5
45 0 L -1
46 1 L 32
47 0 L 27
48 1 L 24
49 1 L 4
50 1 L 2
51 0 L 0
52 0 U 24
53 1 L 27
54 1 L 5
55 1 U -1
56 1 L 44
57 1 L 34
58
0 0 L -1
1 0 U -1
2 0 L -1
3 1 U -1
4 1 U 3
5 1 U -1
6 0 U 5
7 1 L -1
8 0 L -1
9 0 U 5
10 0 U -1
11 1 U -1
12 0 U 1
13 0 U 11
14 0 L 12
15 0 L 2
16 0 L 5
17 0 L 8
18 1 L 16
19 0 L 15
20 0 L 6
21 1 U 2
22 1 U -1
23 0 U 8
24 1 L 11
25 0 U 11
26 1 U 23
27 0 L 23
28 1 L 27
29 1 L 23
30 0 L 29
31 1 U 28
32 0 L 31
33 0 U -1
34 0 U 25
35 0 U 9
36 0 L -1
37 1 U 23
38 1 U 33
39 0 L -1
40 0 L 6
41 1 L 5
42 1 U 21
43 0 U 2
44 0 L 5
45 1 L -1
46 1 L 32
47 1 L 11
48 1 L 47
49 1 L 4
50 1 L 2
51 0 L 0
52 0 U 24
53 1 L 40
54 1 L 5
55 1 U -1
56 1 L 44
57 1 L 34
58
0 0 U -1
1 0 U -1
2 0 L -1
3 1 U -1
4 1 U 3
5 1 U -1
6 0 U 1
7 1 L -1
8 0 L -1
9 0 U 5
10 0 U -1
11 1 U -1
12 0 U 11
13 0 U 11
14 0 L 12
15 0 L 2
16 0 L 9
17 0 L 0
18 1 L 16
19 0 L 15
20 0 L 6
21 1 U 2
22 1 U -1
23 0 U 8
24 1 L 11
25 0 U 11
26 1 U 23
27 0 L 23
28 1 L 27
29 1 L 23
30 0 L 29
31 1 U 28
32 1 L 31
33 0 U -1
34 0 U 25
35 0 U 9
36 0 L -1
37 1 U 23
38 1 U 33
39 0 L -1
40 0 L 6
41 1 L 5
42 1 U 21
43 0 U 2
44 0 L 5
45 1 L -1
46 1 L 16
47 1 L 11
48 1 L 47
49 1 L 17
50 1 L 7
51 0 L 0
52 0 U 24
53 1 L 14
54 1 L 40
55 1 U -1
56 1 L 44
57 1 L 38
58
0 0 L -1
1 0 U -1
2 0 L -1
3 1 U -1
4 1 U 3
5 1 U -1
6 0 U 5
7 1 L -1
8 0 L -1
9 0 U 5
10 0 U -1
11 1 U -1
12 0 U 1
13 0 U 11
14 0 L 12
15 0 L 2
16 0 L 9
17 1 L 7
18 0 L 5
19 0 L 15
20 0 L 6
21 1 U 2
22 1 U -1
23 0 U 8
24 1 L 14
25 0 U 11
26 1 U 23
27 0 L 23
28 1 L 27
29 1 L 23
30 0 L 29
31 1 U 28
32 0 L 24
33 0 U -1
34 0 U 25
35 0 U 9
36 0 L -1
37 1 U 23
38 1 U 33
39 0 L -1
40 0 L 6
41 1 L 5
42 1 U 21
43 0 U 2
44 0 L 5
45 1 L -1
46 1 L 18
47 0 L 39
48 1 L 13
49 1 L 4
50 1 L 8
51 0 L 0
52 0 U 24
53 1 L 30
54 1 L 40
55 1 U -1
56 1 L 46
57 1 L 38
58
0 0 U -1
1 0 U -1
2 0 L -1
3 1 U -1
4 1 U 3
5 1 U -1
6 0 U 5
7 1 L -1
8 0 L -1
9 0 U 1
10 0 U -1
11 1 U -1
12 0 U 5
13 0 U 11
14 0 L 12
15 0 L 2
16 0 L 9
17 1 L 0
18 0 L 16
19 0 L 15
20 0 L 6
21 1 U 2
22 1 U -1
23 0 U 8
24 1 L 14
25 0 U 3
26 1 U 23
27 0 L 23
28 1 L 27
29 1 L 23
30 0 L 29
31 1 U 28
32 0 L 24
33 0 U -1
34 0 U 25
35 0 U 34
36 0 L -1
37 1 U 23
38 1 U 33
39 0 L -1
40 0 L 6
41 1 L 5
42 1 U 18
43 0 U 2
44 0 L 5
45 1 L -1
46 1 L 41
47 1 L 39
48 1 L 21
49 1 L 4
50 1 L 8
51 0 L 47
52 0 U 24
53 1 L 30
54 1 L 40
55 1 U -1
56 1 L 46
57 1 L 48
58
0 0 L -1
1 0 U -1
2 0 L -1
3 1 U -1
4 1 U 3
5 1 U -1
6 0 U 1
7 1 L -1
8 0 L -1
9 0 U 1
10 0 U -1
11 1 U -1
12 0 U 11
13 0 U 11
14 0 L 12
15 0 L 2
16 0 L 9
17 1 L 7
18 0 L 16
19 0 L 15
20 0 L 6
21 1 U 2
22 1 U -1
23 0 U 8
24 1 L 14
25 0 U 3
26 1 U 23
27 0 L 23
28 1 L 27
29 1 L 23
30 0 L 29
31 1 U 28
32 0 L 13
33 0 U -1
34 1 U 25
35 0 U 34
36 0 L -1
37 1 U 23
38 1 U 33
39 0 L -1
40 0 L 6
41 1 L 5
42 0 U 18
43 0 U 2
44 0 L 5
45 0 L -1
46 1 L 41
47 1 L 39
48 1 L 24
49 1 L 4
50 1 L 8
51 0 L 47
52 0 U 24
53 0 L 29
54 1 L 5
55 1 U -1
56 1 L 46
57 1 L 48
58
0 0 L -1
1 0 U -1
2 0 L -1
3 1 U -1
4 1 U 3
5 1 U -1
6 0 U 5
7 1 L -1
8 0 L -1
9 0 U 5
10 0 U -1
11 1 U -1
12 0 U 11
13 0 U 11
14 0 L 12
15 0 L 2
16 0 L 9
17 1 L 2
18 1 L 16
19 0 L 15
20 0 L 6
21 1 U 2
22 1 U -1
23 0 U 8
24 1 L 14
25 0 U 1
26 1 U 23
27 0 L 23
28 1 L 27
29 1 L 23
30 0 L 29
31 1 U 28
32 0 L 13
33 0 U -1
34 0 U 25
35 0 U 34
36 0 L -1
37 1 U 24
38 1 U 33
39 0 L -1
40 0 L 6
41 1 L 5
42 0 U 21
43 0 U 2
44 0 L 5
45 1 L -1
46 1 L 41
47 1 L 45
48 1 L 24
49 1 L 4
50 1 L 47
51 0 L 47
52 0 U 24
53 1 L 16
54 1 L 5
55 1 U -1
56 1 L 12
57 1 L 48
58
0 0 L -1
1 0 U -1
2 0 L -1
3 1 U -1
4 1 U 3
5 1 U -1
6 0 U 5
7 1 L -1
8 0 L -1
9 0 U 5
10 0 U -1
11 1 U -1
12 0 U 5
13 0 U 11
14 0 L 12
15 0 L 2
16 0 L 9
17 1 L 2
18 1 L 5
19 0 L 15
20 0 L 6
21 1 U 2
22 1 U -1
23 0 U 14
24 1 L 11
25 0 U 11
26 1 U 23
27 0 L 23
28 1 L 27
29 1 L 18
30 1 L 29
31 1 U 28
32 1 L 13
33 0 U -1
34 0 U 25
35 0 U 34
36 0 L -1
37 1 U 24
38 1 U 33
39 0 L -1
40 0 L 6
41 0 L 5
42 0 U 21
43 0 U 2
44 0 L 12
45 0 L -1
46 0 L 32
47 1 L 45
48 1 L 13
49 1 L 4
50 1 L 47
51 0 L 8
52 0 U 24
53 0 L 45
54 1 L 5
55 1 U -1
56 1 L 12
57 1 L 48
58
0 0 L -1
1 0 U -1
2 0 L -1
3 1 U -1
4 1 U 3
5 1 U -1
6 0 U 5
7 1 L -1
8 0 L -1
9 0 U 5
10 0 U -1
11 1 U -1
12 0 U 11
13 0 U 11
14 0 L 12
15 0 L 2
16 0 L 9
17 1 L 7
18 0 L 5
19 0 L 15
20 0 L 6
21 1 U 2
22 1 U -1
23 0 U 14
24 1 L 11
25 0 U 5
26 1 U 23
27 0 L 23
28 1 L 27
29 1 L 18
30 0 L 29
31 1 U 28
32 0 L 13
33 0 U -1
34 0 U 25
35 0 U 34
36 0 L -1
37 1 U 23
38 1 U 33
39 0 L -1
40 0 L 6
41 1 L 5
42 0 U 12
43 0 U 33
44 0 L 29
45 0 L -1
46 0 L 32
47 1 L 41
48 1 L 13
49 1 L 4
50 1 L 7
51 0 L 39
52 0 U 24
53 1 L 50
54 0 L 5
55 1 U -1
56 1 L 29
57 1 L 48
58
0 0 L -1
1 0 U -1
2 0 L -1
3 1 U -1
4 1 U 3
5 1 U -1
6 0 U 5
7 1 L -1
8 0 L -1
9 0 U 5
10 0 U -1
11 1 U -1
12 0 U 11
13 0 U 11
14 0 L 12
15 0 L 2
16 0 L 9
17 1 L 7
18 0 L 5
19 0 L 15
20 0 L 6
21 1 U 2
22 1 U -1
23 0 U 14
24 1 L 11
25 0 U 11
26 1 U 23
27 0 L 23
28 1 L 27
29 1 L 18
30 0 L 29
31 1 U 28
32 0 L 13
33 0 U -1
34 0 U 7
35 0 U 34
36 0 L -1
37 1 U 23
38 0 U 33
39 0 L -1
40 0 L 6
41 1 L 5
42 0 U 18
43 1 U 33
44 0 L 29
45 1 L 16
46 1 L 32
47 0 U 31
48 1 L 13
49 1 L 4
50 1 L 7
51 0 L 39
52 0 U 24
53 0 L 11
54 1 L 5
55 1 U -1
56 1 L 29
57 1 L 46
58
0 0 U -1
1 0 U -1
2 0 L -1
3 1 U -1
4 1 U 3
5 1 U -1
6 0 U 5
7 1 L -1
8 0 L -1
9 0 U 1
10 0 U -1
11 1 U -1
12 0 U 11
13 0 U 11
14 0 L 12
15 1 L 2
16 0 L 9
17 1 L -1
18 0 L 16
19 1 L 15
20 0 L 6
21 1 U 2
22 1 U -1
23 0 U 14
24 1 L 14
25 0 U 1
26 1 U 19
27 0 L 23
28 1 L 27
29 1 L 18
30 0 L 29
31 1 U 28
32 0 L 13
33 0 U -1
34 0 U 7
35 0 U 34
36 0 L -1
37 1 U 19
38 0 U 33
39 0 L -1
40 0 L 6
41 0 L 5
42 1 U 21
43 1 U 33
44 0 L 29
45 1 L 16
46 1 L 32
47 0 U 31
48 1 L 13
49 1 L 4
50 1 L 15
51 0 L 7
52 0 U 24
53 1 L 40
54 1 L 39
55 1 U -1
56 1 L 54
57 1 L 46
58
0 0 U -1
1 0 U -1
2 0 L -1
3 1 U -1
4 1 U 3
5 1 U -1
6 0 U 1
7 1 L -1
8 0 L -1
9 0 U 5
10 0 U -1
11 1 U -1
12 0 U 11
13 0 U 11
14 0 L 12
15 1 L 2
16 0 L 9
17 1 L -1
18 0 L 16
19 1 L 15
20 0 L 6
21 1 U 2
22 1 U -1
23 0 U 14
24 1 L 14
25 0 U 2
26 1 U 23
27 0 L 23
28 1 L 27
29 1 L 18
30 0 L 29
31 1 U 28
32 0 L 13
33 0 U -1
34 0 U 13
35 0 U 34
36 0 L -1
37 1 U 19
38 1 U 2
39 0 L -1
40 1 L 3
41 1 L 5
42 0 U 12
43 0 U 33
44 0 L 29
45 0 L 5
46 1 L 32
47 0 U 31
48 1 L 13
49 1 L 4
50 1 L 15
51 0 L 2
52 0 U 24
53 0 L 12
54 1 L 15
55 1 U -1
56 1 L 54
57 1 L 46
58
0 0 L -1
1 0 U -1
2 0 L -1
3 1 U -1
4 1 U 3
5 1 U -1
6 0 U 5
7 0 L -1
8 0 L -1
9 0 U 1
10 0 U -1
11 1 U -1
12 0 U 1
13 0 U 11
14 0 L 12
15 1 L 2
16 0 L 9
17 1 L -1
18 1 L 16
19 0 L 15
20 0 L 6
21 1 U 2
22 1 U -1
23 0 U 14
24 1 L 14
25 0 U 2
26 1 U 23
27 0 L 23
28 1 L 27
29 1 L 10
30 0 L 29
31 0 U 28
32 0 L 24
33 0 U -1
34 0 U 16
35 0 U 34
36 0 L -1
37 1 U 23
38 1 U 11
39 0 L -1
40 1 L 3
41 0 L 6
42 0 U 12
43 0 U 33
44 1 L 10
45 1 L 5
46 0 L 32
47 0 U 31
48 1 L 9
49 1 L 4
50 1 L 15
51 0 L 2
52 0 U 24
53 1 U 32
54 0 L 51
55 1 U -1
56 1 L 28
57 1 L 46
58
0 0 L -1
1 0 U -1
2 0 L -1
3 1 U -1
4 1 U 3
5 1 U -1
6 0 U 1
7 1 L -1
8 0 L -1
9 0 U 5
10 0 U -1
11 1 U -1
12 0 U 1
13 0 U 11
14 0 L 12
15 1 L 2
16 1 L 9
17 1 L -1
18 1 L 16
19 0 L 15
20 0 L 6
21 1 U 2
22 0 U -1
23 0 U 14
24 1 L 11
25 0 L 21
26 1 U 23
27 0 L 23
28 1 L 27
29 1 L 23
30 0 L 29
31 1 U 28
32 1 L 24
33 0 U -1
34 0 U 16
35 0 U 19
36 0 L -1
37 1 U 23
38 0 U 3
39 0 L -1
40 1 L 3
41 1 L 6
42 0 U 12
43 1 U 2
44 0 L 10
45 1 L 5
46 0 L 32
47 0 L 24
48 1 L 3
49 0 L 1
50 1 L 15
51 0 L 2
52 0 U 24
53 1 L 2
54 0 L 51
55 1 U -1
56 1 L 26
57 1 L 46
58
0 0 U -1
1 0 U -1
2 0 L -1
3 1 U -1
4 1 U 3
5 1 U -1
6 0 U 5
7 0 L -1
8 0 L -1
9 0 U 5
10 0 U -1
11 1 U -1
12 0 U 11
13 0 U 11
14 0 L 12
15 1 L 7
16 1 L 9
17 1 L -1
18 1 L 16
19 0 L 15
20 0 L 6
21 1 U 2
22 0 U -1
23 0 U 14
24 1 L 11
25 1 L 21
26 1 U 23
27 0 L 23
28 1 L 27
29 1 L 26
30 0 L 29
31 1 U 28
32 0 L 24
33 0 U -1
34 0 U 16
35 0 U 19
36 0 L -1
37 1 U 24
38 0 U 3
39 0 L -1
40 1 L 6
41 1 L 6
42 0 U 12
43 1 U 2
44 0 L 18
45 0 L 5
46 0 L 32
47 0 L 12
48 1 L 3
49 0 L 1
50 1 L 15
51 1 L 2
52 0 U 24
53 0 L 8
54 0 L 51
55 1 U -1
56 1 L 31
57 1 L 46
58
0 0 U -1
1 0 U -1
2 0 L -1
3 1 U -1
4 1 U 3
5 1 U -1
6 0 U 1
7 0 L -1
8 0 L -1
9 0 U 1
10 0 U -1
11 1 U -1
12 0 U 1
13 0 U 11
14 0 L 12
15 1 L 7
16 1 L 9
17 1 L -1
18 1 L 16
19 0 L 15
20 0 L 6
21 1 U 2
22 1 U -1
23 0 U 14
24 1 L 11
25 1 L 21
26 1 U 23
27 0 L 23
28 1 L 27
29 1 L 10
30 0 L 29
31 1 U 28
32 0 L 24
33 0 U -1
34 0 U 7
35 0 U 19
36 0 L -1
37 1 U 24
38 0 U 3
39 0 L -1
40 1 L 20
41 1 L 6
42 0 U 12
43 1 U 2
44 0 L 40
45 0 L 5
46 0 L 32
47 0 L 23
48 1 L 9
49 0 L 1
50 1 L 15
51 1 L 2
52 0 U 24
53 0 L 50
54 0 L 51
55 1 U -1
56 1 L 31
57 1 L 46
58
0 0 L -1
1 0 U -1
2 0 L -1
3 1 U -1
4 1 U 3
5 1 U -1
6 0 U 1
7 0 L -1
8 0 L -1
9 0 U 5
10 0 U -1
11 1 U -1
12 0 U 1
13 0 U 11
14 0 L 12
15 1 L 7
16 0 L 9
17 1 L -1
18 0 L 5
19 0 L 15
20 0 L 6
21 1 U 2
22 0 U -1
23 0 U 14
24 1 L 11
25 1 L 4
26 1 U 23
27 0 L 23
28 1 L 27
29 1 L 23
30 0 L 29
31 0 U 28
32 0 L 24
33 0 U -1
34 0 U 7
35 0 U 34
36 0 L -1
37 1 U 24
38 0 U 3
39 0 L -1
40 1 L 20
41 0 L 3
42 0 U 12
43 1 U 2
44 1 L 40
45 0 L 5
46 0 L 32
47 0 L 39
48 1 L 9
49 0 L 1
50 1 L 15
51 0 L 2
52 0 U 42
53 1 L 44
54 0 L 51
55 1 U -1
56 1 L 11
57 1 L 46
58
0 0 U -1
1 0 U -1
2 0 L -1
3 1 U -1
4 1 U 3
5 1 U -1
6 0 U 1
7 0 L -1
8 0 L -1
9 0 U 5
10 0 U -1
11 1 U -1
12 0 U 5
13 0 U 11
14 0 L 12
15 1 L 7
16 0 L 9
17 1 L -1
18 0 L 16
19 0 L 15
20 0 L 6
21 1 U 2
22 1 U -1
23 0 U 14
24 1 L 11
25 1 L 15
26 1 U 23
27 0 L 23
28 1 L 27
29 1 L 10
30 0 L 29
31 1 U 28
32 1 L 13
33 1 U -1
34 0 U 7
35 0 U 34
36 0 L -1
37 1 U 24
38 0 U 5
39 0 L -1
40 1 L 20
41 0 U 33
42 0 U 12
43 1 U 2
44 0 L 26
45 0 L 9
46 1 L 32
47 0 L 8
48 1 L 9
49 0 L 1
50 1 L 1
51 0 L 2
52 0 U 42
53 0 L 32
54 0 L 51
55 1 U -1
56 1 L 11
57 1 L 46
58
0 0 U -1
1 0 U -1
2 0 L -1
3 1 U -1
4 1 U 3
5 1 U -1
6 0 U 1
7 1 L -1
8 0 L -1
9 0 U 5
10 0 U -1
11 1 U -1
12 0 U 11
13 0 U 11
14 0 L 12
15 1 L 7
16 0 L 9
17 0 L -1
18 0 L 5
19 0 L 15
20 0 L 6
21 1 U 2
22 1 U -1
23 0 U 14
24 1 L 11
25 1 L 15
26 1 U 23
27 0 L 23
28 1 L 27
29 1 L 10
30 0 L 29
31 1 U 28
32 0 L 13
33 0 U -1
34 0 U 7
35 0 U 34
36 0 L -1
37 1 U 24
38 0 U 33
39 0 L -1
40 1 L 19
41 1 U 2
42 0 U 12
43 1 U 33
44 0 L 26
45 0 L 20
46 0 L 45
47 0 L 27
48 1 L 9
49 0 L 15
50 1 L 8
51 0 L 2
52 0 U 42
53 1 L 12
54 0 L 51
55 1 U -1
56 1 L 31
57 1 L 34
58
0 0 U -1
1 0 U -1
2 0 L -1
3 1 U -1
4 1 U 3
5 1 U -1
6 0 U 1
7 0 L -1
8 0 L -1
9 0 U 5
10 0 U -1
11 1 U -1
12 0 U 11
13 0 U 11
14 0 L 12
15 1 L 7
16 0 L 9
17 1 L -1
18 0 L 16
19 0 L 15
20 0 L 6
21 1 U 2
22 1 U -1
23 0 U 14
24 1 L 11
25 1 L 4
26 1 U 23
27 0 L 23
28 1 L 27
29 1 L 23
30 0 L 29
31 1 U 28
32 1 L 13
33 0 U -1
34 0 U 13
35 0 U 34
36 0 L -1
37 1 U 23
38 1 U 33
39 0 L -1
40 1 L 25
41 0 U 40
42 0 U 12
43 1 U 33
44 0 L 12
45 0 L 20
46 0 L 45
47 0 L 15
48 1 L 9
49 0 L 15
50 1 L 8
51 0 L 39
52 0 U 42
53 1 L 12
54 0 L 51
55 1 U -1
56 1 L 21
57 1 L 41
58
0 0 L -1
1 0 U -1
2 0 L -1
3 1 U -1
4 1 U 3
5 1 U -1
6 0 U 1
7 1 L -1
8 0 L -1
9 0 U 5
10 0 U -1
11 1 U -1
12 0 U 1
13 0 U 11
14 0 L 12
15 1 L 7
16 0 L 5
17 0 L -1
18 1 L 16
19 0 L 15
20 0 L 6
21 1 U 2
22 0 U 0
23 0 U 14
24 1 L 14
25 1 L 4
26 1 U 23
27 0 L 23
28 1 L 27
29 1 L 23
30 0 L 29
31 1 U 28
32 1 L 24
33 0 U -1
34 0 U 13
35 0 U 34
36 0 L -1
37 1 U 23
38 0 U 2
39 0 L -1
40 1 L 3
41 0 U 29
42 0 U 12
43 1 U 33
44 0 L 12
45 0 L 20
46 0 L 6
47 1 L 30
48 1 L 5
49 0 L 15
50 1 L 7
51 0 L 39
52 0 U 42
53 1 L 47
54 1 L 51
55 1 U -1
56 1 L 21
57 1 L 41
58
0 0 L -1
1 0 U -1
2 0 L -1
3 1 U -1
4 1 U 3
5 1 U -1
6 0 U 1
7 1 L -1
8 0 L -1
9 0 U 5
10 0 U -1
11 1 U -1
12 0 U 11
13 0 U 11
14 0 L 12
15 1 L 2
16 0 L 5
17 0 L -1
18 1 L 16
19 0 L 15
20 0 L 6
21 1 U 2
22 0 U 0
23 0 U 14
24 1 L 14
25 1 L 4
26 1 U 23
27 0 L 23
28 1 L 27
29 1 L 23
30 0 L 29
31 1 U 28
32 0 L 24
33 0 U -1
34 0 U 13
35 0 U 34
36 0 L -1
37 1 U 24
38 0 U 2
39 0 L -1
40 1 L 9
41 0 U 29
42 0 U 12
43 1 U 33
44 0 L 12
45 0 L 20
46 0 L 6
47 1 L 26
48 1 L 6
49 1 L 15
50 1 L 7
51 1 L 39
52 0 U 42
53 0 L 50
54 0 L 51
55 1 U -1
56 1 L 24
57 1 L 41
58
0 0 L -1
1 0 U -1
2 0 L -1
3 1 U -1
4 1 U 3
5 1 U -1
6 0 U 1
7 1 L -1
8 0 L -1
9 0 U 1
10 0 U -1
11 1 U -1
12 0 U 11
13 0 U 11
14 0 L 12
15 1 L 2
16 0 L 9
17 1 L -1
18 1 L 16
19 0 L 15
20 0 L 6
21 1 U 2
22 1 U -1
23 0 U 14
24 1 L 14
25 1 L 4
26 1 U 23
27 0 L 23
28 1 L 27
29 1 L 23
30 0 L 29
31 1 U 28
32 1 L 24
33 0 U -1
34 0 U 13
35 0 U 34
36 0 L -1
37 1 U 24
38 0 U 2
39 0 L -1
40 1 L 9
41 0 U 29
42 0 U 12
43 1 U 33
44 0 L 12
45 0 L 20
46 0 L 6
47 1 L 30
48 1 L 6
49 1 L 15
50 1 L 15
51 0 L 2
52 0 U 42
53 1 L 26
54 0 L 51
55 1 U -1
56 1 L 24
57 1 L 41
58
0 0 L -1
1 0 U -1
2 0 L -1
3 1 U -1
4 1 U 3
5 1 U -1
6 0 U 5
7 1 L -1
8 0 L -1
9 0 U 1
10 0 U -1
11 1 U -1
12 0 U 11
13 0 U 11
14 0 L 12
15 1 L 2
16 0 L 9
17 0 L -1
18 0 L 16
19 0 L 15
20 0 L 6
21 1 U 2
22 1 U -1
23 0 U 14
24 1 L 11
25 1 L 1
26 1 U 23
27 0 L 23
28 1 L 27
29 1 L 23
30 0 L 29
31 0 U 28
32 0 L 11
33 0 U -1
34 0 U 16
35 0 U 34
36 0 L -1
37 1 U 24
38 1 U 11
39 0 L -1
40 1 L 6
41 1 U 29
42 0 U 12
43 0 U 2
44 1 L 10
45 0 L 6
46 1 L 45
47 0 L 32
48 1 L 6
49 0 L 15
50 1 L 2
51 0 L 39
52 0 U 42
53 1 L 30
54 0 L 51
55 1 U -1
56 1 L 24
57 1 L 34
58
0 0 L -1
1 0 U -1
2 0 L -1
3 1 U -1
4 1 U 3
5 1 U -1
6 0 U 1
7 1 L -1
8 0 L -1
9 0 U 5
10 0 U -1
11 1 U -1
12 0 U 5
13 0 U 11
14 0 L 12
15 1 L 2
16 0 L 9
17 0 L -1
18 1 L 5
19 0 L 15
20 0 L 6
21 1 U 2
22 1 U -1
23 0 U 14
24 1 L 11
25 1 L 1
26 1 U 23
27 0 L 23
28 1 L 27
29 1 L 23
30 0 L 29
31 1 U 28
32 1 L 31
33 1 U -1
34 0 U 16
35 0 U 34
36 0 L -1
37 1 U 23
38 1 U 11
39 0 L -1
40 1 L 19
41 0 U 37
42 0 U 12
43 0 U 2
44 1 L 40
45 0 L 6
46 0 L 44
47 1 L 31
48 1 L 6
49 0 L 15
50 1 L 39
51 0 L 39
52 0 U 42
53 0 L 26
54 0 L 51
55 1 U -1
56 1 L 21
57 1 L 41
58
0 0 L -1
1 0 U -1
2 0 L -1
3 1 U -1
4 1 U 3
5 1 U -1
6 0 U 5
7 0 L -1
8 0 L -1
9 0 U 1
10 0 U -1
11 1 U -1
12 0 U 11
13 0 U 11
14 0 L 12
15 1 L 7
16 0 L 9
17 1 L -1
18 1 L 5
19 0 L 15
20 0 L 6
21 1 U 2
22 1 U -1
23 0 U 14
24 1 L 11
25 1 L 1
26 1 U 23
27 0 L 23
28 1 L 27
29 1 L 26
30 0 L 29
31 0 U 28
32 0 L 31
33 0 U -1
34 0 U 16
35 0 U 34
36 0 L -1
37 1 U 23
38 1 U 2
39 0 L -1
40 1 L 19
41 1 U 37
42 0 U 12
43 1 U 2
44 1 L 40
45 0 L 6
46 1 L 32
47 1 L 10
48 1 L 6
49 0 L 15
50 1 L 39
51 0 L 39
52 0 U 42
53 0 L 31
54 0 L 51
55 1 U -1
56 1 L 18
57 1 L 41
58
0 0 U -1
1 0 U -1
2 0 L -1
3 1 U -1
4 1 U 3
5 1 U -1
6 0 U 1
7 0 L -1
8 0 L -1
9 0 U 5
10 0 U -1
11 1 U -1
12 0 U 11
13 0 U 11
14 0 L 12
15 1 L 7
16 0 L 9
17 1 L -1
18 0 L 16
19 0 L 15
20 0 L 6
21 1 U 2
22 1 U -1
23 0 U 14
24 1 L 11
25 0 U 5
26 1 U 23
27 0 L 23
28 1 L 27
29 1 L 26
30 0 L 29
31 1 U 28
32 1 L 31
33 0 U -1
34 0 U 13
35 0 U 34
36 0 L -1
37 1 U 24
38 1 U 2
39 0 L -1
40 1 L 19
41 1 U 29
42 0 U 21
43 1 U 22
44 1 L 40
45 0 L 6
46 1 L 1
47 1 L 32
48 1 L 6
49 0 L 15
50 1 L 39
51 0 L 39
52 0 U 46
53 0 L 24
54 0 L 51
55 1 U -1
56 1 L 44
57 0 L 41
58
0 0 L -1
1 0 U -1
2 0 L -1
3 1 U -1
4 1 U 3
5 1 U -1
6 0 U 5
7 1 L -1
8 0 L -1
9 0 U 5
10 0 U -1
11 1 U -1
12 0 U 11
13 0 U 11
14 0 L 12
15 1 L 7
16 0 L 5
17 0 L -1
18 1 L 16
19 0 L 15
20 0 L 6
21 1 U 2
22 1 U -1
23 0 U 14
24 1 L 11
25 0 U 1
26 1 U 23
27 0 L 23
28 1 L 27
29 1 L 26
30 0 L 29
31 1 U 28
32 0 L 31
33 0 U -1
34 0 U 13
35 0 U 34
36 0 L -1
37 1 U 23
38 1 U 2
39 0 L -1
40 1 L 19
41 1 U 40
42 0 U 21
43 1 U 22
44 1 L 40
45 0 L 6
46 1 L 15
47 0 L 32
48 1 L 12
49 0 L 15
50 1 L 0
51 0 L 2
52 0 U 46
53 0 L 48
54 0 L 51
55 1 U -1
56 0 L 44
57 1 L 41
58
0 0 L -1
1 0 U -1
2 0 L -1
3 1 U -1
4 1 U 3
5 1 U -1
6 0 U 1
7 1 L -1
8 0 L -1
9 0 U 5
10 0 U -1
11 1 U -1
12 0 U 5
13 0 U 11
14 0 L 12
15 1 L 2
16 0 L 5
17 1 L -1
18 1 L 16
19 0 L 15
20 0 L 6
21 1 U 2
22 1 U -1
23 0 U 14
24 1 L 14
25 0 U 22
26 1 U 23
27 0 L 23
28 1 L 27
29 1 L 26
30 0 L 29
31 1 U 28
32 0 L 24
33 0 U -1
34 0 U 7
35 0 U 19
36 0 L -1
37 1 U 23
38 1 U 2
39 0 L -1
40 1 L 19
41 0 U 40
42 0 U 21
43 0 U 33
44 1 L 40
45 0 L 6
46 1 L 15
47 0 U 41
48 1 L 27
49 0 L 15
50 1 L 7
51 0 L 2
52 0 U 46
53 1 L 44
54 1 L 51
55 1 U -1
56 1 L 44
57 0 L 41
58
0 0 U -1
1 0 U -1
2 0 L -1
3 1 U -1
4 1 U 3
5 1 U -1
6 0 U 5
7 0 L -1
8 0 L -1
9 0 U 1
10 0 U -1
11 1 U -1
12 0 U 1
13 0 U 11
14 0 L 12
15 1 L 2
16 0 L 5
17 1 L -1
18 1 L 16
19 0 L 15
20 0 L 6
21 1 U 2
22 1 U -1
23 0 U 14
24 1 L 14
25 1 U 22
26 1 U 23
27 0 L 23
28 1 L 27
29 1 L 26
30 0 L 29
31 0 U 28
32 1 L 24
33 0 U -1
34 0 U 7
35 0 U 34
36 0 L -1
37 1 U 23
38 0 U 2
39 0 L -1
40 1 L 19
41 0 U 40
42 0 U 21
43 1 U 33
44 1 L 16
45 1 L 9
46 1 L 1
47 0 U 41
48 0 L 27
49 0 L 15
50 1 L 0
51 0 L 2
52 0 U 46
53 1 L 29
54 1 L 6
55 1 U -1
56 0 L 18
57 1 L 41
58
0 0 L -1
1 0 U -1
2 0 L -1
3 1 U -1
4 1 U 3
5 1 U -1
6 0 U 5
7 1 L -1
8 0 L -1
9 0 U 5
10 0 U -1
11 1 U -1
12 0 U 1
13 0 U 11
14 0 L 12
15 1 L 2
16 0 L 5
17 1 L -1
18 1 L 16
19 0 L 15
20 0 L 19
21 1 U 2
22 1 U -1
23 0 U 14
24 1 L 14
25 0 U 2
26 1 U 23
27 0 L 23
28 1 L 27
29 1 L 26
30 0 L 29
31 0 U 28
32 1 L 24
33 0 U -1
34 0 U 7
35 0 U 34
36 0 L -1
37 1 U 23
38 1 U 11
39 0 L -1
40 1 L 19
41 0 U 37
42 0 U 21
43 1 U 33
44 1 L 16
45 0 L 19
46 1 L 15
47 0 U 41
48 0 L 27
49 0 L 15
50 1 L 2
51 0 L 2
52 0 U 46
53 0 L 25
54 1 L 6
55 1 U -1
56 0 L 44
57 1 L 41
58
0 0 L -1
1 0 U -1
2 0 L -1
3 1 U -1
4 1 U 3
5 1 U -1
6 0 U 5
7 0 L -1
8 0 L -1
9 0 U 1
10 0 U -1
11 1 U -1
12 0 U 11
13 0 U 11
14 0 L 12
15 1 L 2
16 0 L 5
17 1 L -1
18 1 L 16
19 0 L 15
20 0 L 19
21 1 U 2
22 1 U -1
23 0 U 14
24 1 L 14
25 0 U 22
26 1 U 23
27 0 L 23
28 1 L 27
29 1 L 26
30 0 L 12
31 0 U 28
32 1 L 24
33 0 U -1
34 0 U 7
35 0 U 34
36 0 L -1
37 1 U 24
38 1 U 11
39 0 L -1
40 1 L 19
41 0 U 37
42 0 U 21
43 1 U 33
44 1 L 16
45 0 L 19
46 1 L 15
47 1 U 44
48 0 L 27
49 0 L 15
50 1 L 39
51 0 L 2
52 0 U 46
53 1 L 24
54 1 L 49
55 1 U -1
56 0 L 44
57 0 L 41
58
0 0 L -1
1 0 U -1
2 0 L -1
3 1 U -1
4 1 U 3
5 1 U -1
6 0 U 5
7 1 L -1
8 0 L -1
9 0 U 5
10 0 U -1
11 1 U -1
12 0 U 1
13 0 U 11
14 0 L 12
15 1 L 2
16 0 L 5
17 1 L -1
18 1 L 16
19 0 L 15
20 0 L 19
21 1 U 2
22 1 U -1
23 0 U 8
24 1 L 14
25 0 U 5
26 1 U 23
27 0 L 23
28 1 L 27
29 1 L 26
30 0 L 12
31 0 U 28
32 1 L 24
33 0 U -1
34 0 U 13
35 0 U 34
36 0 L -1
37 1 U 24
38 1 U 3
39 0 L -1
40 1 L 19
41 0 U 37
42 0 U 21
43 1 U 33
44 1 L 16
45 1 L 9
46 1 L 15
47 0 U 41
48 0 L 30
49 0 L 15
50 1 L 0
51 0 L 2
52 0 U 46
53 0 L 24
54 1 L 20
55 1 U -1
56 0 L 26
57 0 L 41
58
0 0 U -1
1 0 U -1
2 0 L -1
3 1 U -1
4 1 U 3
5 1 U -1
6 0 U 5
7 1 L -1
8 0 L -1
9 0 U 5
10 0 U -1
11 1 U -1
12 0 U 1
13 0 U 11
14 0 L 12
15 1 L 2
16 0 L 5
17 1 L -1
18 1 L 16
19 0 L 15
20 0 L 19
21 1 U 2
22 1 U -1
23 0 U 8
24 1 L 14
25 0 U 5
26 1 U 23
27 0 L 23
28 1 L 27
29 1 L 26
30 0 L 12
31 0 U 28
32 1 L 24
33 0 U -1
34 0 U 13
35 0 U 34
36 0 L -1
37 1 U 24
38 1 U 1
39 0 L -1
40 1 L 19
41 0 U 37
42 0 U 21
43 1 U 33
44 1 L 16
45 1 L 9
46 1 L 1
47 0 U 41
48 0 L 27
49 0 L 15
50 1 L 0
51 0 L 2
52 0 U 46
53 1 L 50
54 1 L 53
55 1 U -1
56 0 L 26
57 0 L 41
58
0 0 L -1
1 0 U -1
2 0 L -1
3 1 U -1
4 1 U 3
5 1 U -1
6 0 U 5
7 1 L -1
8 0 L -1
9 0 U 5
10 0 U -1
11 1 U -1
12 0 U 1
13 0 U 11
14 0 L 12
15 1 L 2
16 0 L 5
17 1 L -1
18 1 L 16
19 0 L 15
20 0 L 19
21 1 U 2
22 1 U -1
23 0 U 8
24 1 L 14
25 0 U 1
26 1 U 23
27 0 L 23
28 1 L 27
29 1 L 26
30 0 L 12
31 0 U 28
32 1 L 24
33 0 U -1
34 0 U 13
35 0 U 19
36 0 L -1
37 1 U 24
38 1 U 5
39 0 L -1
40 1 L 19
41 0 U 37
42 0 U 21
43 1 U 33
44 1 L 16
45 1 L 9
46 1 L 1
47 0 U 41
48 0 L 31
49 0 L 15
50 1 L 0
51 0 L 2
52 0 U 46
53 1 L 19
54 1 L 19
55 1 U -1
56 0 L 26
57 0 L 41
58
0 0 L -1
1 0 U -1
2 0 L -1
3 1 U -1
4 1 U 3
5 1 U -1
6 0 U 5
7 1 L -1
8 0 L -1
9 0 U 5
10 0 U -1
11 1 U -1
12 0 U 1
13 0 U 11
14 0 L 12
15 1 L 2
16 0 L 5
17 1 L -1
18 1 L 16
19 0 L 15
20 0 L 19
21 1 U 2
22 1 U -1
23 0 U 14
24 1 L 14
25 0 U 1
26 1 U 23
27 0 L 23
28 1 L 27
29 1 L 26
30 0 L 12
31 0 U 28
32 1 L 13
33 0 U -1
34 0 U 13
35 0 U 19
36 0 L -1
37 1 U 24
38 0 U 33
39 0 L -1
40 1 L 19
41 0 U 37
42 1 U 21
43 1 U 33
44 1 L 16
45 0 L 9
46 1 L 1
47 0 U 41
48 0 L 27
49 0 L 15
50 1 L 8
51 0 L 2
52 0 L 46
53 1 L 13
54 1 L 9
55 1 U -1
56 0 L 26
57 0 L 41
58
0 0 U -1
1 0 U -1
2 0 L -1
3 1 U -1
4 1 U 3
5 1 U -1
6 0 U 5
7 0 L -1
8 0 L -1
9 0 U 1
10 0 U -1
11 1 U -1
12 0 U 1
13 0 U 11
14 0 L 12
15 1 L 2
16 0 L 5
17 1 L -1
18 1 L 16
19 0 L 15
20 0 L 19
21 1 U 2
22 1 U -1
23 0 U 14
24 1 L 14
25 0 U 1
26 1 U 23
27 0 L 23
28 1 L 27
29 1 L 26
30 0 L 12
31 0 U 28
32 1 L 13
33 0 U -1
34 0 U 13
35 0 U 19
36 0 L -1
37 1 U 24
38 0 U 2
39 0 L -1
40 1 L 19
41 0 U 37
42 1 U 21
43 1 U 33
44 1 L 16
45 1 L 9
46 1 L 1
47 0 U 41
48 0 L 27
49 0 L 15
50 1 L 8
51 0 L 2
52 0 L 51
53 1 L 13
54 1 L 9
55 1 U -1
56 0 L 26
57 0 L 41
58
0 0 U -1
1 0 U -1
2 0 L -1
3 1 U -1
4 1 U 3
5 1 U -1
6 0 U 5
7 1 L -1
8 0 L -1
9 0 U 1
10 0 U -1
11 1 U -1
12 0 U 5
13 0 U 11
14 0 L 12
15 1 L 2
16 0 L 5
17 1 L -1
18 1 L 16
19 0 L 15
20 0 L 19
21 1 U 2
22 1 U -1
23 0 U 14
24 1 L 14
25 0 U 1
26 1 U 23
27 0 L 23
28 1 L 27
29 1 L 26
30 0 L 12
31 0 U 28
32 1 L 13
33 0 U -1
34 0 U 13
35 0 U 19
36 0 L -1
37 0 U 24
38 0 U 2
39 0 L -1
40 1 L 19
41 0 U 40
42 1 U 21
43 1 U 33
44 1 L 16
45 0 L 9
46 0 L 37
47 0 L 41
48 0 L 27
49 1 L 1
50 1 L 2
51 0 L 2
52 0 L 51
53 0 L 48
54 1 L 52
55 1 U -1
56 0 L 26
57 0 L 41
58
0 0 L -1
1 0 U -1
2 0 L -1
3 1 U -1
4 1 U 3
5 1 U -1
6 0 U 5
7 1 L -1
8 0 L -1
9 0 U 5
10 0 U -1
11 1 U -1
12 0 U 5
13 0 U 11
14 0 L 12
15 1 L 2
16 0 L 5
17 1 L -1
18 1 L 16
19 0 L 15
20 0 L 19
21 1 U 2
22 1 U -1
23 0 U 14
24 1 L 14
25 0 U 5
26 1 U 23
27 0 L 23
28 1 L 27
29 1 L 23
30 0 L 12
31 0 U 28
32 1 L 13
33 0 U -1
34 0 U 13
35 0 U 19
36 0 L -1
37 0 U 24
38 0 U 2
39 0 L -1
40 1 L 19
41 0 U 29
42 1 U 21
43 1 U 33
44 1 L 16
45 0 L 9
46 0 L 37
47 0 L 12
48 0 L 27
49 1 L 1
50 1 L 39
51 0 L 39
52 0 L 51
53 0 L 28
54 1 L 52
55 1 U -1
56 0 L 26
57 0 L 41
58
0 0 L -1
1 0 U -1
2 0 L -1
3 1 U -1
4 1 U 3
5 1 U -1
6 0 U 5
7 1 L -1
8 0 L -1
9 0 U 5
10 0 U -1
11 1 U -1
12 0 U 11
13 0 U 11
14 0 L 12
15 1 L 2
16 0 L 5
17 1 L -1
18 1 L 16
19 0 L 15
20 0 L 19
21 1 U 2
22 1 U -1
23 0 U 14
24 1 L 14
25 0 U 5
26 1 U 23
27 0 L 23
28 1 L 27
29 1 L 23
30 0 L 12
31 0 U 28
32 1 L 13
33 0 U -1
34 0 U 13
35 0 U 19
36 0 L -1
37 0 U 23
38 0 U 2
39 0 L -1
40 1 L 19
41 0 U 29
42 1 U 21
43 1 U 33
44 1 L 16
45 0 L 9
46 0 L 37
47 0 L 25
48 0 L 27
49 1 L 1
50 1 L 39
51 0 L 39
52 0 L 51
53 0 L 28
54 1 L 20
55 1 U -1
56 0 L 26
57 0 L 41
58
0 0 U -1
1 0 U -1
2 0 L -1
3 1 U -1
4 1 U 3
5 1 U -1
6 0 U 5
7 1 L -1
8 0 L -1
9 0 U 1
10 0 U -1
11 1 U -1
12 0 U 5
13 0 U 11
14 0 L 12
15 1 L 2
16 0 L 5
17 1 L -1
18 1 L 16
19 0 L 15
20 0 L 19
21 1 U 2
22 1 U -1
23 0 U 14
24 1 L 14
25 0 U 11
26 1 U 23
27 0 L 23
28 1 L 27
29 1 L 23
30 0 L 12
31 0 U 28
32 1 L 13
33 0 U -1
34 0 U 13
35 0 U 19
36 0 L -1
37 0 U 23
38 0 U 33
39 0 L -1
40 1 L 19
41 0 U 35
42 1 U 21
43 1 U 33
44 1 L 16
45 0 L 9
46 0 L 37
47 0 L 25
48 0 L 27
49 0 L 15
50 1 L 0
51 1 L 39
52 0 L 51
53 1 L 37
54 1 L 20
55 1 U -1
56 0 L 44
57 0 L 41
