44
0 0 U -1
1 0 U -1
2 0 U -1
3 0 U -1
4 0 U -1
5 0 U -1
6 0 U -1
7 0 U -1
8 0 U -1
9 0 U -1
10 0 U -1
11 0 U -1
12 0 U -1
13 0 U -1
14 0 U -1
15 0 U -1
16 0 U -1
17 0 U -1
18 0 U -1
19 0 U -1
20 0 U -1
21 0 U -1
22 0 U -1
23 0 U -1
24 0 U -1
25 0 U -1
26 0 U -1
27 0 U -1
28 0 U -1
29 0 U -1
30 0 U -1
31 0 U -1
32 0 U -1
33 0 U -1
34 0 U -1
35 0 U -1
36 0 U -1
37 0 U -1
38 0 U -1
39 0 U -1
40 0 U -1
41 0 U -1
42 0 U -1
43 0 U -1
44
0 1 U -1
1 0 U -1
2 1 U 1
3 1 U -1
4 0 L -1
5 1 L 0
6 1 U -1
7 1 L 2
8 1 U -1
9 0 L -1
10 1 U -1
11 0 L 5
12 0 U 10
13 0 U 2
14 1 L 2
15 1 L -1
16 1 U -1
17 1 L 15
18 1 U 16
19 1 L 14
20 1 L 6
21 0 L 6
22 1 L 12
23 1 U 21
24 1 L 14
25 1 L 21
26 1 L 24
27 1 U 12
28 0 U 27
29 1 U 13
30 1 L 17
31 0 U 22
32 1 L 12
33 0 U -1
34 0 L 28
35 1 L 24
36 0 U -1
37 0 L 32
38 1 L 14
39 0 L 17
40 0 U 27
41 1 U 16
42 0 L -1
43 0 L 35
44
0 1 L -1
1 0 U -1
2 1 U 1
3 1 U -1
4 0 L -1
5 1 L 0
6 0 U -1
7 1 L 1
8 1 U -1
9 0 L -1
10 1 U -1
11 0 L 5
12 0 U 10
13 0 U 10
14 1 L 2
15 1 L -1
16 1 U -1
17 1 L 15
18 0 U 10
19 1 L 14
20 0 L 19
21 0 L 6
22 1 L 12
23 1 U 21
24 1 L 5
25 1 L 21
26 1 L 24
27 1 U 2
28 0 U 22
29 1 U 19
30 1 U 19
31 1 U 29
32 1 L 12
33 0 U -1
34 0 L 28
35 0 L 24
36 0 U -1
37 1 L 32
38 0 L 24
39 0 L 17
40 1 L 29
41 1 L 11
42 1 L -1
43 1 L 42
44
0 1 U -1
1 0 U -1
2 1 U 1
3 1 U -1
4 0 L -1
5 1 L 0
6 1 U -1
7 1 L 2
8 1 U -1
9 0 L -1
10 1 U -1
11 0 L 5
12 0 U 10
13 0 U 11
14 1 L 2
15 1 L -1
16 1 U -1
17 1 L 15
18 1 U 2
19 1 L 14
20 1 L 19
21 1 L 6
22 1 L 12
23 1 U 7
24 1 L 5
25 1 L 8
26 1 L 24
27 1 U 16
28 0 U 5
29 0 U 19
30 0 L 25
31 0 U 21
32 1 L 12
33 0 U -1
34 0 L 28
35 0 L 24
36 0 U -1
37 0 L 32
38 0 L 24
39 0 L 17
40 1 L 10
41 0 L 38
42 1 L -1
43 1 L 3
44
0 1 L -1
1 0 U -1
2 1 U 1
3 1 U -1
4 0 L -1
5 1 L 0
6 1 U -1
7 1 L 0
8 1 U -1
9 0 L -1
10 1 U -1
11 0 L 5
12 0 U 10
13 1 U 2
14 1 L 2
15 1 L -1
16 1 U -1
17 1 L 2
18 0 U 2
19 1 L 14
20 1 L 6
21 0 L 6
22 1 L 12
23 1 U 9
24 1 L 5
25 0 L 8
26 0 L 24
27 1 U 16
28 0 U 21
29 1 U 19
30 1 L 24
31 1 U 14
32 1 U 18
33 0 U -1
34 0 L 28
35 0 L 24
36 0 U -1
37 1 L 22
38 0 L 5
39 0 L 17
40 1 L 38
41 1 L 35
42 0 L -1
43 1 L 1
44
0 1 U -1
1 0 U -1
2 1 U 1
3 1 U -1
4 0 L -1
5 1 L 0
6 1 U -1
7 1 L 0
8 1 U -1
9 0 L -1
10 1 U -1
11 0 L 5
12 0 U 2
13 1 U 2
14 1 L 2
15 1 L -1
16 1 U -1
17 1 L 15
18 0 U 16
19 1 L 8
20 1 L 6
21 1 L 14
22 1 L 12
23 1 U 17
24 1 L 14
25 0 L 24
26 0 L 12
27 0 U 11
28 0 U 21
29 0 U 27
30 1 L 12
31 0 U 9
32 1 U 20
33 0 U -1
34 1 L 28
35 0 L 24
36 0 U -1
37 1 L 30
38 1 L 5
39 0 L 17
40 1 U 36
41 0 L 25
42 0 L 9
43 1 L 42
44
0 1 L -1
1 0 U -1
2 1 U 1
3 1 U -1
4 0 L -1
5 1 L 0
6 0 U -1
7 1 L 2
8 1 U -1
9 0 L -1
10 1 U -1
11 0 L 5
12 0 U 2
13 1 U 2
14 1 L 2
15 1 L -1
16 1 U -1
17 1 L 15
18 0 U 10
19 1 L 11
20 1 L 14
21 1 L 14
22 0 L 19
23 0 U 17
24 0 L 14
25 0 L 24
26 0 L 25
27 0 U 11
28 0 U 21
29 1 U 20
30 0 L 12
31 1 U 9
32 1 U 27
33 0 U -1
34 0 L 28
35 0 L 14
36 0 U -1
37 0 L 30
38 0 L 25
39 0 L 17
40 1 U 36
41 0 L 21
42 0 L 15
43 1 L 42
44
0 1 U -1
1 0 U -1
2 0 U 1
3 1 U 1
4 0 L -1
5 0 L 2
6 1 U -1
7 0 L -1
8 1 U -1
9 0 L -1
10 1 U -1
11 0 L 5
12 0 U 2
13 1 U 10
14 1 L 0
15 1 L -1
16 1 U -1
17 1 L 15
18 0 U 2
19 0 U 14
20 1 L 14
21 1 L 14
22 0 L 11
23 1 U 17
24 0 L 20
25 0 L 22
26 1 L 22
27 0 U 16
28 0 U 22
29 1 U 18
30 1 L 12
31 1 U 22
32 1 U 27
33 0 U -1
34 0 L 28
35 0 L 20
36 0 U -1
37 0 L 30
38 0 L 12
39 1 L 17
40 1 L 33
41 1 L 11
42 1 L 23
43 1 L 42
44
0 0 L -1
1 0 U -1
2 0 U 1
3 1 U 1
4 0 L -1
5 0 L 2
6 1 U -1
7 0 L -1
8 1 U -1
9 0 L -1
10 1 U -1
11 0 L 5
12 0 U 10
13 1 U 10
14 1 L 7
15 1 L -1
16 1 U -1
17 1 L 15
18 1 U 2
19 0 U 14
20 1 L 6
21 1 L 14
22 0 L 11
23 1 U 17
24 0 L 20
25 1 L 10
26 0 L 24
27 1 U 16
28 0 U 7
29 1 U 18
30 0 L 24
31 1 U 25
32 1 U 27
33 0 U -1
34 0 L 28
35 1 L 20
36 0 U -1
37 1 L 26
38 0 L 10
39 1 L 17
40 1 L 14
41 0 L 11
42 0 L 23
43 1 L 42
44
0 0 L -1
1 0 U -1
2 0 U 1
3 1 U 1
4 0 L -1
5 0 L 2
6 1 U -1
7 0 L -1
8 1 U -1
9 0 L -1
10 1 U -1
11 0 L 5
12 0 U 10
13 1 U 10
14 1 L 2
15 1 L -1
16 1 U -1
17 1 L 15
18 1 U 2
19 1 U 14
20 1 L 6
21 1 L 14
22 0 L 11
23 0 U 17
24 0 L 20
25 1 L 10
26 1 L 24
27 1 U 10
28 0 U 7
29 1 U 18
30 1 L 12
31 1 U 25
32 1 U 18
33 0 U -1
34 0 L 28
35 1 L 11
36 0 U -1
37 0 L 26
38 0 L 10
39 1 L 19
40 1 L 19
41 1 L 40
42 0 L 23
43 1 L 41
44
0 1 L -1
1 0 U -1
2 0 U 1
3 1 U 1
4 0 L -1
5 0 L 2
6 1 U -1
7 0 L -1
8 1 U -1
9 0 L -1
10 1 U -1
11 0 L 5
12 0 U 2
13 1 U 10
14 1 L 0
15 1 L -1
16 1 U -1
17 1 L 15
18 1 U 2
19 1 U 14
20 1 L 6
21 1 L 14
22 0 L 11
23 0 U 17
24 0 L 20
25 1 L 10
26 0 L 24
27 1 U 16
28 0 U 7
29 1 U 18
30 1 L 12
31 1 U 21
32 1 U 18
33 0 U -1
34 0 L 28
35 1 L 8
36 0 U -1
37 0 L 26
38 0 L 22
39 1 L 19
40 1 L 19
41 1 L 40
42 1 L 23
43 1 L 41
44
0 0 U -1
1 0 U -1
2 0 U 1
3 1 U 1
4 0 L -1
5 0 L 2
6 1 U -1
7 0 L -1
8 1 U -1
9 0 L -1
10 1 U -1
11 0 L 5
12 0 U 10
13 1 U 10
14 1 L 2
15 1 L -1
16 1 U -1
17 1 L 15
18 1 U 2
19 1 U 14
20 1 L 6
21 1 L 14
22 0 L 21
23 0 U 17
24 0 L 20
25 1 L 10
26 1 L 24
27 1 U 16
28 0 U 7
29 1 U 18
30 1 L 12
31 1 U 21
32 1 U 20
33 0 U -1
34 0 L 28
35 1 L 8
36 0 U -1
37 0 L 26
38 0 L 10
39 1 L 19
40 1 L 19
41 1 L 6
42 0 L 23
43 1 L 21
44
0 0 L -1
1 0 U -1
2 0 U 1
3 1 U 1
4 0 L -1
5 0 L 2
6 1 U -1
7 0 L -1
8 1 U -1
9 0 L -1
10 1 U -1
11 0 L 5
12 0 U 2
13 1 U 10
14 1 L 2
15 1 L -1
16 1 U -1
17 1 L 15
18 1 U 2
19 0 U 14
20 1 L 6
21 1 L 14
22 0 L 11
23 0 U 17
24 0 L 20
25 1 L 22
26 0 L 24
27 1 U 16
28 0 U 7
29 1 U 18
30 1 L 12
31 1 U 22
32 1 U 18
33 0 U -1
34 0 L 28
35 1 L 8
36 0 U -1
37 0 L 26
38 0 L 22
39 1 L 19
40 1 L 18
41 1 L 6
42 0 L 23
43 1 L 21
44
0 0 L -1
1 0 U -1
2 0 U 1
3 1 U 1
4 0 L -1
5 0 L 2
6 1 U -1
7 0 L -1
8 1 U -1
9 0 L -1
10 1 U -1
11 0 L 5
12 0 U 2
13 1 U 10
14 1 L 2
15 1 L -1
16 1 U -1
17 1 L 15
18 1 U 2
19 0 U 14
20 1 L 6
21 1 L 14
22 0 L 11
23 0 U 17
24 0 L 20
25 0 L 22
26 1 L 24
27 1 U 10
28 0 U 7
29 1 U 18
30 0 L 23
31 1 U 21
32 1 U 27
33 0 U -1
34 0 L 28
35 1 L 21
36 0 U -1
37 0 L 26
38 0 L 10
39 1 L 30
40 1 L 29
41 1 L 6
42 0 L 23
43 1 L 21
44
0 0 U -1
1 0 U -1
2 0 U 1
3 1 U 1
4 0 L -1
5 0 L 2
6 1 U -1
7 0 L -1
8 1 U -1
9 0 L -1
10 1 U -1
11 0 L 5
12 0 U 2
13 1 U 10
14 1 L 2
15 1 L -1
16 1 U -1
17 1 L 15
18 1 U 2
19 0 U 14
20 1 L 6
21 1 L 14
22 0 L 11
23 0 U 17
24 0 L 20
25 0 L 10
26 0 L 24
27 1 U 16
28 0 U 7
29 1 U 18
30 0 L 23
31 1 U 22
32 1 U 27
33 0 U -1
34 0 L 28
35 1 L 11
36 0 U -1
37 0 L 26
38 1 L 35
39 1 L 30
40 1 L 33
41 1 L 6
42 0 L 23
43 1 L 41
44
0 1 L -1
1 0 U -1
2 0 U 1
3 1 U 1
4 0 L -1
5 0 L 2
6 1 U -1
7 0 L -1
8 1 U -1
9 0 L -1
10 1 U -1
11 0 L 5
12 0 U 10
13 1 U 10
14 1 L 0
15 1 L -1
16 1 U -1
17 1 L 15
18 1 U 2
19 0 U 14
20 1 L 6
21 1 L 14
22 0 L 11
23 0 U 17
24 0 L 20
25 1 L 22
26 1 L 24
27 1 U 10
28 0 U 7
29 1 U 18
30 0 L 23
31 1 U 22
32 1 U 20
33 0 U -1
34 0 L 28
35 1 L 11
36 0 U -1
37 0 L 26
38 1 L 35
39 1 L 30
40 1 L 29
41 0 L 6
42 0 L 23
43 1 L 41
44
0 1 L -1
1 0 U -1
2 0 U 1
3 1 U 1
4 0 L -1
5 0 L 2
6 1 U -1
7 0 L -1
8 1 U -1
9 0 L -1
10 1 U -1
11 0 L 5
12 0 U 2
13 1 U 10
14 1 L 2
15 1 L -1
16 1 U -1
17 1 L 15
18 1 U 2
19 0 U 14
20 1 L 6
21 1 L 14
22 0 L 11
23 0 U 17
24 0 L 20
25 1 L 10
26 0 L 24
27 1 U 16
28 0 U 7
29 1 U 18
30 0 L 23
31 0 U 21
32 1 U 27
33 0 U -1
34 0 L 28
35 1 L 21
36 0 U -1
37 0 L 26
38 1 L 35
39 1 L 30
40 1 L 12
41 1 L 6
42 1 L 23
43 1 L 21
44
0 1 U -1
1 0 U -1
2 0 U 1
3 1 U 1
4 0 L -1
5 0 L 2
6 1 U -1
7 0 L -1
8 1 U -1
9 0 L -1
10 1 U -1
11 0 L 5
12 0 U 2
13 1 U 10
14 1 L 0
15 1 L -1
16 1 U -1
17 1 L 15
18 1 U 2
19 0 U 14
20 1 L 6
21 1 L 14
22 0 L 11
23 0 U 17
24 0 L 20
25 0 L 10
26 0 L 24
27 1 U 16
28 0 U 7
29 1 U 18
30 0 L 23
31 1 U 21
32 1 U 27
33 0 U -1
34 0 L 28
35 1 L 21
36 0 U -1
37 0 L 26
38 1 L 35
39 1 L 30
40 1 L 35
41 1 L 6
42 0 L 23
43 1 L 41
44
0 1 L -1
1 0 U -1
2 0 U 1
3 1 U 1
4 0 L -1
5 0 L 2
6 1 U -1
7 0 L -1
8 1 U -1
9 0 L -1
10 1 U -1
11 0 L 5
12 0 U 10
13 1 U 10
14 1 L 0
15 1 L -1
16 1 U -1
17 1 L 15
18 0 U 2
19 0 U 14
20 1 L 6
21 1 L 14
22 0 L 11
23 0 U 17
24 0 L 20
25 1 L 10
26 1 L 24
27 1 U 10
28 0 U 22
29 1 U 18
30 0 L 23
31 1 U 21
32 1 U 20
33 0 U -1
34 0 L 28
35 1 L 8
36 0 U -1
37 0 L 26
38 0 L 12
39 1 L 5
40 1 L 29
41 0 L 6
42 0 L 23
43 1 L 8
44
0 0 U -1
1 0 U -1
2 0 U 1
3 1 U 1
4 0 L -1
5 0 L 2
6 1 U -1
7 0 L -1
8 1 U -1
9 0 L -1
10 1 U -1
11 0 L 5
12 0 U 2
13 1 U 2
14 1 L 2
15 1 L -1
16 1 U -1
17 1 L 15
18 1 U 2
19 0 U 14
20 1 L 6
21 1 L 14
22 0 L 11
23 0 U 17
24 0 L 20
25 1 L 22
26 0 L 24
27 1 U 10
28 0 U 7
29 1 U 18
30 0 L 14
31 1 U 21
32 1 U 18
33 0 U -1
34 0 L 28
35 1 L 8
36 0 U -1
37 0 L 26
38 0 L 22
39 1 L 5
40 1 L 18
41 1 L 6
42 0 L 23
43 1 L 21
44
0 0 L -1
1 0 U -1
2 0 U 1
3 1 U 1
4 0 L -1
5 0 L 2
6 1 U -1
7 0 L -1
8 1 U -1
9 0 L -1
10 1 U -1
11 0 L 5
12 0 U 10
13 1 U 10
14 1 L 2
15 1 L -1
16 1 U -1
17 1 L 15
18 1 U 2
19 0 U 14
20 1 L 6
21 1 L 14
22 0 L 11
23 0 U 17
24 0 L 20
25 1 L 22
26 0 L 24
27 1 U 10
28 0 U 7
29 1 U 18
30 0 L 23
31 1 U 22
32 1 U 18
33 0 U -1
34 0 L 28
35 1 L 8
36 0 U -1
37 0 L 26
38 0 L 22
39 1 L 30
40 1 L 18
41 1 L 6
42 0 L 23
43 1 L 21
44
0 1 U -1
1 0 U -1
2 0 U 1
3 1 U 1
4 0 L -1
5 0 L 2
6 1 U -1
7 0 L -1
8 1 U -1
9 0 L -1
10 1 U -1
11 0 L 5
12 0 U 10
13 1 U 2
14 1 L 7
15 1 L -1
16 1 U -1
17 1 L 15
18 1 U 2
19 0 U 14
20 1 L 6
21 1 L 14
22 0 L 11
23 0 U 17
24 0 L 20
25 1 L 10
26 0 L 24
27 1 U 10
28 0 U 7
29 1 U 18
30 0 L 23
31 1 U 21
32 1 U 18
33 0 U -1
34 0 L 28
35 1 L 8
36 0 U -1
37 0 L 26
38 0 L 22
39 1 L 19
40 1 L 18
41 1 L 6
42 1 L 23
43 1 L 41
44
0 1 L -1
1 0 U -1
2 0 U 1
3 1 U 1
4 0 L -1
5 0 L 2
6 1 U -1
7 0 L -1
8 1 U -1
9 0 L -1
10 1 U -1
11 0 L 5
12 0 U 10
13 1 U 10
14 1 L 9
15 1 L -1
16 1 U -1
17 1 L 15
18 1 U 2
19 0 U 14
20 1 L 6
21 1 L 14
22 0 L 11
23 0 U 17
24 0 L 20
25 1 L 22
26 0 L 24
27 1 U 16
28 0 U 7
29 1 U 18
30 1 L 23
31 1 U 21
32 1 U 18
33 0 U -1
34 0 L 28
35 1 L 8
36 0 U -1
37 0 L 26
38 0 L 22
39 1 L 19
40 1 L 37
41 1 L 6
42 0 L 23
43 1 L 41
44
0 1 L -1
1 0 U -1
2 0 U 1
3 1 U 1
4 0 L -1
5 0 L 2
6 1 U -1
7 0 L -1
8 1 U -1
9 0 L -1
10 1 U -1
11 0 L 5
12 0 U 10
13 1 U 10
14 1 L 2
15 1 L -1
16 1 U -1
17 1 L 15
18 1 U 2
19 1 U 14
20 1 L 6
21 1 L 14
22 0 L 11
23 0 U 17
24 0 L 20
25 0 L 10
26 1 L 24
27 1 U 10
28 0 U 7
29 1 U 18
30 0 L 14
31 1 U 22
32 1 U 20
33 0 U -1
34 0 L 28
35 1 L 8
36 0 U -1
37 0 L 26
38 0 L 22
39 1 L 5
40 1 L 28
41 1 L 6
42 1 L 23
43 1 L 41
44
0 0 U -1
1 0 U -1
2 0 U 1
3 1 U 1
4 0 L -1
5 0 L 2
6 1 U -1
7 0 L -1
8 1 U -1
9 0 L -1
10 1 U -1
11 0 L 5
12 0 U 10
13 1 U 3
14 1 L 2
15 1 L -1
16 1 U -1
17 1 L 15
18 1 U 2
19 0 U 14
20 1 L 6
21 1 L 14
22 1 L 11
23 0 U 17
24 0 L 20
25 0 L 10
26 0 L 24
27 1 U 16
28 0 U 7
29 1 U 18
30 0 L 14
31 0 U 22
32 1 U 18
33 0 U -1
34 0 L 28
35 1 L 8
36 0 U -1
37 0 L 26
38 0 L 10
39 1 L 19
40 0 L 23
41 1 L 6
42 0 L 23
43 1 L 41
44
0 1 U -1
1 0 U -1
2 0 U 1
3 1 U 1
4 0 L -1
5 0 L 2
6 1 U -1
7 0 L -1
8 1 U -1
9 0 L -1
10 1 U -1
11 0 L 5
12 0 U 2
13 1 U 2
14 1 L 2
15 1 L -1
16 1 U -1
17 1 L 15
18 1 U 2
19 1 U 14
20 1 L 6
21 1 L 14
22 0 L 21
23 0 U 17
24 0 L 20
25 1 L 10
26 1 L 24
27 1 U 16
28 0 U 7
29 1 U 18
30 0 L 14
31 1 U 21
32 1 U 18
33 0 U -1
34 0 L 28
35 1 L 8
36 0 U -1
37 0 L 26
38 0 L 10
39 1 L 19
40 0 L 39
41 1 L 6
42 1 L 23
43 1 L 41
44
0 1 U -1
1 0 U -1
2 0 U 1
3 1 U 1
4 0 L -1
5 0 L 2
6 1 U -1
7 0 L -1
8 1 U -1
9 0 L -1
10 1 U -1
11 0 L 5
12 0 U 2
13 1 U 2
14 1 L 0
15 1 L -1
16 1 U -1
17 1 L 15
18 1 U 2
19 1 U 14
20 1 L 6
21 1 L 14
22 0 L 11
23 0 U 17
24 0 L 20
25 0 L 22
26 1 L 24
27 1 U 10
28 0 U 7
29 1 U 18
30 0 L 14
31 0 U 21
32 1 U 20
33 0 U -1
34 0 L 28
35 1 L 21
36 0 U -1
37 0 L 26
38 0 L 22
39 1 L 19
40 0 L 24
41 1 L 6
42 1 L 23
43 1 L 41
44
0 0 U -1
1 0 U -1
2 0 U 1
3 1 U 1
4 0 L -1
5 0 L 2
6 0 U -1
7 0 L -1
8 1 U -1
9 0 L -1
10 1 U -1
11 0 L 5
12 0 U 10
13 1 U 2
14 1 U 5
15 1 L -1
16 1 U -1
17 1 L 15
18 1 U 2
19 1 U 14
20 1 L 6
21 1 L 14
22 1 L 11
23 0 U 17
24 0 L 20
25 0 L 10
26 0 L 24
27 1 U 16
28 0 U 7
29 1 U 18
30 0 L 14
31 0 U 22
32 1 U 18
33 0 U -1
34 0 L 28
35 1 L 11
36 0 U -1
37 0 L 26
38 0 L 10
39 1 L 19
40 0 L 24
41 1 L 6
42 0 L 23
43 1 L 41
44
0 1 L -1
1 0 U -1
2 0 U 1
3 1 U 1
4 0 L -1
5 0 L 2
6 0 U -1
7 0 L -1
8 1 U -1
9 0 L -1
10 1 U -1
11 0 L 5
12 0 U 10
13 1 U 10
14 1 L 9
15 1 L -1
16 1 U -1
17 1 L 15
18 1 U 2
19 1 U 14
20 1 L 6
21 1 L 6
22 1 L 21
23 0 U 17
24 0 L 20
25 0 L 22
26 0 L 24
27 1 U 16
28 0 U 7
29 1 U 18
30 0 L 14
31 0 U 22
32 1 U 20
33 0 U -1
34 0 L 33
35 1 L 11
36 0 U -1
37 0 L 26
38 0 L 10
39 1 L 19
40 0 L 39
41 1 L 6
42 1 L 23
43 1 L 41
44
0 1 U -1
1 0 U -1
2 0 U 1
3 1 U 1
4 0 L -1
5 0 L 2
6 0 U -1
7 0 L -1
8 1 U -1
9 0 L -1
10 1 U -1
11 0 L 5
12 0 U 10
13 1 U 10
14 1 L 9
15 1 L -1
16 1 U -1
17 1 L 15
18 1 U 2
19 1 U 14
20 1 L 6
21 1 L 6
22 0 L 21
23 0 U 17
24 0 L 20
25 1 L 22
26 0 L 24
27 1 U 10
28 0 U 7
29 1 U 18
30 0 L 14
31 0 U 21
32 1 U 18
33 0 U -1
34 0 L 28
35 0 L 8
36 0 U -1
37 0 L 26
38 0 L 10
39 1 L 19
40 0 L 39
41 1 L 6
42 1 L 23
43 1 L 41
44
0 0 U -1
1 0 U -1
2 0 U 1
3 1 U 1
4 0 L -1
5 0 L 2
6 0 U -1
7 0 L -1
8 1 U -1
9 0 L -1
10 1 U -1
11 0 L 5
12 0 U 10
13 1 U 10
14 1 L 7
15 1 L -1
16 1 U -1
17 1 L 15
18 1 U 2
19 1 U 14
20 1 L 6
21 1 L 14
22 1 L 11
23 0 U 17
24 0 L 20
25 1 L 22
26 1 L 24
27 1 U 16
28 0 U 7
29 1 U 18
30 0 L 14
31 1 U 21
32 1 U 18
33 0 U -1
34 0 L 33
35 1 L 21
36 0 U -1
37 0 L 26
38 0 L 10
39 1 L 19
40 0 L 24
41 1 L 6
42 0 L 23
43 1 L 41
44
0 1 U -1
1 0 U -1
2 0 U 1
3 1 U 1
4 0 L -1
5 0 L 2
6 0 U -1
7 0 L -1
8 1 U -1
9 0 L -1
10 1 U -1
11 0 L 5
12 0 U 10
13 1 U 10
14 1 U 5
15 1 L -1
16 1 U -1
17 1 L 15
18 1 U 2
19 1 U 14
20 1 L 6
21 1 L 6
22 0 L 11
23 0 U 17
24 0 L 20
25 1 L 22
26 1 L 24
27 1 U 16
28 0 U 7
29 1 U 18
30 0 L 14
31 1 U 22
32 1 U 27
33 0 U -1
34 0 L 28
35 1 L 21
36 0 U -1
37 0 L 26
38 0 L 10
39 1 L 19
40 0 L 39
41 1 L 6
42 0 L 23
43 1 L 41
44
0 1 L -1
1 0 U -1
2 0 U 1
3 1 U 1
4 0 L -1
5 0 L 2
6 1 U -1
7 0 L -1
8 1 U -1
9 0 L -1
10 1 U -1
11 0 L 5
12 0 U 2
13 1 U 10
14 1 U 7
15 1 L -1
16 1 U -1
17 1 L 15
18 1 U 2
19 0 U 14
20 1 L 6
21 1 L 14
22 0 L 11
23 0 U 17
24 0 L 20
25 0 L 22
26 0 L 24
27 1 U 16
28 0 U 7
29 1 U 18
30 0 L 14
31 1 U 22
32 1 U 18
33 0 U -1
34 0 L 28
35 1 L 8
36 0 U -1
37 0 L 26
38 0 L 10
39 1 L 19
40 0 L 24
41 1 L 6
42 0 L 23
43 1 L 41
44
0 0 U -1
1 0 U -1
2 0 U 1
3 1 U 1
4 0 L -1
5 0 L 2
6 1 U -1
7 0 L -1
8 1 U -1
9 0 L -1
10 1 U -1
11 0 L 5
12 0 U 10
13 1 U 2
14 1 U 5
15 1 L -1
16 1 U -1
17 1 L 15
18 1 U 2
19 1 U 14
20 1 L 6
21 1 L 14
22 0 L 11
23 0 U 17
24 0 L 20
25 0 L 22
26 1 L 24
27 1 U 16
28 0 U 7
29 1 U 18
30 0 L 14
31 1 U 21
32 1 U 20
33 0 U -1
34 0 L 28
35 1 L 11
36 0 U -1
37 0 L 26
38 0 L 10
39 1 L 19
40 0 L 24
41 1 L 6
42 0 L 23
43 1 L 41
44
0 0 U -1
1 0 U -1
2 0 U 1
3 1 U 1
4 0 L -1
5 0 L 2
6 1 U -1
7 0 L -1
8 1 U -1
9 0 L -1
10 1 U -1
11 0 L 5
12 0 U 10
13 1 U 2
14 1 L 7
15 1 L -1
16 1 U -1
17 1 L 15
18 1 U 2
19 1 U 14
20 1 L 6
21 1 L 14
22 0 L 11
23 0 U 17
24 0 L 20
25 1 L 22
26 1 L 24
27 1 U 10
28 0 U 7
29 1 U 18
30 0 L 14
31 1 U 22
32 1 U 27
33 0 U -1
34 0 L 28
35 1 L 11
36 0 U -1
37 0 L 26
38 0 L 22
39 1 L 19
40 0 L 35
41 1 L 6
42 1 L 23
43 1 L 41
44
0 0 L -1
1 0 U -1
2 0 U 1
3 1 U 1
4 0 L -1
5 0 L 2
6 1 U -1
7 0 L -1
8 1 U -1
9 0 L -1
10 1 U -1
11 0 L 5
12 0 U 10
13 1 U 10
14 1 L 9
15 1 L -1
16 1 U -1
17 1 L 15
18 1 U 2
19 0 U 14
20 1 L 6
21 1 L 14
22 0 L 11
23 0 U 17
24 0 L 20
25 0 L 22
26 1 L 24
27 1 U 10
28 0 U 7
29 1 U 18
30 0 L 14
31 1 U 22
32 1 U 18
33 0 U -1
34 0 L 28
35 1 L 8
36 0 U -1
37 0 L 26
38 0 L 22
39 1 L 19
40 0 L 24
41 1 L 6
42 1 L 23
43 1 L 41
44
0 0 L -1
1 0 U -1
2 0 U 1
3 1 U 1
4 0 L -1
5 0 L 2
6 1 U -1
7 0 L -1
8 1 U -1
9 0 L -1
10 1 U -1
11 0 L 5
12 0 U 2
13 1 U 10
14 1 L 2
15 1 L -1
16 1 U -1
17 1 L 15
18 1 U 2
19 0 U 14
20 1 L 6
21 1 L 14
22 0 L 11
23 0 U 17
24 0 L 20
25 0 L 22
26 0 L 24
27 1 U 16
28 0 U 7
29 1 U 18
30 1 L 23
31 0 U 21
32 1 U 27
33 0 U -1
34 0 L 28
35 1 L 8
36 0 U -1
37 0 L 26
38 0 L 22
39 1 L 5
40 0 L 35
41 1 L 6
42 0 L 23
43 1 L 41
44
0 0 L -1
1 0 U -1
2 0 U 1
3 1 U 1
4 0 L -1
5 0 L 2
6 1 U -1
7 0 L -1
8 1 U -1
9 0 L -1
10 1 U -1
11 0 L 5
12 0 U 2
13 1 U 2
14 1 L 2
15 1 L -1
16 1 U -1
17 1 L 15
18 1 U 2
19 0 U 14
20 1 L 6
21 1 L 14
22 0 L 11
23 0 U 17
24 0 L 20
25 0 L 22
26 1 L 24
27 1 U 10
28 0 U 7
29 1 U 18
30 0 L 23
31 0 U 21
32 1 U 20
33 0 U -1
34 0 L 28
35 1 L 8
36 0 U -1
37 0 L 26
38 0 L 22
39 1 L 5
40 0 L 35
41 1 L 6
42 0 L 23
43 1 L 41
