34
0 0 U -1
1 0 U -1
2 0 U -1
3 0 U -1
4 0 U -1
5 0 U -1
6 0 U -1
7 0 U -1
8 0 U -1
9 0 U -1
10 0 U -1
11 0 U -1
12 0 U -1
13 0 U -1
14 0 U -1
15 0 U -1
16 0 U -1
17 0 U -1
18 0 U -1
19 0 U -1
20 0 U -1
21 0 U -1
22 0 U -1
23 0 U -1
24 0 U -1
25 0 U -1
26 0 U -1
27 0 U -1
28 0 U -1
29 0 U -1
30 0 U -1
31 0 U -1
32 0 U -1
33 0 U -1
34
0 0 U -1
1 0 L -1
2 0 L -1
3 0 L -1
4 0 U -1
5 0 U -1
6 1 U -1
7 1 U -1
8 1 U 7
9 0 L 6
10 0 U 8
11 0 U -1
12 0 U -1
13 1 L 3
14 0 U 12
15 0 L 8
16 0 L 8
17 1 U 12
18 0 L 16
19 0 L 11
20 0 U 17
21 1 L 8
22 1 U 18
23 0 L 15
24 0 U -1
25 1 U 8
26 0 L 11
27 1 U -1
28 0 U 16
29 0 U 9
30 1 L -1
31 0 U 10
32 1 L -1
33 0 U 5
34
0 0 L -1
1 1 L -1
2 1 L -1
3 0 L -1
4 0 U -1
5 0 U -1
6 0 U -1
7 1 U -1
8 0 U 7
9 0 L 6
10 0 U 8
11 0 U -1
12 0 U -1
13 1 L 3
14 0 U 1
15 0 L 5
16 0 L 10
17 1 U 12
18 1 L 16
19 0 L 18
20 1 U 17
21 0 L 10
22 1 U 21
23 0 L 15
24 0 U -1
25 1 L 10
26 0 L 14
27 0 U -1
28 0 U 20
29 0 U 2
30 0 L -1
31 0 U 30
32 1 L -1
33 0 L 23
34
0 0 L -1
1 1 L -1
2 1 L -1
3 0 L -1
4 0 U -1
5 0 U -1
6 0 U -1
7 1 U -1
8 0 U 1
9 0 L 6
10 0 U 8
11 0 U -1
12 0 U -1
13 1 L 3
14 0 U 1
15 0 L 10
16 0 L 5
17 0 U 1
18 0 L 16
19 0 L 18
20 1 U 17
21 0 L 5
22 1 L 18
23 1 L 16
24 0 U -1
25 0 L 5
26 0 L 13
27 0 U -1
28 0 U 20
29 0 U 2
30 1 L -1
31 0 U 28
32 1 L -1
33 1 U 9
34
0 0 L -1
1 1 L -1
2 0 L -1
3 0 L -1
4 0 U -1
5 0 U -1
6 0 U -1
7 1 U -1
8 1 U 1
9 0 L 6
10 0 U 8
11 0 U -1
12 0 U -1
13 1 L 3
14 0 U 12
15 0 L 5
16 0 L 5
17 1 U 1
18 0 L 16
19 0 L 18
20 1 U 8
21 0 L 8
22 1 L 11
23 1 L 16
24 0 U -1
25 0 L 8
26 0 L 8
27 0 U 0
28 0 U 20
29 0 U 16
30 0 L -1
31 1 L 28
32 0 L -1
33 0 U 17
34
0 1 U -1
1 0 L -1
2 0 L -1
3 0 L -1
4 0 U -1
5 0 U -1
6 0 U -1
7 1 U -1
8 0 U 7
9 0 L 6
10 0 U 8
11 0 U -1
12 0 U -1
13 1 L 3
14 0 U 12
15 0 L 5
16 0 L 5
17 1 U 1
18 0 L 16
19 0 L 18
20 0 U 3
21 0 L 5
22 1 L 11
23 0 L 16
24 0 U -1
25 0 L 10
26 0 L 10
27 0 U -1
28 0 L 20
29 1 U 28
30 0 L -1
31 1 L 17
32 1 L -1
33 0 U 1
34
0 0 L -1
1 1 L -1
2 1 L -1
3 0 L -1
4 0 U -1
5 0 U -1
6 0 U -1
7 1 U -1
8 1 U 7
9 0 L 6
10 0 U 8
11 0 U -1
12 0 U -1
13 0 L 3
14 1 U 12
15 0 L 5
16 0 L 8
17 0 U 15
18 0 L 16
19 0 L 18
20 1 U 8
21 0 L 10
22 0 L 11
23 0 L 16
24 0 U -1
25 0 L 5
26 0 L 13
27 0 U -1
28 0 L 16
29 0 U 21
30 0 L -1
31 0 L 29
32 1 L -1
33 0 U 27
34
0 1 L -1
1 0 L -1
2 1 L 0
3 0 L -1
4 0 U -1
5 0 U -1
6 0 U -1
7 1 U -1
8 1 U 7
9 0 L 6
10 0 U 8
11 0 U -1
12 0 U -1
13 1 L 3
14 1 U 12
15 0 L 5
16 0 L 10
17 0 U 12
18 0 L 16
19 0 L 18
20 1 U 1
21 0 L 5
22 0 L 11
23 0 L 21
24 0 U -1
25 1 L 10
26 0 L 14
27 0 U -1
28 0 L 12
29 0 U 21
30 0 L 29
31 1 L 29
32 1 L -1
33 0 L 6
34
0 1 U -1
1 0 L -1
2 0 L -1
3 0 L -1
4 0 U -1
5 0 U -1
6 0 U -1
7 1 U -1
8 0 U 7
9 0 L 6
10 0 U 8
11 0 U -1
12 0 U -1
13 1 L 3
14 1 U 12
15 0 L 10
16 0 L 10
17 0 U 1
18 0 L 16
19 0 L 18
20 0 U 1
21 0 L 5
22 0 L 18
23 0 L 21
24 0 U -1
25 0 L 10
26 0 L 14
27 0 U -1
28 0 L -1
29 0 U 26
30 0 L 29
31 1 L 25
32 1 L -1
33 1 L 13
34
0 1 U -1
1 0 L -1
2 0 L -1
3 0 L -1
4 0 U -1
5 0 U -1
6 1 U -1
7 1 U -1
8 1 U 7
9 0 L 6
10 0 U 8
11 0 U -1
12 0 U -1
13 0 L 3
14 1 U 12
15 0 L 8
16 0 L 5
17 0 U 9
18 0 L 16
19 0 L 18
20 0 U 9
21 0 L 5
22 0 L 11
23 0 L 21
24 0 U -1
25 0 L 5
26 0 L 21
27 0 U -1
28 0 L -1
29 0 U 18
30 1 L 29
31 1 L 29
32 0 L -1
33 0 L 29
34
0 1 U -1
1 0 L -1
2 0 L -1
3 0 L -1
4 0 U -1
5 0 U -1
6 0 U -1
7 1 U -1
8 1 U 7
9 0 L 6
10 0 U 8
11 0 U -1
12 0 U -1
13 1 L 3
14 1 U 12
15 1 L 5
16 1 L 8
17 0 U 12
18 0 L 16
19 1 L 18
20 0 U 1
21 0 L 8
22 0 L 11
23 0 L 21
24 0 U -1
25 0 L -1
26 0 L 5
27 0 U -1
28 0 L 19
29 0 U 28
30 0 L 29
31 1 L 26
32 1 L -1
33 0 L 29
34
0 1 U -1
1 0 L -1
2 0 L -1
3 0 L -1
4 0 U -1
5 0 U -1
6 0 U -1
7 1 U -1
8 1 U 7
9 0 L 6
10 0 U 8
11 0 U -1
12 0 U -1
13 0 L 3
14 1 U 12
15 0 L 5
16 0 L 5
17 0 U 12
18 0 L 16
19 1 L 18
20 1 U 8
21 0 L 5
22 0 L 11
23 1 L 21
24 0 U -1
25 0 L 8
26 0 L -1
27 0 U 0
28 0 L 10
29 0 U 20
30 1 L 29
31 1 U -1
32 0 L -1
33 0 L 29
34
0 1 U -1
1 0 L -1
2 0 L -1
3 0 L -1
4 0 U -1
5 0 U -1
6 0 U -1
7 1 U -1
8 1 U 7
9 0 L 6
10 0 U 8
11 0 U -1
12 0 U -1
13 1 L 3
14 1 U 12
15 0 L 8
16 1 L 8
17 0 U 12
18 0 L 16
19 0 L 11
20 0 U 2
21 1 L 10
22 0 L 18
23 0 L 16
24 0 U -1
25 0 L -1
26 0 L 6
27 0 U 0
28 0 L 22
29 0 U 18
30 0 L 24
31 1 U -1
32 1 L -1
33 0 U 30
34
0 1 U -1
1 0 L -1
2 0 L -1
3 0 L -1
4 0 U -1
5 0 U -1
6 0 U -1
7 1 U -1
8 1 U 7
9 0 L 6
10 0 U 8
11 0 U -1
12 0 U -1
13 1 L 3
14 1 U 12
15 0 L 8
16 0 L 5
17 0 U 12
18 1 L 16
19 1 L 11
20 1 U 2
21 1 L 8
22 0 L 18
23 1 L 16
24 0 U -1
25 0 L -1
26 1 L 21
27 0 U 0
28 0 L 12
29 1 U 28
30 1 L 24
31 1 U -1
32 1 L -1
33 1 U 30
34
0 1 L -1
1 0 L -1
2 0 L -1
3 0 L -1
4 0 U -1
5 0 U -1
6 0 U -1
7 1 U -1
8 1 U 7
9 0 L 6
10 0 U 8
11 0 U -1
12 0 U -1
13 1 L 3
14 1 U 12
15 1 L 5
16 0 L 5
17 0 U 12
18 1 L 16
19 1 L 11
20 0 U 2
21 1 L 5
22 0 L 18
23 1 L 16
24 0 U -1
25 0 L -1
26 1 L 21
27 0 U 0
28 0 L 22
29 1 U 28
30 0 L 24
31 1 U -1
32 1 L -1
33 1 U 30
34
0 1 L -1
1 0 L -1
2 0 L -1
3 0 L -1
4 0 U -1
5 0 U -1
6 0 U -1
7 1 U -1
8 1 U 7
9 0 L 6
10 0 U 8
11 0 U -1
12 0 U -1
13 1 L 3
14 1 U 12
15 0 L 5
16 1 L 5
17 0 U 12
18 1 L 16
19 1 L 11
20 1 U 2
21 1 L 8
22 0 L 18
23 1 L 16
24 0 U -1
25 0 L -1
26 1 L 21
27 0 U 0
28 0 L 22
29 1 U 25
30 1 L 29
31 1 U -1
32 1 L -1
33 1 U 30
34
0 1 U -1
1 0 L -1
2 0 L -1
3 0 L -1
4 0 U -1
5 0 U -1
6 0 U -1
7 1 U -1
8 1 U 7
9 0 L 6
10 0 U 8
11 0 U -1
12 0 U -1
13 1 L 3
14 1 U 12
15 1 L 5
16 1 L 5
17 0 U 12
18 1 L 16
19 1 L 11
20 1 U 2
21 1 L 10
22 0 L 18
23 1 L 16
24 0 U -1
25 0 L -1
26 1 L 21
27 0 U 0
28 0 L 22
29 1 U 25
30 0 L 24
31 1 U -1
32 1 L -1
33 1 U 30
34
0 0 U -1
1 0 L -1
2 0 L -1
3 0 L -1
4 0 U -1
5 0 U -1
6 0 U -1
7 1 U -1
8 1 U 7
9 0 L 6
10 0 U 8
11 0 U -1
12 0 U -1
13 1 L 3
14 1 U 12
15 0 L 5
16 1 L 5
17 0 U 12
18 0 L 16
19 1 L 18
20 1 L 10
21 0 L 13
22 0 L 18
23 0 L 16
24 0 U -1
25 0 L -1
26 0 L 16
27 0 U 6
28 0 U 17
29 0 U 16
30 0 L 17
31 1 U -1
32 0 L -1
33 1 U 20
34
0 0 L -1
1 0 L -1
2 0 L -1
3 0 L -1
4 0 U -1
5 0 U -1
6 0 U -1
7 1 U -1
8 1 U 7
9 0 L 6
10 0 U 8
11 0 U -1
12 0 U -1
13 1 L 3
14 1 U 12
15 0 L 8
16 1 L 5
17 0 U 12
18 0 L 16
19 1 L 11
20 1 L 8
21 0 L 8
22 0 L 11
23 0 L 21
24 0 U -1
25 0 L -1
26 0 L 21
27 0 U 5
28 0 U 17
29 0 U 16
30 0 L 29
31 0 U -1
32 1 L -1
33 1 U 20
34
0 1 L -1
1 0 L -1
2 0 L -1
3 0 L -1
4 0 U -1
5 0 U -1
6 0 U -1
7 1 U -1
8 1 U 7
9 0 L 6
10 0 U 8
11 0 U -1
12 0 U -1
13 1 L 3
14 1 U 12
15 0 L 5
16 0 L 8
17 0 U 11
18 0 L 16
19 1 L 18
20 1 L 10
21 0 U 20
22 0 L 11
23 0 L 21
24 1 U -1
25 0 L -1
26 0 L 21
27 0 U 4
28 0 L 22
29 1 U 25
30 0 L 29
31 0 U -1
32 1 L -1
33 0 U 20
34
0 1 U -1
1 0 L -1
2 0 L -1
3 0 L -1
4 0 U -1
5 0 U -1
6 0 U -1
7 1 U -1
8 1 U 7
9 0 L 6
10 0 U 8
11 0 U -1
12 0 U -1
13 1 L 3
14 1 U 12
15 0 L 5
16 0 L 8
17 0 U 12
18 0 L 16
19 1 L 18
20 0 L 5
21 0 U 20
22 0 L 11
23 0 L 21
24 0 U -1
25 0 L -1
26 0 L 21
27 0 U 24
28 0 L 19
29 0 U 18
30 0 L 29
31 0 U -1
32 1 L -1
33 1 U 30
34
0 1 U -1
1 0 L -1
2 0 L -1
3 0 L -1
4 0 U -1
5 0 U -1
6 0 U -1
7 1 U -1
8 1 U 7
9 0 L 6
10 0 U 8
11 0 U -1
12 0 U -1
13 1 L 3
14 1 U 12
15 0 L 5
16 0 L 8
17 0 U 12
18 0 L 16
19 1 L 18
20 0 L 10
21 0 U 20
22 0 L 11
23 0 L 16
24 0 U -1
25 0 L -1
26 0 L 21
27 0 U 24
28 0 L 19
29 0 U 28
30 1 L 29
31 1 U -1
32 1 L -1
33 1 U 31
34
0 1 U -1
1 0 L -1
2 0 L -1
3 0 L -1
4 0 U -1
5 0 U -1
6 0 U -1
7 1 U -1
8 1 U 7
9 0 L 6
10 0 U 8
11 0 U -1
12 0 U -1
13 1 L 3
14 1 U 12
15 0 L 5
16 0 L 8
17 0 U 5
18 0 L 16
19 1 L 18
20 0 L 10
21 0 U 20
22 0 L 11
23 0 L 16
24 1 U -1
25 0 L -1
26 0 L 21
27 0 U 5
28 0 L 14
29 1 U 28
30 0 L 29
31 0 U -1
32 1 L -1
33 0 U 10
34
0 1 L -1
1 0 L -1
2 0 L -1
3 0 L -1
4 0 U -1
5 0 U -1
6 0 U -1
7 1 U -1
8 1 U 7
9 0 L 6
10 0 U 8
11 0 U -1
12 0 U -1
13 1 L 3
14 1 U 12
15 1 L 5
16 0 L 8
17 0 U 7
18 0 L 16
19 1 L 18
20 0 L 5
21 0 L 13
22 0 L 11
23 0 L 16
24 1 U -1
25 0 L -1
26 0 L 21
27 0 U 5
28 0 U 17
29 0 U 28
30 1 L 29
31 0 U -1
32 1 L -1
33 1 U 30
34
0 1 U -1
1 0 L -1
2 0 L -1
3 0 L -1
4 0 U -1
5 0 U -1
6 0 U -1
7 1 U -1
8 1 U 7
9 0 L 6
10 0 U 8
11 0 U -1
12 0 U -1
13 1 L 3
14 1 U 12
15 0 L 8
16 1 L 8
17 0 U 12
18 0 L 16
19 1 L 18
20 0 L 8
21 0 L 13
22 0 L 11
23 0 L 21
24 0 U -1
25 0 L -1
26 0 L 21
27 0 U 0
28 0 U 17
29 0 U 16
30 0 L 29
31 1 U -1
32 1 L -1
33 1 U 20
34
0 1 U -1
1 0 L -1
2 0 L -1
3 0 L -1
4 0 U -1
5 0 U -1
6 0 U -1
7 1 U -1
8 1 U 7
9 0 L 6
10 0 U 8
11 0 U -1
12 0 U -1
13 1 L 3
14 1 U 12
15 0 L 5
16 1 L 5
17 0 U 12
18 0 L 16
19 1 L 18
20 1 L 5
21 0 L 10
22 0 L 11
23 0 L 21
24 0 U -1
25 0 L -1
26 0 L 21
27 0 U 6
28 0 U 17
29 0 U 28
30 0 L 29
31 1 U -1
32 1 L -1
33 0 U 30
34
0 0 L -1
1 0 L -1
2 0 L -1
3 0 L -1
4 0 U -1
5 0 U -1
6 0 U -1
7 1 U -1
8 1 U 7
9 0 L 6
10 0 U 8
11 0 U -1
12 0 U -1
13 1 L 3
14 1 U 12
15 0 L 8
16 1 L 5
17 0 U 12
18 0 L 16
19 1 L 11
20 1 L 5
21 0 U 20
22 0 L 18
23 0 L 16
24 0 U -1
25 0 L -1
26 0 L 21
27 0 U 5
28 0 U 17
29 0 U 18
30 1 L 29
31 0 U -1
32 0 L -1
33 1 U 23
34
0 0 L -1
1 0 L -1
2 0 L -1
3 0 L -1
4 0 U -1
5 0 U -1
6 0 U -1
7 1 U -1
8 1 U 7
9 0 L 6
10 0 U 8
11 0 U -1
12 0 U -1
13 1 L 3
14 1 U 12
15 0 L 8
16 1 L 5
17 0 U 1
18 0 L 16
19 1 L 18
20 0 L 8
21 0 U 20
22 0 L 18
23 0 L 21
24 0 U -1
25 0 L -1
26 0 L 21
27 0 U 11
28 0 L 19
29 0 U 28
30 1 L 17
31 1 U -1
32 1 L -1
33 0 U 30
34
0 0 L -1
1 1 L -1
2 0 L -1
3 0 L -1
4 0 U -1
5 0 U -1
6 0 U -1
7 1 U -1
8 1 U 7
9 0 L 6
10 0 U 8
11 0 U -1
12 0 U -1
13 1 L 3
14 1 U 12
15 0 L 8
16 1 L 5
17 0 U 1
18 0 L 16
19 1 L 18
20 1 L 5
21 0 U 20
22 0 L 18
23 0 L 21
24 0 U -1
25 0 L -1
26 0 L 21
27 0 U 24
28 0 L 19
29 0 U 28
30 1 L 29
31 1 U -1
32 0 L -1
33 1 U 30
34
0 1 L -1
1 0 L -1
2 0 L -1
3 0 L -1
4 0 U -1
5 0 U -1
6 0 U -1
7 1 U -1
8 1 U 7
9 0 L 6
10 0 U 8
11 0 U -1
12 0 U -1
13 1 L 3
14 1 U 12
15 0 L 5
16 1 L 5
17 0 U 12
18 0 L 16
19 1 L 11
20 1 L 5
21 0 U 20
22 0 L 11
23 0 L 21
24 0 U -1
25 0 L -1
26 0 L 21
27 0 U 6
28 0 L 19
29 0 U 28
30 1 L 29
31 0 U -1
32 1 L -1
33 0 U 30
34
0 1 U -1
1 1 L -1
2 0 L -1
3 0 L -1
4 0 U -1
5 0 U -1
6 0 U -1
7 1 U -1
8 1 U 7
9 0 L 6
10 0 U 8
11 0 U -1
12 0 U -1
13 1 L 3
14 1 U 12
15 0 L 8
16 1 L 5
17 0 U 12
18 0 L 16
19 1 L 18
20 1 L 8
21 0 U 20
22 0 L 18
23 0 L 16
24 0 U -1
25 0 L -1
26 0 L 21
27 0 U 5
28 0 U 19
29 1 U 25
30 0 L 29
31 1 U -1
32 1 L -1
33 0 U 20
34
0 0 U -1
1 1 L -1
2 0 L -1
3 0 L -1
4 0 U -1
5 0 U -1
6 0 U -1
7 1 U -1
8 1 U 7
9 0 L 6
10 0 U 8
11 0 U -1
12 0 U -1
13 1 L 3
14 1 U 12
15 1 L 8
16 0 L 8
17 0 U 12
18 0 L 16
19 1 L 18
20 1 L 10
21 0 U 20
22 0 L 18
23 0 L 21
24 0 U -1
25 0 L -1
26 0 L 16
27 0 U 6
28 0 U 17
29 0 U 28
30 0 L 29
31 1 U -1
32 1 L -1
33 1 U 23
34
0 1 U -1
1 0 L -1
2 0 L -1
3 0 L -1
4 0 U -1
5 0 U -1
6 0 U -1
7 1 U -1
8 1 U 7
9 0 L 6
10 0 U 8
11 0 U -1
12 0 U -1
13 1 L 3
14 1 U 12
15 0 L 8
16 1 L 8
17 0 U 5
18 0 L 16
19 1 L 18
20 0 L 10
21 0 U 20
22 0 L 18
23 0 L 21
24 1 U -1
25 0 L -1
26 0 L 21
27 0 U 12
28 0 L 22
29 0 U 28
30 0 L 17
31 0 U -1
32 1 L -1
33 0 U 20
34
0 1 U -1
1 0 L -1
2 0 L -1
3 0 L -1
4 0 U -1
5 0 U -1
6 0 U -1
7 1 U -1
8 1 U 7
9 0 L 6
10 0 U 8
11 0 U -1
12 0 U -1
13 1 L 3
14 1 U 12
15 1 L 5
16 0 L 8
17 0 U 4
18 0 L 16
19 1 L 14
20 1 L 10
21 0 U 20
22 0 L 11
23 0 L 16
24 1 U -1
25 0 L -1
26 0 L 21
27 0 U 24
28 0 U 19
29 0 U 28
30 1 L 29
31 0 U -1
32 1 L -1
33 0 U 20
34
0 1 L -1
1 0 L -1
2 0 L -1
3 0 L -1
4 0 U -1
5 0 U -1
6 0 U -1
7 1 U -1
8 1 U 7
9 0 L 6
10 0 U 8
11 0 U -1
12 0 U -1
13 1 L 3
14 1 U 12
15 0 L 8
16 0 L 8
17 0 U 11
18 0 L 16
19 1 L 14
20 0 L 8
21 0 U 20
22 0 L 18
23 0 L 21
24 1 U -1
25 0 L -1
26 0 L 21
27 0 U 24
28 0 U 19
29 1 U 22
30 1 L 17
31 0 U 30
32 1 L -1
33 1 U 23
34
0 1 L -1
1 0 L -1
2 0 L -1
3 0 L -1
4 0 U -1
5 0 U -1
6 0 U -1
7 1 U -1
8 1 U 7
9 0 L 6
10 0 U 8
11 0 U -1
12 0 U -1
13 1 L 3
14 1 U 12
15 0 L 8
16 0 L 8
17 0 U 11
18 0 L 16
19 1 L 14
20 0 L 8
21 0 U 20
22 0 L 18
23 0 L 16
24 1 U -1
25 0 L -1
26 0 L 21
27 0 U 5
28 0 U 19
29 1 U 25
30 1 L 28
31 0 U 30
32 1 L -1
33 0 U 20
34
0 1 L -1
1 0 L -1
2 0 L -1
3 0 L -1
4 0 U -1
5 0 U -1
6 0 U -1
7 1 U -1
8 1 U 7
9 0 L 6
10 0 U 8
11 0 U -1
12 0 U -1
13 1 L 3
14 1 U 12
15 0 L 8
16 0 L 8
17 0 U 4
18 0 L 16
19 1 L 14
20 0 L 5
21 0 U 20
22 0 L 18
23 0 L 21
24 1 U -1
25 0 L -1
26 0 L 21
27 0 U 6
28 0 U 19
29 1 U 28
30 0 L 28
31 0 U 30
32 1 L -1
33 0 U -1
34
0 1 L -1
1 0 L -1
2 0 L -1
3 0 L -1
4 0 U -1
5 0 U -1
6 0 U -1
7 1 U -1
8 1 U 7
9 0 L 6
10 0 U 8
11 0 U -1
12 0 U -1
13 1 L 3
14 1 U 12
15 0 L 8
16 0 L 5
17 0 U 12
18 0 L 16
19 1 L 14
20 1 L 10
21 0 U 20
22 0 L 18
23 0 L 16
24 1 U -1
25 0 L -1
26 0 L 16
27 0 U 5
28 0 U 19
29 1 U 28
30 1 L 17
31 0 U 30
32 1 L -1
33 0 U -1
34
0 1 L -1
1 0 L -1
2 0 L -1
3 0 L -1
4 0 U -1
5 0 U -1
6 0 U -1
7 1 U -1
8 1 U 7
9 0 L 6
10 0 U 8
11 0 U -1
12 0 U -1
13 1 L 3
14 1 U 12
15 1 L 5
16 0 L 5
17 0 U 12
18 0 L 16
19 1 L 14
20 0 L 10
21 0 U 20
22 0 L 18
23 0 L 21
24 0 U -1
25 0 L -1
26 0 L 21
27 0 U -1
28 0 U 19
29 1 U 28
30 1 L 24
31 0 U 30
32 1 L -1
33 0 U 20
34
0 1 U -1
1 0 L -1
2 0 L -1
3 0 L -1
4 0 U -1
5 0 U -1
6 0 U -1
7 1 U -1
8 1 U 7
9 0 L 6
10 0 U 8
11 0 U -1
12 0 U -1
13 1 L 3
14 1 U 12
15 1 L 8
16 0 L 5
17 0 U 11
18 0 L 16
19 1 L 14
20 1 L 8
21 0 U 20
22 0 L 18
23 0 L 16
24 1 U -1
25 0 L -1
26 0 L 16
27 0 U 24
28 0 U 16
29 1 U 28
30 1 L 17
31 1 U 30
32 1 L -1
33 0 U -1
34
0 1 L -1
1 0 L -1
2 0 L -1
3 0 L -1
4 0 U -1
5 0 U -1
6 0 U -1
7 1 U -1
8 1 U 7
9 0 L 6
10 0 U 8
11 0 U -1
12 0 U -1
13 1 L 3
14 1 U 12
15 0 L 8
16 0 L 5
17 0 U 12
18 0 L 16
19 1 L 14
20 0 L 8
21 0 L 13
22 0 L 18
23 0 L 16
24 1 U -1
25 0 L -1
26 0 L 16
27 0 U 24
28 0 U 19
29 1 U 25
30 0 L 17
31 1 U 30
32 1 L -1
33 0 U -1
34
0 1 L -1
1 0 L -1
2 0 L -1
3 0 L -1
4 0 U -1
5 0 U -1
6 0 U -1
7 1 U -1
8 1 U 7
9 0 L 6
10 0 U 8
11 0 U -1
12 0 U -1
13 1 L 3
14 1 U 12
15 1 L 8
16 0 L 8
17 0 U 4
18 0 L 16
19 1 L 14
20 0 L 5
21 0 L 8
22 0 L 18
23 0 L 16
24 1 U -1
25 0 L -1
26 0 L 21
27 0 U 6
28 0 U 19
29 1 U 25
30 1 L 28
31 0 U 30
32 1 L -1
33 0 U 30
34
0 1 U -1
1 0 L -1
2 0 L -1
3 0 L -1
4 0 U -1
5 0 U -1
6 0 U -1
7 1 U -1
8 1 U 7
9 0 L 6
10 0 U 8
11 0 U -1
12 0 U -1
13 1 L 3
14 1 U 12
15 1 L 5
16 0 L 5
17 0 U 7
18 0 L 16
19 1 L 14
20 1 L 8
21 0 L 13
22 0 L 18
23 0 L 16
24 1 U -1
25 0 L -1
26 0 L 21
27 0 U 6
28 0 U 16
29 1 U 28
30 1 L 28
31 1 U 30
32 1 L -1
33 0 U -1
34
0 1 L -1
1 0 L -1
2 0 L -1
3 0 L -1
4 0 U -1
5 0 U -1
6 0 U -1
7 1 U -1
8 1 U 7
9 0 L 6
10 0 U 8
11 0 U -1
12 0 U -1
13 1 L 3
14 1 U 12
15 1 L 5
16 0 L 8
17 0 U 4
18 0 L 16
19 1 L 14
20 0 L 8
21 0 L 8
22 0 L 18
23 0 L 16
24 1 U -1
25 0 L -1
26 0 L 21
27 0 U 6
28 0 U 16
29 1 U 28
30 0 L 28
31 1 U 20
32 1 L -1
33 0 U -1
34
0 1 L -1
1 0 L -1
2 0 L -1
3 0 L -1
4 0 U -1
5 0 U -1
6 0 U -1
7 1 U -1
8 1 U 7
9 0 L 6
10 0 U 8
11 0 U -1
12 0 U -1
13 1 L 3
14 1 U 12
15 0 L 8
16 0 L 5
17 0 U 12
18 0 L 16
19 1 L 14
20 0 L 8
21 0 L 10
22 0 L 18
23 0 L 16
24 1 U -1
25 0 L -1
26 0 L 21
27 0 U 5
28 0 U 19
29 1 U 28
30 0 L 28
31 1 U 30
32 1 L -1
33 0 U -1
34
0 1 U -1
1 0 L -1
2 0 L -1
3 0 L -1
4 0 U -1
5 0 U -1
6 0 U -1
7 1 U -1
8 1 U 7
9 0 L 6
10 0 U 8
11 0 U -1
12 0 U -1
13 1 L 3
14 1 U 12
15 1 L 5
16 0 L 8
17 0 U 4
18 0 L 16
19 1 L 14
20 1 L 8
21 0 L 5
22 0 L 18
23 0 L 16
24 1 U -1
25 0 L -1
26 0 L 16
27 0 U 24
28 0 U 19
29 1 U 25
30 1 L 17
31 0 U 30
32 1 L -1
33 0 U -1
34
0 1 L -1
1 0 L -1
2 0 L -1
3 0 L -1
4 0 U -1
5 0 U -1
6 0 U -1
7 1 U -1
8 1 U 7
9 0 L 6
10 0 U 8
11 0 U -1
12 0 U -1
13 1 L 3
14 1 U 12
15 0 L 8
16 1 L 8
17 0 U 12
18 0 L 16
19 1 L 14
20 0 L 10
21 0 L 10
22 0 L 11
23 0 L 21
24 1 U -1
25 0 L -1
26 0 L 21
27 0 U 6
28 0 U 19
29 1 U 25
30 1 L 28
31 0 U 30
32 1 L -1
33 0 U 30
34
0 1 U -1
1 0 L -1
2 0 L -1
3 0 L -1
4 0 U -1
5 0 U -1
6 0 U -1
7 1 U -1
8 1 U 7
9 0 L 6
10 0 U 8
11 0 U -1
12 0 U -1
13 1 L 3
14 1 U 12
15 1 L 5
16 0 L 5
17 0 U 12
18 0 L 16
19 1 L 14
20 0 L 10
21 0 L 8
22 0 L 18
23 0 L 16
24 1 U -1
25 0 L -1
26 0 L 21
27 0 U 5
28 0 U 19
29 1 U 28
30 1 L 17
31 0 U 30
32 1 L -1
33 0 U -1
34
0 1 L -1
1 0 L -1
2 0 L -1
3 0 L -1
4 0 U -1
5 0 U -1
6 0 U -1
7 1 U -1
8 1 U 7
9 0 L 6
10 0 U 8
11 0 U -1
12 0 U -1
13 1 L 3
14 1 U 12
15 1 L 5
16 0 L 5
17 0 U 7
18 0 L 16
19 1 L 14
20 0 L 10
21 0 L 10
22 0 L 18
23 0 L 21
24 1 U -1
25 0 L -1
26 0 L 16
27 0 U 24
28 0 U 16
29 1 U 28
30 1 L 28
31 1 U 30
32 1 L -1
33 0 U -1
34
0 1 U -1
1 0 L -1
2 0 L -1
3 0 L -1
4 0 U -1
5 0 U -1
6 0 U -1
7 1 U -1
8 1 U 7
9 0 L 6
10 0 U 8
11 0 U -1
12 0 U -1
13 1 L 3
14 1 U 12
15 1 L 5
16 0 L 5
17 0 U 7
18 0 L 16
19 1 L 14
20 0 L 10
21 0 L 8
22 0 L 18
23 0 L 21
24 1 U -1
25 0 L -1
26 0 L 16
27 0 U 24
28 0 U 19
29 1 U 25
30 0 L 28
31 0 U 30
32 1 L -1
33 0 U -1
34
0 1 L -1
1 0 L -1
2 0 L -1
3 0 L -1
4 0 U -1
5 0 U -1
6 0 U -1
7 1 U -1
8 1 U 7
9 0 L 6
10 0 U 8
11 0 U -1
12 0 U -1
13 1 L 3
14 1 U 12
15 0 L 5
16 0 L 5
17 0 U 7
18 0 L 16
19 1 L 14
20 0 L 10
21 0 L 5
22 0 L 18
23 0 L 21
24 1 U -1
25 0 L -1
26 0 L 16
27 0 U 6
28 0 U 19
29 1 U 28
30 0 L 28
31 1 U 30
32 1 L -1
33 0 U -1
34
0 1 L -1
1 0 L -1
2 0 L -1
3 0 L -1
4 0 U -1
5 0 U -1
6 0 U -1
7 1 U -1
8 1 U 7
9 0 L 6
10 0 U 8
11 0 U -1
12 0 U -1
13 1 L 3
14 1 U 12
15 0 L 5
16 1 L 5
17 0 U 12
18 0 L 16
19 1 L 14
20 1 L 8
21 0 L 13
22 0 L 11
23 0 L 21
24 1 U -1
25 0 L -1
26 0 L 21
27 0 U 24
28 0 U 19
29 1 U 25
30 1 L 28
31 0 U 30
32 1 L -1
33 0 U -1
34
0 1 L -1
1 0 L -1
2 0 L -1
3 0 L -1
4 0 U -1
5 0 U -1
6 0 U -1
7 1 U -1
8 1 U 7
9 0 L 6
10 0 U 8
11 0 U -1
12 0 U -1
13 1 L 3
14 1 U 12
15 0 L 8
16 1 L 5
17 0 U 4
18 0 L 16
19 1 L 14
20 0 L 8
21 0 L 10
22 0 L 11
23 0 L 21
24 1 U -1
25 0 L -1
26 0 L 21
27 0 U 24
28 0 U 19
29 1 U 25
30 1 L 28
31 1 U 20
32 1 L -1
33 0 U -1
34
0 1 L -1
1 0 L -1
2 0 L -1
3 0 L -1
4 0 U -1
5 0 U -1
6 0 U -1
7 1 U -1
8 1 U 7
9 0 L 6
10 0 U 8
11 0 U -1
12 0 U -1
13 1 L 3
14 1 U 12
15 0 L 5
16 1 L 5
17 0 U 4
18 0 L 16
19 1 L 14
20 1 L 5
21 0 L 13
22 0 L 11
23 0 L 21
24 1 U -1
25 0 L -1
26 0 L 21
27 0 U 24
28 0 U 19
29 1 U 25
30 1 L 28
31 1 U 20
32 1 L -1
33 0 U -1
34
0 1 U -1
1 0 L -1
2 0 L -1
3 0 L -1
4 0 U -1
5 0 U -1
6 0 U -1
7 1 U -1
8 1 U 7
9 0 L 6
10 0 U 8
11 0 U -1
12 0 U -1
13 1 L 3
14 1 U 12
15 0 L 5
16 1 L 5
17 0 U 11
18 0 L 16
19 1 L 14
20 0 L 8
21 0 L 10
22 0 L 11
23 0 L 21
24 1 U -1
25 0 L -1
26 0 L 21
27 0 U 6
28 0 U 16
29 1 U 25
30 1 L 17
31 1 U 20
32 1 L -1
33 0 U -1
34
0 1 L -1
1 0 L -1
2 0 L -1
3 0 L -1
4 0 U -1
5 0 U -1
6 0 U -1
7 1 U -1
8 1 U 7
9 0 L 6
10 0 U 8
11 0 U -1
12 0 U -1
13 1 L 3
14 1 U 12
15 0 L 5
16 1 L 5
17 0 U 4
18 0 L 16
19 1 L 14
20 0 L 5
21 0 L 8
22 0 L 11
23 0 L 21
24 1 U -1
25 0 L -1
26 0 L 21
27 0 U 6
28 0 U 19
29 0 U 28
30 1 L 28
31 0 U 30
32 1 L -1
33 0 U 20
34
0 1 L -1
1 0 L -1
2 0 L -1
3 0 L -1
4 0 U -1
5 0 U -1
6 0 U -1
7 1 U -1
8 1 U 7
9 0 L 6
10 0 U 8
11 0 U -1
12 0 U -1
13 1 L 3
14 1 U 12
15 0 L 8
16 1 L 5
17 0 U 12
18 0 L 16
19 1 L 12
20 1 L 10
21 0 L 8
22 0 L 18
23 0 L 21
24 0 U -1
25 0 L -1
26 0 L 21
27 0 U 5
28 0 U 19
29 1 U 28
30 1 L 28
31 0 U 30
32 1 L -1
33 1 U -1
34
0 1 L -1
1 0 L -1
2 0 L -1
3 0 L -1
4 0 U -1
5 0 U -1
6 0 U -1
7 1 U -1
8 1 U 7
9 0 L 6
10 0 U 8
11 0 U -1
12 0 U -1
13 1 L 3
14 1 U 12
15 0 L 5
16 0 L 8
17 0 U 4
18 0 L 16
19 1 L 14
20 0 L 5
21 0 L 8
22 0 L 18
23 0 L 21
24 1 U -1
25 0 L -1
26 0 L 21
27 0 U 6
28 0 U 19
29 1 U 25
30 1 L 17
31 1 U 30
32 1 L -1
33 0 U -1
34
0 1 U -1
1 0 L -1
2 0 L -1
3 0 L -1
4 0 U -1
5 0 U -1
6 0 U -1
7 1 U -1
8 1 U 7
9 0 L 6
10 0 U 8
11 0 U -1
12 0 U -1
13 1 L 3
14 1 U 12
15 0 L 5
16 1 L 8
17 0 U 11
18 0 L 16
19 1 L 14
20 0 L 8
21 0 L 10
22 0 L 11
23 0 L 21
24 1 U -1
25 0 L -1
26 0 L 21
27 0 U 5
28 0 U 16
29 1 U 28
30 1 L 17
31 0 U 30
32 1 L -1
33 0 U -1
34
0 1 L -1
1 0 L -1
2 0 L -1
3 0 L -1
4 0 U -1
5 0 U -1
6 0 U -1
7 1 U -1
8 1 U 7
9 0 L 6
10 0 U 8
11 0 U -1
12 0 U -1
13 1 L 3
14 1 U 12
15 0 L 5
16 1 L 5
17 0 U 7
18 0 L 16
19 1 L 12
20 1 L 5
21 0 L 13
22 0 L 18
23 0 L 21
24 1 U -1
25 0 L -1
26 0 L 21
27 0 U 24
28 0 U 16
29 1 U 25
30 1 L 28
31 1 U 20
32 1 L -1
33 0 U -1
34
0 1 U -1
1 0 L -1
2 0 L -1
3 0 L -1
4 0 U -1
5 0 U -1
6 0 U -1
7 1 U -1
8 1 U 7
9 0 L 6
10 0 U 8
11 0 U -1
12 0 U -1
13 1 L 3
14 1 U 12
15 0 L 5
16 1 L 8
17 0 U 11
18 0 L 16
19 1 L 12
20 1 L 10
21 0 L 13
22 0 L 18
23 0 L 21
24 1 U -1
25 0 L -1
26 0 L 21
27 0 U 5
28 0 U 19
29 0 U 28
30 0 L 17
31 1 U 20
32 1 L -1
33 0 U -1
34
0 1 L -1
1 0 L -1
2 0 L -1
3 0 L -1
4 0 U -1
5 0 U -1
6 0 U -1
7 1 U -1
8 1 U 7
9 0 L 6
10 0 U 8
11 0 U -1
12 0 U -1
13 1 L 3
14 1 U 12
15 0 L 5
16 1 L 8
17 0 U 11
18 0 L 16
19 1 L 12
20 0 L 8
21 0 L 10
22 0 L 18
23 0 L 21
24 1 U -1
25 0 L -1
26 0 L 21
27 0 U 5
28 0 U 16
29 1 U 28
30 1 L 17
31 1 U 30
32 1 L -1
33 0 U -1
34
0 1 U -1
1 0 L -1
2 0 L -1
3 0 L -1
4 0 U -1
5 0 U -1
6 0 U -1
7 1 U -1
8 1 U 7
9 0 L 6
10 0 U 8
11 0 U -1
12 0 U -1
13 1 L 3
14 1 U 12
15 0 L 5
16 1 L 8
17 0 U 7
18 0 L 16
19 1 L 14
20 0 L 10
21 0 L 5
22 0 L 11
23 0 L 21
24 1 U -1
25 0 L -1
26 0 L 21
27 0 U 5
28 0 U 19
29 1 U 25
30 1 L 17
31 1 U 20
32 1 L -1
33 0 U -1
34
0 1 U -1
1 0 L -1
2 0 L -1
3 0 L -1
4 0 U -1
5 0 U -1
6 0 U -1
7 1 U -1
8 1 U 7
9 0 L 6
10 0 U 8
11 0 U -1
12 0 U -1
13 1 L 3
14 1 U 12
15 0 L 8
16 1 L 8
17 0 U 7
18 0 L 16
19 1 L 14
20 0 L 10
21 0 L 10
22 0 L 11
23 0 L 21
24 1 U -1
25 0 L -1
26 0 L 21
27 0 U 5
28 0 U 16
29 1 U 28
30 1 L 28
31 0 U 30
32 1 L -1
33 0 U -1
34
0 1 U -1
1 0 L -1
2 0 L -1
3 0 L -1
4 0 U -1
5 0 U -1
6 0 U -1
7 1 U -1
8 1 U 7
9 0 L 6
10 0 U 8
11 0 U -1
12 0 U -1
13 1 L 3
14 1 U 12
15 0 L 5
16 1 L 8
17 0 U 7
18 0 L 16
19 1 L 14
20 1 L 10
21 0 L 10
22 0 L 11
23 0 L 21
24 1 U -1
25 0 L -1
26 0 L 21
27 0 U 24
28 0 U 16
29 1 U 28
30 1 L 17
31 0 U 30
32 1 L -1
33 0 U -1
34
0 1 L -1
1 0 L -1
2 0 L -1
3 0 L -1
4 0 U -1
5 0 U -1
6 0 U -1
7 1 U -1
8 1 U 7
9 0 L 6
10 0 U 8
11 0 U -1
12 0 U -1
13 1 L 3
14 1 U 12
15 1 L 8
16 0 L 8
17 0 U 12
18 0 L 16
19 1 L 14
20 1 L 8
21 0 L 13
22 0 L 18
23 0 L 21
24 1 U -1
25 0 L -1
26 0 L 21
27 0 U 5
28 0 U 19
29 1 U 25
30 1 L 28
31 0 U 30
32 1 L -1
33 0 U -1
34
0 1 L -1
1 0 L -1
2 0 L -1
3 0 L -1
4 0 U -1
5 0 U -1
6 0 U -1
7 1 U -1
8 1 U 7
9 0 L 6
10 0 U 8
11 0 U -1
12 0 U -1
13 1 L 3
14 1 U 12
15 0 L 5
16 1 L 8
17 0 U 11
18 0 L 16
19 1 L 14
20 0 L 5
21 0 L 10
22 0 L 18
23 0 L 21
24 1 U -1
25 0 L -1
26 0 L 21
27 0 U 24
28 0 U 19
29 1 U 25
30 1 L 28
31 0 U 30
32 1 L -1
33 1 U 30
34
0 1 U -1
1 0 L -1
2 0 L -1
3 0 L -1
4 0 U -1
5 0 U -1
6 0 U -1
7 1 U -1
8 1 U 7
9 0 L 6
10 0 U 8
11 0 U -1
12 0 U -1
13 1 L 3
14 1 U 12
15 0 L 8
16 0 L 8
17 0 U 4
18 0 L 16
19 1 L 14
20 1 L 5
21 0 L 13
22 0 L 18
23 0 L 21
24 1 U -1
25 0 L -1
26 0 L 21
27 0 U 24
28 0 U 19
29 1 U 25
30 1 L 28
31 1 U 30
32 1 L -1
33 0 U -1
34
0 1 U -1
1 0 L -1
2 0 L -1
3 0 L -1
4 0 U -1
5 0 U -1
6 0 U -1
7 1 U -1
8 1 U 7
9 0 L 6
10 0 U 8
11 0 U -1
12 0 U -1
13 1 L 3
14 1 U 12
15 0 L 5
16 1 L 5
17 0 U 4
18 0 L 16
19 1 L 14
20 0 L 5
21 0 L 13
22 0 L 11
23 0 L 21
24 1 U -1
25 0 L -1
26 0 L 21
27 0 U 6
28 0 U 19
29 1 U 25
30 0 L 17
31 1 U 30
32 1 L -1
33 0 U -1
34
0 1 L -1
1 0 L -1
2 0 L -1
3 0 L -1
4 0 U -1
5 0 U -1
6 0 U -1
7 1 U -1
8 1 U 7
9 0 L 6
10 0 U 8
11 0 U -1
12 0 U -1
13 1 L 3
14 1 U 12
15 0 L 5
16 1 L 5
17 0 U 12
18 0 L 16
19 1 L 12
20 0 L 5
21 0 L 10
22 0 L 11
23 0 L 21
24 1 U -1
25 0 L -1
26 0 L 21
27 0 U 6
28 0 U 16
29 1 U 28
30 1 L 28
31 1 U 20
32 1 L -1
33 0 U -1
34
0 1 U -1
1 0 L -1
2 0 L -1
3 0 L -1
4 0 U -1
5 0 U -1
6 0 U -1
7 1 U -1
8 1 U 7
9 0 L 6
10 0 U 8
11 0 U -1
12 0 U -1
13 1 L 3
14 1 U 12
15 0 L 8
16 1 L 5
17 0 U 4
18 0 L 16
19 1 L 12
20 1 L 8
21 0 L 10
22 0 L 18
23 0 L 21
24 1 U -1
25 0 L -1
26 0 L 21
27 0 U 5
28 0 U 16
29 1 U 28
30 0 L 17
31 0 U 30
32 1 L -1
33 1 U 20
34
0 1 L -1
1 0 L -1
2 0 L -1
3 0 L -1
4 0 U -1
5 0 U -1
6 0 U -1
7 1 U -1
8 1 U 7
9 0 L 6
10 0 U 8
11 0 U -1
12 0 U -1
13 1 L 3
14 1 U 12
15 0 L 5
16 1 L 8
17 0 U 4
18 0 L 16
19 1 L 14
20 1 L 5
21 0 L 13
22 0 L 11
23 0 L 21
24 1 U -1
25 0 L -1
26 0 L 21
27 0 U 24
28 0 U 16
29 1 U 25
30 0 L 17
31 0 U 30
32 1 L -1
33 1 U 30
34
0 1 L -1
1 0 L -1
2 0 L -1
3 0 L -1
4 0 U -1
5 0 U -1
6 0 U -1
7 1 U -1
8 1 U 7
9 0 L 6
10 0 U 8
11 0 U -1
12 0 U -1
13 1 L 3
14 1 U 12
15 1 L 8
16 0 L 5
17 0 U 4
18 0 L 16
19 1 L 14
20 0 L 8
21 0 L 5
22 0 L 18
23 0 L 21
24 1 U -1
25 0 L -1
26 0 L 16
27 0 U 5
28 0 U 19
29 1 U 28
30 1 L 17
31 0 U 30
32 1 L -1
33 0 U 30
34
0 1 L -1
1 0 L -1
2 0 L -1
3 0 L -1
4 0 U -1
5 0 U -1
6 0 U -1
7 1 U -1
8 1 U 7
9 0 L 6
10 0 U 8
11 0 U -1
12 0 U -1
13 1 L 3
14 1 U 12
15 0 L 5
16 1 L 8
17 0 U 4
18 0 L 16
19 1 L 12
20 0 L 10
21 0 L 13
22 0 L 18
23 0 L 21
24 1 U -1
25 0 L -1
26 0 L 21
27 0 U 5
28 0 U 19
29 1 U 28
30 0 L 28
31 0 U 30
32 1 L -1
33 0 U 30
34
0 1 U -1
1 0 L -1
2 0 L -1
3 0 L -1
4 0 U -1
5 0 U -1
6 0 U -1
7 1 U -1
8 1 U 7
9 0 L 6
10 0 U 8
11 0 U -1
12 0 U -1
13 1 L 3
14 1 U 12
15 0 L 5
16 1 L 5
17 0 U 12
18 0 L 16
19 1 L 14
20 0 L 5
21 0 L 10
22 0 L 11
23 0 L 21
24 1 U -1
25 0 L -1
26 0 L 21
27 0 U 6
28 0 U 19
29 1 U 28
30 1 L 17
31 0 U 30
32 1 L -1
33 1 U 23
34
0 1 U -1
1 0 L -1
2 0 L -1
3 0 L -1
4 0 U -1
5 0 U -1
6 0 U -1
7 1 U -1
8 1 U 7
9 0 L 6
10 0 U 8
11 0 U -1
12 0 U -1
13 1 L 3
14 1 U 12
15 0 L 8
16 1 L 8
17 0 U 7
18 0 L 16
19 1 L 14
20 1 L 10
21 0 U 20
22 0 L 18
23 0 L 21
24 1 U -1
25 0 L -1
26 0 L 21
27 0 U 5
28 0 U 16
29 1 U 25
30 0 L 28
31 1 U 30
32 1 L -1
33 0 U -1
34
0 1 U -1
1 0 L -1
2 0 L -1
3 0 L -1
4 0 U -1
5 0 U -1
6 0 U -1
7 1 U -1
8 1 U 7
9 0 L 6
10 0 U 8
11 0 U -1
12 0 U -1
13 1 L 3
14 1 U 12
15 0 L 8
16 1 L 8
17 0 U 11
18 0 L 16
19 1 L 12
20 1 L 8
21 0 U 20
22 0 L 18
23 0 L 21
24 1 U -1
25 0 L -1
26 0 L 21
27 0 U 6
28 0 U 16
29 1 U 28
30 0 L 28
31 0 U 30
32 1 L -1
33 0 U 20
34
0 1 U -1
1 0 L -1
2 0 L -1
3 0 L -1
4 0 U -1
5 0 U -1
6 0 U -1
7 1 U -1
8 1 U 7
9 0 L 6
10 0 U 8
11 0 U -1
12 0 U -1
13 1 L 3
14 1 U 12
15 0 L 5
16 1 L 8
17 0 U 11
18 0 L 16
19 1 L 12
20 0 L 5
21 0 U 20
22 0 L 18
23 0 L 21
24 1 U -1
25 0 L -1
26 0 L 21
27 0 U 6
28 0 U 16
29 1 U 28
30 1 L 17
31 0 U 30
32 1 L -1
33 1 U 23
34
0 1 U -1
1 0 L -1
2 0 L -1
3 0 L -1
4 0 U -1
5 0 U -1
6 0 U -1
7 1 U -1
8 1 U 7
9 0 L 6
10 0 U 8
11 0 U -1
12 0 U -1
13 1 L 3
14 1 U 12
15 0 L 5
16 1 L 5
17 0 U 11
18 0 L 16
19 1 L 12
20 0 L 5
21 0 U 20
22 0 L 18
23 0 L 21
24 1 U -1
25 0 L -1
26 0 L 21
27 0 U 5
28 0 U 16
29 1 U 25
30 1 L 28
31 0 U 30
32 1 L -1
33 0 U 30
34
0 1 U -1
1 0 L -1
2 0 L -1
3 0 L -1
4 0 U -1
5 0 U -1
6 0 U -1
7 1 U -1
8 1 U 7
9 0 L 6
10 0 U 8
11 0 U -1
12 0 U -1
13 1 L 3
14 1 U 12
15 0 L 8
16 1 L 5
17 0 U 12
18 0 L 16
19 1 L 14
20 0 L 10
21 0 U 20
22 0 L 18
23 0 L 21
24 1 U -1
25 0 L -1
26 0 L 21
27 0 U 6
28 0 U 19
29 1 U 28
30 1 L 28
31 0 U 30
32 1 L -1
33 0 U 20
34
0 1 U -1
1 0 L -1
2 0 L -1
3 0 L -1
4 0 U -1
5 0 U -1
6 0 U -1
7 1 U -1
8 1 U 7
9 0 L 6
10 0 U 8
11 0 U -1
12 0 U -1
13 1 L 3
14 1 U 12
15 0 L 5
16 1 L 8
17 0 U 12
18 0 L 16
19 1 L 12
20 0 L 10
21 0 U 20
22 0 L 18
23 0 L 21
24 1 U -1
25 0 L -1
26 0 L 21
27 0 U 6
28 0 U 16
29 1 U 28
30 1 L 28
31 0 U 30
32 1 L -1
33 1 U 30
