91
0 0 U -1
1 0 U -1
2 0 U -1
3 0 U -1
4 0 U -1
5 0 U -1
6 0 U -1
7 0 U -1
8 0 U -1
9 0 U -1
10 0 U -1
11 0 U -1
12 0 U -1
13 0 U -1
14 0 U -1
15 0 U -1
16 0 U -1
17 0 U -1
18 0 U -1
19 0 U -1
20 0 U -1
21 0 U -1
22 0 U -1
23 0 U -1
24 0 U -1
25 0 U -1
26 0 U -1
27 0 U -1
28 0 U -1
29 0 U -1
30 0 U -1
31 0 U -1
32 0 U -1
33 0 U -1
34 0 U -1
35 0 U -1
36 0 U -1
37 0 U -1
38 0 U -1
39 0 U -1
40 0 U -1
41 0 U -1
42 0 U -1
43 0 U -1
44 0 U -1
45 0 U -1
46 0 U -1
47 0 U -1
48 0 U -1
49 0 U -1
50 0 U -1
51 0 U -1
52 0 U -1
53 0 U -1
54 0 U -1
55 0 U -1
56 0 U -1
57 0 U -1
58 0 U -1
59 0 U -1
60 0 U -1
61 0 U -1
62 0 U -1
63 0 U -1
64 0 U -1
65 0 U -1
66 0 U -1
67 0 U -1
68 0 U -1
69 0 U -1
70 0 U -1
71 0 U -1
72 0 U -1
73 0 U -1
74 0 U -1
75 0 U -1
76 0 U -1
77 0 U -1
78 0 U -1
79 0 U -1
80 0 U -1
81 0 U -1
82 0 U -1
83 0 U -1
84 0 U -1
85 0 U -1
86 0 U -1
87 0 U -1
88 0 U -1
89 0 U -1
90 0 U -1
91
0 0 U -1
1 0 U -1
2 1 U -1
3 0 U -1
4 0 U 2
5 1 U -1
6 0 U -1
7 1 L 4
8 1 U -1
9 1 U 7
10 0 U -1
11 0 L -1
12 0 U 0
13 0 U 8
14 0 U -1
15 1 L 8
16 1 U -1
17 0 L 11
18 1 L -1
19 1 L 9
20 0 L 4
21 1 U -1
22 1 U 11
23 0 U 15
24 0 U 21
25 0 U -1
26 0 L 17
27 1 U 1
28 1 L 17
29 0 U 1
30 0 L 12
31 0 U 22
32 0 L 13
33 1 U 11
34 1 U -1
35 0 L 30
36 1 L 12
37 0 U 30
38 1 U 15
39 1 L 15
40 0 U 8
41 1 L 26
42 1 U 23
43 0 U 41
44 0 U -1
45 1 U -1
46 0 L 10
47 0 L 46
48 0 U 9
49 1 L 21
50 0 U -1
51 0 L 2
52 1 L 21
53 0 U 44
54 1 U 3
55 0 L 19
56 0 L 20
57 0 U 27
58 1 L -1
59 1 U 30
60 1 U 6
61 0 L 23
62 0 L 61
63 0 L 43
64 1 L 37
65 0 U 10
66 0 U 65
67 1 L 26
68 0 L 59
69 1 U -1
70 0 L 59
71 0 L 10
72 0 U 17
73 1 U -1
74 0 L 6
75 1 L 55
76 1 L 48
77 0 U 72
78 0 U 52
79 0 L 74
80 1 L 42
81 1 L -1
82 0 U 43
83 1 U 16
84 1 L 65
85 1 L 4
86 0 U 84
87 0 L -1
88 1 L 55
89 0 U 83
90 1 L 85
91
0 0 U -1
1 0 U -1
2 0 U -1
3 0 U -1
4 0 U 0
5 1 U -1
6 1 U -1
7 0 L 4
8 0 U -1
9 1 U 7
10 0 U -1
11 0 L -1
12 0 U 2
13 0 U 8
14 0 U -1
15 1 L 8
16 0 U -1
17 1 L 11
18 1 L 9
19 0 L 9
20 1 L 19
21 0 U -1
22 1 U 11
23 0 U 15
24 1 U 12
25 1 U -1
26 0 L 17
27 0 U 1
28 0 L 6
29 0 U -1
30 1 L 12
31 1 U 22
32 1 L 13
33 1 U 7
34 0 U -1
35 1 L 30
36 0 L 12
37 0 U 35
38 1 U 15
39 0 L 14
40 1 U 12
41 1 L 26
42 0 U 3
43 0 U 41
44 0 U -1
45 1 U -1
46 0 L 8
47 1 L 26
48 1 U 9
49 1 U 44
50 1 L 1
51 1 L 12
52 1 L 21
53 1 L 43
54 0 L 3
55 0 L 19
56 1 L 2
57 0 U 27
58 1 L -1
59 1 U 38
60 1 L 5
61 1 L 23
62 1 L 61
63 0 L 43
64 0 U 57
65 0 U 10
66 1 U 65
67 1 L 46
68 1 L 59
69 0 U 8
70 0 L 17
71 1 L 10
72 1 U 13
73 0 L -1
74 1 L 5
75 0 L 11
76 1 U 48
77 1 U 72
78 1 U 52
79 1 L 32
80 0 L 62
81 0 U -1
82 1 U 43
83 0 U 16
84 0 L 35
85 1 L 4
86 0 L 68
87 0 L -1
88 1 L 60
89 1 U 83
90 0 L 28
91
0 0 U -1
1 0 U -1
2 1 U -1
3 0 U -1
4 0 U 2
5 1 U -1
6 1 U -1
7 1 L 4
8 0 U -1
9 0 L 5
10 0 U -1
11 0 L -1
12 0 U 2
13 0 U 8
14 0 U -1
15 1 L 8
16 1 U -1
17 1 L 11
18 0 L 4
19 1 L 7
20 1 L 19
21 1 U -1
22 1 U 11
23 0 U 15
24 0 U 12
25 0 U 14
26 1 L 17
27 0 U 1
28 0 L 6
29 1 L -1
30 1 L 12
31 0 U 22
32 0 L 13
33 1 U 7
34 0 U -1
35 1 L 30
36 0 L 19
37 0 L 4
38 0 U 13
39 0 L 14
40 0 U 23
41 1 L 26
42 0 L 3
43 0 U 41
44 1 U -1
45 0 U -1
46 1 L 8
47 0 L 36
48 1 U 35
49 1 U 21
50 1 L 1
51 0 L 12
52 0 L 21
53 0 L 43
54 1 L 3
55 1 L 19
56 0 L 55
57 0 U 27
58 0 L -1
59 1 U 22
60 1 L 39
61 1 L 23
62 1 L 61
63 1 L 43
64 1 L 32
65 0 U 10
66 1 U 65
67 0 L 46
68 1 L 44
69 0 U 8
70 1 L 17
71 1 L 10
72 1 U 13
73 0 L -1
74 1 L 7
75 1 L 9
76 1 U 57
77 1 U 72
78 0 U 52
79 1 L 71
80 0 L 62
81 1 L 70
82 0 U 40
83 0 U 16
84 1 L 35
85 0 L 4
86 0 L 70
87 1 L -1
88 0 L 3
89 0 U 83
90 1 L 28
91
0 0 U -1
1 0 U -1
2 1 U -1
3 0 U -1
4 0 U -1
5 1 U -1
6 1 U -1
7 1 L 4
8 0 U -1
9 1 U 8
10 0 U -1
11 1 L -1
12 0 U 2
13 0 U 8
14 0 U -1
15 1 L 8
16 0 U -1
17 1 L 11
18 1 L 11
19 1 L 5
20 0 L 19
21 1 U -1
22 1 U 7
23 0 U 15
24 1 U 20
25 0 U 14
26 1 L 17
27 1 U 5
28 0 L 6
29 0 L -1
30 1 L 12
31 0 U 22
32 1 L 13
33 1 U 25
34 0 U -1
35 1 L 30
36 0 L 19
37 1 L 4
38 1 L 4
39 0 L 14
40 1 U 23
41 1 L 3
42 0 L 3
43 1 U 41
44 0 U -1
45 1 U -1
46 0 L 8
47 1 L 36
48 0 U 35
49 1 U 21
50 1 L 1
51 0 L 12
52 0 L 21
53 0 L 43
54 0 U 3
55 1 L 19
56 0 L 50
57 1 L 27
58 1 L -1
59 0 U 19
60 1 L 39
61 0 L 23
62 1 L 61
63 0 L 20
64 1 L 19
65 0 U 10
66 0 U 65
67 1 L 46
68 0 L 42
69 0 U 8
70 0 L 17
71 0 L 10
72 1 U 25
73 1 U -1
74 1 L 7
75 1 L 29
76 1 U 35
77 0 L 72
78 1 U 52
79 1 L 71
80 0 L 62
81 0 L 79
82 1 U 40
83 1 U 16
84 1 L 60
85 0 L 4
86 1 L 1
87 1 L -1
88 0 L 81
89 0 U 17
90 1 L 19
91
0 0 L -1
1 0 U -1
2 0 U -1
3 0 U -1
4 0 U 0
5 1 U -1
6 1 U -1
7 1 L 4
8 0 U -1
9 0 U 3
10 0 U -1
11 0 L -1
12 0 U 2
13 0 U 8
14 0 U -1
15 1 L 8
16 1 U -1
17 1 L 11
18 0 L 11
19 1 L 5
20 0 L 19
21 1 U -1
22 1 U 7
23 0 U 15
24 1 U 20
25 0 U 14
26 0 L 17
27 1 U 5
28 0 U -1
29 1 U -1
30 0 L 19
31 0 U 22
32 1 L 13
33 1 U 25
34 1 U -1
35 1 L 0
36 0 L 19
37 0 L 4
38 1 L 4
39 0 L 14
40 1 U 23
41 1 L 3
42 1 L 3
43 1 U 27
44 0 U -1
45 0 U -1
46 0 L 8
47 1 L 36
48 0 U 35
49 0 U 21
50 1 L 1
51 1 L 12
52 0 L 21
53 0 L 43
54 0 U 3
55 1 L 39
56 0 L 50
57 1 L 27
58 1 L -1
59 0 L 19
60 0 L 39
61 0 L 52
62 0 L 61
63 0 L 0
64 1 L 16
65 0 U 10
66 0 U 65
67 1 L 46
68 1 L 23
69 0 U 8
70 0 L 17
71 0 L 10
72 1 U 25
73 1 U -1
74 0 L 7
75 1 L 19
76 1 U 35
77 1 L 72
78 0 U 74
79 1 L 71
80 1 L 62
81 1 L 79
82 0 U 77
83 0 U 1
84 1 L 60
85 0 L 4
86 0 L 1
87 1 L -1
88 1 L 33
89 0 U 17
90 1 L 56
91
0 0 L -1
1 0 U -1
2 1 U -1
3 0 U -1
4 0 U 0
5 0 U -1
6 1 U -1
7 0 L 4
8 0 U -1
9 0 U 3
10 0 U -1
11 0 L -1
12 0 U 0
13 0 U 8
14 0 U -1
15 1 L 8
16 0 U -1
17 1 L 11
18 0 L 11
19 1 L 5
20 0 L 19
21 1 U -1
22 1 U 4
23 0 U 15
24 1 U 20
25 0 U 14
26 0 L 17
27 1 U 6
28 1 U -1
29 1 U -1
30 1 L 19
31 1 U 22
32 1 L 13
33 1 U 25
34 1 U -1
35 0 L 0
36 0 L 19
37 1 L 4
38 1 L 4
39 0 L 14
40 0 U 33
41 0 L 35
42 1 L 3
43 1 U 27
44 1 U -1
45 0 U -1
46 1 L 2
47 1 L 36
48 0 U 27
49 1 U 3
50 0 L 1
51 1 L 12
52 0 L 21
53 0 L 43
54 0 L 3
55 0 U 39
56 1 L 50
57 0 L 27
58 0 L -1
59 0 L 19
60 1 L 39
61 1 L 52
62 1 L 49
63 1 L 0
64 0 L 16
65 1 U 44
66 0 U -1
67 0 L 6
68 1 L 23
69 0 U 8
70 1 L 17
71 0 L 10
72 0 U 25
73 0 U 1
74 1 L 7
75 1 L 58
76 1 U 72
77 0 L 72
78 0 U 74
79 1 L 71
80 1 L 4
81 1 L 79
82 0 U 77
83 0 L 1
84 0 L 60
85 1 L 20
86 1 L 7
87 1 L -1
88 1 L 68
89 0 U 17
90 1 L 56
91
0 0 U -1
1 0 U -1
2 1 U -1
3 0 U -1
4 0 U 0
5 1 U -1
6 1 U -1
7 1 L 4
8 0 U -1
9 1 U 6
10 0 U -1
11 0 L -1
12 0 U 0
13 0 U 8
14 0 U -1
15 1 L 8
16 1 U -1
17 1 L 11
18 0 L 11
19 1 L 5
20 0 L 19
21 1 U -1
22 1 U 4
23 0 U 15
24 1 U 20
25 0 U 14
26 0 L 17
27 1 U 6
28 1 L -1
29 1 U -1
30 0 L 6
31 1 U 22
32 0 L 13
33 1 U 25
34 1 U -1
35 0 L 0
36 0 L 15
37 0 L 4
38 1 L 4
39 0 L 14
40 0 U 33
41 0 L 35
42 1 L 3
43 1 U 27
44 0 U -1
45 1 U -1
46 1 L 2
47 1 L 30
48 0 U 27
49 0 L 40
50 0 L 1
51 1 L 12
52 0 L 21
53 1 U 43
54 0 L 3
55 0 U 39
56 1 L 50
57 1 L 27
58 0 L -1
59 0 L 19
60 1 L 39
61 1 L 52
62 0 L 43
63 1 L 20
64 0 L 10
65 1 U 44
66 0 U -1
67 1 L 6
68 1 L 23
69 0 U 8
70 1 L 17
71 0 L 10
72 0 U 25
73 0 U 16
74 1 L 7
75 0 L 14
76 1 U 72
77 0 L 72
78 1 U 54
79 0 L 14
80 0 L 56
81 0 L 79
82 1 U 77
83 0 L 1
84 1 L 60
85 0 L 20
86 1 L 7
87 0 L -1
88 1 L 68
89 0 U 17
90 0 L 86
91
0 0 L -1
1 0 U -1
2 1 U -1
3 0 U -1
4 0 U 0
5 1 U -1
6 1 U -1
7 1 L 4
8 0 U -1
9 0 L 7
10 0 U -1
11 0 L -1
12 0 U 0
13 0 U 8
14 0 U -1
15 1 L 8
16 1 L -1
17 1 L 11
18 0 L 11
19 1 L 5
20 0 L 19
21 0 U -1
22 1 U 4
23 0 U 15
24 1 U 20
25 0 U 14
26 0 L 18
27 1 U 6
28 1 U -1
29 1 U -1
30 0 L 6
31 0 L 22
32 1 L 13
33 1 U 25
34 1 U -1
35 1 L 0
36 0 L 15
37 1 L 4
38 0 L 4
39 0 L 14
40 1 U 22
41 0 L 35
42 1 L 3
43 1 U 27
44 0 U -1
45 0 U -1
46 1 L 26
47 1 L 30
48 0 U 27
49 0 U 21
50 0 L 1
51 0 L 12
52 0 L 23
53 0 L 43
54 0 L 3
55 0 U 51
56 0 L 26
57 1 L 27
58 1 L -1
59 0 L 19
60 1 L 36
61 1 L 52
62 0 U 43
63 0 L 34
64 1 L 57
65 1 U 44
66 1 U -1
67 1 L 58
68 1 L 31
69 0 U 8
70 1 U 66
71 0 L 47
72 0 U 25
73 1 L 10
74 1 L 7
75 1 L 12
76 1 U 72
77 0 L 72
78 1 L 54
79 1 L 14
80 0 L 30
81 1 L 79
82 1 U 77
83 0 L 67
84 1 L 60
85 0 L 20
86 0 L 7
87 0 L -1
88 0 L 68
89 1 U 17
90 0 L 86
91
0 0 U -1
1 0 U -1
2 0 U -1
3 0 U -1
4 0 U 0
5 1 U -1
6 1 U -1
7 0 L 4
8 0 U -1
9 1 L 4
10 0 U -1
11 1 L -1
12 0 U 0
13 0 U 8
14 0 U -1
15 1 L 8
16 1 U 0
17 1 L 11
18 0 L 11
19 1 L 5
20 0 L 19
21 1 U -1
22 1 U 4
23 0 U 15
24 1 U 17
25 0 U 14
26 0 L 18
27 1 U 6
28 0 L -1
29 1 U -1
30 0 L 6
31 0 L 22
32 1 L 13
33 1 U 25
34 1 U -1
35 0 L 0
36 0 L 15
37 0 L 4
38 1 L 4
39 0 L 14
40 1 U 22
41 0 L 35
42 1 L 26
43 0 U 4
44 1 U -1
45 0 U -1
46 1 L 26
47 1 L 30
48 0 U 27
49 1 U 3
50 0 L 1
51 1 L 12
52 1 L 31
53 1 L 43
54 0 L 3
55 0 U 51
56 1 L 26
57 1 L 49
58 1 L -1
59 0 L 19
60 1 L 36
61 0 L 52
62 1 U 43
63 1 L 18
64 1 L 46
65 1 U 8
66 1 U -1
67 1 L 58
68 1 L 31
69 1 U 5
70 0 U 8
71 0 L 47
72 0 U 69
73 1 L 10
74 0 L 38
75 1 L 12
76 1 U 72
77 1 L 72
78 1 L 54
79 0 L 14
80 0 L 74
81 0 L 79
82 1 U 77
83 0 L 67
84 1 L 60
85 0 L 20
86 1 L 7
87 0 L -1
88 0 L 68
89 0 U 11
90 0 L 86
91
0 0 L -1
1 0 U -1
2 0 U -1
3 0 U -1
4 0 U 2
5 1 U -1
6 1 U -1
7 1 L 4
8 0 U -1
9 1 L 5
10 0 U -1
11 0 L -1
12 0 U 0
13 0 U 8
14 0 U -1
15 1 L 8
16 0 U 8
17 1 L 11
18 0 L 11
19 1 L 5
20 0 L 19
21 1 U -1
22 1 U 4
23 0 U 15
24 1 U 16
25 0 U 14
26 0 L 18
27 1 U 6
28 0 U -1
29 1 L -1
30 1 L 6
31 1 L 22
32 1 L 13
33 0 U 25
34 1 U -1
35 0 L 0
36 0 L 15
37 0 L 4
38 0 L 4
39 0 L 14
40 0 U 33
41 0 L 35
42 0 L 26
43 0 U 4
44 0 U -1
45 1 U -1
46 1 L 26
47 1 L 20
48 0 U 27
49 0 U 3
50 1 L 1
51 0 L 12
52 0 L 31
53 1 L 43
54 1 L 3
55 0 U 32
56 1 L 26
57 0 L 49
58 1 L -1
59 1 L 19
60 1 L 36
61 0 L 52
62 0 U 43
63 0 L 18
64 1 L 63
65 1 U 8
66 1 U -1
67 1 L 58
68 1 L 31
69 0 U 5
70 1 U 8
71 0 L 47
72 0 U 69
73 1 L 61
74 1 L 38
75 1 L 12
76 1 U 72
77 1 L 72
78 0 L 54
79 1 L 15
80 0 L 74
81 0 L 79
82 0 U 77
83 0 L 18
84 1 L 16
85 0 L 20
86 1 L 78
87 0 L -1
88 1 L 68
89 0 U 11
90 1 L 86
91
0 0 U -1
1 0 U -1
2 0 U -1
3 0 U -1
4 0 U 2
5 1 U -1
6 1 U -1
7 0 L 4
8 0 U -1
9 1 U 5
10 0 U -1
11 0 L -1
12 0 U 0
13 0 U 8
14 0 U -1
15 1 L 8
16 0 U 14
17 1 L 11
18 0 L 11
19 1 L 7
20 0 L 19
21 1 U -1
22 1 U 11
23 0 U 15
24 0 U 3
25 0 U 14
26 0 L 18
27 0 U 8
28 1 U -1
29 1 L -1
30 0 L 6
31 0 L 22
32 1 L 13
33 0 U 25
34 1 U -1
35 1 L 0
36 0 L 3
37 0 L 4
38 1 L 4
39 0 L 14
40 1 U 33
41 0 L 35
42 1 L 26
43 0 U 4
44 0 U -1
45 1 U -1
46 1 L 26
47 1 L 20
48 0 U 36
49 0 U 12
50 0 L 1
51 1 L 12
52 0 L 31
53 0 L 43
54 1 L 3
55 0 U 32
56 0 L 26
57 0 L 51
58 1 L -1
59 0 L 19
60 1 L 28
61 0 L 52
62 0 U 37
63 1 L 1
64 1 L 8
65 0 U 8
66 0 U -1
67 1 L 58
68 1 L 31
69 1 U 5
70 1 L 2
71 0 L 47
72 0 U 69
73 1 L 61
74 0 L 38
75 1 L 12
76 0 U 25
77 1 L 72
78 0 L 54
79 0 L 71
80 1 L 74
81 0 L 79
82 0 U 77
83 0 L 18
84 1 L 16
85 1 L 20
86 0 L 78
87 0 L -1
88 0 L 60
89 0 U 2
90 0 L 49
91
0 0 L -1
1 0 U -1
2 1 U -1
3 0 U -1
4 0 U 0
5 1 U -1
6 1 U -1
7 0 L 4
8 0 U -1
9 1 U 6
10 0 U -1
11 0 L -1
12 0 U 0
13 0 U 6
14 0 U -1
15 1 L 8
16 0 U 10
17 0 L 11
18 1 L 11
19 1 L 5
20 0 L 19
21 1 U -1
22 1 U 11
23 0 U 15
24 1 U 12
25 0 U 14
26 0 L 18
27 1 U 8
28 0 U -1
29 1 L -1
30 0 L 6
31 1 L 22
32 1 L 13
33 0 U 25
34 1 U -1
35 1 L 0
36 0 L 3
37 0 L 4
38 1 L 4
39 0 L 15
40 1 U -1
41 0 L 35
42 0 L 26
43 0 U 4
44 0 U -1
45 1 U -1
46 1 L 26
47 1 L 20
48 0 U 15
49 0 U 12
50 1 L 18
51 0 L 12
52 0 L 31
53 1 L 43
54 1 L 3
55 0 U 32
56 0 L 26
57 1 L 51
58 1 L -1
59 1 L 6
60 1 L 28
61 1 L 52
62 0 U 37
63 1 L 17
64 1 L 8
65 0 U 8
66 1 U -1
67 1 L 58
68 1 L 31
69 0 U 12
70 1 L 2
71 0 L 47
72 0 U 69
73 1 L 61
74 1 L 38
75 0 L 15
76 0 U 25
77 1 U 72
78 0 L 54
79 1 L 71
80 1 L 74
81 0 L 43
82 0 U 77
83 0 L 18
84 1 L 57
85 1 L 20
86 1 L 38
87 0 L -1
88 0 L 42
89 1 U 2
90 0 U 49
91
0 0 U -1
1 0 U -1
2 0 U -1
3 0 U -1
4 0 U 0
5 1 U -1
6 1 U -1
7 0 L 5
8 0 U -1
9 0 U 6
10 0 U -1
11 1 L -1
12 0 U 0
13 0 U 6
14 0 U -1
15 1 L 8
16 0 U 0
17 0 L 11
18 0 L 11
19 1 L 5
20 0 L 19
21 1 U -1
22 1 U 17
23 0 U 15
24 0 U 12
25 0 U 14
26 1 L 18
27 1 U 8
28 0 U -1
29 1 L -1
30 0 L 6
31 1 L 22
32 1 L 13
33 0 U 25
34 0 U -1
35 1 L 11
36 0 L 3
37 0 L 4
38 1 L 4
39 0 L 15
40 0 U -1
41 0 L 35
42 0 L 26
43 0 U 4
44 0 U -1
45 1 U -1
46 1 L 41
47 0 L 20
48 0 U 18
49 0 U 12
50 0 L 18
51 0 L 12
52 0 L 31
53 1 L 43
54 1 L 3
55 0 U 32
56 0 L 26
57 1 L 51
58 1 L -1
59 1 L 6
60 1 L 25
61 0 L 52
62 0 U 37
63 0 L 10
64 1 L 8
65 0 U 8
66 1 L -1
67 1 L 58
68 1 L 31
69 0 U 12
70 1 L 2
71 0 L 34
72 0 U 69
73 1 L 61
74 0 L 38
75 0 L 15
76 0 U 25
77 1 L 72
78 0 L 54
79 0 L 12
80 1 L 6
81 0 L 43
82 0 U 77
83 1 L 18
84 1 L 57
85 1 L 20
86 0 L 38
87 0 L -1
88 0 L 42
89 1 U 2
90 0 U 17
91
0 0 L -1
1 0 U -1
2 1 U -1
3 0 U -1
4 0 U 0
5 1 U -1
6 1 U -1
7 1 L 5
8 0 U -1
9 1 U 3
10 0 U -1
11 1 L -1
12 0 U 0
13 0 U 6
14 0 U -1
15 1 L 8
16 0 U 6
17 0 L 11
18 1 L 11
19 1 L 5
20 0 L 19
21 1 U -1
22 1 U 7
23 0 U 15
24 0 U 12
25 0 U 14
26 0 L 18
27 1 U 8
28 1 U -1
29 1 L -1
30 0 L 4
31 1 L 22
32 1 L 13
33 0 U 25
34 0 U -1
35 1 L 11
36 0 L 3
37 1 L 4
38 1 L 4
39 0 L 12
40 1 U -1
41 1 L 35
42 1 L 26
43 0 U 13
44 0 U -1
45 0 U -1
46 0 L 41
47 1 L 20
48 0 U 18
49 0 L 43
50 1 L 18
51 0 L 12
52 0 L 50
53 1 L 43
54 1 L 3
55 0 U 32
56 0 L 26
57 0 L 51
58 1 L -1
59 1 L 6
60 1 L 25
61 1 L 25
62 1 U 37
63 0 L 10
64 0 U 8
65 0 U 44
66 1 L -1
67 1 L 58
68 0 L 31
69 0 U 12
70 0 U 10
71 0 L 34
72 0 L 69
73 1 L 61
74 0 L 38
75 0 L 15
76 0 U 25
77 1 L 55
78 0 L 54
79 1 L 12
80 1 L 6
81 0 L 8
82 0 U 77
83 0 L 18
84 1 L 57
85 0 L 20
86 1 L 38
87 0 L -1
88 0 L 86
89 0 U 40
90 0 U 13
91
0 0 U -1
1 0 U -1
2 0 U -1
3 0 U -1
4 0 U 0
5 1 U -1
6 1 U -1
7 0 L 5
8 0 U -1
9 0 U 8
10 0 U -1
11 1 L -1
12 0 U 0
13 0 U 6
14 1 U -1
15 1 L 8
16 1 U 10
17 1 L 11
18 1 L 11
19 1 L 5
20 0 L 19
21 1 U -1
22 1 U 7
23 0 U 15
24 0 U 3
25 0 U 2
26 1 L 18
27 0 U 8
28 1 U -1
29 0 L -1
30 1 L 4
31 1 L 22
32 1 L 13
33 0 U 25
34 0 U -1
35 0 L 11
36 0 L 3
37 1 L 4
38 1 L 4
39 0 L 12
40 1 U -1
41 1 L 35
42 0 L 26
43 0 U 13
44 1 U -1
45 1 U -1
46 1 L 41
47 1 L 20
48 0 U 15
49 1 L 43
50 0 L 18
51 0 L 12
52 0 L 50
53 1 L 43
54 0 L 3
55 0 U 32
56 1 L 26
57 0 L 51
58 1 L -1
59 1 L 6
60 1 L 25
61 0 L 25
62 1 U 37
63 0 L 10
64 1 U 8
65 0 U 44
66 1 U -1
67 1 L 58
68 1 L 31
69 1 U 3
70 0 U 10
71 0 L 34
72 0 U 69
73 1 L 61
74 0 L 38
75 0 L 47
76 0 U 25
77 0 L 45
78 0 L 4
79 1 L 12
80 1 L 6
81 1 L 8
82 1 U 77
83 0 L 18
84 1 L 57
85 0 L 20
86 0 L 78
87 0 L -1
88 0 L 86
89 1 U 2
90 0 U 13
91
0 0 L -1
1 0 U -1
2 1 U -1
3 0 U -1
4 0 U 0
5 1 U -1
6 1 U -1
7 0 L 5
8 0 U -1
9 1 U 8
10 0 U -1
11 1 L -1
12 0 U 2
13 0 U 6
14 1 U -1
15 1 L 8
16 1 U 0
17 1 L 7
18 0 L 11
19 1 L 5
20 0 L 19
21 1 U -1
22 1 U 12
23 0 U 15
24 0 U 3
25 0 U 2
26 1 L 18
27 1 U 8
28 0 U -1
29 1 L -1
30 0 L -1
31 1 L 22
32 1 L 13
33 1 U 25
34 0 U -1
35 1 L 11
36 0 L 3
37 0 L 4
38 1 L 4
39 0 L 12
40 1 U -1
41 1 L 35
42 0 L 26
43 0 U 13
44 1 U -1
45 0 U -1
46 0 L 41
47 1 L 20
48 0 U 15
49 1 L 30
50 0 L 18
51 1 L 12
52 0 L 50
53 1 L 43
54 0 L 3
55 0 U 38
56 0 L 26
57 0 L 51
58 1 L -1
59 1 L 6
60 1 L 25
61 0 L 25
62 0 U 37
63 0 L 10
64 0 U 5
65 0 U 6
66 1 U -1
67 1 L 58
68 1 L 31
69 1 U 3
70 0 U 10
71 0 L 34
72 1 U 69
73 0 L 61
74 0 L 38
75 0 L 14
76 0 U 25
77 0 L 45
78 0 L 4
79 0 L 12
80 1 L 6
81 1 L 17
82 1 U 77
83 0 L 18
84 1 L 57
85 0 L 20
86 0 L 78
87 0 L -1
88 1 L 86
89 1 U 66
90 0 U 13
91
0 0 U -1
1 0 U -1
2 1 U -1
3 0 U -1
4 0 U 0
5 1 U -1
6 1 U -1
7 0 L 5
8 0 U -1
9 1 U 5
10 0 U -1
11 1 L -1
12 0 U 2
13 0 U 6
14 1 U -1
15 1 L 8
16 1 U 0
17 1 L 6
18 1 L 11
19 1 L 5
20 0 L 19
21 1 U -1
22 1 U 17
23 0 U 15
24 0 U 12
25 0 U 2
26 1 L 18
27 0 U 8
28 0 U -1
29 1 L -1
30 0 L -1
31 1 L 22
32 1 L 13
33 0 U 25
34 0 U -1
35 1 L 11
36 0 L 3
37 0 L 4
38 1 L 4
39 0 L 12
40 1 U -1
41 1 L 35
42 0 L 26
43 0 U 13
44 1 U -1
45 0 U -1
46 1 L 41
47 0 L 20
48 0 U 15
49 0 L 30
50 0 L 35
51 0 L 12
52 0 L 50
53 1 L 43
54 0 L 3
55 0 U 54
56 0 L 46
57 0 L 51
58 1 L -1
59 1 L 6
60 1 L 25
61 1 L 25
62 1 U 37
63 0 L 10
64 0 U 5
65 0 U 6
66 1 U -1
67 1 L 58
68 1 L 31
69 1 U 3
70 0 U 16
71 0 L 27
72 1 U 69
73 0 L 61
74 0 L 38
75 0 L 14
76 0 U 25
77 1 L 45
78 0 L 4
79 0 L 63
80 1 L 6
81 0 L 17
82 1 U 77
83 0 L 18
84 1 L 57
85 0 L 20
86 0 L 78
87 0 L -1
88 1 L 86
89 1 U 66
90 0 U 13
91
0 0 L -1
1 0 U -1
2 0 U -1
3 0 U -1
4 0 U 0
5 1 U -1
6 1 U -1
7 1 L 4
8 0 U -1
9 1 U 5
10 0 U -1
11 1 L -1
12 0 U 2
13 0 U 6
14 1 U -1
15 1 L 8
16 1 U 0
17 1 L 6
18 1 L 11
19 1 L 5
20 0 L 19
21 1 U -1
22 1 U 17
23 0 U 15
24 1 U 18
25 0 U 2
26 0 L 18
27 1 U 8
28 0 U -1
29 1 L -1
30 1 L -1
31 1 L 22
32 1 L 13
33 1 U 25
34 0 U -1
35 0 L 11
36 0 L 3
37 0 L 4
38 1 L 4
39 0 L 12
40 1 U -1
41 0 L 35
42 0 L 26
43 0 U 13
44 1 U -1
45 0 U -1
46 0 L 41
47 1 L 20
48 0 U 36
49 0 L 30
50 1 L 35
51 1 L 12
52 0 L 47
53 0 L 40
54 0 L 3
55 0 U 54
56 1 L 46
57 0 L 51
58 1 L -1
59 1 L 6
60 1 L 1
61 1 L 25
62 0 L 43
63 1 L 9
64 1 U 5
65 0 U 6
66 1 U -1
67 1 L 58
68 0 L 31
69 1 U 8
70 0 U 16
71 0 L 27
72 1 U 69
73 0 L 68
74 0 L 38
75 0 L 15
76 0 U 27
77 1 L 45
78 0 L 4
79 0 L 63
80 1 L 6
81 1 L 17
82 0 U 77
83 0 L 1
84 1 L 57
85 0 L 20
86 0 L 78
87 0 L -1
88 0 L 73
89 1 U 66
90 0 U 13
91
0 0 L -1
1 0 U -1
2 1 U -1
3 0 U -1
4 0 U 1
5 1 U -1
6 1 U -1
7 1 L 4
8 0 U -1
9 1 U 5
10 0 U -1
11 1 L -1
12 0 U 2
13 0 U 6
14 1 U -1
15 1 L 8
16 1 U 10
17 1 L 6
18 1 L 11
19 1 L 5
20 0 L 19
21 1 U -1
22 1 U 16
23 0 U 15
24 0 U 16
25 0 U 2
26 0 L 18
27 1 U 8
28 1 U -1
29 1 L -1
30 1 L -1
31 1 L 22
32 1 L 13
33 0 U 25
34 0 U -1
35 0 L 11
36 0 L 3
37 1 L 27
38 0 L 4
39 0 L 12
40 1 U -1
41 0 L 35
42 1 L 26
43 0 U 13
44 1 U -1
45 0 U -1
46 0 L 41
47 0 L 20
48 0 U 20
49 0 L 30
50 0 L 35
51 0 L 12
52 1 L 47
53 1 L 40
54 1 L 3
55 0 U 32
56 1 L 46
57 1 L 51
58 1 L -1
59 1 L 6
60 0 L 1
61 1 L 25
62 1 L 43
63 1 L 13
64 1 L 5
65 0 U 6
66 1 U -1
67 1 L 58
68 0 L 31
69 0 U 8
70 1 U 22
71 0 L 27
72 0 U 69
73 0 L 68
74 1 L 38
75 0 L 15
76 0 U 27
77 0 L 45
78 1 L 4
79 0 L 62
80 0 L 6
81 0 L 17
82 0 U 77
83 0 L 1
84 1 L 57
85 0 L 20
86 1 L 78
87 0 L -1
88 1 L 27
89 1 U 66
90 0 U 13
91
0 0 L -1
1 0 U -1
2 0 U -1
3 0 U -1
4 0 U 0
5 1 U -1
6 1 U -1
7 0 L 4
8 0 U -1
9 1 U 5
10 0 U -1
11 1 L -1
12 0 U 0
13 0 U 6
14 1 U -1
15 1 L 8
16 1 U 10
17 1 L 6
18 0 L 11
19 1 L 5
20 0 L 19
21 1 U -1
22 1 U 16
23 0 U 15
24 1 U 9
25 0 U 2
26 1 L 18
27 1 U 8
28 0 U -1
29 1 L -1
30 0 L -1
31 1 L 22
32 1 L 13
33 1 U 25
34 0 U -1
35 0 L 11
36 0 L 3
37 1 L 27
38 0 L 36
39 0 L 12
40 1 U -1
41 0 L 35
42 1 L 26
43 1 U 13
44 1 U -1
45 0 U -1
46 0 L 41
47 0 L 20
48 0 U 20
49 1 L 30
50 1 L 35
51 0 L 12
52 1 L 47
53 0 L 40
54 0 L 3
55 0 U 32
56 1 L 46
57 1 L 51
58 1 L -1
59 1 L 6
60 0 L 20
61 1 L 25
62 0 L 43
63 0 L 13
64 1 L 5
65 0 U 8
66 1 U -1
67 1 L 58
68 0 L 31
69 0 U 45
70 1 U 22
71 0 L 27
72 1 U 69
73 1 L 68
74 1 L 38
75 1 L 15
76 0 U 24
77 1 L 72
78 1 L 4
79 0 L 62
80 1 L 74
81 0 L 15
82 1 U 77
83 1 L 1
84 1 L 57
85 1 L 20
86 1 L 78
87 0 L -1
88 1 L 27
89 0 U 66
90 0 U 4
91
0 0 L -1
1 0 U -1
2 0 U -1
3 0 U -1
4 0 U 0
5 1 U -1
6 1 U -1
7 0 L 4
8 0 U -1
9 1 U 5
10 0 U -1
11 1 L -1
12 0 U 0
13 0 U 8
14 1 U 1
15 1 L 8
16 1 U 10
17 1 L 7
18 1 L 11
19 1 L 5
20 0 L 19
21 1 U -1
22 1 U 16
23 0 U 15
24 1 U 21
25 0 U 2
26 1 L 18
27 1 U 8
28 1 U -1
29 1 L -1
30 0 L -1
31 1 L 22
32 1 L 13
33 0 U 25
34 0 U -1
35 1 L 11
36 0 L 3
37 0 L 27
38 0 L 36
39 0 L 12
40 1 U -1
41 0 L 35
42 0 L 26
43 1 U 13
44 1 U -1
45 0 U -1
46 1 L 41
47 0 L 20
48 0 U 20
49 1 L 2
50 1 L 2
51 0 L 12
52 1 L 15
53 0 L 40
54 0 L 3
55 0 U 48
56 0 L 54
57 0 L 51
58 1 L -1
59 1 L 6
60 0 L 20
61 1 L 25
62 1 L 43
63 0 L 10
64 1 L 53
65 0 U 8
66 1 U -1
67 1 L 58
68 0 L 31
69 0 U 45
70 1 U 22
71 0 L 27
72 1 U 69
73 1 L 35
74 1 L 38
75 1 L 12
76 0 U 24
77 1 L 72
78 0 L 4
79 0 L 68
80 1 L 74
81 0 L 15
82 0 U 77
83 1 L 1
84 1 L 57
85 1 L 20
86 1 L 78
87 0 L -1
88 1 L 27
89 0 U 66
90 0 U 69
91
0 0 U -1
1 0 U -1
2 1 U -1
3 0 U -1
4 0 U 1
5 1 U -1
6 1 U -1
7 1 L 4
8 0 U -1
9 1 U 5
10 0 U -1
11 1 L -1
12 0 U 0
13 0 U 8
14 1 U 1
15 1 L 8
16 1 U 0
17 1 L 6
18 1 L 11
19 1 L 7
20 0 L 19
21 1 U -1
22 1 U 16
23 0 U 15
24 1 U 21
25 0 U 2
26 0 L 18
27 1 U 8
28 1 U -1
29 1 L -1
30 0 L -1
31 1 L 22
32 1 L 13
33 0 U 25
34 0 U -1
35 1 L 11
36 0 L 3
37 1 L 27
38 0 L 36
39 0 L 12
40 1 U -1
41 0 L 35
42 1 L 26
43 1 U 35
44 1 U -1
45 1 U -1
46 1 L 41
47 0 L 8
48 0 U 20
49 0 L 29
50 1 L 2
51 1 L 12
52 1 L 39
53 0 L 40
54 0 L 3
55 0 U 51
56 0 L 54
57 0 L 51
58 1 L -1
59 1 L 6
60 0 L 20
61 1 L 25
62 0 L 43
63 0 L 10
64 0 L 53
65 0 U 8
66 1 U -1
67 1 L 58
68 0 L 31
69 0 U 45
70 1 U 22
71 0 L 27
72 1 U 69
73 1 L 35
74 1 L 38
75 0 L 12
76 0 U 24
77 1 L 72
78 0 L 54
79 0 L 68
80 0 L 74
81 0 L 15
82 0 U 77
83 1 L 1
84 1 L 57
85 1 L 80
86 0 L 78
87 0 L -1
88 1 L 27
89 0 U 45
90 0 U 24
91
0 0 L -1
1 0 U -1
2 1 U -1
3 0 U -1
4 0 U 2
5 1 U -1
6 1 U -1
7 1 L 4
8 0 U -1
9 1 U 5
10 0 U -1
11 1 L -1
12 0 U 0
13 0 U 8
14 1 U 1
15 1 L 8
16 1 U 5
17 1 L 6
18 1 L 11
19 1 L 7
20 0 L 19
21 1 U -1
22 1 U 16
23 0 U 15
24 0 U 21
25 0 U 2
26 1 L 18
27 0 U 8
28 0 U -1
29 1 L -1
30 1 L -1
31 1 L 22
32 1 L 13
33 0 U 25
34 0 U -1
35 1 L 11
36 0 L 3
37 0 L 5
38 0 L 36
39 0 L 15
40 1 U 5
41 0 L 1
42 0 L 26
43 0 U 35
44 0 U -1
45 1 U -1
46 1 L 41
47 1 L 8
48 0 U 20
49 1 L 8
50 1 L 2
51 1 L 12
52 1 L 39
53 1 L 40
54 0 L 3
55 0 U 51
56 0 L 54
57 1 L 51
58 1 L -1
59 0 L 6
60 0 L 18
61 1 L 25
62 0 L 43
63 0 L 10
64 0 L 48
65 0 U 8
66 1 U -1
67 1 L 58
68 0 L 31
69 0 U 5
70 1 U 22
71 0 L 27
72 1 U 69
73 0 L 37
74 1 L 38
75 0 L 12
76 0 U 24
77 1 L 72
78 1 L 54
79 0 L 68
80 0 L 74
81 1 L 15
82 1 U 77
83 0 L 1
84 1 L 57
85 0 L 80
86 0 L 78
87 0 L -1
88 0 L 27
89 0 U 6
90 0 U 24
91
0 0 L -1
1 0 U -1
2 1 U -1
3 0 U -1
4 0 U 2
5 1 U -1
6 1 U -1
7 0 L 4
8 0 U -1
9 1 U 5
10 0 U -1
11 1 L -1
12 0 U 2
13 0 U 2
14 1 L -1
15 1 L 8
16 1 U 2
17 1 L 6
18 0 L 11
19 1 L 7
20 0 L 19
21 1 U -1
22 1 U 16
23 0 U 15
24 0 U 21
25 0 U 10
26 0 L 18
27 1 U 8
28 0 U -1
29 0 L 6
30 1 L -1
31 1 L 22
32 1 L 13
33 0 U 19
34 0 U -1
35 1 L 11
36 0 L 3
37 1 L 5
38 0 L 36
39 0 L 15
40 1 U 6
41 1 L 1
42 1 L 26
43 0 U 35
44 1 U -1
45 0 U -1
46 0 L 41
47 0 L 8
48 0 U 20
49 1 L 8
50 1 L 2
51 1 L 12
52 0 L 39
53 1 L 40
54 0 L 3
55 0 U 48
56 0 L 54
57 0 L 51
58 1 L -1
59 1 L 6
60 0 L 18
61 1 L 25
62 0 L 44
63 0 L 10
64 0 L 58
65 0 U 8
66 0 U -1
67 1 L 58
68 0 L 31
69 0 U 66
70 1 U 22
71 0 L 27
72 1 U 69
73 0 L 26
74 0 L 38
75 1 L 49
76 0 U 19
77 1 L 72
78 1 L 73
79 1 L 68
80 0 L 74
81 1 L 75
82 1 U 77
83 0 L 64
84 1 L 57
85 0 L 59
86 0 L 78
87 1 L -1
88 0 L 27
89 0 U 5
90 0 U 24
91
0 0 U -1
1 0 U -1
2 1 U -1
3 0 U -1
4 0 U -1
5 1 U -1
6 1 U -1
7 1 L 4
8 0 U -1
9 1 U 5
10 0 U -1
11 0 L -1
12 0 U 2
13 0 U 10
14 1 L -1
15 1 L 8
16 1 U 2
17 1 L 6
18 1 L 11
19 1 L 7
20 0 L 19
21 1 U -1
22 1 U 12
23 0 U 15
24 0 U 21
25 0 U 0
26 0 L 18
27 1 U 8
28 1 U -1
29 0 L 6
30 0 L -1
31 1 L 22
32 0 L 6
33 0 U 19
34 0 U -1
35 0 L 11
36 0 L 3
37 0 L 5
38 0 L 36
39 0 L 15
40 1 U 6
41 1 L 1
42 0 L 26
43 0 U 35
44 1 U -1
45 1 U -1
46 0 L 41
47 0 L 8
48 0 U 20
49 1 L 8
50 1 L 2
51 0 L 12
52 0 L 39
53 1 L 40
54 0 L 3
55 0 U 52
56 1 L 54
57 1 L 51
58 1 L -1
59 1 L 37
60 0 L 18
61 1 L 25
62 1 L 44
63 1 L 10
64 0 L 58
65 0 U 34
66 0 U -1
67 1 L 58
68 0 L 31
69 0 U 66
70 1 U 22
71 0 L 27
72 1 U 69
73 0 L 26
74 0 L 5
75 1 L 49
76 0 U 19
77 1 L 72
78 0 L 73
79 1 L 68
80 1 L 75
81 1 L 75
82 1 U 77
83 0 L 64
84 1 L 57
85 0 L 59
86 0 L 7
87 0 L -1
88 1 L 27
89 0 U 5
90 0 U 24
91
0 0 L -1
1 0 U -1
2 0 U -1
3 0 U -1
4 0 U -1
5 1 U -1
6 1 U -1
7 1 L 4
8 0 U -1
9 1 U 6
10 0 U -1
11 1 L -1
12 0 U 2
13 0 U 1
14 0 L 3
15 1 L 8
16 1 U 2
17 1 L 6
18 0 L 11
19 1 L 7
20 0 L 19
21 1 U -1
22 1 U 18
23 0 U 19
24 1 U 16
25 0 U 0
26 0 L 18
27 0 U 8
28 1 U -1
29 1 L 7
30 0 L -1
31 1 L 22
32 0 L 6
33 0 U 19
34 0 U -1
35 1 L 11
36 0 L 3
37 0 L 5
38 0 L 36
39 0 L 15
40 1 U 6
41 1 L 1
42 1 L 26
43 0 U 14
44 1 U -1
45 0 U -1
46 0 L 41
47 0 L 8
48 0 U 20
49 1 L 8
50 1 L 2
51 0 L 12
52 0 L 39
53 1 L 40
54 1 L 50
55 0 U 48
56 0 L 54
57 1 L 51
58 1 L -1
59 0 L 37
60 0 L 18
61 1 L 25
62 1 L 44
63 1 L 10
64 0 L 58
65 0 U 34
66 0 U -1
67 1 L 58
68 0 L 31
69 0 U 66
70 1 U 22
71 0 L 27
72 1 U 69
73 0 L 26
74 0 L 13
75 1 L 49
76 0 U 19
77 1 L 72
78 1 L 73
79 0 L 68
80 1 L 75
81 1 L 75
82 1 U 77
83 0 L 64
84 0 L 22
85 0 L 59
86 0 L 7
87 1 L -1
88 0 L 27
89 0 U 2
90 0 U 24
91
0 0 U -1
1 0 U -1
2 1 U -1
3 0 U -1
4 0 U -1
5 1 U -1
6 1 U -1
7 1 L 4
8 0 U -1
9 1 U 5
10 0 U -1
11 1 L -1
12 0 U 2
13 0 U 6
14 0 L 3
15 1 L 8
16 1 U 2
17 1 L 6
18 0 L 11
19 1 L 7
20 1 L 19
21 1 U -1
22 1 U 16
23 0 U 19
24 1 U 18
25 0 U 0
26 1 L 18
27 0 U 8
28 1 U -1
29 0 L 7
30 1 L -1
31 0 L 22
32 0 L 6
33 0 U 19
34 0 U -1
35 1 L 11
36 0 L 3
37 0 L 5
38 0 L 36
39 0 L 15
40 1 U 6
41 0 L 28
42 0 L 26
43 0 U 14
44 1 U -1
45 1 U -1
46 1 L 35
47 0 L 8
48 0 U 15
49 1 L 17
50 0 L 2
51 0 L 12
52 1 L 51
53 1 L 40
54 0 L 50
55 0 U 48
56 1 L 54
57 1 L 51
58 1 L -1
59 1 L 37
60 0 L 58
61 0 L 25
62 1 L 44
63 0 L 10
64 0 L 1
65 0 U 34
66 0 U -1
67 1 L 58
68 0 L 31
69 0 U 66
70 1 U 22
71 1 L 27
72 1 U 69
73 0 L 26
74 0 L 13
75 1 L 49
76 0 U 19
77 1 L 72
78 1 L 73
79 0 L 68
80 0 L 75
81 1 L 75
82 1 U 77
83 0 L 11
84 0 L 22
85 0 L 32
86 0 L 7
87 1 L -1
88 0 U 27
89 0 U 2
90 0 L 24
91
0 0 L -1
1 0 U -1
2 0 U -1
3 0 U -1
4 0 U -1
5 1 U -1
6 1 U -1
7 0 L 4
8 0 U -1
9 1 U 5
10 0 U -1
11 1 L -1
12 0 U 0
13 0 U 5
14 0 L 3
15 1 L 8
16 1 U 2
17 1 L 6
18 1 L 11
19 1 L 7
20 0 L 19
21 1 U -1
22 1 U 16
23 0 U 19
24 1 U 16
25 0 U 2
26 0 L 18
27 0 U 8
28 0 U -1
29 0 L 5
30 0 L -1
31 0 L 22
32 1 L 6
33 0 U 19
34 0 U -1
35 0 L 11
36 1 L 3
37 1 L 5
38 1 L 36
39 0 L 15
40 1 U 5
41 0 L 32
42 0 L 26
43 0 U 14
44 1 U -1
45 1 U -1
46 1 L 35
47 0 L 8
48 0 U 15
49 0 L 17
50 1 L 2
51 0 L 12
52 0 L 51
53 1 L 40
54 1 L 50
55 0 U 48
56 0 L 54
57 1 L 51
58 1 L -1
59 1 L 37
60 0 L 11
61 1 L 25
62 1 L 44
63 1 L 1
64 1 L 4
65 0 U 44
66 0 U -1
67 1 L 58
68 0 L 31
69 0 U 66
70 1 U 22
71 0 L 27
72 1 U 69
73 0 L 26
74 0 L 13
75 1 L 49
76 0 U 19
77 1 L 72
78 1 L 73
79 1 L 68
80 1 L 75
81 1 L 75
82 1 U 77
83 1 L 11
84 0 L 22
85 0 L 32
86 0 L 7
87 1 L -1
88 0 L 27
89 0 U 2
90 0 L 24
91
0 0 U -1
1 0 U -1
2 0 U -1
3 0 U -1
4 0 U -1
5 1 U -1
6 1 U -1
7 1 L 4
8 0 U -1
9 0 U 5
10 0 U -1
11 1 L -1
12 0 U 0
13 0 U 0
14 0 L 3
15 1 L 8
16 1 U 10
17 1 L 6
18 1 L 11
19 1 L 7
20 0 L 19
21 1 U -1
22 1 U 16
23 0 U 19
24 1 U 16
25 0 U 2
26 1 L 18
27 0 U 8
28 0 U -1
29 1 L 5
30 0 L -1
31 1 L 22
32 1 L 6
33 0 U 19
34 0 U -1
35 1 L 11
36 1 L 3
37 0 L 5
38 1 L 36
39 0 L 15
40 1 U 6
41 0 L 8
42 0 L 26
43 0 U 14
44 1 U -1
45 0 U -1
46 1 L 35
47 0 L 8
48 0 U 15
49 1 L 17
50 1 L 2
51 0 L 12
52 0 L 51
53 1 L 40
54 0 L 50
55 0 U 48
56 0 L 54
57 1 L 51
58 1 L -1
59 1 L 37
60 0 L 11
61 0 L 33
62 1 L 44
63 0 L 60
64 1 L 4
65 0 U 44
66 0 U -1
67 1 L 58
68 0 L 31
69 0 U 66
70 1 U 22
71 1 L 27
72 1 U 69
73 0 L 26
74 0 L 13
75 1 L 49
76 0 U 35
77 1 L 72
78 0 L 73
79 0 L 25
80 1 L 75
81 0 L 75
82 1 U 77
83 1 L 11
84 0 L 22
85 0 L 32
86 0 L 7
87 1 L -1
88 0 U 27
89 0 U 2
90 0 L 24
91
0 0 L -1
1 0 U -1
2 1 U -1
3 0 U 1
4 0 U -1
5 1 U -1
6 1 U -1
7 0 L 4
8 0 U -1
9 1 U 5
10 0 U -1
11 1 L -1
12 0 U 0
13 0 U 0
14 1 L -1
15 1 L 8
16 1 U 2
17 1 L 6
18 0 L 11
19 1 L 7
20 1 L 19
21 1 U -1
22 1 U 16
23 0 U 19
24 1 U 16
25 0 U 10
26 1 L 18
27 0 U 8
28 0 U -1
29 0 L 5
30 1 L -1
31 1 L 22
32 1 L 6
33 0 U 19
34 0 U -1
35 1 L 11
36 1 L 3
37 0 L 7
38 1 L 36
39 0 L 15
40 1 U 6
41 0 L 8
42 0 L 26
43 0 U 35
44 1 U -1
45 0 U -1
46 0 L 35
47 0 L 17
48 0 U 15
49 0 L 17
50 1 L 2
51 0 L 12
52 1 L 39
53 1 L 40
54 1 L 50
55 0 U 48
56 1 L 54
57 0 L 51
58 1 L -1
59 1 L 37
60 0 L 11
61 0 L 33
62 0 L 50
63 0 L 46
64 1 L 4
65 0 U 44
66 0 U -1
67 1 L 58
68 0 L 31
69 0 U 66
70 1 U 22
71 1 L 27
72 1 U 69
73 0 L 26
74 0 L 13
75 1 L 49
76 0 U 27
77 1 L 55
78 1 L 73
79 1 L 25
80 1 L 75
81 1 L 75
82 0 U 77
83 0 L 11
84 0 L 22
85 0 L 32
86 0 L 7
87 1 L -1
88 0 U 27
89 0 U 2
90 0 L 24
91
0 0 U -1
1 0 U -1
2 0 U -1
3 0 U 1
4 0 U -1
5 1 U -1
6 1 U -1
7 1 L 4
8 0 U -1
9 1 U 6
10 0 U -1
11 1 L -1
12 0 U 1
13 0 U 1
14 1 L -1
15 1 L 8
16 1 U 2
17 1 L 6
18 0 L 11
19 1 L 7
20 1 L 19
21 1 U -1
22 1 U 9
23 0 U 19
24 1 U 16
25 0 U 2
26 0 L 18
27 0 U 8
28 0 U -1
29 0 L 5
30 1 L -1
31 1 L 22
32 0 L 6
33 0 U 19
34 0 U -1
35 1 L 11
36 1 L 3
37 0 L 7
38 1 L 36
39 0 L 15
40 1 U 6
41 0 L 8
42 0 L 26
43 0 U 27
44 1 U -1
45 0 U -1
46 0 L 35
47 0 L 17
48 0 U 15
49 1 L 6
50 1 L 2
51 0 L 12
52 1 L 41
53 0 L 40
54 1 L 50
55 0 U 48
56 0 L 54
57 1 L 51
58 1 L -1
59 0 L 37
60 0 L 11
61 0 L 33
62 1 L 50
63 1 L 46
64 1 L 54
65 0 U 5
66 0 U -1
67 1 L 58
68 0 L 31
69 0 U 66
70 1 U 22
71 0 L 27
72 1 U 69
73 0 L 26
74 0 L 39
75 1 L 9
76 0 U 27
77 1 L 55
78 0 L 73
79 1 L 68
80 0 L 75
81 0 L 52
82 0 U 77
83 0 L 71
84 0 L 22
85 0 L 32
86 0 L 5
87 0 L -1
88 0 U 40
89 0 U 0
90 0 L 24
91
0 0 L -1
1 0 U -1
2 1 U -1
3 0 U 1
4 0 U -1
5 1 U -1
6 1 U -1
7 0 L 4
8 0 U -1
9 1 U 6
10 0 U -1
11 1 L -1
12 0 U 2
13 0 U 1
14 0 U -1
15 1 L 8
16 1 U 10
17 1 L 6
18 1 L 11
19 1 L 7
20 0 L 19
21 1 U -1
22 1 U 9
23 0 U 19
24 1 U 16
25 0 U 14
26 1 L 18
27 1 U 8
28 0 U -1
29 1 L 5
30 1 L -1
31 1 L 22
32 1 L 6
33 0 U 19
34 0 U -1
35 1 L 11
36 1 L 3
37 0 L 7
38 1 L 36
39 0 L 15
40 1 U 34
41 0 L 8
42 1 L 26
43 0 U 24
44 1 U -1
45 0 U -1
46 0 L 35
47 0 L 17
48 0 U 15
49 0 L 8
50 1 L 2
51 0 L 12
52 1 L 41
53 0 L 40
54 1 L 50
55 0 U 48
56 1 L 54
57 1 L 51
58 1 L -1
59 0 L 37
60 0 L 35
61 0 L 33
62 0 L 50
63 0 L 46
64 1 L 54
65 0 U 5
66 0 U -1
67 1 L 58
68 0 L 31
69 0 U 66
70 1 U 22
71 1 L 27
72 1 U 69
73 0 L 50
74 0 L 39
75 1 L 9
76 0 U 7
77 0 L 55
78 0 L 73
79 0 L 68
80 1 L 75
81 0 L 52
82 1 U 77
83 0 L 71
84 0 L 22
85 0 L 32
86 1 L 5
87 1 L -1
88 0 U 24
89 0 U 0
90 0 L 31
91
0 0 L -1
1 0 U -1
2 1 U -1
3 0 U -1
4 0 U -1
5 1 U -1
6 1 U -1
7 0 L 4
8 0 U -1
9 1 U 6
10 0 U -1
11 1 L -1
12 0 U -1
13 0 U 1
14 0 U -1
15 1 L 8
16 1 U 14
17 1 L 6
18 1 L 11
19 1 L 7
20 0 L 19
21 1 U -1
22 1 U 9
23 0 U 19
24 1 U 18
25 0 U 14
26 1 L 18
27 1 U 8
28 1 U -1
29 1 L 7
30 1 L -1
31 1 L 22
32 0 L 6
33 0 U 19
34 0 U -1
35 1 L 11
36 1 L 3
37 0 L 7
38 1 L 36
39 0 L 12
40 1 U 34
41 0 L 17
42 1 L 26
43 0 U 24
44 1 U -1
45 1 U -1
46 0 L 35
47 0 L 17
48 0 U 15
49 1 L 8
50 1 L 2
51 1 L 12
52 1 L 41
53 0 L 40
54 1 L 50
55 0 U 48
56 1 L 54
57 0 L 51
58 1 L -1
59 0 L 37
60 0 L 35
61 0 L 6
62 0 L 50
63 1 L 46
64 0 L 54
65 0 U 8
66 1 U -1
67 1 L 58
68 0 L 31
69 0 U 44
70 1 U 22
71 1 L 27
72 1 U 69
73 0 L 50
74 0 L 39
75 1 L 9
76 0 U 39
77 0 L 55
78 0 L 73
79 0 L 68
80 1 L 75
81 0 L 52
82 0 U 77
83 0 L 71
84 1 L 14
85 0 L 32
86 0 L 5
87 0 L -1
88 0 U 24
89 0 U 0
90 0 L 31
91
0 0 U -1
1 0 U -1
2 1 U -1
3 0 U 1
4 0 U -1
5 1 U -1
6 1 U -1
7 0 L 4
8 0 U -1
9 1 U 6
10 0 U -1
11 1 L -1
12 0 U -1
13 0 U 1
14 0 U -1
15 1 L 8
16 1 U 0
17 1 L 6
18 0 L 11
19 1 L 7
20 0 L 19
21 1 U -1
22 1 U 18
23 0 U 19
24 1 U 21
25 0 U 0
26 0 L 18
27 1 U 8
28 0 U -1
29 0 L 7
30 0 L -1
31 0 L 22
32 0 L 6
33 0 U 19
34 0 U -1
35 1 L 11
36 1 L 3
37 0 L 7
38 1 L 36
39 0 L 12
40 1 U 34
41 0 L 17
42 1 L 26
43 0 U 35
44 1 U -1
45 1 U -1
46 0 L 35
47 0 L 32
48 0 U 15
49 1 L 36
50 1 L 2
51 0 L 12
52 1 L 41
53 0 L 40
54 1 L 50
55 0 U 48
56 0 L 54
57 1 L 51
58 1 L -1
59 0 L 37
60 0 L 35
61 0 L 6
62 1 L 50
63 0 L 2
64 0 L 61
65 0 U 8
66 1 L -1
67 1 L 58
68 0 L 31
69 0 U 45
70 1 U 22
71 1 L 27
72 0 U 69
73 0 L 50
74 0 L 39
75 1 L 9
76 0 U 25
77 0 L 55
78 0 L 73
79 1 L 68
80 0 L 75
81 0 L 52
82 1 U 77
83 0 L 71
84 1 L 14
85 0 L 32
86 0 L 78
87 0 L -1
88 0 U 3
89 0 U 0
90 1 L 31
91
0 0 L -1
1 0 U -1
2 0 U -1
3 0 U -1
4 0 U -1
5 1 U -1
6 1 U -1
7 0 L 4
8 0 U -1
9 1 U 6
10 0 U -1
11 1 L -1
12 0 U -1
13 0 U 1
14 1 U -1
15 1 L 8
16 0 U -1
17 1 L 6
18 0 L 11
19 1 L 7
20 0 L 19
21 1 U -1
22 1 U 18
23 0 U 19
24 1 U 13
25 0 U 0
26 1 L 18
27 0 U 8
28 0 U -1
29 1 L 7
30 1 L -1
31 0 L 22
32 0 L 6
33 0 U 19
34 1 U -1
35 0 L 11
36 1 L 3
37 0 L 7
38 0 L 36
39 0 L 12
40 1 U 34
41 0 L 17
42 1 L 26
43 0 U 39
44 0 U -1
45 0 U -1
46 1 L 35
47 0 L 32
48 0 U 15
49 0 L 18
50 1 L 2
51 0 L 12
52 1 L 47
53 0 L 40
54 1 L 50
55 0 U 47
56 0 L 54
57 0 L 51
58 1 L -1
59 0 L 37
60 0 L 18
61 0 L 6
62 1 L 50
63 1 L 2
64 1 L 61
65 0 U 8
66 1 U -1
67 1 L 58
68 0 L 31
69 0 U 45
70 1 U 22
71 1 L 27
72 1 U 69
73 0 L 50
74 0 L 51
75 1 L 9
76 1 U 35
77 1 L 55
78 1 L 73
79 0 L 68
80 0 L 75
81 0 L -1
82 0 U 79
83 0 L 68
84 1 L 74
85 0 L 32
86 0 L 78
87 0 L -1
88 1 L 35
89 0 U 66
90 1 L 31
91
0 0 U -1
1 0 U -1
2 0 U -1
3 0 U -1
4 0 U -1
5 1 U -1
6 1 U -1
7 1 L 4
8 0 U -1
9 1 U 6
10 0 U -1
11 1 L -1
12 0 U 0
13 0 U 1
14 1 U -1
15 1 L 8
16 1 U -1
17 1 L 6
18 0 L 11
19 1 L 7
20 0 L 19
21 1 U -1
22 1 U 3
23 0 U 19
24 1 U 13
25 0 U 0
26 0 L 18
27 1 U 8
28 0 L 13
29 1 L 26
30 1 U -1
31 0 L 22
32 0 L 6
33 0 U 19
34 0 U -1
35 0 L 11
36 0 L 3
37 0 L 7
38 0 L 36
39 0 L 12
40 1 U 34
41 0 L 17
42 0 L 40
43 0 U 39
44 1 L -1
45 1 U -1
46 1 L 35
47 0 L 32
48 0 U 15
49 1 L 18
50 1 L 2
51 0 L 12
52 1 L 47
53 0 L 40
54 1 L 50
55 0 U 23
56 1 L 54
57 1 L 51
58 1 L -1
59 1 L 37
60 0 L 35
61 0 L 6
62 1 L 5
63 1 L 2
64 1 L 61
65 0 U 8
66 1 U -1
67 1 L 58
68 0 L 31
69 0 U 2
70 1 U 22
71 1 L 27
72 0 U 69
73 1 L 50
74 1 L 51
75 1 L 9
76 1 U 11
77 1 L 55
78 0 L 73
79 0 L 68
80 0 L 75
81 0 L 14
82 0 U 79
83 0 L 68
84 1 L 74
85 0 L 32
86 1 L 78
87 0 L -1
88 1 L 35
89 0 U 66
90 1 L 24
91
0 0 L -1
1 0 U -1
2 1 U -1
3 0 U -1
4 0 U -1
5 1 U -1
6 1 U -1
7 0 L 4
8 0 U -1
9 1 U 6
10 0 U -1
11 1 L -1
12 0 U 0
13 0 U 1
14 1 U -1
15 1 L 8
16 1 U 1
17 1 L 6
18 1 L 11
19 1 L 7
20 0 L 19
21 1 U -1
22 1 U 3
23 0 U 19
24 1 U 13
25 0 U 10
26 0 L 18
27 1 U 8
28 1 L 13
29 1 L 12
30 0 U -1
31 0 L 22
32 0 L 6
33 0 U 25
34 0 U -1
35 1 L 11
36 0 L 3
37 0 L 7
38 0 L 36
39 0 L 12
40 1 U 4
41 0 L 17
42 1 L 40
43 0 U 24
44 1 L -1
45 1 U -1
46 1 L 35
47 0 L 32
48 0 U 15
49 0 L 44
50 1 L 2
51 0 L 12
52 1 L 31
53 0 L 40
54 0 L 3
55 0 U 23
56 0 L 54
57 1 L 51
58 1 L -1
59 0 L 37
60 0 L 35
61 1 L 6
62 0 L 5
63 0 L 60
64 1 L 5
65 0 U 42
66 1 U -1
67 1 L 58
68 0 L 31
69 0 U 2
70 1 U 22
71 1 L 27
72 1 U 69
73 1 L 50
74 1 L 51
75 1 L 9
76 0 U 11
77 1 L 55
78 1 L 73
79 0 L 68
80 1 L 75
81 0 L 14
82 0 U 60
83 0 L 68
84 1 L 74
85 0 L 32
86 1 L 78
87 1 L -1
88 0 L 35
89 0 U 66
90 1 L 42
91
0 0 L -1
1 0 U -1
2 0 U -1
3 0 U -1
4 0 U -1
5 1 U -1
6 1 U -1
7 0 L 4
8 0 U -1
9 1 U 6
10 0 U -1
11 1 L -1
12 0 U 0
13 0 U 1
14 1 U -1
15 1 L 8
16 0 U -1
17 1 L 6
18 0 L 11
19 1 L 7
20 0 L 19
21 0 U -1
22 1 U 3
23 0 U 19
24 1 U 13
25 0 U 10
26 0 L 18
27 1 U 8
28 0 L 13
29 0 L 7
30 0 U -1
31 0 L 22
32 0 L 6
33 0 U 25
34 0 U -1
35 1 L 11
36 0 L 3
37 1 L 7
38 0 L 36
39 0 L 26
40 1 U 4
41 0 L 17
42 1 L 40
43 0 U 24
44 0 L -1
45 0 U -1
46 1 L 35
47 0 L 32
48 0 U 20
49 1 L 44
50 1 L 2
51 0 L 12
52 0 L 31
53 0 L 27
54 0 L 3
55 0 U 23
56 1 L 54
57 1 L 51
58 1 L -1
59 0 L 37
60 0 L 35
61 0 L 6
62 1 L 42
63 0 L 32
64 1 L 5
65 0 U 42
66 1 U -1
67 1 L 58
68 0 L 31
69 0 U 10
70 1 U 22
71 1 L 27
72 0 U 69
73 1 L 50
74 0 L 51
75 1 L 9
76 0 U 11
77 1 L 55
78 1 L 73
79 0 L 25
80 1 L 75
81 1 L 75
82 0 U 58
83 1 L 68
84 1 L 74
85 0 L 32
86 1 L 78
87 0 L 58
88 0 L 60
89 0 U 66
90 1 L -1
91
0 0 U -1
1 0 U -1
2 1 U -1
3 0 U -1
4 0 U -1
5 1 U -1
6 1 U -1
7 1 L 4
8 0 U -1
9 1 U 6
10 0 U -1
11 1 L -1
12 0 U 1
13 0 U 1
14 1 U -1
15 1 L 8
16 0 U -1
17 1 L 6
18 0 L 11
19 1 L 7
20 0 L 19
21 0 U -1
22 1 U 3
23 0 U 19
24 1 U 13
25 0 U 10
26 0 L 18
27 1 U 4
28 1 L 14
29 1 L 7
30 1 U -1
31 0 L 22
32 0 L 6
33 0 U 25
34 0 U -1
35 1 L 11
36 0 L 3
37 1 L 7
38 0 L 36
39 0 L 26
40 1 U 34
41 0 L 8
42 0 L 40
43 0 U 28
44 0 L -1
45 1 U -1
46 1 L 35
47 0 L 32
48 0 U 26
49 1 L 44
50 1 L 2
51 0 L 12
52 0 L 31
53 0 L 27
54 0 L 3
55 0 U 23
56 1 L 54
57 0 L 51
58 1 L -1
59 1 L 37
60 0 L 35
61 0 L 6
62 1 L 42
63 0 L 32
64 1 L 12
65 0 U 4
66 1 U -1
67 1 L 58
68 0 L 31
69 1 U 10
70 1 U 22
71 1 L 27
72 1 U 69
73 1 L 50
74 1 L 51
75 1 L 9
76 0 U 40
77 1 L 55
78 1 L 73
79 1 L 25
80 0 L 75
81 0 L 75
82 0 U 58
83 1 L 68
84 1 L 51
85 0 L 32
86 1 L 78
87 0 L 58
88 1 L 60
89 0 U 66
90 1 L -1
91
0 0 L -1
1 0 U -1
2 1 U -1
3 0 U -1
4 0 U -1
5 1 U -1
6 1 U -1
7 0 L 4
8 0 U -1
9 1 U 6
10 0 U -1
11 1 L -1
12 0 U -1
13 0 U 1
14 1 U -1
15 1 L 8
16 0 U -1
17 1 L 6
18 0 L 11
19 1 L 7
20 0 L 19
21 1 U -1
22 1 U 3
23 0 U 19
24 1 U 13
25 0 U 10
26 0 L 18
27 0 U 8
28 0 L 15
29 1 L 5
30 0 U -1
31 0 L 22
32 0 L 6
33 0 U 25
34 1 U -1
35 1 L 11
36 0 L 3
37 1 L 7
38 0 L 36
39 0 L 26
40 1 U 34
41 0 L 8
42 0 L 40
43 0 U 28
44 0 L -1
45 1 U -1
46 1 L 35
47 0 L 32
48 0 U 26
49 1 L 44
50 1 L 2
51 0 L 12
52 0 L 31
53 0 L 27
54 1 L 50
55 0 U 33
56 1 L 39
57 1 L 51
58 1 L -1
59 0 L 37
60 0 L 2
61 1 L 6
62 1 L 42
63 0 L 3
64 1 L 12
65 0 U 2
66 1 U -1
67 0 L 58
68 0 L 31
69 0 U 10
70 0 L 22
71 1 L 27
72 1 U 69
73 0 L 3
74 1 L 51
75 1 L 9
76 0 U 40
77 1 L 55
78 0 L 73
79 1 L 25
80 1 L 75
81 0 L 75
82 0 U 56
83 0 L 68
84 0 L 51
85 0 L 32
86 0 L 78
87 0 L 58
88 1 L 60
89 0 U 30
90 0 L -1
91
0 0 L -1
1 0 U -1
2 1 U -1
3 0 U -1
4 0 U -1
5 1 U -1
6 1 U -1
7 0 L 4
8 0 U -1
9 1 U 6
10 0 U -1
11 1 L -1
12 0 U 1
13 0 U 1
14 1 U -1
15 1 L 8
16 0 U -1
17 1 L 6
18 1 L 11
19 1 L 7
20 1 L 19
21 0 U -1
22 1 U 3
23 0 U 19
24 1 U 21
25 0 U 10
26 0 L 18
27 1 U 5
28 0 L 15
29 0 L 5
30 1 U -1
31 0 L 22
32 0 L 6
33 0 U 25
34 1 U -1
35 0 L 11
36 0 L 3
37 0 L 7
38 0 L 36
39 0 L 26
40 1 U 34
41 0 L 17
42 0 L 40
43 0 U 35
44 1 L -1
45 1 U -1
46 1 L 35
47 0 L 32
48 0 U 26
49 0 L 44
50 1 L 2
51 0 L 12
52 0 L 31
53 0 L 27
54 1 L 50
55 0 U 33
56 1 L 4
57 1 L 51
58 1 L -1
59 0 L 51
60 1 L 2
61 1 L 6
62 1 L 25
63 0 L 50
64 1 L 12
65 0 U 2
66 1 U -1
67 0 L 58
68 0 L 31
69 0 U 10
70 0 L 22
71 1 L 27
72 1 U 69
73 0 L 3
74 0 L 51
75 1 L 9
76 0 U 40
77 1 L 55
78 0 L 73
79 0 L 25
80 1 L 75
81 0 L 67
82 0 U 56
83 0 L 68
84 0 L 42
85 0 L 32
86 0 L 78
87 1 L 58
88 1 L 60
89 1 U 30
90 0 L -1
91
0 0 L -1
1 0 U -1
2 0 U -1
3 0 U -1
4 0 U -1
5 1 U -1
6 1 U -1
7 0 L 4
8 0 U -1
9 1 U 6
10 0 U -1
11 1 L -1
12 0 U 1
13 0 U 1
14 1 L -1
15 1 L 8
16 0 U -1
17 1 L 6
18 1 L 11
19 1 L 7
20 0 L 19
21 0 U -1
22 1 U 4
23 0 U 19
24 1 U 21
25 0 U 10
26 0 L 18
27 1 U 8
28 1 L 12
29 0 L 5
30 1 U -1
31 0 L 22
32 0 L 6
33 0 U 25
34 1 U -1
35 0 L 11
36 0 L 3
37 0 L 7
38 0 L 36
39 0 L 26
40 1 U 34
41 0 L 17
42 0 L 40
43 0 U 35
44 1 L -1
45 1 U -1
46 1 L 35
47 0 L 32
48 0 U 26
49 1 L 17
50 1 L 2
51 0 L 12
52 0 L 44
53 0 L 27
54 1 L 50
55 0 U 33
56 0 L 4
57 1 L 51
58 0 L -1
59 0 L 51
60 1 L 2
61 0 L 6
62 1 L 25
63 1 L 50
64 1 L 47
65 0 U 45
66 1 U -1
67 0 L 58
68 0 L 31
69 0 U 10
70 1 L 22
71 1 L 27
72 0 U 69
73 1 L 3
74 0 L 51
75 1 L 9
76 1 U 40
77 1 L 55
78 0 L 73
79 0 L 25
80 0 L 75
81 0 L 68
82 0 U 56
83 0 L 70
84 0 L 42
85 0 L 32
86 0 L 78
87 0 L 58
88 0 L 37
89 1 U 30
90 0 L -1
91
0 0 L -1
1 0 U -1
2 1 U -1
3 0 U -1
4 0 U -1
5 1 U -1
6 1 U -1
7 0 L 4
8 0 U -1
9 1 U 6
10 0 U -1
11 1 L -1
12 0 U 1
13 0 U 1
14 1 L -1
15 1 L 8
16 0 U -1
17 1 L 6
18 1 L 11
19 1 L 7
20 0 L 19
21 0 U -1
22 1 U 9
23 0 U 19
24 0 U 21
25 0 U 2
26 0 L 18
27 1 U 8
28 1 L 15
29 1 L 5
30 0 U -1
31 1 L 22
32 0 L 6
33 0 U 25
34 1 U -1
35 0 L 11
36 0 L 3
37 1 L 7
38 0 L 36
39 0 L 26
40 1 L 34
41 0 L 17
42 0 L 40
43 0 U 35
44 1 L -1
45 0 U -1
46 1 L 35
47 0 L 32
48 0 U 36
49 0 L 17
50 1 L 2
51 0 L 12
52 0 L 44
53 0 L 27
54 0 L 50
55 0 U 46
56 1 L 4
57 1 L 51
58 0 L -1
59 0 L 51
60 1 L 2
61 1 U 6
62 1 L 6
63 0 L 19
64 1 L 47
65 0 U 45
66 1 U -1
67 0 L 58
68 1 L 31
69 0 U 45
70 1 L 22
71 1 L 27
72 0 U 69
73 1 L 3
74 1 L 51
75 1 L 9
76 1 U 17
77 1 L 55
78 0 L 73
79 0 L 25
80 0 L 75
81 0 L 23
82 0 U 62
83 0 L 2
84 0 L 42
85 0 L 32
86 0 L 78
87 0 L 44
88 1 L 37
89 0 U 30
90 1 L -1
91
0 0 L -1
1 0 U -1
2 1 U -1
3 0 U -1
4 0 U 1
5 1 U -1
6 1 U -1
7 0 L 4
8 0 U -1
9 1 U 5
10 0 U -1
11 1 L -1
12 0 U 1
13 0 U 1
14 1 U -1
15 1 L 8
16 0 U -1
17 1 L 6
18 1 L 11
19 1 L 7
20 0 L 19
21 0 U -1
22 1 U 9
23 0 U 19
24 0 U 21
25 0 U 2
26 1 L 18
27 1 U 21
28 0 L 15
29 0 L 7
30 0 U -1
31 1 L 22
32 0 L 6
33 0 U 25
34 0 U -1
35 0 L 11
36 0 L 3
37 1 L 7
38 0 L 36
39 0 L 26
40 1 L 34
41 0 L 17
42 0 L 40
43 0 U 35
44 1 L -1
45 0 U -1
46 1 L 35
47 0 L 17
48 0 U 19
49 0 L 17
50 1 L 2
51 0 L 12
52 0 L 44
53 0 L 27
54 1 L 50
55 0 U 46
56 1 L 54
57 0 L 51
58 0 L -1
59 0 L 51
60 1 L 2
61 1 U 34
62 0 L 6
63 1 L 19
64 1 L 47
65 0 U 45
66 1 U -1
67 0 L 58
68 1 L 31
69 0 U 45
70 0 L 22
71 1 L 68
72 1 U 69
73 1 L 3
74 1 L 51
75 1 L 9
76 0 U 17
77 1 L 55
78 0 L 73
79 0 L 25
80 0 L 75
81 0 L 23
82 0 U 62
83 0 L -1
84 1 L 42
85 0 L 32
86 0 L 78
87 0 L 44
88 1 L 75
89 0 U 30
90 1 L -1
91
0 0 U -1
1 0 U -1
2 0 U -1
3 0 U -1
4 0 U 1
5 1 U -1
6 1 U -1
7 1 L 4
8 0 U -1
9 1 U 5
10 0 U -1
11 1 L -1
12 0 U 0
13 0 U 1
14 1 U -1
15 1 L 8
16 0 U -1
17 1 L 6
18 1 L 11
19 1 L 7
20 0 L 19
21 0 U -1
22 1 U 9
23 0 U 19
24 0 U 21
25 0 U 0
26 1 L 18
27 1 U 21
28 0 L 15
29 0 L 7
30 0 U -1
31 1 L 22
32 0 L 6
33 0 U 25
34 1 U -1
35 1 L 11
36 0 L 3
37 1 L 7
38 0 L 36
39 0 L 26
40 1 L 34
41 0 L 17
42 0 L 40
43 0 U 35
44 1 L -1
45 1 U -1
46 1 L 35
47 0 L 32
48 0 U 28
49 1 L 17
50 1 L 2
51 0 L 12
52 0 L 44
53 0 L 27
54 1 L 50
55 0 U 46
56 0 L 54
57 0 L 51
58 1 L -1
59 0 L 51
60 0 L 2
61 1 U 34
62 0 L 6
63 1 L 19
64 1 L 47
65 0 U 45
66 1 U -1
67 0 L 58
68 1 L 31
69 1 U 45
70 1 L 22
71 1 L 68
72 1 U 69
73 1 L 3
74 0 L 51
75 1 L 49
76 0 U 17
77 1 L 55
78 0 L 73
79 0 L 25
80 1 L 75
81 0 L 23
82 0 U 62
83 0 L 37
84 0 L 42
85 0 L 32
86 0 L 78
87 1 L 44
88 1 L 85
89 0 U 30
90 0 L -1
91
0 0 L -1
1 0 U -1
2 1 U -1
3 0 U -1
4 0 U 0
5 1 U -1
6 1 U -1
7 1 L 4
8 0 U -1
9 1 U 5
10 0 U -1
11 0 L -1
12 0 U 0
13 0 U 1
14 1 U -1
15 1 L 8
16 0 U -1
17 1 L 6
18 1 L 11
19 1 L 7
20 0 L 19
21 0 U -1
22 1 U 9
23 0 U 19
24 0 U 21
25 0 U 0
26 1 L 18
27 1 U 21
28 0 L 15
29 0 L 7
30 1 U -1
31 1 L 22
32 0 L 6
33 0 U 25
34 1 U -1
35 1 L 11
36 0 L 3
37 1 L 7
38 0 L 36
39 1 L 26
40 1 L 34
41 0 L 8
42 0 L 40
43 0 U 35
44 0 L -1
45 1 U -1
46 1 L 35
47 0 L 32
48 0 U 36
49 1 L 17
50 0 L 2
51 0 L 12
52 0 L 44
53 0 L 27
54 0 L 50
55 0 U 46
56 0 L 54
57 0 L 51
58 0 L -1
59 0 L 51
60 1 L 2
61 0 U 34
62 0 L 6
63 0 L 19
64 1 L 47
65 0 U 45
66 1 L -1
67 0 L 58
68 1 L 31
69 1 U 45
70 0 L 59
71 1 L 68
72 0 U 69
73 1 L 3
74 0 L 51
75 1 L 49
76 0 U 17
77 1 L 55
78 1 L 73
79 0 L 31
80 0 L 75
81 0 L 23
82 0 U 62
83 0 L 37
84 0 L 42
85 0 L 32
86 0 L 78
87 1 L 44
88 1 L 85
89 1 U 30
90 1 L -1
91
0 0 U -1
1 0 U -1
2 1 U -1
3 0 U -1
4 0 U 1
5 1 U -1
6 1 U -1
7 0 L 4
8 0 U -1
9 1 U 5
10 0 U -1
11 0 L -1
12 0 U 0
13 0 U 1
14 1 U -1
15 1 L 8
16 0 U -1
17 1 L 6
18 1 L 11
19 1 L 7
20 0 L 19
21 0 U -1
22 1 U 21
23 0 U 19
24 0 U 21
25 0 U 0
26 1 L 18
27 0 U 21
28 1 L 15
29 0 L 7
30 0 U -1
31 0 L 22
32 0 L 6
33 0 U 19
34 0 U -1
35 0 L 11
36 0 L 3
37 0 L 7
38 0 L 36
39 1 L 26
40 1 L 34
41 0 L 8
42 0 L 40
43 0 U 28
44 0 L -1
45 0 U -1
46 1 L 35
47 0 L 32
48 0 U 36
49 1 L 17
50 1 L 2
51 0 L 12
52 0 L 44
53 1 L 27
54 1 L 50
55 0 U 46
56 1 L 54
57 0 L 51
58 1 L -1
59 0 L 51
60 0 L 46
61 0 U 34
62 1 L 6
63 1 L 29
64 1 L 14
65 0 U 6
66 1 L -1
67 0 L 58
68 1 L 31
69 1 U 45
70 0 L 59
71 1 L 68
72 0 U 69
73 1 L 3
74 0 L 53
75 1 L 49
76 0 U 17
77 1 L 55
78 1 L 73
79 0 L 31
80 1 L 75
81 0 L 23
82 0 U 62
83 0 L 80
84 1 L 42
85 0 L 32
86 0 L 78
87 0 L 44
88 1 L 85
89 0 U 30
90 1 U -1
91
0 0 U -1
1 0 U -1
2 1 U -1
3 0 U -1
4 0 U 2
5 1 U -1
6 1 U -1
7 0 L 4
8 0 U -1
9 1 U 5
10 0 U -1
11 0 L -1
12 0 U 0
13 0 U 1
14 1 U -1
15 1 L 8
16 0 U -1
17 1 L 6
18 1 L 11
19 1 L 7
20 0 L 19
21 0 U -1
22 1 U 21
23 0 U 19
24 0 U 21
25 0 U 0
26 0 L 18
27 1 U 21
28 1 L 15
29 1 L 7
30 0 U -1
31 0 L 22
32 0 L 6
33 0 U 19
34 0 U -1
35 0 L 11
36 0 L 3
37 0 L 7
38 0 L 36
39 0 L 26
40 1 L 34
41 0 L 8
42 0 L 40
43 0 U 35
44 0 L -1
45 1 U -1
46 1 L 35
47 0 L 32
48 0 U 36
49 1 L 17
50 1 L 2
51 0 L 12
52 0 L 44
53 0 L 27
54 1 L 50
55 0 U 46
56 0 L 54
57 0 L 51
58 0 L -1
59 1 L 51
60 0 L 46
61 1 U 34
62 0 L 6
63 0 L 31
64 0 L 50
65 0 U 21
66 1 L -1
67 0 L 58
68 1 L 31
69 1 U 45
70 1 L 59
71 1 L 68
72 1 U 69
73 1 L 60
74 1 L 53
75 1 L 49
76 1 U 7
77 1 L 55
78 0 L 73
79 0 L 29
80 1 L 75
81 0 L 23
82 0 U 62
83 1 L 80
84 1 L 42
85 0 L 17
86 0 L 5
87 1 L 44
88 1 L 85
89 0 U 30
90 1 L -1
91
0 0 L -1
1 0 U -1
2 0 U -1
3 0 U -1
4 0 U 0
5 1 U -1
6 1 U -1
7 1 L 4
8 0 U -1
9 1 U 5
10 0 U -1
11 0 L -1
12 0 U 1
13 0 U 1
14 1 U -1
15 1 L 8
16 0 U -1
17 1 L 6
18 0 L 11
19 1 L 7
20 0 L 19
21 0 U -1
22 1 U 21
23 0 U 19
24 0 U 12
25 0 U 0
26 1 L 18
27 1 U 8
28 1 L 15
29 0 L 7
30 1 U -1
31 1 L 22
32 0 L 6
33 0 U 19
34 0 U -1
35 1 L 11
36 0 L 3
37 0 L 7
38 0 L 36
39 0 L 26
40 1 L 34
41 0 L 8
42 0 L 40
43 0 U 35
44 0 L -1
45 1 U -1
46 1 L 35
47 0 L 32
48 0 U 20
49 1 L 17
50 1 L 2
51 0 L 12
52 0 L 44
53 0 L 27
54 1 L 50
55 0 U 46
56 0 L 54
57 0 L 51
58 0 L -1
59 0 L 28
60 0 L 46
61 1 U 34
62 0 L 6
63 1 L 55
64 1 L 50
65 0 U 34
66 1 L -1
67 0 L 58
68 1 L 31
69 1 U 45
70 0 L 59
71 1 L 68
72 1 U 69
73 1 L 60
74 1 L 53
75 1 L 49
76 1 U 25
77 1 L 55
78 1 L 73
79 0 L 37
80 1 L 75
81 1 L 70
82 0 U 62
83 1 L 80
84 1 L 42
85 0 L 17
86 0 L 5
87 1 L 44
88 0 L 31
89 0 U 30
90 1 L -1
91
0 0 U -1
1 0 U -1
2 0 U -1
3 0 U -1
4 0 U 1
5 1 U -1
6 1 U -1
7 0 L 4
8 0 U -1
9 1 U 5
10 0 U -1
11 0 L -1
12 0 U 1
13 0 U 1
14 1 U -1
15 1 L 8
16 0 U -1
17 1 L 6
18 0 L 11
19 1 L 7
20 0 L 19
21 0 U -1
22 1 U 21
23 0 U 19
24 0 U 21
25 0 U 10
26 1 L 18
27 1 U 8
28 0 L 15
29 1 L 7
30 1 U -1
31 1 L 22
32 0 L 6
33 0 U 19
34 0 U -1
35 1 L 11
36 1 L 3
37 1 L 7
38 1 L 36
39 1 L 26
40 0 L 34
41 0 L 8
42 1 L 40
43 0 U 35
44 0 L -1
45 1 U -1
46 1 L 35
47 0 L 32
48 0 U 20
49 1 L 32
50 1 L 2
51 1 L 12
52 0 L 44
53 1 L 27
54 1 L 50
55 0 U 33
56 0 L 54
57 0 L 51
58 0 L -1
59 0 L 28
60 0 L 46
61 1 U 8
62 0 L 6
63 1 L 6
64 1 L 50
65 0 U 5
66 0 L -1
67 0 L 58
68 1 L 31
69 1 U 45
70 1 L 59
71 1 L 68
72 1 U 69
73 1 L 60
74 0 L 53
75 1 L 49
76 1 U 25
77 1 L 55
78 0 L 73
79 0 L 37
80 0 L 75
81 1 L 70
82 0 U 62
83 1 L 80
84 1 L 42
85 0 L 32
86 0 L 7
87 0 L 44
88 1 L 31
89 0 U 30
90 1 L 81
91
0 0 L -1
1 0 U -1
2 1 U -1
3 0 U -1
4 0 U 0
5 1 U -1
6 1 U -1
7 1 L 4
8 0 U -1
9 1 U 5
10 0 U -1
11 0 L -1
12 0 U 1
13 0 U 1
14 1 U -1
15 1 L 8
16 0 U -1
17 1 L 6
18 1 L 11
19 1 L 7
20 0 L 19
21 0 U -1
22 1 U 21
23 0 U 19
24 0 U 21
25 0 U 2
26 1 L 18
27 1 U 8
28 1 L 15
29 1 L 7
30 0 U -1
31 1 L 22
32 0 L 29
33 0 U 19
34 0 U -1
35 0 L 11
36 0 L 3
37 0 L 7
38 0 L 36
39 0 L 26
40 1 L 34
41 0 L 8
42 0 L 40
43 0 U 35
44 0 L -1
45 1 U -1
46 1 L 35
47 0 L 20
48 0 U 20
49 0 L 32
50 1 L 2
51 0 L 15
52 0 L 44
53 0 L 27
54 1 L 50
55 0 U 44
56 1 L 54
57 0 L 51
58 1 L -1
59 1 L 28
60 0 L 46
61 1 U 8
62 0 L 6
63 1 L 6
64 1 L 50
65 0 U 6
66 0 L -1
67 0 L 58
68 1 L 31
69 1 U 45
70 1 L 57
71 1 L 27
72 1 U 69
73 1 L 3
74 0 L 53
75 1 L 49
76 1 U 25
77 1 L 55
78 1 L 73
79 1 L 75
80 0 L 75
81 1 L 70
82 0 U 62
83 0 L 80
84 1 L 42
85 0 L 32
86 0 L 7
87 0 L 44
88 1 L 31
89 0 U 30
90 1 L 81
91
0 0 L -1
1 0 U -1
2 1 U -1
3 0 U -1
4 0 U 2
5 1 U -1
6 1 U -1
7 1 L 4
8 0 U -1
9 0 U 5
10 1 U -1
11 0 L -1
12 1 U 0
13 0 U 1
14 1 U -1
15 1 L 8
16 0 U -1
17 1 L 6
18 0 L 11
19 1 L 7
20 0 L 19
21 0 U -1
22 1 U 21
23 0 U 19
24 0 U 21
25 0 U 2
26 1 L 18
27 1 U 8
28 0 L 15
29 1 L 7
30 0 U -1
31 1 L 22
32 0 L 29
33 0 U 19
34 1 U -1
35 1 L 11
36 1 L 3
37 0 L 7
38 1 L 36
39 1 L 26
40 0 L 34
41 0 L 8
42 1 L 40
43 0 U 35
44 0 L -1
45 1 U -1
46 1 L 35
47 0 L 20
48 0 U 20
49 1 L 32
50 1 L 2
51 1 L 15
52 0 L 44
53 0 L 27
54 1 L 50
55 0 U 44
56 0 L 54
57 1 L 51
58 1 L -1
59 0 L 28
60 0 L 46
61 1 U 8
62 0 L 6
63 1 L 6
64 1 L 50
65 0 U 6
66 0 L -1
67 0 L 58
68 1 L 31
69 1 U 45
70 1 L 57
71 1 L 27
72 1 U 69
73 1 L 3
74 0 L 16
75 1 L 49
76 1 U 25
77 1 L 55
78 0 L 73
79 1 L 75
80 0 L 75
81 1 L 70
82 0 U 62
83 0 L 37
84 0 L 42
85 0 L 32
86 0 L 7
87 1 L 44
88 0 L 31
89 0 U 30
90 1 L 81
91
0 0 U -1
1 0 U -1
2 1 U -1
3 0 U -1
4 0 U 2
5 1 U -1
6 1 U -1
7 1 L 4
8 0 U -1
9 0 U 5
10 1 U -1
11 0 L -1
12 1 U 0
13 0 U 1
14 1 U -1
15 1 L 8
16 0 U -1
17 1 L 6
18 1 L 11
19 1 L 7
20 0 L 19
21 1 U -1
22 1 U 12
23 0 U 19
24 0 U 21
25 0 U 2
26 1 L 18
27 0 U 6
28 1 L 15
29 1 L 7
30 1 U -1
31 1 L 22
32 0 L 29
33 0 U 19
34 1 U -1
35 0 L 11
36 1 L 3
37 0 L 7
38 1 L 36
39 1 L 26
40 1 L 34
41 0 L 20
42 1 L 40
43 0 U 25
44 0 L -1
45 1 U -1
46 1 L 35
47 0 L 20
48 0 U 20
49 1 L 32
50 1 L 2
51 1 L 15
52 0 L 45
53 1 L 27
54 1 L 50
55 0 U 44
56 1 L 54
57 0 L 51
58 0 L -1
59 0 L 28
60 0 L 46
61 1 U 8
62 0 L 6
63 0 L 29
64 1 L 50
65 0 U 6
66 0 L -1
67 0 L 58
68 1 L 64
69 1 U 45
70 1 L 57
71 1 L 27
72 1 U 69
73 1 L 39
74 1 L 16
75 1 L 49
76 1 U 25
77 1 L 55
78 1 L 73
79 1 L 75
80 1 L 75
81 1 L 70
82 0 U 62
83 0 L 37
84 1 L 42
85 0 L 32
86 0 L 7
87 1 L 44
88 1 L 31
89 0 U 30
90 0 L 81
91
0 0 U -1
1 0 U -1
2 0 U -1
3 0 U -1
4 0 U -1
5 1 U -1
6 1 U -1
7 1 L 4
8 0 U -1
9 0 U 5
10 1 U -1
11 0 L -1
12 1 U 10
13 0 U 1
14 1 U -1
15 1 L 8
16 0 U -1
17 1 L 6
18 1 L 11
19 1 L 7
20 0 L 19
21 0 U -1
22 1 U 12
23 0 U 19
24 0 U 21
25 0 U 2
26 1 L 18
27 1 U 6
28 1 L 15
29 1 L 7
30 0 U -1
31 1 L 22
32 0 L 29
33 0 U 19
34 1 U -1
35 0 L 11
36 1 L 3
37 0 L 7
38 1 L 36
39 1 L 26
40 1 L 34
41 0 L 8
42 1 L 40
43 0 U 36
44 1 L -1
45 1 U -1
46 1 L 35
47 0 L 20
48 0 U 39
49 1 L 32
50 1 L 2
51 1 L 15
52 1 L 45
53 0 L 27
54 1 L 50
55 0 U 44
56 0 L 54
57 0 L 51
58 0 L -1
59 0 L 28
60 0 L 46
61 1 U 5
62 0 L 6
63 1 L 29
64 0 L 50
65 0 U 8
66 0 L -1
67 0 L 58
68 1 L 64
69 1 U 45
70 1 L 57
71 1 L 27
72 1 U 69
73 1 L 39
74 0 L 16
75 1 L 49
76 1 U 61
77 1 L 55
78 0 L 73
79 1 L 75
80 1 L 75
81 1 L 70
82 0 U 64
83 0 L 37
84 0 L 42
85 0 L 32
86 0 L 7
87 0 L 44
88 1 L 31
89 0 U 30
90 0 L 81
91
0 0 L -1
1 0 U -1
2 0 U -1
3 0 U -1
4 0 U -1
5 1 U -1
6 1 U -1
7 0 L 4
8 0 U -1
9 0 U 5
10 1 U -1
11 0 L -1
12 0 U 10
13 0 U 1
14 1 U -1
15 1 L 8
16 0 U -1
17 1 L 6
18 1 L 11
19 1 L 7
20 0 L 19
21 0 U -1
22 1 U 12
23 0 U 19
24 0 U 21
25 0 U 2
26 1 L 18
27 1 U 21
28 1 L 15
29 1 L 7
30 0 U -1
31 1 L 22
32 0 L 29
33 0 U 19
34 1 U -1
35 1 L 11
36 1 L 3
37 1 L 5
38 1 L 36
39 1 L 26
40 1 L 34
41 0 L 8
42 1 L 40
43 0 U 36
44 1 L -1
45 1 U -1
46 1 L 35
47 0 L 17
48 0 U 39
49 0 L 32
50 1 L 2
51 1 L 15
52 1 L 45
53 0 L 27
54 1 L 50
55 0 U 32
56 1 L 54
57 1 L 51
58 0 L -1
59 0 L 28
60 0 L 46
61 0 U 5
62 1 L 6
63 0 L 0
64 0 L 50
65 0 U 3
66 1 L -1
67 0 L 58
68 1 L 64
69 1 U 2
70 1 L 57
71 1 L 27
72 0 U 69
73 1 L 39
74 0 L 16
75 1 L 49
76 1 U 69
77 1 L 55
78 0 L 73
79 1 L 75
80 0 L 75
81 1 L 70
82 0 U 64
83 0 L 37
84 1 L 42
85 0 L 32
86 0 L 7
87 0 L 44
88 0 L 31
89 0 U 30
90 0 L 81
91
0 0 U -1
1 0 U -1
2 1 U -1
3 0 U -1
4 0 U -1
5 1 U -1
6 1 U -1
7 0 L 4
8 0 U -1
9 0 U 2
10 1 U -1
11 0 L -1
12 0 U 10
13 0 U 1
14 1 U -1
15 1 L 8
16 0 U -1
17 1 L 6
18 0 L 11
19 1 L 7
20 0 L 19
21 0 U -1
22 1 U 12
23 0 U 19
24 0 U 21
25 0 U 2
26 1 L 18
27 0 U 21
28 0 L 15
29 1 L 7
30 0 U -1
31 0 L 22
32 0 L 29
33 0 U 19
34 0 U -1
35 0 L 11
36 1 L 3
37 1 L 5
38 1 L 36
39 1 L 26
40 1 L 34
41 0 L 8
42 1 L 40
43 0 U 36
44 1 L -1
45 1 U -1
46 1 L 35
47 0 L 8
48 0 U 39
49 1 L 32
50 1 L 2
51 1 L 15
52 0 L 45
53 0 L 27
54 1 L 50
55 0 U 29
56 0 L 54
57 1 L 51
58 0 L -1
59 0 L 28
60 0 L 46
61 1 U 5
62 1 L 42
63 0 L 0
64 0 L 50
65 0 U 3
66 1 L -1
67 0 L 58
68 1 L 64
69 1 U 2
70 1 L 57
71 1 L 27
72 0 L 69
73 1 L 39
74 1 L 16
75 1 L 9
76 0 U 69
77 1 L 55
78 0 L 73
79 1 L 75
80 0 L 75
81 1 L 6
82 0 U 64
83 0 L 37
84 1 L 42
85 0 L 83
86 0 L 7
87 1 L 63
88 1 L 31
89 0 U 40
90 0 L 30
91
0 0 L -1
1 0 U -1
2 1 U -1
3 0 U -1
4 0 U -1
5 1 U -1
6 1 U -1
7 1 L 4
8 0 U -1
9 0 U 2
10 1 U -1
11 0 L -1
12 0 U 10
13 0 U 1
14 1 U -1
15 1 L 8
16 0 U -1
17 1 L 6
18 1 L 11
19 1 L 7
20 0 L 19
21 0 U -1
22 1 U 12
23 0 U 19
24 0 U 21
25 0 U 2
26 1 L 18
27 1 U 21
28 1 L 15
29 1 L 7
30 0 U -1
31 0 L 22
32 0 L 29
33 0 U 15
34 0 U -1
35 0 L 11
36 1 L 3
37 0 L 5
38 1 L 36
39 1 L 26
40 1 L 34
41 0 L 20
42 1 L 40
43 0 U 25
44 0 L -1
45 1 U -1
46 1 L 35
47 0 L 8
48 0 U 39
49 1 L 32
50 0 L 2
51 1 L 15
52 1 L 45
53 0 L 27
54 0 L 50
55 0 U 23
56 1 L 54
57 1 L 51
58 0 L -1
59 0 L 28
60 0 L 46
61 1 U 6
62 0 L 42
63 1 L 0
64 1 L 50
65 0 U 3
66 1 L -1
67 0 L 58
68 1 L 64
69 1 U 2
70 0 L 57
71 1 L 27
72 0 U 69
73 1 L 50
74 1 L 25
75 1 L 9
76 1 U 69
77 1 L 55
78 1 L 73
79 1 L 75
80 1 L 75
81 1 L 6
82 0 U 47
83 0 L 37
84 1 L 42
85 0 L 83
86 0 L 7
87 0 L 63
88 1 L 86
89 0 U 40
90 0 L 30
91
0 0 L -1
1 0 U -1
2 1 U -1
3 0 U -1
4 0 U -1
5 1 U -1
6 1 U -1
7 1 L 4
8 0 U -1
9 0 U 2
10 1 U -1
11 0 L -1
12 0 U 10
13 0 U 1
14 1 U -1
15 1 L 8
16 0 U -1
17 1 L 6
18 0 L 11
19 1 L 7
20 0 L 19
21 0 U -1
22 1 U 12
23 0 U 19
24 0 U 21
25 0 U 2
26 0 L 1
27 0 U 21
28 0 L 15
29 1 L 7
30 0 U -1
31 1 L 22
32 0 L 29
33 0 U 19
34 0 U -1
35 0 L 11
36 1 L 3
37 0 L 5
38 1 L 36
39 1 L 26
40 1 L 34
41 0 L 20
42 1 L 40
43 0 U 25
44 1 L -1
45 1 U -1
46 1 L 35
47 0 L 17
48 0 U 39
49 0 L 32
50 1 L 2
51 1 L 15
52 0 L 45
53 0 L 27
54 0 L 50
55 0 U 43
56 0 L 54
57 1 L 51
58 0 L -1
59 0 L 28
60 0 L 13
61 0 U 6
62 0 L 42
63 0 L 0
64 1 L 50
65 0 U 3
66 1 L -1
67 0 L 58
68 1 L 64
69 1 U 2
70 1 L 57
71 1 L 27
72 0 L 69
73 1 L 50
74 0 L 25
75 1 L 9
76 0 U 15
77 1 L 55
78 1 L 36
79 1 L 75
80 0 L 75
81 0 L 6
82 0 U 47
83 0 L 37
84 1 L 42
85 0 L 83
86 0 L 5
87 1 L 63
88 1 L 6
89 0 U 40
90 0 L 30
91
0 0 U -1
1 0 U -1
2 1 U -1
3 0 U -1
4 0 U -1
5 1 U -1
6 1 U -1
7 1 L 4
8 0 U -1
9 0 U 0
10 1 U -1
11 0 L 0
12 0 U 0
13 0 U 1
14 1 U -1
15 1 L 8
16 0 U -1
17 1 L 6
18 0 L 11
19 1 L 7
20 0 L 19
21 0 U -1
22 1 U 4
23 0 U 19
24 0 U 21
25 0 U 2
26 1 L 1
27 0 U 21
28 0 L 15
29 1 L 7
30 1 U -1
31 1 L 22
32 0 L 29
33 0 U 25
34 0 U -1
35 1 L 11
36 1 L 3
37 1 L 5
38 1 L 36
39 1 L 26
40 1 L 34
41 0 L 20
42 1 L 40
43 0 U 25
44 1 L -1
45 0 U -1
46 1 L 35
47 0 L 17
48 0 U 39
49 0 L 32
50 1 L 2
51 1 L 15
52 0 L 45
53 0 L 27
54 1 L 50
55 0 U 43
56 0 L 54
57 1 L 51
58 0 L -1
59 0 L 28
60 0 L 13
61 1 U 42
62 1 L 42
63 0 L 0
64 0 L 50
65 0 U 3
66 0 L -1
67 0 L 58
68 1 L 64
69 1 U 4
70 1 L 57
71 1 L 27
72 0 L 69
73 0 L 67
74 0 L 25
75 1 L 9
76 0 U 15
77 1 L 55
78 0 L 64
79 1 L 75
80 0 L 75
81 1 L 6
82 0 U 77
83 0 L 37
84 1 L 42
85 0 L 20
86 0 L 38
87 1 L 63
88 1 L 37
89 0 U 40
90 0 L 25
