68
0 0 U -1
1 0 U -1
2 0 U -1
3 0 U -1
4 0 U -1
5 0 U -1
6 0 U -1
7 0 U -1
8 0 U -1
9 0 U -1
10 0 U -1
11 0 U -1
12 0 U -1
13 0 U -1
14 0 U -1
15 0 U -1
16 0 U -1
17 0 U -1
18 0 U -1
19 0 U -1
20 0 U -1
21 0 U -1
22 0 U -1
23 0 U -1
24 0 U -1
25 0 U -1
26 0 U -1
27 0 U -1
28 0 U -1
29 0 U -1
30 0 U -1
31 0 U -1
32 0 U -1
33 0 U -1
34 0 U -1
35 0 U -1
36 0 U -1
37 0 U -1
38 0 U -1
39 0 U -1
40 0 U -1
41 0 U -1
42 0 U -1
43 0 U -1
44 0 U -1
45 0 U -1
46 0 U -1
47 0 U -1
48 0 U -1
49 0 U -1
50 0 U -1
51 0 U -1
52 0 U -1
53 0 U -1
54 0 U -1
55 0 U -1
56 0 U -1
57 0 U -1
58 0 U -1
59 0 U -1
60 0 U -1
61 0 U -1
62 0 U -1
63 0 U -1
64 0 U -1
65 0 U -1
66 0 U -1
67 0 U -1
68
0 1 U -1
1 0 U -1
2 0 U -1
3 0 L -1
4 0 U -1
5 1 L 1
6 0 U 4
7 1 U 3
8 0 L 2
9 1 L -1
10 1 U -1
11 1 U 4
12 0 U 4
13 1 L 3
14 0 U -1
15 0 U 3
16 1 U -1
17 1 U 2
18 1 U 6
19 0 L -1
20 0 L 15
21 1 L 0
22 1 L -1
23 1 L 10
24 0 L 14
25 0 L 1
26 0 U -1
27 0 U -1
28 1 U -1
29 0 L 24
30 0 U -1
31 1 L 10
32 0 L 14
33 1 U 9
34 0 L 24
35 1 L 8
36 1 U 20
37 0 L 31
38 0 U 31
39 1 L 15
40 0 L 5
41 0 L 14
42 0 L 19
43 1 U 36
44 0 L -1
45 1 U 21
46 0 U 22
47 0 L 28
48 0 L 33
49 1 L 40
50 0 U 9
51 1 L 5
52 0 U -1
53 1 L 20
54 0 U 52
55 1 L 32
56 1 U 52
57 0 U 15
58 0 L -1
59 0 U 40
60 0 U 1
61 0 U 22
62 1 L 13
63 0 L -1
64 0 U 58
65 1 U 7
66 0 L 13
67 0 L 25
68
0 1 L -1
1 0 U -1
2 0 U -1
3 0 L -1
4 0 U -1
5 1 L 1
6 0 U 4
7 1 U 0
8 0 L 2
9 1 L -1
10 0 U -1
11 0 U 2
12 0 U 2
13 0 L 3
14 0 U -1
15 0 U 6
16 1 U 10
17 0 U 13
18 0 U 6
19 0 L -1
20 0 L 15
21 1 L -1
22 1 L -1
23 0 L 14
24 0 L 14
25 0 L 19
26 0 U -1
27 0 U -1
28 0 U -1
29 0 L 16
30 0 U -1
31 1 L 7
32 1 L 14
33 1 U 9
34 1 L 8
35 1 L 10
36 0 U 20
37 0 U 31
38 0 U 31
39 1 L 16
40 1 L 25
41 0 L 40
42 0 L 22
43 1 U 36
44 0 L -1
45 1 U 2
46 0 U 42
47 0 L 28
48 1 U 33
49 0 L 40
50 0 U 6
51 0 L 5
52 0 U -1
53 1 L 20
54 1 U 52
55 1 U 41
56 0 U 52
57 1 L 8
58 1 L -1
59 1 U 36
60 0 U 3
61 0 U 36
62 0 L 13
63 1 U 27
64 0 U 5
65 1 U 19
66 1 L 13
67 1 L 25
68
0 1 L -1
1 0 U -1
2 0 U -1
3 0 L -1
4 0 U -1
5 1 L 1
6 0 U 4
7 1 U 4
8 0 L 2
9 0 L 3
10 1 U -1
11 0 U 0
12 0 U 0
13 0 L 3
14 0 U -1
15 1 U 13
16 1 U 10
17 1 U 2
18 0 U 11
19 0 L -1
20 0 L 16
21 0 L -1
22 1 L -1
23 0 L 10
24 0 L 14
25 0 L 19
26 0 U -1
27 1 U -1
28 0 U -1
29 0 L 15
30 0 U -1
31 1 L 14
32 1 L 14
33 1 U 12
34 0 L 6
35 0 L 24
36 0 U 20
37 0 U 31
38 0 U 31
39 0 L 37
40 1 L 14
41 0 L 40
42 0 L 19
43 1 U 36
44 0 L -1
45 1 L 43
46 0 U 42
47 1 L 28
48 0 U 33
49 0 L -1
50 0 U 6
51 1 L 5
52 0 U -1
53 1 L 20
54 1 U 52
55 1 U 6
56 1 U 52
57 0 L 8
58 0 L -1
59 0 U 36
60 1 U 43
61 0 U 36
62 0 L 44
63 1 U 27
64 1 L 47
65 0 U 20
66 1 L 13
67 0 L 62
68
0 1 L -1
1 1 U -1
2 0 U -1
3 0 L -1
4 0 U -1
5 1 L 1
6 0 U 4
7 1 U 0
8 0 L 1
9 1 L 3
10 0 U -1
11 0 U 2
12 0 U 1
13 1 U 9
14 0 U -1
15 1 U 6
16 1 U -1
17 1 U 3
18 0 U 9
19 0 L -1
20 0 L 16
21 0 L 4
22 0 L -1
23 1 U 10
24 0 L 14
25 0 L 19
26 0 L 25
27 0 U -1
28 0 U -1
29 0 L 15
30 0 U -1
31 1 L 7
32 1 L 14
33 1 U 11
34 1 L 20
35 0 L -1
36 0 U 20
37 0 U 31
38 0 U 31
39 1 L 37
40 0 L 14
41 1 L 40
42 0 L 19
43 1 U 36
44 0 L -1
45 0 U 43
46 0 U 42
47 1 L 28
48 0 L 36
49 0 L -1
50 0 U 11
51 1 L 5
52 0 U -1
53 0 L 39
54 0 U 52
55 0 L 6
56 1 U 0
57 0 L 8
58 1 L -1
59 0 U 24
60 1 U 54
61 0 U 51
62 0 L 44
63 0 U 27
64 1 L 42
65 0 U 46
66 1 L 44
67 0 L 62
68
0 1 U -1
1 1 U -1
2 0 U -1
3 0 L -1
4 0 U -1
5 1 L 1
6 0 U 4
7 1 U 1
8 0 L 1
9 0 L 3
10 0 U -1
11 0 U 2
12 0 U 1
13 0 L 11
14 0 U -1
15 1 U 6
16 1 U -1
17 1 U 7
18 1 U 9
19 1 L -1
20 0 L 16
21 1 L 4
22 0 L -1
23 1 U 10
24 0 L 14
25 0 L 3
26 0 L 25
27 1 U -1
28 0 U 14
29 0 L 23
30 0 U -1
31 1 L 11
32 1 L 14
33 1 U 11
34 1 L 20
35 0 L 22
36 1 U 20
37 0 U 31
38 0 U 31
39 1 L 37
40 1 L -1
41 1 L 19
42 0 L 35
43 1 U 36
44 0 L -1
45 1 L 12
46 0 U 42
47 1 L 28
48 0 U 36
49 0 L -1
50 1 U 11
51 1 L 5
52 0 U -1
53 0 L 39
54 1 U 52
55 0 L 10
56 1 U 2
57 0 L 8
58 0 L -1
59 1 U 51
60 0 U 22
61 0 U 49
62 1 L 35
63 0 U 17
64 1 L 26
65 0 U 50
66 0 L 44
67 0 L 6
68
0 1 U -1
1 1 U -1
2 0 U -1
3 0 L -1
4 0 U -1
5 1 L 1
6 0 U 4
7 1 U 0
8 0 L 1
9 0 L 3
10 1 U -1
11 0 U 2
12 0 U 1
13 0 L 6
14 0 U -1
15 1 U 6
16 1 U -1
17 1 U 3
18 1 U 9
19 1 L -1
20 0 L 16
21 0 L 0
22 0 L -1
23 1 U 10
24 0 L 14
25 0 L 3
26 0 L 25
27 0 U -1
28 0 U 14
29 0 L 16
30 0 U -1
31 1 L 11
32 1 L 14
33 1 U 11
34 1 U 20
35 0 L 22
36 1 U 20
37 0 U 31
38 0 U 31
39 1 L 37
40 1 L 6
41 1 L 19
42 0 L 35
43 1 U 36
44 0 L -1
45 1 L 24
46 0 U 42
47 0 L 28
48 0 U 22
49 0 L -1
50 1 U 11
51 0 L 8
52 0 U -1
53 0 L 39
54 0 U 52
55 0 L 10
56 0 U 0
57 0 L 8
58 1 L -1
59 0 U 51
60 0 U 22
61 1 U 37
62 0 L 35
63 0 U 5
64 0 L 26
65 0 U 50
66 0 L 58
67 0 L 6
68
0 1 L -1
1 1 U -1
2 0 U -1
3 0 L -1
4 0 U -1
5 1 L 1
6 0 U 4
7 1 U 0
8 0 L 1
9 1 L 3
10 0 U -1
11 0 U 2
12 0 U 1
13 0 L 6
14 0 U -1
15 1 U 12
16 1 U -1
17 1 U 3
18 0 U 9
19 1 L -1
20 0 L 16
21 1 L 3
22 0 L -1
23 1 U 16
24 0 L 7
25 0 L 3
26 0 L 25
27 0 U -1
28 0 U 10
29 0 L 16
30 0 U -1
31 1 L 11
32 1 L 14
33 0 U 17
34 1 U 20
35 0 L 22
36 1 U 20
37 0 U 31
38 0 L 31
39 1 L 12
40 1 L 6
41 1 L 39
42 0 L 35
43 1 U 36
44 0 L -1
45 0 L 5
46 0 U 42
47 0 L 28
48 0 U 15
49 0 L -1
50 1 U 13
51 0 L 8
52 0 U -1
53 0 L 39
54 0 U 52
55 0 L 10
56 1 U 27
57 0 L 8
58 0 L -1
59 0 U 51
60 0 U 22
61 1 U 37
62 0 L 35
63 0 U 60
64 1 L 26
65 0 U 50
66 0 L 58
67 0 L 6
68
0 1 L -1
1 1 U -1
2 0 U -1
3 0 L -1
4 0 U -1
5 1 L 1
6 0 U 0
7 1 U 2
8 0 L 1
9 0 L 3
10 0 U -1
11 0 U 2
12 0 U 1
13 0 U 10
14 0 U -1
15 1 U 12
16 1 U -1
17 1 U 11
18 0 U 9
19 1 L -1
20 0 L 15
21 0 L 3
22 0 L -1
23 0 U 16
24 0 L 7
25 1 L 3
26 0 L 25
27 1 U -1
28 0 U 10
29 0 L 16
30 0 U -1
31 1 L 11
32 1 L 14
33 1 U 11
34 0 U 2
35 0 L 22
36 1 U 20
37 0 U 31
38 0 U 31
39 1 L 12
40 1 L 6
41 1 L -1
42 0 L 35
43 0 U 36
44 0 L -1
45 1 L 5
46 0 U 33
47 0 U 28
48 1 U 35
49 0 L -1
50 1 U 11
51 0 L 8
52 0 U -1
53 0 L 39
54 0 U 28
55 0 L 10
56 1 U 27
57 0 L 8
58 0 L -1
59 0 U 51
60 0 U 22
61 1 U 38
62 0 L 35
63 0 U 62
64 1 L 26
65 0 U 50
66 0 L 58
67 1 L 57
68
0 1 L -1
1 1 U -1
2 0 U -1
3 0 L -1
4 1 U -1
5 1 L 1
6 0 U 0
7 1 U 2
8 0 L 1
9 0 L 3
10 0 U -1
11 0 U 2
12 0 U 1
13 1 L 8
14 1 U -1
15 1 U 12
16 1 U -1
17 1 U 11
18 0 U 9
19 1 L -1
20 0 L 15
21 0 L 3
22 1 L -1
23 0 U 16
24 0 L 7
25 0 L 22
26 0 L 25
27 0 U -1
28 0 U 10
29 0 L 24
30 0 U -1
31 1 L 11
32 1 L 14
33 1 U 11
34 1 U 9
35 0 L 0
36 1 U 20
37 0 U 31
38 0 U 31
39 1 L 15
40 0 L 6
41 1 L -1
42 0 L 35
43 1 U 36
44 0 L -1
45 0 L 40
46 1 U 33
47 0 U 28
48 1 U 35
49 0 L -1
50 1 U 11
51 1 L 8
52 0 U -1
53 0 L 39
54 0 U 28
55 0 L 10
56 1 U 27
57 0 L 8
58 1 L -1
59 0 U 29
60 1 U 22
61 1 U 38
62 0 L 35
63 0 U 60
64 0 L 26
65 0 U 50
66 0 L 58
67 0 L 57
68
0 1 L -1
1 0 U -1
2 0 U -1
3 0 L -1
4 1 U -1
5 1 L 1
6 0 U 0
7 1 U 0
8 0 L 1
9 1 L 3
10 0 U -1
11 0 U 2
12 0 U 1
13 0 L 3
14 1 U -1
15 1 U 12
16 1 U -1
17 1 U 11
18 0 U 9
19 1 L -1
20 0 L 15
21 1 L 3
22 1 L -1
23 0 U 16
24 0 L 7
25 1 L 22
26 0 L 25
27 0 U -1
28 1 U 10
29 1 L 24
30 0 U -1
31 1 L 11
32 1 L 14
33 1 U 11
34 1 U 9
35 0 L 0
36 1 U 20
37 0 U 31
38 0 U 31
39 1 L 15
40 0 L 6
41 1 L -1
42 0 L 35
43 1 U 36
44 0 L -1
45 1 L 40
46 1 U 33
47 0 U 28
48 1 U 35
49 0 L -1
50 1 U 11
51 1 L 8
52 0 U -1
53 0 L 39
54 0 U 28
55 0 L 10
56 1 U 27
57 0 L 8
58 0 L -1
59 1 U 29
60 0 U 22
61 1 U 38
62 0 L 44
63 0 U 60
64 1 L 4
65 0 U 50
66 0 L 44
67 0 L 66
68
0 1 U -1
1 0 U -1
2 0 U -1
3 0 L -1
4 1 U -1
5 1 L 1
6 0 U 1
7 1 U 4
8 0 L 1
9 1 L 3
10 1 U -1
11 0 U 2
12 0 U 4
13 0 L 2
14 0 U -1
15 1 U 12
16 1 U -1
17 1 U 11
18 1 U 9
19 1 L -1
20 0 L 15
21 0 L 0
22 0 L -1
23 0 U 10
24 0 L 7
25 0 L 22
26 1 L 8
27 1 U -1
28 0 U 10
29 1 L 24
30 0 U -1
31 1 L 11
32 1 L 14
33 1 U 11
34 1 U 9
35 0 L 0
36 1 U 20
37 0 U 35
38 0 U 31
39 1 L 15
40 1 L 6
41 1 L 8
42 0 L 35
43 1 U 36
44 0 L -1
45 0 L 14
46 0 U 33
47 0 U 2
48 1 U 46
49 0 L -1
50 1 U 47
51 0 L 8
52 0 U -1
53 0 L 39
54 0 U 28
55 0 L 10
56 1 U 52
57 0 L 8
58 1 L -1
59 0 U 29
60 0 U 22
61 1 U 38
62 0 L 44
63 1 U 60
64 0 L 57
65 0 U 50
66 0 L 44
67 0 L 55
68
0 1 U -1
1 0 U -1
2 0 U -1
3 0 L -1
4 1 U -1
5 1 L 1
6 0 U 1
7 1 U 1
8 0 L 1
9 1 L 3
10 1 U -1
11 0 U 2
12 0 U 4
13 0 L 6
14 0 U -1
15 1 U 12
16 1 U 10
17 1 U 11
18 0 U 9
19 1 L -1
20 0 L 15
21 0 L 19
22 1 L -1
23 0 U 22
24 0 L 7
25 1 L 22
26 1 L 8
27 0 U -1
28 0 U 10
29 0 L 24
30 0 U -1
31 1 L 11
32 1 L 14
33 1 U 11
34 1 U 9
35 0 L 0
36 1 U 20
37 0 U 31
38 0 U 31
39 1 L 15
40 0 L 2
41 1 L 5
42 0 L 35
43 1 U 36
44 0 L -1
45 0 L 14
46 1 U 19
47 0 U 2
48 1 U 29
49 0 L -1
50 1 U 47
51 0 L 42
52 0 U -1
53 0 L 34
54 0 U 28
55 0 L 10
56 1 U 28
57 0 L 42
58 1 L -1
59 0 U 46
60 1 U 51
61 1 U 43
62 0 L 44
63 1 U 60
64 0 L 10
65 1 U 50
66 0 L 35
67 0 L 55
68
0 1 U -1
1 0 U -1
2 0 U -1
3 0 L -1
4 1 U -1
5 1 L 1
6 0 U 1
7 1 U 1
8 0 L 1
9 0 L 3
10 1 U -1
11 0 U 2
12 0 U 4
13 0 L 3
14 0 U -1
15 1 U 12
16 1 U 10
17 1 U 11
18 0 U 9
19 1 L -1
20 0 L 15
21 0 L 19
22 1 L -1
23 0 U 22
24 0 L 7
25 1 L 3
26 1 L 5
27 0 U -1
28 0 U 10
29 0 L 24
30 0 U -1
31 1 L 11
32 1 L 14
33 1 U 18
34 1 U 2
35 0 L 0
36 1 U 20
37 0 U 31
38 0 U 31
39 1 L 15
40 1 L 2
41 1 L 4
42 0 L 35
43 1 U 36
44 0 L -1
45 0 L 7
46 0 U 19
47 0 U 0
48 1 U 35
49 0 L -1
50 1 U 18
51 0 L 40
52 0 U -1
53 0 L 34
54 0 U 28
55 0 L 10
56 1 U 0
57 0 L 42
58 1 L -1
59 0 U 46
60 1 U 23
61 1 U 43
62 0 L 49
63 1 U 60
64 0 L 42
65 0 U 50
66 0 L 58
67 0 L 55
68
0 1 L -1
1 0 U -1
2 0 U -1
3 0 L -1
4 1 U -1
5 1 L 1
6 0 U 1
7 1 U 3
8 0 L 1
9 0 L 3
10 1 U -1
11 0 U 2
12 0 U 4
13 1 L 8
14 0 U -1
15 1 U 12
16 1 U 10
17 1 U 11
18 1 U 9
19 1 L -1
20 0 L 15
21 1 L 0
22 1 L -1
23 0 U 22
24 0 L 7
25 1 L 22
26 1 L 5
27 0 U -1
28 0 U 10
29 0 L 24
30 0 U -1
31 1 L 11
32 1 L 14
33 1 U 18
34 1 U 2
35 0 L 23
36 1 U 20
37 0 U 31
38 0 U 31
39 1 L 15
40 0 L 2
41 0 L 25
42 0 L 35
43 1 U 36
44 0 L -1
45 0 L 14
46 1 U 19
47 0 U 0
48 1 U 36
49 0 L -1
50 1 U 18
51 0 L 40
52 0 U -1
53 0 L 39
54 0 U 28
55 0 L 10
56 1 U 52
57 0 L 42
58 1 L -1
59 0 U 24
60 1 U 23
61 1 U 43
62 0 L 49
63 1 U 32
64 1 L 62
65 1 U 50
66 0 L 58
67 0 L 55
68
0 1 L -1
1 0 U -1
2 0 U -1
3 0 L -1
4 1 U -1
5 1 L 1
6 0 U 4
7 1 U 2
8 0 L 1
9 0 L 3
10 1 U -1
11 0 U 2
12 0 U 4
13 1 L 8
14 0 U -1
15 1 U 12
16 1 U 10
17 1 U 11
18 0 U 9
19 1 L -1
20 0 L 15
21 1 L 0
22 1 L -1
23 0 U 22
24 0 L 7
25 1 L 22
26 1 L 13
27 1 U -1
28 0 U 10
29 1 L 24
30 0 U -1
31 1 L 11
32 1 L 14
33 1 U 11
34 1 U 2
35 0 L 23
36 1 U 20
37 0 U 31
38 0 U 31
39 1 L 31
40 1 L 2
41 0 L 25
42 0 L 35
43 1 U 36
44 0 L 40
45 0 L 14
46 0 U 19
47 0 U 0
48 1 U 36
49 0 L -1
50 1 U 18
51 1 L 40
52 0 U -1
53 0 L 34
54 0 U 52
55 0 L 10
56 1 U 27
57 0 L 42
58 1 L -1
59 0 U 24
60 1 U 35
61 1 U 43
62 0 L 49
63 1 U 32
64 1 L 4
65 0 U 20
66 0 L 49
67 0 L 55
68
0 1 U -1
1 0 U -1
2 0 U -1
3 0 L -1
4 1 U -1
5 1 L 1
6 0 U 0
7 1 U 4
8 0 L 1
9 1 L 3
10 0 U -1
11 0 U 2
12 0 U 1
13 0 L 8
14 0 U -1
15 1 U 12
16 1 U 10
17 1 U 11
18 0 U 9
19 1 L -1
20 0 L 15
21 0 L 19
22 1 L -1
23 0 U 22
24 0 L 7
25 1 L 22
26 1 L 13
27 0 U -1
28 1 U 10
29 0 L 24
30 0 U -1
31 1 L 11
32 0 L 26
33 1 U 11
34 1 U 2
35 0 L 23
36 1 U 20
37 0 U 31
38 0 U 23
39 1 L 31
40 1 L 2
41 0 L 25
42 0 L 35
43 1 U 36
44 0 L 40
45 1 L 14
46 0 U 19
47 0 U 2
48 1 U 44
49 0 L -1
50 1 U 18
51 1 L 40
52 0 U -1
53 0 L 34
54 0 U 52
55 0 L 10
56 1 U 28
57 0 L 42
58 1 L -1
59 0 U 48
60 1 U 35
61 1 U 59
62 0 L 49
63 1 U 32
64 1 L 13
65 0 U 20
66 0 L 49
67 0 L 26
68
0 1 U -1
1 0 U -1
2 0 U -1
3 0 L -1
4 1 U -1
5 1 L 1
6 0 U 0
7 1 U 4
8 0 L 1
9 0 L 3
10 0 U -1
11 0 U 2
12 0 U 1
13 1 L 8
14 1 U -1
15 1 U 12
16 1 U 10
17 1 U 11
18 0 U 9
19 1 L -1
20 0 L 15
21 1 L 19
22 1 L -1
23 0 U 22
24 0 L 7
25 1 L 22
26 1 L 13
27 0 U -1
28 0 U 10
29 1 L 24
30 0 U -1
31 1 L 11
32 0 L 7
33 1 U 11
34 1 U 27
35 0 L 23
36 1 U 20
37 0 U 31
38 0 U 35
39 1 L 31
40 1 L 2
41 0 L 25
42 0 L 35
43 1 U 36
44 0 L 40
45 1 L 14
46 0 U 33
47 0 U 2
48 1 U 44
49 0 L -1
50 1 U 18
51 1 L 40
52 0 U -1
53 0 L 34
54 0 U 52
55 0 L 10
56 1 U 28
57 0 L 42
58 0 L -1
59 0 U 48
60 1 U 35
61 1 U 59
62 0 L 49
63 1 U 32
64 1 L 13
65 0 U 20
66 0 L 49
67 1 L 26
68
0 1 L -1
1 0 U -1
2 0 U -1
3 0 L -1
4 1 U -1
5 1 L 1
6 0 U 0
7 1 U 4
8 0 L 1
9 0 L 3
10 0 U -1
11 0 U 2
12 0 U 1
13 0 L 8
14 0 U -1
15 1 U 12
16 1 U 10
17 1 U 11
18 0 U 9
19 1 L -1
20 0 L 15
21 0 L 19
22 1 L -1
23 0 U 22
24 0 L 7
25 1 L 22
26 1 L 13
27 0 U -1
28 0 U 10
29 1 L 24
30 0 U -1
31 1 L 11
32 0 L 7
33 1 U 18
34 1 U 27
35 0 L 23
36 1 U 20
37 0 U 31
38 0 U 31
39 1 L 31
40 0 L 2
41 0 L 25
42 0 L 35
43 1 U 36
44 0 L 40
45 0 L 26
46 1 U 40
47 0 U 2
48 1 U 44
49 0 L -1
50 1 U 18
51 1 L 40
52 0 U -1
53 0 L 34
54 0 U 28
55 0 L 10
56 1 U 28
57 0 L 42
58 1 L -1
59 0 U 48
60 1 U 35
61 1 U 59
62 0 L 49
63 1 U 32
64 1 L 4
65 0 U 50
66 0 L 49
67 0 L 55
68
0 1 U -1
1 0 U -1
2 0 U -1
3 0 L -1
4 1 U -1
5 1 L 1
6 0 U 0
7 1 U 2
8 0 L 1
9 0 L 3
10 0 U -1
11 0 U 2
12 0 U 1
13 1 L 8
14 1 U -1
15 1 U 7
16 1 U -1
17 1 U 11
18 0 U 9
19 1 L -1
20 0 L 16
21 0 L 19
22 1 L -1
23 0 U 22
24 0 L 14
25 1 L 22
26 1 L 13
27 0 U -1
28 0 U 10
29 1 L 24
30 0 U -1
31 1 L 11
32 0 L 7
33 1 U 18
34 1 U 27
35 0 L 23
36 1 U 20
37 0 U 31
38 0 U 31
39 1 L 31
40 0 L 2
41 0 L 25
42 0 L 35
43 1 U 36
44 0 L 40
45 0 U 26
46 0 U 40
47 0 U 2
48 1 U 44
49 0 L -1
50 1 U 18
51 1 L 40
52 0 U -1
53 0 L 34
54 0 U 28
55 0 L 10
56 1 U 28
57 0 L 42
58 1 L -1
59 0 U 48
60 0 U 24
61 1 U 59
62 0 L 49
63 1 U 60
64 1 L 42
65 1 U 50
66 0 L 49
67 1 L 55
68
0 1 L -1
1 0 U -1
2 0 U -1
3 0 L -1
4 1 U -1
5 1 L 1
6 0 U 0
7 1 U 1
8 0 L 1
9 0 L 3
10 1 U -1
11 0 U 2
12 0 U 4
13 0 L 8
14 0 U -1
15 1 U 12
16 1 U -1
17 1 U 11
18 1 U 9
19 1 L -1
20 0 L 16
21 0 L 19
22 1 L -1
23 0 U 22
24 0 L 14
25 1 L 3
26 1 L 13
27 0 U -1
28 0 U 10
29 1 L 24
30 0 U -1
31 1 L 7
32 0 L 7
33 1 U 18
34 1 U 9
35 0 L 23
36 1 U 20
37 0 U 23
38 0 U 31
39 1 L 32
40 1 L 2
41 0 L 2
42 0 L 35
43 1 U 36
44 0 L 40
45 0 U 26
46 1 U 40
47 0 U 2
48 1 U 44
49 0 L -1
50 1 U 18
51 1 L 40
52 0 U -1
53 0 L 34
54 0 U 28
55 0 L 10
56 1 U 0
57 0 L 42
58 1 L -1
59 0 U 48
60 1 U 35
61 1 U 59
62 0 L 49
63 1 U 60
64 1 L 40
65 1 U 50
66 0 L 58
67 1 L 55
68
0 1 L -1
1 0 U -1
2 0 U -1
3 0 L -1
4 1 U -1
5 1 L 1
6 0 U 0
7 1 U 1
8 0 L 1
9 0 L 3
10 0 U -1
11 0 U 2
12 0 U 4
13 0 L 8
14 0 U -1
15 1 U 12
16 1 U -1
17 1 U 11
18 0 U 9
19 1 L -1
20 0 L 16
21 1 L 19
22 1 L -1
23 0 U 22
24 0 L 14
25 1 L 3
26 1 L 13
27 0 U -1
28 1 U 10
29 0 L 24
30 0 U -1
31 1 L 16
32 0 L 7
33 1 U 15
34 1 U 9
35 0 L 23
36 1 U 20
37 0 U 23
38 0 U 35
39 1 L 32
40 1 L 2
41 0 L 2
42 0 L 35
43 1 U 36
44 0 L 40
45 0 L 20
46 1 U 40
47 0 U 2
48 1 U 44
49 0 L -1
50 1 U 18
51 0 L 40
52 0 U -1
53 0 L 34
54 0 U 28
55 1 L 10
56 1 U 52
57 1 L 42
58 0 L -1
59 0 U 48
60 1 U 48
61 1 U 59
62 0 L 49
63 1 U 60
64 1 L 62
65 0 U 50
66 0 L 58
67 1 L 44
68
0 1 U -1
1 0 U -1
2 0 U -1
3 0 L -1
4 1 U -1
5 1 L 1
6 0 U 0
7 1 U 2
8 0 L 1
9 0 L 3
10 1 U -1
11 0 U 2
12 0 U 4
13 0 L 8
14 0 U -1
15 1 U 12
16 1 U 10
17 1 U 11
18 0 U 9
19 1 L -1
20 0 L 15
21 1 L 19
22 1 L -1
23 0 U 22
24 0 L 14
25 1 L 3
26 1 L 13
27 0 U -1
28 1 U 10
29 1 L 24
30 0 U -1
31 1 L 7
32 0 L 26
33 1 U 15
34 1 U 27
35 1 L 0
36 1 U 20
37 0 U 23
38 0 U 23
39 1 L 12
40 1 L 2
41 1 L 26
42 0 L 35
43 1 U 36
44 0 L 40
45 0 L 39
46 0 U 20
47 0 U 27
48 1 U 44
49 0 L -1
50 1 U 18
51 1 L 40
52 0 U -1
53 0 L 34
54 0 U 28
55 0 L 10
56 1 U 52
57 0 L 42
58 1 L -1
59 0 U 48
60 0 U 48
61 1 U 59
62 0 L 49
63 1 U 60
64 1 L 62
65 1 U 50
66 0 L 58
67 0 L 10
68
0 1 U -1
1 0 U -1
2 0 U -1
3 0 L -1
4 1 U -1
5 1 L 1
6 0 U 0
7 1 U 0
8 0 L 1
9 0 L 3
10 0 U -1
11 0 U 2
12 0 U 4
13 0 L 8
14 0 U -1
15 1 U 12
16 1 U 10
17 1 U 11
18 1 U 9
19 1 L -1
20 0 L 16
21 1 L 3
22 1 L -1
23 0 U 22
24 0 L 14
25 1 L 22
26 1 L 13
27 0 U -1
28 1 U 10
29 0 L 16
30 0 U -1
31 1 L 24
32 1 L 26
33 1 U 15
34 1 U 2
35 0 L 0
36 1 U 20
37 0 U 23
38 0 U 23
39 1 L 16
40 1 L 2
41 1 L -1
42 0 L 35
43 1 U 36
44 0 L 40
45 0 L 39
46 0 U 20
47 0 U 27
48 1 U 44
49 0 L -1
50 1 U 18
51 0 L 40
52 0 U -1
53 0 L 34
54 0 U 0
55 0 L 10
56 1 U 52
57 0 L 40
58 0 L -1
59 0 U 48
60 1 U 48
61 1 U 59
62 0 L 49
63 1 U 60
64 1 L 62
65 0 U 50
66 0 L 58
67 0 L 10
68
0 1 L -1
1 0 U -1
2 0 U -1
3 0 L -1
4 1 U -1
5 1 L 1
6 0 U 0
7 1 U 0
8 0 L 1
9 0 L 3
10 0 U -1
11 0 U 2
12 0 U 4
13 0 L 8
14 0 U -1
15 1 U 12
16 1 U 10
17 1 U 11
18 0 U 9
19 1 L -1
20 0 L 15
21 0 L 19
22 1 L -1
23 0 U 22
24 0 L 14
25 1 L 3
26 1 L 13
27 1 U -1
28 1 U 10
29 1 L 12
30 0 U -1
31 1 L 26
32 1 L 14
33 1 U 6
34 1 U 9
35 0 L 0
36 1 U 20
37 0 U 35
38 0 U 23
39 1 L 16
40 0 L 2
41 1 L -1
42 0 L 35
43 1 U 36
44 0 L 40
45 0 L 39
46 1 U 20
47 0 U 27
48 1 U 44
49 0 L -1
50 1 U 18
51 0 L 42
52 0 U -1
53 0 L 34
54 0 U 0
55 0 L 10
56 1 U 28
57 0 L 40
58 0 L -1
59 1 U 48
60 1 U 48
61 1 U 37
62 0 L 49
63 0 U 60
64 1 L 62
65 1 U 50
66 0 L 58
67 0 L 10
68
0 1 L -1
1 0 U -1
2 0 U -1
3 0 L -1
4 1 U -1
5 1 L 1
6 0 U 0
7 1 U 0
8 0 L 1
9 0 L 3
10 0 U -1
11 0 U 2
12 0 U 1
13 0 L 8
14 0 U -1
15 1 U 12
16 1 U -1
17 1 U 11
18 0 U 9
19 1 L -1
20 0 L 15
21 1 L 0
22 1 L -1
23 0 U 22
24 0 L 14
25 1 L 3
26 1 L 13
27 1 U -1
28 1 U 10
29 0 L 24
30 0 U -1
31 1 L 14
32 0 L 14
33 1 U 18
34 1 U 9
35 0 L 0
36 1 U 20
37 0 U 35
38 0 U 23
39 1 L 12
40 0 L 2
41 1 L -1
42 0 L 35
43 1 U 36
44 0 L 40
45 1 L 14
46 1 U 20
47 0 U 27
48 1 U 44
49 0 L -1
50 1 U 6
51 0 L 42
52 0 U -1
53 0 L 34
54 0 U 28
55 0 L 10
56 1 U 28
57 0 L 40
58 1 L -1
59 0 U 48
60 0 U 48
61 1 U 37
62 0 L 49
63 1 U 60
64 1 L 62
65 0 U 50
66 0 L 49
67 0 L 10
68
0 1 L -1
1 0 U -1
2 0 U -1
3 0 L -1
4 1 U -1
5 1 L 1
6 0 U 0
7 1 U 0
8 0 L 1
9 0 L 3
10 0 U -1
11 0 U 2
12 0 U 1
13 0 L 8
14 0 U -1
15 1 U 12
16 1 U 10
17 1 U 11
18 0 U 9
19 1 L -1
20 0 L 15
21 1 L 19
22 1 L -1
23 0 U 22
24 0 L 14
25 1 L 22
26 1 L 13
27 0 U -1
28 0 U 10
29 0 L 24
30 0 U -1
31 1 L 14
32 0 L 26
33 1 U 18
34 1 U 9
35 0 L 0
36 1 U 20
37 0 U 35
38 0 U 36
39 1 L 16
40 1 L 2
41 1 L -1
42 0 L 35
43 1 U 36
44 0 L 40
45 1 L 14
46 0 U 20
47 0 U 27
48 1 U 44
49 0 L -1
50 1 U 6
51 1 L 42
52 0 U -1
53 0 L 39
54 0 U 0
55 0 L 10
56 1 U 52
57 0 L 40
58 0 L -1
59 0 U 48
60 1 U 48
61 1 U 37
62 0 L 49
63 0 U 60
64 1 L 62
65 0 U 50
66 0 L 49
67 0 L 10
68
0 1 L -1
1 0 U -1
2 0 U -1
3 0 L -1
4 1 U -1
5 1 L 1
6 0 U 0
7 1 U 2
8 0 L 1
9 1 L 3
10 0 U -1
11 0 U 2
12 0 U 1
13 0 L 8
14 1 U -1
15 1 U 7
16 1 U 10
17 1 U 11
18 1 U 9
19 1 L -1
20 0 L 15
21 1 L 19
22 1 L -1
23 0 U 22
24 0 L 14
25 1 L 22
26 1 L 13
27 0 U -1
28 1 U -1
29 0 L 24
30 0 U -1
31 0 L 7
32 0 L 26
33 1 U 15
34 1 U 9
35 0 L 0
36 1 U 20
37 0 U 35
38 0 U 36
39 1 L 16
40 1 L 2
41 1 L -1
42 0 L 35
43 1 U 36
44 0 L 40
45 1 L 7
46 0 U 20
47 0 U 30
48 1 U 44
49 0 L -1
50 1 U 21
51 0 L 42
52 0 U -1
53 0 L 34
54 0 U 0
55 0 L 10
56 1 U 52
57 0 L 40
58 1 L -1
59 0 U 48
60 0 U 48
61 1 U 37
62 0 L 49
63 1 U 60
64 1 L 62
65 0 U 50
66 0 L 49
67 0 L 6
68
0 1 L -1
1 0 U -1
2 0 U -1
3 0 L -1
4 1 U -1
5 1 L 1
6 0 U 0
7 1 U 2
8 0 L 1
9 1 L 3
10 0 U -1
11 0 U 2
12 0 U 4
13 0 L 8
14 0 U -1
15 1 U 12
16 1 U 10
17 1 U 11
18 1 U 2
19 1 L -1
20 0 L 15
21 0 L 19
22 1 L -1
23 0 U 22
24 0 L 14
25 1 L 22
26 1 L 13
27 0 U -1
28 0 U -1
29 1 L 24
30 0 U -1
31 1 L 26
32 0 L 14
33 1 U 11
34 1 U 9
35 0 L 23
36 1 U 20
37 0 U 35
38 0 U 36
39 1 L 12
40 1 L 2
41 1 L -1
42 0 L 35
43 1 U 36
44 0 L 40
45 0 L 7
46 1 U 13
47 0 U 30
48 1 U 44
49 0 L -1
50 1 U 7
51 0 L 42
52 0 U -1
53 0 L 34
54 0 U 52
55 0 L 10
56 1 U 52
57 0 L 40
58 1 L -1
59 0 U 48
60 1 U 24
61 1 U 37
62 0 L 35
63 1 U 60
64 1 L 40
65 1 U 50
66 0 L 49
67 0 L 6
68
0 1 L -1
1 0 U -1
2 0 U -1
3 0 L -1
4 1 U -1
5 1 L 1
6 0 U 0
7 1 U 2
8 0 L 1
9 0 L 3
10 1 U -1
11 0 U 2
12 0 U 4
13 0 L 8
14 0 U -1
15 1 U 12
16 1 U 10
17 1 U 11
18 1 U 2
19 1 L -1
20 0 L 16
21 1 L 0
22 1 L -1
23 0 U 22
24 0 L 14
25 1 L 22
26 1 L 13
27 0 U -1
28 1 U -1
29 1 L 24
30 0 U -1
31 1 L 26
32 0 L 26
33 1 U 11
34 1 U 9
35 0 L 23
36 1 U 20
37 0 U 35
38 0 U 36
39 1 L 24
40 1 L 2
41 1 L -1
42 0 L 35
43 1 U 36
44 0 L 40
45 0 L 7
46 0 U 13
47 1 U 2
48 1 U 44
49 0 L -1
50 1 U 7
51 1 L 42
52 0 U -1
53 0 L 34
54 0 U 52
55 0 L 10
56 1 U 52
57 0 L 40
58 0 L -1
59 0 U 48
60 1 U 24
61 1 U 37
62 0 L 35
63 1 U 60
64 1 L 40
65 0 U 50
66 0 L 49
67 0 L 6
68
0 1 L -1
1 0 U -1
2 0 U -1
3 0 L -1
4 1 U -1
5 1 L 1
6 0 U 0
7 1 U 2
8 0 L 1
9 1 L 3
10 1 U -1
11 0 U 2
12 0 U 4
13 0 L 8
14 0 U -1
15 1 U 12
16 1 U 10
17 1 U 11
18 0 U 2
19 1 L -1
20 0 L 12
21 1 L 0
22 1 L -1
23 0 U 22
24 0 L 14
25 1 L 3
26 1 L 13
27 0 U -1
28 0 U -1
29 1 L 24
30 0 U -1
31 1 L 26
32 0 L 26
33 1 U 11
34 1 U 9
35 1 L 23
36 1 U 20
37 0 U 23
38 0 U 36
39 1 L 12
40 1 L 2
41 1 L -1
42 0 L 35
43 1 U 36
44 0 L 40
45 0 L 7
46 0 U 40
47 1 U 2
48 1 U 44
49 0 L -1
50 1 U 7
51 1 L 8
52 0 U -1
53 0 L 34
54 0 U 52
55 0 L 10
56 1 U 52
57 0 L 40
58 1 L -1
59 0 U 48
60 0 U 24
61 1 U 45
62 0 L 35
63 1 U 60
64 1 L 40
65 1 U 50
66 0 L 49
67 0 L 64
68
0 1 L -1
1 0 U -1
2 0 U -1
3 0 L -1
4 1 U -1
5 1 L 1
6 0 U 0
7 1 U 2
8 0 L 1
9 1 L 3
10 0 U -1
11 0 U 2
12 0 U 4
13 0 L 8
14 0 U -1
15 1 U 12
16 1 U 10
17 1 U 11
18 1 U 2
19 1 L -1
20 0 L 12
21 0 L 0
22 1 L -1
23 0 U 22
24 0 L 14
25 1 L 3
26 1 L 13
27 0 U -1
28 0 U -1
29 0 L 16
30 0 U -1
31 1 L 14
32 0 L 26
33 1 U 21
34 1 U 27
35 1 L 23
36 1 U 20
37 0 U 23
38 0 U 36
39 1 L 12
40 1 L 2
41 1 L -1
42 0 L 35
43 1 U 36
44 0 L 40
45 0 L 7
46 0 U 40
47 0 U 1
48 1 U 44
49 0 L -1
50 1 U 7
51 1 L 8
52 0 U -1
53 0 L 27
54 0 U 52
55 0 L 10
56 1 U 52
57 0 L 40
58 0 L -1
59 0 U 48
60 1 U 24
61 1 U 45
62 0 L 35
63 1 U 60
64 1 L 40
65 0 U 50
66 0 L 49
67 0 L 6
68
0 1 L -1
1 0 U -1
2 0 U -1
3 0 L -1
4 1 U -1
5 1 L 1
6 0 U 4
7 1 U 2
8 0 L 1
9 0 L 3
10 1 U -1
11 0 U 2
12 0 U 4
13 0 L 8
14 0 U -1
15 1 U 12
16 1 U 10
17 1 U 11
18 0 U 2
19 1 L -1
20 0 L 15
21 0 L 0
22 1 L -1
23 0 U 22
24 0 L 14
25 1 L 3
26 1 L 13
27 0 U -1
28 0 U -1
29 1 L 24
30 0 U -1
31 1 L 14
32 0 L 26
33 1 U 21
34 1 U 2
35 1 L 23
36 1 U 20
37 0 U 23
38 0 U 23
39 1 L 12
40 0 L 25
41 1 L -1
42 0 L 35
43 1 U 36
44 0 L 40
45 0 L 7
46 0 U 40
47 0 U 0
48 1 U 44
49 0 L -1
50 1 U 7
51 1 L 8
52 0 U -1
53 0 L 27
54 0 U 52
55 0 L 10
56 1 U 52
57 0 L 40
58 0 L -1
59 0 U 24
60 1 U 46
61 1 U 45
62 0 L 35
63 1 U 42
64 1 L 40
65 0 U 33
66 0 L 49
67 0 L 64
68
0 1 L -1
1 0 U -1
2 0 U -1
3 0 L -1
4 1 U -1
5 1 L 1
6 0 U 0
7 1 U 2
8 0 L 1
9 0 L 3
10 0 U -1
11 0 U 2
12 0 U 4
13 0 L 8
14 0 U -1
15 1 U 12
16 1 U 10
17 1 U 7
18 1 U 2
19 1 L -1
20 0 L 12
21 0 L 0
22 1 L -1
23 0 U 22
24 0 L 14
25 1 L 3
26 1 L 13
27 0 U -1
28 0 U -1
29 1 L 24
30 0 U -1
31 1 L 14
32 0 L 26
33 1 U 21
34 1 U 2
35 1 L 23
36 1 U 20
37 0 U 23
38 0 U 23
39 1 L 16
40 0 L 25
41 1 L -1
42 0 L 35
43 1 U 36
44 0 L 40
45 0 L 26
46 0 U 40
47 0 U 0
48 1 U 45
49 0 L -1
50 1 U 7
51 0 L 8
52 0 U -1
53 0 L 48
54 1 U 0
55 0 L 10
56 1 U 0
57 0 L 40
58 1 L -1
59 0 U 24
60 1 U 46
61 1 U 45
62 0 L 35
63 0 U 60
64 1 L 40
65 0 U 33
66 0 L 49
67 0 L 64
68
0 1 U -1
1 0 U -1
2 0 U -1
3 0 L -1
4 1 U -1
5 1 L 1
6 0 U 0
7 1 U 2
8 0 L 1
9 1 L 3
10 0 U -1
11 0 U 2
12 0 U 1
13 0 L 8
14 0 U -1
15 1 U 12
16 1 U 10
17 1 U 12
18 0 U 2
19 1 L -1
20 0 L 12
21 0 L 0
22 1 L -1
23 0 U 22
24 0 L 14
25 1 L 3
26 1 L 13
27 0 U -1
28 0 U -1
29 0 L 24
30 0 U -1
31 1 L 14
32 0 L 26
33 1 U 21
34 1 U 2
35 1 L 23
36 1 L 20
37 0 U 23
38 0 U 23
39 1 L 11
40 0 L 25
41 1 L -1
42 0 L 35
43 1 U 36
44 0 L 40
45 0 L 26
46 1 U 40
47 0 U 4
48 0 U 45
49 0 L -1
50 1 U 7
51 0 L 42
52 0 U -1
53 0 L 48
54 1 U 0
55 0 L 10
56 1 U 0
57 0 L 40
58 1 L -1
59 0 U 46
60 1 U 46
61 1 U 45
62 0 L 35
63 1 U 60
64 1 L 40
65 0 U 33
66 0 L 49
67 0 L 64
68
0 1 U -1
1 0 U -1
2 0 U -1
3 0 L -1
4 1 U -1
5 1 L 1
6 0 U 1
7 1 U 4
8 0 L 1
9 0 L 3
10 0 U -1
11 0 U 2
12 0 U 1
13 0 L 8
14 0 U -1
15 1 U 12
16 1 U 10
17 1 U 5
18 0 U 2
19 1 L -1
20 0 L 12
21 0 L 19
22 1 L -1
23 0 U 22
24 0 L 14
25 1 L 3
26 1 L 13
27 0 U -1
28 1 U -1
29 1 L 24
30 0 U -1
31 1 L 14
32 0 L 14
33 1 U 21
34 1 U 33
35 1 L 23
36 1 L 20
37 0 U 23
38 0 U 23
39 1 L 16
40 1 L 25
41 1 L -1
42 0 L 35
43 1 U 36
44 0 L 40
45 0 L 7
46 1 U 40
47 0 U 30
48 1 U 45
49 0 L -1
50 1 U 12
51 1 L 42
52 0 U -1
53 0 L 48
54 1 U 0
55 0 L 10
56 1 U 0
57 0 L 40
58 1 L -1
59 0 U 46
60 0 U 46
61 1 U 45
62 0 L 49
63 1 U 32
64 1 L 8
65 0 U 33
66 0 L 58
67 0 L 64
68
0 1 L -1
1 0 U -1
2 0 U -1
3 0 L -1
4 1 U -1
5 1 L 1
6 0 U 0
7 1 U 2
8 0 L 1
9 1 L 3
10 0 U -1
11 0 U 2
12 0 U 1
13 0 L 8
14 0 U -1
15 1 U 12
16 1 U -1
17 1 U 12
18 0 U 2
19 1 L -1
20 0 L 12
21 1 L 0
22 1 L -1
23 0 U 22
24 0 L 14
25 0 L 3
26 1 L 13
27 0 U -1
28 0 U -1
29 1 L 16
30 0 U -1
31 1 L 14
32 0 L 14
33 1 U 21
34 1 U 33
35 1 L 23
36 1 L 20
37 0 U 31
38 0 U 35
39 1 L 16
40 1 L 25
41 1 L -1
42 0 L 35
43 1 U 36
44 0 L 40
45 0 L 7
46 0 U 40
47 0 U 0
48 1 U 45
49 0 L -1
50 1 U 12
51 1 L 8
52 0 U -1
53 0 L 48
54 1 U 0
55 0 L 10
56 1 U 0
57 0 L 40
58 0 L -1
59 0 U 46
60 0 U 46
61 1 U 45
62 0 L 49
63 1 U 32
64 1 L 8
65 0 U 33
66 0 L 35
67 0 L 6
68
0 1 L -1
1 0 U -1
2 0 U -1
3 0 L -1
4 1 U -1
5 1 L 1
6 0 U 1
7 1 U 2
8 0 L 1
9 1 L 3
10 0 U -1
11 0 U 2
12 0 U 4
13 0 L 8
14 0 U -1
15 1 U 12
16 1 U 10
17 1 U 12
18 1 U 2
19 1 L -1
20 0 L 12
21 0 L 19
22 1 L -1
23 0 U 22
24 0 L 14
25 1 L 3
26 1 L 13
27 0 U -1
28 1 U -1
29 1 L 24
30 0 U -1
31 1 L 14
32 0 L 14
33 1 U 21
34 1 U 33
35 0 L 23
36 1 L 20
37 0 U 23
38 0 U 31
39 1 L 24
40 0 L 25
41 1 L -1
42 0 L 35
43 1 U 36
44 0 L 8
45 0 L 7
46 1 U 40
47 0 U 0
48 1 U 45
49 0 L -1
50 1 U 12
51 0 L 5
52 0 U -1
53 0 L 48
54 1 U 0
55 0 L 10
56 1 U 0
57 0 L 42
58 0 L -1
59 0 U 46
60 1 U 24
61 1 U 45
62 0 L 49
63 1 U 32
64 1 L 8
65 0 U 44
66 0 L 35
67 0 L 6
68
0 1 U -1
1 0 U -1
2 0 U -1
3 0 L -1
4 1 U -1
5 1 L 1
6 0 U 1
7 1 U 2
8 0 L 1
9 0 L 3
10 0 U -1
11 0 U 2
12 0 U 4
13 0 L 8
14 0 U -1
15 1 U 12
16 1 U -1
17 1 U 12
18 0 U 2
19 1 L -1
20 0 L 16
21 0 L 19
22 1 L -1
23 0 U 22
24 0 L 14
25 1 L 3
26 1 L 13
27 0 U -1
28 1 U -1
29 1 L 24
30 0 U -1
31 1 L 7
32 0 L 14
33 1 U 21
34 1 U 33
35 1 L 23
36 1 L 20
37 0 U 31
38 0 U 36
39 1 L 16
40 1 L 25
41 1 L -1
42 0 L 21
43 1 U 36
44 0 L 42
45 0 L 7
46 1 U 40
47 0 U 1
48 1 U 45
49 0 L -1
50 1 U 12
51 0 L 5
52 0 U -1
53 0 L 48
54 1 U 0
55 0 L 10
56 1 U 0
57 0 L 42
58 1 L -1
59 0 U 46
60 1 U 46
61 1 U 45
62 0 L 49
63 0 U 60
64 1 L 8
65 0 U 40
66 0 L 21
67 0 L 6
68
0 1 L -1
1 0 U -1
2 0 U -1
3 0 L -1
4 1 U -1
5 1 L 1
6 0 U 4
7 1 U 2
8 0 L 1
9 0 L 3
10 0 U -1
11 0 U 2
12 0 U 4
13 0 L 8
14 0 U -1
15 1 U 12
16 1 U -1
17 1 U 12
18 1 U 2
19 1 L -1
20 0 L 12
21 1 L 19
22 1 L -1
23 0 U 22
24 0 L 14
25 1 L 3
26 1 L 13
27 0 U -1
28 0 U -1
29 1 L 24
30 0 U -1
31 1 L 7
32 0 L 14
33 1 U 21
34 1 U 33
35 1 L 0
36 1 L 20
37 0 U 36
38 0 U 35
39 1 L 16
40 1 L 25
41 1 L -1
42 0 L 21
43 1 U 36
44 0 L 42
45 0 L 7
46 0 U 40
47 0 U 1
48 1 U 45
49 0 L -1
50 1 U 11
51 0 L 42
52 0 U -1
53 0 L 48
54 0 U 0
55 0 L 10
56 1 U 0
57 0 L 42
58 0 L -1
59 0 U 46
60 1 U 36
61 1 U 45
62 0 L 49
63 0 U 60
64 1 L 8
65 0 U 40
66 0 L 21
67 0 L 6
68
0 1 U -1
1 0 U -1
2 0 U -1
3 0 L -1
4 1 U -1
5 1 L 1
6 0 U 4
7 1 U 4
8 0 L 1
9 1 L 3
10 0 U -1
11 0 U 2
12 0 U 4
13 0 L 8
14 0 U -1
15 1 U 12
16 1 U -1
17 1 U 5
18 0 U 2
19 1 L -1
20 0 L 12
21 0 L 19
22 1 L -1
23 0 U 16
24 0 L 14
25 1 L 3
26 1 L 13
27 0 U -1
28 0 U -1
29 0 L 16
30 0 U -1
31 1 L 14
32 0 L 14
33 1 U 21
34 0 U 29
35 1 L 0
36 1 L 20
37 0 U 34
38 0 U 35
39 1 L 16
40 1 L 25
41 1 L -1
42 0 L 21
43 1 U 36
44 0 L 42
45 0 L 14
46 1 U 40
47 0 U 4
48 1 U 45
49 0 L -1
50 1 U 11
51 0 L 8
52 0 U -1
53 0 L 48
54 1 U 0
55 0 L 10
56 1 U 0
57 0 L 42
58 0 L -1
59 0 U 46
60 1 U 24
61 1 U 45
62 0 L 49
63 1 U 60
64 1 L 8
65 0 U 40
66 0 L 21
67 0 L 6
68
0 1 U -1
1 0 U -1
2 0 U -1
3 0 L -1
4 1 U -1
5 1 L 1
6 0 U 4
7 1 U 4
8 0 L 1
9 0 L 3
10 0 U -1
11 0 U 2
12 0 U 1
13 0 L 8
14 0 U -1
15 1 U 12
16 1 U -1
17 1 U 12
18 1 U 2
19 1 L -1
20 0 L 12
21 1 L 19
22 0 L -1
23 0 U 16
24 0 L 14
25 1 L 3
26 1 L 13
27 0 U -1
28 0 U -1
29 1 L 16
30 0 U -1
31 1 L 14
32 0 L 14
33 1 U 21
34 0 U 29
35 1 L 0
36 1 L 18
37 0 U 34
38 0 U 35
39 1 L 16
40 0 L 25
41 1 L -1
42 0 L 21
43 1 U 36
44 0 L 42
45 0 L 7
46 1 U 40
47 0 U 4
48 1 U 45
49 0 L -1
50 1 U 11
51 0 L 8
52 0 U -1
53 0 L 48
54 1 U 0
55 0 L 10
56 1 U 0
57 0 L 42
58 0 L -1
59 0 U 46
60 0 U 22
61 1 U 45
62 0 L 49
63 1 U 60
64 1 L 8
65 0 U 40
66 0 L 21
67 0 L 6
68
0 1 U -1
1 0 U -1
2 0 U -1
3 0 L -1
4 1 U -1
5 1 L 1
6 0 U 1
7 1 U 0
8 0 L 1
9 1 L 3
10 0 U -1
11 0 U 2
12 0 U 1
13 0 L 8
14 0 U -1
15 1 U 12
16 1 U -1
17 1 U 5
18 1 U 2
19 1 L -1
20 0 L 12
21 1 L 19
22 0 L -1
23 0 U 16
24 0 L 14
25 0 L 22
26 1 L 13
27 0 U -1
28 0 U -1
29 1 L 16
30 0 U -1
31 1 L 14
32 0 L 14
33 1 U 21
34 1 U 29
35 1 L 0
36 1 L 18
37 0 U 34
38 0 U 34
39 1 L 16
40 0 L 25
41 0 U 2
42 0 L 21
43 1 U 36
44 0 L 8
45 0 L 14
46 0 U 33
47 0 U 30
48 1 U 45
49 0 L -1
50 1 U 11
51 0 L 8
52 0 U -1
53 0 L 48
54 1 U 0
55 0 L 10
56 1 U 2
57 0 L 8
58 1 L -1
59 0 U 24
60 1 U 24
61 1 U 45
62 0 L 49
63 0 U 60
64 1 L 8
65 0 U 40
66 0 L 21
67 0 L 64
68
0 1 U -1
1 1 U -1
2 0 U -1
3 0 L -1
4 1 U -1
5 1 L 1
6 0 U 4
7 1 U 2
8 0 L 1
9 1 L 3
10 0 U -1
11 0 U 2
12 0 U 1
13 0 L 8
14 0 U -1
15 1 U 12
16 1 U -1
17 1 U 7
18 0 U 2
19 1 L -1
20 0 L 15
21 0 L 19
22 0 L -1
23 0 U 16
24 0 L 14
25 0 L 3
26 1 L 13
27 0 U -1
28 1 L -1
29 1 L 24
30 0 U -1
31 1 L 14
32 0 L 14
33 1 U 21
34 0 U 22
35 1 L 22
36 1 L 29
37 0 U 34
38 0 U 34
39 1 L 16
40 1 L 25
41 0 U 2
42 0 L 21
43 1 U 36
44 0 L 8
45 0 L 14
46 1 U 33
47 0 U 30
48 1 U 45
49 0 L -1
50 1 U 11
51 1 L 5
52 0 U -1
53 0 L 48
54 1 U 0
55 0 L 10
56 1 U 10
57 0 L 8
58 1 L -1
59 0 U 24
60 1 U 24
61 1 U 45
62 0 L 49
63 1 U 60
64 1 L 8
65 0 U 40
66 0 L 35
67 0 L 64
68
0 1 L -1
1 1 U -1
2 0 U -1
3 0 L -1
4 1 U -1
5 1 L 1
6 0 U 4
7 1 U 2
8 0 L 1
9 0 L 3
10 1 U -1
11 0 U 2
12 0 U 1
13 0 L 8
14 0 U -1
15 1 U 12
16 1 U -1
17 1 U 7
18 0 U 2
19 1 L -1
20 0 L 15
21 0 L 19
22 1 L -1
23 0 U 16
24 0 L 14
25 0 L 3
26 1 L 13
27 0 U -1
28 0 L -1
29 0 L 24
30 0 U -1
31 1 L 14
32 0 L 14
33 1 U 6
34 0 U 24
35 1 L 0
36 1 L 29
37 0 U 34
38 0 U 34
39 1 L 23
40 0 L 25
41 0 U 2
42 0 L 21
43 1 U 36
44 0 L 8
45 0 L 14
46 1 U 33
47 0 U 30
48 1 U 45
49 0 L -1
50 1 U 6
51 1 L 5
52 0 U -1
53 0 L 20
54 1 U 0
55 0 L 10
56 1 U 10
57 0 L 8
58 1 L -1
59 0 U 24
60 1 U 24
61 1 U 55
62 0 L 49
63 1 U 60
64 1 L 8
65 0 U 50
66 0 L 35
67 0 L 64
68
0 1 U -1
1 1 U -1
2 0 U -1
3 0 L -1
4 1 U -1
5 1 L 1
6 0 U 4
7 1 U 0
8 0 L 1
9 0 L 3
10 1 U -1
11 0 U 0
12 0 U 1
13 0 L 8
14 0 U -1
15 1 U 12
16 1 U -1
17 1 U 12
18 0 U 2
19 1 L -1
20 0 L 15
21 0 L 19
22 1 L -1
23 0 U 16
24 0 L 14
25 0 L 3
26 1 L 13
27 0 U -1
28 0 L -1
29 0 L 24
30 0 U -1
31 1 L 14
32 0 L 14
33 1 U 15
34 0 L 24
35 1 L 0
36 1 L 29
37 0 U 34
38 0 U 35
39 1 L 23
40 0 L 25
41 0 U 27
42 0 L 21
43 1 U 36
44 0 L 40
45 0 L 14
46 1 U 33
47 0 U 0
48 1 U 45
49 0 L -1
50 1 U 6
51 0 L 5
52 0 U -1
53 0 L 20
54 0 U 0
55 0 L 10
56 1 U 10
57 0 L 8
58 0 L -1
59 0 U 24
60 0 U 24
61 1 U 55
62 0 L 49
63 1 U 60
64 1 L 8
65 0 U 50
66 0 L 35
67 0 L 64
68
0 1 U -1
1 1 U -1
2 0 U -1
3 0 L -1
4 1 U -1
5 1 L 1
6 0 U 4
7 1 U 4
8 0 L 1
9 0 L 3
10 1 U -1
11 0 U 0
12 0 U 1
13 1 L 5
14 0 U -1
15 1 U 12
16 1 U -1
17 1 U 11
18 0 U 2
19 1 L -1
20 0 L 16
21 0 L 19
22 0 L -1
23 0 U 10
24 0 L 14
25 0 L 3
26 1 L 14
27 0 U -1
28 1 L -1
29 0 L 24
30 0 U -1
31 1 L 7
32 0 L 14
33 1 U 21
34 0 U 24
35 1 L 22
36 1 L 29
37 0 U 34
38 0 U 34
39 1 L 23
40 0 L 25
41 0 U 27
42 0 L 21
43 1 U 36
44 0 L 40
45 1 L 14
46 1 U 44
47 0 U 0
48 1 U 43
49 0 L -1
50 1 U 6
51 0 L 5
52 0 U -1
53 0 L 48
54 0 U 0
55 0 L 10
56 1 U 10
57 0 L 8
58 1 L -1
59 0 U 24
60 1 U 24
61 1 U 55
62 0 L 49
63 0 U 60
64 1 L 8
65 0 U 50
66 0 L 58
67 0 L 64
68
0 1 U -1
1 1 U -1
2 0 U -1
3 0 L -1
4 1 U -1
5 1 L 1
6 0 U 4
7 1 U 1
8 0 L 1
9 1 L 3
10 1 U -1
11 0 U 0
12 0 U 1
13 1 L 10
14 0 U -1
15 1 U 12
16 1 U -1
17 1 U 11
18 1 U 2
19 1 L -1
20 0 L 16
21 1 L 19
22 0 L -1
23 0 U 10
24 0 L 14
25 0 L 3
26 1 L 14
27 1 U -1
28 1 L -1
29 0 L 24
30 0 U -1
31 1 L 14
32 0 L 14
33 1 U 21
34 0 U 24
35 0 L 22
36 1 L 29
37 0 U 34
38 0 U 34
39 1 L 23
40 0 L 25
41 0 U 27
42 0 L 35
43 1 U 36
44 0 L 40
45 1 L 7
46 0 U 44
47 0 U 0
48 1 U 43
49 0 L -1
50 1 U 6
51 0 L 5
52 1 U -1
53 0 L 48
54 0 U 0
55 0 L 10
56 1 U 0
57 0 L 40
58 0 L -1
59 0 U 24
60 1 U 24
61 1 U 55
62 0 L 49
63 0 U 60
64 1 L 8
65 0 U 50
66 0 L 58
67 0 L 64
68
0 1 L -1
1 1 U -1
2 0 U -1
3 0 L -1
4 1 U -1
5 1 L 1
6 0 U 4
7 1 U 4
8 0 L 1
9 0 L 3
10 1 U -1
11 0 U 0
12 0 U 1
13 1 L 10
14 0 U -1
15 1 U 12
16 1 U -1
17 1 U 11
18 0 U 2
19 1 L -1
20 0 L 16
21 0 L 0
22 0 L -1
23 0 U 10
24 0 L 14
25 0 L 3
26 1 L 14
27 0 U -1
28 1 L -1
29 1 L 24
30 0 U -1
31 1 L 14
32 0 L 14
33 1 U 21
34 0 U 24
35 0 L 19
36 1 L 29
37 0 U 34
38 0 U 34
39 1 L 23
40 0 L 25
41 0 U 2
42 0 L 35
43 1 U 36
44 0 L 40
45 1 L 7
46 1 U 40
47 0 U 4
48 1 U 43
49 0 L -1
50 1 U 21
51 1 L 5
52 0 U -1
53 0 L 48
54 0 U 0
55 0 L 10
56 1 U 10
57 0 L 8
58 1 L -1
59 0 U 24
60 0 U 24
61 1 U 55
62 0 L 49
63 1 U 60
64 1 L 5
65 0 U 50
66 0 L 58
67 0 L 64
68
0 1 L -1
1 1 U -1
2 0 U -1
3 0 L -1
4 1 U -1
5 1 L 1
6 0 U 4
7 1 U 4
8 0 L 1
9 1 L 3
10 1 U -1
11 0 U 0
12 0 U 1
13 0 L 4
14 0 U -1
15 1 U 12
16 1 U -1
17 1 U 11
18 1 U 2
19 1 L -1
20 0 L 16
21 0 L 19
22 0 L -1
23 0 U 16
24 0 L 14
25 0 L 3
26 1 L 14
27 0 U -1
28 0 L -1
29 0 L 12
30 0 U -1
31 1 L 7
32 0 L 14
33 1 U 21
34 0 U 24
35 0 L 19
36 1 L 29
37 0 U 34
38 0 U 34
39 1 L 23
40 0 L 25
41 0 U 2
42 0 L 35
43 1 U 36
44 0 L 40
45 1 L 7
46 1 U 40
47 0 U 1
48 1 U 43
49 0 L -1
50 1 U 21
51 0 L 8
52 1 U -1
53 0 L 48
54 1 U 0
55 0 L 10
56 1 U 52
57 0 L 8
58 1 L -1
59 0 U 24
60 1 U 24
61 1 U 55
62 0 L 49
63 0 U 60
64 1 L 5
65 0 U 50
66 0 L 58
67 0 L 64
68
0 1 L -1
1 1 U -1
2 0 U -1
3 0 L -1
4 1 U -1
5 1 L 1
6 0 U 4
7 1 U 4
8 0 L 1
9 1 L 3
10 1 U -1
11 0 U 0
12 0 U 1
13 1 L 8
14 0 U -1
15 1 U 12
16 1 U -1
17 1 U 11
18 0 U 2
19 1 L -1
20 0 L 16
21 0 L 19
22 0 L -1
23 0 U 10
24 0 L 14
25 0 L 3
26 0 L 14
27 1 U -1
28 1 L -1
29 0 L 12
30 0 U -1
31 1 L 13
32 0 L 14
33 1 U 6
34 0 U 24
35 1 L 28
36 1 L 29
37 0 U 34
38 0 U 36
39 1 L 23
40 1 L 25
41 1 U 2
42 0 L 35
43 1 U 36
44 0 L 40
45 1 U 7
46 0 U 20
47 0 U 30
48 1 U 32
49 0 L -1
50 1 U 21
51 1 L 5
52 1 U -1
53 0 L 27
54 0 U 2
55 0 L 10
56 0 U 52
57 0 L 8
58 1 L -1
59 0 U 24
60 1 U 22
61 1 U 55
62 0 L 49
63 0 U 35
64 1 L 40
65 0 U 50
66 0 L 58
67 0 L 64
68
0 1 L -1
1 1 U -1
2 0 U -1
3 0 L -1
4 1 U -1
5 1 L 1
6 0 U 4
7 1 U 4
8 0 L 1
9 1 L 3
10 0 U -1
11 0 U 0
12 0 U 1
13 1 L 5
14 0 U -1
15 1 U 12
16 1 U -1
17 1 U 11
18 0 U 2
19 1 L -1
20 0 L 12
21 0 L 19
22 0 L -1
23 0 U 16
24 0 L 14
25 0 L 3
26 0 L 14
27 1 U -1
28 1 L -1
29 0 L 12
30 0 U -1
31 1 L 13
32 0 L 14
33 1 U 6
34 0 U 24
35 1 L 19
36 1 L 29
37 0 U 34
38 0 U 36
39 1 L 23
40 1 L 25
41 1 U 2
42 0 L 35
43 1 U 36
44 0 L 40
45 1 U 7
46 1 U 20
47 0 U 30
48 1 U 1
49 0 L -1
50 1 U 21
51 0 L 5
52 1 U -1
53 0 L 27
54 0 U 2
55 0 L 10
56 0 U 52
57 0 L 40
58 1 L -1
59 0 U 24
60 1 U 22
61 1 U 55
62 0 L 49
63 1 U 35
64 1 L 40
65 0 U 50
66 0 L 58
67 0 L 64
68
0 1 L -1
1 1 U -1
2 0 U -1
3 0 L -1
4 1 U -1
5 1 L 1
6 0 U 4
7 1 U 4
8 0 L 1
9 0 L 3
10 0 U -1
11 0 U 0
12 0 U 1
13 1 L 5
14 0 U -1
15 1 U 12
16 1 U -1
17 1 U 11
18 0 U 2
19 1 L -1
20 0 L 12
21 0 L 19
22 0 L -1
23 0 U 16
24 0 L 14
25 0 L 3
26 0 L 14
27 1 U -1
28 1 L -1
29 1 L 12
30 0 U -1
31 1 L 13
32 0 L 14
33 1 U 6
34 0 U 24
35 1 L 19
36 1 L 29
37 0 U 34
38 0 U 36
39 1 L 23
40 1 L 25
41 0 U 2
42 0 L 35
43 1 U 36
44 0 L 40
45 1 U 7
46 0 U 20
47 1 U 30
48 1 U 4
49 0 L -1
50 1 U 21
51 0 L 5
52 1 U -1
53 0 L 27
54 1 U 2
55 0 L 10
56 0 U 52
57 0 L 40
58 1 L -1
59 0 U 24
60 1 U 22
61 1 U 55
62 0 L 49
63 1 U 35
64 1 L 40
65 0 U 50
66 0 L 58
67 0 L 64
68
0 1 U -1
1 1 U -1
2 0 U -1
3 0 L -1
4 1 U -1
5 1 L 1
6 0 U 4
7 1 U 0
8 0 L 1
9 0 L 3
10 0 U -1
11 0 U 0
12 0 U 1
13 1 L 5
14 0 U -1
15 1 U 12
16 1 U -1
17 1 U 11
18 0 U 2
19 1 L -1
20 0 L 16
21 0 L 19
22 0 L -1
23 0 U 16
24 0 L 14
25 0 L 3
26 0 L 14
27 0 U -1
28 1 L -1
29 0 L 16
30 0 U -1
31 1 L 13
32 0 L 14
33 1 U 6
34 0 U 24
35 1 L 19
36 1 L 29
37 0 U 34
38 0 U 36
39 1 L 23
40 1 L 25
41 0 U 2
42 0 L 35
43 1 U 36
44 0 L 40
45 1 U 18
46 1 U 33
47 0 U 30
48 1 U 9
49 0 L -1
50 1 U 21
51 1 L 5
52 1 U -1
53 0 L 38
54 0 U 2
55 0 L 10
56 0 U 52
57 0 L 40
58 0 L -1
59 0 U 24
60 1 U 22
61 1 U 55
62 0 L 49
63 1 U 35
64 1 L 40
65 0 U 50
66 0 L 58
67 0 L 64
68
0 1 U -1
1 1 U -1
2 0 U -1
3 0 L -1
4 1 U -1
5 1 L 1
6 0 U 4
7 1 U 1
8 0 L 1
9 0 L 3
10 1 U -1
11 0 U 0
12 0 U 1
13 0 L 8
14 0 U -1
15 1 U 12
16 1 U -1
17 1 U 11
18 0 U 2
19 1 L -1
20 0 L 16
21 0 L 19
22 0 L -1
23 0 U 10
24 0 L 14
25 0 L 22
26 0 L 14
27 0 U -1
28 1 L -1
29 1 L 24
30 0 U -1
31 1 L 13
32 0 L 14
33 1 U 6
34 0 U 24
35 1 L 19
36 1 L 29
37 0 U 34
38 0 U 36
39 1 L 23
40 0 L 25
41 0 U 2
42 0 L 35
43 1 U 36
44 0 L 40
45 1 U 18
46 1 U 33
47 1 U 30
48 1 U 9
49 0 L -1
50 1 U 21
51 0 L 40
52 1 U -1
53 0 L 38
54 0 U 2
55 0 L 10
56 0 U 52
57 0 L 40
58 1 L -1
59 0 U 24
60 1 U 22
61 1 U 59
62 0 L 49
63 1 U 28
64 1 L 40
65 0 U 50
66 0 L 58
67 0 L 64
68
0 1 U -1
1 0 U -1
2 0 U -1
3 0 L -1
4 1 U -1
5 1 L 1
6 0 U 4
7 1 U 4
8 0 L 1
9 1 L 3
10 1 U -1
11 0 U 0
12 0 U 1
13 0 L 5
14 0 U -1
15 1 U 12
16 1 U -1
17 1 L 11
18 1 U 2
19 1 L -1
20 0 L 16
21 0 L 19
22 1 L -1
23 0 U 10
24 0 L 14
25 0 L 22
26 0 L 11
27 0 U -1
28 1 L -1
29 1 L 24
30 0 U -1
31 1 L 13
32 0 L 7
33 1 U 21
34 0 L 24
35 0 L 19
36 1 L 29
37 0 U 34
38 0 U 35
39 1 L 23
40 0 L 25
41 0 U 2
42 0 L 35
43 0 U 36
44 0 L 8
45 1 U 41
46 1 U 33
47 1 U 30
48 1 U 30
49 0 L -1
50 1 U 45
51 0 L 40
52 1 U -1
53 1 L 20
54 1 U 2
55 0 L 10
56 0 U 52
57 0 L 8
58 0 L -1
59 0 U 24
60 0 U 22
61 1 U 59
62 0 L 49
63 0 U 62
64 1 L 40
65 0 U 50
66 0 L 58
67 0 L 10
68
0 1 U -1
1 0 U -1
2 0 U -1
3 0 L -1
4 1 U -1
5 1 L 1
6 0 U 4
7 1 U 0
8 0 L 1
9 0 L 3
10 1 U -1
11 0 U 0
12 0 U 1
13 1 L 5
14 0 U -1
15 1 U 12
16 1 U -1
17 1 L 11
18 1 U 2
19 1 L -1
20 0 L 12
21 0 L 19
22 1 L -1
23 0 U 10
24 0 L 14
25 0 L 22
26 0 L 11
27 1 U -1
28 1 L -1
29 1 L 12
30 0 U -1
31 1 L 13
32 1 L 7
33 1 U 21
34 0 L 24
35 1 L 19
36 1 L 29
37 0 U 34
38 0 U 35
39 1 L 23
40 0 L 25
41 0 U 2
42 0 L 35
43 0 U 36
44 0 L 8
45 1 U 41
46 0 U 40
47 1 U 23
48 1 U 23
49 0 L -1
50 1 U 45
51 1 L 40
52 1 U -1
53 1 L 20
54 1 U 2
55 0 L 10
56 0 U 52
57 0 L 40
58 0 L -1
59 0 U 24
60 0 U 36
61 1 U 59
62 0 L 49
63 0 U 62
64 1 L 40
65 0 U 50
66 0 L 21
67 0 L 10
68
0 1 L -1
1 0 U -1
2 0 U -1
3 0 L -1
4 1 U -1
5 1 L 1
6 0 U 1
7 1 U 4
8 0 L 1
9 0 L 3
10 1 U -1
11 0 U 0
12 0 U 4
13 1 L 5
14 0 U -1
15 1 U 12
16 1 U -1
17 1 L 11
18 1 U 2
19 1 L -1
20 0 L 12
21 0 L 19
22 1 L -1
23 0 U 10
24 0 L 14
25 0 L 22
26 0 L 11
27 1 U -1
28 1 L -1
29 0 L 12
30 0 U -1
31 1 L 13
32 1 L 14
33 1 U 21
34 1 L 24
35 1 L 19
36 1 L 29
37 0 U 34
38 0 U 35
39 1 L 23
40 1 L 25
41 0 U 2
42 0 L 35
43 0 U 36
44 0 L 8
45 1 U 41
46 1 U 40
47 0 U 23
48 1 U 30
49 0 L -1
50 1 U 45
51 0 L 40
52 1 U -1
53 1 L 39
54 1 U 2
55 0 L 10
56 0 U 52
57 0 L 40
58 1 L -1
59 0 U 24
60 0 U 36
61 1 U 59
62 0 L 49
63 1 U 57
64 1 L 40
65 0 U 50
66 0 L 21
67 0 L 10
68
0 1 U -1
1 0 U -1
2 0 U -1
3 0 L -1
4 1 U -1
5 1 L 1
6 0 U 1
7 1 U 1
8 0 L 1
9 0 L 3
10 1 U -1
11 0 U 0
12 0 U 4
13 0 L 4
14 0 U -1
15 1 U 12
16 1 U -1
17 1 U 11
18 0 U 2
19 1 L -1
20 0 L 12
21 0 L 19
22 1 L -1
23 0 U 10
24 0 L 14
25 0 L 22
26 0 L 11
27 0 U -1
28 0 L -1
29 1 L 16
30 0 U -1
31 1 L 13
32 1 L 14
33 1 U 21
34 0 L 24
35 1 L 0
36 1 L 29
37 0 U 34
38 0 U 34
39 1 L 26
40 0 L 25
41 0 U 2
42 0 L 35
43 0 U 36
44 0 L 8
45 1 U 41
46 0 U 40
47 1 U 0
48 1 U 30
49 0 L -1
50 1 U 45
51 1 L 42
52 1 U -1
53 1 L 39
54 1 U 2
55 0 L 10
56 0 U 52
57 0 L 40
58 0 L -1
59 0 U 24
60 0 U 22
61 1 U 59
62 0 L 49
63 1 U 37
64 1 L 44
65 0 U 50
66 0 L 35
67 0 L 6
68
0 1 U -1
1 0 U -1
2 0 U -1
3 0 L -1
4 1 U -1
5 1 L 1
6 0 U 4
7 1 U 0
8 0 L 1
9 0 L 3
10 1 U -1
11 0 U 0
12 0 U 4
13 1 L 5
14 0 U -1
15 1 U 12
16 1 U -1
17 1 U 11
18 0 U 2
19 1 L -1
20 0 L 12
21 0 L 19
22 1 L -1
23 0 U 10
24 0 L 14
25 0 L 22
26 0 L 11
27 1 U -1
28 0 L -1
29 1 L 16
30 0 U -1
31 1 L 13
32 1 L 14
33 1 U 21
34 0 L 24
35 0 L 19
36 1 L 29
37 0 U 34
38 0 U 34
39 1 L 26
40 1 L 25
41 0 U 2
42 0 L 35
43 0 U 34
44 0 L 8
45 1 U 41
46 1 U 40
47 1 U 0
48 1 U 40
49 0 L -1
50 1 U 45
51 0 L 42
52 1 U -1
53 0 L 39
54 1 U 2
55 0 L 10
56 0 U 52
57 0 L 40
58 1 L -1
59 0 U 24
60 0 U 46
61 1 U 37
62 0 L 35
63 1 L 62
64 1 L 44
65 0 U 50
66 0 L 35
67 0 L 6
68
0 1 L -1
1 0 U -1
2 0 U -1
3 0 L -1
4 1 U -1
5 1 L 1
6 0 U 4
7 1 U 2
8 0 L 1
9 0 L 3
10 0 U -1
11 0 U 0
12 0 U 4
13 1 L 5
14 0 U -1
15 1 U 12
16 1 U -1
17 1 U 5
18 0 U 2
19 1 L -1
20 0 L 16
21 1 L 19
22 1 L -1
23 0 U 16
24 0 L 14
25 0 L 22
26 0 L 11
27 0 U -1
28 1 L -1
29 0 L 16
30 0 U -1
31 1 L 13
32 1 L 14
33 1 U 6
34 0 L 24
35 0 L 19
36 1 L 29
37 0 U 34
38 0 U 34
39 1 L 26
40 0 L 25
41 0 U 27
42 0 L 35
43 0 U 34
44 0 L 8
45 1 U 18
46 1 U 40
47 1 U 1
48 1 U 0
49 0 L -1
50 1 U 45
51 0 L 42
52 1 U -1
53 0 L 39
54 1 U 2
55 0 L 10
56 0 U 52
57 0 L 40
58 1 L -1
59 0 U 46
60 0 U 46
61 1 U 37
62 0 L 35
63 1 L 62
64 1 L 44
65 0 U 50
66 0 L 49
67 0 L 10
68
0 1 U -1
1 0 U -1
2 0 U -1
3 0 L -1
4 1 U -1
5 1 L 1
6 0 U 4
7 1 U 2
8 0 L 1
9 0 L 3
10 1 U -1
11 0 U 0
12 0 U 1
13 0 L 5
14 0 U -1
15 1 U 12
16 1 U -1
17 1 U 5
18 0 U 2
19 1 L -1
20 0 L 16
21 0 L 0
22 1 L -1
23 0 U 16
24 0 L 14
25 0 L 22
26 0 L 11
27 0 U -1
28 1 L -1
29 0 L 12
30 0 U -1
31 1 L 13
32 1 L 7
33 1 U 6
34 0 L 12
35 0 L 19
36 1 L 29
37 0 U 34
38 0 U 34
39 1 L 26
40 1 L 25
41 0 U 27
42 0 L 35
43 1 U 34
44 0 L 8
45 1 U 18
46 1 U 40
47 0 U 1
48 1 U 0
49 0 L -1
50 1 U 45
51 1 L 42
52 1 U -1
53 0 L 39
54 1 U 2
55 0 L 10
56 0 U 52
57 0 L 40
58 0 L -1
59 0 U 46
60 0 U 46
61 1 U 37
62 0 L 35
63 1 L 62
64 1 L 44
65 0 U 50
66 0 L 49
67 0 L 10
68
0 1 L -1
1 0 U -1
2 0 U -1
3 0 L -1
4 1 U -1
5 1 L 1
6 0 U 4
7 1 U 4
8 0 L 1
9 1 L 3
10 1 U -1
11 0 U 0
12 0 U 1
13 1 L 5
14 0 U -1
15 1 U 12
16 1 U -1
17 1 U 5
18 1 U 2
19 1 L -1
20 0 L 16
21 0 L 0
22 0 L -1
23 0 U 10
24 0 L 14
25 0 L 3
26 0 L 11
27 0 U -1
28 0 L -1
29 0 L 12
30 0 U -1
31 1 L 13
32 1 L 7
33 1 U 21
34 0 L 16
35 0 L 19
36 1 L 29
37 0 U 34
38 0 U 34
39 1 L 26
40 1 L 25
41 0 U 27
42 0 L 35
43 1 U 34
44 0 L 40
45 1 U 41
46 1 U 40
47 0 U 1
48 1 U 4
49 0 L -1
50 1 U 45
51 1 L 8
52 1 U -1
53 0 L 39
54 1 U 2
55 0 L 10
56 0 U 52
57 0 L 40
58 0 L -1
59 0 U 46
60 0 U 42
61 1 U 37
62 0 L 35
63 1 L 42
64 1 L 7
65 0 U 50
66 0 L 58
67 0 L 10
68
0 1 U -1
1 0 U -1
2 0 U -1
3 0 L -1
4 1 U -1
5 1 L 1
6 0 U 1
7 1 U 2
8 0 L 1
9 1 L 3
10 1 U -1
11 0 U 0
12 0 U 1
13 0 L 5
14 0 U -1
15 1 U 12
16 1 U -1
17 1 U 11
18 0 U 2
19 1 L -1
20 0 L 16
21 0 L 0
22 0 L -1
23 0 U 10
24 0 L 14
25 0 L 3
26 0 L 11
27 0 U -1
28 0 L -1
29 0 L 12
30 0 U -1
31 1 L 13
32 1 L 7
33 1 U 21
34 0 L 16
35 0 L 19
36 1 L 29
37 0 U 34
38 0 U 34
39 1 L 26
40 1 L 25
41 0 U 27
42 0 L 35
43 1 U 34
44 0 L 40
45 1 U 41
46 0 U 40
47 0 U 23
48 1 U 4
49 0 L -1
50 1 U 45
51 0 L 42
52 1 U -1
53 0 L 39
54 1 U 27
55 0 L 10
56 0 U 52
57 0 L 40
58 1 L -1
59 0 U 46
60 0 U 24
61 1 U 59
62 0 L 35
63 1 L 62
64 1 L 7
65 0 U 50
66 0 L 58
67 0 L 10
68
0 1 U -1
1 0 U -1
2 0 U -1
3 0 L -1
4 1 U -1
5 1 L 1
6 0 U 1
7 1 U 2
8 0 L 1
9 0 L 3
10 1 U -1
11 0 U 0
12 0 U 1
13 0 L 4
14 0 U -1
15 1 U 12
16 1 U -1
17 1 U 11
18 1 U 2
19 1 L -1
20 0 L 12
21 1 L 0
22 0 L -1
23 0 U 10
24 0 L 14
25 0 L 3
26 0 L 11
27 0 U -1
28 0 L -1
29 0 L 24
30 0 U -1
31 1 L 13
32 1 L 7
33 1 U 21
34 0 L 12
35 0 L 19
36 1 L 29
37 0 U 34
38 0 U 35
39 1 L 26
40 1 L 25
41 0 U 27
42 0 L 35
43 1 U 34
44 0 L 40
45 1 U 41
46 0 U 40
47 0 U 23
48 1 U 23
49 0 L -1
50 1 U 45
51 0 L 42
52 1 U -1
53 0 L 39
54 1 U 2
55 0 L 10
56 0 U 52
57 0 L 40
58 1 L -1
59 0 U 46
60 0 U 46
61 1 U 59
62 0 L 35
63 1 L 62
64 1 L 7
65 0 U 50
66 0 L 49
67 0 L 10
68
0 1 U -1
1 0 U -1
2 0 U -1
3 0 L -1
4 1 U -1
5 1 L 1
6 0 U 1
7 1 U 0
8 0 L 1
9 1 L 3
10 1 U -1
11 0 U 0
12 0 U 1
13 0 L 5
14 0 U -1
15 1 U 12
16 1 U -1
17 1 U 11
18 1 U 2
19 1 L -1
20 0 L 16
21 1 L 0
22 1 L -1
23 0 U 10
24 0 L 14
25 0 L 22
26 0 L 11
27 0 U -1
28 1 L -1
29 0 L 12
30 0 U -1
31 1 L 13
32 1 L 7
33 1 U 21
34 0 L 24
35 0 L 19
36 1 L 29
37 0 U 34
38 0 U 35
39 1 L 23
40 1 L 25
41 0 U 27
42 0 L 35
43 1 U 34
44 0 L 40
45 1 U 41
46 1 U 40
47 0 U 23
48 1 U 23
49 0 L -1
50 1 U 45
51 1 L 42
52 1 U -1
53 0 L 39
54 1 U 27
55 0 L 51
56 0 U 52
57 0 L 40
58 1 L -1
59 0 U 36
60 0 U 46
61 1 U 59
62 0 L 35
63 1 L 62
64 1 L 7
65 0 U 50
66 0 L 49
67 0 L 10
68
0 1 U -1
1 0 U -1
2 0 U -1
3 0 L -1
4 1 U -1
5 1 L 1
6 0 U 1
7 1 U 1
8 0 L 1
9 1 L 3
10 1 U -1
11 0 U 0
12 0 U 4
13 0 L 5
14 0 U -1
15 1 U 12
16 1 U -1
17 1 U 11
18 0 U 2
19 1 L -1
20 0 L 12
21 0 L 0
22 1 L -1
23 0 U 10
24 0 L 14
25 0 L 22
26 0 L 11
27 0 U -1
28 1 L -1
29 0 L 12
30 0 U -1
31 1 L 13
32 1 L 7
33 1 U 21
34 0 L 24
35 0 L 19
36 1 L 29
37 0 U 34
38 0 U 35
39 1 L 23
40 1 L 25
41 0 U 27
42 0 L 35
43 1 U 34
44 0 L 40
45 1 U 41
46 0 U 40
47 0 U 23
48 1 U 27
49 0 L -1
50 1 U 45
51 1 L 42
52 1 U -1
53 0 L 39
54 1 U 27
55 0 L 51
56 0 U 52
57 0 L 8
58 1 L -1
59 0 U 34
60 0 U 22
61 1 U 59
62 0 L 35
63 1 L 40
64 1 L 7
65 0 U 50
66 0 L 49
67 0 L 57
68
0 1 L -1
1 0 U -1
2 0 U -1
3 0 L -1
4 1 U -1
5 1 L 1
6 0 U 4
7 1 U 2
8 0 L 1
9 1 L 3
10 1 U -1
11 0 U 0
12 0 U 1
13 0 L 8
14 0 U -1
15 1 U 12
16 1 U -1
17 1 U 5
18 1 U 2
19 1 L -1
20 0 L 12
21 0 L 0
22 1 L -1
23 0 U 10
24 0 L 14
25 0 L 22
26 0 L 11
27 0 U -1
28 0 L -1
29 0 L 12
30 0 U -1
31 1 L 13
32 1 L 7
33 1 U 21
34 0 L 24
35 0 L 19
36 1 L 29
37 0 U 34
38 0 U 35
39 1 L 16
40 1 L 25
41 0 U 2
42 0 L 35
43 1 U 34
44 0 L 40
45 1 U 41
46 1 U 40
47 0 U 23
48 1 U 27
49 0 L -1
50 1 U 45
51 0 L 42
52 1 U -1
53 0 L 27
54 1 U 2
55 0 L 51
56 0 U 52
57 0 L 8
58 1 L -1
59 0 U 24
60 0 U 34
61 1 U 59
62 0 L 49
63 1 L 40
64 1 L 7
65 0 U 50
66 0 L 49
67 0 L 6
68
0 1 U -1
1 0 U -1
2 0 U -1
3 0 L -1
4 1 U -1
5 1 L 1
6 0 U 1
7 1 U 4
8 0 L 1
9 1 L 3
10 1 U -1
11 0 U 4
12 0 U 1
13 1 L 8
14 0 U -1
15 1 U 12
16 1 U -1
17 1 U 5
18 0 U 2
19 1 L -1
20 0 L 12
21 0 L 0
22 1 L -1
23 0 U 10
24 0 L 14
25 0 L 22
26 0 L 11
27 0 U -1
28 1 L -1
29 0 L 12
30 0 U -1
31 1 L 13
32 1 L 7
33 1 U 21
34 0 L 24
35 1 L 19
36 1 L 29
37 0 U 34
38 0 U 35
39 1 L 16
40 1 L 25
41 0 U 2
42 0 L 35
43 1 U 34
44 0 L 40
45 1 U 41
46 1 U 40
47 0 U 23
48 1 U 23
49 0 L -1
50 1 U 45
51 0 L 42
52 1 U -1
53 0 L 17
54 1 U 27
55 0 L 51
56 0 U 52
57 1 L 8
58 0 L -1
59 0 U 24
60 0 U 22
61 1 U 59
62 0 L 49
63 1 L 40
64 1 L 8
65 0 U 50
66 0 L 49
67 0 L 6
68
0 1 L -1
1 0 U -1
2 0 U -1
3 0 L -1
4 1 U -1
5 1 L 1
6 0 U 1
7 1 U 1
8 0 L 1
9 0 L 3
10 1 U -1
11 0 U 1
12 0 U 4
13 0 L 8
14 0 U -1
15 1 U 12
16 1 U -1
17 1 U 5
18 0 U 2
19 1 L -1
20 0 L 12
21 0 L 0
22 1 L -1
23 0 U 10
24 0 L 14
25 0 L 22
26 0 L 11
27 0 U -1
28 0 L -1
29 0 L 12
30 0 U -1
31 1 L 13
32 1 L 7
33 1 U 21
34 0 L 24
35 1 L 19
36 1 L 29
37 0 U 34
38 0 U 35
39 1 L 24
40 1 L 25
41 0 U 27
42 0 L 35
43 1 U 34
44 0 L 40
45 1 U 41
46 1 U 40
47 0 U 23
48 1 U 23
49 0 L -1
50 1 U 45
51 1 L 42
52 1 U -1
53 0 L 17
54 1 U 27
55 0 L 10
56 0 U 52
57 1 L 8
58 0 L -1
59 0 U 24
60 0 U 35
61 1 U 59
62 0 L 49
63 1 L 40
64 1 L 8
65 0 U 50
66 0 L 49
67 0 L 6
68
0 1 U -1
1 0 U -1
2 0 U -1
3 0 L -1
4 1 U -1
5 1 L 1
6 0 U 0
7 1 U 1
8 0 L 1
9 1 L 3
10 1 U -1
11 0 U 4
12 0 U 4
13 1 L 8
14 0 U -1
15 1 U 12
16 1 U -1
17 1 U 5
18 1 U 2
19 1 L -1
20 0 L 12
21 0 L 0
22 1 L -1
23 0 U 10
24 0 L 14
25 0 L 22
26 0 L 11
27 0 U -1
28 1 L -1
29 0 L 12
30 0 U -1
31 1 L 13
32 0 L 14
33 1 U 21
34 0 L 24
35 1 L 28
36 1 L 29
37 0 U 34
38 0 U 35
39 1 L 24
40 1 L 25
41 0 U 27
42 0 L 35
43 1 U 34
44 0 L 40
45 1 U 41
46 1 U 40
47 0 U 4
48 1 U 2
49 0 L -1
50 1 U 45
51 0 L 42
52 1 U -1
53 0 L 39
54 1 U 27
55 0 L 10
56 0 U 52
57 1 L 8
58 0 L -1
59 0 U 24
60 0 U 51
61 1 U 59
62 0 L 49
63 1 L 5
64 1 L 8
65 0 U 50
66 0 L 49
67 0 L 6
68
0 1 U -1
1 0 U -1
2 0 U -1
3 0 L -1
4 1 U -1
5 1 L 1
6 0 U 0
7 1 U 1
8 0 L 1
9 1 L 3
10 1 U -1
11 0 U 4
12 0 U 1
13 1 L 8
14 0 U -1
15 1 U 12
16 1 U -1
17 1 U 5
18 0 U 2
19 1 L -1
20 0 L 12
21 0 L 19
22 1 L -1
23 0 U 10
24 0 L 14
25 0 L 3
26 0 L 7
27 0 U -1
28 1 L -1
29 0 L 24
30 0 U -1
31 1 L 13
32 0 L 14
33 1 U 21
34 0 L 16
35 1 L 28
36 1 L 29
37 0 U 34
38 0 U 35
39 1 L 32
40 1 L 25
41 0 U 2
42 0 L 35
43 1 U 34
44 0 L 40
45 1 U 41
46 1 U 40
47 0 U 4
48 1 U 2
49 0 L -1
50 1 U 45
51 0 L 42
52 1 U -1
53 0 L 20
54 1 U 2
55 0 L 10
56 0 U 52
57 1 L 8
58 1 L -1
59 0 U 24
60 0 U 51
61 1 U 59
62 0 L 49
63 1 L 8
64 1 L 8
65 0 U 50
66 0 L 49
67 0 L 6
68
0 1 L -1
1 0 U -1
2 0 U -1
3 0 L -1
4 1 U -1
5 1 L 1
6 0 U 4
7 1 U 0
8 0 L 1
9 0 L 3
10 1 U -1
11 0 U 4
12 0 U 4
13 1 L 8
14 0 U -1
15 1 U 12
16 1 U -1
17 1 U 5
18 0 U 2
19 1 L -1
20 0 L 12
21 0 L 0
22 1 L -1
23 0 U 10
24 0 L 14
25 0 L 3
26 0 L 11
27 0 U -1
28 0 L -1
29 0 L 16
30 0 U -1
31 1 L 13
32 0 L 14
33 1 U 21
34 0 L 16
35 1 L 19
36 1 L 29
37 0 U 34
38 0 U 35
39 1 L 23
40 0 L 25
41 0 U 27
42 0 L 35
43 1 U 34
44 0 L 40
45 1 U 41
46 1 U 40
47 0 U 4
48 1 U 4
49 0 L -1
50 1 U 45
51 0 L 42
52 1 U -1
53 0 L 27
54 1 U 2
55 0 L 10
56 0 U 52
57 1 L 8
58 1 L -1
59 0 U 24
60 0 U 24
61 1 U 59
62 0 L 49
63 1 L 8
64 1 L 8
65 0 U 50
66 0 L 35
67 0 L 6
68
0 1 L -1
1 0 U -1
2 0 U -1
3 0 L -1
4 1 U -1
5 1 L 1
6 0 U 4
7 1 U 4
8 0 L 1
9 1 L 3
10 1 U -1
11 0 U 0
12 0 U 1
13 1 L 8
14 0 U -1
15 1 U 12
16 1 U -1
17 1 U 5
18 0 U 2
19 1 L -1
20 0 L 12
21 0 L 0
22 1 L -1
23 0 U 10
24 0 L 14
25 0 L 3
26 0 L 11
27 0 U -1
28 1 L -1
29 0 L 16
30 0 U -1
31 1 L 13
32 0 L 14
33 1 U 21
34 0 L 16
35 1 L 19
36 1 L 29
37 0 U 35
38 0 U 35
39 1 L 23
40 0 L 25
41 0 U 27
42 0 L 35
43 1 U 34
44 0 L 40
45 1 U 41
46 1 U 40
47 0 U 4
48 1 U 4
49 0 L -1
50 1 U 45
51 1 L 42
52 1 U -1
53 0 L 38
54 1 U 2
55 0 L 10
56 0 U 52
57 1 L 8
58 1 L -1
59 0 U 24
60 0 U 24
61 1 U 59
62 0 L 49
63 1 L 8
64 1 L 8
65 0 U 50
66 0 L 35
67 0 L 6
68
0 1 U -1
1 0 U -1
2 0 U -1
3 0 L -1
4 1 U -1
5 1 L 1
6 0 U 4
7 1 U 1
8 0 L 1
9 1 L 3
10 1 U -1
11 0 U 1
12 0 U 1
13 0 L 8
14 0 U -1
15 1 U 12
16 1 U -1
17 1 U 5
18 0 U 2
19 1 L -1
20 0 L 12
21 0 L 19
22 1 L -1
23 0 U 10
24 0 L 14
25 0 L 22
26 0 L 15
27 0 U -1
28 1 L -1
29 0 L 16
30 0 U -1
31 1 L 13
32 0 L 7
33 1 U 6
34 0 L 24
35 1 L 19
36 1 L 29
37 0 U 35
38 0 U 35
39 1 L 23
40 1 L 25
41 0 U 27
42 0 L 35
43 1 U 34
44 0 L 40
45 1 U 41
46 1 U 40
47 0 U 4
48 1 U 4
49 0 L -1
50 1 U 45
51 0 L 42
52 1 U -1
53 0 L 38
54 1 U 2
55 0 L 10
56 0 U 52
57 1 L 8
58 1 L -1
59 0 U 24
60 0 U 55
61 1 U 59
62 0 L 49
63 1 L 40
64 1 L 8
65 0 U 44
66 0 L 35
67 0 L 6
68
0 1 U -1
1 0 U -1
2 0 U -1
3 0 L -1
4 1 U -1
5 1 L 1
6 0 U 4
7 1 U 0
8 0 L 1
9 1 L 3
10 1 U -1
11 0 U 1
12 0 U 4
13 1 L 5
14 0 U -1
15 1 U 12
16 1 U -1
17 1 U 5
18 1 U 2
19 1 L -1
20 0 L 12
21 0 L 19
22 1 L -1
23 0 U 16
24 0 L 14
25 0 L 22
26 0 L 15
27 0 U -1
28 1 L -1
29 0 L 16
30 0 U -1
31 1 L 13
32 0 L 7
33 1 U 6
34 0 L 24
35 1 L 19
36 1 L 29
37 0 U 34
38 0 U 35
39 1 L 23
40 1 L 25
41 0 U 27
42 0 L 35
43 1 U 34
44 0 L 40
45 1 U 41
46 1 U 40
47 0 U 30
48 1 U 30
49 0 L -1
50 1 U 45
51 0 L 42
52 1 U -1
53 0 L 38
54 1 U 2
55 0 L 10
56 0 U 52
57 1 L 8
58 1 L -1
59 0 U 24
60 0 U 55
61 1 U 59
62 0 L 49
63 1 L 5
64 1 L 8
65 0 U 44
66 0 L 35
67 0 L 6
68
0 1 U -1
1 0 U -1
2 0 U -1
3 0 L -1
4 1 U -1
5 1 L 1
6 0 U 1
7 1 U 4
8 0 L 1
9 1 L 3
10 1 U -1
11 0 U 1
12 0 U 1
13 1 L 8
14 0 U -1
15 1 U 12
16 1 U -1
17 1 U 5
18 0 U 2
19 1 L -1
20 0 L 16
21 0 L 19
22 1 L -1
23 0 U 10
24 0 L 14
25 0 L 22
26 0 L 11
27 0 U -1
28 1 L -1
29 0 L 16
30 0 U -1
31 1 L 13
32 0 L 7
33 1 U 6
34 0 L 24
35 1 L 19
36 1 L 29
37 0 U 34
38 0 U 35
39 1 L 23
40 1 L 25
41 0 U 27
42 0 L 35
43 1 U 34
44 0 L 8
45 1 U 18
46 1 U 40
47 0 U 30
48 1 U 30
49 0 L -1
50 1 U 45
51 1 L 42
52 1 U -1
53 0 L 38
54 1 U 27
55 0 L 10
56 0 U 52
57 1 L 8
58 1 L -1
59 0 U 24
60 0 U 28
61 1 U 59
62 0 L 49
63 1 L 5
64 1 L 8
65 0 U 44
66 0 L 49
67 0 L 6
68
0 1 L -1
1 0 U -1
2 0 U -1
3 0 L -1
4 1 U -1
5 1 L 1
6 0 U 4
7 1 U 0
8 0 L 1
9 1 L 3
10 1 U -1
11 0 U 4
12 0 U 1
13 0 L 8
14 0 U -1
15 1 U 12
16 1 U -1
17 1 U 7
18 0 U 2
19 1 L -1
20 0 L 16
21 0 L 19
22 1 L -1
23 0 U 10
24 0 L 14
25 0 L 22
26 0 L 11
27 0 U -1
28 1 L -1
29 0 L 12
30 0 U -1
31 1 L 13
32 0 L 7
33 1 U 6
34 0 L 24
35 1 L 19
36 1 L 29
37 0 U 35
38 0 U 35
39 1 L 23
40 1 L 25
41 0 U 27
42 0 L 35
43 1 U 34
44 0 L 8
45 1 U 18
46 1 U 40
47 0 U 30
48 1 U 27
49 0 L -1
50 1 U 45
51 0 L 42
52 1 U -1
53 0 L 38
54 1 U 27
55 0 L 10
56 0 U 52
57 1 L 8
58 1 L -1
59 0 U 24
60 0 U 35
61 1 U 59
62 0 L 49
63 1 L 62
64 1 L 8
65 0 U 44
66 0 L 35
67 0 L 6
68
0 1 L -1
1 0 U -1
2 0 U -1
3 0 L -1
4 1 U -1
5 1 L 1
6 0 U 4
7 1 U 0
8 0 L 1
9 1 L 3
10 1 U -1
11 0 U 0
12 0 U 1
13 0 L 4
14 0 U -1
15 1 U 12
16 1 U -1
17 1 U 7
18 0 U 2
19 1 L -1
20 0 L 16
21 0 L 19
22 1 L -1
23 0 U 10
24 0 L 14
25 0 L 22
26 0 L 15
27 0 U -1
28 1 L -1
29 0 L 12
30 0 U -1
31 1 L 13
32 0 L 7
33 1 U 6
34 0 L 24
35 1 L 19
36 1 L 29
37 0 U 35
38 0 U 34
39 1 L 23
40 1 L 25
41 0 U 27
42 0 L 35
43 1 U 34
44 0 L 8
45 1 U 18
46 1 U 40
47 0 U 23
48 1 U 23
49 0 L -1
50 1 U 45
51 0 L 42
52 1 U -1
53 0 L 38
54 1 U 27
55 0 L 10
56 0 U 52
57 1 L 8
58 1 L -1
59 0 U 24
60 0 U 35
61 1 U 59
62 0 L 21
63 1 L 62
64 1 L 62
65 0 U 44
66 0 L 35
67 0 L 6
68
0 1 L -1
1 0 U -1
2 0 U -1
3 0 L -1
4 1 U -1
5 1 L 1
6 0 U 4
7 1 U 0
8 0 L 1
9 1 L 3
10 1 U -1
11 0 U 4
12 0 U 1
13 0 L 4
14 0 U -1
15 1 U 12
16 1 U -1
17 1 U 7
18 0 U 2
19 1 L -1
20 0 L 16
21 0 L 19
22 1 L -1
23 0 U 10
24 0 L 14
25 0 L 22
26 0 L 15
27 0 U -1
28 0 L -1
29 1 L 12
30 0 U -1
31 1 L 13
32 0 L 7
33 1 U 6
34 0 L 24
35 1 L 19
36 1 L 29
37 0 U 35
38 0 U 34
39 1 L 23
40 0 L 25
41 0 U 27
42 0 L 35
43 1 U 36
44 0 L 8
45 1 U 18
46 1 U 40
47 0 U 23
48 1 U 30
49 0 L -1
50 1 U 45
51 1 L 42
52 1 U -1
53 0 L 38
54 1 U 27
55 0 L 10
56 0 U 52
57 1 L 8
58 1 L -1
59 0 U 24
60 0 U 35
61 1 U 59
62 0 L 21
63 1 L 5
64 1 L 62
65 0 U 44
66 0 L 49
67 0 L 6
68
0 1 L -1
1 0 U -1
2 0 U -1
3 0 L -1
4 1 U -1
5 1 L 1
6 0 U 1
7 1 U 0
8 0 L 1
9 0 L 3
10 1 U -1
11 0 U 1
12 0 U 1
13 0 L 8
14 0 U -1
15 1 U 12
16 1 U -1
17 1 U 7
18 1 U 2
19 1 L -1
20 0 L 16
21 0 L 19
22 1 L -1
23 0 U 10
24 0 L 14
25 0 L 22
26 0 L 7
27 0 U -1
28 0 L -1
29 1 L 12
30 0 U -1
31 1 L 13
32 0 L 14
33 1 U 6
34 0 L 24
35 1 L 19
36 1 L 29
37 0 U 35
38 0 U 34
39 1 L 23
40 0 L 25
41 0 U 27
42 0 L 35
43 1 U 36
44 0 L 8
45 1 U 41
46 1 U 33
47 0 U 23
48 1 U 30
49 0 L -1
50 1 U 45
51 0 L 42
52 1 U -1
53 0 L 39
54 1 U 27
55 0 L 10
56 0 U 52
57 1 L 40
58 1 L -1
59 0 U 24
60 0 U 34
61 1 U 59
62 0 L 21
63 1 L 5
64 1 L 62
65 0 U 44
66 0 L 49
67 0 L 6
68
0 1 L -1
1 0 U -1
2 0 U -1
3 0 L -1
4 1 U -1
5 1 L 1
6 0 U 1
7 1 U 0
8 0 L 1
9 1 L 3
10 1 U -1
11 0 U 1
12 0 U 1
13 1 L 8
14 0 U -1
15 1 U 12
16 1 U -1
17 1 U 7
18 1 U 2
19 1 L -1
20 0 L 16
21 1 L 19
22 1 L -1
23 0 U 10
24 0 L 14
25 0 L 22
26 0 L 11
27 0 U -1
28 0 L -1
29 1 L 16
30 0 U -1
31 1 L 13
32 1 L 14
33 1 U 6
34 1 L 12
35 1 L 19
36 1 L 29
37 0 U 35
38 0 U 34
39 1 L 23
40 1 L 25
41 0 U 27
42 0 L 35
43 1 U 36
44 0 L 8
45 1 U 41
46 1 U 33
47 0 U 23
48 1 U 30
49 0 L -1
50 1 U 45
51 0 L 42
52 1 U -1
53 0 L 39
54 1 U 27
55 0 L 10
56 0 U 52
57 1 L 40
58 1 L -1
59 0 U 24
60 0 U 34
61 1 U 59
62 0 L 21
63 1 L 5
64 1 L 62
65 0 U 44
66 0 L 21
67 0 L 6
68
0 1 L -1
1 0 U -1
2 0 U -1
3 0 L -1
4 1 U -1
5 1 L 1
6 0 U 1
7 1 U 0
8 0 L 1
9 1 L 3
10 1 U -1
11 0 U 1
12 0 U 4
13 0 L 8
14 0 U -1
15 1 U 12
16 1 U -1
17 1 U 7
18 0 U 2
19 1 L -1
20 0 L 16
21 1 L 19
22 1 L -1
23 0 U 10
24 0 L 14
25 0 L 22
26 0 L 11
27 0 U -1
28 1 L -1
29 1 L 16
30 0 U -1
31 1 L 13
32 1 L 14
33 1 U 6
34 1 L 12
35 1 L 19
36 1 L 18
37 0 U 35
38 0 U 34
39 1 L 23
40 1 L 25
41 0 U 27
42 0 L 35
43 1 U 36
44 0 L 8
45 1 U 41
46 0 U 33
47 0 U 23
48 1 U 9
49 0 L -1
50 1 U 45
51 0 L 42
52 1 U -1
53 0 L 39
54 1 U 27
55 0 L 10
56 0 U 52
57 1 L 40
58 1 L -1
59 0 U 24
60 0 U 28
61 1 U 59
62 0 L 21
63 1 L 5
64 1 L 62
65 0 U 44
66 0 L 21
67 0 L 6
68
0 1 U -1
1 0 U -1
2 0 U -1
3 0 L -1
4 1 U -1
5 1 L 1
6 0 U 1
7 1 U 0
8 0 L 1
9 1 L 3
10 1 U -1
11 0 U 1
12 0 U 4
13 1 L 8
14 0 U -1
15 1 U 12
16 1 U -1
17 1 U 5
18 0 U 2
19 1 L -1
20 0 L 12
21 1 L 19
22 1 L -1
23 0 U 10
24 0 L 14
25 0 L 22
26 0 L 11
27 0 U -1
28 0 L -1
29 1 L 16
30 0 U -1
31 1 L 13
32 1 L 14
33 1 U 6
34 0 L 12
35 1 L 19
36 1 L 18
37 0 U 35
38 0 U 34
39 1 L 23
40 0 L 25
41 0 U 27
42 0 L 35
43 1 U 36
44 0 L 8
45 1 U 41
46 0 U 33
47 0 U 23
48 1 U 9
49 0 L -1
50 1 U 45
51 1 L 42
52 1 U -1
53 0 L 39
54 1 U 27
55 0 L 51
56 0 U 52
57 1 L 40
58 1 L -1
59 0 U 24
60 0 U 28
61 1 U 59
62 0 L 21
63 1 L 5
64 1 L 8
65 0 U 44
66 0 L 21
67 0 L 6
68
0 1 U -1
1 0 U -1
2 0 U -1
3 0 L -1
4 1 U -1
5 1 L 1
6 0 U 4
7 1 U 1
8 0 L 1
9 0 L 3
10 1 U -1
11 0 U 4
12 0 U 4
13 1 L 8
14 0 U -1
15 1 U 12
16 1 U -1
17 1 U 5
18 1 U 2
19 1 L -1
20 0 L 12
21 1 L 19
22 1 L -1
23 0 U 10
24 0 L 14
25 0 L 22
26 0 L 11
27 0 U -1
28 1 L -1
29 1 L 16
30 0 U -1
31 1 L 13
32 1 L 14
33 1 U 6
34 0 L 12
35 1 L 19
36 1 L 18
37 0 U 35
38 0 U 35
39 1 L 23
40 0 L 25
41 0 U 27
42 0 L 35
43 1 U 36
44 0 L 40
45 1 U 41
46 0 U 33
47 0 U 4
48 1 U 0
49 0 L -1
50 1 U 45
51 0 L 42
52 1 U -1
53 0 L 39
54 1 U 27
55 0 L 51
56 0 U 52
57 1 L 40
58 1 L -1
59 0 U 24
60 0 U 28
61 1 U 59
62 0 L 21
63 1 L 8
64 1 L 8
65 0 U 44
66 0 L 21
67 0 L 6
68
0 1 L -1
1 0 U -1
2 0 U -1
3 0 L -1
4 1 U -1
5 1 L 1
6 0 U 4
7 1 U 0
8 0 L 1
9 1 L 3
10 1 U -1
11 0 U 4
12 0 U 1
13 1 L 8
14 0 U -1
15 1 U 12
16 1 U -1
17 1 U 5
18 1 U 2
19 1 L -1
20 0 L 12
21 1 L 19
22 1 L -1
23 0 U 10
24 0 L 14
25 0 L 22
26 0 L 11
27 0 U -1
28 1 L -1
29 1 L 16
30 0 U -1
31 1 L 13
32 1 L 14
33 1 U 6
34 0 L 16
35 1 L 19
36 1 L 18
37 0 U 35
38 0 U 35
39 1 L 23
40 1 L 25
41 0 U 2
42 0 L 35
43 1 U 24
44 0 L 40
45 1 U 41
46 0 U 33
47 0 U 1
48 1 U 0
49 0 L -1
50 1 U 45
51 0 L 42
52 1 U -1
53 0 L 39
54 1 U 27
55 0 L 51
56 0 U 52
57 1 L 40
58 1 L -1
59 0 U 24
60 0 U 28
61 1 U 59
62 0 L 21
63 1 L 40
64 1 L 8
65 0 U 44
66 0 L 21
67 0 L 6
68
0 1 L -1
1 0 U -1
2 0 U -1
3 0 L -1
4 1 U -1
5 1 L 1
6 0 U 4
7 1 U 2
8 0 L 1
9 1 L 3
10 1 U -1
11 0 U 0
12 0 U 1
13 0 L 4
14 0 U -1
15 1 U 12
16 1 U -1
17 1 U 5
18 1 U 2
19 1 L -1
20 0 L 12
21 0 L 19
22 1 L -1
23 0 U 10
24 0 L 14
25 0 L 22
26 0 L 11
27 0 U -1
28 0 L -1
29 1 L 16
30 0 U -1
31 1 L 13
32 1 L 14
33 1 U 6
34 0 L 16
35 1 L 19
36 1 L 18
37 0 U 34
38 0 U 35
39 1 L 26
40 0 L 25
41 0 U 2
42 0 L 35
43 1 U 24
44 0 L 40
45 1 U 41
46 0 U 33
47 0 U 1
48 1 U 0
49 0 L -1
50 1 U 45
51 1 L 42
52 1 U -1
53 0 L 39
54 1 U 27
55 0 L 51
56 0 U 52
57 1 L 40
58 0 L -1
59 0 U 24
60 0 U 55
61 1 U 59
62 0 L 21
63 1 L 62
64 1 L 8
65 0 U 44
66 0 L 21
67 0 L 6
68
0 1 L -1
1 0 U -1
2 0 U -1
3 0 L -1
4 1 U -1
5 1 L 1
6 0 U 4
7 1 U 2
8 0 L 1
9 0 L 3
10 1 U -1
11 0 U 1
12 0 U 1
13 0 L 4
14 0 U -1
15 1 U 12
16 1 U -1
17 1 U 5
18 1 U 2
19 1 L -1
20 0 L 16
21 1 L 19
22 1 L -1
23 0 U 10
24 0 L 14
25 0 L 22
26 0 L 11
27 0 U -1
28 0 L -1
29 1 L 16
30 0 U -1
31 1 L 13
32 1 L 14
33 1 U 6
34 0 L 16
35 1 L 19
36 1 L 18
37 0 U 34
38 0 U 35
39 1 L 26
40 0 L 25
41 0 U 2
42 0 L 35
43 1 U 24
44 0 L 8
45 1 U 41
46 0 U 40
47 0 U 23
48 1 U 30
49 0 L -1
50 1 U 45
51 0 L 42
52 1 U -1
53 0 L 39
54 1 U 27
55 0 L 51
56 0 U 52
57 1 L 40
58 1 L -1
59 0 U 24
60 0 U 36
61 1 U 59
62 0 L 21
63 1 L 62
64 1 L 8
65 0 U 44
66 0 L 21
67 0 L 6
68
0 1 L -1
1 0 U -1
2 0 U -1
3 0 L -1
4 1 U -1
5 1 L 1
6 0 U 4
7 1 U 2
8 0 L 1
9 1 L 3
10 1 U -1
11 0 U 4
12 0 U 1
13 0 L 4
14 0 U -1
15 1 U 12
16 1 U -1
17 1 U 5
18 1 U 2
19 1 L -1
20 0 L 16
21 0 L 19
22 1 L -1
23 0 U 10
24 0 L 14
25 0 L 22
26 0 L 11
27 0 U -1
28 1 L -1
29 1 L 16
30 0 U -1
31 1 L 13
32 1 L 14
33 1 U 6
34 0 L 16
35 1 L 19
36 1 L 18
37 0 U 34
38 0 U 35
39 1 L 26
40 0 L 25
41 0 U 2
42 0 L 35
43 1 U 24
44 0 L 8
45 1 U 41
46 0 U 40
47 0 U 23
48 1 U 30
49 0 L -1
50 1 U 45
51 1 L 42
52 1 U -1
53 0 L 39
54 1 U 27
55 0 L 51
56 0 U 52
57 1 L 40
58 1 L -1
59 0 U 24
60 0 U 36
61 1 U 59
62 0 L 21
63 1 L 62
64 1 L 8
65 0 U 44
66 0 L 21
67 0 L 6
68
0 1 U -1
1 0 U -1
2 0 U -1
3 0 L -1
4 1 U -1
5 1 L 1
6 0 U 4
7 1 U 2
8 0 L 1
9 0 L 3
10 1 U -1
11 0 U 4
12 0 U 4
13 1 L 5
14 0 U -1
15 1 U 12
16 1 U -1
17 1 U 5
18 1 U 2
19 1 L -1
20 0 L 16
21 1 L 19
22 1 L -1
23 0 U 10
24 0 L 14
25 0 L 22
26 0 L 11
27 0 U -1
28 0 L -1
29 1 L 12
30 0 U -1
31 1 L 13
32 1 L 14
33 1 U 6
34 0 L 12
35 1 L 19
36 1 L 18
37 0 U 34
38 0 U 35
39 1 L 26
40 0 L 25
41 0 U 2
42 0 L 35
43 1 U 24
44 0 L 8
45 1 U 41
46 0 U 40
47 0 U 4
48 1 U 30
49 0 L -1
50 1 U 45
51 0 L 42
52 1 U -1
53 0 L 39
54 1 U 27
55 0 L 51
56 0 U 52
57 1 L 40
58 1 L -1
59 0 U 24
60 0 U 36
61 1 U 59
62 0 L 21
63 1 L 62
64 1 L 40
65 0 U 44
66 0 L 49
67 0 L 6
68
0 1 L -1
1 0 U -1
2 0 U -1
3 0 L -1
4 1 U -1
5 1 L 1
6 0 U 4
7 1 U 2
8 0 L 1
9 1 L 3
10 1 U -1
11 0 U 4
12 0 U 4
13 1 L 8
14 0 U -1
15 1 U 12
16 1 U -1
17 1 U 5
18 1 U 2
19 1 L -1
20 0 L 16
21 1 L 19
22 1 L -1
23 0 U 10
24 0 L 14
25 0 L 22
26 0 L 11
27 0 U -1
28 0 L -1
29 1 L 12
30 0 U -1
31 1 L 13
32 1 L 14
33 1 U 6
34 0 L 12
35 1 L 19
36 1 L 29
37 0 U 34
38 0 U 35
39 1 L 26
40 1 L 25
41 0 U 2
42 0 L 35
43 1 U 24
44 0 L 40
45 1 U 41
46 1 U 33
47 0 U 4
48 1 U 30
49 0 L -1
50 1 U 45
51 1 L 42
52 1 U -1
53 0 L 39
54 1 U 27
55 0 L 51
56 0 U 52
57 1 L 40
58 1 L -1
59 0 U 24
60 0 U 28
61 1 U 59
62 0 L 21
63 1 L 5
64 1 L 40
65 0 U 44
66 0 L 58
67 0 L 6
68
0 1 U -1
1 0 U -1
2 0 U -1
3 0 L -1
4 1 U -1
5 1 L 1
6 0 U 4
7 1 U 2
8 0 L 1
9 0 L 3
10 1 U -1
11 0 U 1
12 0 U 4
13 0 L 8
14 0 U -1
15 1 U 12
16 1 U -1
17 1 U 5
18 0 U 2
19 1 L -1
20 0 L 16
21 0 L 19
22 1 L -1
23 0 U 10
24 0 L 14
25 0 L 22
26 0 L 11
27 0 U -1
28 1 L -1
29 1 L 12
30 0 U -1
31 1 L 13
32 0 L 14
33 1 U 6
34 0 L 12
35 1 L 19
36 1 L 29
37 0 U 34
38 0 U 35
39 1 L 26
40 0 L 25
41 0 U 2
42 0 L 35
43 1 U 24
44 0 L 8
45 1 U 18
46 1 U 33
47 0 U 4
48 1 U 30
49 0 L -1
50 1 U 45
51 1 L 42
52 1 U -1
53 0 L 39
54 1 U 27
55 0 L 51
56 0 U 52
57 1 L 40
58 1 L -1
59 0 U 24
60 0 U 55
61 1 U 59
62 0 L 21
63 1 L 5
64 1 L 40
65 0 U 44
66 0 L 58
67 0 L 6
68
0 1 L -1
1 0 U -1
2 0 U -1
3 0 L -1
4 1 U -1
5 1 L 1
6 0 U 4
7 1 U 2
8 0 L 1
9 0 L 3
10 1 U -1
11 0 U 0
12 0 U 4
13 0 L 8
14 0 U -1
15 1 U 12
16 1 U -1
17 1 U 5
18 0 U 2
19 1 L -1
20 0 L 16
21 0 L 19
22 1 L -1
23 0 U 10
24 0 L 14
25 0 L 22
26 0 L 11
27 0 U -1
28 1 L -1
29 1 L 12
30 0 U -1
31 1 L 13
32 0 L 14
33 1 U 6
34 0 L 12
35 1 L 19
36 1 L 29
37 0 U 34
38 0 U 35
39 1 L 32
40 0 L 25
41 0 U 27
42 0 L 35
43 1 U 24
44 0 L 8
45 1 U 18
46 0 U 33
47 0 U 1
48 1 U 30
49 0 L -1
50 1 U 45
51 0 L 42
52 1 U -1
53 0 L 39
54 1 U 27
55 0 L 51
56 0 U 52
57 1 L 40
58 0 L -1
59 0 U 24
60 0 U 28
61 1 U 59
62 0 L 21
63 1 L 40
64 1 L 8
65 0 U 44
66 0 L 58
67 0 L 6
68
0 1 U -1
1 0 U -1
2 0 U -1
3 0 L -1
4 1 U -1
5 1 L 1
6 0 U 4
7 1 U 2
8 0 L 1
9 0 L 3
10 1 U -1
11 0 U 0
12 0 U 4
13 0 L 8
14 0 U -1
15 1 U 12
16 1 U -1
17 1 U 11
18 0 U 2
19 1 L -1
20 0 L 16
21 1 L 19
22 1 L -1
23 0 U 10
24 0 L 14
25 0 L 22
26 0 L 11
27 0 U -1
28 0 L -1
29 1 L 12
30 0 U -1
31 1 L 13
32 0 L 14
33 1 U 6
34 0 L 12
35 1 L 19
36 1 L 29
37 0 U 34
38 0 U 35
39 1 L 26
40 0 L 25
41 0 U 27
42 0 L 35
43 1 U 36
44 0 L 8
45 1 U 18
46 0 U 20
47 0 U 23
48 1 U 30
49 0 L -1
50 1 U 45
51 1 L 42
52 1 U -1
53 0 L 39
54 1 U 27
55 0 L 10
56 0 U 52
57 1 L 40
58 1 L -1
59 0 U 24
60 0 U 28
61 1 U 59
62 0 L 21
63 1 L 40
64 1 L 8
65 0 U 44
66 0 L 35
67 0 L 6
68
0 1 L -1
1 0 U -1
2 0 U -1
3 0 L -1
4 1 U -1
5 1 L 1
6 0 U 4
7 1 U 2
8 0 L 1
9 0 L 3
10 1 U -1
11 0 U 0
12 0 U 1
13 0 L 5
14 0 U -1
15 1 U 12
16 1 U -1
17 1 U 5
18 0 U 2
19 1 L -1
20 0 L 12
21 1 L 19
22 1 L -1
23 0 U 10
24 0 L 14
25 0 L 22
26 0 L 11
27 0 U -1
28 0 L -1
29 1 L 12
30 0 U -1
31 1 L 13
32 0 L 14
33 1 U 6
34 0 L 12
35 1 L 19
36 1 L 29
37 0 U 34
38 0 U 35
39 1 L 26
40 0 L 25
41 0 U 27
42 0 L 35
43 1 U 36
44 0 L 8
45 1 U 18
46 1 U 20
47 0 U 23
48 1 U 30
49 0 L -1
50 1 U 45
51 1 L 42
52 1 U -1
53 0 L 39
54 1 U 27
55 0 L 51
56 0 U 52
57 1 L 40
58 0 L -1
59 0 U 24
60 0 U 28
61 1 U 59
62 0 L 21
63 1 L 40
64 1 L 8
65 0 U 44
66 0 L 49
67 0 L 6
68
0 1 U -1
1 0 U -1
2 0 U -1
3 0 L -1
4 1 U -1
5 1 L 1
6 0 U 4
7 1 U 2
8 0 L 1
9 0 L 3
10 1 U -1
11 0 U 0
12 0 U 4
13 1 L 8
14 0 U -1
15 1 U 12
16 1 U -1
17 1 U 5
18 0 U 2
19 1 L -1
20 0 L 16
21 1 L 19
22 1 L -1
23 0 U 10
24 0 L 14
25 0 L 22
26 0 L 11
27 0 U -1
28 1 L -1
29 1 L 12
30 0 U -1
31 1 L 13
32 1 L 14
33 1 U 6
34 0 L 12
35 1 L 19
36 1 L 29
37 0 U 34
38 0 U 35
39 1 L 23
40 0 L 25
41 0 U 27
42 0 L 35
43 1 U 36
44 0 L 8
45 1 U 18
46 0 U 20
47 0 U 23
48 1 U 1
49 0 L -1
50 1 U 45
51 0 L 42
52 1 U -1
53 0 L 39
54 1 U 27
55 0 L 51
56 0 U 52
57 1 L 40
58 0 L -1
59 0 U 24
60 0 U 28
61 1 U 59
62 0 L 21
63 1 L 8
64 1 L 8
65 0 U 44
66 0 L 49
67 0 L 64
68
0 1 L -1
1 0 U -1
2 0 U -1
3 0 L -1
4 1 U -1
5 1 L 1
6 0 U 4
7 1 U 2
8 0 L 1
9 1 L 3
10 1 U -1
11 0 U 1
12 0 U 4
13 0 L 5
14 0 U -1
15 1 U 12
16 1 U -1
17 1 U 5
18 0 U 2
19 1 L -1
20 0 L 16
21 0 L 19
22 1 L -1
23 0 U 10
24 0 L 14
25 0 L 22
26 0 L 11
27 0 U -1
28 0 L -1
29 1 L 12
30 0 U -1
31 1 L 13
32 1 L 7
33 1 U 6
34 0 L 12
35 1 L 19
36 1 L 29
37 0 U 34
38 0 U 35
39 1 L 23
40 1 L 25
41 0 U 2
42 0 L 35
43 1 U 36
44 0 L 8
45 1 U 18
46 0 U 20
47 0 U 4
48 1 U 2
49 0 L -1
50 1 U 45
51 1 L 42
52 1 U -1
53 0 L 39
54 1 U 27
55 0 L 51
56 0 U 52
57 1 L 8
58 1 L -1
59 0 U 24
60 0 U 34
61 1 U 59
62 0 L 21
63 1 L 8
64 1 L 8
65 0 U 40
66 0 L 58
67 0 L 64
68
0 1 L -1
1 0 U -1
2 0 U -1
3 0 L -1
4 1 U -1
5 1 L 1
6 0 U 1
7 1 U 2
8 0 L 1
9 0 L 3
10 1 U -1
11 0 U 4
12 0 U 4
13 1 L 5
14 0 U -1
15 1 U 12
16 1 U -1
17 1 U 5
18 0 U 2
19 1 L -1
20 0 L 16
21 0 L 19
22 1 L -1
23 0 U 10
24 0 L 14
25 0 L 22
26 0 L 11
27 0 U -1
28 0 L -1
29 1 L 16
30 0 U -1
31 1 L 13
32 1 L 7
33 1 U 6
34 0 L 16
35 1 L 19
36 1 L 29
37 0 U 34
38 0 U 35
39 1 L 23
40 1 L 25
41 0 U 2
42 0 L 35
43 1 U 36
44 0 L 8
45 1 U 18
46 1 U 20
47 0 U 4
48 1 U 27
49 0 L -1
50 1 U 45
51 0 L 42
52 1 U -1
53 0 L 39
54 1 U 27
55 0 L 51
56 0 U 52
57 1 L 8
58 0 L -1
59 0 U 24
60 0 U 42
61 1 U 59
62 0 L 21
63 1 L 8
64 1 L 8
65 0 U 40
66 0 L 58
67 0 L 64
68
0 1 L -1
1 0 U -1
2 0 U -1
3 0 L -1
4 1 U -1
5 1 L 1
6 0 U 4
7 1 U 2
8 0 L 1
9 1 L 3
10 1 U -1
11 0 U 0
12 0 U 4
13 1 L 5
14 0 U -1
15 1 U 12
16 1 U -1
17 1 U 5
18 0 U 2
19 1 L -1
20 0 L 16
21 0 L 19
22 1 L -1
23 0 U 10
24 0 L 14
25 0 L 22
26 0 L 11
27 0 U -1
28 1 L -1
29 1 L 12
30 0 U -1
31 1 L 13
32 1 L 7
33 1 U 6
34 0 L 16
35 1 L 19
36 1 L 29
37 0 U 34
38 0 U 35
39 1 L 23
40 1 L 25
41 0 U 2
42 0 L 35
43 1 U 36
44 0 L 8
45 1 U 18
46 0 U 20
47 0 U 1
48 1 U 2
49 0 L -1
50 1 U 45
51 1 L 42
52 1 U -1
53 0 L 39
54 1 U 2
55 0 L 51
56 0 U 52
57 1 L 8
58 0 L -1
59 0 U 24
60 0 U 46
61 1 U 59
62 0 L 21
63 1 L 8
64 1 L 8
65 0 U 40
66 0 L 58
67 0 L 64
68
0 1 L -1
1 0 U -1
2 0 U -1
3 0 L -1
4 1 U -1
5 1 L 1
6 0 U 4
7 1 U 2
8 0 L 1
9 1 L 3
10 1 U -1
11 0 U 4
12 0 U 4
13 1 L 5
14 0 U -1
15 1 U 12
16 1 U -1
17 1 U 5
18 0 U 2
19 1 L -1
20 0 L 16
21 1 L 19
22 1 L -1
23 0 U 10
24 0 L 14
25 0 L 22
26 0 L 11
27 0 U -1
28 1 L -1
29 1 L 12
30 0 U -1
31 1 L 13
32 1 L 7
33 1 U 6
34 0 L 16
35 1 L 19
36 1 L 29
37 0 U 34
38 0 U 35
39 1 L 23
40 1 L 25
41 0 U 27
42 0 L 35
43 1 U 36
44 0 L 40
45 1 U 18
46 0 U 20
47 0 U 1
48 1 U 23
49 0 L -1
50 1 U 45
51 1 L 42
52 1 U -1
53 0 L 39
54 1 U 27
55 0 L 51
56 0 U 52
57 1 L 8
58 0 L -1
59 0 U 36
60 0 U 46
61 1 U 59
62 0 L 21
63 1 L 8
64 1 L 8
65 0 U 40
66 0 L 21
67 0 L 64
