38
0 0 U -1
1 0 U -1
2 0 U -1
3 0 U -1
4 0 U -1
5 0 U -1
6 0 U -1
7 0 U -1
8 0 U -1
9 0 U -1
10 0 U -1
11 0 U -1
12 0 U -1
13 0 U -1
14 0 U -1
15 0 U -1
16 0 U -1
17 0 U -1
18 0 U -1
19 0 U -1
20 0 U -1
21 0 U -1
22 0 U -1
23 0 U -1
24 0 U -1
25 0 U -1
26 0 U -1
27 0 U -1
28 0 U -1
29 0 U -1
30 0 U -1
31 0 U -1
32 0 U -1
33 0 U -1
34 0 U -1
35 0 U -1
36 0 U -1
37 0 U -1
38
0 0 U -1
1 1 U -1
2 0 U 1
3 0 L -1
4 1 U -1
5 1 L -1
6 0 U -1
7 1 U 4
8 0 U 0
9 1 U -1
10 0 U 2
11 0 U -1
12 0 L -1
13 1 U 0
14 0 U -1
15 0 U 4
16 1 L 8
17 1 U 3
18 1 L 6
19 1 U -1
20 0 L 14
21 1 L 18
22 1 L -1
23 1 L 3
24 0 U 17
25 0 L 17
26 0 L 1
27 0 U 17
28 0 U 14
29 1 U -1
30 1 L 26
31 1 L 27
32 0 U 26
33 0 L 1
34 1 U 6
35 0 U 25
36 1 L 35
37 0 L 35
38
0 0 U -1
1 1 U -1
2 0 U 1
3 0 L -1
4 1 U -1
5 1 L -1
6 0 U -1
7 1 U 4
8 0 U 0
9 1 U -1
10 1 U 2
11 0 U -1
12 1 U 5
13 1 U 11
14 0 U -1
15 1 L 12
16 0 L 10
17 1 U 4
18 1 L 6
19 1 U -1
20 0 L 14
21 1 L 16
22 1 L -1
23 1 L 3
24 0 U 16
25 0 L 14
26 0 L 15
27 0 U 25
28 0 U 4
29 0 U -1
30 1 L 6
31 1 L 27
32 0 U 26
33 1 L 15
34 1 U 2
35 0 U 16
36 1 L 35
37 0 L 32
38
0 0 U -1
1 1 L -1
2 0 U 0
3 0 L -1
4 1 U -1
5 1 L 0
6 0 U -1
7 0 U 4
8 0 U 0
9 1 U -1
10 0 U 1
11 0 U -1
12 0 U 5
13 1 U 0
14 0 U -1
15 0 U 5
16 1 L 10
17 1 U 14
18 1 L 6
19 1 U -1
20 0 L 14
21 1 L 18
22 1 L -1
23 1 L 3
24 0 U 16
25 0 L 14
26 0 L 15
27 0 U 25
28 0 U 8
29 1 U -1
30 1 L 26
31 1 L 16
32 0 U 24
33 1 L 2
34 1 U 6
35 0 U 24
36 1 L 35
37 0 L 35
38
0 0 L -1
1 1 L -1
2 0 U 0
3 0 L -1
4 1 U -1
5 1 L 0
6 0 U -1
7 0 U 4
8 0 U 0
9 1 U -1
10 0 U 8
11 0 U -1
12 0 U 5
13 1 U 11
14 0 U -1
15 0 L 5
16 1 L 8
17 1 U 4
18 1 L 6
19 1 U -1
20 0 L 14
21 0 L 16
22 1 L -1
23 1 L 3
24 0 U 12
25 0 L 17
26 1 L 15
27 1 U 25
28 0 U 8
29 1 U -1
30 1 L 26
31 1 L 27
32 1 U 26
33 1 L 2
34 1 U 4
35 1 U 28
36 1 L 35
37 0 L 32
38
0 0 L -1
1 1 L -1
2 0 U 0
3 0 L -1
4 1 U -1
5 1 L 0
6 0 U -1
7 0 U 4
8 0 U 0
9 1 U -1
10 0 U 8
11 0 U -1
12 0 U 5
13 1 U 0
14 0 U -1
15 0 U 5
16 1 L 7
17 1 U 2
18 1 L 6
19 1 U -1
20 0 L 14
21 0 L 16
22 1 L -1
23 1 L 3
24 0 U 21
25 0 L 17
26 1 L 15
27 0 U 25
28 0 U 4
29 1 U -1
30 1 L 6
31 1 L 21
32 1 U 24
33 1 L 3
34 1 U 29
35 1 U 28
36 1 L 35
37 1 L 32
38
0 0 U -1
1 1 L -1
2 0 U 0
3 0 L -1
4 1 U -1
5 0 L 0
6 0 U -1
7 0 U 4
8 0 U 0
9 1 U -1
10 0 U 6
11 0 U -1
12 0 U 5
13 1 U 11
14 0 U -1
15 0 L 5
16 1 L 7
17 1 U 8
18 1 L 6
19 1 U -1
20 0 L 14
21 0 L 13
22 1 L -1
23 1 L 3
24 0 U 16
25 0 L 17
26 0 L 15
27 0 U 25
28 0 U 14
29 1 U -1
30 1 L 26
31 1 L 27
32 1 U 24
33 1 L 3
34 1 U 14
35 1 U 21
36 1 L 35
37 1 L 32
38
0 0 L -1
1 0 U 0
2 0 U 0
3 0 L -1
4 1 U -1
5 0 L 1
6 0 U -1
7 0 U 4
8 0 U 0
9 1 U -1
10 0 U 8
11 0 U -1
12 0 U 5
13 1 U 0
14 0 U -1
15 0 L 12
16 1 L 9
17 1 U 8
18 1 L 6
19 1 U -1
20 0 L 14
21 1 L 13
22 1 L -1
23 1 L 3
24 0 U 16
25 0 L 17
26 1 L 15
27 1 U 25
28 0 U 14
29 1 U -1
30 1 L 6
31 1 L 27
32 1 U 24
33 1 L 5
34 1 U 4
35 1 U 15
36 1 L 35
37 0 L 10
38
0 0 U -1
1 1 U -1
2 0 L 0
3 0 L -1
4 1 U -1
5 0 L 0
6 0 U -1
7 0 U 4
8 0 U 0
9 1 U -1
10 0 U 8
11 0 U -1
12 1 U 5
13 1 U 0
14 0 U -1
15 0 U 13
16 1 L 9
17 1 U 4
18 1 L 6
19 1 U -1
20 0 L 14
21 0 L 16
22 0 L -1
23 1 L 3
24 0 U 16
25 0 L 17
26 0 L 3
27 1 U 25
28 0 U 14
29 1 U -1
30 1 L 6
31 1 L 27
32 1 U 24
33 1 L 22
34 1 U 29
35 1 U 21
36 1 L 35
37 0 L 10
38
0 0 U -1
1 1 L -1
2 0 U 0
3 0 L -1
4 1 U -1
5 0 L -1
6 0 U -1
7 0 U 4
8 0 U 0
9 1 U -1
10 0 U 8
11 0 U -1
12 1 U 5
13 1 U 11
14 0 U -1
15 0 U 3
16 0 L 7
17 1 U 1
18 1 L 6
19 1 U -1
20 0 L 14
21 1 L 12
22 0 L -1
23 1 L 3
24 0 U 16
25 0 L 17
26 0 L 22
27 1 U 25
28 0 U 4
29 1 U -1
30 1 L 26
31 1 L 27
32 1 U 18
33 1 L 3
34 1 U 29
35 1 U 28
36 1 U 16
37 0 L 13
38
0 0 U -1
1 1 L -1
2 0 U 0
3 0 L -1
4 1 U -1
5 1 L 0
6 0 U -1
7 0 U 4
8 0 U 0
9 1 U -1
10 0 U 4
11 0 U -1
12 1 U 5
13 1 U 11
14 0 U -1
15 0 U 3
16 0 L 8
17 1 U 2
18 1 L 6
19 1 U -1
20 0 L 14
21 0 L 12
22 0 L -1
23 1 L 3
24 0 U 16
25 0 L 17
26 1 L 22
27 1 U 25
28 0 U 14
29 1 U -1
30 1 L 23
31 1 L 27
32 1 U 16
33 1 L 3
34 1 U 14
35 1 U 28
36 1 U 35
37 0 L 24
38
0 0 L -1
1 1 L -1
2 0 U 0
3 0 L -1
4 1 U -1
5 0 L 0
6 0 U -1
7 0 U 4
8 0 U 0
9 1 U -1
10 0 U 8
11 0 U -1
12 1 U 5
13 1 U 11
14 0 U -1
15 0 U 3
16 0 L 7
17 1 U 2
18 1 L 6
19 1 U -1
20 0 L 14
21 1 L 11
22 0 L -1
23 1 L 3
24 0 U 21
25 0 L 17
26 0 L 22
27 1 U 25
28 0 U 8
29 1 U -1
30 1 L 23
31 1 L 27
32 1 U 26
33 1 L 3
34 1 U 29
35 1 U 28
36 1 U 21
37 0 L 30
38
0 0 U -1
1 1 L -1
2 0 U 0
3 0 L -1
4 1 U -1
5 1 L 0
6 0 U -1
7 0 U 4
8 0 U 0
9 1 U -1
10 0 U 8
11 0 U -1
12 0 U 5
13 1 U 0
14 0 U -1
15 0 L 12
16 0 L 9
17 1 U 2
18 1 L 6
19 1 U -1
20 0 L 14
21 1 L 16
22 0 L -1
23 1 L 3
24 0 U 21
25 0 L 17
26 0 L 22
27 1 U 25
28 0 U 8
29 1 U -1
30 1 L 26
31 1 L 27
32 1 U 26
33 1 L 3
34 1 U 6
35 1 U 28
36 1 U 25
37 0 L 24
38
0 0 L -1
1 1 L -1
2 0 U 0
3 0 L -1
4 1 U -1
5 1 L 0
6 0 U -1
7 0 U 4
8 0 U 0
9 1 U -1
10 0 U 4
11 0 U -1
12 1 U 5
13 1 U 11
14 0 U -1
15 0 L 12
16 1 L 7
17 1 U 2
18 1 L 6
19 1 U -1
20 0 L 14
21 0 L 13
22 0 L -1
23 1 L 3
24 0 U 21
25 0 L 17
26 1 L 22
27 1 U 25
28 0 U 4
29 0 U -1
30 1 L 26
31 1 L 14
32 0 U 12
33 1 L 3
34 1 U 4
35 1 U 28
36 1 U 28
37 0 L 30
38
0 0 L -1
1 1 L -1
2 0 U 0
3 0 L -1
4 1 U -1
5 1 L 1
6 0 U -1
7 0 U 4
8 0 U 0
9 1 U -1
10 0 U 4
11 0 U -1
12 1 U 5
13 1 U 0
14 0 U -1
15 0 U 5
16 0 L 9
17 1 U 6
18 1 L 6
19 1 U -1
20 0 L 14
21 0 L 11
22 0 L -1
23 1 L 3
24 0 U 21
25 0 L 17
26 0 L 22
27 1 U 25
28 0 U 4
29 0 U -1
30 1 L 23
31 1 L 27
32 1 U 12
33 1 L 3
34 1 U 2
35 1 U 28
36 1 U 16
37 0 L 10
38
0 0 U -1
1 1 L -1
2 0 U 0
3 0 L -1
4 1 U -1
5 1 L 0
6 0 U -1
7 0 U 4
8 0 U 0
9 1 U -1
10 0 U 8
11 0 U -1
12 1 U 5
13 1 U 11
14 0 U -1
15 0 U 5
16 1 L 9
17 1 U 2
18 1 L 6
19 1 U -1
20 0 L 14
21 1 L 16
22 0 L -1
23 1 L 3
24 0 U 21
25 0 L 17
26 0 L 22
27 1 U 25
28 0 U 2
29 1 U -1
30 1 L 6
31 1 L 27
32 0 U 24
33 1 L 22
34 1 U 2
35 1 U 15
36 1 U 25
37 0 L 24
38
0 0 U -1
1 1 U 0
2 0 U 0
3 0 L -1
4 1 U -1
5 1 L 0
6 0 U -1
7 0 U 4
8 0 U 0
9 1 U -1
10 0 U 8
11 0 U -1
12 0 U 5
13 1 U 0
14 0 U -1
15 0 U 5
16 1 L 7
17 1 U 2
18 1 L 6
19 1 U -1
20 0 L 14
21 1 L 16
22 0 L -1
23 1 L 3
24 0 U 21
25 0 L 17
26 0 L 22
27 1 U 25
28 0 U 6
29 1 U -1
30 1 L 23
31 1 L 27
32 0 U 26
33 1 L 3
34 1 U 8
35 1 U 28
36 1 U 16
37 0 L 10
38
0 0 L -1
1 1 U 0
2 0 U 0
3 0 L -1
4 1 U -1
5 0 L -1
6 0 U -1
7 0 U 4
8 0 U 0
9 1 U -1
10 0 U 4
11 0 U -1
12 0 U 5
13 1 U 0
14 0 U -1
15 0 U 5
16 0 L 8
17 1 U 6
18 1 L 6
19 1 U -1
20 0 L 14
21 0 L 16
22 0 L -1
23 1 L 3
24 0 U 21
25 0 L 17
26 1 L 22
27 1 U 25
28 0 U 6
29 1 U -1
30 1 L 6
31 1 L 27
32 1 U 26
33 1 L 3
34 1 U 2
35 1 U 28
36 1 U 15
37 0 L 13
38
0 0 U -1
1 1 U 0
2 0 U 0
3 0 L -1
4 1 U -1
5 1 L 0
6 0 U -1
7 0 U 4
8 0 U 0
9 1 U -1
10 0 U 4
11 0 U -1
12 1 U 5
13 1 U 11
14 0 U -1
15 1 U 5
16 1 L 7
17 1 U 2
18 1 L 6
19 1 U -1
20 0 L 14
21 0 L 13
22 0 L -1
23 1 L 3
24 0 U 21
25 0 L 17
26 0 L 22
27 1 U 25
28 0 U 2
29 0 U -1
30 1 L 23
31 1 L 14
32 0 U 26
33 1 L 22
34 1 U 2
35 1 U 28
36 1 U 16
37 0 L 30
38
0 0 L -1
1 1 U 0
2 0 U 0
3 0 L -1
4 1 U -1
5 0 L 1
6 0 U -1
7 0 U 4
8 0 U 0
9 1 U -1
10 0 U 8
11 0 U -1
12 1 U 5
13 1 U 11
14 0 U -1
15 0 U 5
16 1 L 8
17 1 U 2
18 1 L 6
19 1 U -1
20 0 L 14
21 1 L 11
22 0 L -1
23 1 L 3
24 0 U 21
25 0 L 17
26 0 L 22
27 1 U 25
28 0 U 8
29 1 U -1
30 1 L 23
31 1 L 14
32 0 U 18
33 1 L 3
34 1 U 4
35 1 U 28
36 1 U 28
37 0 L 24
38
0 0 L -1
1 1 U 0
2 0 U 0
3 0 L -1
4 1 U -1
5 0 L -1
6 0 U -1
7 0 U 4
8 0 U 0
9 1 U -1
10 0 U 4
11 0 U -1
12 0 U 5
13 1 U 11
14 0 U -1
15 0 U 3
16 1 L 9
17 1 U 2
18 1 L 6
19 1 U -1
20 0 L 14
21 1 L 13
22 0 L -1
23 1 L 3
24 0 U 21
25 0 L 17
26 0 L 22
27 1 U 25
28 0 U 8
29 1 U -1
30 1 L 23
31 1 L 27
32 1 U 18
33 1 L 3
34 1 U 14
35 1 U 17
36 1 U 17
37 0 L 10
38
0 0 U -1
1 1 U 0
2 0 U 0
3 0 L -1
4 1 U -1
5 0 L 0
6 0 U -1
7 0 U 4
8 0 U 0
9 1 U -1
10 0 U 8
11 0 U -1
12 1 U 5
13 1 U 11
14 0 U -1
15 0 L 5
16 0 L 7
17 1 U 2
18 1 L 6
19 1 U -1
20 0 L 14
21 1 L 16
22 0 L -1
23 1 L 3
24 0 U 21
25 0 L 17
26 0 L 22
27 1 U 25
28 0 U 6
29 0 U -1
30 1 L 6
31 1 L 14
32 0 U 26
33 1 L 3
34 1 U 4
35 1 U 28
36 1 U 25
37 0 L 10
38
0 0 L -1
1 1 L -1
2 0 U 0
3 0 L -1
4 1 U -1
5 1 L -1
6 0 U -1
7 0 U 4
8 0 U 0
9 1 U -1
10 0 U 8
11 0 U -1
12 1 U 5
13 1 U 11
14 0 U -1
15 0 U 5
16 1 L 9
17 1 U 2
18 1 L 6
19 1 U -1
20 0 L 14
21 0 L 16
22 0 L -1
23 1 L 3
24 0 U 21
25 0 L 17
26 1 L 22
27 1 U 25
28 0 U 8
29 1 U -1
30 1 L 26
31 1 L 27
32 1 U 18
33 1 L 3
34 1 U 8
35 1 U 17
36 1 U 16
37 0 L 10
38
0 0 L -1
1 1 L -1
2 0 U 0
3 0 L -1
4 1 U -1
5 0 L 0
6 0 U -1
7 0 U 4
8 0 U 0
9 1 U -1
10 0 U 4
11 0 U -1
12 1 U 5
13 1 U 0
14 0 U -1
15 1 U 5
16 0 L 7
17 1 U 2
18 1 L 6
19 1 U -1
20 0 L 14
21 1 L 13
22 0 L -1
23 1 L 3
24 0 U 21
25 0 L 17
26 1 L 22
27 1 U 25
28 0 U 8
29 1 U -1
30 1 L 26
31 1 L 27
32 1 U 18
33 1 L 22
34 1 U 14
35 1 U 17
36 1 U 28
37 0 L 10
38
0 0 L -1
1 1 L -1
2 0 U 0
3 0 L -1
4 1 U -1
5 0 L 1
6 0 U -1
7 0 U 4
8 0 U 0
9 1 U -1
10 0 U 4
11 0 U -1
12 1 U 5
13 1 U 0
14 0 U -1
15 1 U 5
16 0 L 9
17 1 U 2
18 1 L 6
19 1 U -1
20 0 L 14
21 1 L 11
22 0 L -1
23 1 L 3
24 0 U 21
25 0 L 17
26 1 L 22
27 1 U 25
28 0 U 14
29 1 U -1
30 1 L 6
31 1 L 27
32 0 U 26
33 1 L 3
34 1 U 6
35 1 U 17
36 1 U 21
37 0 L 30
38
0 0 U -1
1 1 L -1
2 0 U 0
3 0 L -1
4 1 U -1
5 1 L -1
6 0 U -1
7 0 U 4
8 0 U 0
9 1 U -1
10 0 U 6
11 0 U -1
12 0 U 5
13 1 U 0
14 0 U -1
15 1 U 3
16 0 L 9
17 1 U 2
18 1 L 6
19 1 U -1
20 0 L 14
21 0 L 16
22 0 L -1
23 1 L 3
24 0 U 21
25 0 L 17
26 0 L 22
27 1 U 25
28 0 U 8
29 1 U -1
30 1 L 6
31 1 L 14
32 1 U 12
33 1 L 3
34 1 U 8
35 1 U 17
36 1 U 21
37 0 L 30
38
0 0 U -1
1 1 L -1
2 0 U 0
3 0 L -1
4 1 U -1
5 0 L 1
6 0 U -1
7 0 U 4
8 0 U 0
9 1 U -1
10 0 U 6
11 0 U -1
12 1 L -1
13 1 U 11
14 0 U -1
15 0 L 9
16 0 L 15
17 1 U 2
18 1 L 6
19 1 U -1
20 0 L 14
21 0 L 20
22 0 L -1
23 1 L 3
24 0 U 16
25 0 L 17
26 1 L 22
27 1 U 25
28 0 U 21
29 0 U -1
30 1 L 6
31 1 L 14
32 1 U 26
33 1 L 3
34 1 U 4
35 1 U 28
36 1 L 35
37 0 L 24
38
0 0 U -1
1 1 L -1
2 0 U 0
3 0 L -1
4 1 U -1
5 1 L -1
6 0 U -1
7 0 U 4
8 0 U 0
9 1 U -1
10 0 U 5
11 0 U -1
12 1 L 0
13 1 U 11
14 0 U -1
15 1 L 10
16 0 L 9
17 1 U 8
18 1 L 6
19 1 U -1
20 0 L 14
21 0 U 5
22 0 L -1
23 1 L 3
24 0 U 16
25 0 L 17
26 0 L 22
27 1 U 25
28 0 U 6
29 1 U -1
30 1 L 6
31 1 L 27
32 1 U 26
33 1 L 22
34 1 U 6
35 1 U 21
36 1 L 35
37 0 L 13
38
0 0 U -1
1 1 L -1
2 0 U 0
3 0 L -1
4 1 U -1
5 1 L -1
6 0 U -1
7 0 U 4
8 0 U 0
9 1 U -1
10 0 U 8
11 0 U -1
12 1 L 5
13 1 U 0
14 0 U -1
15 0 L 0
16 1 L 10
17 1 U 4
18 1 L 6
19 1 U -1
20 0 L 14
21 0 U 17
22 0 L -1
23 1 L 3
24 0 U 16
25 0 L 14
26 0 L 22
27 1 U 25
28 0 U 14
29 1 U -1
30 1 L 23
31 1 L 14
32 1 U 18
33 1 L 22
34 1 U 4
35 1 U 28
36 1 U 35
37 0 L 30
38
0 0 L -1
1 1 L -1
2 0 U 0
3 0 L -1
4 1 U -1
5 0 L -1
6 0 U -1
7 0 U 4
8 0 U 0
9 1 U -1
10 0 U 6
11 0 U -1
12 1 L 5
13 1 U 11
14 0 U -1
15 0 L 0
16 1 L 8
17 1 U 4
18 1 L 6
19 1 U -1
20 0 L 14
21 1 U 17
22 0 L -1
23 1 L 3
24 0 U 16
25 0 L 17
26 0 L 22
27 1 U 25
28 0 U 6
29 1 U -1
30 1 L 26
31 1 L 14
32 1 U 15
33 1 L 22
34 1 U 14
35 1 U 21
36 1 L 35
37 0 L 13
38
0 0 L -1
1 1 L -1
2 0 U 0
3 0 L -1
4 1 U -1
5 1 L -1
6 0 U -1
7 0 U 4
8 0 U 0
9 1 U -1
10 0 U 4
11 0 U -1
12 1 U 3
13 1 U 0
14 0 U -1
15 1 L 1
16 0 L 8
17 1 U 14
18 1 L 6
19 1 U -1
20 0 L 14
21 0 U 5
22 0 L -1
23 1 L 3
24 0 U 16
25 0 L 17
26 0 L 22
27 1 U 25
28 0 U 2
29 0 U -1
30 1 L 6
31 1 L 27
32 0 U 26
33 1 L 3
34 1 U 4
35 1 U 28
36 1 L 35
37 0 L 13
38
0 0 L -1
1 1 L -1
2 0 U 0
3 0 L -1
4 1 U -1
5 0 L -1
6 0 U -1
7 0 U 4
8 0 U 0
9 1 U -1
10 0 U 5
11 0 U -1
12 1 U 3
13 1 U 11
14 0 U -1
15 0 U 8
16 1 L 8
17 1 U 14
18 1 L 6
19 1 U -1
20 0 L 14
21 1 U 5
22 0 L -1
23 1 L 3
24 0 U 16
25 0 L 17
26 1 L 22
27 1 U 25
28 0 U 4
29 0 U -1
30 1 L 6
31 1 L 14
32 0 U 26
33 1 L 3
34 1 U 6
35 1 U 21
36 1 L 35
37 0 L 24
38
0 0 L -1
1 1 L -1
2 0 U 0
3 0 L -1
4 1 U -1
5 0 L -1
6 0 U -1
7 0 U 4
8 0 U 0
9 1 U -1
10 0 U 8
11 0 U -1
12 1 U 3
13 1 U 0
14 0 U -1
15 1 U 12
16 0 L 9
17 1 U 4
18 1 L 6
19 1 U -1
20 0 L 14
21 0 U 17
22 0 L -1
23 1 L 3
24 0 U 16
25 0 L 17
26 0 L 22
27 1 U 25
28 0 U 2
29 0 U -1
30 1 L 6
31 1 L 27
32 1 U 26
33 1 L 22
34 1 U 29
35 1 U 28
36 1 L 35
37 0 L 24
38
0 0 U -1
1 1 L -1
2 0 U 0
3 0 L -1
4 1 U -1
5 1 L -1
6 0 U -1
7 0 U 4
8 0 U 0
9 1 U -1
10 0 U 8
11 0 U -1
12 0 U 3
13 1 U 0
14 0 U -1
15 1 U 12
16 1 L 8
17 1 U 8
18 1 L 6
19 1 U -1
20 0 L 14
21 1 U 17
22 0 L -1
23 1 L 3
24 0 U 16
25 0 L 17
26 1 L 22
27 1 U 25
28 0 U 6
29 1 U -1
30 1 L 6
31 1 L 14
32 1 U 24
33 1 L 22
34 1 U 6
35 1 U 12
36 1 L 35
37 0 L 10
38
0 0 U -1
1 1 L -1
2 0 U 0
3 0 L -1
4 1 U -1
5 0 L 1
6 0 U -1
7 0 U 4
8 0 U 0
9 1 U -1
10 0 U 5
11 0 U -1
12 1 U 5
13 1 U 11
14 0 U -1
15 0 U 8
16 0 L 7
17 1 U 8
18 1 L 6
19 1 U -1
20 0 L 14
21 0 U 5
22 0 L -1
23 1 L 3
24 0 U 16
25 0 L 17
26 1 L 22
27 1 U 25
28 0 U 2
29 0 U -1
30 1 L 26
31 1 L 14
32 0 U 24
33 1 L 3
34 1 U 4
35 1 U 21
36 1 L 35
37 0 L 24
38
0 0 L -1
1 1 L -1
2 0 U 0
3 0 L -1
4 1 U -1
5 1 L 1
6 0 U -1
7 0 U 4
8 0 U 0
9 1 U -1
10 0 U 5
11 0 U -1
12 1 U 5
13 1 U 11
14 0 U -1
15 0 U 8
16 1 L 8
17 1 U 8
18 1 L 6
19 1 U -1
20 0 L 14
21 0 U 17
22 0 L -1
23 1 L 3
24 0 U 16
25 0 L 17
26 0 L 22
27 1 U 25
28 0 U 2
29 1 U -1
30 1 L 23
31 1 L 14
32 1 U 26
33 1 L 3
34 1 U 1
35 1 U 21
36 1 L 35
37 0 L 24
38
0 0 U -1
1 1 L -1
2 0 U 0
3 0 L -1
4 1 U -1
5 1 L -1
6 0 U -1
7 0 U 4
8 0 U 0
9 1 U -1
10 0 U 8
11 0 U -1
12 1 U 3
13 1 U 0
14 0 U -1
15 1 L 5
16 0 L 9
17 1 U 4
18 1 L 6
19 1 U -1
20 0 L 14
21 1 U 17
22 0 L -1
23 1 L 3
24 0 U 16
25 0 L 17
26 0 L 22
27 1 U 25
28 0 U 4
29 0 U -1
30 1 L 6
31 1 L 27
32 1 U 24
33 1 L 22
34 1 U 29
35 1 U 21
36 1 L 35
37 0 L 10
38
0 0 L -1
1 1 L -1
2 0 U 0
3 0 L -1
4 1 U -1
5 0 L -1
6 0 U -1
7 0 U 4
8 0 U 0
9 1 U -1
10 0 U 4
11 0 U -1
12 1 U 3
13 1 U 0
14 0 U -1
15 0 L 9
16 0 L 15
17 1 U 8
18 1 L 6
19 1 U -1
20 0 L 14
21 1 U 17
22 0 L -1
23 1 L 3
24 0 U 16
25 0 L 17
26 1 L 22
27 1 U 25
28 0 U 6
29 1 U -1
30 1 L 23
31 1 L 27
32 1 U 26
33 1 L 22
34 1 U 4
35 1 U 21
36 1 L 35
37 0 L 13
38
0 0 U -1
1 1 U -1
2 0 U 0
3 0 L -1
4 1 U -1
5 1 L -1
6 0 U -1
7 0 U 4
8 0 U 0
9 1 U -1
10 0 U 8
11 0 U -1
12 0 U 3
13 1 U 11
14 0 U -1
15 1 L 9
16 0 L 15
17 1 U 8
18 1 L 6
19 1 U -1
20 0 L 14
21 1 U 17
22 0 L -1
23 1 L 3
24 0 U 16
25 0 L 17
26 1 L 22
27 1 U 18
28 0 U 2
29 0 U -1
30 1 L 6
31 1 L 14
32 0 U 26
33 1 L 22
34 1 U 6
35 1 U 21
36 1 L 35
37 0 L 2
38
0 0 U -1
1 1 U -1
2 0 U 0
3 0 L -1
4 1 U -1
5 0 L -1
6 0 U -1
7 0 U 4
8 0 U 0
9 1 U -1
10 0 U 4
11 0 U -1
12 0 U 3
13 1 U 11
14 0 U -1
15 1 L 9
16 0 L 15
17 1 U 8
18 1 L 6
19 1 U -1
20 0 L 14
21 1 U 17
22 0 L -1
23 1 L 3
24 0 U 16
25 0 L 17
26 0 L 3
27 1 U 18
28 0 U 4
29 1 U -1
30 1 L 26
31 1 L 14
32 0 U 24
33 1 L 3
34 1 U 4
35 1 U 21
36 1 L 35
37 0 L 0
38
0 0 U -1
1 1 U -1
2 0 U 1
3 0 L -1
4 1 U -1
5 0 L -1
6 0 U -1
7 0 U 4
8 0 U 0
9 1 U -1
10 0 U 4
11 0 U -1
12 0 U 3
13 1 U 0
14 0 U -1
15 0 L 7
16 1 L 15
17 1 U 6
18 1 L 6
19 1 U -1
20 0 L 14
21 1 U 17
22 0 L -1
23 1 L 3
24 0 U 16
25 0 L 17
26 0 L 22
27 1 U 26
28 0 U 4
29 0 U -1
30 1 L 23
31 1 L 27
32 1 U 18
33 1 L 3
34 1 U 2
35 1 U 28
36 1 L 35
37 0 L -1
38
0 0 U -1
1 1 U -1
2 0 L 0
3 0 L -1
4 1 U -1
5 1 L -1
6 0 U -1
7 0 U 4
8 0 U 0
9 1 U -1
10 0 U 4
11 0 U -1
12 0 U 3
13 1 U 0
14 0 U -1
15 0 L 9
16 1 L 8
17 1 U 8
18 1 L 6
19 1 U -1
20 0 L 14
21 0 U 17
22 0 L -1
23 1 L 3
24 0 U 16
25 0 L 17
26 0 L 3
27 1 U 26
28 0 U 4
29 1 U -1
30 1 L 26
31 1 L 14
32 1 U 18
33 1 L 22
34 1 U 2
35 1 U 12
36 1 L 35
37 0 L 5
38
0 0 L -1
1 1 U -1
2 0 L -1
3 0 L -1
4 1 U -1
5 1 L -1
6 0 U -1
7 0 U 4
8 0 U 0
9 1 U -1
10 0 U 4
11 0 U -1
12 0 U 3
13 1 U 0
14 0 U -1
15 1 L 9
16 1 L 15
17 1 U 8
18 1 L 6
19 1 U -1
20 0 L 14
21 0 U 19
22 0 L -1
23 1 L 3
24 0 U 16
25 0 L 17
26 0 L 22
27 1 U 25
28 0 U 2
29 0 U -1
30 1 L 26
31 1 L 27
32 0 U 24
33 1 L 22
34 1 U 2
35 1 U 28
36 1 L 35
37 0 L 2
38
0 0 U -1
1 1 U -1
2 0 L 0
3 0 L -1
4 1 U -1
5 0 L -1
6 0 U -1
7 0 U 4
8 0 U 0
9 1 U -1
10 0 U 8
11 0 U -1
12 0 U 3
13 1 U 11
14 0 U -1
15 1 L 9
16 1 L 15
17 1 U 8
18 1 L 6
19 1 U -1
20 0 L 14
21 0 U 17
22 0 L -1
23 1 L 3
24 0 U 16
25 0 L 17
26 1 L 22
27 1 U 26
28 0 U 2
29 1 U -1
30 1 L 23
31 1 L 27
32 0 U 24
33 1 L 3
34 1 U 2
35 1 U 21
36 1 L 35
37 0 L 5
38
0 0 U -1
1 1 U -1
2 0 L 0
3 0 L -1
4 1 U -1
5 0 L -1
6 0 U -1
7 0 U 4
8 0 U 0
9 1 U -1
10 0 U 8
11 0 U -1
12 0 U 3
13 1 U 0
14 0 U -1
15 0 L 7
16 1 L 15
17 1 U 14
18 1 L 6
19 1 U -1
20 0 L 14
21 1 U 17
22 0 L -1
23 1 L 3
24 0 U 16
25 0 L 17
26 1 L 3
27 1 U 18
28 0 U 8
29 1 U -1
30 1 L 26
31 1 L 14
32 0 U 18
33 1 L 3
34 1 U 6
35 1 U 28
36 1 L 35
37 0 L 5
38
0 0 L -1
1 1 U -1
2 0 L -1
3 0 L -1
4 1 U -1
5 0 L -1
6 0 U -1
7 0 U 4
8 0 U 0
9 1 U -1
10 0 U 8
11 0 U -1
12 0 U 3
13 1 U 11
14 0 U -1
15 0 L 9
16 0 L 15
17 1 U 8
18 1 L 6
19 1 U -1
20 0 L 14
21 0 U 17
22 0 L -1
23 1 L 3
24 0 U 16
25 0 L 17
26 0 L 3
27 1 U 25
28 0 U 6
29 0 U -1
30 1 L 6
31 1 L 27
32 1 U 26
33 1 L 22
34 1 U 4
35 1 U 28
36 1 L 35
37 0 L 2
38
0 0 U -1
1 1 U -1
2 0 L -1
3 0 L -1
4 1 U -1
5 1 L -1
6 0 U -1
7 0 U 4
8 0 U 0
9 1 U -1
10 0 U 8
11 0 U -1
12 0 U 3
13 1 U 11
14 0 U -1
15 1 L 9
16 0 L 15
17 1 U 4
18 1 L 6
19 1 U -1
20 0 L 14
21 1 U 17
22 0 L -1
23 1 L 3
24 0 U 16
25 0 L 17
26 0 L 3
27 1 U 26
28 0 U 4
29 0 U -1
30 1 L 23
31 1 L 14
32 0 U 26
33 1 L 22
34 1 U 4
35 1 U 12
36 1 L 35
37 0 L 5
38
0 0 L -1
1 1 U -1
2 0 L 0
3 0 L -1
4 1 U -1
5 0 L -1
6 0 U -1
7 0 U 4
8 0 U 0
9 1 U -1
10 0 U 8
11 0 U -1
12 0 U 3
13 1 U 11
14 0 U -1
15 0 L 9
16 1 L 15
17 1 U 6
18 1 L 6
19 1 U -1
20 0 L 14
21 0 U 17
22 0 L -1
23 1 L 3
24 0 U 16
25 0 L 17
26 1 L 3
27 1 U 18
28 0 U 14
29 1 U -1
30 1 L 26
31 1 L 14
32 1 U 18
33 1 L 22
34 1 U 6
35 1 U 12
36 1 L 35
37 0 L 5
38
0 0 U -1
1 1 U -1
2 0 L 0
3 0 L -1
4 1 U -1
5 0 L -1
6 0 U -1
7 0 U 4
8 0 U 0
9 1 U -1
10 0 U 4
11 0 U -1
12 0 U 3
13 1 U 0
14 0 U -1
15 0 L 7
16 1 L 15
17 1 U 8
18 1 L 6
19 1 U -1
20 0 L 14
21 0 U 15
22 0 L -1
23 1 L 3
24 0 U 16
25 0 L 17
26 0 L 3
27 1 U 25
28 0 U 4
29 0 U -1
30 1 L 6
31 1 L 14
32 0 U 18
33 1 L 3
34 1 U 4
35 1 U 12
36 1 L 35
37 0 L 0
38
0 0 L -1
1 1 U -1
2 0 U 0
3 0 L -1
4 1 U -1
5 1 L -1
6 0 U -1
7 0 U 4
8 0 U 0
9 1 U -1
10 0 U 8
11 0 U -1
12 0 U 3
13 1 U 11
14 0 U -1
15 1 L 9
16 1 L 15
17 1 U 8
18 1 L 6
19 1 U -1
20 0 L 14
21 1 U 17
22 0 L -1
23 1 L 3
24 0 U 16
25 0 L 17
26 0 L 22
27 1 U 25
28 0 U 8
29 1 U -1
30 1 L 26
31 1 L 14
32 0 U 26
33 1 L 3
34 1 U 14
35 1 U 28
36 1 L 35
37 0 L -1
38
0 0 L -1
1 1 U -1
2 0 L 0
3 0 L -1
4 1 U -1
5 0 L -1
6 0 U -1
7 0 U 4
8 0 U 0
9 1 U -1
10 0 U 4
11 0 U -1
12 0 U 3
13 1 U 11
14 0 U -1
15 0 L 9
16 0 L 15
17 1 U 8
18 1 L 6
19 1 U -1
20 0 L 14
21 1 U 19
22 0 L -1
23 1 L 3
24 0 U 16
25 0 L 17
26 1 L 22
27 1 U 26
28 0 U 2
29 0 U -1
30 1 L 6
31 1 L 27
32 1 U 26
33 1 L 22
34 1 U 6
35 1 U 28
36 1 L 35
37 0 L 5
38
0 0 L -1
1 1 U -1
2 0 U 1
3 0 L -1
4 1 U -1
5 1 L -1
6 0 U -1
7 0 U 4
8 0 U 0
9 1 U -1
10 0 U 8
11 0 U -1
12 0 U 3
13 1 U 0
14 0 U -1
15 0 L 9
16 0 L 8
17 1 U 14
18 1 L 6
19 1 U -1
20 0 L 14
21 0 U 17
22 0 L -1
23 1 L 3
24 0 U 16
25 0 L 17
26 1 L 3
27 1 U 25
28 0 U 6
29 1 U -1
30 1 L 6
31 1 L 14
32 1 U 18
33 1 L 3
34 1 U 4
35 1 U 28
36 1 L 35
37 0 L 5
38
0 0 U -1
1 1 U -1
2 0 U 0
3 0 L -1
4 1 U -1
5 0 L -1
6 0 U -1
7 0 U 4
8 0 U 0
9 1 U -1
10 0 U 4
11 0 U -1
12 0 U 3
13 1 U 11
14 0 U -1
15 0 L 9
16 1 L 15
17 1 U 8
18 1 L 6
19 1 U -1
20 0 L 14
21 1 U 17
22 0 L -1
23 1 L 3
24 0 U 16
25 0 L 17
26 1 L 22
27 1 U 26
28 0 U 4
29 0 U -1
30 1 L 26
31 1 L 14
32 1 U 18
33 1 L 3
34 1 U 4
35 1 U 12
36 1 L 35
37 0 L 5
38
0 0 L -1
1 1 U -1
2 0 U 1
3 0 L -1
4 1 U -1
5 0 L -1
6 0 U -1
7 0 U 4
8 0 U 0
9 1 U -1
10 0 U 8
11 0 U -1
12 0 U 3
13 1 U 11
14 0 U -1
15 0 L 9
16 1 L 15
17 1 U 14
18 1 L 6
19 1 U -1
20 0 L 14
21 1 U 17
22 0 L -1
23 1 L 3
24 0 U 16
25 0 L 17
26 0 L 3
27 1 U 18
28 0 U 4
29 1 U -1
30 1 L 23
31 1 L 27
32 1 U 18
33 1 L 22
34 1 U 4
35 1 U 12
36 1 L 35
37 0 L 5
38
0 0 U -1
1 1 U -1
2 0 L 0
3 0 L -1
4 1 U -1
5 0 L -1
6 0 U -1
7 0 U 4
8 0 U 0
9 1 U -1
10 0 U 4
11 0 U -1
12 0 U 3
13 1 U 0
14 0 U -1
15 0 L 9
16 0 L 15
17 1 U 4
18 1 L 6
19 1 U -1
20 0 L 14
21 1 U 17
22 0 L -1
23 1 L 3
24 0 U 16
25 0 L 17
26 0 L 22
27 1 U 26
28 0 U 4
29 1 U -1
30 1 L 6
31 1 L 27
32 1 U 18
33 1 L 3
34 1 U 29
35 1 U 28
36 1 L 35
37 0 L -1
38
0 0 U -1
1 1 U -1
2 0 L 0
3 0 L -1
4 1 U -1
5 1 L -1
6 0 U -1
7 0 U 4
8 0 U 0
9 1 U -1
10 0 U 8
11 0 U -1
12 0 U 3
13 1 U 0
14 0 U -1
15 0 L 9
16 0 L 15
17 1 U 14
18 1 L 6
19 1 U -1
20 0 L 14
21 1 U 19
22 0 L -1
23 1 L 3
24 0 U 16
25 0 L 17
26 1 L 22
27 1 U 26
28 0 U 6
29 0 U -1
30 1 L 26
31 1 L 27
32 1 U 26
33 1 L 3
34 1 U 21
35 1 U 28
36 1 L 35
37 0 L -1
38
0 0 U -1
1 1 U -1
2 0 L -1
3 0 L -1
4 1 U -1
5 1 L -1
6 0 U -1
7 0 U 4
8 0 U 0
9 1 U -1
10 0 U 8
11 0 U -1
12 0 U 3
13 1 U 11
14 0 U -1
15 1 L 9
16 0 L 15
17 1 U 6
18 1 L 6
19 1 U -1
20 0 L 14
21 0 U 19
22 0 L -1
23 1 L 3
24 0 U 16
25 0 L 17
26 0 L 22
27 1 U 25
28 0 U 2
29 0 U -1
30 1 L 6
31 1 L 14
32 0 U 26
33 1 L 22
34 1 U 21
35 1 U 28
36 1 L 35
37 0 L 2
38
0 0 L -1
1 1 U -1
2 0 L 0
3 0 L -1
4 1 U -1
5 1 L -1
6 0 U -1
7 0 U 4
8 0 U 0
9 1 U -1
10 0 U 8
11 0 U -1
12 0 U 3
13 1 U 11
14 0 U -1
15 0 L 9
16 0 L 8
17 1 U 8
18 1 L 6
19 1 U -1
20 0 L 14
21 1 U 19
22 0 L -1
23 1 L 3
24 0 U 16
25 0 L 17
26 1 L 3
27 1 U 18
28 0 U 21
29 0 U -1
30 1 L 23
31 1 L 14
32 0 U 24
33 1 L 22
34 1 U 21
35 1 U 28
36 1 L 35
37 0 L -1
38
0 0 L -1
1 1 U -1
2 0 L -1
3 0 L -1
4 1 U -1
5 0 L -1
6 0 U -1
7 0 U 4
8 0 U 0
9 1 U -1
10 0 U 8
11 0 U -1
12 0 U 3
13 1 U 0
14 0 U -1
15 0 L 9
16 0 L 8
17 1 U 14
18 1 L 6
19 1 U -1
20 0 L 14
21 1 U 19
22 0 L -1
23 1 L 3
24 0 U 16
25 0 L 17
26 0 L 3
27 1 U 25
28 0 U 21
29 0 U -1
30 1 L 6
31 1 L 27
32 0 U 24
33 1 L 3
34 1 U 21
35 1 U 28
36 1 L 35
37 0 L -1
38
0 0 L -1
1 1 U -1
2 0 U 0
3 0 L -1
4 1 U -1
5 0 L -1
6 0 U -1
7 0 U 4
8 0 U 0
9 1 U -1
10 0 U 8
11 0 U -1
12 0 U 3
13 1 U 11
14 0 U -1
15 1 L 9
16 0 L 15
17 1 U 14
18 1 L 6
19 1 U -1
20 0 L 14
21 0 U 17
22 0 L -1
23 1 L 3
24 0 U 16
25 0 L 17
26 1 L 22
27 1 U 26
28 0 U 2
29 0 U -1
30 1 L 26
31 1 L 14
32 0 U 24
33 1 L 3
34 1 U 2
35 1 U 28
36 1 L 35
37 0 L 0
