67
0 0 U -1
1 0 U -1
2 0 U -1
3 0 U -1
4 0 U -1
5 0 U -1
6 0 U -1
7 0 U -1
8 0 U -1
9 0 U -1
10 0 U -1
11 0 U -1
12 0 U -1
13 0 U -1
14 0 U -1
15 0 U -1
16 0 U -1
17 0 U -1
18 0 U -1
19 0 U -1
20 0 U -1
21 0 U -1
22 0 U -1
23 0 U -1
24 0 U -1
25 0 U -1
26 0 U -1
27 0 U -1
28 0 U -1
29 0 U -1
30 0 U -1
31 0 U -1
32 0 U -1
33 0 U -1
34 0 U -1
35 0 U -1
36 0 U -1
37 0 U -1
38 0 U -1
39 0 U -1
40 0 U -1
41 0 U -1
42 0 U -1
43 0 U -1
44 0 U -1
45 0 U -1
46 0 U -1
47 0 U -1
48 0 U -1
49 0 U -1
50 0 U -1
51 0 U -1
52 0 U -1
53 0 U -1
54 0 U -1
55 0 U -1
56 0 U -1
57 0 U -1
58 0 U -1
59 0 U -1
60 0 U -1
61 0 U -1
62 0 U -1
63 0 U -1
64 0 U -1
65 0 U -1
66 0 U -1
67
0 1 U -1
1 0 L -1
2 0 U 0
3 0 L -1
4 1 U -1
5 0 L -1
6 1 U -1
7 0 L 3
8 0 U 6
9 1 U -1
10 1 U 0
11 0 U 5
12 1 L 6
13 0 U 3
14 0 L 4
15 1 U -1
16 1 U 11
17 0 U 12
18 0 L 14
19 0 U -1
20 1 L 13
21 0 U 2
22 0 U 10
23 1 U -1
24 1 U -1
25 0 U -1
26 1 U 6
27 0 U 13
28 1 U 13
29 1 U 5
30 0 L 29
31 1 L 7
32 1 U 1
33 0 U 13
34 0 U 1
35 1 U 28
36 1 L 28
37 0 L 31
38 0 U -1
39 1 U 30
40 0 L -1
41 1 L 35
42 1 U 9
43 0 L 29
44 0 L 25
45 1 U -1
46 0 L 3
47 0 U 29
48 1 L 43
49 1 U 16
50 1 U 42
51 0 L 41
52 1 U 13
53 1 U 47
54 0 L 44
55 0 U -1
56 0 U 42
57 1 U 26
58 1 U 52
59 1 U 24
60 0 U -1
61 1 U 44
62 0 U 56
63 1 U 19
64 1 U 33
65 0 L 6
66 1 L 37
67
0 1 U -1
1 0 L -1
2 0 U 0
3 0 L -1
4 1 U -1
5 0 L -1
6 1 U -1
7 0 L 3
8 0 U 3
9 1 U -1
10 1 U 2
11 0 U 5
12 1 L 6
13 0 U 3
14 0 L 8
15 1 U -1
16 1 U 11
17 0 U 12
18 0 L 14
19 0 U -1
20 1 L 7
21 0 U 2
22 1 U 9
23 0 U -1
24 1 U 14
25 0 U 13
26 1 U 19
27 1 L 21
28 1 U 13
29 1 U 27
30 0 L 29
31 1 L 7
32 0 U 28
33 0 U 13
34 1 U 2
35 1 U 28
36 1 L 28
37 0 L 31
38 1 U -1
39 1 U 19
40 0 L -1
41 1 L 35
42 1 U 9
43 0 L 22
44 0 L 26
45 1 U -1
46 1 L -1
47 0 U 8
48 1 L 36
49 1 U 16
50 0 U -1
51 0 L 41
52 1 U 13
53 1 U 35
54 1 L 45
55 0 U -1
56 1 U 42
57 0 U 26
58 1 U 7
59 1 U 55
60 1 U -1
61 1 U 44
62 0 U 57
63 0 U 0
64 1 U 11
65 0 L -1
66 1 L 15
67
0 1 U -1
1 0 L -1
2 0 U 0
3 0 L -1
4 1 U -1
5 0 L -1
6 1 U -1
7 0 L 1
8 0 U 3
9 1 U -1
10 1 U 2
11 1 U 0
12 1 L 6
13 0 U 3
14 0 L 4
15 1 U -1
16 1 U 7
17 0 U 12
18 0 L 14
19 1 U -1
20 1 L 4
21 0 U 9
22 0 U 0
23 1 U -1
24 1 U 13
25 0 U 17
26 1 U 4
27 1 L 21
28 0 U 13
29 0 U 27
30 0 L 29
31 1 L 13
32 1 U 28
33 1 U 3
34 1 U 2
35 1 U 28
36 1 L 28
37 0 L 28
38 0 U -1
39 0 U 23
40 1 L -1
41 0 U 35
42 0 U 21
43 0 L 19
44 1 L 26
45 0 U -1
46 0 L 5
47 0 U 8
48 1 L 29
49 1 U 32
50 0 L -1
51 1 L 32
52 1 U 5
53 1 U 40
54 0 L 48
55 1 U -1
56 1 L 13
57 0 U 3
58 0 U 7
59 0 U 4
60 0 U -1
61 1 U 44
62 1 U 47
63 1 U 57
64 1 U 15
65 0 L -1
66 1 U 15
67
0 1 L -1
1 0 L -1
2 1 U 0
3 0 L -1
4 1 U -1
5 0 L -1
6 1 U -1
7 0 L 0
8 0 U 3
9 1 U -1
10 1 U 2
11 1 U 9
12 1 L 7
13 1 U 3
14 0 L 4
15 1 U -1
16 0 U 7
17 0 U 12
18 0 L 14
19 0 U -1
20 1 L 2
21 0 U 9
22 0 U 0
23 1 U -1
24 0 U 17
25 1 U 8
26 1 U 19
27 1 L 15
28 1 U 17
29 1 U 17
30 0 L 29
31 1 L 13
32 1 U 28
33 1 U 27
34 1 U 2
35 1 U 28
36 1 L 22
37 0 L 27
38 1 U -1
39 0 L 15
40 1 L -1
41 1 U 35
42 0 U 21
43 0 L 28
44 1 L 26
45 0 U -1
46 0 L 5
47 1 U 29
48 1 L 38
49 1 U 32
50 0 L -1
51 1 L 19
52 0 U 4
53 1 U 40
54 0 L 48
55 1 U 38
56 1 L 20
57 1 U 3
58 1 U 7
59 0 U 38
60 0 U -1
61 1 U 49
62 1 U 22
63 0 U 62
64 0 U 6
65 0 L -1
66 1 U 52
67
0 1 L -1
1 0 L -1
2 0 U 0
3 0 L -1
4 1 U -1
5 0 L -1
6 1 U -1
7 0 L 0
8 0 U 3
9 1 U -1
10 1 U 2
11 1 U 9
12 1 L 7
13 1 U 3
14 1 L 8
15 1 U -1
16 1 U 7
17 0 U 12
18 0 L 14
19 0 U -1
20 0 L 2
21 0 U 0
22 0 U 9
23 1 U -1
24 0 U 17
25 1 U 8
26 1 U 6
27 1 L 15
28 1 U 17
29 1 U 27
30 0 L 29
31 1 L 13
32 1 U 28
33 1 U 27
34 1 U 10
35 1 U 28
36 1 L 22
37 1 L 27
38 1 U -1
39 1 L 17
40 1 L -1
41 0 U 35
42 1 U 26
43 0 L 28
44 1 L 26
45 0 U -1
46 0 L 5
47 0 U 42
48 1 L 38
49 1 U 32
50 0 L -1
51 1 U 15
52 0 U 45
53 1 U 40
54 0 L 48
55 1 U 6
56 1 L 20
57 1 U 21
58 1 U 7
59 0 U -1
60 0 U -1
61 0 U 49
62 1 U 34
63 0 U 28
64 0 U 15
65 1 U -1
66 0 U 15
67
0 1 U -1
1 0 L -1
2 0 U 0
3 0 L -1
4 1 U -1
5 0 L -1
6 1 U -1
7 0 L 1
8 0 U 3
9 1 U -1
10 1 U 2
11 1 U 9
12 1 L 7
13 1 U 12
14 1 L 8
15 1 U -1
16 1 U 7
17 0 U 12
18 0 L 7
19 0 U -1
20 1 L -1
21 0 U 9
22 0 U 9
23 1 U -1
24 0 U 5
25 1 U 8
26 1 U 6
27 1 L 16
28 0 U 17
29 1 U 3
30 0 L 29
31 1 L 10
32 1 U 28
33 1 U 27
34 1 U 10
35 1 U 28
36 1 L 28
37 1 U 28
38 1 U -1
39 1 U 2
40 0 L -1
41 0 L 16
42 0 U 26
43 0 U 28
44 1 L 26
45 0 U -1
46 1 L 5
47 0 U 42
48 1 L 43
49 1 U 32
50 1 L -1
51 1 U 0
52 1 U 45
53 1 U 40
54 0 L 48
55 1 U 6
56 1 L 18
57 1 U 21
58 0 U 47
59 1 U -1
60 1 U -1
61 1 U 49
62 1 U 22
63 0 U 5
64 0 U 15
65 0 U -1
66 1 U 9
67
0 1 U -1
1 0 L -1
2 0 U 0
3 0 L -1
4 1 U -1
5 0 L -1
6 1 U -1
7 0 L 1
8 0 U 3
9 1 U -1
10 1 U 2
11 1 U 9
12 1 L 7
13 1 U 3
14 0 L 8
15 1 U -1
16 0 U 7
17 0 U 12
18 0 L 6
19 0 U -1
20 1 L -1
21 0 U 9
22 0 U 15
23 1 U -1
24 0 U -1
25 1 U 8
26 1 U 6
27 1 L 21
28 1 U 17
29 1 U 3
30 0 L 29
31 1 L 10
32 0 U 28
33 1 U 27
34 1 U 10
35 1 U 28
36 1 L 28
37 1 L 22
38 1 U -1
39 0 L 2
40 1 L -1
41 0 L 16
42 0 U 21
43 0 L 28
44 0 L 26
45 0 U -1
46 1 L 5
47 1 U 42
48 1 L 43
49 1 U 32
50 1 U -1
51 1 U 47
52 1 U 20
53 1 U 40
54 1 L 48
55 1 U 6
56 1 L 9
57 1 U 3
58 1 U 25
59 0 L -1
60 0 U -1
61 1 U 58
62 1 U 27
63 1 U 15
64 0 U 15
65 0 L -1
66 1 U 11
67
0 1 U -1
1 0 L -1
2 0 U 0
3 0 L -1
4 1 U -1
5 0 L -1
6 1 U -1
7 0 L 0
8 1 U 3
9 1 U -1
10 1 U 2
11 1 U 9
12 1 L 7
13 0 U 8
14 1 L 4
15 1 U -1
16 0 U 7
17 0 U 12
18 0 L 10
19 0 U -1
20 0 L -1
21 0 U 9
22 0 U 15
23 1 U -1
24 1 U 17
25 1 U 24
26 1 U 23
27 1 L 15
28 0 U 17
29 1 U 3
30 0 L 29
31 1 L 7
32 0 U 28
33 0 U 27
34 1 U 10
35 1 U 28
36 1 L 28
37 1 L 27
38 0 U -1
39 1 L 2
40 1 L -1
41 1 L 32
42 0 U 21
43 0 L 28
44 1 L 43
45 0 U 25
46 0 L 5
47 1 U 42
48 1 L 43
49 1 U 32
50 1 L -1
51 1 U 47
52 1 U -1
53 1 U 32
54 1 L 48
55 1 U 19
56 0 L 12
57 0 U 55
58 1 U 20
59 0 U -1
60 0 U -1
61 0 U 35
62 1 U 27
63 1 U 15
64 0 U 15
65 0 U -1
66 1 U 6
67
0 1 U -1
1 0 L -1
2 0 U 0
3 0 L -1
4 1 U -1
5 0 L -1
6 1 U -1
7 0 L 0
8 1 U 3
9 1 U -1
10 1 U 2
11 1 U 9
12 1 L 7
13 1 U 12
14 1 L 4
15 1 U -1
16 0 U 7
17 0 U 12
18 0 L 10
19 0 U -1
20 1 L -1
21 1 U 0
22 0 U 15
23 1 U -1
24 1 U 17
25 1 U 24
26 1 U 23
27 1 L 17
28 1 U 17
29 1 U 3
30 0 L 29
31 1 L 7
32 0 U 28
33 1 U 27
34 1 U 26
35 1 U 28
36 1 L 28
37 1 L 27
38 0 U -1
39 0 L 2
40 0 L -1
41 1 U 6
42 0 U 10
43 0 L 28
44 0 L 43
45 0 U 36
46 0 L 0
47 0 U 42
48 1 L 43
49 0 U 32
50 1 L -1
51 1 U 47
52 1 U -1
53 0 U 32
54 1 L 15
55 0 U 19
56 0 L 12
57 0 U 55
58 1 U 25
59 1 U -1
60 0 U -1
61 0 U 35
62 0 U 30
63 1 U 15
64 1 U 6
65 1 U -1
66 0 U -1
67
0 1 L -1
1 0 L -1
2 0 U 0
3 1 L -1
4 1 U -1
5 0 L -1
6 1 U -1
7 0 L 0
8 1 U 3
9 1 U -1
10 1 U 2
11 1 U 9
12 1 L 7
13 0 U 3
14 1 L 2
15 1 U -1
16 1 U 7
17 0 U 12
18 0 L 11
19 0 U -1
20 1 L -1
21 0 U 0
22 0 U 15
23 1 U -1
24 0 U 17
25 1 U 24
26 1 U 23
27 1 L 17
28 0 U 17
29 1 U 3
30 0 L 29
31 1 L 7
32 0 U 7
33 1 U 27
34 1 U 10
35 1 U 28
36 1 L 27
37 1 U 13
38 0 U -1
39 0 L 2
40 1 L -1
41 1 U 38
42 0 U 26
43 0 L 28
44 0 L 43
45 0 U 36
46 0 L 5
47 0 U 5
48 1 L 43
49 0 U 16
50 1 L -1
51 1 U 47
52 1 U 51
53 1 U 16
54 1 L 15
55 0 U 19
56 0 L 12
57 1 U 55
58 1 U 33
59 1 U -1
60 0 U -1
61 0 U 35
62 0 U 30
63 1 U 0
64 0 U 9
65 1 U -1
66 1 U -1
67
0 1 U -1
1 0 L -1
2 1 U 0
3 1 L -1
4 1 U -1
5 0 L -1
6 1 U -1
7 0 L 0
8 1 U 3
9 1 U -1
10 1 U 2
11 1 U 9
12 1 L 7
13 1 U 3
14 1 L 2
15 1 U -1
16 1 U 7
17 0 U 12
18 0 L 8
19 0 U -1
20 1 L -1
21 0 U 9
22 0 U 15
23 1 U -1
24 1 U 17
25 1 U 24
26 1 U 9
27 1 L 17
28 0 U 17
29 0 U 3
30 0 L 29
31 1 L 7
32 0 U 7
33 1 U 27
34 1 U 26
35 1 U 20
36 1 L 19
37 1 U 12
38 0 U -1
39 1 L 2
40 0 L -1
41 1 U 9
42 0 U 26
43 0 L 28
44 1 L 43
45 0 U 36
46 0 L 5
47 1 U 30
48 1 L 43
49 0 U 32
50 1 L -1
51 1 U 47
52 0 U 35
53 1 U 14
54 0 L 15
55 0 U 38
56 0 L 12
57 1 U 55
58 1 U 33
59 0 U -1
60 0 U -1
61 0 U 35
62 0 U 30
63 1 U 19
64 0 U 6
65 1 U -1
66 0 U -1
67
0 1 L -1
1 0 L -1
2 0 U 0
3 1 L -1
4 1 U -1
5 0 L -1
6 1 U -1
7 0 L 0
8 1 U 3
9 1 U -1
10 1 U 1
11 1 U 9
12 1 L 7
13 1 U 10
14 1 L 2
15 1 U -1
16 1 U 7
17 0 U 12
18 0 L 8
19 0 U -1
20 0 L -1
21 0 U 15
22 0 U 15
23 1 U -1
24 0 U 17
25 1 U 24
26 1 U 19
27 1 L 15
28 0 U 17
29 1 U 3
30 0 L 29
31 1 L 7
32 0 U 28
33 1 U 27
34 1 U 26
35 1 U 20
36 1 L 19
37 1 U 12
38 0 U -1
39 1 L 2
40 0 L -1
41 1 U 19
42 0 U 26
43 0 U 28
44 1 L 43
45 0 U 28
46 0 L 5
47 1 U 42
48 1 L 43
49 0 U 14
50 0 L -1
51 1 U 47
52 1 U 43
53 0 U 14
54 0 L 15
55 0 U 38
56 0 L 9
57 1 U 55
58 1 U 33
59 1 U -1
60 0 U -1
61 0 U 44
62 0 U 30
63 1 U 4
64 0 U 19
65 1 U -1
66 0 U -1
67
0 1 L -1
1 0 L -1
2 1 U 0
3 1 L -1
4 1 U -1
5 0 L -1
6 1 U -1
7 0 L 0
8 1 U 3
9 1 U -1
10 1 U 1
11 1 U 9
12 1 L 7
13 0 U 12
14 0 L 2
15 1 U -1
16 1 U 7
17 0 U 12
18 0 L 8
19 0 U -1
20 0 L -1
21 0 U 0
22 0 U 15
23 1 U -1
24 0 U 8
25 1 U 24
26 1 U 6
27 1 L 15
28 0 U 17
29 1 U 3
30 0 L 29
31 1 L 7
32 0 U 20
33 1 U 27
34 1 U 26
35 1 U 20
36 1 L 19
37 1 U 22
38 0 U -1
39 1 L 2
40 0 L -1
41 1 U 19
42 0 U 41
43 0 U 36
44 1 L 43
45 0 U 36
46 0 L 5
47 1 U 37
48 1 L 43
49 0 U 14
50 0 L -1
51 1 U 47
52 1 U 35
53 1 U 14
54 0 L 15
55 0 U 38
56 0 L 12
57 1 U 26
58 0 U 47
59 0 U -1
60 0 U -1
61 0 U 44
62 1 U 30
63 1 U 9
64 0 U 19
65 1 U -1
66 0 U -1
67
0 1 U -1
1 0 L -1
2 1 U 0
3 1 L -1
4 1 U -1
5 0 L -1
6 1 U -1
7 0 L 0
8 1 U 3
9 1 U -1
10 1 U 2
11 1 U 9
12 1 L 7
13 1 U 12
14 0 L 2
15 1 U -1
16 0 U 7
17 0 U 12
18 0 L 11
19 0 U -1
20 0 L -1
21 0 U 9
22 0 U 15
23 1 U -1
24 0 U 8
25 1 U 24
26 1 U 6
27 1 L 15
28 0 U 17
29 0 U 22
30 0 L 29
31 1 L 10
32 1 U 20
33 1 U 27
34 1 U 21
35 1 U 28
36 1 L 35
37 1 U 22
38 0 U -1
39 1 L 2
40 1 L -1
41 1 U 19
42 0 U 41
43 0 U 36
44 0 L 43
45 0 U 20
46 0 L 5
47 1 U 37
48 1 L 43
49 0 U 14
50 0 L -1
51 1 U 47
52 0 U 44
53 1 U 45
54 1 L 15
55 0 U 4
56 0 L 12
57 1 U 26
58 0 U 47
59 0 U -1
60 0 U -1
61 1 U 16
62 0 U 37
63 1 U 38
64 0 U 19
65 1 U -1
66 1 U -1
67
0 1 U -1
1 0 L -1
2 0 U 0
3 1 L -1
4 1 U -1
5 0 L -1
6 1 U -1
7 0 L 0
8 1 U 3
9 1 U -1
10 1 U 1
11 1 U 9
12 1 L 7
13 0 U 12
14 1 L 2
15 1 U -1
16 1 U 7
17 0 U 12
18 0 L 8
19 0 U -1
20 1 L -1
21 0 U 15
22 0 U 15
23 1 U -1
24 0 U 8
25 1 U 24
26 1 U 6
27 1 L 15
28 0 U 17
29 1 U 22
30 0 L 29
31 1 L 7
32 1 U 20
33 1 U 13
34 1 U 21
35 1 U 28
36 1 L 27
37 1 U 22
38 0 U -1
39 1 L 2
40 1 L -1
41 1 U 19
42 0 U 41
43 0 U 36
44 0 L 43
45 0 U 25
46 0 L 5
47 1 U 37
48 1 L 43
49 0 U 14
50 1 L -1
51 1 U 47
52 0 U 35
53 1 U 45
54 0 L 17
55 0 U 4
56 0 L 12
57 1 U 55
58 0 U 47
59 1 U -1
60 0 U -1
61 0 U 58
62 0 U 37
63 1 U 38
64 0 U 4
65 1 U -1
66 1 U -1
67
0 1 U -1
1 0 L -1
2 1 U 0
3 1 L -1
4 1 U -1
5 0 L -1
6 1 U -1
7 0 L 0
8 1 U 3
9 1 U -1
10 1 U 2
11 1 U 9
12 1 L 7
13 0 U 12
14 0 L 2
15 1 U -1
16 1 U 7
17 0 U 12
18 0 L 11
19 0 U -1
20 0 L -1
21 0 U 9
22 0 U 9
23 1 U -1
24 0 U 8
25 1 U 24
26 1 U 15
27 1 L 17
28 0 U 17
29 0 U 3
30 0 L 29
31 1 L 11
32 0 U 20
33 1 U 27
34 1 U 26
35 1 U 28
36 1 L 19
37 1 U 22
38 0 U -1
39 1 L 2
40 1 L -1
41 1 U 19
42 0 U 41
43 0 U 36
44 1 L 43
45 0 U 25
46 0 L 5
47 0 U 37
48 1 L 27
49 0 U 45
50 1 L -1
51 1 U 47
52 1 U 14
53 0 U 44
54 0 L 17
55 0 U 4
56 0 L 12
57 1 U 1
58 0 U 28
59 1 U -1
60 0 U -1
61 0 U 44
62 0 U 30
63 1 U 15
64 0 U 4
65 1 U -1
66 0 U -1
67
0 1 L -1
1 0 L -1
2 1 U 0
3 1 L -1
4 1 U -1
5 0 L -1
6 1 U -1
7 0 L 0
8 1 U 3
9 1 U -1
10 1 U 1
11 1 U 9
12 1 L 7
13 0 U 3
14 0 L 2
15 1 U -1
16 0 U 7
17 0 U 12
18 0 L 7
19 0 U -1
20 1 L -1
21 0 U 9
22 0 U 15
23 1 U -1
24 0 U 8
25 1 U 24
26 1 U 23
27 1 L 15
28 0 U 17
29 1 U 3
30 0 L 29
31 1 L 11
32 0 U 20
33 1 U 27
34 1 U 26
35 1 U 20
36 1 L 19
37 1 U 22
38 1 U -1
39 1 L 2
40 1 L -1
41 1 U 9
42 0 U 41
43 0 U 36
44 1 L 43
45 0 U 28
46 0 L 5
47 0 U 37
48 1 L 43
49 0 U 45
50 0 L -1
51 1 U 47
52 1 U 40
53 1 U 32
54 0 L 32
55 0 U 4
56 0 L 16
57 1 U 1
58 0 U 28
59 1 U -1
60 0 U -1
61 0 U 44
62 0 U 5
63 1 U 23
64 0 U 6
65 1 U -1
66 0 U -1
67
0 1 L -1
1 0 L -1
2 1 U 0
3 1 L -1
4 1 U -1
5 0 L -1
6 1 U -1
7 0 L 1
8 0 U 3
9 1 U -1
10 1 U 2
11 1 U 9
12 1 L 7
13 0 U 12
14 0 L 2
15 1 U -1
16 1 U 7
17 0 U 12
18 0 L 7
19 0 U -1
20 0 L -1
21 0 U 9
22 0 U 0
23 1 U -1
24 0 U 17
25 1 U 24
26 1 U 23
27 1 L 15
28 1 U 17
29 1 U 22
30 0 L 29
31 1 L 7
32 0 U 28
33 1 U 27
34 1 U 21
35 1 U 20
36 1 L 19
37 1 U 22
38 0 U -1
39 1 L 2
40 0 L -1
41 1 U 23
42 0 U 41
43 0 U 36
44 1 L 43
45 0 U 7
46 0 L 5
47 0 U 37
48 1 L 43
49 0 U 14
50 0 L -1
51 1 U 47
52 1 U 35
53 1 U 32
54 0 L 15
55 0 U 4
56 0 L 18
57 1 U 1
58 0 U 7
59 1 U -1
60 0 U -1
61 0 U 58
62 0 U 37
63 1 U 23
64 0 U 38
65 1 U -1
66 1 U -1
67
0 1 U -1
1 0 L -1
2 0 U 0
3 1 L -1
4 1 U -1
5 0 L -1
6 1 U -1
7 0 L 1
8 0 U 3
9 1 U -1
10 1 U 2
11 1 U 9
12 1 L 7
13 1 U 12
14 0 L 2
15 1 U -1
16 0 U 7
17 0 U 12
18 0 L 11
19 0 U -1
20 0 L -1
21 0 U 0
22 0 U 9
23 1 U -1
24 0 U 17
25 1 U 5
26 1 U 23
27 1 L 15
28 0 U 17
29 1 U 22
30 0 L 29
31 1 L 10
32 0 U 28
33 1 U 27
34 1 U 10
35 1 U 20
36 1 L 35
37 1 U 22
38 0 U -1
39 1 L 2
40 0 L -1
41 1 U 15
42 0 U 41
43 0 U 36
44 1 L 43
45 0 U 7
46 0 L 5
47 1 U 37
48 1 L 43
49 0 U 14
50 0 L -1
51 1 U 47
52 0 U 16
53 1 U 45
54 0 L 15
55 0 U 38
56 0 L 18
57 1 U 1
58 1 U 7
59 0 U -1
60 0 U -1
61 0 U 58
62 0 U 8
63 1 U 23
64 0 U 38
65 1 U -1
66 1 U -1
67
0 1 U -1
1 0 L -1
2 1 U 0
3 1 L -1
4 1 U -1
5 0 L -1
6 1 U -1
7 0 L 1
8 0 U 3
9 1 U -1
10 1 U 2
11 1 U 9
12 1 L 7
13 1 U 3
14 1 L 2
15 1 U -1
16 1 U 7
17 0 U 12
18 0 L 11
19 0 U -1
20 0 L -1
21 0 U 0
22 0 U 9
23 1 U -1
24 0 U 17
25 1 U 5
26 1 U 23
27 1 L 15
28 0 L 17
29 1 U 22
30 0 L 29
31 1 L 10
32 1 U 20
33 1 U 27
34 1 U 21
35 1 U 7
36 1 L 27
37 1 U 22
38 0 U -1
39 1 L 2
40 1 L -1
41 1 U 23
42 0 U 41
43 0 U 36
44 1 L 43
45 0 U 7
46 0 L 5
47 1 U 37
48 1 L 43
49 0 U 45
50 1 L -1
51 1 U 47
52 1 U 45
53 1 U 45
54 0 L 32
55 0 U 38
56 0 L 18
57 1 U 1
58 1 U 28
59 0 U -1
60 0 U -1
61 1 U 58
62 0 U 37
63 1 U 38
64 0 U 38
65 1 U -1
66 1 U -1
67
0 1 L -1
1 0 L -1
2 0 U 0
3 1 L -1
4 1 U -1
5 0 L -1
6 1 U -1
7 0 L 1
8 0 U 3
9 1 U -1
10 1 U 1
11 1 U 9
12 1 L 7
13 0 U 12
14 0 L 2
15 1 U -1
16 0 U 7
17 0 U 12
18 0 L 11
19 0 U -1
20 0 L -1
21 0 U 0
22 0 U 9
23 1 U -1
24 0 U 17
25 1 U 5
26 1 U 23
27 1 L 15
28 0 L 17
29 1 U 22
30 0 L 29
31 1 L 13
32 0 U 20
33 1 U 27
34 1 U 26
35 1 U 7
36 1 L 27
37 1 U 22
38 0 U -1
39 1 L 2
40 0 L -1
41 1 U 23
42 0 U 41
43 0 U 36
44 1 L 43
45 0 U 7
46 0 L 5
47 1 U 37
48 1 L 43
49 0 U 45
50 0 L -1
51 1 U 47
52 0 U 45
53 1 U 51
54 0 L 32
55 0 U 38
56 0 L 18
57 1 U 1
58 1 U 28
59 1 U -1
60 0 U -1
61 0 U 58
62 0 U 42
63 1 U 38
64 0 U 38
65 1 U -1
66 0 U -1
67
0 1 L -1
1 0 L -1
2 0 U 0
3 1 L -1
4 1 U -1
5 0 L -1
6 1 U -1
7 0 L 1
8 0 U 3
9 1 U -1
10 1 U 1
11 1 U 9
12 1 L 7
13 1 U 10
14 0 L 2
15 1 U -1
16 1 U 7
17 0 U 12
18 0 L 13
19 0 U -1
20 1 L -1
21 0 U 9
22 0 U 9
23 1 U -1
24 1 U 17
25 1 U 24
26 1 U 23
27 1 L 15
28 0 U 17
29 1 U 3
30 0 L 29
31 1 L 7
32 0 U 20
33 1 U 27
34 1 U 21
35 1 U 28
36 1 L 35
37 1 U 22
38 0 U -1
39 1 L 2
40 1 L -1
41 1 U 23
42 0 U 41
43 0 U 36
44 1 L 27
45 0 U 7
46 0 L 5
47 1 U 37
48 1 L 43
49 0 U 45
50 1 L -1
51 1 U 47
52 1 U 45
53 0 U 14
54 0 L 21
55 0 U 38
56 0 L 18
57 1 U 55
58 1 U 25
59 1 U -1
60 0 U -1
61 1 U 58
62 0 U 42
63 1 U 38
64 0 U 38
65 1 U -1
66 0 U -1
67
0 1 U -1
1 0 L -1
2 0 U 0
3 1 L -1
4 1 U -1
5 0 L -1
6 1 U -1
7 0 L 1
8 0 U 3
9 1 U -1
10 1 U 1
11 1 U 9
12 1 L 7
13 0 U 10
14 0 L 2
15 1 U -1
16 1 U 7
17 0 U 12
18 0 L 13
19 0 U -1
20 0 L -1
21 0 U 0
22 0 U 9
23 1 U -1
24 0 U 13
25 1 U 24
26 1 U 23
27 1 L 15
28 0 U 17
29 1 U 3
30 0 L 29
31 1 L 7
32 0 U 20
33 1 U 27
34 1 U 21
35 1 U 7
36 1 L 35
37 1 U 3
38 0 U -1
39 1 L 2
40 1 L -1
41 1 U 23
42 0 U 41
43 0 U 36
44 1 L 27
45 0 U 7
46 0 L 5
47 1 U 37
48 1 L 43
49 0 U 45
50 0 L -1
51 1 U 47
52 1 U 40
53 0 U 51
54 0 L 21
55 0 U 38
56 0 L 18
57 1 U 55
58 1 U 25
59 0 U -1
60 0 U -1
61 1 U 58
62 0 U 42
63 1 U 6
64 0 U 4
65 1 U -1
66 0 U -1
67
0 1 L -1
1 0 L -1
2 1 U 0
3 1 L -1
4 1 U -1
5 0 L -1
6 1 U -1
7 0 L 1
8 0 U 3
9 1 U -1
10 1 U 1
11 1 U 9
12 1 L 7
13 1 U 10
14 0 L 2
15 1 U -1
16 1 U 7
17 0 U 12
18 0 L 13
19 0 U -1
20 1 L -1
21 0 U 0
22 0 U 15
23 1 U -1
24 0 U 17
25 1 U 24
26 1 U 23
27 1 L 15
28 0 U 17
29 1 U 3
30 0 L 29
31 1 L 7
32 0 U 20
33 1 U 27
34 1 U 21
35 1 U 7
36 1 L 35
37 1 U 34
38 0 U -1
39 1 L 2
40 1 L -1
41 1 U 19
42 0 U 41
43 0 U 36
44 1 L 27
45 0 U 20
46 0 L 0
47 0 U 37
48 1 L 43
49 0 U 45
50 1 L -1
51 1 U 47
52 0 U 18
53 1 U 51
54 0 L 32
55 0 U 38
56 0 L 18
57 1 U 1
58 1 U 25
59 0 U -1
60 0 U -1
61 1 U 58
62 0 U 42
63 1 U 6
64 0 U 4
65 1 U -1
66 1 U -1
67
0 1 L -1
1 0 L -1
2 0 U 0
3 1 L -1
4 1 U -1
5 0 L -1
6 1 U -1
7 0 L 1
8 0 U 3
9 1 U -1
10 1 U 2
11 1 U 9
12 1 L 7
13 0 U 3
14 1 L 2
15 1 U -1
16 1 U 7
17 0 U 12
18 0 L 13
19 0 U -1
20 0 L -1
21 0 U 9
22 0 U 15
23 1 U -1
24 0 U 17
25 1 U 8
26 1 U 23
27 1 L 15
28 0 L 17
29 1 U 3
30 0 L 29
31 1 L 13
32 0 U 20
33 1 U 27
34 1 U 21
35 1 U 20
36 1 L 27
37 1 U 3
38 0 U -1
39 1 L 2
40 0 L -1
41 1 U 9
42 0 U 41
43 0 U 20
44 1 L 43
45 0 U 36
46 0 L 40
47 1 U 8
48 1 L 43
49 0 U 45
50 0 L -1
51 1 U 47
52 1 U 35
53 0 U 43
54 0 L 21
55 0 U 38
56 0 L 18
57 1 U 1
58 1 U 25
59 1 U -1
60 0 U -1
61 1 U 58
62 0 U 42
63 1 U 38
64 0 U 9
65 1 U -1
66 0 U -1
67
0 1 U -1
1 0 L -1
2 0 U 0
3 1 L -1
4 1 U -1
5 0 L -1
6 1 U -1
7 0 L 1
8 0 U 3
9 1 U -1
10 1 U 2
11 1 U 9
12 1 L 7
13 1 U 3
14 0 L 2
15 1 U -1
16 1 U 7
17 0 U 12
18 0 L 13
19 0 U -1
20 0 L -1
21 0 U 0
22 0 U 15
23 1 U -1
24 0 U 17
25 1 U 8
26 1 U 23
27 1 L 15
28 1 L 17
29 1 U 3
30 0 L 29
31 1 L 14
32 0 U 7
33 1 U 27
34 1 U 21
35 1 U 20
36 1 L 27
37 1 U 22
38 0 U -1
39 1 L 2
40 1 L -1
41 1 U 9
42 0 U 41
43 0 U 20
44 1 L 43
45 0 U 7
46 0 L 5
47 0 U 30
48 1 L 27
49 0 U 14
50 1 L -1
51 1 U 47
52 1 U 40
53 0 U 16
54 0 L 21
55 0 U 38
56 0 L 18
57 1 U 1
58 1 U 25
59 1 U -1
60 0 U -1
61 1 U 58
62 0 U 42
63 1 U 38
64 0 U 38
65 1 U -1
66 0 U -1
67
0 1 U -1
1 0 L -1
2 1 U 0
3 1 L -1
4 1 U -1
5 0 L -1
6 1 U -1
7 0 L 1
8 0 U 3
9 1 U -1
10 1 U 2
11 1 U 9
12 1 L 7
13 1 U 3
14 0 L 2
15 1 U -1
16 0 U 7
17 0 U 12
18 0 L 11
19 0 U -1
20 0 L -1
21 0 U 0
22 0 U 9
23 1 U -1
24 0 U 17
25 1 U 8
26 1 U 23
27 1 L 15
28 1 L 17
29 1 U 22
30 0 L 29
31 1 L 7
32 0 U 7
33 1 U 27
34 1 U 21
35 1 U 33
36 1 L 28
37 1 U 22
38 0 U -1
39 1 L 2
40 0 L -1
41 1 U 9
42 0 U 41
43 0 U 20
44 1 L 43
45 0 U 33
46 0 L 5
47 1 U 30
48 1 L 27
49 0 U 14
50 0 L -1
51 1 U 47
52 0 U 44
53 1 U 51
54 0 L 32
55 0 U 6
56 0 L 18
57 1 U 1
58 1 U 28
59 0 U -1
60 0 U -1
61 0 U 58
62 0 U 42
63 1 U 6
64 0 U 38
65 1 U -1
66 1 U -1
67
0 1 L -1
1 0 L -1
2 1 U 0
3 1 L -1
4 1 U -1
5 0 L -1
6 1 U -1
7 0 L 1
8 0 U 3
9 1 U -1
10 1 U 2
11 1 U 9
12 1 L 7
13 1 U 3
14 1 L 2
15 1 U -1
16 0 U 7
17 0 U 12
18 0 L 11
19 0 U -1
20 0 L -1
21 0 U 0
22 0 U 9
23 1 U -1
24 1 U 17
25 1 U 24
26 1 U 23
27 1 L 15
28 0 L 17
29 1 U 22
30 0 L 29
31 1 L 7
32 0 U 7
33 1 U 27
34 1 U 21
35 1 U 33
36 1 L 28
37 1 U 26
38 0 U -1
39 1 L 2
40 0 L -1
41 1 U 9
42 0 U 41
43 0 U 20
44 1 L 43
45 0 U 36
46 0 L 5
47 0 U 5
48 1 L 27
49 0 U 14
50 0 L -1
51 1 U 47
52 0 U 14
53 1 U 51
54 0 L 32
55 0 U 6
56 0 L 18
57 1 U 1
58 1 U 28
59 0 U -1
60 0 U -1
61 0 U 58
62 0 U 42
63 1 U 6
64 0 U 38
65 1 U -1
66 1 U -1
67
0 1 L -1
1 0 L -1
2 0 U 0
3 1 L -1
4 1 U -1
5 0 L -1
6 1 U -1
7 0 L 1
8 0 U 3
9 1 U -1
10 1 U 1
11 1 U 9
12 1 L 7
13 0 U 10
14 1 L 2
15 1 U -1
16 1 U 7
17 0 U 12
18 0 L 11
19 0 U -1
20 0 L -1
21 0 U 9
22 0 U 15
23 1 U -1
24 1 U 17
25 1 U 24
26 1 U 23
27 1 L 15
28 0 L 17
29 1 U 22
30 0 L 29
31 1 L 7
32 0 U 7
33 1 U 27
34 1 U 26
35 1 U 7
36 1 L 28
37 1 U 22
38 0 U -1
39 1 L 2
40 1 L -1
41 1 U 9
42 0 U 41
43 0 U 20
44 1 L 43
45 0 U 33
46 0 L 5
47 0 U 30
48 1 L 43
49 0 U 14
50 0 L -1
51 1 U 47
52 1 U 16
53 1 U 32
54 0 L 32
55 0 U 6
56 0 L 18
57 1 U 41
58 1 U 7
59 1 U -1
60 0 U -1
61 0 U 58
62 0 U 8
63 1 U 38
64 0 U 9
65 1 U -1
66 0 U -1
67
0 1 U -1
1 0 L -1
2 0 U 0
3 1 L -1
4 1 U -1
5 0 L -1
6 1 U -1
7 0 L 1
8 0 U 3
9 1 U -1
10 1 U 2
11 1 U 0
12 1 L 7
13 0 U 12
14 1 L 2
15 1 U -1
16 0 U 7
17 0 U 12
18 0 L 11
19 0 U -1
20 0 L -1
21 0 U 0
22 0 U 15
23 1 U -1
24 0 U 17
25 1 U 24
26 1 U 23
27 1 L 15
28 1 L 17
29 1 U 3
30 0 L 29
31 1 L 13
32 0 U 20
33 1 U 27
34 1 U 26
35 1 U 7
36 1 L 28
37 1 U 26
38 0 U -1
39 1 L 2
40 0 L -1
41 1 U 9
42 0 U 41
43 0 U 20
44 1 L 43
45 0 U 33
46 0 L 5
47 1 U 30
48 1 L 43
49 0 U 14
50 0 L -1
51 1 U 47
52 0 U 32
53 1 U 32
54 0 L 21
55 0 U 6
56 0 L 17
57 1 U 41
58 1 U 25
59 1 U -1
60 0 U -1
61 0 U 58
62 0 U 57
63 1 U 38
64 0 U 9
65 1 U -1
66 0 U -1
67
0 1 L -1
1 0 L -1
2 0 U 0
3 1 L -1
4 1 U -1
5 0 L -1
6 1 U -1
7 0 L 1
8 0 U 3
9 1 U -1
10 1 U 2
11 1 U 0
12 1 L 7
13 0 U 12
14 0 L 2
15 1 U -1
16 0 U 7
17 0 U 12
18 0 L 11
19 0 U -1
20 0 L -1
21 0 U 0
22 0 U 15
23 1 U -1
24 0 U 17
25 1 U 24
26 1 U 23
27 1 L 15
28 0 L 17
29 1 U 3
30 0 L 29
31 1 L 13
32 0 U 20
33 1 U 27
34 1 U 26
35 1 U 33
36 1 L 27
37 1 U 26
38 0 U -1
39 1 L 2
40 0 L -1
41 1 U 9
42 0 U 41
43 0 U 20
44 1 L 43
45 0 U 36
46 0 L 5
47 1 U 30
48 1 L 43
49 0 U 45
50 0 L -1
51 1 U 47
52 0 U 16
53 1 U 32
54 0 L 21
55 0 U 38
56 0 L 17
57 1 U 41
58 1 U 25
59 0 U -1
60 0 U -1
61 1 U 58
62 0 U 57
63 1 U 0
64 0 U 0
65 1 U -1
66 0 U -1
67
0 1 L -1
1 0 L -1
2 1 U 0
3 1 L -1
4 1 U -1
5 0 L -1
6 1 U -1
7 0 L 1
8 0 U 3
9 1 U -1
10 0 U 0
11 1 U 9
12 1 L 7
13 1 U 10
14 0 L 2
15 1 U -1
16 0 U 7
17 0 U 12
18 0 L 7
19 0 U -1
20 0 L -1
21 0 U 0
22 0 U 15
23 1 U -1
24 1 U 17
25 1 U 24
26 1 U 23
27 1 L 15
28 0 L 17
29 1 U 3
30 0 L 29
31 1 L 14
32 0 U 7
33 1 U 27
34 1 U 21
35 1 U 20
36 1 L 27
37 1 U 12
38 0 U -1
39 1 L 2
40 0 L -1
41 1 U 9
42 0 U 41
43 0 U 36
44 1 L 27
45 0 U 20
46 0 L 5
47 1 U 30
48 1 L 43
49 0 U 32
50 0 L -1
51 1 U 18
52 1 U 32
53 0 U 45
54 0 L 21
55 0 U 4
56 0 L 17
57 1 U 41
58 1 U 28
59 0 U -1
60 0 U -1
61 1 U 16
62 0 U 30
63 1 U 0
64 0 U 0
65 1 U -1
66 1 U -1
67
0 1 U -1
1 0 L -1
2 1 U 0
3 1 L -1
4 1 U -1
5 0 L -1
6 1 U -1
7 0 L 1
8 0 U 2
9 1 U -1
10 1 U 9
11 1 U 0
12 1 L 7
13 0 U 3
14 0 L 2
15 1 U -1
16 1 U 7
17 0 U 12
18 0 L 7
19 0 U -1
20 1 L -1
21 0 U 9
22 0 U 15
23 1 U -1
24 0 U 17
25 1 U 24
26 1 U 23
27 1 L 15
28 1 L 17
29 1 U 8
30 0 L 29
31 1 L 14
32 0 U 20
33 1 U 27
34 1 U 21
35 1 U 20
36 1 L 27
37 1 U 12
38 1 U -1
39 1 L 2
40 1 L -1
41 1 U 9
42 0 U 26
43 0 U 36
44 1 L 27
45 0 U 36
46 0 L 5
47 1 U 30
48 1 L 28
49 0 U 32
50 0 L -1
51 1 U 18
52 1 U 14
53 0 U 45
54 0 L 32
55 0 U 4
56 0 L 17
57 1 U 21
58 1 U 28
59 1 U -1
60 0 U -1
61 1 U 58
62 0 U 30
63 1 U 4
64 0 U 19
65 1 U -1
66 1 U -1
67
0 1 U -1
1 0 L -1
2 0 U 0
3 1 L -1
4 1 U -1
5 0 L -1
6 1 U -1
7 0 L 1
8 0 U 3
9 1 U -1
10 0 U 9
11 1 U 0
12 1 L 7
13 0 U 3
14 1 L 2
15 1 U -1
16 0 U 7
17 0 U 12
18 0 L 13
19 0 U -1
20 0 L -1
21 0 U 9
22 0 U 15
23 1 U -1
24 0 U 17
25 1 U 24
26 1 U 23
27 1 L 15
28 0 L 17
29 1 U 3
30 0 L 29
31 1 L 7
32 0 U 20
33 1 U 27
34 1 U 26
35 1 U 20
36 1 L 27
37 1 U 12
38 0 U -1
39 1 L 2
40 1 L -1
41 1 U 23
42 0 U 21
43 0 U 20
44 1 L 27
45 0 U 36
46 0 L 1
47 0 U 30
48 1 L 27
49 0 U 32
50 1 L -1
51 1 U 18
52 1 U 14
53 0 U 45
54 0 L 32
55 1 U 4
56 0 L 17
57 1 U 26
58 1 U 28
59 1 U -1
60 0 U -1
61 1 U 58
62 0 U 30
63 1 U 6
64 1 U 38
65 1 U -1
66 0 U -1
67
0 1 L -1
1 0 L -1
2 0 U 0
3 1 L -1
4 1 U -1
5 0 L -1
6 1 U -1
7 0 L 1
8 0 U 3
9 1 U -1
10 1 U 9
11 1 U 2
12 1 L 7
13 0 U 3
14 1 L 2
15 1 U -1
16 0 U 7
17 0 U 12
18 0 L 13
19 0 U -1
20 0 L -1
21 0 U 15
22 0 U 15
23 1 U -1
24 1 U 17
25 1 U 24
26 1 U 23
27 1 L 15
28 1 L 17
29 1 U 3
30 0 L 29
31 1 L 13
32 0 U 20
33 1 U 27
34 1 U 26
35 1 U 33
36 1 L 27
37 1 U 21
38 0 U -1
39 1 L 2
40 1 L -1
41 1 U 15
42 0 U 21
43 0 U 20
44 1 L 27
45 0 U 36
46 0 L 1
47 0 U 30
48 1 L 27
49 0 U 45
50 1 L -1
51 1 U 18
52 1 U 14
53 0 U 45
54 0 L 32
55 1 U 19
56 0 L 18
57 1 U 26
58 1 U 28
59 1 U -1
60 0 U -1
61 1 U 58
62 0 U 30
63 1 U 6
64 1 U 38
65 1 U -1
66 1 U -1
67
0 1 L -1
1 0 L -1
2 1 U 0
3 1 L -1
4 1 U -1
5 0 L -1
6 1 U -1
7 0 L 1
8 0 U 3
9 1 U -1
10 1 U 9
11 1 U 1
12 1 L 7
13 0 U 3
14 1 L 2
15 1 U -1
16 0 U 7
17 0 U 12
18 0 L 13
19 0 U -1
20 0 L -1
21 0 U 15
22 0 U 15
23 1 U -1
24 1 U 17
25 1 U 24
26 1 U 23
27 1 L 15
28 0 L 17
29 1 U 3
30 0 L 29
31 1 L 14
32 0 U 7
33 1 U 27
34 1 U 26
35 1 U 7
36 1 L 27
37 1 U 21
38 0 U -1
39 1 L 2
40 0 L -1
41 1 U 19
42 0 U 21
43 0 U 20
44 1 L 27
45 0 U 33
46 0 L 11
47 1 U 5
48 1 L 27
49 0 U 45
50 0 L -1
51 1 U 18
52 1 U 14
53 0 U 45
54 0 L 21
55 0 U 6
56 0 L 18
57 1 U 26
58 1 U 28
59 1 U -1
60 0 U -1
61 1 U 16
62 0 U 30
63 1 U 6
64 1 U 38
65 1 U -1
66 0 U -1
67
0 1 U -1
1 0 L -1
2 0 U 0
3 1 L -1
4 1 U -1
5 0 L -1
6 1 U -1
7 0 L 1
8 0 U 3
9 1 U -1
10 1 U 9
11 1 U 1
12 1 L 7
13 1 U 3
14 1 L 2
15 1 U -1
16 0 U 7
17 0 U 12
18 0 L 13
19 0 U -1
20 0 L -1
21 0 U 9
22 0 U 15
23 1 U -1
24 1 U 17
25 1 U 24
26 1 U 23
27 1 L 15
28 0 L 17
29 1 U 3
30 0 L 29
31 1 L 13
32 0 U 7
33 1 U 27
34 1 U 21
35 1 U 7
36 1 L 27
37 1 U 12
38 0 U -1
39 1 L 2
40 1 L -1
41 1 U 19
42 0 U 21
43 0 U 20
44 1 L 28
45 0 U 25
46 0 L 40
47 0 U 5
48 1 L 23
49 0 U 45
50 0 L -1
51 1 U 18
52 0 U 6
53 0 U 45
54 0 L 35
55 0 U 6
56 0 L 18
57 1 U 26
58 1 U 28
59 0 U -1
60 0 U -1
61 0 U 58
62 0 U 30
63 0 U 4
64 1 U 38
65 1 U -1
66 0 U -1
67
0 1 L -1
1 0 L -1
2 0 U 0
3 1 L -1
4 1 U -1
5 0 L -1
6 1 U -1
7 0 L 1
8 0 U 3
9 1 U -1
10 1 U 9
11 1 U 1
12 1 L 7
13 1 U 3
14 1 L 2
15 1 U -1
16 0 U 7
17 0 U 12
18 0 L 13
19 0 U -1
20 0 L -1
21 0 U 9
22 1 U 9
23 1 U -1
24 0 U 17
25 1 U 24
26 1 U 23
27 1 L 15
28 0 L 17
29 1 U 11
30 0 L 29
31 1 L 13
32 0 U 7
33 1 U 27
34 1 U 21
35 1 U 7
36 1 L 28
37 1 U 11
38 0 U -1
39 1 L 2
40 1 L -1
41 1 U 19
42 0 U 26
43 0 U 20
44 1 L 28
45 0 U 25
46 0 L 11
47 1 U 5
48 1 L 23
49 0 U 45
50 0 L -1
51 1 U 18
52 1 U 19
53 0 U 45
54 1 L 15
55 1 U 9
56 0 L 18
57 1 U 21
58 0 U 20
59 1 U -1
60 0 U -1
61 0 U 58
62 0 U 30
63 0 U 4
64 1 U 38
65 1 U -1
66 1 U -1
67
0 1 U -1
1 0 L -1
2 0 U 0
3 1 L -1
4 1 U -1
5 0 L -1
6 1 U -1
7 0 L 0
8 0 U 3
9 1 U -1
10 1 U 9
11 1 U 1
12 1 L 7
13 0 U 12
14 0 L 2
15 1 U -1
16 1 U 7
17 0 U 12
18 0 L 13
19 0 U -1
20 0 L -1
21 0 U 9
22 0 U 9
23 1 U -1
24 1 U 17
25 1 U 24
26 1 U 23
27 1 L 15
28 0 L 17
29 1 U 3
30 0 L 29
31 1 L 13
32 0 U 7
33 1 U 27
34 1 U 26
35 1 U 20
36 1 L 28
37 1 U 22
38 0 U -1
39 1 L 2
40 1 L -1
41 1 U 6
42 0 U 21
43 0 U 20
44 1 L 43
45 0 U 25
46 0 L 11
47 1 U 30
48 1 L 19
49 0 U 45
50 0 L -1
51 1 U 18
52 1 U 19
53 0 U 45
54 0 L 15
55 1 U 23
56 0 L 18
57 1 U 21
58 0 U 20
59 0 U -1
60 0 U -1
61 0 U 58
62 0 U 30
63 0 U 4
64 1 U 38
65 1 U -1
66 1 U -1
67
0 1 L -1
1 0 L -1
2 0 U 0
3 1 L -1
4 1 U -1
5 0 L -1
6 1 U -1
7 0 L 1
8 0 U 3
9 1 U -1
10 1 U 9
11 1 U 1
12 1 L 7
13 1 U 12
14 0 L 2
15 1 U -1
16 0 U 7
17 0 U 12
18 0 L 13
19 1 U -1
20 0 L -1
21 0 U 9
22 1 U 9
23 1 U -1
24 0 U 17
25 1 U 24
26 1 U 23
27 1 L 15
28 0 L 17
29 1 U 22
30 0 L 29
31 1 L 13
32 0 U 28
33 1 U 27
34 1 U 26
35 1 U 20
36 1 L 28
37 1 U 11
38 0 U -1
39 1 L 11
40 0 L -1
41 1 U 6
42 0 U 26
43 0 U 20
44 1 L 27
45 0 U 25
46 0 L 11
47 0 U 8
48 1 L 27
49 0 U 45
50 0 L -1
51 1 U 18
52 1 U 9
53 1 U 45
54 0 L 15
55 1 U 23
56 0 L 18
57 1 U 21
58 0 U 7
59 0 U -1
60 0 U -1
61 1 U 58
62 0 U 30
63 0 U 4
64 1 U 6
65 1 U 43
66 0 U -1
67
0 1 U -1
1 0 L -1
2 1 U 0
3 1 L -1
4 1 U -1
5 0 L -1
6 1 U -1
7 0 L 1
8 0 U 3
9 1 U -1
10 1 U 9
11 1 U 1
12 1 L 7
13 0 U 12
14 0 L 2
15 1 U -1
16 0 U 7
17 0 U 12
18 0 L 13
19 1 U -1
20 0 L -1
21 0 U 9
22 1 U 9
23 1 U -1
24 0 U 17
25 1 U 24
26 1 U 23
27 1 L 15
28 0 L 17
29 1 U 11
30 0 L 29
31 1 L 13
32 0 U 25
33 1 U 27
34 1 U 26
35 1 U 20
36 1 L 28
37 1 U 21
38 0 U -1
39 1 L 11
40 1 L -1
41 1 U 38
42 0 U 26
43 0 U 20
44 1 L 27
45 0 U 25
46 0 L 11
47 1 U 8
48 1 L 19
49 0 U 45
50 0 L -1
51 1 U 18
52 1 U 15
53 1 U 45
54 0 L 21
55 1 U 4
56 0 L 18
57 1 U 21
58 0 U 7
59 0 U -1
60 0 U -1
61 0 U 58
62 0 U 30
63 0 U 38
64 1 U 6
65 1 U 43
66 1 U -1
67
0 1 L -1
1 0 L -1
2 1 U 0
3 1 L -1
4 1 U -1
5 0 L -1
6 1 U -1
7 0 L 1
8 0 U 3
9 1 U -1
10 0 U 9
11 1 U 9
12 1 L 7
13 1 U 3
14 1 L 2
15 1 U -1
16 0 U 7
17 0 U 12
18 0 L 13
19 1 U -1
20 0 L -1
21 0 U 9
22 1 U 9
23 1 U -1
24 0 U 17
25 1 U 24
26 1 U 23
27 1 L 15
28 0 L 17
29 1 U 3
30 0 L 29
31 1 L 13
32 0 U 20
33 1 U 27
34 1 U 26
35 1 U 33
36 1 L 27
37 1 U 12
38 0 U -1
39 1 L 2
40 1 L -1
41 1 U 23
42 0 U 26
43 0 U 20
44 1 L 27
45 0 U 33
46 0 L 40
47 0 U 8
48 1 L 19
49 0 U 45
50 0 L -1
51 1 U 18
52 1 U 9
53 1 U 45
54 0 L 21
55 1 U 15
56 0 L 18
57 1 U 21
58 0 U 36
59 0 U -1
60 0 U -1
61 0 U 58
62 0 U 30
63 0 U 38
64 1 U 38
65 1 U 40
66 0 U -1
67
0 1 U -1
1 0 L -1
2 1 U 0
3 1 L -1
4 1 U -1
5 0 L -1
6 1 U -1
7 0 L 1
8 0 U 3
9 1 U -1
10 0 U 9
11 1 U 9
12 1 L 7
13 0 U 12
14 1 L 2
15 1 U -1
16 0 U 7
17 0 U 12
18 0 L 13
19 1 U -1
20 0 L -1
21 0 U 9
22 1 U 0
23 1 U -1
24 0 U 17
25 1 U 24
26 1 U 23
27 1 L 15
28 0 L 17
29 1 U 3
30 0 L 29
31 1 L 14
32 0 U 20
33 1 U 27
34 1 U 21
35 1 U 33
36 1 L 27
37 1 U 10
38 1 U -1
39 1 L 2
40 1 L -1
41 1 U 23
42 0 U 26
43 0 U 20
44 1 L 27
45 0 U 33
46 0 L 40
47 0 U 42
48 1 L 19
49 0 U 45
50 0 L -1
51 1 U 18
52 1 U 23
53 1 U 45
54 0 L 32
55 1 U 9
56 0 L 17
57 1 U 21
58 1 U 33
59 1 U -1
60 0 U -1
61 1 U 16
62 0 U 57
63 0 U 4
64 1 U 4
65 1 U 40
66 1 U -1
67
0 1 U -1
1 0 L -1
2 1 U 0
3 1 L -1
4 1 U -1
5 0 L -1
6 1 U -1
7 0 L 1
8 0 U 3
9 1 U -1
10 0 U 9
11 1 U 0
12 1 L 7
13 1 U 12
14 1 L 2
15 1 U -1
16 0 U 7
17 0 U 12
18 0 L 13
19 1 U -1
20 0 L -1
21 0 U 9
22 1 U 0
23 1 U -1
24 1 U 17
25 1 U 24
26 1 U 23
27 1 L 15
28 1 L 17
29 1 U 3
30 0 L 29
31 1 L 7
32 0 U 20
33 1 U 27
34 1 U 21
35 1 U 20
36 1 L 27
37 1 U 12
38 0 U -1
39 1 L 2
40 1 L -1
41 1 U 15
42 0 U 26
43 0 U 20
44 1 L 27
45 0 U 33
46 0 L 5
47 1 U 8
48 1 L 19
49 0 U 45
50 1 L -1
51 1 U 18
52 1 U 15
53 1 U 45
54 0 L 32
55 1 U 9
56 0 L 17
57 1 U 21
58 0 U 33
59 0 U -1
60 0 U -1
61 1 U 14
62 0 U 57
63 0 U 4
64 1 U 4
65 1 U 40
66 0 U -1
67
0 1 L -1
1 0 L -1
2 1 U 0
3 1 L -1
4 1 U -1
5 0 L -1
6 1 U -1
7 0 L 1
8 0 U 3
9 1 U -1
10 1 U 0
11 1 U 9
12 1 L 7
13 1 U 12
14 0 L 2
15 1 U -1
16 0 U 7
17 0 U 12
18 0 L 13
19 1 U -1
20 0 L -1
21 0 U 9
22 1 U 0
23 1 U -1
24 0 U 17
25 1 U 24
26 1 U 23
27 1 L 15
28 0 L 17
29 1 U 3
30 0 L 29
31 1 L 14
32 0 U 25
33 1 U 27
34 1 U 21
35 1 U 20
36 1 L 27
37 1 U 21
38 1 U -1
39 1 L 2
40 1 L -1
41 1 U 23
42 0 U 21
43 0 U 20
44 1 L 27
45 0 U 33
46 0 L 5
47 1 U 8
48 1 L 19
49 0 U 45
50 0 L -1
51 1 U 18
52 1 U 6
53 1 U 45
54 0 L 21
55 1 U 4
56 0 L 17
57 1 U 26
58 0 U 33
59 1 U -1
60 0 U -1
61 0 U 14
62 0 U 57
63 0 U 4
64 1 U 6
65 1 U 43
66 1 U -1
67
0 1 U -1
1 0 L -1
2 0 U 0
3 1 L -1
4 1 U -1
5 0 L -1
6 1 U -1
7 0 L 1
8 0 U 3
9 1 U -1
10 1 U 0
11 1 U 10
12 1 L 7
13 1 U 12
14 1 L 2
15 1 U -1
16 0 U 7
17 0 U 12
18 0 L 7
19 1 U -1
20 0 L -1
21 0 U 9
22 1 U 0
23 1 U -1
24 0 U 17
25 1 U 24
26 1 U 23
27 1 L 15
28 0 L 17
29 1 U 3
30 0 L 29
31 1 L 13
32 0 U 25
33 1 U 27
34 1 U 26
35 1 U 20
36 1 L 27
37 1 U 21
38 0 U -1
39 1 L 2
40 0 L -1
41 1 U 6
42 0 U 21
43 0 U 20
44 1 L 27
45 0 U 33
46 0 L 5
47 0 U 24
48 1 L 19
49 0 U 45
50 0 L -1
51 1 U 18
52 1 U 6
53 1 U 45
54 0 L 21
55 1 U 6
56 0 L 17
57 1 U 11
58 0 U 25
59 1 U -1
60 0 U -1
61 0 U 14
62 0 U 57
63 0 U 4
64 1 U 6
65 1 U 43
66 0 U -1
67
0 1 U -1
1 0 L -1
2 0 U 0
3 1 L -1
4 1 U -1
5 0 L -1
6 1 U -1
7 0 L 1
8 0 U 3
9 1 U -1
10 1 U 0
11 1 U 10
12 1 L 7
13 0 U 3
14 0 L 2
15 1 U -1
16 1 U 7
17 0 U 12
18 0 L 7
19 0 U -1
20 1 L -1
21 0 U 9
22 1 U 9
23 1 U -1
24 0 U 17
25 1 U 24
26 1 U 6
27 1 L 15
28 1 L 17
29 1 U 3
30 0 L 29
31 1 L 13
32 0 U 25
33 1 U 27
34 1 U 26
35 1 U 20
36 1 L 27
37 1 U 26
38 0 U -1
39 1 L 2
40 1 L -1
41 1 U 19
42 0 U 21
43 0 U 20
44 1 L 27
45 0 U 33
46 0 L 5
47 0 U 5
48 1 L 28
49 0 U 45
50 0 L -1
51 1 U 49
52 1 U 4
53 1 U 45
54 0 L 15
55 1 U 6
56 0 L 17
57 1 U 11
58 0 U 25
59 0 U -1
60 0 U -1
61 0 U 14
62 0 U 57
63 0 U 60
64 1 U 6
65 1 U 35
66 1 U -1
67
0 1 U -1
1 0 L -1
2 1 U 0
3 1 L -1
4 1 U -1
5 0 L -1
6 1 U -1
7 0 L 0
8 0 U 3
9 1 U -1
10 1 U 0
11 1 U 10
12 1 L 7
13 0 U 3
14 1 L 2
15 1 U -1
16 1 U 7
17 0 U 12
18 0 L 7
19 0 U -1
20 1 L -1
21 0 U 9
22 0 U 9
23 1 U -1
24 0 U 17
25 1 U 24
26 1 U 6
27 1 L 15
28 0 L 17
29 1 U 3
30 0 L 29
31 1 L 13
32 0 U 25
33 1 U 27
34 1 U 21
35 1 U 33
36 1 L 28
37 1 U 12
38 0 U -1
39 1 L 2
40 1 L -1
41 1 U 6
42 0 U 21
43 0 U 20
44 0 L 27
45 0 U 33
46 0 L 1
47 0 U 8
48 1 L 28
49 0 U 45
50 1 L -1
51 1 U 18
52 1 U 0
53 0 U 45
54 0 L 15
55 1 U 6
56 0 L 12
57 1 U 11
58 0 U 25
59 1 U -1
60 0 U -1
61 1 U 14
62 0 U 57
63 0 U 60
64 1 U 6
65 1 U 14
66 1 U -1
67
0 1 U -1
1 0 L -1
2 0 U 0
3 1 L -1
4 1 U -1
5 0 L -1
6 1 U -1
7 0 L 0
8 0 U 3
9 1 U -1
10 1 U 0
11 1 U 10
12 1 L 7
13 1 U 12
14 0 L 2
15 1 U -1
16 1 U 7
17 0 U 12
18 0 L 7
19 0 U -1
20 1 L -1
21 0 U 9
22 1 U 9
23 1 U -1
24 0 U 17
25 1 U 24
26 0 U 9
27 1 L 15
28 0 L 17
29 1 U 12
30 0 L 29
31 1 L 7
32 0 U 28
33 1 U 27
34 1 U 21
35 1 U 33
36 1 L 28
37 1 U 1
38 0 U -1
39 1 L 2
40 1 L -1
41 1 U -1
42 0 U 21
43 0 U 7
44 0 L 27
45 0 U 25
46 0 L 1
47 0 U 42
48 1 L 28
49 0 U 45
50 1 L -1
51 1 U 18
52 1 U 4
53 0 U 45
54 0 L 15
55 1 U 38
56 0 L 12
57 1 U 11
58 0 U 25
59 1 U -1
60 0 U -1
61 1 U 35
62 0 U 57
63 0 U 60
64 1 U 60
65 1 U 14
66 1 U -1
67
0 1 U -1
1 0 L -1
2 0 U 0
3 1 L -1
4 1 U -1
5 0 L -1
6 1 U -1
7 0 L 0
8 0 U 3
9 1 U -1
10 1 U 0
11 1 U 10
12 1 L 7
13 1 U 12
14 0 L 2
15 1 U -1
16 1 U 7
17 0 U 12
18 0 L 7
19 0 U -1
20 1 L -1
21 0 U 9
22 1 U 0
23 1 U -1
24 0 U 17
25 1 U 24
26 0 U 15
27 1 L 15
28 1 L 17
29 1 U 3
30 0 L 29
31 1 L 7
32 0 U 25
33 1 U 27
34 1 U 1
35 1 U 33
36 1 L 28
37 1 U 21
38 0 U -1
39 1 L 2
40 0 L -1
41 1 U -1
42 0 U 21
43 0 U 7
44 0 L 43
45 0 U 25
46 0 L 5
47 0 U 42
48 1 L 27
49 0 U 45
50 0 L -1
51 1 U 18
52 1 U 4
53 0 U 45
54 0 L 15
55 0 U 6
56 0 L 12
57 1 U 11
58 0 U 25
59 1 U -1
60 0 U -1
61 1 U 35
62 0 U 57
63 0 U 60
64 1 U 41
65 1 U 14
66 1 U -1
67
0 1 U -1
1 0 L -1
2 1 U 0
3 1 L -1
4 1 U -1
5 0 L -1
6 1 U -1
7 0 L 0
8 0 U 3
9 1 U -1
10 1 U 0
11 1 U 10
12 1 L 7
13 0 U 12
14 0 L 2
15 1 U -1
16 1 U 7
17 0 U 12
18 0 L 7
19 0 U -1
20 1 L -1
21 0 U 9
22 1 U 0
23 1 U -1
24 0 U 17
25 1 U 24
26 0 U 0
27 1 L 15
28 0 L 17
29 1 U 3
30 0 L 29
31 1 L 7
32 0 U 7
33 1 U 27
34 1 U 21
35 1 U 33
36 1 L 28
37 1 U 21
38 0 U -1
39 1 L 2
40 0 L -1
41 1 U -1
42 0 U 11
43 0 U 36
44 0 L 43
45 0 U 7
46 0 L 5
47 1 U 24
48 1 L 28
49 0 U 45
50 0 L -1
51 1 U 18
52 1 U 23
53 0 U 45
54 0 L 15
55 1 U 0
56 0 L 12
57 1 U 11
58 0 U 25
59 1 U -1
60 0 U -1
61 1 U 58
62 0 U 57
63 0 U 38
64 1 U 41
65 1 U 14
66 1 U -1
67
0 1 U -1
1 0 L -1
2 1 U 0
3 1 L -1
4 1 U -1
5 0 L -1
6 1 U -1
7 0 L 0
8 0 U 3
9 1 U -1
10 1 U 0
11 1 L 10
12 1 L 7
13 0 U 12
14 1 L 2
15 1 U -1
16 1 U 7
17 0 U 12
18 0 L 7
19 0 U -1
20 0 L -1
21 0 U 0
22 0 U 15
23 1 U -1
24 0 U 17
25 1 U 24
26 0 U 0
27 1 L 17
28 0 L 17
29 1 U 22
30 0 L 29
31 1 L 7
32 0 U 7
33 1 U 27
34 1 U 21
35 1 U 33
36 1 L 28
37 1 U 21
38 0 U -1
39 1 U 2
40 1 L -1
41 1 U -1
42 0 U 39
43 0 U 7
44 0 L 43
45 0 U 33
46 1 L 5
47 1 U 24
48 1 L 28
49 0 U 45
50 0 L -1
51 1 U 18
52 1 U 38
53 0 U 32
54 0 L 15
55 1 U 9
56 0 L 12
57 1 U 21
58 0 U 25
59 1 U -1
60 0 U -1
61 1 U 58
62 0 U 57
63 0 U 38
64 1 U 6
65 1 U 35
66 1 U -1
67
0 1 U -1
1 0 L -1
2 1 U 0
3 1 L -1
4 1 U -1
5 0 L -1
6 1 U -1
7 0 L 0
8 0 U 2
9 1 U -1
10 1 U 9
11 1 L 10
12 1 L 7
13 0 U 12
14 0 L 2
15 1 U -1
16 1 U 7
17 0 U 12
18 0 L 7
19 0 U -1
20 0 L -1
21 0 U 0
22 0 U 9
23 1 U -1
24 1 U 17
25 1 U 24
26 0 U 0
27 1 L 17
28 0 L 17
29 1 U 22
30 0 L 29
31 1 L 7
32 0 U 20
33 1 U 27
34 1 U 21
35 1 U 33
36 1 L 28
37 1 U 12
38 0 U -1
39 1 U 2
40 1 L -1
41 1 U -1
42 0 U 39
43 0 U 7
44 0 L 43
45 0 U 7
46 1 L 5
47 1 U 5
48 1 L 43
49 0 U 45
50 0 L -1
51 1 U 18
52 1 U 38
53 0 U 32
54 0 L 15
55 1 U 9
56 0 L 12
57 1 U 21
58 0 U 28
59 1 U -1
60 0 U -1
61 1 U 16
62 0 U 57
63 0 U 38
64 1 U 41
65 1 U 43
66 1 U -1
67
0 1 U -1
1 0 L -1
2 1 U 0
3 1 L -1
4 1 U -1
5 0 L -1
6 1 U -1
7 0 L 0
8 0 U 1
9 1 U -1
10 1 U 9
11 1 L 10
12 1 L 7
13 0 U 3
14 1 L 2
15 1 U -1
16 1 U 7
17 0 U 12
18 0 L 7
19 0 U -1
20 0 L -1
21 0 U 0
22 0 U 9
23 1 U -1
24 0 U 17
25 1 U 24
26 0 U 9
27 1 L 17
28 0 L 17
29 1 U 22
30 0 L 29
31 1 L 7
32 0 U 20
33 1 U 27
34 1 U 21
35 1 U 33
36 1 L 28
37 1 U 21
38 0 U -1
39 1 U 10
40 0 L -1
41 1 U -1
42 0 U 39
43 0 U 7
44 0 L 43
45 0 U 20
46 0 L 5
47 0 U 42
48 1 L 43
49 0 U 45
50 0 L -1
51 1 U 18
52 1 U 38
53 0 U 32
54 0 L 15
55 1 U 9
56 0 L 17
57 1 U 21
58 0 U 20
59 1 U -1
60 0 U -1
61 1 U 16
62 0 U 57
63 0 U 38
64 1 U 41
65 1 U 58
66 1 U -1
67
0 1 U -1
1 0 L -1
2 0 U 0
3 1 L -1
4 1 U -1
5 0 L -1
6 1 U -1
7 0 L 1
8 0 U 2
9 1 U -1
10 1 U 9
11 1 L 10
12 1 L 7
13 0 U 3
14 0 L 2
15 1 U -1
16 1 U 7
17 0 U 12
18 0 L 13
19 0 U -1
20 0 L -1
21 0 U 0
22 0 U 15
23 1 U -1
24 1 U 17
25 1 U 24
26 0 U 19
27 1 L 17
28 1 L 17
29 1 U 22
30 0 L 29
31 1 L 7
32 0 U 25
33 1 U 27
34 1 U 21
35 1 U 7
36 1 L 28
37 1 U 21
38 0 U -1
39 1 U 10
40 0 L -1
41 1 U -1
42 0 U 21
43 0 U 7
44 0 L 43
45 0 U 7
46 1 L 5
47 1 U 42
48 1 L 43
49 0 U 45
50 0 L -1
51 1 U 18
52 0 U 47
53 0 U 32
54 0 L 15
55 0 U 23
56 0 L 17
57 1 U 21
58 0 U 25
59 1 U -1
60 0 U -1
61 1 U 16
62 0 U 57
63 0 U 38
64 0 U 38
65 1 U 44
66 1 U -1
67
0 1 U -1
1 0 L -1
2 1 U 0
3 1 L -1
4 1 U -1
5 0 L -1
6 1 U -1
7 0 L 1
8 0 U 3
9 1 U -1
10 1 U 9
11 1 L 10
12 1 L 7
13 0 U 12
14 1 L 2
15 1 U -1
16 1 U 7
17 0 U 12
18 0 L 13
19 0 U -1
20 0 L -1
21 0 U 0
22 0 U 15
23 1 U -1
24 1 U 17
25 1 U 24
26 0 U 9
27 1 L 17
28 1 L 17
29 1 U 22
30 0 L 29
31 1 L 13
32 0 U 20
33 1 U 27
34 1 U 21
35 1 U 7
36 1 L 28
37 1 U 12
38 0 U -1
39 0 U 6
40 0 L -1
41 1 U -1
42 0 U 21
43 0 U 7
44 0 L 43
45 0 U 7
46 0 L 5
47 0 U 42
48 0 L 43
49 0 U 45
50 0 L -1
51 1 U 18
52 0 U 47
53 0 U 32
54 0 L 15
55 0 U 38
56 0 L 17
57 1 U 21
58 0 U 25
59 1 U -1
60 0 U -1
61 1 U 44
62 0 U 57
63 0 U 38
64 0 U 9
65 1 U 44
66 1 U -1
