76
0 0 U -1
1 0 U -1
2 0 U -1
3 0 U -1
4 0 U -1
5 0 U -1
6 0 U -1
7 0 U -1
8 0 U -1
9 0 U -1
10 0 U -1
11 0 U -1
12 0 U -1
13 0 U -1
14 0 U -1
15 0 U -1
16 0 U -1
17 0 U -1
18 0 U -1
19 0 U -1
20 0 U -1
21 0 U -1
22 0 U -1
23 0 U -1
24 0 U -1
25 0 U -1
26 0 U -1
27 0 U -1
28 0 U -1
29 0 U -1
30 0 U -1
31 0 U -1
32 0 U -1
33 0 U -1
34 0 U -1
35 0 U -1
36 0 U -1
37 0 U -1
38 0 U -1
39 0 U -1
40 0 U -1
41 0 U -1
42 0 U -1
43 0 U -1
44 0 U -1
45 0 U -1
46 0 U -1
47 0 U -1
48 0 U -1
49 0 U -1
50 0 U -1
51 0 U -1
52 0 U -1
53 0 U -1
54 0 U -1
55 0 U -1
56 0 U -1
57 0 U -1
58 0 U -1
59 0 U -1
60 0 U -1
61 0 U -1
62 0 U -1
63 0 U -1
64 0 U -1
65 0 U -1
66 0 U -1
67 0 U -1
68 0 U -1
69 0 U -1
70 0 U -1
71 0 U -1
72 0 U -1
73 0 U -1
74 0 U -1
75 0 U -1
76
0 0 U -1
1 1 L -1
2 0 U -1
3 0 L -1
4 1 L 0
5 0 U -1
6 0 L 4
7 0 U 1
8 0 L 2
9 0 U 2
10 0 U 9
11 0 U -1
12 0 L 7
13 1 L -1
14 1 L 11
15 0 U -1
16 1 L 4
17 0 L -1
18 0 U 9
19 1 U 12
20 1 U 18
21 1 U -1
22 1 L 4
23 0 U -1
24 1 U -1
25 1 U 5
26 0 U -1
27 1 L 15
28 0 L 8
29 1 U 5
30 1 L 24
31 1 L 29
32 0 L -1
33 0 L 22
34 0 U -1
35 0 U -1
36 0 L 21
37 1 L 23
38 1 U 35
39 1 L 25
40 1 L 1
41 1 L -1
42 0 L 10
43 1 L 25
44 1 L 20
45 0 L -1
46 1 L 22
47 1 U 38
48 1 L 3
49 0 L 37
50 1 U 48
51 0 U 38
52 1 U -1
53 1 L 2
54 1 L 9
55 0 U 48
56 0 L 18
57 1 L 9
58 0 U 49
59 0 L 15
60 1 U 56
61 0 U 25
62 1 U 43
63 1 L 8
64 1 L 46
65 0 L -1
66 0 U 28
67 1 U 51
68 0 U 45
69 1 L 17
70 0 U 61
71 1 L 18
72 0 U 70
73 0 U 49
74 1 L 3
75 0 L 42
76
0 0 L -1
1 1 L -1
2 0 U -1
3 0 L -1
4 1 L 0
5 0 U -1
6 0 L 2
7 0 U 1
8 1 L 4
9 0 U 2
10 0 U 5
11 0 U -1
12 1 L 8
13 1 U 10
14 1 L 11
15 0 U -1
16 1 L 4
17 0 L -1
18 1 U 9
19 1 U 12
20 1 U 18
21 1 U -1
22 1 L 4
23 0 U -1
24 1 U 21
25 1 U 5
26 0 U -1
27 0 L 15
28 0 U 8
29 0 U 5
30 1 L 11
31 0 L 23
32 0 L -1
33 0 L 21
34 1 U 11
35 0 U -1
36 1 U 28
37 0 L 27
38 1 U 35
39 0 L 21
40 1 L 15
41 1 L -1
42 0 U 15
43 1 L 25
44 1 L 1
45 0 L -1
46 0 L 7
47 0 U 25
48 0 L 32
49 1 L 37
50 0 U 44
51 0 U 38
52 1 L 11
53 1 L 49
54 0 L 26
55 0 U 48
56 1 L 17
57 1 L 14
58 0 L 6
59 0 L 39
60 1 U 47
61 1 U 29
62 1 L 48
63 0 L 14
64 0 L 46
65 0 L -1
66 1 L 43
67 1 L 32
68 0 U 45
69 0 L 62
70 0 U 61
71 0 L 18
72 0 U 70
73 0 U 49
74 1 L 62
75 1 L 67
76
0 0 U -1
1 1 L -1
2 0 U -1
3 0 L -1
4 1 L 0
5 0 U -1
6 0 L 2
7 0 U 1
8 1 L 4
9 0 U 2
10 0 U 5
11 0 U -1
12 1 L 7
13 1 L 8
14 1 L 11
15 0 U -1
16 1 L 4
17 0 L -1
18 1 U 9
19 0 U 12
20 1 U 18
21 1 U -1
22 0 L 4
23 0 U -1
24 1 U 21
25 0 U 5
26 0 U -1
27 0 L 15
28 0 U 8
29 1 U 5
30 1 L 11
31 0 L 27
32 0 L -1
33 1 U 8
34 0 U -1
35 0 U 11
36 1 U 26
37 0 L 19
38 1 L 35
39 0 L 21
40 1 L 15
41 0 L -1
42 1 U 5
43 0 L 0
44 0 L 17
45 1 L -1
46 0 L 7
47 0 U 28
48 0 L 41
49 0 L 36
50 0 U 24
51 1 U 38
52 0 L 46
53 1 L 24
54 0 U 26
55 0 U 43
56 1 L 17
57 1 L 14
58 0 L 3
59 0 U 27
60 1 U 11
61 0 U 25
62 1 L 43
63 0 L 12
64 0 L 46
65 0 L -1
66 1 L 39
67 0 L 40
68 1 U 63
69 0 L 6
70 0 U 61
71 0 L 57
72 1 U 70
73 0 U 49
74 1 L 62
75 0 L 42
76
0 0 U -1
1 1 L -1
2 0 U -1
3 0 L -1
4 1 L 0
5 0 U -1
6 0 L 2
7 0 U 6
8 0 L 4
9 0 U 2
10 0 U 5
11 0 U -1
12 1 L -1
13 0 U 10
14 1 L 11
15 0 U -1
16 1 U 4
17 0 L -1
18 1 U 9
19 1 U 12
20 1 U 18
21 1 U -1
22 1 L 4
23 0 U -1
24 1 U -1
25 1 U 24
26 0 U -1
27 0 L 15
28 0 U 8
29 1 U 26
30 1 L 11
31 0 L 27
32 0 L 14
33 1 U 11
34 0 U -1
35 0 U 11
36 1 U 21
37 1 L 19
38 0 L 32
39 1 L 21
40 0 L 18
41 0 L -1
42 1 U 20
43 0 L 0
44 1 L 17
45 1 L -1
46 0 L 7
47 1 U 31
48 1 L 22
49 0 L 33
50 0 U 1
51 0 U 9
52 0 L 46
53 1 L 24
54 0 U 53
55 0 U 43
56 0 L 3
57 1 L 48
58 0 L 14
59 0 L 28
60 1 L 30
61 0 U 18
62 1 L 43
63 0 L 19
64 1 L 46
65 0 L -1
66 1 L 52
67 1 L 65
68 1 U 63
69 1 L 39
70 0 U 61
71 0 L 40
72 0 U 70
73 0 U 49
74 1 L 62
75 1 U 43
76
0 0 U -1
1 1 L -1
2 0 U -1
3 0 L -1
4 1 L 0
5 0 U -1
6 0 L 4
7 0 U 6
8 0 L 4
9 0 U 2
10 0 U 5
11 0 U -1
12 1 L -1
13 1 U 3
14 1 L 11
15 0 U -1
16 1 U 4
17 0 L -1
18 1 U 9
19 1 U 12
20 1 U 18
21 1 U -1
22 1 L 4
23 0 U -1
24 1 U -1
25 0 U 24
26 0 U -1
27 0 L 18
28 0 U 8
29 1 U 9
30 0 L 17
31 0 L 27
32 0 L 14
33 1 U 14
34 0 U -1
35 0 U 28
36 0 L 21
37 0 L 19
38 0 L 21
39 0 L 21
40 0 L 18
41 0 L 17
42 1 L 20
43 0 L 0
44 0 L 15
45 1 L -1
46 0 L 7
47 1 L 37
48 1 L 7
49 1 L 29
50 0 U 6
51 0 U 26
52 0 L 46
53 1 L 20
54 0 U 43
55 0 U 42
56 1 L 3
57 1 L 48
58 0 L 57
59 0 L 2
60 1 U 15
61 0 U 18
62 1 L 43
63 0 U 18
64 0 L 46
65 0 L -1
66 0 L 30
67 1 L 39
68 0 U 58
69 1 L 54
70 0 U 61
71 0 L 32
72 1 U 70
73 1 U 44
74 1 L 62
75 1 L 66
76
0 0 U -1
1 1 L -1
2 0 U -1
3 0 L -1
4 1 L 0
5 0 U -1
6 0 L 2
7 0 U 6
8 0 L 4
9 0 U 2
10 0 U 5
11 0 U -1
12 1 L -1
13 1 U 3
14 1 L 11
15 0 U -1
16 1 U 4
17 0 L -1
18 1 L 9
19 1 U 12
20 1 U 18
21 1 U -1
22 1 L 4
23 0 U -1
24 1 U -1
25 0 U 24
26 0 U -1
27 0 U 18
28 0 U 8
29 1 U 26
30 0 L 17
31 0 L 27
32 0 L 14
33 1 U 15
34 0 U -1
35 0 U 12
36 0 U 2
37 1 L 19
38 0 L 21
39 0 L 21
40 0 L 18
41 0 L 17
42 1 L 20
43 0 L 0
44 0 L 15
45 1 L -1
46 0 L 7
47 0 L 14
48 0 L 7
49 0 L 28
50 0 U 6
51 1 U 26
52 0 L 46
53 1 L 33
54 0 U 42
55 0 U 42
56 1 L 45
57 1 L 48
58 0 L 57
59 1 L 45
60 0 L 20
61 0 L 28
62 1 L 43
63 0 L 17
64 1 L 14
65 0 L -1
66 1 L 17
67 0 L -1
68 0 U 56
69 1 L 54
70 0 U 51
71 1 L 32
72 1 U 70
73 1 U 44
74 1 L 8
75 1 L 65
76
0 0 L -1
1 1 L -1
2 0 U -1
3 0 L -1
4 1 L 0
5 0 U -1
6 0 L 4
7 0 U 6
8 0 L 4
9 0 U 2
10 0 U 5
11 0 U -1
12 1 L 7
13 1 U 0
14 1 L 11
15 0 U -1
16 1 U 4
17 0 L -1
18 1 L 9
19 1 U 12
20 1 U 18
21 1 U 11
22 1 L 4
23 0 U -1
24 1 U -1
25 0 U 24
26 0 U -1
27 0 L 18
28 0 U 8
29 1 U 26
30 0 L 17
31 0 L 27
32 0 L 14
33 1 U -1
34 0 U -1
35 0 U -1
36 1 U 4
37 1 L 19
38 1 L 21
39 0 L 21
40 0 L 18
41 0 L 0
42 1 L 20
43 0 L 0
44 1 L 15
45 1 L -1
46 0 L 41
47 1 U 22
48 0 L 43
49 0 L 28
50 0 U 6
51 0 U 26
52 0 L 19
53 1 L 15
54 0 U 42
55 0 U 53
56 0 L 0
57 1 L 48
58 0 L 57
59 1 U 22
60 0 L 57
61 1 U 15
62 0 L 43
63 0 L 40
64 1 L 10
65 1 L -1
66 0 L 48
67 0 L 28
68 0 U 56
69 0 L 64
70 0 U 51
71 1 L 32
72 0 U 70
73 1 U 47
74 1 L 30
75 0 L 54
76
0 0 L -1
1 1 L -1
2 0 U -1
3 0 L -1
4 1 L 0
5 0 U -1
6 0 L 2
7 0 U 6
8 0 L 4
9 0 U 2
10 0 U 5
11 0 U -1
12 1 L 8
13 0 U 11
14 1 L 11
15 0 U -1
16 1 U 4
17 0 L -1
18 1 L 9
19 1 U 12
20 0 U 18
21 1 U 14
22 1 L 4
23 0 U -1
24 1 U -1
25 0 U 24
26 0 U -1
27 0 L 18
28 0 U 8
29 1 U 26
30 0 L 17
31 0 L 27
32 0 L 14
33 0 L 18
34 0 U -1
35 0 U 29
36 0 U 11
37 0 L 19
38 1 L 21
39 0 L 21
40 0 L 14
41 0 L 0
42 1 L 18
43 0 L 3
44 0 L 10
45 1 L -1
46 0 L 41
47 1 U 22
48 1 L 43
49 0 L 26
50 1 U 6
51 1 U 26
52 0 L 19
53 1 L 52
54 0 U 47
55 0 U 53
56 1 L 17
57 0 L 48
58 0 L 57
59 1 U 49
60 0 L -1
61 1 L 20
62 1 L 0
63 1 L 15
64 0 L 10
65 0 L -1
66 0 L 2
67 0 L 29
68 0 U 56
69 0 L 48
70 0 U 51
71 1 L 32
72 0 U 70
73 1 U 41
74 0 L 62
75 0 L 28
76
0 0 U -1
1 1 L -1
2 0 U -1
3 0 L -1
4 1 L 0
5 0 U -1
6 0 L 4
7 0 U 6
8 0 L 4
9 0 U 2
10 0 U 6
11 0 U -1
12 1 L -1
13 0 U 4
14 1 L 11
15 0 U -1
16 1 U 4
17 0 L -1
18 1 L 9
19 1 U 12
20 1 U 3
21 1 U -1
22 1 L 4
23 0 U -1
24 1 U -1
25 0 U 24
26 0 U -1
27 0 L 18
28 0 U 8
29 1 U 26
30 0 L 29
31 0 L 27
32 0 L 14
33 0 L 32
34 0 U -1
35 0 U 12
36 1 U 26
37 0 L 19
38 1 L 21
39 0 L 21
40 0 L 14
41 0 L 0
42 0 L 11
43 0 L 3
44 0 U 22
45 1 L -1
46 0 L 41
47 0 U 34
48 1 L 22
49 1 L 24
50 1 U 36
51 1 U 26
52 0 L 19
53 1 L -1
54 0 U 43
55 0 U 53
56 1 L 17
57 0 L 48
58 0 L 57
59 0 U 49
60 1 L 40
61 0 L 15
62 1 L 0
63 1 U 35
64 0 L 10
65 0 L -1
66 0 L 2
67 1 L 44
68 0 U 56
69 0 L 15
70 0 U 51
71 1 L 52
72 1 U 70
73 1 U 41
74 0 L 62
75 0 L 74
76
0 0 U -1
1 1 L -1
2 0 U -1
3 0 L -1
4 1 L 0
5 0 U -1
6 0 L 4
7 0 U 6
8 0 L 4
9 0 U 2
10 1 L 7
11 0 U -1
12 1 L -1
13 0 U 4
14 1 L 11
15 0 U -1
16 1 U 4
17 0 L -1
18 1 L 9
19 1 U 12
20 0 U 18
21 1 U 0
22 1 L 4
23 1 U -1
24 1 U -1
25 0 U 24
26 0 U -1
27 0 L 18
28 0 U 12
29 1 U 26
30 0 L 20
31 0 L 27
32 0 L 14
33 0 L 19
34 0 U -1
35 0 U 20
36 1 U 26
37 0 L 19
38 1 L 21
39 1 L 32
40 0 L 14
41 0 L 0
42 0 L 11
43 0 L 17
44 1 U 31
45 1 L -1
46 0 L 7
47 0 U 34
48 1 L 8
49 1 L 39
50 0 U 36
51 0 U 1
52 0 L 19
53 1 L 1
54 0 U 43
55 0 U 53
56 1 L 16
57 0 L 48
58 0 L 11
59 0 U 49
60 1 L 40
61 1 L 15
62 1 L 0
63 1 U 40
64 1 L 57
65 0 L -1
66 0 L 2
67 1 L 39
68 0 U 56
69 1 U 21
70 0 U 51
71 1 L 15
72 1 U 70
73 1 U 41
74 0 L 62
75 0 L 15
76
0 0 U -1
1 1 L -1
2 0 U -1
3 0 L -1
4 1 L 0
5 0 U -1
6 0 L 4
7 0 U 6
8 0 L 4
9 0 U 2
10 0 L 7
11 0 U -1
12 1 L -1
13 0 U 4
14 1 L 11
15 0 U -1
16 1 U 4
17 0 L -1
18 1 L 9
19 1 U 12
20 0 U 18
21 1 U 0
22 1 L 4
23 0 U -1
24 1 U -1
25 0 U 24
26 0 U -1
27 0 L 18
28 0 U 12
29 1 U 26
30 0 L 20
31 1 L 27
32 0 L 14
33 0 L 19
34 0 U -1
35 0 U 28
36 0 U 5
37 1 L 19
38 1 L 21
39 0 L 32
40 0 L 37
41 0 L 0
42 0 L 33
43 0 L 0
44 1 U 11
45 1 L -1
46 0 L 7
47 1 L 40
48 1 L 22
49 0 L 39
50 0 U 1
51 0 U 1
52 0 L 19
53 1 L 1
54 0 U 43
55 0 U 53
56 1 L 16
57 0 L 48
58 0 L 19
59 0 U 49
60 1 L 40
61 0 L 7
62 1 L 3
63 0 U 5
64 0 L 9
65 0 L -1
66 0 L 2
67 1 L 60
68 0 U 56
69 0 L 5
70 0 U 51
71 1 L 15
72 1 U 70
73 1 U 41
74 1 L 62
75 0 L 15
76
0 0 U -1
1 1 L -1
2 0 U -1
3 0 L -1
4 1 L 0
5 0 U -1
6 0 L 4
7 0 U 6
8 0 L 4
9 0 U 0
10 0 L 7
11 0 U -1
12 1 L -1
13 0 U 4
14 1 L 11
15 0 U -1
16 1 U 4
17 0 L -1
18 1 L 9
19 1 U 12
20 0 U 18
21 1 U 14
22 1 L 4
23 1 U -1
24 1 U -1
25 0 U 24
26 0 U -1
27 1 L 18
28 0 U 12
29 1 U 26
30 0 L 20
31 1 L 27
32 0 L 14
33 0 L 8
34 0 U -1
35 0 U 30
36 1 U 26
37 1 L 19
38 1 L 21
39 0 L 32
40 0 L 37
41 0 L 3
42 0 L 35
43 0 L 3
44 1 U -1
45 1 L -1
46 0 L 7
47 1 L 40
48 0 L 22
49 0 L 39
50 0 U 36
51 0 U 36
52 0 L 19
53 1 L 1
54 0 U 43
55 0 U 53
56 1 L 16
57 0 L 48
58 0 L 57
59 0 U 49
60 1 L 15
61 0 L 7
62 1 L 3
63 0 U 5
64 1 L 57
65 0 L -1
66 0 L 16
67 1 L 60
68 0 U 56
69 0 L 5
70 0 U 51
71 1 L 15
72 1 U 70
73 1 U 41
74 0 L 62
75 0 L 16
76
0 0 L -1
1 1 L -1
2 0 U -1
3 0 L -1
4 1 L 0
5 0 U -1
6 0 L 4
7 0 U 6
8 0 L 4
9 0 U 0
10 1 L 7
11 0 U -1
12 1 L -1
13 0 U 4
14 1 L 11
15 0 U -1
16 1 U 4
17 0 L -1
18 1 L 9
19 1 U 10
20 0 U 18
21 1 U 11
22 1 L 4
23 0 U -1
24 1 U -1
25 0 U 24
26 0 U -1
27 0 L 18
28 0 U 12
29 1 U 26
30 0 L 20
31 1 L 27
32 0 L 14
33 0 L 8
34 0 U -1
35 0 U 30
36 1 U 26
37 0 L 19
38 1 L 32
39 0 L 32
40 0 L 20
41 0 L 17
42 0 L 18
43 0 L 0
44 1 U -1
45 1 L -1
46 0 L 7
47 1 U 23
48 0 L 22
49 0 L 39
50 0 U 6
51 0 U 36
52 0 L 19
53 1 L 1
54 0 U 43
55 0 U 53
56 1 L 16
57 0 L 48
58 0 L 11
59 0 U 31
60 0 L 15
61 1 L 57
62 1 L 3
63 0 U 5
64 0 L 57
65 0 L -1
66 0 L 62
67 1 L 23
68 0 U 56
69 0 L 7
70 0 U 12
71 1 L 18
72 0 U 70
73 1 U 72
74 1 L 2
75 0 L 57
76
0 0 U -1
1 1 L -1
2 0 U -1
3 0 L -1
4 1 L 0
5 0 U -1
6 0 L 2
7 0 U 6
8 0 L 4
9 0 U 0
10 0 L 7
11 0 U -1
12 1 L -1
13 0 U 4
14 1 L 11
15 0 U -1
16 1 U 4
17 0 L -1
18 1 L 9
19 0 U 10
20 0 U 10
21 1 U 14
22 1 L 4
23 1 U -1
24 1 U -1
25 0 U 24
26 0 U -1
27 0 L 18
28 0 U 12
29 1 U 26
30 0 L 20
31 1 L 27
32 0 L 14
33 1 L 22
34 0 U -1
35 0 U 28
36 0 U 5
37 1 L 10
38 0 L 25
39 0 L 32
40 0 L 20
41 0 L 3
42 0 L 20
43 0 L 3
44 1 U -1
45 1 L -1
46 0 L 7
47 1 U 44
48 0 L 22
49 1 L 39
50 0 U 6
51 0 U 36
52 0 L 19
53 1 L -1
54 0 U 49
55 0 U 53
56 1 L 16
57 0 L 48
58 0 L 11
59 0 U 22
60 0 L 58
61 1 L 57
62 1 L 0
63 0 U 34
64 0 L 57
65 0 L -1
66 0 L 8
67 1 L 33
68 0 U 56
69 0 L 67
70 0 U 12
71 1 L 18
72 1 U 70
73 1 U 72
74 0 L 62
75 0 L 2
76
0 0 U -1
1 1 L -1
2 0 U -1
3 0 L -1
4 1 L 0
5 0 U -1
6 0 L 2
7 0 U 6
8 0 L 4
9 0 U 0
10 0 L 7
11 0 U -1
12 1 L -1
13 0 U 4
14 1 L 11
15 0 U -1
16 1 U 4
17 0 L -1
18 1 L 9
19 0 U 10
20 0 U 10
21 1 U 14
22 1 L 4
23 0 U -1
24 1 U -1
25 0 U 24
26 0 U -1
27 0 L 18
28 0 U 12
29 0 U 26
30 0 L 20
31 1 L 27
32 0 L 14
33 1 L 22
34 0 U -1
35 0 U 28
36 0 U 5
37 1 L 10
38 0 L 25
39 0 L 32
40 0 L 37
41 0 L 3
42 0 L 20
43 0 L 3
44 1 U -1
45 1 L -1
46 0 L 7
47 0 U 44
48 1 L 33
49 1 L 18
50 0 L 6
51 0 U 36
52 0 L 19
53 1 L 12
54 0 U 49
55 0 U 53
56 1 L 16
57 0 L 48
58 0 L 11
59 0 L 42
60 0 L 58
61 1 L 7
62 1 L 0
63 1 U 34
64 1 L 57
65 0 L -1
66 1 U 43
67 1 U 33
68 0 U 56
69 1 L 23
70 0 U 12
71 1 L 18
72 1 U 70
73 1 U 72
74 1 L 62
75 1 L 27
76
0 0 L -1
1 1 L -1
2 0 U -1
3 0 L -1
4 1 L 0
5 0 U -1
6 0 L 2
7 0 U 6
8 0 L 4
9 0 U 0
10 0 L 7
11 0 U -1
12 1 L -1
13 0 U 4
14 1 L 11
15 0 U -1
16 1 U 4
17 0 L -1
18 1 L 9
19 0 U 10
20 0 L 10
21 1 U 11
22 1 L 4
23 0 U -1
24 1 U -1
25 0 U 24
26 0 U -1
27 0 L 18
28 0 U 8
29 1 U 26
30 0 L 20
31 1 L 27
32 0 L 14
33 1 L 22
34 0 U -1
35 1 U 26
36 0 U 35
37 1 L 10
38 0 L 32
39 0 L 32
40 0 L 37
41 0 L 17
42 0 L 20
43 0 L 17
44 1 U -1
45 1 L -1
46 0 L 7
47 1 U 44
48 1 L 33
49 0 L 18
50 0 L 6
51 0 U 36
52 0 L 19
53 1 L 13
54 0 U 49
55 0 U 53
56 1 L 17
57 0 L 48
58 0 L 11
59 0 L 42
60 0 L 33
61 0 U 3
62 1 L 0
63 0 U 34
64 1 L 57
65 0 L -1
66 1 U 28
67 1 U 16
68 0 U 59
69 1 L 23
70 0 U 12
71 1 L 18
72 1 U 70
73 1 U 72
74 1 L 62
75 0 L 22
76
0 0 U -1
1 1 L -1
2 0 U -1
3 0 L -1
4 1 L 0
5 0 U -1
6 0 L 2
7 0 U 6
8 0 L 4
9 0 U 0
10 0 L 7
11 0 U -1
12 1 L -1
13 1 U 9
14 1 L 11
15 0 U -1
16 1 U 4
17 0 L -1
18 1 L 9
19 0 U 10
20 0 U 10
21 1 U -1
22 1 L 4
23 0 U -1
24 1 U -1
25 0 U 24
26 0 U -1
27 0 L 18
28 0 L 6
29 1 U 26
30 0 L 20
31 1 L 27
32 0 L 14
33 1 L 22
34 0 U -1
35 1 U 26
36 0 U 35
37 1 L 19
38 1 L 32
39 0 L 32
40 0 L 37
41 0 L 0
42 0 L 20
43 1 L 42
44 1 U 11
45 1 L -1
46 0 L 7
47 1 U 44
48 1 L 33
49 0 L 18
50 0 L 6
51 0 U 36
52 0 L 46
53 1 L 1
54 0 U 33
55 0 U 53
56 0 L 4
57 0 L 48
58 0 L 14
59 0 U 58
60 0 L 43
61 0 U 8
62 1 L 16
63 1 L 34
64 0 L 57
65 0 L -1
66 0 U 43
67 1 U 19
68 0 U 53
69 1 L 27
70 0 U 12
71 1 L 18
72 1 U 70
73 1 U 72
74 1 L 62
75 0 L 33
76
0 0 L -1
1 1 L -1
2 0 U -1
3 0 L -1
4 1 L 0
5 0 U -1
6 0 L 4
7 0 U 6
8 0 L 4
9 0 U 0
10 0 L 7
11 0 U -1
12 1 L -1
13 0 U 9
14 1 L 11
15 0 U -1
16 1 U 4
17 0 L -1
18 1 L 9
19 0 U 10
20 0 U 3
21 0 U -1
22 1 L 4
23 0 U -1
24 1 U -1
25 0 U 24
26 0 U -1
27 0 L 18
28 1 L 17
29 1 U 13
30 0 L 20
31 1 L 27
32 0 L 14
33 1 L 22
34 0 U -1
35 1 U 26
36 0 U 35
37 1 L 19
38 1 L 32
39 0 L 32
40 0 L 37
41 0 L 0
42 0 L 20
43 1 L 42
44 1 U -1
45 1 L -1
46 0 L 7
47 0 U 40
48 1 L 33
49 0 L 18
50 0 L 33
51 0 U 36
52 0 L 46
53 1 L 1
54 0 U 33
55 0 U 53
56 1 L 4
57 0 L 48
58 0 L 11
59 0 U 58
60 0 L 43
61 1 U 34
62 1 L 16
63 1 U -1
64 1 L 57
65 0 L -1
66 1 L 51
67 1 U 28
68 0 U 53
69 1 L 15
70 0 U 12
71 1 L 64
72 1 U 70
73 1 U 72
74 0 L 62
75 0 L 50
76
0 0 U -1
1 1 L -1
2 0 U -1
3 0 L -1
4 1 L 0
5 0 U -1
6 0 L 4
7 0 U 1
8 0 L 4
9 0 U 0
10 0 L 7
11 0 U -1
12 1 L -1
13 0 U 2
14 1 L 11
15 0 U -1
16 1 U 4
17 0 L -1
18 1 L 9
19 1 U 10
20 0 U 10
21 0 U 15
22 1 L 4
23 0 U -1
24 1 U -1
25 0 U 24
26 0 U -1
27 0 L 18
28 1 L 17
29 1 U 13
30 1 L 20
31 1 L 27
32 0 L 14
33 1 L 22
34 0 U -1
35 0 U 26
36 0 U 13
37 1 L 19
38 1 L 32
39 0 L 32
40 0 L 33
41 0 L 17
42 0 L 20
43 1 L 42
44 1 U 35
45 1 L -1
46 0 L 7
47 0 L 0
48 1 L 33
49 0 L 18
50 0 L 33
51 0 U 6
52 1 L 19
53 1 L -1
54 1 U 31
55 0 U 53
56 0 L 4
57 0 L 48
58 1 U 11
59 0 U 54
60 0 L 42
61 1 U 9
62 1 L 16
63 1 U 29
64 1 L 57
65 0 L -1
66 0 L 46
67 0 L 13
68 0 U 53
69 1 L 25
70 0 U 12
71 1 L 64
72 0 U 70
73 1 U 72
74 0 L 62
75 0 L 17
76
0 0 U -1
1 1 L -1
2 0 U -1
3 0 L -1
4 1 L 0
5 0 U -1
6 0 L 2
7 0 U 1
8 0 L 4
9 0 U 0
10 0 L 7
11 0 U -1
12 1 L -1
13 1 U 2
14 1 L 11
15 1 U -1
16 1 U 4
17 0 L -1
18 1 L 9
19 1 U 10
20 0 L 10
21 0 U 15
22 1 L 4
23 0 U -1
24 1 U -1
25 0 U 24
26 0 U -1
27 0 L 18
28 1 L 17
29 1 U 5
30 0 L 20
31 1 L 27
32 0 L 14
33 1 L 22
34 0 U -1
35 0 U 26
36 0 L 10
37 1 L 11
38 1 L 32
39 1 L 32
40 1 L 37
41 0 L 17
42 0 L 5
43 1 L 15
44 1 U 10
45 1 L -1
46 0 L 7
47 0 L 4
48 1 L 33
49 0 L 30
50 0 L 33
51 0 U 6
52 0 L 19
53 1 L 18
54 1 U 31
55 0 U 48
56 1 L 28
57 0 L 48
58 1 U -1
59 1 U 38
60 0 L 21
61 0 L 14
62 1 L 17
63 1 U 29
64 1 L 57
65 0 L -1
66 1 U -1
67 0 U 59
68 1 U 56
69 1 L 25
70 0 U 12
71 1 L 30
72 1 U 70
73 1 U 72
74 1 L 62
75 1 L 45
76
0 0 L -1
1 1 L -1
2 0 U -1
3 0 L -1
4 1 L 0
5 0 U -1
6 0 L 2
7 0 U 1
8 0 L 4
9 0 U 0
10 0 L 7
11 0 U -1
12 1 L -1
13 0 U 2
14 1 L 11
15 1 U -1
16 1 U 4
17 0 L -1
18 1 L 9
19 1 U 3
20 0 L 10
21 0 U 15
22 1 L 4
23 1 U -1
24 1 U -1
25 0 U 24
26 0 U -1
27 0 L 18
28 1 L 17
29 1 U 21
30 0 L 20
31 0 L 27
32 0 L 14
33 1 L 22
34 0 U -1
35 1 U 26
36 0 L 10
37 0 L 11
38 1 L 32
39 1 L 32
40 1 L 37
41 0 L 17
42 0 U 5
43 1 L 15
44 1 L 25
45 0 L -1
46 1 L 7
47 0 L 45
48 1 L 33
49 0 L 30
50 0 L 33
51 0 U 35
52 0 L 48
53 0 L 20
54 1 U 31
55 0 U 48
56 1 L 28
57 0 L 48
58 1 U -1
59 1 U 53
60 0 L 6
61 1 L 37
62 1 L 45
63 1 L 42
64 0 L 46
65 0 L -1
66 1 L 25
67 0 U 59
68 1 U 56
69 1 L 21
70 0 U 12
71 1 L 18
72 1 U 36
73 1 U 38
74 1 L 62
75 1 L 65
76
0 0 L -1
1 1 L -1
2 0 U -1
3 0 L -1
4 1 L 0
5 0 U -1
6 0 L 2
7 0 U 1
8 0 L 4
9 0 U 0
10 0 L 7
11 0 U -1
12 1 L -1
13 1 U 9
14 1 L 11
15 1 U -1
16 1 U 4
17 0 L -1
18 1 L 9
19 0 U 3
20 0 L 10
21 0 U 9
22 1 L 4
23 0 U -1
24 1 U -1
25 0 U 24
26 0 U -1
27 0 L 18
28 1 L 17
29 1 U 5
30 0 L 20
31 1 L 27
32 0 L 14
33 1 L 22
34 0 U -1
35 1 U 26
36 0 L 19
37 0 L 11
38 1 L 32
39 0 L 32
40 1 L 37
41 0 L 0
42 0 L -1
43 0 L 31
44 0 L 18
45 1 L -1
46 1 L 7
47 0 L 0
48 1 L 33
49 0 L 30
50 0 L 8
51 0 U 43
52 1 L 13
53 0 L 20
54 1 U 31
55 0 U 49
56 1 L 28
57 0 L 48
58 1 U -1
59 1 U 53
60 0 L 6
61 0 L 37
62 1 L 3
63 1 U 23
64 0 L 9
65 0 L -1
66 1 L 0
67 0 U 59
68 1 U 56
69 1 L 40
70 0 U 12
71 1 L 18
72 0 U 36
73 1 U 38
74 1 L 62
75 1 U 10
76
0 0 L -1
1 1 L -1
2 0 U -1
3 0 L -1
4 1 L 0
5 0 U -1
6 0 L 2
7 0 U 1
8 0 L 4
9 0 U 0
10 0 L 7
11 0 U -1
12 1 L -1
13 1 U 2
14 1 L 11
15 1 U -1
16 1 U 4
17 0 L -1
18 1 L 9
19 0 U 10
20 0 L 10
21 0 U 9
22 1 L 4
23 1 U -1
24 1 U -1
25 0 U 24
26 0 U -1
27 0 L 18
28 1 L 17
29 1 U 26
30 0 L 20
31 1 L 27
32 0 L 14
33 1 L 22
34 0 U -1
35 1 U 26
36 0 L 19
37 0 L 11
38 1 L 32
39 0 L 32
40 1 L 37
41 0 L 0
42 0 L 9
43 0 L 31
44 0 L 18
45 1 L -1
46 1 L 41
47 0 L 17
48 1 L 33
49 0 L 30
50 0 L 8
51 0 U 1
52 0 L 48
53 0 L 20
54 1 U 28
55 0 U 49
56 1 L 28
57 0 L 48
58 1 U -1
59 1 U 53
60 0 L 14
61 0 L 30
62 1 L 45
63 1 U 24
64 1 L 57
65 0 L -1
66 1 L 27
67 0 U 59
68 1 U 56
69 1 L 27
70 0 U 51
71 1 L 18
72 1 U 36
73 1 U 41
74 1 L 62
75 1 U 10
76
0 0 L -1
1 1 L -1
2 0 U -1
3 0 L -1
4 1 L 0
5 0 U -1
6 0 L 2
7 0 U 6
8 0 L 4
9 0 U 0
10 0 L 7
11 0 U -1
12 1 L -1
13 0 U 9
14 1 L 11
15 1 U -1
16 1 U 4
17 0 L -1
18 1 L 9
19 0 U 10
20 0 L 10
21 1 L 9
22 1 L 4
23 1 U -1
24 1 U -1
25 0 U 24
26 0 U -1
27 0 L 18
28 1 L 17
29 1 U 26
30 0 L 20
31 1 L 27
32 0 L 14
33 1 L 22
34 0 U -1
35 1 U 26
36 1 L 15
37 1 L 11
38 1 L 32
39 0 L 32
40 1 L 37
41 0 L 0
42 0 L 7
43 0 L 31
44 0 L 20
45 1 L -1
46 1 L 41
47 0 L 4
48 1 L 33
49 1 L 30
50 0 L 6
51 0 U 7
52 0 L 48
53 0 L 20
54 1 U 28
55 0 U 49
56 0 L 28
57 0 L 48
58 1 U -1
59 1 U 47
60 1 L 52
61 0 L 30
62 1 L 3
63 1 U 24
64 1 L 57
65 0 L -1
66 1 L 65
67 0 U 59
68 1 U 56
69 1 L 27
70 0 U 51
71 1 L 18
72 1 U 70
73 1 U 72
74 1 L 62
75 1 U 10
76
0 0 U -1
1 1 L -1
2 0 U -1
3 0 L -1
4 1 L 0
5 0 U -1
6 0 L 4
7 0 U 6
8 0 L 4
9 0 U 0
10 0 L 7
11 0 U -1
12 1 L -1
13 0 U 2
14 1 L 11
15 0 U -1
16 1 U 4
17 0 L -1
18 1 L 9
19 1 U 10
20 0 L 10
21 1 L 19
22 1 L 4
23 0 U -1
24 1 U -1
25 0 U 24
26 0 U -1
27 0 L 18
28 1 L 17
29 1 U 26
30 0 L 20
31 1 L 27
32 0 L 14
33 1 L 22
34 0 U -1
35 1 U 26
36 0 L 10
37 1 L 11
38 1 L 32
39 0 L 32
40 1 L 18
41 0 L 0
42 0 L 5
43 0 L 31
44 0 L 20
45 1 L -1
46 1 L 41
47 0 L 4
48 1 L 33
49 1 L 37
50 0 L 8
51 0 U 1
52 0 L 48
53 1 L 20
54 1 U 28
55 0 U 49
56 1 L 28
57 0 L 50
58 1 U -1
59 1 U 47
60 1 L 52
61 0 L 10
62 1 L 17
63 1 U 14
64 1 L 57
65 0 L -1
66 1 L 65
67 0 U 59
68 1 U 56
69 1 L 24
70 0 U 8
71 1 L 18
72 0 U 70
73 1 U 72
74 1 L 28
75 1 U 58
76
0 0 L -1
1 1 L -1
2 0 U -1
3 0 L -1
4 1 L 0
5 0 U -1
6 0 L 4
7 0 U 6
8 0 L 4
9 0 U 0
10 0 L 7
11 0 U -1
12 1 L -1
13 1 U 2
14 1 L 11
15 0 U -1
16 1 U 4
17 0 L -1
18 1 L 9
19 1 U 10
20 0 L 10
21 1 L 19
22 1 L 4
23 0 U -1
24 1 U -1
25 0 U 24
26 0 U -1
27 1 L 18
28 1 L 17
29 1 U 26
30 0 L 20
31 1 L 24
32 0 L 14
33 1 L 22
34 0 U -1
35 1 U 26
36 0 L 9
37 0 L 11
38 1 L 32
39 0 L 32
40 1 L 18
41 0 L 0
42 0 L 7
43 0 L 31
44 1 L 20
45 1 L -1
46 1 L 41
47 0 L 4
48 1 L 41
49 1 L 37
50 0 L 41
51 0 U 43
52 0 L 48
53 0 L 7
54 1 U 31
55 0 U 45
56 1 L 28
57 0 L 50
58 1 U -1
59 1 U 47
60 1 L 52
61 0 L 57
62 1 L 3
63 1 L 24
64 1 L 57
65 0 L -1
66 1 L 22
67 0 U 46
68 1 U 56
69 1 L 16
70 0 U 8
71 1 L 18
72 1 U 70
73 1 U 72
74 1 L 28
75 1 U 5
76
0 0 U -1
1 1 L -1
2 0 U -1
3 0 L -1
4 1 L 0
5 0 U -1
6 0 L 2
7 0 U 6
8 0 L 4
9 0 U 0
10 0 L 7
11 0 U -1
12 1 L -1
13 0 U 2
14 1 L 11
15 0 U -1
16 1 U 4
17 0 L -1
18 1 L 9
19 0 U 10
20 0 L 10
21 1 L 10
22 1 L 4
23 1 U -1
24 1 U -1
25 0 U 24
26 0 U -1
27 1 L 18
28 1 L 17
29 1 U 26
30 0 L 20
31 1 L 24
32 0 L 14
33 1 L 22
34 0 U -1
35 1 U 26
36 1 L 34
37 0 L 10
38 1 L 32
39 0 L 32
40 1 L 18
41 0 L 0
42 0 L 18
43 0 L 31
44 0 L 20
45 1 L -1
46 1 L 41
47 0 L 45
48 1 L 41
49 0 L 37
50 0 L 7
51 0 U 43
52 0 L 48
53 0 U 35
54 1 U 31
55 0 U 52
56 1 L 28
57 0 L 50
58 1 U -1
59 1 U 15
60 1 L 56
61 0 L 57
62 1 L 45
63 0 L 4
64 1 L 57
65 0 L -1
66 0 L 5
67 0 U 42
68 1 U 56
69 1 L 65
70 0 U 29
71 1 L 44
72 1 U 70
73 1 U 38
74 0 L 28
75 0 U 5
76
0 0 L -1
1 1 L -1
2 0 U -1
3 0 L -1
4 1 L 0
5 0 U -1
6 0 L 4
7 0 U 6
8 0 L 4
9 0 U 0
10 0 L 7
11 0 U -1
12 1 L -1
13 1 U 2
14 1 L 11
15 0 U -1
16 1 U 4
17 0 L -1
18 1 L 9
19 1 U 3
20 0 L 10
21 1 L 19
22 1 L 4
23 1 U -1
24 1 U -1
25 0 U 24
26 0 U -1
27 1 L 18
28 1 L 17
29 1 U 26
30 0 L 20
31 1 L 24
32 0 L 21
33 1 L 22
34 0 U -1
35 1 U 13
36 1 L 34
37 1 L 9
38 1 L 32
39 0 L 32
40 1 L 37
41 0 L 0
42 0 L 18
43 0 L 0
44 0 L 20
45 1 L -1
46 1 L 41
47 0 U 44
48 1 L 41
49 0 L 37
50 0 L 7
51 0 U 1
52 0 L 48
53 0 U 6
54 1 U 31
55 0 U 47
56 1 L 28
57 0 L 48
58 1 U -1
59 1 U 15
60 1 L 22
61 0 L 57
62 1 L 0
63 0 L 4
64 0 L 57
65 0 L -1
66 0 L 5
67 0 U 42
68 1 U 61
69 1 L 65
70 0 U 51
71 1 L 49
72 0 U 70
73 1 U 42
74 0 L 28
75 0 U 5
76
0 0 U -1
1 1 L -1
2 0 U -1
3 0 L -1
4 1 L 0
5 0 U -1
6 0 L 4
7 0 U 6
8 0 L 4
9 0 U 0
10 0 L 7
11 0 U -1
12 1 L -1
13 1 U 2
14 1 L 11
15 0 U -1
16 1 U 4
17 0 L -1
18 1 L 9
19 1 U 3
20 0 L 10
21 1 L 19
22 1 L 4
23 0 U -1
24 1 U -1
25 0 U 24
26 0 U -1
27 1 L 18
28 1 L 17
29 1 U 5
30 0 L 20
31 1 L 27
32 0 L 21
33 1 L 15
34 0 U -1
35 1 U 26
36 1 U 12
37 0 L 10
38 1 L 32
39 0 L 32
40 1 L 37
41 0 L 0
42 0 L 20
43 0 L 0
44 0 L 20
45 1 L -1
46 1 L 41
47 0 U 44
48 1 L 41
49 0 L 37
50 0 L 7
51 0 U 1
52 0 L 48
53 0 L 44
54 1 U 31
55 0 U 47
56 0 L 28
57 0 L 48
58 1 U -1
59 1 U 15
60 1 L 22
61 0 L 57
62 1 L 3
63 0 L 4
64 0 L 57
65 0 L -1
66 1 L 49
67 0 U 42
68 1 U 61
69 1 L 65
70 0 U 51
71 1 L 49
72 1 U 70
73 1 U 42
74 0 L 28
75 0 L 5
76
0 0 U -1
1 1 L -1
2 0 U -1
3 0 L -1
4 1 L 0
5 0 U -1
6 0 L 4
7 0 U 6
8 0 L 4
9 0 U 0
10 0 L 7
11 0 U -1
12 1 L -1
13 1 U 9
14 1 L 11
15 0 U -1
16 1 U 4
17 0 L -1
18 1 L 9
19 1 U 3
20 0 L 10
21 1 L 19
22 1 L 4
23 0 U -1
24 1 U -1
25 0 U 24
26 0 U -1
27 1 L 18
28 1 L 17
29 0 U 5
30 0 L 20
31 1 L 27
32 0 L 21
33 1 L 22
34 0 U -1
35 0 U 3
36 0 U 15
37 1 L 10
38 1 L 32
39 0 L 32
40 1 L 30
41 0 L 0
42 0 L 20
43 0 L 0
44 0 L 20
45 1 L -1
46 1 L 41
47 0 U 44
48 1 L 41
49 0 L 37
50 0 L 7
51 1 U 1
52 0 L 48
53 0 L 17
54 1 U 31
55 0 U 47
56 1 L 28
57 0 L 50
58 1 U -1
59 0 U 11
60 1 L 22
61 0 L 57
62 1 L 3
63 0 L 4
64 1 L 57
65 0 L -1
66 1 L 49
67 1 L 40
68 1 U 61
69 1 L 66
70 0 U 13
71 1 L 15
72 0 U 20
73 1 U 42
74 0 L 28
75 1 L 5
76
0 0 L -1
1 1 L -1
2 0 U -1
3 0 L -1
4 1 L 0
5 0 U -1
6 0 L 4
7 0 U 6
8 0 L 4
9 0 U 0
10 0 L 7
11 0 U -1
12 1 L -1
13 1 U 9
14 1 L 11
15 0 U -1
16 1 U 4
17 0 L -1
18 1 L 9
19 1 U 3
20 0 L 10
21 1 L 19
22 1 L 4
23 0 U -1
24 1 U -1
25 0 U 24
26 0 U -1
27 1 L 18
28 1 L 17
29 1 U 5
30 0 L 20
31 0 L 27
32 0 L 21
33 1 L 20
34 0 U -1
35 0 U 7
36 0 U 15
37 1 L 10
38 1 L 32
39 0 L 32
40 1 L 15
41 0 L 0
42 1 L 24
43 0 L 0
44 1 L 20
45 1 L -1
46 1 L 41
47 0 U 44
48 1 L 41
49 0 L 37
50 0 L 7
51 1 U 1
52 0 L 48
53 0 L 17
54 1 U 31
55 0 U 47
56 1 L 28
57 0 L 50
58 1 U -1
59 0 U -1
60 1 L 56
61 0 L 57
62 1 L 3
63 0 L 62
64 1 L 57
65 0 L -1
66 1 L 49
67 0 U 40
68 1 U 61
69 1 L 66
70 0 U 13
71 1 L 64
72 0 U 20
73 1 U 72
74 0 L 28
75 1 L 74
76
0 0 L -1
1 1 L -1
2 0 U -1
3 0 L -1
4 1 L 0
5 0 U -1
6 0 L 2
7 0 U 6
8 0 L 4
9 0 U 0
10 0 L 7
11 0 U -1
12 1 L -1
13 1 U 2
14 1 L 11
15 0 U -1
16 1 U 4
17 0 L -1
18 1 L 9
19 1 U 3
20 0 L 10
21 1 L 19
22 1 L 4
23 0 U -1
24 1 U -1
25 0 U 24
26 0 U -1
27 1 L 18
28 1 L 17
29 0 U 5
30 0 L 20
31 1 L 27
32 0 L 21
33 1 L 20
34 0 U -1
35 0 U 7
36 0 U 15
37 1 L 10
38 1 L 32
39 0 L 32
40 1 L 30
41 0 L 0
42 1 L 24
43 0 L 0
44 0 L 33
45 1 L -1
46 1 L 41
47 0 U 44
48 1 L 41
49 0 L 37
50 0 L 7
51 1 U 1
52 0 L 48
53 0 L 45
54 1 U 17
55 0 U 49
56 1 L 28
57 0 L 48
58 1 U -1
59 0 U -1
60 1 L 56
61 0 L 57
62 1 L 16
63 0 L 62
64 0 L 57
65 0 L -1
66 1 L 49
67 1 L 40
68 1 U 61
69 1 L 66
70 0 U 13
71 1 L 64
72 0 U 51
73 1 U 72
74 0 L 28
75 1 L 74
76
0 0 L -1
1 1 L -1
2 0 U -1
3 0 L -1
4 1 L 0
5 0 U -1
6 0 L 2
7 0 U 6
8 0 L 4
9 0 U 0
10 0 L 7
11 0 U -1
12 1 L -1
13 1 U 2
14 1 U 11
15 0 U -1
16 1 U 4
17 0 L -1
18 1 L 9
19 1 U 10
20 0 L 10
21 1 L 19
22 1 L 4
23 1 U -1
24 1 U -1
25 0 U 24
26 0 U -1
27 0 L 18
28 1 L 17
29 1 U 13
30 0 L 20
31 1 L 27
32 0 L 21
33 1 L 20
34 0 U -1
35 0 U 7
36 1 U 18
37 1 L 10
38 1 L 32
39 0 L 32
40 1 L 33
41 0 L 0
42 0 U 28
43 0 L 0
44 0 L 30
45 1 L -1
46 1 L 41
47 0 U 13
48 1 L 41
49 0 L 37
50 0 L 7
51 1 U 1
52 0 L 48
53 0 L 45
54 0 U 17
55 0 U 49
56 1 L 28
57 0 L 50
58 1 U -1
59 0 U -1
60 1 L 56
61 0 L 57
62 1 L 16
63 0 L 62
64 0 L 57
65 0 L -1
66 1 L 49
67 1 U 40
68 1 U 61
69 1 L 66
70 0 U 24
71 1 L 64
72 1 U 51
73 1 U 72
74 0 L 28
75 0 L 74
76
0 0 L -1
1 1 L -1
2 0 U -1
3 0 L -1
4 1 L 0
5 0 U -1
6 0 L 2
7 0 U 6
8 0 L 4
9 0 U 0
10 0 L 7
11 0 U -1
12 1 L -1
13 1 U 2
14 1 U 11
15 0 U -1
16 1 U 4
17 0 L -1
18 1 L 9
19 1 U 10
20 0 L 10
21 1 L 19
22 1 L 4
23 1 U -1
24 1 U -1
25 0 U 24
26 0 U 0
27 0 L 18
28 1 L 17
29 1 U 13
30 0 L 20
31 1 L 27
32 0 L 21
33 1 L 20
34 0 U -1
35 0 U 7
36 1 U 25
37 1 L 9
38 1 L 32
39 0 L 32
40 1 L 33
41 0 L 0
42 0 U 28
43 0 L 0
44 0 L 20
45 1 L -1
46 1 L 41
47 0 U 22
48 1 L 41
49 1 L 37
50 0 L 7
51 1 U 6
52 0 L 48
53 1 L 50
54 0 U 33
55 0 U 49
56 1 L 28
57 0 L 50
58 1 U -1
59 0 U -1
60 1 L 56
61 0 L 57
62 1 L 45
63 0 L 62
64 1 L 57
65 0 L -1
66 1 L 49
67 1 U 40
68 1 U 61
69 1 L 66
70 0 U 24
71 1 L 64
72 0 U 51
73 1 U 72
74 0 L 28
75 1 L 74
76
0 0 L -1
1 1 L -1
2 0 U -1
3 0 L -1
4 1 L 0
5 0 U -1
6 0 L 4
7 0 U 6
8 0 L 4
9 0 U 0
10 0 L 7
11 0 U -1
12 1 L -1
13 1 U 9
14 1 U 11
15 0 U -1
16 1 U 4
17 0 L -1
18 1 L 9
19 1 U 10
20 0 L 10
21 1 L 19
22 1 L 4
23 0 U -1
24 1 U -1
25 0 U 24
26 0 U 11
27 0 L 18
28 1 L 17
29 1 U 5
30 0 L 20
31 1 L 27
32 0 L 21
33 1 L 20
34 0 U -1
35 0 U 6
36 0 U 5
37 0 L 9
38 1 L 32
39 0 L 32
40 1 L 30
41 0 L 17
42 0 L 9
43 0 L 17
44 0 L 20
45 0 L -1
46 1 L 7
47 0 U 22
48 1 L 41
49 1 L 37
50 0 L 7
51 1 U 1
52 0 L 48
53 1 L 50
54 0 U 33
55 0 U 49
56 1 L 4
57 0 L 50
58 1 U -1
59 0 U 25
60 1 L 56
61 0 L 57
62 1 L 45
63 0 L 62
64 0 L 57
65 0 L -1
66 1 L 49
67 1 L 66
68 1 U 61
69 1 L 66
70 0 U 24
71 1 L 66
72 1 U 51
73 1 U 72
74 0 L 28
75 1 L 0
76
0 0 L -1
1 1 L -1
2 0 U -1
3 0 L -1
4 1 L 0
5 0 U -1
6 0 L 2
7 0 U 6
8 0 L 4
9 0 U 0
10 0 L 7
11 0 U -1
12 1 L -1
13 0 U 2
14 1 U 11
15 0 U -1
16 1 U 4
17 0 L -1
18 1 L 9
19 1 U 10
20 0 L 10
21 1 L 19
22 1 L 4
23 1 U -1
24 1 U -1
25 0 U 24
26 0 U 11
27 0 L 18
28 1 L 17
29 1 U 5
30 0 L 20
31 1 L 27
32 0 L 21
33 1 L 22
34 0 U -1
35 0 U 1
36 0 U 13
37 1 L 9
38 1 L 23
39 0 L 32
40 1 L 15
41 0 L 17
42 1 L 20
43 1 L 35
44 0 L 20
45 0 L -1
46 1 L 7
47 0 U 22
48 1 L 41
49 1 L 37
50 0 L 7
51 1 U 26
52 0 L 48
53 1 L 20
54 0 U 22
55 0 U 49
56 0 L 4
57 0 L 13
58 1 U -1
59 0 U -1
60 1 L 6
61 0 L 57
62 1 U 17
63 0 L 3
64 0 L 57
65 0 L -1
66 1 L 49
67 0 L 3
68 1 U 61
69 1 L 66
70 0 U 24
71 1 L 66
72 1 U 4
73 1 U 72
74 0 L 28
75 1 L 0
76
0 0 L -1
1 1 L -1
2 0 U -1
3 0 L -1
4 1 L 0
5 0 U -1
6 0 L 2
7 0 U 6
8 0 L 4
9 0 U 0
10 0 L 7
11 0 U -1
12 1 L -1
13 0 U 2
14 1 U 11
15 0 U -1
16 1 U 4
17 0 L -1
18 1 L 9
19 1 U 3
20 0 L 10
21 1 L 19
22 1 L 4
23 1 U -1
24 1 U -1
25 0 U 24
26 0 U 0
27 0 L 18
28 1 L 17
29 1 U 5
30 0 L 20
31 1 L 27
32 0 L 21
33 1 L 24
34 0 U -1
35 0 U 34
36 1 U 17
37 1 L 9
38 1 L 23
39 0 L 32
40 1 L 15
41 0 L 17
42 1 L 37
43 1 L 6
44 0 L 37
45 1 L -1
46 1 L 7
47 1 U 12
48 1 L 41
49 1 L 37
50 0 L 7
51 1 U 26
52 0 L 48
53 1 L 8
54 0 U 22
55 0 U 49
56 1 L 45
57 0 L 13
58 1 U -1
59 0 U -1
60 1 U 6
61 0 L 57
62 1 U 37
63 0 L 0
64 0 L 57
65 0 L -1
66 1 L 49
67 1 L 45
68 1 U 61
69 1 L 66
70 0 U 15
71 1 L 44
72 1 U 51
73 1 U 72
74 1 L 28
75 0 L 8
76
0 0 L -1
1 1 L -1
2 0 U -1
3 0 L -1
4 1 L 0
5 0 U -1
6 0 L 2
7 0 U 6
8 0 L 4
9 0 U 0
10 0 L 7
11 0 U -1
12 1 L -1
13 0 U 2
14 1 U 11
15 0 U -1
16 1 U 4
17 0 L -1
18 1 L 9
19 1 U 3
20 0 L 10
21 1 L 19
22 1 L 4
23 1 U -1
24 1 U -1
25 0 U 24
26 0 U 0
27 0 L 18
28 1 L 17
29 1 U 13
30 0 L 20
31 1 L 27
32 0 L 21
33 0 L 24
34 0 U -1
35 0 U 34
36 1 L 22
37 1 L 9
38 1 L 23
39 0 L 32
40 1 L 15
41 0 L 17
42 1 L 37
43 1 L 6
44 0 L 37
45 0 L -1
46 1 L 7
47 1 U 12
48 1 L 41
49 1 L 37
50 0 L 7
51 1 U 26
52 0 L 48
53 0 L 40
54 0 U 42
55 0 U 49
56 0 L 45
57 0 L 13
58 1 U -1
59 0 U -1
60 1 U 6
61 0 L 57
62 1 U 37
63 0 L 0
64 0 L 57
65 0 L -1
66 1 L 49
67 1 L 0
68 1 U 61
69 1 L 66
70 0 U 15
71 1 L 44
72 0 U 51
73 1 U 72
74 1 L 28
75 1 L 36
76
0 0 U -1
1 1 L -1
2 0 U -1
3 0 L -1
4 1 L 0
5 0 U -1
6 0 L 2
7 0 U 6
8 0 L 4
9 0 U 0
10 0 L 7
11 0 U -1
12 1 L -1
13 0 U 2
14 1 U 11
15 0 U -1
16 1 U 4
17 0 L -1
18 1 L 9
19 1 U 3
20 0 L 10
21 1 L 19
22 1 L 4
23 1 U -1
24 1 U -1
25 0 U 24
26 0 U 0
27 0 L 18
28 1 L 17
29 1 U 13
30 0 L 20
31 1 L 27
32 0 L 21
33 1 L 24
34 0 U -1
35 0 U 34
36 1 L 31
37 1 L 9
38 1 L 23
39 0 L 32
40 1 L 15
41 0 L 17
42 1 U 1
43 1 L 6
44 0 L 37
45 0 L -1
46 1 L 7
47 1 U 12
48 1 L 41
49 1 L 37
50 0 L 7
51 1 U 26
52 0 L 48
53 0 L 40
54 0 U 37
55 0 U 49
56 0 L 17
57 0 L 13
58 1 U -1
59 0 U -1
60 1 U 6
61 0 L 57
62 1 U 37
63 0 L 3
64 1 L 57
65 0 L -1
66 1 L 49
67 0 L 0
68 1 U 61
69 1 L 66
70 0 U 24
71 1 L 44
72 0 U 51
73 1 U 72
74 0 L 65
75 1 L 41
76
0 0 L -1
1 1 L -1
2 0 U -1
3 0 L -1
4 1 L 0
5 0 U -1
6 0 L 4
7 0 U 6
8 0 L 4
9 0 U 0
10 0 L 7
11 0 U -1
12 1 L -1
13 0 U 2
14 1 U 11
15 0 U -1
16 1 U 4
17 0 L -1
18 1 L 9
19 1 U 3
20 0 L 10
21 1 L 19
22 1 L 4
23 1 U -1
24 1 U -1
25 0 U 24
26 0 U 0
27 0 L 18
28 1 L 17
29 1 U 13
30 0 L 20
31 1 L 27
32 0 L 21
33 0 L 24
34 0 U -1
35 0 U 1
36 1 L 22
37 0 L 9
38 1 L 23
39 0 L 32
40 1 L 30
41 0 L 17
42 1 U -1
43 1 U 6
44 0 L 37
45 0 L -1
46 1 L 7
47 0 U 33
48 1 L 7
49 1 L 37
50 0 L 7
51 1 U 26
52 0 L 48
53 0 L 40
54 0 U 37
55 0 U 49
56 0 L 17
57 0 L 13
58 1 U -1
59 0 U -1
60 1 L 22
61 0 L 57
62 1 U 22
63 0 L 0
64 0 L 57
65 0 L -1
66 1 L 49
67 0 L 0
68 1 U 61
69 1 L 66
70 0 U 14
71 1 L 44
72 0 U 51
73 1 U 72
74 0 L 65
75 0 L 8
76
0 0 U -1
1 1 L -1
2 0 U -1
3 0 L -1
4 1 L 0
5 0 U -1
6 0 L 4
7 0 U 6
8 0 L 4
9 0 U 0
10 0 L 7
11 0 U -1
12 1 L -1
13 0 U 2
14 1 U 11
15 0 U -1
16 1 U 4
17 0 L -1
18 1 L 9
19 1 U 3
20 0 L 10
21 1 L 19
22 1 L 4
23 1 U -1
24 1 U -1
25 0 U 24
26 0 U 0
27 0 L 18
28 1 L 17
29 1 U 13
30 0 L 20
31 1 L 27
32 0 L 21
33 0 L 24
34 0 U -1
35 0 U 1
36 1 L 22
37 1 L 9
38 1 L 23
39 0 L 32
40 1 L 30
41 0 L 3
42 0 U 34
43 1 L 26
44 0 L 37
45 0 L -1
46 1 L 7
47 0 U 33
48 1 L 7
49 1 L 37
50 0 L 7
51 1 U 1
52 0 L 48
53 0 L 22
54 0 U 33
55 0 U 49
56 1 L 17
57 0 L 13
58 0 U -1
59 0 U 7
60 1 L 22
61 0 L 57
62 1 U 33
63 0 L 0
64 0 L 57
65 1 L -1
66 1 L 49
67 0 U 0
68 1 U 61
69 1 L 66
70 0 U 34
71 1 L 64
72 0 U 51
73 1 U 72
74 1 L 65
75 0 L 22
