82
0 0 U -1
1 0 U -1
2 0 U -1
3 0 U -1
4 0 U -1
5 0 U -1
6 0 U -1
7 0 U -1
8 0 U -1
9 0 U -1
10 0 U -1
11 0 U -1
12 0 U -1
13 0 U -1
14 0 U -1
15 0 U -1
16 0 U -1
17 0 U -1
18 0 U -1
19 0 U -1
20 0 U -1
21 0 U -1
22 0 U -1
23 0 U -1
24 0 U -1
25 0 U -1
26 0 U -1
27 0 U -1
28 0 U -1
29 0 U -1
30 0 U -1
31 0 U -1
32 0 U -1
33 0 U -1
34 0 U -1
35 0 U -1
36 0 U -1
37 0 U -1
38 0 U -1
39 0 U -1
40 0 U -1
41 0 U -1
42 0 U -1
43 0 U -1
44 0 U -1
45 0 U -1
46 0 U -1
47 0 U -1
48 0 U -1
49 0 U -1
50 0 U -1
51 0 U -1
52 0 U -1
53 0 U -1
54 0 U -1
55 0 U -1
56 0 U -1
57 0 U -1
58 0 U -1
59 0 U -1
60 0 U -1
61 0 U -1
62 0 U -1
63 0 U -1
64 0 U -1
65 0 U -1
66 0 U -1
67 0 U -1
68 0 U -1
69 0 U -1
70 0 U -1
71 0 U -1
72 0 U -1
73 0 U -1
74 0 U -1
75 0 U -1
76 0 U -1
77 0 U -1
78 0 U -1
79 0 U -1
80 0 U -1
81 0 U -1
82
0 0 L -1
1 0 U -1
2 0 L -1
3 0 U -1
4 0 U 1
5 1 U 2
6 0 U 3
7 0 U -1
8 0 L -1
9 0 U -1
10 0 U -1
11 0 L -1
12 1 U -1
13 1 U 2
14 0 L 7
15 0 U 14
16 0 U 10
17 0 U -1
18 0 U -1
19 0 L 8
20 0 U 4
21 1 U -1
22 0 U 1
23 1 U 22
24 0 L 7
25 1 U 11
26 0 U 2
27 0 U 13
28 0 L 26
29 1 L 22
30 0 U -1
31 0 U 0
32 0 U 31
33 0 L 3
34 0 L 32
35 0 U -1
36 0 U 9
37 0 U 22
38 1 U 32
39 1 U 14
40 1 L 35
41 1 U 18
42 0 L 2
43 1 U 7
44 0 L 17
45 1 U -1
46 0 U -1
47 1 U -1
48 0 U 2
49 1 U 11
50 1 L -1
51 0 L 17
52 0 U 46
53 1 L 30
54 0 L 52
55 1 L 43
56 1 U 38
57 1 L 13
58 1 U 41
59 0 L 34
60 0 L 49
61 0 L 38
62 1 L 44
63 1 U 30
64 0 U -1
65 0 L 18
66 0 U 52
67 0 U 27
68 0 L 16
69 0 L 64
70 0 L 29
71 0 L 62
72 1 L 39
73 0 L -1
74 1 U 41
75 0 L 47
76 0 L 7
77 0 L 7
78 0 L 14
79 0 L 37
80 1 U -1
81 0 L 65
82
0 0 L -1
1 0 U -1
2 0 L -1
3 0 U -1
4 0 U 1
5 0 U 2
6 0 U 3
7 0 U -1
8 1 L -1
9 0 U -1
10 0 U -1
11 0 L -1
12 1 U -1
13 1 U 2
14 0 L 3
15 0 U 14
16 0 L 10
17 0 U -1
18 0 U -1
19 1 L 15
20 0 U 4
21 1 U -1
22 0 U 1
23 0 U 22
24 0 L 7
25 1 U 11
26 0 U 2
27 0 U 13
28 0 L 26
29 0 U 20
30 0 U -1
31 0 U 0
32 1 U 31
33 0 L 6
34 0 L 32
35 0 U -1
36 0 U 12
37 1 U 22
38 1 U 32
39 1 U 14
40 1 L 35
41 0 U 17
42 1 U 24
43 0 U 37
44 0 L 17
45 1 U 25
46 1 U -1
47 1 U 0
48 0 L 30
49 1 U 11
50 1 L -1
51 1 L 8
52 0 U 47
53 1 L 30
54 0 L 29
55 0 U 47
56 0 U 38
57 0 L 55
58 1 U 41
59 1 L 57
60 0 L 49
61 0 L 38
62 1 L 44
63 0 L 30
64 0 U -1
65 1 L 39
66 0 U 46
67 1 U 38
68 0 L 16
69 0 U 64
70 0 U 23
71 0 L 62
72 0 L 65
73 1 U -1
74 1 L 4
75 1 L 60
76 1 L 8
77 0 L 59
78 1 L 10
79 0 U 12
80 0 L -1
81 0 L 65
82
0 0 L -1
1 0 U -1
2 0 L -1
3 0 U -1
4 0 U 1
5 1 U 2
6 0 U 3
7 0 U -1
8 1 L -1
9 0 U -1
10 0 U -1
11 0 L -1
12 0 L -1
13 1 U 2
14 0 L 11
15 0 U 14
16 0 L 10
17 0 U -1
18 0 U -1
19 0 L 3
20 0 U 4
21 1 U -1
22 1 U 1
23 1 U 22
24 0 L 7
25 1 U 11
26 0 U 2
27 0 U 5
28 0 L 5
29 1 U 22
30 0 U -1
31 0 U 0
32 1 U 31
33 1 L 6
34 1 L 32
35 0 L 23
36 0 U 21
37 1 U 31
38 1 U 5
39 0 U 26
40 1 L 37
41 0 U 17
42 0 L 41
43 1 U 14
44 0 L 17
45 0 L 23
46 0 U -1
47 1 U 10
48 0 L 30
49 1 U 15
50 1 L -1
51 1 L 8
52 1 U 41
53 1 L 30
54 0 U 22
55 0 L 4
56 0 U 38
57 0 L 55
58 0 U 41
59 1 L 57
60 1 L 49
61 1 L 38
62 1 L 44
63 0 L 30
64 1 U -1
65 1 L 32
66 0 U 46
67 1 U 38
68 1 L 16
69 1 U 0
70 1 U 27
71 0 L 62
72 0 L 65
73 1 U -1
74 1 L 4
75 1 L 60
76 1 L 8
77 0 L 59
78 0 L 10
79 1 U 37
80 1 L 45
81 1 L 65
82
0 0 L -1
1 0 U -1
2 0 L -1
3 0 U -1
4 0 U 1
5 1 U 2
6 0 U 3
7 0 U -1
8 1 L -1
9 0 U -1
10 0 U -1
11 0 L -1
12 1 L -1
13 1 U 2
14 0 L 11
15 0 U 14
16 0 L 10
17 0 U -1
18 0 U -1
19 1 L 5
20 0 U 4
21 1 U -1
22 1 U 1
23 1 U 18
24 0 L 7
25 1 U 11
26 0 U 2
27 0 U 13
28 0 U 5
29 1 U 3
30 0 U -1
31 0 L 17
32 1 U 31
33 0 L 6
34 1 L 32
35 1 L 23
36 0 U 21
37 1 U 31
38 1 U 5
39 0 U 32
40 1 L 37
41 0 U 17
42 0 U 41
43 1 L 14
44 1 L 17
45 0 L 23
46 1 U -1
47 1 U 10
48 0 L 30
49 1 U 15
50 1 L -1
51 1 L 8
52 1 U 41
53 1 L 30
54 1 U 45
55 1 L 4
56 0 U 14
57 1 L 55
58 1 U 41
59 1 L 57
60 1 L 49
61 0 L 38
62 1 L 44
63 1 L 30
64 0 U -1
65 0 L 32
66 0 U 46
67 1 U 38
68 1 L 16
69 0 U 0
70 1 U 5
71 0 L 62
72 0 L 25
73 1 U 66
74 1 L 61
75 1 L 60
76 1 L 8
77 0 L 55
78 0 L 9
79 1 L 37
80 0 L 45
81 1 L 65
82
0 0 U -1
1 0 U -1
2 0 L -1
3 0 U -1
4 0 U 1
5 1 U 2
6 0 U 3
7 0 U -1
8 1 L -1
9 0 U -1
10 0 U -1
11 0 L -1
12 1 L -1
13 1 U 2
14 0 L 11
15 0 U 14
16 0 L 10
17 0 U -1
18 0 U -1
19 0 L 7
20 1 U 4
21 1 U -1
22 1 U 1
23 1 U 18
24 0 L 7
25 1 U 19
26 0 U 6
27 1 U 13
28 0 U 5
29 1 U 8
30 0 U -1
31 0 L 17
32 1 U 31
33 1 L 4
34 1 L 32
35 0 L 23
36 0 U 21
37 1 U 31
38 1 U 32
39 0 L 18
40 1 L 37
41 0 U 17
42 0 U 23
43 1 U 29
44 0 L 17
45 0 U 37
46 1 U -1
47 1 U 0
48 1 L 34
49 1 U 5
50 1 L -1
51 1 U 11
52 1 U 47
53 1 L 30
54 0 L 5
55 1 L 4
56 0 U 14
57 1 L 55
58 0 U 41
59 1 U 57
60 0 L 49
61 0 L 38
62 0 L 44
63 0 L 30
64 1 U -1
65 0 L 32
66 0 U 46
67 1 U 8
68 1 L 10
69 1 U 3
70 0 U 8
71 0 L 62
72 0 L 25
73 0 U 17
74 1 L 15
75 1 L 60
76 1 L 8
77 0 L 26
78 0 L 9
79 1 L 37
80 1 L 2
81 0 L 65
82
0 0 L -1
1 0 U -1
2 0 L -1
3 0 U -1
4 0 U 1
5 1 U 2
6 0 U 3
7 0 U -1
8 1 L -1
9 0 U -1
10 0 U -1
11 0 L -1
12 0 L -1
13 1 U 2
14 0 L 11
15 0 U 14
16 0 L 10
17 0 U -1
18 0 U -1
19 0 L 7
20 1 U 4
21 1 U -1
22 1 U 1
23 1 U 9
24 0 L 9
25 1 U 19
26 0 U 6
27 1 L 13
28 0 U 5
29 1 U 8
30 0 U -1
31 0 L 29
32 1 U 31
33 1 L 4
34 1 L 32
35 0 L 23
36 0 U 7
37 1 U 31
38 1 U 32
39 1 L 18
40 1 L 37
41 1 U 17
42 0 U 41
43 1 U 20
44 0 L 17
45 1 U 26
46 1 U -1
47 1 U 0
48 1 L 34
49 0 U 5
50 1 L -1
51 1 U 11
52 1 U 47
53 1 L 30
54 0 U 17
55 1 L 4
56 0 U 14
57 1 L 55
58 0 U 41
59 1 U 40
60 1 L 49
61 0 L 38
62 1 L 44
63 1 L 30
64 1 U -1
65 1 L 32
66 0 U 46
67 1 U 8
68 0 L 10
69 1 U 3
70 0 L 6
71 0 L 62
72 1 L 25
73 0 L 65
74 1 L 32
75 1 L 60
76 1 L 8
77 0 L 29
78 0 L 9
79 1 L 37
80 1 L 2
81 1 L 65
82
0 0 L -1
1 0 U -1
2 0 L -1
3 0 U -1
4 0 U 1
5 1 U 2
6 0 U 3
7 0 U -1
8 0 L -1
9 0 U -1
10 0 U -1
11 0 L -1
12 1 L -1
13 1 U 4
14 0 L 11
15 0 U 14
16 0 L 10
17 0 U -1
18 0 U -1
19 1 L 7
20 1 U 4
21 1 U -1
22 1 U 1
23 1 U 2
24 0 L 9
25 1 U 14
26 0 U 6
27 1 L 13
28 0 U 5
29 1 U 8
30 0 U -1
31 0 L 17
32 1 U 31
33 0 L 3
34 1 L 32
35 1 L 13
36 0 U 17
37 1 U 23
38 1 U 32
39 1 L 18
40 1 L 37
41 0 U 10
42 0 U 41
43 0 U 41
44 1 L 29
45 0 U 5
46 0 U -1
47 1 U 0
48 1 L 34
49 0 U 5
50 1 L -1
51 1 U 11
52 1 U 47
53 1 L 30
54 0 L 44
55 1 L 14
56 0 U 14
57 0 L 9
58 0 U 41
59 1 U 40
60 1 L 49
61 0 L 38
62 0 L 44
63 1 L 15
64 1 U -1
65 1 L 32
66 0 U 47
67 1 U 28
68 1 L 10
69 1 U 3
70 0 L 63
71 0 L 62
72 1 L 25
73 1 L 71
74 1 L 32
75 1 L 60
76 1 L 8
77 0 L 24
78 0 L 27
79 0 L 73
80 1 L 2
81 1 L 65
82
0 0 L -1
1 0 U -1
2 0 L -1
3 0 U -1
4 0 U 1
5 1 U 2
6 0 U 3
7 0 U -1
8 0 L -1
9 0 U -1
10 0 U -1
11 0 L -1
12 1 L -1
13 1 U 2
14 0 L 11
15 0 U 14
16 0 L 10
17 0 U -1
18 0 U -1
19 0 L 7
20 0 U 4
21 1 U -1
22 1 U 1
23 1 U 2
24 0 L 9
25 1 U 14
26 0 U 9
27 0 L 10
28 0 U 5
29 1 U 13
30 0 U -1
31 0 L 29
32 1 U 31
33 0 L 14
34 1 L 32
35 1 L 9
36 0 U 17
37 1 U 34
38 1 U 5
39 0 L 31
40 1 L 37
41 1 U 0
42 0 U 41
43 0 U 41
44 1 L 29
45 0 U 8
46 0 U -1
47 1 U 0
48 0 L 34
49 0 U 43
50 1 L -1
51 0 U 11
52 1 U 47
53 1 L 37
54 0 L 26
55 1 L 6
56 0 U 14
57 0 L 9
58 1 U 41
59 1 U 40
60 1 L 49
61 0 L 38
62 0 L 44
63 1 L 15
64 1 U -1
65 1 L 18
66 0 U 47
67 1 U 45
68 1 L 10
69 1 U 3
70 1 L 63
71 0 L 62
72 1 L 25
73 0 L 36
74 1 L 32
75 1 L 60
76 1 L 8
77 0 L 57
78 0 L 10
79 0 L 71
80 1 L 2
81 0 L 65
82
0 0 U -1
1 0 U -1
2 0 L -1
3 0 U -1
4 0 U 1
5 1 U 2
6 0 U 3
7 0 U -1
8 0 L -1
9 0 U -1
10 0 U -1
11 0 L -1
12 1 L -1
13 1 U 7
14 0 L 11
15 0 U 14
16 0 L 10
17 0 U -1
18 0 U -1
19 1 L 18
20 0 U 4
21 1 U -1
22 1 U 1
23 1 U 22
24 0 L 9
25 0 U 14
26 0 U 6
27 0 L 6
28 0 U 5
29 1 U 27
30 0 U -1
31 0 L 29
32 1 U 31
33 0 L 14
34 1 L 32
35 0 L 27
36 0 U 18
37 1 U 26
38 1 U 32
39 1 L 31
40 1 L 37
41 0 U 21
42 0 U 41
43 1 U 31
44 0 L 29
45 0 U 8
46 1 U -1
47 1 U 0
48 0 L 34
49 0 U 32
50 1 L -1
51 1 U 11
52 1 U 47
53 1 L 37
54 0 L 31
55 1 L 6
56 0 U 14
57 0 L 9
58 1 U 41
59 1 U 40
60 1 L 49
61 0 L 38
62 0 L 19
63 1 L 15
64 1 U -1
65 1 L 18
66 0 U 47
67 1 U 45
68 1 L 10
69 1 U 3
70 1 L 44
71 0 L 62
72 1 L 71
73 0 L 36
74 1 L 32
75 1 L 60
76 1 L 8
77 0 L 15
78 0 L 10
79 0 L 48
80 1 L 2
81 0 L 74
82
0 0 L -1
1 0 U -1
2 0 L -1
3 0 U -1
4 0 U 1
5 1 U 2
6 0 U 3
7 0 U -1
8 0 L -1
9 0 U -1
10 0 U -1
11 0 L -1
12 1 L -1
13 1 U 7
14 0 L 11
15 0 U 14
16 0 L 10
17 0 U -1
18 0 U -1
19 1 L 18
20 0 U 4
21 1 U -1
22 1 U 1
23 1 U 22
24 1 L 9
25 1 U 14
26 0 U 6
27 0 L 6
28 1 U 5
29 1 U 13
30 0 U -1
31 0 L 29
32 1 U 31
33 0 L 14
34 1 L 32
35 0 L 27
36 0 U 18
37 1 U 31
38 1 U 32
39 1 L 31
40 1 L 37
41 0 U 21
42 0 U 41
43 0 U 31
44 1 L 29
45 0 U 8
46 1 U -1
47 1 U 0
48 1 L 34
49 0 U 36
50 1 L -1
51 1 U 11
52 1 U 41
53 1 L 37
54 1 L 29
55 1 L 15
56 0 U 14
57 1 L 9
58 0 U 41
59 1 U 40
60 1 L 49
61 0 L 38
62 0 L 19
63 1 L 15
64 1 U -1
65 1 L 18
66 0 U 47
67 1 U 45
68 0 L 10
69 1 U 3
70 0 L 44
71 0 L 62
72 1 L 71
73 0 L 36
74 1 L 32
75 1 L 60
76 1 L 8
77 0 L 15
78 0 L 10
79 1 L 26
80 1 L 2
81 0 L 74
82
0 0 L -1
1 0 U -1
2 0 L -1
3 0 U -1
4 0 U 1
5 1 U 2
6 0 U 3
7 0 U -1
8 0 L -1
9 0 U -1
10 0 U -1
11 0 L -1
12 1 L -1
13 1 U 9
14 0 L 11
15 0 U 14
16 0 L 10
17 0 U -1
18 0 U -1
19 1 L 18
20 0 U 4
21 1 U -1
22 1 U 1
23 1 U 4
24 1 L 9
25 1 U 14
26 0 U 2
27 0 L 14
28 0 U 26
29 0 U 15
30 0 U -1
31 0 L 17
32 1 U 31
33 1 L 14
34 1 L 32
35 1 L 27
36 0 U 18
37 1 U 23
38 1 U 32
39 0 L 32
40 1 L 37
41 0 U 21
42 0 U 41
43 1 L 31
44 1 L 29
45 0 U 13
46 1 U -1
47 1 U 0
48 0 L 34
49 0 U 36
50 1 L -1
51 0 U 11
52 1 U 41
53 1 L 37
54 0 L 29
55 1 L 15
56 0 U 14
57 0 L 9
58 1 U 41
59 1 U 56
60 1 L 49
61 0 L 38
62 0 L 19
63 0 L 6
64 1 U -1
65 1 L 18
66 0 U 4
67 1 U 14
68 0 L 10
69 1 U 16
70 1 L 41
71 0 L 62
72 1 L 71
73 0 L 48
74 1 L 32
75 1 L 60
76 1 L 11
77 1 L 15
78 0 L 10
79 1 L 65
80 0 L 2
81 0 L 65
82
0 0 L -1
1 0 U -1
2 0 L -1
3 0 U -1
4 0 U 1
5 1 U 2
6 0 U 3
7 0 U -1
8 0 L -1
9 0 U -1
10 0 U -1
11 0 L -1
12 1 L -1
13 1 U 7
14 0 L 11
15 0 U 14
16 0 L 10
17 0 U -1
18 0 U -1
19 1 L 18
20 0 U 4
21 1 U -1
22 1 U 18
23 1 U 4
24 1 L 9
25 0 U 14
26 0 U 2
27 0 L 14
28 0 U 13
29 0 U 6
30 0 U -1
31 0 L 28
32 1 U 31
33 0 L 14
34 1 L 32
35 1 L 6
36 0 U 18
37 1 U 31
38 1 U 13
39 1 L 32
40 1 L 37
41 0 U 1
42 1 U 4
43 0 L 31
44 0 L 29
45 0 U 39
46 0 U -1
47 1 U 1
48 0 L 34
49 0 U 36
50 1 L -1
51 0 U 11
52 1 U 41
53 1 L 37
54 0 U 32
55 1 L 15
56 0 U 28
57 1 L 9
58 1 U 41
59 1 U 56
60 1 L 49
61 0 L 53
62 0 L 19
63 0 L 6
64 1 U -1
65 1 L 18
66 0 U 4
67 1 U 14
68 0 L 29
69 0 U 3
70 1 L 14
71 0 L 62
72 1 L 71
73 0 L 48
74 1 L 32
75 1 L 60
76 1 L 11
77 1 L 15
78 1 L 10
79 1 L 65
80 0 L 2
81 0 L 65
82
0 0 L -1
1 0 U -1
2 0 L -1
3 0 U -1
4 0 U 1
5 1 U 2
6 0 U 3
7 0 U -1
8 0 L -1
9 0 U -1
10 0 U -1
11 0 L -1
12 0 L -1
13 1 U 7
14 0 L 11
15 0 U 14
16 0 L 10
17 0 U -1
18 0 U -1
19 1 L 18
20 0 U 4
21 1 U -1
22 1 U 18
23 1 U 4
24 1 L 9
25 0 U 14
26 0 U 2
27 1 L 2
28 0 U 13
29 0 U 9
30 0 U -1
31 0 L 28
32 0 U 31
33 1 L 14
34 1 L 32
35 1 L 6
36 0 U 18
37 1 U 31
38 1 U 13
39 1 L 32
40 1 L 37
41 0 U 18
42 1 U 0
43 1 U 23
44 0 L 29
45 0 U 39
46 0 U -1
47 1 U 1
48 0 L 34
49 0 U 5
50 1 L -1
51 0 U 11
52 1 U 41
53 1 L 37
54 1 L 15
55 1 L 35
56 0 U 45
57 0 L 44
58 0 U 41
59 0 U 9
60 1 L 49
61 0 L 53
62 1 L 34
63 1 L 44
64 1 U -1
65 1 L 18
66 0 U 4
67 1 U 14
68 1 L 29
69 0 U -1
70 1 L 11
71 0 L 62
72 1 L 20
73 0 L 48
74 1 L 32
75 1 L 60
76 1 L 11
77 1 L 15
78 0 L 10
79 1 L 65
80 0 L 35
81 1 L 77
82
0 0 U -1
1 0 U -1
2 0 L -1
3 0 U -1
4 0 U 1
5 1 U 2
6 0 U 3
7 0 U -1
8 0 L -1
9 0 U -1
10 0 U -1
11 0 L -1
12 1 L -1
13 1 U 7
14 0 L 11
15 0 U 14
16 0 L 10
17 0 U -1
18 0 U -1
19 1 L 18
20 0 U 4
21 1 U -1
22 1 U 18
23 1 U 4
24 1 L 5
25 0 U 20
26 0 U 6
27 1 L 14
28 0 U 13
29 0 U 18
30 0 U -1
31 0 L 28
32 0 U 31
33 1 L 14
34 1 L 32
35 0 L 6
36 0 U 18
37 1 U 31
38 1 U 13
39 1 L 32
40 0 L 37
41 0 U 18
42 1 U 29
43 1 U 23
44 0 L 29
45 0 U 39
46 1 U -1
47 1 U 1
48 0 L 34
49 0 U 32
50 0 L -1
51 1 L 11
52 1 U 41
53 1 L 37
54 1 L 19
55 1 L 35
56 0 U 45
57 0 L 44
58 0 U 41
59 0 U 9
60 1 L 49
61 0 L 53
62 0 L 39
63 0 L 44
64 1 U -1
65 1 L 18
66 0 U 4
67 1 U 14
68 1 L 29
69 0 U -1
70 1 L 65
71 0 L 62
72 1 L 20
73 1 L 48
74 1 L 19
75 1 L 60
76 1 L 11
77 1 L 15
78 1 L 10
79 1 L 26
80 0 L 33
81 1 L 77
82
0 0 L -1
1 0 U -1
2 0 L -1
3 0 U -1
4 0 U 1
5 1 U 2
6 0 U 3
7 0 U -1
8 0 L -1
9 0 U -1
10 0 U -1
11 0 L -1
12 0 L -1
13 1 U 7
14 0 L 11
15 0 U 14
16 0 L 10
17 0 U -1
18 0 U -1
19 1 L 18
20 0 U 2
21 0 U -1
22 1 U 18
23 1 U 2
24 1 L 5
25 0 U 20
26 0 U 7
27 0 L 6
28 0 U 13
29 0 U 9
30 0 U -1
31 0 L 28
32 0 U 31
33 1 L 14
34 1 L 32
35 0 L 6
36 0 U 22
37 1 U 27
38 1 U 13
39 1 L 32
40 0 L 37
41 0 U 18
42 1 U 18
43 0 U 22
44 1 L 29
45 0 U 39
46 0 U -1
47 1 U 1
48 0 L 34
49 0 U 36
50 1 L -1
51 1 L 11
52 0 U 41
53 1 L 37
54 0 U 5
55 1 L 35
56 0 U 45
57 1 L 44
58 0 U 41
59 1 L 27
60 1 L 49
61 0 L 53
62 0 L 39
63 0 L 44
64 1 U -1
65 0 L 18
66 0 U 1
67 1 U 32
68 1 L 29
69 0 U -1
70 1 L 52
71 0 L 62
72 1 L 20
73 1 L 72
74 0 L 62
75 1 L 60
76 1 L 11
77 1 L 16
78 1 L 10
79 1 L 26
80 0 L 5
81 1 L 51
82
0 0 L -1
1 0 U -1
2 0 L -1
3 0 U -1
4 0 U 1
5 1 U 2
6 1 U 3
7 0 U -1
8 0 L -1
9 0 U -1
10 0 U -1
11 0 L -1
12 0 L -1
13 1 U 7
14 0 L 11
15 0 U 14
16 0 L 10
17 0 U -1
18 0 U -1
19 1 L 18
20 0 U 2
21 0 U -1
22 1 U 18
23 1 U 2
24 1 L 5
25 0 U 20
26 0 U 7
27 0 L 14
28 0 U 13
29 0 U 5
30 0 U -1
31 0 L 28
32 0 U 31
33 1 L 14
34 1 L 32
35 0 L 6
36 0 U 22
37 1 U 27
38 1 U 5
39 1 L 32
40 0 L 37
41 0 U 18
42 1 U 18
43 0 U 22
44 1 L 29
45 0 U 39
46 1 U -1
47 1 U 1
48 0 L 3
49 0 U 36
50 1 L -1
51 0 L 11
52 0 U 41
53 1 L 37
54 1 U 23
55 1 L 35
56 0 U 45
57 0 L 44
58 0 U 41
59 0 L 57
60 1 L 49
61 0 L 53
62 1 L 39
63 1 L 44
64 1 U -1
65 0 L 18
66 0 U 1
67 1 U 29
68 0 L 23
69 0 U -1
70 0 L 14
71 0 L 62
72 1 L 20
73 0 L 9
74 0 L 62
75 1 L 60
76 1 L 11
77 1 L 16
78 0 L 10
79 0 L 28
80 0 L 5
81 1 L 65
82
0 0 U -1
1 0 U -1
2 0 L -1
3 0 U -1
4 0 U 1
5 1 U 2
6 0 U 3
7 0 U -1
8 1 L -1
9 0 U -1
10 0 U -1
11 0 L -1
12 1 L -1
13 1 U 7
14 0 L 11
15 0 U 14
16 0 L 10
17 0 U -1
18 0 U -1
19 0 L 18
20 0 U 2
21 1 U -1
22 1 U 18
23 1 U 2
24 1 L 5
25 0 U 20
26 0 U 2
27 0 L 6
28 0 U 13
29 0 U 5
30 0 U -1
31 0 L 28
32 0 U 31
33 1 L 3
34 0 L 32
35 0 L 6
36 0 U 22
37 1 U 4
38 1 U 29
39 1 L 32
40 0 L 37
41 1 U 18
42 1 U 9
43 0 U 41
44 0 L 29
45 0 U 39
46 1 U -1
47 1 U 1
48 1 L 39
49 0 U 36
50 0 L -1
51 0 L 11
52 0 U 41
53 1 L 37
54 1 U 7
55 1 L 35
56 0 U 45
57 0 L 5
58 1 U 41
59 1 L 46
60 1 L 49
61 0 L 53
62 1 L 39
63 1 L 44
64 1 U -1
65 0 L 18
66 0 U 1
67 1 U 66
68 1 L 23
69 0 U -1
70 1 L 14
71 0 L 62
72 1 L 20
73 1 L 41
74 0 L 21
75 1 L 60
76 1 L 11
77 1 L 16
78 0 L 10
79 1 L 28
80 0 L 5
81 1 L 65
82
0 0 U -1
1 0 U -1
2 0 L -1
3 0 U -1
4 0 U 1
5 1 U 2
6 0 U 3
7 0 U -1
8 1 L -1
9 0 U -1
10 0 U -1
11 0 L -1
12 1 L -1
13 1 U 7
14 0 L 11
15 0 U 14
16 0 L 10
17 0 U -1
18 0 U -1
19 1 L 18
20 0 U 2
21 1 U -1
22 1 U 18
23 1 U 2
24 1 L 9
25 0 U 20
26 0 U 2
27 0 L 6
28 0 U 13
29 0 U 5
30 0 U -1
31 0 L 28
32 0 U 31
33 0 L 3
34 0 L 32
35 0 L 6
36 0 U 22
37 1 U 20
38 1 U 29
39 1 L 32
40 0 L 37
41 1 U 18
42 1 U 16
43 0 U 41
44 0 L 23
45 0 U 39
46 1 U -1
47 1 U 1
48 0 L 19
49 0 U 36
50 0 L -1
51 1 L 11
52 1 U 41
53 1 L 37
54 1 U 7
55 1 L 35
56 0 U 45
57 0 L 5
58 0 U 41
59 1 L 46
60 0 L 49
61 0 L 53
62 0 L 39
63 0 L 44
64 1 U -1
65 0 L 18
66 0 U 1
67 1 U 66
68 0 L 23
69 1 U -1
70 1 L 14
71 0 L 62
72 1 L 20
73 1 L 41
74 0 L 21
75 1 L 60
76 1 L 11
77 1 L 16
78 1 L 6
79 1 L 10
80 0 L 5
81 1 L 65
82
0 0 U -1
1 0 U -1
2 0 L -1
3 0 U -1
4 0 U 1
5 1 U 2
6 0 U 3
7 0 U -1
8 0 L -1
9 0 U -1
10 0 U -1
11 0 L -1
12 0 L -1
13 1 U 7
14 0 L 11
15 0 U 14
16 0 L 10
17 0 U -1
18 0 U -1
19 1 L 18
20 0 U 2
21 1 U -1
22 1 U 18
23 1 U 9
24 1 L 9
25 0 U 20
26 0 U 1
27 1 L 6
28 0 U 13
29 0 U 5
30 0 U -1
31 0 L 28
32 0 U 31
33 1 L 3
34 0 L 32
35 0 L 33
36 0 U 22
37 1 U 26
38 1 U 29
39 1 L 32
40 0 L 37
41 0 U 18
42 0 L 31
43 0 L 41
44 0 L 23
45 0 U 39
46 1 U -1
47 1 U 10
48 1 L 19
49 0 U 36
50 0 L -1
51 0 L 11
52 1 U 34
53 1 L 37
54 1 U 7
55 1 L 35
56 0 U 45
57 1 L 5
58 0 U 41
59 1 L 46
60 1 L 49
61 0 L 53
62 1 L 39
63 0 L 44
64 1 U -1
65 0 L 18
66 0 U 10
67 1 U 66
68 0 L 23
69 1 U -1
70 0 L 14
71 0 L 62
72 1 L 20
73 0 L 54
74 0 L 21
75 1 L 60
76 1 L 11
77 0 L 27
78 1 L 3
79 1 L 10
80 0 L 5
81 1 L 65
82
0 0 U -1
1 0 U -1
2 0 L -1
3 0 U -1
4 0 U 1
5 1 U 2
6 0 U 3
7 0 U -1
8 1 L -1
9 0 U -1
10 0 U -1
11 0 L -1
12 1 L -1
13 1 U 6
14 0 L 11
15 0 U 13
16 0 L 10
17 0 U -1
18 0 U -1
19 1 L 18
20 0 U 2
21 1 U -1
22 1 U 18
23 1 U 22
24 1 L 9
25 0 U 20
26 0 U 1
27 0 L 16
28 0 U 13
29 1 U 26
30 0 U -1
31 0 L 28
32 0 U 31
33 1 L 3
34 0 L 32
35 1 L 33
36 0 U 22
37 1 U 27
38 1 U 20
39 1 L 32
40 0 L 37
41 1 U 18
42 0 U 31
43 1 U 4
44 0 L 23
45 0 U 39
46 1 U -1
47 1 U 10
48 0 L 32
49 0 U 36
50 0 L -1
51 0 L 11
52 1 U 34
53 1 L 37
54 1 U 7
55 1 L 35
56 0 U 45
57 0 L 5
58 0 U 41
59 1 L 38
60 1 L 49
61 0 L 53
62 1 L 39
63 1 L 44
64 1 U -1
65 0 L 18
66 0 U 10
67 1 U 66
68 0 L 23
69 1 U -1
70 0 L 14
71 0 L 62
72 1 L 20
73 0 L 54
74 0 L 21
75 1 L 60
76 1 L 11
77 0 L 41
78 1 L 3
79 0 L 35
80 0 L 5
81 1 L 65
82
0 0 L -1
1 0 U -1
2 0 L -1
3 0 U -1
4 0 U 1
5 1 U 2
6 0 U 3
7 0 U -1
8 0 L -1
9 0 U -1
10 0 U -1
11 0 L -1
12 0 L -1
13 1 U 6
14 1 L 11
15 0 L 11
16 0 L 10
17 0 U -1
18 0 U -1
19 1 L 18
20 0 U 2
21 1 U -1
22 1 U 18
23 1 U 22
24 1 L 9
25 0 U 20
26 0 U 7
27 0 L 16
28 0 U 13
29 1 U 7
30 0 U -1
31 0 L 28
32 0 U 31
33 1 L 3
34 0 L 32
35 1 L 33
36 0 U 6
37 1 U 27
38 1 U 20
39 1 L 32
40 0 L 37
41 0 U 18
42 0 U 34
43 1 U 4
44 0 L 23
45 0 U 39
46 1 U -1
47 1 U 10
48 1 L 32
49 0 U 36
50 0 L -1
51 0 L 11
52 1 U 29
53 1 L 37
54 1 U 10
55 1 L 35
56 0 U 45
57 0 L 20
58 0 U 41
59 1 L 53
60 1 L 49
61 0 L 53
62 1 L 39
63 0 L 44
64 1 U -1
65 0 L 18
66 0 U 46
67 1 U 66
68 1 L 23
69 1 U -1
70 1 L 26
71 1 L 65
72 1 L 20
73 0 L 54
74 0 L 21
75 1 L 60
76 1 L 11
77 0 L 41
78 1 L 3
79 0 L 35
80 0 L 5
81 1 L 65
82
0 0 U -1
1 0 U -1
2 0 L -1
3 0 U -1
4 0 U 1
5 1 U 2
6 0 U 3
7 0 U -1
8 1 L -1
9 0 U -1
10 0 U -1
11 0 L -1
12 1 L -1
13 1 U 6
14 0 L 11
15 0 L 11
16 0 L 10
17 0 U -1
18 0 U -1
19 1 L 18
20 0 U 2
21 1 U -1
22 1 U 18
23 1 U 22
24 1 L 9
25 0 U 20
26 0 U 7
27 0 L 22
28 0 U 13
29 1 U 7
30 0 U -1
31 0 L 28
32 0 U 31
33 1 L 14
34 0 L 32
35 1 L 33
36 0 U 6
37 1 U 27
38 1 U 20
39 1 L 32
40 0 L 37
41 0 U 1
42 0 U 31
43 1 U 32
44 0 L 23
45 0 U 39
46 1 U -1
47 1 U 10
48 1 L 32
49 0 U 36
50 0 L -1
51 1 L 11
52 1 U 2
53 1 L 37
54 0 U 34
55 1 L 35
56 0 U 45
57 0 L 25
58 0 U 41
59 1 U 1
60 1 L 49
61 0 L 38
62 0 L 39
63 0 L 44
64 1 U -1
65 1 L 18
66 0 U 46
67 1 U 13
68 1 L 23
69 0 U -1
70 0 U 41
71 1 L 9
72 1 L 20
73 1 L 15
74 0 L 21
75 1 L 60
76 1 L 11
77 0 L 55
78 1 L 14
79 1 L 76
80 1 L 5
81 0 L 65
82
0 0 L -1
1 0 U -1
2 0 L -1
3 0 U -1
4 0 U 1
5 1 U 2
6 0 U 3
7 0 U -1
8 1 L -1
9 0 U -1
10 0 U -1
11 0 L -1
12 1 L -1
13 1 U 7
14 0 L 11
15 0 L 11
16 0 L 10
17 0 U -1
18 0 U -1
19 1 L 18
20 0 U 2
21 1 U -1
22 1 U 18
23 1 U 22
24 1 L 9
25 0 U 20
26 0 U 7
27 0 L 22
28 0 U 27
29 1 U 16
30 0 U -1
31 0 L 28
32 0 U 31
33 1 L 14
34 1 L 32
35 0 L 33
36 0 U 6
37 1 U 20
38 1 U 13
39 1 L 32
40 0 L 37
41 0 U 1
42 0 L 31
43 1 L 27
44 0 L 23
45 0 U 39
46 1 U -1
47 1 U 10
48 1 L 32
49 0 U 36
50 0 L -1
51 0 L 11
52 0 U 2
53 1 L 37
54 1 U 4
55 1 L 35
56 0 U 45
57 1 L 51
58 0 U 41
59 0 U 21
60 1 L 49
61 0 L 38
62 0 L 39
63 1 L 44
64 1 U -1
65 1 L 18
66 0 U 46
67 1 U 20
68 1 L 23
69 0 U -1
70 0 L 10
71 1 L 52
72 1 L 20
73 0 L 15
74 0 L 65
75 1 L 60
76 1 L 11
77 1 L 73
78 1 L 14
79 0 L 62
80 0 L 5
81 0 L 65
82
0 0 L -1
1 0 U -1
2 0 L -1
3 0 U -1
4 0 U 1
5 1 U 2
6 0 U 3
7 0 U -1
8 1 L -1
9 0 U -1
10 0 U -1
11 0 L -1
12 1 L 11
13 1 U 6
14 0 L 11
15 0 L 11
16 0 L 10
17 0 U -1
18 0 U -1
19 1 L 18
20 0 U 2
21 1 U -1
22 1 U 18
23 1 U 22
24 1 L 9
25 0 U 20
26 0 U 7
27 0 L 16
28 0 U 20
29 1 U 4
30 0 U -1
31 0 L 28
32 0 U 31
33 0 L 3
34 1 L 32
35 0 L 0
36 0 U 6
37 1 U 32
38 1 U 32
39 1 L 32
40 0 L 36
41 1 U 1
42 0 L 14
43 1 L 25
44 0 L 23
45 0 U 39
46 1 U -1
47 1 U 10
48 1 L 32
49 0 U 27
50 1 L -1
51 1 L 11
52 1 U 2
53 1 L 37
54 0 U 4
55 1 L 3
56 0 U 45
57 1 L 51
58 1 U 2
59 0 U 7
60 1 L 49
61 0 L 38
62 0 L 39
63 1 L 44
64 1 U -1
65 0 L 18
66 0 U 46
67 1 U 20
68 1 L 23
69 0 U -1
70 1 L 22
71 1 L 52
72 1 L 20
73 1 L 13
74 1 L 65
75 1 L 60
76 1 L 35
77 1 L 73
78 1 L 51
79 0 L 37
80 0 L 5
81 0 L 65
82
0 0 L -1
1 0 U -1
2 0 L -1
3 0 U -1
4 0 U 1
5 1 U 2
6 0 U 3
7 0 U -1
8 0 L -1
9 0 U -1
10 0 U -1
11 0 L -1
12 1 L 11
13 1 U 7
14 1 L 11
15 1 L 14
16 0 L 10
17 0 U -1
18 0 U -1
19 1 L -1
20 0 U 2
21 0 U -1
22 1 U 18
23 1 U 22
24 1 L 9
25 0 U 20
26 0 U 7
27 0 L 20
28 0 U 20
29 0 U 25
30 0 U -1
31 0 L 28
32 0 U 31
33 1 L 3
34 1 L 32
35 0 L 0
36 0 U 2
37 1 U 32
38 1 U 32
39 1 L 32
40 0 L 36
41 1 U 7
42 1 U 28
43 1 U 25
44 0 L 23
45 0 U 39
46 1 U -1
47 1 U 10
48 1 L 44
49 0 U 32
50 0 L -1
51 1 L 11
52 1 U 2
53 1 L 37
54 0 U 10
55 1 L 51
56 0 U 45
57 1 L 3
58 0 U 2
59 0 L 5
60 1 L 49
61 0 L 53
62 1 L 39
63 0 L 13
64 1 U -1
65 0 L 18
66 1 U 18
67 1 U 5
68 1 L 23
69 1 U -1
70 0 L 34
71 1 L 52
72 1 L 20
73 0 L 62
74 1 L 34
75 1 L 60
76 1 L 35
77 1 L 73
78 1 L 51
79 1 L 20
80 1 L 5
81 0 L 65
82
0 0 L -1
1 0 U -1
2 0 L -1
3 0 U -1
4 0 U 1
5 1 U 2
6 0 U 3
7 0 U -1
8 0 L -1
9 0 U -1
10 0 U -1
11 0 L -1
12 1 L 11
13 1 U 7
14 0 L 11
15 0 L 14
16 0 L 10
17 0 U -1
18 0 U -1
19 0 L -1
20 0 U 2
21 1 U -1
22 1 U 18
23 1 U 22
24 1 L 9
25 0 U 20
26 0 U 9
27 0 L 20
28 0 U 20
29 1 U 3
30 0 U -1
31 0 L 28
32 0 U 31
33 0 L 3
34 1 L 32
35 0 L 0
36 0 U 2
37 1 U 32
38 1 U 32
39 1 L 32
40 0 L 36
41 0 U 7
42 0 L 28
43 0 L 25
44 1 L 23
45 0 U 39
46 1 U -1
47 1 U 17
48 0 L 44
49 0 U 32
50 1 L -1
51 1 L 11
52 1 U 2
53 1 L 37
54 1 U 10
55 1 L 3
56 0 U 15
57 0 L 7
58 0 U 2
59 0 U 10
60 1 L 49
61 0 L 53
62 1 L 39
63 1 L 13
64 1 U -1
65 0 L 18
66 0 U 18
67 1 U 5
68 0 L 23
69 1 U -1
70 1 L 50
71 1 L 28
72 1 L 20
73 0 L 62
74 0 L 34
75 1 L 60
76 1 L 35
77 1 L 73
78 1 L 51
79 0 L 62
80 1 L 5
81 0 L 65
82
0 0 U -1
1 0 U -1
2 0 L -1
3 0 U -1
4 0 U 1
5 1 U 2
6 1 U 3
7 0 U -1
8 0 L -1
9 0 U -1
10 0 U -1
11 0 L -1
12 1 L 11
13 1 U 7
14 0 L 11
15 0 L 14
16 0 L 10
17 0 U -1
18 0 U -1
19 0 U -1
20 0 U 2
21 0 U -1
22 1 U 18
23 1 U 22
24 1 L 9
25 0 U 20
26 0 U 9
27 0 L 18
28 0 U 20
29 0 U 1
30 1 U -1
31 0 L 28
32 0 U 31
33 0 L 3
34 1 L 32
35 0 L 0
36 0 U 2
37 1 U 32
38 1 U 32
39 1 L 32
40 0 L 36
41 1 U 7
42 0 L 17
43 0 L -1
44 0 L 23
45 0 U 32
46 1 U -1
47 1 U 41
48 0 L 44
49 0 U 5
50 1 L -1
51 0 L 11
52 1 U 2
53 0 L 41
54 1 U 40
55 1 L 3
56 0 U 39
57 0 L 7
58 1 U 2
59 1 U 29
60 1 L 49
61 0 L 38
62 1 L 39
63 1 L 13
64 1 U -1
65 0 L 18
66 1 U 18
67 1 U 5
68 1 L 23
69 1 U -1
70 1 U 23
71 1 L 28
72 0 L 20
73 0 L 62
74 0 L 65
75 1 L 60
76 1 L 50
77 0 L 51
78 1 L 37
79 1 U 1
80 1 L 5
81 0 L 65
82
0 0 U -1
1 0 U -1
2 0 L -1
3 0 U -1
4 0 U 1
5 1 U 2
6 0 U 3
7 0 U -1
8 0 L -1
9 0 U -1
10 0 U -1
11 0 L -1
12 1 L 11
13 1 U 7
14 0 L 11
15 0 L 14
16 0 L 10
17 0 U -1
18 0 U -1
19 0 U -1
20 0 U 2
21 0 U -1
22 1 U 18
23 1 U 22
24 1 L 9
25 0 U 8
26 0 U 6
27 0 L 18
28 0 U 20
29 1 L 10
30 1 U -1
31 0 L 28
32 0 U 31
33 0 L 3
34 1 L 32
35 0 L 25
36 0 U 2
37 1 U 32
38 1 U 32
39 1 L 32
40 0 L 36
41 1 U 7
42 0 L 17
43 1 L -1
44 0 L 23
45 0 U 32
46 0 U -1
47 1 U 41
48 1 L 44
49 0 U 47
50 0 L -1
51 1 L 11
52 1 U 2
53 0 L 41
54 1 U 40
55 1 L 3
56 0 U 39
57 1 L 3
58 1 U 2
59 1 U 48
60 1 L 49
61 0 L 38
62 0 L 39
63 1 L 33
64 1 U -1
65 0 L 18
66 1 U 18
67 1 U 5
68 1 L 23
69 1 U -1
70 1 L 29
71 1 L 28
72 1 L 36
73 1 L 62
74 0 L 65
75 1 L 60
76 1 L 50
77 1 L 51
78 1 L 37
79 0 U 46
80 1 L 77
81 0 L 71
82
0 0 U -1
1 0 U -1
2 0 L -1
3 0 U -1
4 0 U 1
5 1 U 2
6 0 U 3
7 0 U -1
8 0 L -1
9 0 U -1
10 0 U -1
11 0 L -1
12 1 L 11
13 1 U 7
14 0 L 11
15 0 U 14
16 0 L 10
17 0 U -1
18 0 U -1
19 0 U -1
20 0 U 2
21 0 U -1
22 1 U 18
23 1 U 22
24 1 L 9
25 0 U 20
26 0 U 7
27 0 L 18
28 0 U 20
29 1 L 10
30 1 U -1
31 0 L 28
32 0 U 31
33 0 L 3
34 1 L 32
35 0 L 25
36 0 U 2
37 1 U 32
38 1 U 32
39 1 L 32
40 0 L 36
41 0 U 7
42 0 L 17
43 1 L -1
44 1 L 23
45 0 U 32
46 1 U -1
47 1 U 41
48 1 U 44
49 0 U 13
50 0 L -1
51 1 L 11
52 1 U 2
53 0 L 41
54 1 U 44
55 1 L 3
56 0 U 39
57 1 L 3
58 1 U 2
59 1 U 40
60 1 L 49
61 0 L 38
62 1 L 39
63 0 L 33
64 1 U -1
65 1 L 18
66 1 U 18
67 1 U 26
68 1 L 23
69 0 U -1
70 0 L 29
71 1 L 28
72 1 L 36
73 1 L 62
74 0 L 34
75 1 L 60
76 1 L 11
77 1 L 51
78 1 L 37
79 1 U 30
80 1 L 77
81 0 L 13
82
0 0 L -1
1 0 U -1
2 0 L -1
3 0 U -1
4 0 U 1
5 1 U 2
6 0 U 3
7 0 U -1
8 0 L -1
9 0 U -1
10 0 U -1
11 0 L -1
12 1 L 11
13 1 U 7
14 0 L 11
15 0 U 14
16 0 L 10
17 0 U -1
18 0 U -1
19 0 U -1
20 0 U 2
21 1 U -1
22 1 U 18
23 1 U 22
24 1 L 9
25 0 U 20
26 0 U 7
27 0 L 18
28 0 U 12
29 1 L 10
30 1 U -1
31 0 L 28
32 0 U 31
33 0 L 3
34 1 L 32
35 0 L 25
36 0 U 22
37 1 U 32
38 1 U 32
39 1 L 32
40 0 L 36
41 1 U 30
42 1 L 15
43 1 L -1
44 1 L 23
45 0 U 32
46 0 U -1
47 1 U 41
48 1 U 44
49 0 U 13
50 0 L -1
51 1 L 11
52 1 U 4
53 0 L 41
54 1 U 29
55 1 L 3
56 0 U 39
57 0 L 43
58 0 U 2
59 1 U 40
60 1 L 49
61 0 L 38
62 1 L 39
63 0 L 33
64 1 U -1
65 1 L 44
66 1 U 18
67 1 U 41
68 1 L 23
69 0 U -1
70 0 L -1
71 1 L 28
72 1 L 36
73 1 L 25
74 1 L 34
75 1 L 60
76 1 L 11
77 1 L 51
78 1 L 37
79 0 U 30
80 1 L 77
81 0 L 3
82
0 0 U -1
1 0 U -1
2 0 L -1
3 0 U -1
4 0 U 1
5 1 U 2
6 0 U 3
7 0 U -1
8 1 L -1
9 0 U -1
10 0 U -1
11 0 L -1
12 1 L 11
13 1 U 7
14 0 L 11
15 0 L 14
16 0 L 10
17 0 U -1
18 0 U -1
19 0 U -1
20 0 U 2
21 0 U -1
22 1 U 18
23 1 U 4
24 1 L 9
25 0 U 8
26 0 U 7
27 0 L 18
28 0 U 12
29 0 L 24
30 1 U -1
31 0 L 28
32 0 U 31
33 0 L 14
34 1 L 32
35 0 L 20
36 0 U 22
37 1 U 32
38 1 U 23
39 1 L 32
40 0 L 36
41 1 U 30
42 0 L 24
43 1 L -1
44 1 L 23
45 0 U 32
46 1 U -1
47 1 U 41
48 0 L 44
49 0 U 12
50 0 L -1
51 1 L 11
52 1 U 22
53 0 L 41
54 1 L 26
55 1 L 14
56 0 U 39
57 1 L -1
58 0 U 2
59 1 U 1
60 1 L 49
61 0 L 38
62 1 L 39
63 0 L 33
64 1 U -1
65 0 L 44
66 1 U 1
67 1 U 41
68 1 L 35
69 0 U -1
70 1 U 25
71 1 L 28
72 1 L 36
73 0 L 25
74 1 L 19
75 1 L 60
76 1 L 11
77 1 L 51
78 1 L 37
79 0 U 30
80 1 L 77
81 0 L 51
82
0 0 U -1
1 0 U -1
2 0 L -1
3 0 U -1
4 0 U 1
5 1 U 2
6 0 U 3
7 0 U -1
8 0 L -1
9 0 U -1
10 1 U -1
11 0 L -1
12 1 L 11
13 1 U 7
14 0 L 11
15 0 U 13
16 0 L 10
17 0 U -1
18 0 U -1
19 1 U -1
20 0 U 2
21 1 U -1
22 1 U 18
23 1 U 4
24 1 L 9
25 0 U 20
26 0 U 7
27 0 L 18
28 0 U 20
29 1 U 24
30 1 U -1
31 0 L 28
32 0 U 31
33 0 L 14
34 1 L 32
35 0 L 20
36 0 U 7
37 1 U 5
38 1 U 36
39 1 L 32
40 1 L 36
41 1 U 30
42 0 L 30
43 1 L -1
44 1 L 23
45 1 U 36
46 1 U -1
47 1 U 41
48 0 L 44
49 0 U 32
50 0 L -1
51 1 L 11
52 1 U 22
53 0 L 48
54 1 U 26
55 1 L 14
56 0 U 39
57 0 L -1
58 0 U 2
59 1 U 1
60 1 L 49
61 1 L 40
62 1 L 39
63 0 L 33
64 1 U -1
65 1 L 44
66 1 U 1
67 1 U 34
68 0 L 35
69 0 U -1
70 0 L 2
71 1 L 18
72 1 L 36
73 1 L 10
74 1 L 13
75 1 L 60
76 1 L 50
77 1 L 51
78 0 L 37
79 1 U 30
80 1 L 77
81 0 L 51
82
0 0 U -1
1 0 U -1
2 0 L -1
3 0 U -1
4 0 U 1
5 1 U 2
6 0 U 3
7 0 U -1
8 1 L -1
9 0 U -1
10 1 U -1
11 0 L -1
12 1 L 11
13 1 U 7
14 0 L 11
15 0 U 13
16 0 L 10
17 0 U -1
18 0 U -1
19 1 U -1
20 0 U 2
21 1 U -1
22 1 U 18
23 1 U 4
24 1 L 9
25 0 U 20
26 0 U 7
27 0 L 18
28 0 U 20
29 1 U 3
30 1 U -1
31 0 L 28
32 0 U 31
33 0 L 14
34 1 L 17
35 0 L 20
36 0 U 7
37 1 U 23
38 0 U 36
39 1 L 32
40 1 L 36
41 1 U 30
42 0 L 30
43 1 L 19
44 1 L 23
45 1 U 36
46 1 U -1
47 1 U 41
48 0 L 44
49 0 U 12
50 0 L -1
51 1 L 11
52 1 U 22
53 0 L 48
54 0 L 17
55 1 L 15
56 0 U 39
57 1 L -1
58 0 U 2
59 1 U 0
60 1 L 49
61 1 L 40
62 1 L 39
63 0 L 33
64 1 U -1
65 1 L 44
66 1 U 1
67 1 U 34
68 0 L 35
69 0 U -1
70 0 L 11
71 1 L 46
72 1 L 36
73 0 L 10
74 1 L 13
75 1 L 60
76 1 L 50
77 1 L 51
78 0 L 37
79 1 L 3
80 0 L 77
81 0 L 51
82
0 0 U -1
1 0 U -1
2 0 L -1
3 0 U -1
4 0 U 1
5 1 U 2
6 0 U 3
7 0 U -1
8 1 L -1
9 0 U -1
10 1 U -1
11 0 L -1
12 1 L 11
13 1 U 7
14 0 L 11
15 0 U 13
16 0 L 10
17 0 U -1
18 0 U -1
19 1 U -1
20 0 U 4
21 1 U -1
22 1 U 18
23 1 U 2
24 1 L 9
25 0 U 20
26 0 U 7
27 0 L 18
28 0 U 20
29 1 U 16
30 1 U -1
31 0 L 28
32 0 U 31
33 0 L 14
34 0 L 17
35 0 L 25
36 0 U 7
37 1 U 23
38 1 U 34
39 1 L 32
40 1 L 36
41 0 U 30
42 0 L 30
43 1 L -1
44 0 L 23
45 1 U 37
46 1 U -1
47 1 U 26
48 0 L 17
49 0 U 33
50 0 L -1
51 1 L 11
52 1 U 46
53 0 L 48
54 1 L 40
55 1 L 15
56 0 U 39
57 1 L -1
58 1 U 2
59 1 U 48
60 1 L 49
61 0 L 40
62 0 L 39
63 1 L 13
64 0 U -1
65 1 L 44
66 0 U 13
67 1 L 34
68 0 L 35
69 1 U -1
70 1 U 0
71 1 L 49
72 1 L 36
73 1 U 31
74 1 L 13
75 1 L 60
76 1 L 50
77 1 L 51
78 0 L 37
79 0 U 17
80 0 L 77
81 1 L 51
82
0 0 U -1
1 0 U -1
2 0 L -1
3 0 U -1
4 0 U 1
5 1 U 2
6 0 U 3
7 0 U -1
8 0 L -1
9 0 U -1
10 1 U -1
11 0 L -1
12 1 L 11
13 1 U 7
14 0 L 11
15 0 U 13
16 0 L 10
17 0 U -1
18 0 U -1
19 1 U -1
20 0 U 4
21 1 U -1
22 1 U 18
23 1 U 22
24 1 L 9
25 0 U 20
26 0 U 7
27 0 L 18
28 0 U 8
29 1 U 23
30 1 U -1
31 0 L 28
32 0 U 31
33 1 L 14
34 0 L 17
35 0 L 25
36 0 U 7
37 1 U 23
38 1 U 5
39 1 L 32
40 1 L 36
41 0 U 27
42 0 L 30
43 1 L -1
44 0 L 23
45 1 U 14
46 1 U -1
47 1 U 26
48 0 L 17
49 0 U 28
50 0 L -1
51 1 L 11
52 1 U 46
53 0 L 48
54 1 L 43
55 1 L 13
56 0 U 39
57 0 L -1
58 0 U 2
59 1 U 48
60 1 L 49
61 0 L 40
62 0 L 39
63 1 L 13
64 0 U -1
65 1 L 17
66 0 U 13
67 1 L 34
68 0 L 35
69 1 U -1
70 1 L 21
71 1 L 49
72 1 L 36
73 1 U 31
74 1 L 9
75 1 L 60
76 1 L 50
77 1 L 51
78 0 L 37
79 1 U 17
80 1 L 77
81 0 L 51
82
0 0 U -1
1 0 U -1
2 0 L -1
3 0 U -1
4 0 U 1
5 1 U 2
6 0 U 3
7 0 U -1
8 0 L -1
9 0 U -1
10 1 U -1
11 0 L -1
12 1 L 11
13 1 U 2
14 0 L 11
15 0 U 13
16 0 L 10
17 0 U -1
18 0 U -1
19 1 U -1
20 0 U 4
21 1 U -1
22 1 U 18
23 1 U 4
24 1 L 9
25 0 U 20
26 0 U 6
27 0 L 18
28 0 U 8
29 1 U 26
30 1 U -1
31 0 L 28
32 0 U 31
33 0 L 14
34 0 L 32
35 0 L 25
36 0 U 27
37 1 U 23
38 1 U 5
39 1 L 32
40 1 L 36
41 0 U 27
42 0 L 30
43 0 L -1
44 0 L 23
45 1 U 14
46 1 U -1
47 1 U 26
48 0 L 17
49 0 U 14
50 0 L -1
51 1 L 11
52 1 U 46
53 0 L 48
54 1 L 43
55 1 L 13
56 0 U 39
57 1 L 8
58 1 U 2
59 1 U 48
60 1 L 49
61 0 L 40
62 0 L 39
63 1 L 24
64 1 U 3
65 1 L 17
66 0 U 5
67 1 L 34
68 0 L 35
69 0 U -1
70 1 L 21
71 1 L 49
72 1 L 36
73 1 U 31
74 1 L 9
75 1 L 60
76 1 L 50
77 1 L 51
78 0 L 32
79 0 U 1
80 1 L 77
81 0 L 51
82
0 0 L -1
1 0 U -1
2 0 L -1
3 0 U -1
4 0 U 1
5 1 U 2
6 0 U 3
7 0 U -1
8 0 L -1
9 0 U -1
10 1 U -1
11 0 L -1
12 1 L 11
13 1 U 2
14 0 L 11
15 0 U 9
16 0 L 10
17 0 U -1
18 0 U -1
19 1 U -1
20 0 U 4
21 1 U -1
22 1 U 18
23 1 U 15
24 1 L 9
25 0 U 13
26 0 U 15
27 0 L 18
28 0 U 8
29 0 U 26
30 1 U -1
31 0 L 28
32 0 U 31
33 0 L 14
34 1 L 32
35 0 L 25
36 0 U 22
37 1 U 23
38 1 U 5
39 1 L 32
40 1 L 36
41 1 U 27
42 0 L 30
43 0 L -1
44 0 L 23
45 1 U 14
46 0 U -1
47 1 U 5
48 0 L 32
49 0 U 38
50 1 L -1
51 1 L 11
52 0 U 46
53 0 L 48
54 1 L 3
55 1 L 15
56 0 U 39
57 1 L 50
58 1 U 2
59 1 U 45
60 1 L 49
61 0 L 40
62 0 L 39
63 1 L 33
64 1 U 3
65 0 L 32
66 0 U 34
67 0 L 34
68 0 L 55
69 0 U -1
70 1 L 51
71 1 L 49
72 0 L 36
73 1 U 31
74 1 L 9
75 1 L 60
76 1 L 50
77 1 L 51
78 0 L 48
79 1 U 1
80 0 L 77
81 0 L 51
82
0 0 L -1
1 0 U -1
2 0 L -1
3 0 U -1
4 0 U 1
5 1 U 2
6 0 U 3
7 0 U -1
8 0 L -1
9 0 U -1
10 1 U -1
11 0 L -1
12 1 L 11
13 1 U 2
14 0 L 11
15 0 U 0
16 0 L 10
17 0 U -1
18 0 U -1
19 1 U -1
20 0 U 4
21 1 U -1
22 1 U 18
23 1 U 4
24 1 L 9
25 0 U 20
26 0 U 22
27 0 L 18
28 0 U 8
29 0 U 12
30 1 U -1
31 0 L 28
32 0 U 31
33 0 L 3
34 1 L 32
35 0 L 25
36 0 U 15
37 1 U 5
38 1 U 5
39 1 L 17
40 1 L 36
41 1 U 27
42 0 L 40
43 0 L 38
44 0 L 23
45 1 U 38
46 1 U -1
47 1 U 12
48 0 L 32
49 0 U 25
50 1 L -1
51 1 L 11
52 0 U 6
53 0 L 48
54 1 L 3
55 1 L 9
56 0 U 39
57 1 L 44
58 1 U 2
59 1 U 54
60 1 L 49
61 0 L 40
62 0 L 39
63 1 L 33
64 1 U 3
65 1 L 32
66 0 U 5
67 0 L 34
68 0 L 16
69 0 U -1
70 1 L 44
71 1 L 52
72 0 L 30
73 1 U 31
74 1 L 13
75 1 L 60
76 1 L 50
77 1 L 51
78 0 L 48
79 1 U 30
80 1 L 77
81 1 L 51
82
0 0 L -1
1 0 U -1
2 0 L -1
3 0 U -1
4 0 U 1
5 1 U 2
6 0 U 3
7 0 U -1
8 0 L -1
9 0 U -1
10 1 U -1
11 0 L -1
12 1 L 11
13 1 U 2
14 0 L 11
15 0 U 9
16 0 L 10
17 0 U -1
18 0 U -1
19 1 U -1
20 0 U 4
21 1 U -1
22 1 U 18
23 1 U 4
24 1 L 9
25 0 U 20
26 0 U 18
27 0 L 18
28 0 U 12
29 0 L 12
30 1 U -1
31 0 L 28
32 0 U 31
33 0 L 3
34 0 L 32
35 0 L 20
36 0 U 2
37 1 U 5
38 1 U 5
39 1 L 17
40 1 L 36
41 1 U 38
42 0 L 40
43 0 L 0
44 0 L 23
45 1 U 38
46 0 U -1
47 1 U 12
48 0 L 32
49 0 U 37
50 1 L -1
51 1 L 11
52 0 U 6
53 0 L 48
54 1 L 43
55 1 L 15
56 0 U 39
57 1 L 44
58 0 U 4
59 0 L 25
60 1 L 49
61 0 L 40
62 0 L 39
63 1 L 33
64 1 U 3
65 1 L 32
66 0 U 52
67 0 L 34
68 0 L 16
69 0 U -1
70 0 L 32
71 1 L 52
72 0 L 30
73 1 U 31
74 1 L 13
75 1 L 60
76 1 L 50
77 1 L 51
78 0 L 27
79 0 U 30
80 0 L 77
81 0 L 51
82
0 0 U -1
1 0 U -1
2 0 L -1
3 0 U -1
4 0 U 1
5 1 U 2
6 0 U 3
7 0 U -1
8 0 L -1
9 0 U -1
10 1 U -1
11 0 L -1
12 1 L 11
13 1 U 2
14 1 L 11
15 0 U 9
16 0 L 10
17 0 U -1
18 0 U -1
19 1 U -1
20 0 U 15
21 1 U -1
22 1 U 18
23 1 U 4
24 1 L 9
25 0 U 20
26 0 U 7
27 0 L 18
28 0 U 12
29 0 L 12
30 1 U -1
31 0 L 28
32 0 U 31
33 0 L 3
34 0 L 32
35 0 L 29
36 0 U 2
37 1 U 20
38 1 U 5
39 1 L 17
40 1 L 36
41 0 U 38
42 0 L 40
43 0 L 0
44 0 L 23
45 1 U 38
46 0 U -1
47 1 U 12
48 0 L 32
49 0 U 37
50 0 L -1
51 1 L 11
52 0 U 6
53 0 L 48
54 1 L 47
55 1 L 9
56 0 U 39
57 0 L 44
58 0 U 22
59 0 L 25
60 1 L 49
61 0 L 40
62 0 L 39
63 1 L 33
64 1 U 3
65 1 L 32
66 0 U 52
67 0 L 34
68 0 L 16
69 0 U -1
70 1 L 32
71 1 L 49
72 0 L 30
73 1 U 31
74 1 L 13
75 1 L 60
76 1 L 50
77 1 L 51
78 0 L 27
79 0 U 27
80 1 L 77
81 0 L 51
82
0 0 L -1
1 0 U -1
2 0 L -1
3 0 U -1
4 0 U 1
5 1 U 2
6 0 U 3
7 0 U -1
8 1 L -1
9 0 U -1
10 1 U -1
11 0 L -1
12 1 L 11
13 1 U 2
14 1 L 11
15 0 U 9
16 0 L 10
17 0 U -1
18 0 U -1
19 1 U -1
20 0 U 15
21 1 U -1
22 1 U 18
23 1 U 4
24 1 L 9
25 0 U 20
26 0 U 15
27 0 L 18
28 0 U 12
29 0 L 12
30 1 U -1
31 0 L 28
32 0 U 31
33 0 L 3
34 1 L 32
35 1 U 24
36 0 U 31
37 1 U 29
38 1 U 5
39 1 L 17
40 1 L 36
41 0 U 4
42 0 L 40
43 0 L 20
44 0 L 43
45 1 U 36
46 0 U -1
47 1 U 12
48 0 L 32
49 0 U 11
50 1 L -1
51 1 L 11
52 1 U 6
53 0 L 48
54 0 L 47
55 1 L 9
56 0 U 39
57 1 L 44
58 1 U 22
59 1 L 22
60 1 L 49
61 0 L 40
62 1 L 39
63 1 L 9
64 1 U 54
65 0 L 17
66 0 U 28
67 0 L 34
68 0 L 43
69 0 U -1
70 0 U 20
71 1 L 61
72 0 L 41
73 1 U 31
74 1 L 15
75 1 L 60
76 1 L 50
77 1 L 51
78 0 L 27
79 0 U 7
80 0 L 77
81 0 L 14
82
0 0 U -1
1 0 U -1
2 0 L -1
3 0 U -1
4 0 U 1
5 1 U 2
6 0 U 3
7 0 U -1
8 0 L -1
9 0 U -1
10 1 U -1
11 0 L -1
12 1 L 11
13 1 U 2
14 1 L 11
15 0 U 9
16 0 L 10
17 0 U -1
18 0 U -1
19 1 U -1
20 0 U 15
21 1 U -1
22 1 U 18
23 1 U 4
24 1 L 9
25 0 U 20
26 0 U 7
27 0 L 18
28 0 U 12
29 1 L 12
30 1 U -1
31 0 L 28
32 0 U 31
33 0 L 14
34 1 L 32
35 1 U 24
36 0 U 31
37 1 U 26
38 1 U 5
39 1 L 17
40 1 L 36
41 0 U 7
42 0 L 40
43 0 L 22
44 0 L 43
45 1 U 28
46 0 U -1
47 1 U 12
48 0 L 32
49 0 U 47
50 1 L -1
51 1 L 11
52 1 U 6
53 0 L 48
54 1 L 47
55 1 L 9
56 0 U 28
57 0 L 44
58 0 U 22
59 1 L 25
60 1 L 49
61 0 L 40
62 0 L 39
63 1 L 15
64 1 U 54
65 0 L 32
66 0 U 28
67 0 L 34
68 0 L 43
69 0 U -1
70 1 U 27
71 1 L 13
72 0 L 41
73 1 U 26
74 1 L 51
75 1 L 60
76 1 L 2
77 1 L 51
78 0 L 27
79 1 L 7
80 1 L 77
81 0 L 4
82
0 0 U -1
1 0 U -1
2 0 L -1
3 0 U -1
4 0 U 1
5 1 U 2
6 0 U 3
7 0 U -1
8 0 L -1
9 0 U -1
10 1 U -1
11 0 L -1
12 1 L 11
13 1 U 2
14 1 L 11
15 0 U 9
16 0 L 10
17 0 U -1
18 0 U -1
19 1 U -1
20 0 U 2
21 1 U -1
22 1 U 18
23 1 U 15
24 1 L 9
25 0 U 20
26 0 U 7
27 0 L 18
28 0 U 12
29 0 L 12
30 1 U -1
31 0 L 28
32 0 U 31
33 0 L 12
34 1 L 32
35 0 U 24
36 0 U 7
37 1 U 20
38 1 U 29
39 1 L 17
40 1 L 36
41 0 U 7
42 0 L 40
43 0 L 22
44 0 L 43
45 1 U 28
46 0 U -1
47 1 U 12
48 0 L 32
49 0 U 47
50 1 L -1
51 1 L 11
52 1 U 6
53 0 L 48
54 0 L 47
55 1 L 13
56 0 U 28
57 0 L 18
58 1 U 15
59 1 L 20
60 1 L 49
61 0 L 40
62 0 L 39
63 0 L 15
64 1 U 54
65 0 L 32
66 0 U 36
67 0 L 34
68 0 L 43
69 0 U -1
70 0 L 52
71 1 L 13
72 0 L 40
73 1 U 31
74 1 L 51
75 1 L 60
76 1 L 2
77 1 L 51
78 0 L 27
79 0 U 7
80 0 L 77
81 0 L 76
82
0 0 U -1
1 0 U -1
2 0 L -1
3 0 U -1
4 0 U 1
5 1 U 2
6 0 U 3
7 0 U -1
8 0 L -1
9 0 U -1
10 0 U -1
11 0 L -1
12 1 L 11
13 1 U 2
14 1 L 11
15 0 U 9
16 0 L 10
17 0 U -1
18 0 U -1
19 1 U -1
20 0 U 2
21 0 U -1
22 1 U 18
23 1 U 22
24 1 L 9
25 0 U 20
26 0 U 7
27 0 L 18
28 0 U 12
29 0 L 4
30 1 U -1
31 0 L 28
32 0 U 31
33 1 L 29
34 1 L 32
35 0 U 24
36 0 U 7
37 1 U 20
38 1 U 29
39 1 L 17
40 1 L 36
41 0 U 30
42 0 L 40
43 0 L 20
44 0 L 43
45 1 U 28
46 1 U -1
47 1 U 12
48 0 L 32
49 0 U 43
50 1 L -1
51 1 L 11
52 0 U 46
53 0 L 48
54 0 L 47
55 1 L 13
56 0 U 28
57 0 L 18
58 1 U 41
59 0 L 20
60 1 L 49
61 0 L 40
62 0 L 39
63 1 L 15
64 1 U 54
65 0 L 32
66 0 U 12
67 0 L 34
68 0 L 59
69 1 U -1
70 0 L 52
71 1 L 49
72 0 L 40
73 1 U 31
74 1 L 51
75 1 L 60
76 1 L 2
77 1 L 51
78 0 L 27
79 1 U 43
80 0 L 77
81 0 L 29
82
0 0 U -1
1 0 U -1
2 0 L -1
3 0 U -1
4 0 U 1
5 1 U 2
6 0 U 3
7 0 U -1
8 0 L -1
9 0 U -1
10 0 U -1
11 0 L -1
12 1 L 11
13 1 U 2
14 1 L 11
15 0 U 9
16 0 L 10
17 0 U -1
18 0 U -1
19 0 U -1
20 0 U 2
21 0 U -1
22 1 U 18
23 1 U 22
24 1 L 9
25 0 U 20
26 0 U 7
27 0 L 18
28 0 U 12
29 0 L 4
30 1 U -1
31 0 L 28
32 0 U 31
33 1 L 29
34 1 L 32
35 0 U 24
36 0 U 7
37 1 U 20
38 1 U 29
39 1 L 17
40 1 L 36
41 0 U 30
42 0 L 40
43 0 L 20
44 1 L 43
45 1 U 28
46 1 U -1
47 1 U 29
48 0 L 44
49 0 U 43
50 0 L -1
51 1 L 11
52 1 U 2
53 0 L 48
54 1 L 47
55 1 L 13
56 0 U 28
57 0 L 18
58 1 U 41
59 0 L 20
60 1 L 49
61 0 L 40
62 0 L 39
63 1 L 15
64 1 U 16
65 0 L 32
66 0 U 12
67 0 L 34
68 0 L 59
69 0 U -1
70 0 L 52
71 1 L 49
72 0 L 40
73 1 U 31
74 1 L 51
75 1 L 60
76 1 L 8
77 1 L 51
78 0 L 27
79 0 U 6
80 0 L 77
81 0 L 29
82
0 0 L -1
1 0 U -1
2 0 L -1
3 0 U -1
4 0 U 1
5 1 U 2
6 0 U 3
7 0 U -1
8 0 L -1
9 0 U -1
10 1 U -1
11 0 L -1
12 1 L 11
13 1 U 2
14 1 L 11
15 0 U 9
16 0 L 10
17 0 U -1
18 0 U -1
19 0 L -1
20 0 U 2
21 0 U -1
22 1 U 18
23 1 U 2
24 1 L 9
25 0 U 20
26 0 U 18
27 0 L 18
28 0 U 12
29 0 L 4
30 1 U -1
31 0 L 28
32 0 U 31
33 0 L 3
34 1 L 32
35 0 L 0
36 0 U 27
37 1 U 20
38 1 U 29
39 1 L 17
40 1 L 36
41 0 U 30
42 0 L 40
43 0 L 20
44 0 L 43
45 1 U 28
46 1 U -1
47 1 U 29
48 1 L 44
49 0 U 48
50 0 L -1
51 1 L 11
52 1 U 2
53 0 L 48
54 0 U 47
55 1 L 13
56 0 U 28
57 1 L 18
58 1 U 41
59 0 L 20
60 1 L 49
61 0 L 40
62 1 L 57
63 0 L 15
64 1 U 16
65 0 L 32
66 0 U 12
67 0 L 34
68 1 L 59
69 0 U -1
70 0 L 52
71 1 L -1
72 0 L 40
73 1 U 41
74 1 L 55
75 1 L 60
76 1 L 8
77 1 L 51
78 0 L 27
79 1 U 66
80 0 L 77
81 1 L 51
82
0 0 U -1
1 0 U -1
2 0 L -1
3 0 U -1
4 0 U 1
5 1 U 2
6 0 U 3
7 0 U -1
8 0 L -1
9 0 U -1
10 1 U -1
11 0 L -1
12 1 L 11
13 1 U 2
14 1 L 11
15 0 U 9
16 0 L 10
17 0 U -1
18 0 U -1
19 0 L -1
20 0 U 2
21 0 U -1
22 1 U 18
23 1 U 2
24 1 L 5
25 0 U 20
26 0 U 18
27 0 L 18
28 0 U 12
29 0 L 4
30 1 U -1
31 0 L 28
32 0 U 31
33 1 L 3
34 1 L 32
35 0 L 0
36 0 U 27
37 1 U 23
38 1 U 20
39 1 L 32
40 1 L 36
41 0 U 30
42 0 L 40
43 0 L 20
44 0 L 43
45 1 U 28
46 1 U -1
47 1 U 29
48 1 L 44
49 0 U 48
50 0 L -1
51 1 L 11
52 1 U 2
53 0 L 48
54 0 L 47
55 1 L 13
56 0 U 28
57 0 L 18
58 1 U 41
59 0 L 20
60 1 L 49
61 0 L 40
62 0 L 57
63 0 L 15
64 1 U 16
65 0 L 32
66 0 U 12
67 0 L 34
68 1 L 59
69 1 U -1
70 1 L 52
71 1 L -1
72 0 L 40
73 1 U 41
74 1 L 55
75 1 L 60
76 1 L 8
77 1 L 51
78 0 L 27
79 1 U 14
80 0 L 77
81 0 L 6
82
0 0 L -1
1 0 U -1
2 0 L -1
3 0 U -1
4 0 U 1
5 1 U 2
6 0 U 3
7 0 U -1
8 0 L -1
9 0 U -1
10 1 U -1
11 0 L -1
12 1 L 11
13 1 U 2
14 1 L 11
15 0 U 9
16 0 L 10
17 0 U -1
18 0 U -1
19 0 L -1
20 0 U 15
21 0 U -1
22 1 U 18
23 1 U 15
24 1 L 5
25 0 U 20
26 0 U 18
27 0 L 18
28 0 U 12
29 0 L 4
30 1 U -1
31 0 L 28
32 0 U 31
33 1 L 4
34 1 L 32
35 0 L 0
36 0 U 4
37 1 U 5
38 1 U 20
39 1 L 32
40 1 L 36
41 0 U 30
42 0 L 40
43 0 L 20
44 0 L 43
45 1 U 28
46 0 U -1
47 1 U 29
48 1 L 44
49 0 U 38
50 0 L -1
51 1 L 11
52 1 U 27
53 0 L 48
54 0 L 47
55 1 L 13
56 0 U 28
57 1 L 18
58 1 U 41
59 0 L 20
60 1 L 49
61 0 L 40
62 1 L 57
63 1 L 15
64 1 U 16
65 0 L 32
66 0 U 12
67 0 L 39
68 1 L 59
69 0 U -1
70 0 L 52
71 1 L -1
72 0 L 40
73 1 U 41
74 1 L 55
75 1 L 60
76 1 L 8
77 1 L 51
78 0 L 27
79 0 U 24
80 1 L 77
81 0 L 76
82
0 0 L -1
1 0 U -1
2 0 L -1
3 0 U -1
4 0 U 1
5 1 U 2
6 1 U 3
7 0 U -1
8 0 L -1
9 0 U -1
10 1 U -1
11 0 L -1
12 1 L 11
13 1 U 2
14 1 L 11
15 0 U 9
16 0 L 10
17 0 U -1
18 0 U -1
19 0 L -1
20 0 U 15
21 1 U -1
22 1 U 18
23 1 U 15
24 1 L 5
25 0 U 8
26 0 U 18
27 0 L 18
28 0 U 12
29 0 L 5
30 1 U -1
31 0 L 28
32 0 U 31
33 1 L 4
34 1 L 32
35 0 L 33
36 0 U 4
37 1 U 5
38 1 U 20
39 1 L 32
40 1 L 36
41 0 U 30
42 0 L 40
43 0 L 20
44 0 L 43
45 1 U 28
46 1 U -1
47 1 U 23
48 1 L 44
49 0 U 48
50 0 L -1
51 1 L 11
52 1 U 27
53 0 L 48
54 1 L 47
55 1 L 13
56 0 U 28
57 0 L 18
58 1 U 41
59 0 L 20
60 1 L 49
61 0 L 40
62 0 L 57
63 1 L 15
64 1 U 16
65 0 L 32
66 0 U 12
67 0 L 65
68 1 L 59
69 0 U -1
70 0 L 52
71 1 L -1
72 0 L 40
73 1 U 41
74 1 L 43
75 1 L 60
76 1 L 8
77 1 L 51
78 0 L 27
79 1 U 24
80 0 L 77
81 0 L 77
82
0 0 U -1
1 0 U -1
2 0 L -1
3 0 U -1
4 0 U 1
5 1 U 2
6 0 U 3
7 0 U -1
8 0 L -1
9 0 U -1
10 0 U -1
11 0 L -1
12 1 L 11
13 1 U 2
14 1 L 11
15 0 U 9
16 0 L 10
17 0 U -1
18 0 U -1
19 1 U -1
20 0 U 15
21 1 U -1
22 1 U 18
23 1 U 15
24 1 L 5
25 0 U 8
26 0 U 7
27 0 L 18
28 0 U 12
29 0 L 14
30 1 U -1
31 0 L 28
32 0 U 31
33 1 L 4
34 1 L 32
35 0 L 33
36 0 U 4
37 1 U 5
38 1 U 20
39 1 L 32
40 1 L 36
41 1 U 30
42 0 L 40
43 0 L 20
44 0 L 43
45 1 U 28
46 1 U -1
47 1 U 23
48 1 L 44
49 0 U 48
50 0 L -1
51 1 L 11
52 1 U 46
53 0 L 48
54 1 U 47
55 1 L 13
56 0 U 28
57 0 L 18
58 1 U 22
59 0 L 20
60 1 L 49
61 0 L 40
62 1 L 57
63 0 L 15
64 1 U 3
65 1 L 32
66 0 U 12
67 0 L 65
68 1 L 59
69 0 U -1
70 1 L 29
71 0 L -1
72 0 L 40
73 1 U 41
74 1 L 43
75 1 L 60
76 1 L 8
77 1 L 51
78 0 L 45
79 0 U 24
80 1 L 77
81 0 L 3
82
0 0 U -1
1 0 U -1
2 0 L -1
3 0 U -1
4 0 U 1
5 1 U 2
6 0 U 3
7 0 U -1
8 0 L -1
9 0 U -1
10 0 U -1
11 0 L -1
12 1 L 11
13 1 U 2
14 1 L 11
15 0 U 9
16 1 L 10
17 0 U -1
18 0 U -1
19 1 U -1
20 0 U 15
21 1 U -1
22 1 U 18
23 1 U 15
24 1 L 5
25 0 U 8
26 0 U 7
27 0 L 18
28 0 U 12
29 0 L 7
30 1 U -1
31 0 L 28
32 0 U 31
33 1 L 4
34 1 L 32
35 0 L 0
36 0 U 4
37 1 U 34
38 1 U 20
39 1 L 32
40 1 L 36
41 0 U 30
42 0 L 40
43 0 L 20
44 0 L 43
45 1 U 28
46 1 U -1
47 1 U 34
48 0 L 44
49 0 U 36
50 0 L -1
51 1 L 11
52 1 U 46
53 0 L 48
54 1 L 47
55 1 L 13
56 0 U 28
57 0 L 18
58 1 U 22
59 0 L 20
60 1 L 49
61 0 L 40
62 1 L 57
63 0 L 15
64 1 U 3
65 0 L 32
66 0 U 12
67 0 L 65
68 1 L 59
69 0 U -1
70 1 L 63
71 1 L -1
72 0 L 34
73 1 U 41
74 1 L 43
75 1 L 60
76 1 L 8
77 1 L 51
78 0 L 45
79 1 U 24
80 1 L 77
81 0 L 3
82
0 0 L -1
1 0 U -1
2 0 L -1
3 0 U -1
4 0 U 1
5 1 U 2
6 0 U 3
7 0 U -1
8 0 L -1
9 0 U -1
10 0 U -1
11 0 L -1
12 1 L 11
13 1 U 2
14 1 L 11
15 0 U 9
16 0 L 10
17 0 U -1
18 0 U -1
19 1 U -1
20 0 U 15
21 1 U -1
22 1 U 18
23 1 U 15
24 1 L 5
25 0 U 20
26 0 U 9
27 0 L 18
28 0 U 12
29 1 U 3
30 1 U -1
31 0 L 28
32 0 U 31
33 1 L 14
34 1 L 32
35 1 L 34
36 0 U 31
37 0 U 26
38 1 U 34
39 1 L 32
40 1 L 36
41 0 U 30
42 0 L 40
43 0 L 20
44 0 L 43
45 1 U 28
46 1 U -1
47 1 U 34
48 0 L 44
49 0 U 42
50 0 L -1
51 1 L 11
52 1 U 41
53 0 L 48
54 1 L 47
55 1 L 13
56 0 U 28
57 0 L 18
58 0 U 15
59 0 L 20
60 1 L 49
61 0 L 40
62 0 L 39
63 0 L 15
64 1 U 54
65 1 L 32
66 0 U 34
67 0 L 65
68 1 L 59
69 1 U -1
70 0 L 63
71 1 L -1
72 0 L 34
73 0 L 37
74 1 L 43
75 1 L 60
76 1 L 8
77 0 L 51
78 0 L 45
79 1 U 10
80 0 L 3
81 0 L 3
82
0 0 U -1
1 0 U -1
2 0 L -1
3 0 U -1
4 0 U 1
5 1 U 2
6 0 U 3
7 0 U -1
8 0 L -1
9 0 U -1
10 0 U -1
11 0 L -1
12 1 L 11
13 1 U 2
14 0 L 11
15 0 U 9
16 0 L 10
17 0 U -1
18 0 U -1
19 1 U -1
20 0 U 15
21 0 U -1
22 1 U 18
23 1 U 15
24 1 L 5
25 0 U 8
26 0 U 9
27 0 L 18
28 0 U 12
29 0 L 25
30 1 U -1
31 0 L 28
32 0 U 31
33 1 L 14
34 1 L 32
35 1 L -1
36 0 U 26
37 1 U 26
38 1 U 20
39 1 L 32
40 1 L 36
41 1 U 30
42 0 L 40
43 0 L 20
44 0 L 43
45 1 U 28
46 1 U -1
47 1 U 34
48 1 L 44
49 0 U 33
50 0 L -1
51 1 L 11
52 1 U 41
53 0 L 48
54 1 L 47
55 1 L 13
56 0 U 28
57 0 L 51
58 0 U 15
59 0 L 20
60 1 L 49
61 0 L 40
62 0 L 27
63 1 L 15
64 1 U 54
65 1 L 32
66 0 U 26
67 0 L 65
68 1 L 59
69 1 U -1
70 1 L 56
71 1 L 8
72 0 L 34
73 0 L 37
74 1 L 63
75 1 L 60
76 1 L 8
77 0 L 51
78 0 L 45
79 1 U 46
80 1 L 3
81 0 L 76
82
0 0 U -1
1 0 U -1
2 0 L -1
3 0 U -1
4 0 U 1
5 1 U 2
6 0 U 3
7 0 U -1
8 0 L -1
9 0 U -1
10 0 U -1
11 0 L -1
12 1 L 11
13 1 U 2
14 0 L 11
15 0 U 9
16 0 L 10
17 0 U -1
18 0 U -1
19 1 U -1
20 0 U 15
21 1 U -1
22 1 U 18
23 1 U 2
24 1 L 5
25 0 U 8
26 0 U 2
27 0 L 18
28 0 U 12
29 1 U 7
30 1 U -1
31 0 L 28
32 0 U 31
33 1 L 14
34 1 L 32
35 1 L -1
36 0 U 26
37 1 U 26
38 1 U 20
39 0 L 32
40 1 L 36
41 1 U 30
42 0 L 40
43 0 L 20
44 0 L 43
45 1 U 28
46 1 U -1
47 1 U 34
48 0 L 44
49 0 U 33
50 0 L -1
51 1 L 11
52 1 U 41
53 1 L 48
54 0 L 47
55 1 L 13
56 0 U 28
57 1 U 15
58 0 U 15
59 0 L 20
60 1 L 49
61 0 L 40
62 0 L 27
63 0 L 15
64 1 U 54
65 1 L 32
66 0 U 29
67 0 L 65
68 1 L 59
69 1 U -1
70 1 L 48
71 1 L 8
72 0 L 34
73 0 L 37
74 1 L 43
75 1 L 60
76 1 L 50
77 0 L 0
78 0 L 61
79 0 U 42
80 0 L 3
81 0 L 76
82
0 0 L -1
1 0 U -1
2 0 L -1
3 0 U -1
4 0 U 1
5 1 U 2
6 0 U 3
7 0 U -1
8 0 L -1
9 0 U -1
10 0 U -1
11 0 L -1
12 1 L 11
13 1 U 2
14 1 L 1
15 0 U 9
16 0 L 10
17 0 U -1
18 0 U -1
19 0 U -1
20 0 U 15
21 1 U -1
22 1 U 18
23 1 U 15
24 1 L 5
25 0 U 8
26 0 U 9
27 0 L 18
28 0 U 12
29 0 L 14
30 1 U -1
31 0 L 28
32 0 U 31
33 1 L 14
34 1 L 32
35 1 L -1
36 0 U 26
37 1 U 32
38 1 U 20
39 0 L 18
40 1 L 36
41 0 U 30
42 0 L 40
43 0 L 20
44 0 L 43
45 1 U 28
46 0 U -1
47 1 U 12
48 1 L 44
49 0 U 33
50 1 L -1
51 1 L 11
52 1 U 41
53 0 L 48
54 0 L 47
55 1 L 13
56 0 U 28
57 1 U 46
58 0 U 15
59 0 L 20
60 1 L 49
61 0 L 40
62 0 L 27
63 0 L 9
64 1 U 54
65 1 L 32
66 0 U 31
67 0 L 65
68 1 L 59
69 0 U -1
70 1 L 48
71 1 L 8
72 0 L 34
73 0 U 38
74 1 L 59
75 1 L 60
76 0 L 50
77 1 L 25
78 0 L 61
79 1 U 9
80 1 L 3
81 0 L 76
82
0 0 L -1
1 0 U -1
2 0 L -1
3 0 U -1
4 0 U 1
5 1 U 2
6 0 U 3
7 0 U -1
8 0 L -1
9 0 U -1
10 0 U -1
11 0 L -1
12 1 L 11
13 1 U 2
14 1 L 1
15 0 U 9
16 0 L 10
17 0 U -1
18 0 U -1
19 0 U -1
20 0 U 15
21 1 U -1
22 1 U 18
23 1 U 15
24 1 L 5
25 0 U 8
26 0 U 7
27 0 L 18
28 0 U 12
29 1 L 11
30 1 U -1
31 0 L 28
32 0 U 31
33 1 L 14
34 1 L 32
35 0 L -1
36 0 U 22
37 1 U 23
38 1 U 20
39 1 L 18
40 1 L 36
41 0 U 30
42 0 L 40
43 0 L 20
44 1 L 43
45 1 U 28
46 1 U -1
47 1 U 12
48 0 L 44
49 0 U 33
50 1 L -1
51 1 L 11
52 1 U 41
53 0 L 48
54 1 L 47
55 1 L 13
56 0 U 28
57 1 U 2
58 1 U 15
59 0 L 20
60 1 L 49
61 0 L 40
62 1 L 27
63 0 L 9
64 1 U 54
65 1 L 32
66 0 U 9
67 0 L 65
68 1 L 59
69 0 U -1
70 1 U 48
71 1 L 8
72 0 L 44
73 0 U 38
74 1 L 59
75 1 L 60
76 0 L 50
77 1 L 25
78 0 L 45
79 1 L 19
80 1 L 3
81 0 L 76
82
0 0 L -1
1 0 U -1
2 0 L -1
3 0 U -1
4 0 U 1
5 1 U 2
6 0 U 3
7 0 U -1
8 0 L -1
9 0 U -1
10 0 U -1
11 0 L -1
12 1 L 11
13 1 U 2
14 0 L 1
15 0 U 9
16 0 L 10
17 0 U -1
18 0 U -1
19 0 U -1
20 0 U 15
21 1 U -1
22 1 U 18
23 1 U 15
24 1 L 5
25 0 U 8
26 0 U 7
27 0 L 18
28 0 U 12
29 0 L 19
30 1 U -1
31 0 L 28
32 0 U 31
33 1 L 6
34 1 L 32
35 1 L -1
36 0 U 7
37 1 U 23
38 1 U 20
39 1 L 18
40 1 L 21
41 0 U 30
42 0 L 40
43 0 L 20
44 1 L 43
45 1 U 28
46 0 U -1
47 1 U 12
48 0 L 44
49 0 U 28
50 1 L -1
51 1 L 11
52 1 U 41
53 0 L 48
54 0 L 47
55 1 L 13
56 0 U 28
57 1 U 2
58 0 U 15
59 0 L 20
60 1 L 49
61 0 L 40
62 0 L 27
63 0 L 9
64 1 U 54
65 0 L 32
66 0 U 57
67 0 L 65
68 1 L 59
69 0 U -1
70 1 U 66
71 1 L 8
72 0 L 44
73 0 L 38
74 1 L 59
75 1 L 60
76 0 L 50
77 1 L 25
78 0 L 45
79 1 L 19
80 1 L 3
81 0 L 76
82
0 0 U -1
1 0 U -1
2 0 L -1
3 0 U -1
4 0 U 1
5 1 U 2
6 0 U 3
7 0 U -1
8 0 L -1
9 0 U -1
10 0 U -1
11 0 L -1
12 1 L 11
13 1 U 2
14 1 L 1
15 0 U 9
16 0 L 10
17 0 U -1
18 0 U -1
19 0 U -1
20 0 U 15
21 1 U -1
22 1 U 18
23 1 U 22
24 1 L 5
25 0 U 8
26 0 U 7
27 0 L 18
28 0 U 12
29 0 L 2
30 1 U -1
31 0 L 28
32 0 U 31
33 1 L 6
34 1 L 32
35 1 L -1
36 0 U 22
37 1 U 23
38 1 U 12
39 1 L 18
40 1 L 21
41 1 U 30
42 0 L 40
43 0 L 20
44 0 L 23
45 1 U 28
46 0 U -1
47 1 U 12
48 0 L 44
49 0 U 29
50 0 L -1
51 1 L 11
52 1 U 41
53 0 L 48
54 0 L 47
55 1 L 13
56 0 U 28
57 1 U 50
58 0 U 15
59 0 L 20
60 1 L 49
61 0 L 40
62 0 L 27
63 0 L 9
64 1 U 54
65 0 L 32
66 0 U 8
67 0 L 65
68 1 L 59
69 0 U -1
70 1 U 66
71 1 L 62
72 0 L 51
73 0 L 38
74 1 L 59
75 1 L 60
76 1 L 50
77 1 L 25
78 0 L 45
79 1 L 19
80 0 L 3
81 0 L 76
82
0 0 U -1
1 0 U -1
2 0 L -1
3 0 U -1
4 0 U 1
5 1 U 2
6 0 U 3
7 0 U -1
8 0 L -1
9 0 U -1
10 0 U -1
11 0 L -1
12 1 L 11
13 1 U 2
14 1 L 1
15 0 U 9
16 0 L 10
17 0 U -1
18 0 U -1
19 0 U -1
20 0 U 15
21 1 U -1
22 1 U 18
23 1 U 15
24 1 L 5
25 0 U 8
26 0 U 15
27 0 L 18
28 0 U 12
29 0 L 16
30 1 U -1
31 0 L 28
32 0 U 31
33 1 L 3
34 0 L 32
35 1 L -1
36 0 U 4
37 1 U 23
38 1 U 12
39 1 L 31
40 1 L 21
41 0 U 30
42 0 L 40
43 0 L 25
44 1 L 23
45 1 U 29
46 0 U -1
47 1 U 20
48 0 L 44
49 0 U 29
50 0 L -1
51 1 L 11
52 1 U 41
53 0 L 48
54 0 L 47
55 1 L 24
56 0 U 28
57 0 U 50
58 1 U 15
59 0 L 20
60 1 L 49
61 0 L 40
62 1 L 27
63 0 L 9
64 1 U 54
65 0 L 31
66 0 U 27
67 0 L 19
68 0 L 55
69 0 U -1
70 1 U 66
71 1 L 31
72 0 L 51
73 0 L 40
74 1 L 59
75 1 L 60
76 1 L 50
77 1 L 25
78 0 L 52
79 0 L 19
80 1 L 3
81 0 L 76
82
0 0 U -1
1 0 U -1
2 0 L -1
3 0 U -1
4 0 U 1
5 1 U 2
6 0 U 3
7 0 U -1
8 0 L -1
9 0 U -1
10 0 U -1
11 0 L -1
12 1 L 11
13 1 U 2
14 1 L 1
15 0 U 9
16 0 L 10
17 0 U -1
18 0 U -1
19 0 U -1
20 0 U 15
21 1 U -1
22 1 U 18
23 1 U 4
24 1 L 5
25 0 U 8
26 0 U 1
27 0 L 18
28 0 U 12
29 1 L 14
30 1 U -1
31 0 L 28
32 0 U 31
33 1 L 3
34 1 L 32
35 0 L 34
36 0 U 4
37 1 U 23
38 1 U 5
39 1 L 31
40 1 L 21
41 1 U 30
42 0 L 40
43 1 L 25
44 1 L 23
45 1 U 39
46 1 U -1
47 1 U 20
48 0 L 44
49 0 U 38
50 0 L -1
51 0 L 11
52 1 U 41
53 0 L 48
54 1 L 47
55 1 L 24
56 0 U 28
57 0 U 50
58 1 U 15
59 0 L 20
60 1 L 49
61 0 L 40
62 1 L 27
63 0 L 9
64 1 U 54
65 0 L 31
66 0 U 27
67 0 L 19
68 0 L 55
69 0 U -1
70 0 L 24
71 1 L 31
72 0 L 51
73 0 L 40
74 1 L 59
75 1 L 60
76 1 L 8
77 1 L 25
78 0 L 52
79 1 L 62
80 0 L 29
81 0 L 76
82
0 0 U -1
1 0 U -1
2 0 L -1
3 0 U -1
4 0 U 1
5 1 U 2
6 0 U 3
7 0 U -1
8 0 L -1
9 0 U -1
10 0 U -1
11 0 L -1
12 1 L 11
13 1 U 2
14 1 L 1
15 0 U 9
16 0 L 10
17 0 U -1
18 0 U -1
19 0 U -1
20 0 U 15
21 1 U -1
22 1 U 18
23 1 U 4
24 1 L 5
25 0 U 8
26 0 U 1
27 0 L 18
28 0 U 12
29 1 L 14
30 1 U -1
31 0 L 28
32 0 U 31
33 1 L 29
34 1 L 32
35 1 L 34
36 0 U 4
37 1 U 32
38 1 U 5
39 1 L 31
40 1 L 21
41 0 U 30
42 0 L 40
43 1 L 25
44 1 L 23
45 1 U 39
46 0 U -1
47 1 U 20
48 0 L 44
49 0 U 43
50 1 L -1
51 1 L 11
52 1 U 41
53 0 L 48
54 1 L 47
55 1 L 13
56 0 U 38
57 1 U 42
58 0 U 15
59 0 L 20
60 1 L 49
61 0 L 40
62 0 L 27
63 0 L 9
64 1 U 54
65 0 L 31
66 0 U 22
67 0 L 19
68 1 L 55
69 0 U -1
70 1 L 14
71 1 L 18
72 0 L 51
73 0 L 40
74 1 L 59
75 1 L 60
76 1 L 8
77 0 L 25
78 0 L 42
79 1 L 24
80 1 L 29
81 0 L 76
82
0 0 U -1
1 0 U -1
2 0 L -1
3 0 U -1
4 0 U 1
5 1 U 2
6 0 U 3
7 0 U -1
8 0 L -1
9 0 U -1
10 0 U -1
11 0 L -1
12 1 L 11
13 1 U 2
14 1 L 1
15 0 U 9
16 0 L 10
17 0 U -1
18 0 U -1
19 0 U -1
20 0 U 15
21 1 U -1
22 1 U 18
23 1 U 4
24 1 L 5
25 0 U 8
26 0 U 1
27 0 L 18
28 0 U 12
29 1 L 14
30 1 U -1
31 0 L 28
32 0 U 31
33 1 L 29
34 0 L 32
35 0 L 34
36 0 U 4
37 1 U 32
38 1 U 5
39 1 L 31
40 1 L 21
41 1 U 30
42 0 L 40
43 0 L 20
44 1 L 23
45 1 U 39
46 0 U -1
47 1 U 20
48 0 L 44
49 0 U 43
50 1 L -1
51 1 L 11
52 1 U 41
53 0 L 48
54 0 L 47
55 1 L 13
56 0 U 38
57 0 U 36
58 1 U 15
59 0 L 20
60 1 L 49
61 0 L 40
62 1 L 27
63 0 L 9
64 1 U 54
65 0 L 31
66 0 U 46
67 0 L 34
68 1 L 55
69 0 U -1
70 1 U 14
71 1 L 43
72 1 L 51
73 0 L 40
74 1 L 71
75 1 L 60
76 1 L 8
77 0 L 25
78 0 L 42
79 1 L 24
80 1 L 29
81 0 L -1
82
0 0 U -1
1 0 U -1
2 0 L -1
3 0 U -1
4 0 U 1
5 1 U 2
6 0 U 3
7 0 U -1
8 0 L -1
9 0 U -1
10 0 U -1
11 0 L -1
12 1 L 11
13 1 U 4
14 1 L 1
15 0 U 9
16 0 L 10
17 0 U -1
18 0 U -1
19 0 U -1
20 0 U 15
21 1 U -1
22 1 U 18
23 1 U 4
24 1 L 5
25 0 U 8
26 0 U 2
27 0 L 18
28 0 U 12
29 1 L 14
30 1 U -1
31 0 L 28
32 1 U 31
33 1 L 29
34 0 L 32
35 0 L 34
36 0 U 4
37 0 U 26
38 1 U 5
39 1 L 31
40 1 L 21
41 1 U 6
42 0 L 40
43 0 L 39
44 1 L 23
45 1 U 39
46 1 U -1
47 0 U 5
48 0 L 44
49 0 U 48
50 1 L -1
51 1 L 11
52 1 U 2
53 0 L 48
54 1 L 47
55 1 L 13
56 0 U 37
57 1 L 40
58 0 U 15
59 0 L 20
60 1 L 49
61 0 L 40
62 0 L 27
63 0 L 9
64 1 U 54
65 0 L 31
66 0 U 46
67 0 L 27
68 0 L 55
69 0 U -1
70 0 L 62
71 1 L 55
72 0 L 51
73 0 L 40
74 1 L 71
75 1 L 60
76 1 L 8
77 1 L 25
78 0 L 51
79 1 L 27
80 0 L 29
81 0 L -1
82
0 0 U -1
1 0 U -1
2 0 L -1
3 0 U -1
4 0 U 1
5 1 U 2
6 0 U 3
7 0 U -1
8 0 L -1
9 0 U -1
10 0 U -1
11 0 L -1
12 1 L 11
13 1 U 4
14 1 L 1
15 0 U 9
16 0 L 10
17 0 U -1
18 0 U -1
19 0 U -1
20 0 U 2
21 1 U -1
22 1 U 18
23 1 U 4
24 1 L 5
25 0 U 20
26 0 U 15
27 0 L 18
28 0 U 12
29 1 L 14
30 1 U -1
31 0 L 28
32 1 U 31
33 1 L 29
34 0 L 32
35 1 L 34
36 0 U 35
37 0 U 26
38 0 U 12
39 1 L 31
40 1 L 21
41 0 U 6
42 0 L 40
43 0 L 39
44 1 L 23
45 1 U 39
46 0 U -1
47 0 U 5
48 0 L 44
49 0 U 48
50 0 L -1
51 1 L 11
52 1 U 2
53 0 L 48
54 1 L 47
55 1 L 13
56 0 U 13
57 1 L 29
58 1 U 2
59 0 L 20
60 1 L 49
61 0 L 40
62 1 L 27
63 0 L 9
64 1 U 54
65 0 L 31
66 0 U 27
67 0 L 39
68 0 L 55
69 0 U -1
70 0 L 33
71 1 L 55
72 0 L 42
73 0 L 40
74 1 L 71
75 1 L 60
76 1 L 8
77 0 L 10
78 0 L 51
79 0 L 72
80 1 L 29
81 0 L -1
82
0 0 L -1
1 0 U -1
2 0 L -1
3 0 U -1
4 0 U 1
5 1 U 2
6 0 U 3
7 0 U -1
8 0 L -1
9 0 U -1
10 0 U -1
11 0 L -1
12 1 L 11
13 1 U 4
14 1 L 1
15 0 U 9
16 0 L 10
17 0 U -1
18 0 U -1
19 0 U -1
20 0 U 2
21 1 U -1
22 1 U 18
23 1 U 22
24 1 L 5
25 0 U 8
26 0 U 9
27 0 L 18
28 0 U 23
29 1 L 14
30 1 U -1
31 0 L 28
32 1 L 31
33 1 L 29
34 1 L 32
35 0 L 34
36 0 U 35
37 0 U 29
38 1 U 6
39 1 L 31
40 1 L 21
41 0 L 25
42 0 L 40
43 0 L 39
44 1 L 23
45 1 U 43
46 1 U -1
47 0 U 5
48 0 L 44
49 0 U 48
50 0 L -1
51 1 L 11
52 1 U 32
53 0 L 48
54 1 L 47
55 1 L 13
56 0 U 39
57 1 L 43
58 1 U 46
59 0 U 47
60 1 L 49
61 0 L 40
62 1 L 27
63 1 L 9
64 1 U 54
65 0 L 31
66 0 U 27
67 0 L 39
68 1 L 55
69 0 U -1
70 1 L -1
71 1 L 55
72 0 L 42
73 1 L 40
74 1 L 71
75 1 L 60
76 1 L 8
77 0 L 24
78 1 L 51
79 0 L 72
80 1 L 29
81 0 L -1
82
0 0 L -1
1 0 U -1
2 0 L -1
3 0 U -1
4 0 U 1
5 1 U 2
6 0 U 3
7 0 U -1
8 0 L -1
9 0 U -1
10 0 U -1
11 0 L -1
12 1 L 11
13 1 U 4
14 1 L 1
15 0 U 9
16 0 L 10
17 0 U -1
18 0 U -1
19 0 U -1
20 0 U 2
21 1 U -1
22 1 U 18
23 1 U 2
24 1 L 5
25 0 U 20
26 0 U 9
27 0 L 18
28 0 U 23
29 1 L 14
30 1 U -1
31 0 L 28
32 0 L 31
33 1 L 29
34 1 L 32
35 0 L 34
36 0 U 35
37 0 U 29
38 1 L 6
39 1 L 31
40 1 L 21
41 0 L 25
42 0 L 40
43 0 L 39
44 1 L 41
45 1 U 43
46 0 U -1
47 1 U 5
48 0 L 44
49 0 U 48
50 1 L -1
51 1 L 11
52 1 U 32
53 0 L 48
54 0 L 47
55 1 L 13
56 0 U 13
57 1 L 43
58 1 U 22
59 0 U 47
60 1 L 49
61 0 L 40
62 0 L 39
63 1 L 9
64 1 U 54
65 0 L 31
66 0 U 64
67 0 L 39
68 1 L 55
69 0 U -1
70 1 L 41
71 1 L 55
72 0 L 42
73 0 L 40
74 1 L 71
75 1 L 60
76 1 L 8
77 0 L 24
78 0 L 51
79 1 L 72
80 0 L 6
81 0 L -1
82
0 0 L -1
1 0 U -1
2 0 L -1
3 0 U -1
4 0 U 1
5 1 U 2
6 0 U 3
7 0 U -1
8 0 L -1
9 0 U -1
10 0 U -1
11 0 L -1
12 1 L 11
13 1 U 4
14 1 L 1
15 0 U 9
16 0 L 10
17 0 U -1
18 0 U -1
19 0 U -1
20 0 U 2
21 1 U -1
22 1 U 18
23 0 U 2
24 1 L 5
25 0 U 20
26 0 U 22
27 0 L 26
28 0 U 26
29 1 L 14
30 1 U -1
31 0 L 28
32 0 L 31
33 1 L 3
34 1 L 32
35 1 L 21
36 0 U 35
37 0 U 26
38 1 U 25
39 1 L 31
40 1 L 21
41 1 L 25
42 0 L 40
43 0 L 39
44 1 L 41
45 1 U 43
46 0 U -1
47 0 U 5
48 0 L 44
49 0 U 48
50 1 L -1
51 1 L 11
52 1 U 27
53 0 L 48
54 1 L 47
55 1 L 13
56 0 U 13
57 0 L 14
58 0 U 22
59 0 U 53
60 1 L 49
61 0 L 40
62 0 L 39
63 1 L 9
64 1 U 54
65 0 L 17
66 0 U 27
67 1 L 39
68 0 L 55
69 0 U -1
70 1 L 23
71 1 L 55
72 0 L 42
73 1 L 36
74 1 L 71
75 1 L 60
76 1 L 8
77 0 L 21
78 0 L 51
79 0 L 72
80 1 L 6
81 0 L -1
82
0 0 L -1
1 0 U -1
2 0 L -1
3 0 U -1
4 0 U 1
5 1 U 2
6 0 U 3
7 0 U -1
8 0 L -1
9 0 U -1
10 0 U -1
11 0 L -1
12 1 L 11
13 1 U 4
14 1 L 1
15 0 U 9
16 0 L 10
17 0 U -1
18 0 U -1
19 1 U -1
20 0 U 2
21 1 U -1
22 1 U 18
23 1 U 2
24 1 L 5
25 0 U 20
26 0 U 22
27 0 L 26
28 0 U 26
29 0 L 5
30 1 U -1
31 0 L 28
32 0 L 31
33 1 L 3
34 0 L 32
35 1 L 21
36 0 U 35
37 1 U 20
38 1 U 25
39 1 L 31
40 1 L 21
41 0 L 25
42 0 L 40
43 1 L 39
44 1 L 41
45 1 U 36
46 1 U -1
47 0 U 5
48 0 L 44
49 0 U 48
50 0 L -1
51 1 L 11
52 1 U 27
53 0 L 48
54 0 L 47
55 1 L 13
56 0 U 13
57 0 L 14
58 1 U 22
59 0 U 53
60 1 L 49
61 0 L 40
62 1 L 39
63 1 L 9
64 1 U 54
65 0 L 17
66 0 U 7
67 0 L 39
68 0 L 55
69 0 U -1
70 1 L 34
71 1 L 55
72 0 L 42
73 0 L 36
74 1 L 71
75 1 L 60
76 1 L 8
77 0 L 23
78 0 L 51
79 0 L 72
80 0 L 76
81 0 L -1
82
0 0 L -1
1 0 U -1
2 0 L -1
3 0 U -1
4 0 U 1
5 1 U 2
6 0 U 3
7 0 U -1
8 0 L -1
9 0 U -1
10 0 U -1
11 0 L -1
12 1 L 11
13 1 U 4
14 0 L 1
15 0 U 9
16 0 L 10
17 0 U -1
18 0 U -1
19 1 U -1
20 0 U 2
21 1 U -1
22 1 U 18
23 0 U 6
24 1 L 5
25 0 U 20
26 0 U 6
27 0 L 26
28 0 U 26
29 1 L 11
30 1 U -1
31 0 L 28
32 0 L 31
33 1 L 3
34 0 L 32
35 0 L 21
36 0 U 35
37 0 U 12
38 1 U 35
39 0 L 31
40 1 L 21
41 0 L 25
42 0 L 40
43 0 L 19
44 1 L 41
45 1 U 36
46 1 U -1
47 0 U 5
48 0 L 44
49 0 U 48
50 1 L -1
51 1 L 11
52 1 U 27
53 0 L 48
54 0 L 47
55 1 L 13
56 0 U 13
57 1 L 40
58 1 U 22
59 0 U 53
60 1 L 49
61 0 L 40
62 1 L 39
63 1 L 9
64 1 U 54
65 0 L 17
66 0 U 7
67 0 L 39
68 0 L 55
69 0 U -1
70 0 L 34
71 1 L 13
72 0 L 42
73 0 L 32
74 1 L 71
75 1 L 60
76 1 L 8
77 0 L 51
78 0 L 51
79 1 L 72
80 0 L 76
81 0 L -1
82
0 0 U -1
1 0 U -1
2 0 L -1
3 0 U -1
4 0 U 1
5 1 U 2
6 0 U 3
7 0 U -1
8 0 L -1
9 0 U -1
10 0 U -1
11 0 L -1
12 1 L 11
13 1 U 4
14 0 L 12
15 0 U 9
16 0 L 10
17 0 U -1
18 0 U -1
19 1 U -1
20 0 U 2
21 1 U -1
22 1 U 18
23 1 U 6
24 1 L 5
25 0 U 20
26 0 U 6
27 1 L 26
28 0 U 26
29 0 L 24
30 1 U -1
31 0 L 28
32 0 L 31
33 1 L 11
34 1 L 32
35 1 L 21
36 0 U 35
37 0 U 12
38 1 U 35
39 1 L 31
40 1 L 21
41 1 L 25
42 0 L 40
43 1 L 19
44 1 L 41
45 1 U 36
46 0 U -1
47 0 U 26
48 0 L 44
49 0 U 41
50 0 L -1
51 1 L 11
52 1 U 6
53 0 L 48
54 1 L 47
55 1 L 13
56 0 U 13
57 1 L 41
58 0 U 22
59 0 U 53
60 1 L 49
61 0 L 40
62 1 L 39
63 1 L 24
64 1 U 54
65 0 L 17
66 0 U 7
67 1 L 19
68 0 L 55
69 0 U -1
70 0 L 34
71 0 L 3
72 0 L 42
73 0 L 27
74 0 L 70
75 1 L 60
76 1 L 8
77 0 L 51
78 0 L 51
79 0 L 72
80 0 L 76
81 0 L -1
82
0 0 L -1
1 0 U -1
2 0 L -1
3 0 U -1
4 0 U 1
5 1 U 2
6 0 U 3
7 0 U -1
8 0 L -1
9 0 U -1
10 0 U -1
11 0 L -1
12 1 L 11
13 1 U 4
14 0 L 12
15 0 U 9
16 0 L 10
17 0 U -1
18 0 U -1
19 1 U -1
20 0 U 15
21 1 U -1
22 1 U 18
23 1 U 6
24 1 L 5
25 0 U 20
26 0 U 6
27 1 L 26
28 0 U 26
29 0 L 12
30 1 U -1
31 0 L 28
32 0 L 31
33 1 L 11
34 0 L 32
35 1 L 21
36 0 U 35
37 0 U 12
38 1 U 35
39 1 L 31
40 1 L 21
41 0 L 25
42 0 L 40
43 0 L 29
44 1 L 41
45 1 U 13
46 1 U -1
47 0 U 26
48 0 L 44
49 0 U 41
50 0 L -1
51 1 L 11
52 1 U 6
53 0 L 48
54 1 L 47
55 1 L 13
56 0 U 13
57 0 L 41
58 0 U 22
59 0 U 53
60 1 L 49
61 0 L 40
62 1 L 39
63 1 L 24
64 1 U 54
65 0 L 17
66 0 U 7
67 1 L 19
68 0 L 55
69 0 U -1
70 0 L 34
71 1 L 3
72 0 L 42
73 0 L 27
74 0 L 70
75 1 L 60
76 1 L 8
77 1 L 51
78 0 L 51
79 0 L 72
80 1 L 76
81 0 L -1
82
0 0 L -1
1 0 U -1
2 0 L -1
3 0 U -1
4 0 U 1
5 1 U 2
6 0 U 3
7 0 U -1
8 0 L -1
9 0 U -1
10 0 U -1
11 0 L -1
12 1 L 11
13 1 U 4
14 0 L 12
15 0 U 9
16 0 L 10
17 0 U -1
18 0 U -1
19 1 U -1
20 0 U 15
21 1 U -1
22 1 U 18
23 0 U 2
24 1 L 5
25 0 U 14
26 0 U 6
27 1 L 26
28 0 U 26
29 0 L 12
30 1 U -1
31 0 L 28
32 0 U 27
33 1 L 11
34 0 L 32
35 1 L 34
36 0 U 4
37 1 U 12
38 1 U 35
39 1 L 31
40 1 L 21
41 0 L 25
42 0 L 40
43 1 L 29
44 1 L 41
45 1 U 39
46 1 U -1
47 0 U 34
48 0 L 44
49 0 U 41
50 1 L -1
51 1 L 11
52 1 U 6
53 0 L 48
54 1 L 47
55 1 L 13
56 0 U 13
57 1 L 40
58 1 U 22
59 0 U 37
60 1 L 49
61 0 L 40
62 1 L 19
63 0 L 24
64 1 U 54
65 0 L 17
66 0 U 4
67 1 L 19
68 0 L 55
69 0 U -1
70 1 L 34
71 1 L 3
72 0 L 42
73 0 L 26
74 1 L 70
75 1 L 60
76 1 L 8
77 1 L 51
78 0 L 51
79 1 L 72
80 1 L 76
81 0 L -1
82
0 0 L -1
1 0 U -1
2 0 L -1
3 0 U -1
4 0 U 1
5 1 U 2
6 0 U 3
7 0 U -1
8 0 L -1
9 0 U -1
10 0 U -1
11 0 L -1
12 1 L 11
13 1 U 4
14 0 L 4
15 1 U 1
16 0 L 10
17 0 U -1
18 0 U -1
19 1 U -1
20 0 U 15
21 1 U -1
22 1 U 18
23 0 U 2
24 1 L 5
25 0 U 14
26 0 U 6
27 1 L 26
28 0 U 26
29 0 L 12
30 1 U -1
31 0 L 28
32 0 L 27
33 1 L 11
34 0 L 32
35 1 L 21
36 0 U 4
37 0 U 5
38 1 U 2
39 1 L 32
40 1 L 21
41 0 L 25
42 0 L 40
43 1 L 29
44 0 L 22
45 1 U 14
46 0 U -1
47 0 U 34
48 0 L 44
49 0 U 43
50 0 L -1
51 1 L 11
52 1 U 22
53 0 L 48
54 1 L 47
55 1 L 13
56 0 U 13
57 0 L 17
58 1 U 22
59 0 U 58
60 1 L 49
61 0 L 40
62 1 L 19
63 1 L 24
64 1 U 54
65 1 L 17
66 0 U 4
67 1 L 65
68 0 L 55
69 0 U -1
70 1 L 34
71 0 L 34
72 0 L 42
73 0 L 22
74 1 L 70
75 1 L 60
76 1 L 8
77 1 L 51
78 0 L 51
79 0 L 72
80 0 L 76
81 0 L -1
82
0 0 U -1
1 0 U -1
2 0 L -1
3 0 U -1
4 0 U 1
5 1 U 2
6 0 U 3
7 0 U -1
8 0 L -1
9 0 U -1
10 0 U -1
11 0 L -1
12 1 L 11
13 1 U 4
14 0 L 4
15 1 U 1
16 0 L 10
17 0 U -1
18 0 U -1
19 1 U -1
20 0 U 15
21 1 U -1
22 1 U 18
23 0 U 2
24 1 L 5
25 0 U 20
26 0 U 6
27 1 L 26
28 0 U 26
29 0 L 12
30 1 U -1
31 0 L 28
32 0 L 27
33 1 L 11
34 0 L 32
35 1 L 21
36 0 U 4
37 1 U 5
38 1 U 6
39 1 L 32
40 1 L 21
41 0 L 25
42 0 L 40
43 0 L 29
44 0 L 22
45 1 U 14
46 0 U -1
47 0 U 34
48 0 L 44
49 0 U 41
50 1 L -1
51 1 L 11
52 1 U 46
53 0 L 48
54 1 L 47
55 1 L 13
56 0 U 13
57 1 L 17
58 0 U 2
59 0 U 37
60 1 L 49
61 0 L 40
62 1 L 19
63 1 L 24
64 1 U 54
65 1 L 17
66 0 U 4
67 1 L 65
68 0 L 55
69 0 U -1
70 1 L 34
71 0 L 34
72 0 L 42
73 0 L 16
74 1 L 70
75 1 L 60
76 1 L 8
77 0 L 51
78 0 L 51
79 1 L 72
80 0 L 76
81 0 L -1
82
0 0 L -1
1 0 U -1
2 0 L -1
3 0 U -1
4 0 U 1
5 1 U 2
6 0 U 3
7 0 U -1
8 0 L -1
9 0 U -1
10 0 U -1
11 0 L -1
12 1 L 11
13 1 U 4
14 0 L 4
15 1 U 10
16 0 L 10
17 0 U -1
18 0 U -1
19 1 U -1
20 1 U 15
21 1 U -1
22 1 U 18
23 0 U 22
24 1 L 5
25 0 U 20
26 0 U 6
27 0 L 25
28 0 U 26
29 0 L 12
30 1 U -1
31 0 L 28
32 0 U 26
33 1 L 11
34 0 L 32
35 1 L 21
36 0 U 4
37 0 U 5
38 1 U 6
39 0 L 32
40 1 L 21
41 0 L 25
42 0 L 40
43 0 L 29
44 0 L 22
45 1 U 14
46 1 U -1
47 1 U 34
48 0 L 44
49 0 U 41
50 0 L -1
51 1 L 11
52 1 U 46
53 0 L 48
54 1 L 47
55 1 L 13
56 0 U 13
57 1 L 31
58 0 U 2
59 0 U 47
60 1 L 49
61 0 L 40
62 1 L 19
63 0 L 24
64 1 U 54
65 0 L 17
66 0 U 30
67 0 L 65
68 0 L 55
69 0 U -1
70 1 L 39
71 0 L 43
72 0 L 42
73 1 L 16
74 1 L 70
75 1 L 60
76 1 L 8
77 0 L 51
78 0 L 51
79 0 L 38
80 1 L 76
81 0 L -1
82
0 0 U -1
1 0 U -1
2 0 L -1
3 0 U -1
4 0 U 1
5 1 U 2
6 0 U 3
7 0 U -1
8 0 L -1
9 0 U -1
10 0 U -1
11 0 L -1
12 1 L 11
13 1 U 4
14 0 L 4
15 1 U 10
16 0 L 10
17 0 U -1
18 0 U -1
19 1 U -1
20 1 U 15
21 1 U -1
22 1 U 18
23 0 U 22
24 1 L 5
25 0 U 14
26 0 U 6
27 0 L 25
28 0 U 26
29 0 L 12
30 1 U -1
31 0 L 28
32 1 U 26
33 1 L 11
34 0 L 32
35 1 L 21
36 0 U 4
37 0 U 5
38 1 U 6
39 0 L 32
40 1 L 21
41 0 L 25
42 0 L 40
43 0 L 29
44 0 L 22
45 1 U 29
46 0 U -1
47 0 U 34
48 0 L 44
49 0 U 41
50 0 L -1
51 1 L 11
52 1 U 46
53 0 L 48
54 1 L 47
55 1 L 13
56 0 U 13
57 1 L 31
58 1 U 2
59 0 U 28
60 1 L 49
61 0 L 40
62 1 L 19
63 0 L 24
64 1 U 54
65 1 L 17
66 0 U 9
67 0 L 65
68 0 L 55
69 0 U -1
70 0 L 65
71 0 L 43
72 0 L 42
73 1 L 16
74 1 L 70
75 1 L 60
76 1 L 8
77 1 L 51
78 0 L 51
79 0 L 74
80 0 L 76
81 0 L -1
82
0 0 L -1
1 0 U -1
2 0 L -1
3 0 U -1
4 0 U 1
5 1 U 2
6 0 U 3
7 0 U -1
8 0 L -1
9 0 U -1
10 0 U -1
11 0 L -1
12 1 L 11
13 1 U 4
14 0 L 4
15 1 U 1
16 0 L 10
17 0 U -1
18 0 U -1
19 1 U -1
20 1 U 15
21 1 U -1
22 1 U 18
23 1 U 22
24 1 L 5
25 0 U 14
26 0 U 6
27 0 L 25
28 0 U 26
29 0 L 12
30 1 U -1
31 0 L 28
32 0 U 5
33 1 L 11
34 0 L 32
35 1 L 21
36 0 U 4
37 1 U 5
38 1 U 34
39 0 L 32
40 1 L 21
41 0 L 25
42 0 L 40
43 0 L 29
44 1 L 41
45 1 U 29
46 1 U -1
47 0 U 34
48 0 L 44
49 0 U 44
50 1 L -1
51 1 L 11
52 1 U 46
53 0 L 48
54 1 L 47
55 1 L 13
56 0 U 13
57 0 L 31
58 0 U 46
59 0 U 20
60 1 L 49
61 0 L 40
62 1 L 19
63 0 L 24
64 1 U 54
65 0 L 17
66 0 U 9
67 0 L 65
68 0 L 27
69 0 U -1
70 1 L 65
71 0 L 43
72 0 L 42
73 0 L 55
74 1 L 70
75 1 L 60
76 1 L 8
77 0 L 51
78 0 L 51
79 1 L 74
80 1 L 76
81 0 L -1
82
0 0 L -1
1 0 U -1
2 0 L -1
3 0 U -1
4 0 U 1
5 1 U 2
6 0 U 3
7 0 U -1
8 0 L -1
9 0 U -1
10 0 U -1
11 0 L -1
12 1 L 11
13 1 U 4
14 0 L 4
15 1 U 1
16 0 L 10
17 0 U -1
18 0 U -1
19 1 U -1
20 1 U 15
21 1 U -1
22 1 U 18
23 0 U 22
24 1 L 5
25 0 U 14
26 0 U 7
27 0 L 25
28 0 U 26
29 0 L 12
30 1 U -1
31 0 L 28
32 0 U 5
33 1 L 11
34 0 L 32
35 1 L 21
36 0 U 4
37 1 U 5
38 1 U 34
39 0 L 32
40 1 L 21
41 0 L 25
42 0 L 40
43 0 L 29
44 1 L 41
45 1 U 29
46 1 U -1
47 0 U 34
48 0 L 44
49 0 U 44
50 0 L -1
51 1 L 11
52 1 U 46
53 0 L 48
54 1 L 47
55 1 L 13
56 0 U 13
57 0 L 25
58 0 U 46
59 0 U 14
60 1 L 49
61 0 L 40
62 1 L 19
63 0 L 9
64 1 U 54
65 0 L 17
66 0 U 9
67 0 L 65
68 0 L 27
69 0 U -1
70 0 L 65
71 0 L 43
72 0 L 42
73 0 L 55
74 1 L 70
75 1 L 60
76 1 L 8
77 1 L 51
78 0 L 51
79 1 L 74
80 1 L 76
81 0 L -1
82
0 0 U -1
1 0 U -1
2 0 L -1
3 0 U -1
4 0 U 1
5 1 U 2
6 0 U 3
7 0 U -1
8 0 L -1
9 0 U -1
10 0 U -1
11 0 L -1
12 1 L 11
13 1 U 2
14 0 L 4
15 1 U 1
16 0 L 10
17 0 U -1
18 0 U -1
19 1 U -1
20 1 U 15
21 1 U -1
22 1 U 18
23 0 U 2
24 1 L 5
25 0 U 14
26 0 U 7
27 0 L 25
28 0 U 26
29 0 L 12
30 1 U -1
31 0 L 28
32 1 U 5
33 1 L 11
34 1 L 32
35 1 L 21
36 0 U 4
37 0 U 5
38 1 U 26
39 1 L 32
40 1 L 21
41 0 L 25
42 0 L 40
43 0 L 29
44 1 L 41
45 1 U 29
46 0 U -1
47 0 U 15
48 0 L 44
49 0 U 44
50 0 L -1
51 1 L 11
52 1 U 46
53 0 L 48
54 1 L 47
55 1 L 13
56 0 U 20
57 1 L 25
58 1 U 6
59 0 L 37
60 1 L 49
61 0 L 40
62 1 L 19
63 0 L 9
64 1 U 54
65 0 L 17
66 0 U 9
67 0 L 65
68 0 L 27
69 0 U -1
70 1 L 28
71 0 L 43
72 0 L 35
73 1 L 55
74 1 L 70
75 1 L 60
76 1 L 50
77 1 L 51
78 0 L 51
79 1 L 74
80 0 L 76
81 0 L -1
82
0 0 U -1
1 0 U -1
2 0 L -1
3 0 U -1
4 0 U 1
5 1 U 2
6 0 U 3
7 0 U -1
8 0 L -1
9 0 U -1
10 0 U -1
11 0 L -1
12 1 L 11
13 1 U 4
14 0 L 12
15 1 U 1
16 0 L 10
17 0 U -1
18 0 U -1
19 1 U -1
20 1 U 15
21 1 U -1
22 1 U 18
23 0 U 2
24 1 L 5
25 0 U 14
26 0 U 7
27 0 L 25
28 0 U 26
29 0 L 12
30 1 U -1
31 0 L 28
32 1 U 15
33 1 L 11
34 1 L 32
35 1 L 34
36 0 U 35
37 0 U 32
38 1 U 26
39 1 L 32
40 1 L 21
41 0 L 25
42 0 L 40
43 0 L 29
44 1 L 41
45 1 U 29
46 1 U -1
47 0 U 5
48 0 L 44
49 0 U 44
50 0 L -1
51 1 L 11
52 1 U 46
53 0 L 48
54 1 L 47
55 1 L 13
56 0 U 20
57 1 L 49
58 1 U 6
59 0 U 37
60 1 L 49
61 0 L 40
62 1 L 19
63 1 L 9
64 1 U 54
65 0 L 17
66 0 U 9
67 0 L 65
68 0 L 27
69 0 U -1
70 0 L 28
71 0 L 43
72 0 L 21
73 0 L 55
74 1 L 70
75 1 L 60
76 1 L 50
77 0 L 51
78 0 L 51
79 1 L 74
80 0 L 76
81 0 L -1
82
0 0 L -1
1 0 U -1
2 0 L -1
3 0 U -1
4 0 U 1
5 1 U 2
6 0 U 3
7 0 U -1
8 0 L -1
9 0 U -1
10 0 U -1
11 0 L -1
12 1 L 11
13 1 U 2
14 0 L 12
15 1 U 10
16 0 L 10
17 0 U -1
18 0 U -1
19 1 U -1
20 1 U 15
21 1 U -1
22 1 U 18
23 0 U 2
24 1 L 5
25 0 U 14
26 0 U 7
27 0 L 25
28 0 U 26
29 0 L 12
30 1 U -1
31 0 L 3
32 1 U 15
33 1 L 11
34 1 L 32
35 0 L 21
36 0 U 35
37 0 U 32
38 1 U 26
39 1 L 32
40 1 L 21
41 0 L 25
42 0 L 40
43 0 L 29
44 0 L 41
45 1 U 29
46 1 U -1
47 0 U 23
48 0 L 44
49 0 U 44
50 0 L -1
51 1 L 11
52 1 U 46
53 1 L 48
54 1 L 47
55 1 L 13
56 0 U 20
57 0 L 40
58 0 U 6
59 0 U 47
60 1 L 49
61 0 L 40
62 1 L 19
63 1 L 9
64 1 U 54
65 1 L 17
66 0 U 9
67 0 L 65
68 0 L 27
69 0 U -1
70 0 L 17
71 0 L 43
72 0 L 21
73 1 L 55
74 1 L 70
75 1 L 60
76 1 L 50
77 1 L 51
78 0 L 72
79 0 L 74
80 0 L 76
81 0 L -1
