70
0 0 U -1
1 0 U -1
2 0 U -1
3 0 U -1
4 0 U -1
5 0 U -1
6 0 U -1
7 0 U -1
8 0 U -1
9 0 U -1
10 0 U -1
11 0 U -1
12 0 U -1
13 0 U -1
14 0 U -1
15 0 U -1
16 0 U -1
17 0 U -1
18 0 U -1
19 0 U -1
20 0 U -1
21 0 U -1
22 0 U -1
23 0 U -1
24 0 U -1
25 0 U -1
26 0 U -1
27 0 U -1
28 0 U -1
29 0 U -1
30 0 U -1
31 0 U -1
32 0 U -1
33 0 U -1
34 0 U -1
35 0 U -1
36 0 U -1
37 0 U -1
38 0 U -1
39 0 U -1
40 0 U -1
41 0 U -1
42 0 U -1
43 0 U -1
44 0 U -1
45 0 U -1
46 0 U -1
47 0 U -1
48 0 U -1
49 0 U -1
50 0 U -1
51 0 U -1
52 0 U -1
53 0 U -1
54 0 U -1
55 0 U -1
56 0 U -1
57 0 U -1
58 0 U -1
59 0 U -1
60 0 U -1
61 0 U -1
62 0 U -1
63 0 U -1
64 0 U -1
65 0 U -1
66 0 U -1
67 0 U -1
68 0 U -1
69 0 U -1
70
0 0 L -1
1 1 U -1
2 0 U -1
3 1 U -1
4 0 U -1
5 0 L 3
6 1 U -1
7 1 U 3
8 0 L 1
9 1 L 2
10 0 U -1
11 1 L 8
12 1 U 7
13 0 U 6
14 1 L 1
15 0 U 9
16 0 L -1
17 1 U 5
18 1 L 12
19 1 U 14
20 1 L -1
21 0 U 4
22 1 U 17
23 1 L 14
24 0 L -1
25 1 L 24
26 1 L 8
27 1 U -1
28 0 L 13
29 0 L 17
30 0 L -1
31 0 L 12
32 1 U 31
33 0 U 30
34 1 U 17
35 1 L 0
36 1 L 12
37 1 L 34
38 1 U -1
39 1 U 15
40 1 U 20
41 1 L 8
42 0 U 10
43 1 U 22
44 0 L -1
45 0 L 44
46 0 L 20
47 1 U 38
48 1 U 8
49 1 U 22
50 0 U 46
51 0 L 3
52 0 L 51
53 1 U 18
54 0 L 12
55 0 U 4
56 1 L 5
57 0 L 37
58 1 L 27
59 0 U 17
60 1 L 53
61 0 U 43
62 0 U 14
63 1 L 1
64 1 U -1
65 0 L -1
66 0 L 43
67 1 L 32
68 1 U 64
69 1 L 40
70
0 0 L -1
1 1 U -1
2 0 U -1
3 1 U -1
4 0 U -1
5 0 L 3
6 1 U -1
7 1 U 3
8 0 L 1
9 1 L 2
10 0 U -1
11 0 L 7
12 1 U 7
13 0 U 4
14 1 L 1
15 0 U 9
16 0 L -1
17 1 U 13
18 0 L 16
19 1 U 11
20 0 L -1
21 1 L 15
22 1 U 17
23 0 U 22
24 0 L -1
25 1 L 24
26 0 L 15
27 1 U -1
28 0 L 13
29 0 L 16
30 0 L -1
31 0 L 12
32 1 L 31
33 0 U 30
34 1 U 18
35 0 L 0
36 1 L 12
37 1 L 28
38 1 U -1
39 1 U 15
40 1 L 26
41 1 L 7
42 0 L 5
43 0 U 34
44 0 L -1
45 0 L 38
46 1 L 14
47 1 U 10
48 1 U 8
49 0 U 22
50 0 L 20
51 0 U 48
52 0 U 24
53 0 U 47
54 0 L 6
55 0 U 2
56 0 L 30
57 1 L 37
58 0 L 27
59 0 U 20
60 0 L 15
61 0 U 46
62 0 U -1
63 0 U 53
64 1 U -1
65 1 L -1
66 1 L 35
67 0 L 54
68 0 U 64
69 1 L 8
70
0 0 U -1
1 1 U -1
2 0 U -1
3 1 U -1
4 0 U -1
5 0 L 3
6 1 U -1
7 1 U 2
8 1 L 1
9 1 L 1
10 0 U -1
11 0 L 7
12 1 U 7
13 0 U 4
14 1 L 1
15 0 U 9
16 0 L -1
17 1 U 13
18 0 L 16
19 0 U 7
20 0 L -1
21 1 L 15
22 1 U 17
23 1 U 22
24 0 L -1
25 1 L 24
26 1 L 15
27 1 U -1
28 0 L 13
29 1 L 6
30 0 L -1
31 0 L 12
32 1 L 31
33 0 U 30
34 1 U 18
35 0 L 0
36 1 L 12
37 1 L 28
38 1 U -1
39 1 U 15
40 1 L 21
41 1 L 12
42 0 L 5
43 0 U 34
44 1 L -1
45 0 L 38
46 1 L 14
47 1 U 10
48 1 U 34
49 0 U 8
50 1 L 20
51 0 L 2
52 1 U 25
53 0 U 29
54 0 L 6
55 0 U 0
56 0 L 30
57 1 L 37
58 1 L 27
59 0 U 7
60 1 U 32
61 1 U 46
62 1 L -1
63 0 U 32
64 1 U -1
65 0 L -1
66 1 L 56
67 0 L 36
68 0 U 64
69 0 L 2
70
0 0 L -1
1 1 U -1
2 0 U 0
3 1 U -1
4 0 U -1
5 0 L 3
6 1 U -1
7 1 U 1
8 0 L 1
9 1 L 1
10 0 U -1
11 1 L 7
12 1 U 7
13 0 U -1
14 1 L 1
15 0 U 9
16 0 L -1
17 1 U 16
18 0 L 16
19 0 L 12
20 0 L -1
21 1 L 15
22 1 U 17
23 1 U 9
24 0 L -1
25 1 L 24
26 1 L 15
27 1 U -1
28 0 L 13
29 0 L 16
30 0 L -1
31 0 L 12
32 1 L 31
33 0 U 30
34 1 U 18
35 0 L 30
36 1 L 12
37 1 L 28
38 1 U -1
39 1 U 15
40 1 L 21
41 1 L 6
42 0 L 5
43 0 U 8
44 1 L -1
45 0 L 37
46 1 L 14
47 1 U 10
48 1 U 25
49 1 U 11
50 1 L 9
51 0 L 31
52 0 U 25
53 0 U 29
54 0 L 6
55 0 U -1
56 0 L 30
57 0 L 38
58 0 L 27
59 0 U 7
60 0 U 32
61 1 U 46
62 1 L -1
63 0 U 48
64 1 U -1
65 0 L -1
66 1 L 56
67 0 L 36
68 0 U 64
69 1 L 2
70
0 0 L -1
1 1 U -1
2 0 U 0
3 1 U -1
4 0 U -1
5 0 L 3
6 1 U -1
7 1 U 1
8 1 L 1
9 1 L 1
10 0 U -1
11 1 L 7
12 1 U 7
13 0 U -1
14 1 L 1
15 0 U 9
16 0 L -1
17 1 U 2
18 0 L 12
19 0 L 12
20 0 L -1
21 1 L 15
22 1 U 17
23 1 U 19
24 0 L -1
25 1 L 24
26 1 L 15
27 1 U -1
28 0 L 13
29 0 L 16
30 0 L -1
31 0 L 12
32 1 L 31
33 0 U 30
34 1 U 2
35 0 L 30
36 1 L 12
37 1 L 28
38 1 U -1
39 1 U 26
40 1 L 21
41 1 L 6
42 0 L 5
43 0 U 8
44 1 L -1
45 0 L 37
46 1 L 1
47 0 U 2
48 1 U 47
49 1 U 20
50 1 L 46
51 1 L 9
52 1 U 9
53 0 U 52
54 0 L 6
55 0 U -1
56 0 L 20
57 0 L 37
58 1 L 27
59 0 U 7
60 1 L 32
61 1 U 46
62 1 L -1
63 0 U 48
64 1 U -1
65 0 L -1
66 1 L 56
67 0 L 36
68 0 U 64
69 1 L 2
70
0 0 L -1
1 1 U -1
2 0 U 0
3 1 U -1
4 0 U -1
5 0 L 3
6 1 U -1
7 1 U 1
8 1 L 1
9 0 L 1
10 0 U -1
11 1 L 7
12 1 U 7
13 0 U -1
14 1 L 1
15 0 L 9
16 0 L -1
17 1 U 10
18 0 L 14
19 1 L 12
20 0 L -1
21 1 L 15
22 1 U 17
23 0 U 8
24 0 L -1
25 1 L 24
26 1 L 15
27 1 U -1
28 0 L 13
29 0 L 16
30 0 L -1
31 0 L 12
32 1 L 31
33 0 U 30
34 1 U 16
35 0 L 16
36 1 L 12
37 1 L 28
38 1 U -1
39 1 U 26
40 1 L 21
41 1 L 6
42 1 L 5
43 0 U 34
44 1 L -1
45 0 L 37
46 1 L 14
47 0 U 16
48 1 U 47
49 1 U 11
50 0 L 46
51 1 L 50
52 1 U 34
53 0 U 52
54 0 L 6
55 0 U 4
56 0 L 20
57 1 L 37
58 1 L 27
59 0 U 7
60 1 U 32
61 1 U 46
62 1 L -1
63 0 U 48
64 1 U -1
65 0 L -1
66 1 L 56
67 0 L 36
68 0 U 64
69 0 L 66
70
0 0 L -1
1 1 U -1
2 0 U -1
3 1 U -1
4 0 U -1
5 0 L 3
6 1 U -1
7 1 U 1
8 0 L 1
9 1 L 1
10 0 U -1
11 1 L 7
12 1 U 7
13 0 U -1
14 1 L 1
15 0 L 9
16 0 L -1
17 1 U 16
18 0 L 12
19 0 L 12
20 0 L -1
21 1 L 3
22 1 U 17
23 1 U 12
24 0 L -1
25 1 L 24
26 1 L 3
27 1 U -1
28 0 L 13
29 0 L 16
30 0 L -1
31 0 L 12
32 1 L 31
33 0 U 30
34 1 U 27
35 0 L 16
36 1 L 12
37 1 L 28
38 1 U -1
39 1 U 26
40 1 L 21
41 1 U 14
42 1 L 15
43 0 U 34
44 1 L -1
45 0 L 37
46 1 L 14
47 1 U 27
48 1 U 24
49 1 U 11
50 0 U 21
51 1 L 32
52 1 U 18
53 0 U 52
54 0 L 12
55 0 U 4
56 0 L 20
57 1 L 33
58 0 L 27
59 0 U 7
60 1 L 32
61 1 U 36
62 1 L 4
63 1 U 59
64 1 U -1
65 0 L -1
66 1 L 56
67 0 L 36
68 0 U 6
69 1 L 9
70
0 0 U -1
1 1 U -1
2 0 U 0
3 1 U -1
4 0 U -1
5 0 L 3
6 1 U -1
7 1 U 3
8 1 L 1
9 1 L 1
10 0 U -1
11 1 L 7
12 1 U 7
13 0 U -1
14 1 L 1
15 0 L 9
16 0 L -1
17 1 U 16
18 0 L 12
19 0 L 14
20 0 L -1
21 1 L 3
22 1 U 17
23 0 U 12
24 0 L -1
25 1 L 24
26 1 L 15
27 1 U -1
28 0 U 19
29 0 L 12
30 0 L -1
31 0 L 12
32 1 L 31
33 0 U 30
34 1 U 10
35 0 L 16
36 1 L 12
37 1 L 22
38 1 U -1
39 1 U 19
40 1 L 21
41 0 L 16
42 0 L 3
43 0 U 34
44 1 L -1
45 0 L 44
46 1 U 14
47 1 U 27
48 1 U 34
49 1 U 11
50 0 L 28
51 0 U 25
52 1 U 18
53 0 U 52
54 0 L 12
55 0 U 4
56 1 L 20
57 1 L 4
58 1 L 23
59 0 U 7
60 1 L 54
61 1 U 36
62 1 L 18
63 1 U 59
64 1 U -1
65 0 L -1
66 1 L 35
67 1 L 37
68 0 U 6
69 1 L 3
70
0 0 U -1
1 1 U -1
2 0 U 0
3 1 U -1
4 0 U -1
5 0 L 3
6 1 U -1
7 1 U 3
8 0 L 1
9 1 L 1
10 0 U -1
11 1 L 7
12 1 U 7
13 0 U -1
14 1 L 1
15 0 L 9
16 0 L -1
17 1 U 16
18 1 L 6
19 0 L 14
20 1 L -1
21 1 L 3
22 1 U 17
23 1 U 12
24 1 L -1
25 1 L 24
26 1 L 15
27 1 U -1
28 0 L 2
29 0 L 12
30 0 L -1
31 0 L 6
32 1 L 31
33 0 U 31
34 1 U 16
35 0 L 0
36 1 L 12
37 1 L 22
38 1 U -1
39 1 U 19
40 1 L 21
41 0 L 16
42 1 L 8
43 0 U 8
44 1 L -1
45 0 L 44
46 1 U 19
47 1 U 2
48 1 U 34
49 1 U 11
50 0 L 42
51 0 L 35
52 1 U 18
53 0 U 52
54 0 L 12
55 0 U 4
56 0 L 44
57 0 L 8
58 1 L 23
59 0 U 7
60 1 L 54
61 1 U 36
62 1 L 7
63 1 U 29
64 1 U -1
65 0 L -1
66 1 L 35
67 1 L 37
68 0 U 6
69 1 L 3
70
0 0 U -1
1 1 U -1
2 0 U 0
3 1 U -1
4 0 U -1
5 0 L 3
6 1 U -1
7 1 U 3
8 0 L 1
9 1 L 1
10 0 U -1
11 1 L 7
12 1 U 7
13 0 U -1
14 1 L 1
15 0 L 9
16 0 L -1
17 1 U 16
18 1 L 6
19 0 L 14
20 0 L -1
21 1 L 3
22 1 U 17
23 1 U 8
24 0 L -1
25 1 L 24
26 1 L 15
27 1 U -1
28 0 L 2
29 0 L 12
30 0 L -1
31 0 L 12
32 1 L 31
33 0 U 31
34 1 U 27
35 0 L 16
36 1 L 12
37 1 L 22
38 1 U -1
39 1 U 19
40 1 L 21
41 1 L 16
42 0 L 8
43 0 U 18
44 1 L -1
45 1 L 44
46 1 U 19
47 1 U 16
48 1 U 34
49 1 U 11
50 0 L 42
51 1 L 32
52 1 U 34
53 0 U 52
54 0 L 12
55 0 U 0
56 0 L 24
57 1 L 54
58 1 L 23
59 0 U 7
60 0 L 24
61 1 U 36
62 1 L 11
63 1 U 29
64 1 U -1
65 0 L -1
66 0 L 35
67 1 L 37
68 0 U 64
69 1 L 3
70
0 0 U -1
1 1 U -1
2 0 U -1
3 1 U -1
4 0 U -1
5 0 L 3
6 1 U -1
7 1 U 3
8 1 L 1
9 1 L 1
10 0 U -1
11 1 L 7
12 1 U 7
13 0 U -1
14 1 L 1
15 0 L 9
16 0 L -1
17 1 U 16
18 1 L 7
19 0 L 14
20 1 L -1
21 1 L 3
22 1 U 17
23 1 U 8
24 0 L -1
25 1 L 24
26 1 L 15
27 1 U -1
28 1 L 17
29 0 L 12
30 1 L -1
31 0 L 12
32 1 L 31
33 0 U 31
34 1 U 10
35 0 L 16
36 1 L 12
37 1 L 22
38 1 U -1
39 1 U 19
40 1 L 21
41 1 L 36
42 1 L 8
43 0 U 18
44 1 L -1
45 1 L 44
46 1 U 19
47 0 U 10
48 1 U 34
49 0 U 11
50 0 L 42
51 0 L 9
52 0 U 21
53 0 L 4
54 0 L 12
55 0 U 0
56 0 L 24
57 0 L 56
58 1 L 23
59 0 U 7
60 1 L 24
61 1 U 46
62 1 L 11
63 1 U 43
64 1 U -1
65 0 L -1
66 1 L 60
67 1 L 37
68 0 U 64
69 0 L 2
70
0 0 U -1
1 1 U -1
2 0 U -1
3 1 U -1
4 0 U -1
5 0 L 3
6 1 U -1
7 1 U 3
8 1 L 1
9 0 L 1
10 0 U -1
11 1 L 7
12 1 U 7
13 0 U -1
14 1 L 1
15 0 L 9
16 0 L -1
17 1 U 16
18 1 U 7
19 0 L 14
20 0 L -1
21 1 L 3
22 1 U 17
23 1 U 8
24 0 L -1
25 1 L 24
26 0 L 8
27 1 U -1
28 1 L 13
29 0 L 12
30 1 L -1
31 0 L 12
32 1 L 31
33 0 U 31
34 1 U 10
35 0 L 16
36 1 L 12
37 1 L 22
38 1 U -1
39 1 U 15
40 1 L 21
41 1 L 36
42 1 L 5
43 0 U 18
44 1 L -1
45 1 L 44
46 1 U 19
47 1 U 27
48 1 U 7
49 0 U 11
50 0 L 35
51 1 U 38
52 1 L 32
53 0 L 9
54 0 L 12
55 0 U 0
56 0 L 24
57 0 U 35
58 0 L 23
59 0 U 7
60 1 L 24
61 1 U 46
62 1 L 42
63 1 U 43
64 1 U -1
65 0 L -1
66 0 L 65
67 0 L 58
68 0 U 64
69 0 L 15
70
0 0 L -1
1 1 U -1
2 0 U -1
3 1 U -1
4 0 U -1
5 0 L 3
6 1 U -1
7 1 U 3
8 0 L 1
9 0 L 1
10 0 U -1
11 1 L 7
12 1 U 7
13 0 U -1
14 1 L 1
15 0 L 9
16 0 L -1
17 1 U 16
18 1 U 7
19 0 L 14
20 1 L -1
21 1 L 3
22 1 U 17
23 1 U 8
24 0 L -1
25 1 L 24
26 1 L 3
27 1 U -1
28 1 L 13
29 0 L 12
30 1 L -1
31 0 L 12
32 1 L 31
33 0 U 31
34 1 U 10
35 0 L 16
36 1 L 12
37 1 L 32
38 1 U -1
39 1 U 15
40 1 L 21
41 0 L 8
42 1 L 5
43 0 U 18
44 1 L -1
45 1 L 44
46 1 U 19
47 1 U 27
48 1 U 20
49 0 U 11
50 0 L 35
51 1 U 10
52 1 L 32
53 0 L 9
54 0 L 12
55 0 U 6
56 0 L 24
57 1 U 35
58 0 L 23
59 0 U 20
60 1 L 24
61 0 U 46
62 1 L 42
63 1 U 43
64 1 U -1
65 0 L -1
66 0 L 65
67 0 L 58
68 0 U 64
69 0 L 15
70
0 0 U -1
1 1 U -1
2 0 U -1
3 1 U -1
4 0 U -1
5 0 L 3
6 1 U -1
7 1 U 3
8 1 L 1
9 0 L 1
10 0 U -1
11 1 L 7
12 1 U 7
13 0 U -1
14 1 L 1
15 0 L 9
16 0 L -1
17 1 U 16
18 1 U 7
19 0 L 14
20 1 L -1
21 1 L 3
22 1 U 17
23 1 U 8
24 0 L -1
25 1 L 24
26 0 L 8
27 1 U -1
28 1 L 3
29 0 L 12
30 1 L -1
31 0 L 12
32 1 L 31
33 0 U 31
34 1 U 10
35 0 L 0
36 1 L 12
37 1 L 32
38 1 U -1
39 1 U 15
40 1 L 21
41 1 L 3
42 1 L 5
43 0 U 12
44 1 L -1
45 1 L 44
46 1 U 19
47 0 U 27
48 1 U 25
49 0 U 11
50 0 L 35
51 1 U 18
52 0 L 32
53 0 L 9
54 0 L 12
55 0 U 6
56 0 L 24
57 1 U 35
58 0 L 23
59 0 U 11
60 1 L 24
61 0 U 46
62 1 L 42
63 1 U 35
64 1 U -1
65 0 L -1
66 0 L 60
67 0 L 58
68 0 U 64
69 0 L 15
70
0 0 L -1
1 1 U -1
2 0 U 0
3 1 U -1
4 0 U -1
5 0 L 3
6 1 U -1
7 1 U 3
8 1 L 1
9 0 L 1
10 0 U -1
11 1 L 7
12 1 U 7
13 0 U -1
14 1 L 1
15 0 L 9
16 0 L -1
17 1 U 2
18 1 L 6
19 0 L 16
20 0 L -1
21 1 L 15
22 1 U 17
23 0 U 8
24 0 L -1
25 1 L 24
26 0 L 8
27 1 U -1
28 1 L 15
29 0 L 12
30 1 L -1
31 0 L 12
32 1 L 31
33 0 U 31
34 1 U 27
35 0 L 0
36 1 L 12
37 1 L 32
38 1 U -1
39 1 U 15
40 1 L 21
41 1 L 3
42 1 L 4
43 0 U 34
44 1 L -1
45 1 L 20
46 1 U 30
47 1 U 2
48 1 U 25
49 1 U 11
50 0 L 35
51 1 U 30
52 0 L 32
53 0 L 9
54 0 L 7
55 0 U 6
56 0 L 16
57 1 U 21
58 0 L 34
59 0 U 11
60 1 L 24
61 0 U 46
62 1 L 42
63 1 U 35
64 1 U -1
65 0 L -1
66 0 L 60
67 0 L 58
68 0 U 64
69 0 L 53
70
0 0 U -1
1 1 U -1
2 0 U 0
3 1 U -1
4 0 U -1
5 0 L 3
6 1 U -1
7 1 U 3
8 1 L 1
9 0 L 1
10 0 U -1
11 1 L 7
12 1 U 7
13 0 U -1
14 1 L 1
15 0 L 9
16 0 L -1
17 1 U 16
18 1 L 6
19 1 L 14
20 0 L -1
21 1 L 3
22 1 U 17
23 0 U 8
24 0 L -1
25 1 L 24
26 1 L 8
27 1 U -1
28 1 L 19
29 0 L 12
30 1 L -1
31 0 L 12
32 1 L 31
33 0 U 31
34 1 U 16
35 0 L 24
36 1 L 12
37 1 L 32
38 1 U -1
39 1 U 15
40 1 L 4
41 1 L 24
42 1 L 4
43 0 U 8
44 1 L -1
45 1 L 5
46 1 U 30
47 0 U 2
48 1 U 47
49 0 U 11
50 0 L 35
51 1 U 47
52 0 L 32
53 0 L 9
54 0 L 42
55 0 U 6
56 0 L 20
57 1 U 21
58 0 L 34
59 0 U 11
60 0 L 30
61 1 U 46
62 1 L 29
63 1 U 35
64 1 U -1
65 0 L -1
66 1 L 60
67 0 L 58
68 0 U 64
69 0 L 53
70
0 0 L -1
1 1 U -1
2 0 U -1
3 1 U -1
4 0 U -1
5 0 L 3
6 1 U -1
7 1 U 3
8 1 L 1
9 1 L 1
10 0 U -1
11 1 L 7
12 1 U 7
13 0 U -1
14 1 L 1
15 0 L 9
16 0 L -1
17 1 U 16
18 1 L 12
19 1 L 14
20 0 L -1
21 1 L 15
22 1 U 17
23 1 U 12
24 0 L -1
25 1 L 24
26 1 L 8
27 1 U -1
28 0 U 26
29 0 L 12
30 1 L -1
31 0 L 12
32 1 L 31
33 0 U 31
34 1 U 27
35 0 L 24
36 1 L 12
37 1 L 32
38 1 U -1
39 1 U 15
40 1 L 4
41 0 L 24
42 0 L 4
43 0 U 34
44 1 L -1
45 1 L 5
46 1 U 30
47 1 U 16
48 1 U 34
49 1 U 11
50 0 L 39
51 1 U 23
52 0 L 32
53 0 L 9
54 0 L 42
55 0 U 6
56 1 L 20
57 0 U 49
58 1 L 34
59 0 U 7
60 0 L 30
61 1 U 46
62 1 L 42
63 1 U 35
64 1 U -1
65 0 L -1
66 1 L 60
67 0 L 58
68 0 U 64
69 0 L 53
70
0 0 L -1
1 1 U -1
2 0 U 0
3 1 U -1
4 0 U -1
5 0 L 3
6 1 U -1
7 1 U 3
8 0 L 1
9 1 L 1
10 0 U -1
11 1 L 7
12 1 U 7
13 0 U -1
14 1 L 1
15 0 L 2
16 0 L -1
17 1 U 16
18 1 L 12
19 1 L 14
20 1 L -1
21 1 L 15
22 1 U 17
23 0 U 12
24 0 L -1
25 1 L 24
26 0 L 15
27 1 U -1
28 1 L 19
29 0 L 12
30 1 L -1
31 0 L 12
32 1 L 31
33 0 U 31
34 1 U 10
35 0 L 0
36 1 L 12
37 1 L 32
38 1 U -1
39 1 U 30
40 1 L 4
41 1 L 28
42 1 L 4
43 0 U 34
44 1 L -1
45 1 L 5
46 1 U 30
47 1 U 16
48 1 U 34
49 1 U 11
50 1 L 30
51 0 U 23
52 1 L 16
53 0 L 9
54 0 L 42
55 0 U 6
56 1 L 20
57 0 U 43
58 0 L 34
59 0 U 7
60 0 L 30
61 1 U 46
62 1 L 42
63 1 U 29
64 1 U -1
65 0 L -1
66 0 L 60
67 0 L 58
68 0 U 64
69 0 L 53
70
0 0 L -1
1 1 U -1
2 0 U -1
3 1 U -1
4 0 U -1
5 0 L 3
6 1 U -1
7 1 U 3
8 1 L 1
9 1 L 1
10 0 U -1
11 1 L 7
12 1 U 7
13 0 U -1
14 1 L 1
15 0 L 2
16 0 L -1
17 1 U 16
18 1 L 12
19 1 L 18
20 1 L -1
21 1 L 15
22 1 U 17
23 1 U 12
24 0 L -1
25 1 L 24
26 0 L 15
27 1 U -1
28 0 L 14
29 0 L 12
30 1 L -1
31 0 L 12
32 1 L 31
33 0 U 31
34 1 U 16
35 0 L 0
36 1 L 12
37 1 L 32
38 1 U -1
39 1 U 30
40 1 L 4
41 1 L 15
42 0 L 4
43 0 U 34
44 1 L -1
45 1 L 5
46 1 U 30
47 1 U 27
48 1 U 18
49 0 U 24
50 1 L 30
51 0 U 20
52 1 L 16
53 0 L 9
54 0 L 42
55 0 U 6
56 1 L 20
57 0 L 35
58 0 L 34
59 0 U 7
60 0 L 30
61 1 U 46
62 1 L 42
63 1 U 29
64 1 U -1
65 0 L -1
66 0 L 60
67 0 L 58
68 0 U 64
69 0 L 53
70
0 0 U -1
1 1 U -1
2 0 U -1
3 1 U -1
4 0 U -1
5 0 L 3
6 1 U -1
7 1 U 3
8 0 L 1
9 1 L 1
10 0 U -1
11 1 L 7
12 1 U 7
13 0 U -1
14 1 L 1
15 0 L 2
16 0 L -1
17 1 U 16
18 1 L 12
19 1 L 18
20 1 L -1
21 1 L 15
22 1 U 17
23 1 U 12
24 0 L -1
25 1 L 24
26 0 L 8
27 1 U -1
28 0 L 14
29 1 L 12
30 1 L -1
31 0 L 12
32 1 L 10
33 0 U 31
34 1 U 16
35 0 L 0
36 1 L 12
37 1 L 32
38 1 U -1
39 1 U 26
40 1 L 4
41 1 L 15
42 0 L 4
43 0 U 19
44 1 L -1
45 1 L 5
46 1 U 30
47 1 U 27
48 1 U 19
49 0 U 47
50 0 L 30
51 0 L 22
52 1 L 16
53 0 L 9
54 0 L 7
55 0 U 6
56 1 L 30
57 1 L 35
58 0 L 34
59 0 U 7
60 0 L 30
61 1 U 46
62 1 L 42
63 1 U 43
64 1 U -1
65 0 L -1
66 0 L 60
67 0 L 58
68 0 U 6
69 0 L 53
70
0 0 L -1
1 1 U -1
2 0 U 0
3 1 U -1
4 0 U -1
5 0 L 3
6 1 U -1
7 1 U 3
8 0 L 1
9 1 L 1
10 0 U -1
11 1 L 7
12 1 U 7
13 0 U -1
14 1 L 1
15 0 L 2
16 0 L -1
17 1 U 16
18 1 L 12
19 1 L 18
20 1 L -1
21 1 L 15
22 1 U 17
23 1 U 8
24 0 L -1
25 1 L 24
26 1 L 15
27 1 U -1
28 0 L 1
29 1 L 12
30 1 L -1
31 0 L 26
32 1 L 10
33 0 U 31
34 1 U 10
35 0 L 16
36 1 L 12
37 1 L 32
38 1 U -1
39 1 U 14
40 1 L 4
41 1 L 15
42 1 L 4
43 0 U 19
44 1 L -1
45 1 L 5
46 1 U 30
47 1 U 27
48 1 U 34
49 0 U 22
50 0 L 30
51 1 U 29
52 1 L 50
53 0 L 9
54 0 L 7
55 0 U 6
56 0 L 30
57 0 L 35
58 1 L 34
59 0 U 7
60 0 L 30
61 1 U 46
62 1 L 42
63 1 U 43
64 1 U -1
65 0 L -1
66 0 L 60
67 1 L 58
68 0 U 6
69 0 L 53
70
0 0 L -1
1 1 U -1
2 0 U 0
3 1 U -1
4 0 U -1
5 0 L 3
6 1 U -1
7 1 U 3
8 0 L 1
9 1 L 1
10 0 U -1
11 1 L 7
12 1 U 7
13 0 U -1
14 1 L 1
15 0 L 9
16 0 L -1
17 1 U 10
18 1 L 12
19 1 L 18
20 1 L -1
21 1 L 15
22 1 U 17
23 1 U 8
24 0 L -1
25 1 L 24
26 0 L 8
27 1 U -1
28 0 L 9
29 1 L 12
30 1 L -1
31 0 L 26
32 1 L 10
33 0 U 31
34 1 U 10
35 0 L 16
36 1 L 6
37 1 L 32
38 1 U -1
39 1 U 14
40 1 L 21
41 0 L 3
42 1 L 4
43 0 U 19
44 1 L -1
45 1 L 5
46 1 U 30
47 0 U 27
48 1 U 7
49 0 U 19
50 0 L 30
51 0 U 47
52 0 L 50
53 0 L 9
54 0 L 7
55 0 U 6
56 1 L 30
57 0 L 36
58 1 L 34
59 0 U 7
60 0 L 24
61 1 U 46
62 1 L 11
63 1 U 43
64 1 U -1
65 0 L -1
66 1 L 60
67 1 L 58
68 0 U 6
69 0 L 53
70
0 0 L -1
1 1 U -1
2 0 U 0
3 1 U -1
4 0 U -1
5 0 L 3
6 1 U -1
7 1 U 3
8 0 L 1
9 1 L 1
10 0 U -1
11 1 L 7
12 1 U 7
13 0 U -1
14 1 L 1
15 0 L 2
16 0 L -1
17 1 U 16
18 1 L 12
19 1 L 18
20 1 L -1
21 1 L 15
22 1 U 17
23 0 U 12
24 0 L -1
25 1 L 24
26 0 L 8
27 1 U -1
28 1 L 0
29 1 L 12
30 1 L -1
31 0 L 6
32 1 L 10
33 0 U 31
34 1 U 10
35 0 L 16
36 1 L 7
37 1 L 13
38 1 U -1
39 1 U 14
40 1 L 21
41 0 L 3
42 0 L 4
43 0 U 19
44 1 L -1
45 1 L 14
46 1 U 30
47 0 U 16
48 1 U 34
49 0 U 19
50 0 L 30
51 0 U 6
52 1 L 0
53 0 L 9
54 0 L 7
55 0 U 13
56 1 L 20
57 0 L 36
58 1 L 34
59 0 U 7
60 0 L 24
61 1 U 46
62 1 L 42
63 1 U 43
64 1 U -1
65 0 L -1
66 1 L 60
67 1 L 58
68 0 U 6
69 0 L 3
70
0 0 L -1
1 1 U -1
2 0 U 0
3 1 U -1
4 0 U -1
5 0 L 3
6 1 U -1
7 1 U 3
8 1 L 1
9 1 L 1
10 0 U -1
11 1 L 7
12 1 U 7
13 0 U -1
14 1 L 1
15 0 L 9
16 0 L -1
17 1 U 2
18 1 L 12
19 1 L 18
20 1 L -1
21 1 L 15
22 1 U 17
23 0 U 12
24 0 L -1
25 1 L 24
26 1 L 8
27 1 U -1
28 1 L 24
29 1 L 12
30 0 L -1
31 0 L 6
32 1 L 10
33 0 U 31
34 1 U 2
35 0 L 16
36 1 L 7
37 1 L 17
38 1 U -1
39 1 U 14
40 1 L 26
41 0 L 15
42 1 L 4
43 0 U 19
44 1 L -1
45 1 L 14
46 1 U 30
47 1 U 10
48 1 U 47
49 0 U 19
50 0 L 2
51 1 U 41
52 1 L 16
53 0 L 9
54 0 L 7
55 0 U 1
56 1 L 20
57 0 L 36
58 1 L 34
59 0 U 7
60 0 L 24
61 1 U 40
62 1 L 18
63 1 U 43
64 1 U -1
65 0 L -1
66 1 L 60
67 1 L 33
68 0 U 6
69 0 L 3
70
0 0 U -1
1 1 U -1
2 0 U 0
3 1 U -1
4 0 U -1
5 0 L 3
6 1 U -1
7 1 U 3
8 0 L 1
9 1 L 1
10 0 U -1
11 1 L 7
12 1 U 7
13 0 U 4
14 1 L 1
15 1 L 9
16 0 L -1
17 1 U 2
18 1 L 12
19 1 L 18
20 1 L -1
21 1 L 8
22 1 U 17
23 1 U 12
24 0 L -1
25 1 L 24
26 0 L 8
27 1 U -1
28 1 L 9
29 1 L 12
30 0 L -1
31 0 L 26
32 1 L 10
33 0 U 21
34 1 U 10
35 0 L 16
36 1 L 7
37 1 L 17
38 1 U -1
39 1 U 14
40 1 L 26
41 0 L 15
42 1 L 4
43 0 U 19
44 1 L -1
45 1 L 14
46 1 U 30
47 0 U 16
48 1 U 47
49 0 U 19
50 0 L 2
51 1 U 50
52 1 L 16
53 0 L 9
54 0 L 7
55 0 U 3
56 1 L 44
57 0 L 36
58 1 L 34
59 0 U 7
60 0 L 24
61 1 U 40
62 1 L 18
63 1 U 43
64 1 U -1
65 0 L -1
66 1 L 60
67 1 L 33
68 0 U 6
69 0 L 3
70
0 0 L -1
1 1 U -1
2 0 U 0
3 1 U -1
4 0 U -1
5 0 L 3
6 1 U -1
7 1 U 3
8 1 L 1
9 1 L 1
10 0 U -1
11 1 L 7
12 1 U 7
13 0 U -1
14 1 L 1
15 1 L 9
16 0 L -1
17 1 U 10
18 1 L 12
19 1 L 18
20 1 L -1
21 1 L 8
22 1 U 17
23 1 U 12
24 0 L -1
25 1 L 24
26 0 L 8
27 1 U -1
28 1 L 1
29 1 L 12
30 0 L -1
31 0 L 26
32 1 L 10
33 0 U 21
34 1 U 16
35 0 L 16
36 1 L 7
37 1 L 13
38 1 U -1
39 1 U 14
40 1 L 26
41 0 L 15
42 1 L 4
43 0 U 34
44 0 L -1
45 1 L 14
46 1 U 30
47 0 U 16
48 1 U 47
49 0 U 18
50 0 L 2
51 0 U 6
52 1 L 2
53 0 L 9
54 0 L 7
55 0 U 3
56 0 L 44
57 0 L 36
58 1 L 34
59 0 U 7
60 1 L 24
61 1 U 33
62 1 L 11
63 1 U 43
64 1 U -1
65 0 L -1
66 1 L 60
67 1 L 33
68 0 U 6
69 0 L 3
70
0 0 U -1
1 1 U -1
2 0 U -1
3 1 U -1
4 0 U -1
5 0 L 3
6 1 U -1
7 1 U 3
8 0 L 1
9 1 L 1
10 0 U -1
11 1 L 7
12 1 U 7
13 0 U -1
14 1 L 1
15 1 L 9
16 0 L -1
17 1 U 10
18 0 L 12
19 1 L 16
20 1 L -1
21 1 L 9
22 1 U 17
23 0 U 12
24 0 L -1
25 1 L 24
26 0 L 8
27 1 U -1
28 1 L 1
29 0 L 12
30 0 L -1
31 1 L 26
32 1 L 10
33 0 U 21
34 1 U 16
35 0 L 16
36 1 L 7
37 1 L 32
38 1 U -1
39 1 U 14
40 1 L 26
41 0 L 15
42 1 L 4
43 0 U 34
44 0 L -1
45 1 L 14
46 1 U 30
47 0 U 16
48 1 U 47
49 0 U 18
50 0 L 2
51 0 U 4
52 0 L 20
53 0 L 9
54 0 L 7
55 0 U 3
56 0 L 44
57 0 L 54
58 1 L 34
59 0 U 7
60 1 L 24
61 1 U 44
62 1 L 31
63 1 U 32
64 1 U -1
65 1 L -1
66 1 L 60
67 1 L 33
68 0 U 6
69 0 L 50
70
0 0 U -1
1 1 U -1
2 0 U 0
3 1 U -1
4 0 U -1
5 0 L 3
6 1 U -1
7 1 U 3
8 0 L 1
9 1 L 1
10 0 U -1
11 1 L 7
12 1 U 7
13 0 U -1
14 1 L 1
15 1 L 9
16 0 L -1
17 1 U 16
18 1 U 7
19 0 L 16
20 1 L -1
21 1 L 8
22 1 U 17
23 0 U 12
24 0 L -1
25 1 L 24
26 0 L 8
27 1 U -1
28 1 L 9
29 0 L 12
30 0 L -1
31 0 L 26
32 1 L 10
33 0 U 21
34 1 U 16
35 0 L 16
36 1 L 7
37 1 L 32
38 1 U -1
39 1 U 14
40 1 L 26
41 0 L 15
42 1 L 4
43 0 U 34
44 0 L -1
45 1 L 3
46 1 U 30
47 1 U 10
48 1 U 47
49 0 U 18
50 0 L 2
51 1 L 49
52 0 L 20
53 0 L 9
54 0 L 7
55 0 U 6
56 0 L 44
57 0 L 54
58 1 L 34
59 0 U 7
60 0 L 24
61 1 U 50
62 1 L 42
63 1 U 43
64 1 U -1
65 1 L -1
66 1 L 35
67 1 L 33
68 0 U 6
69 0 L 50
70
0 0 L -1
1 1 U -1
2 0 U -1
3 1 U -1
4 0 U -1
5 0 L 3
6 1 U -1
7 1 U 3
8 0 L 1
9 1 L 1
10 0 U -1
11 1 L 7
12 1 U 7
13 0 U -1
14 1 L 1
15 1 L 2
16 0 L -1
17 1 U 16
18 1 U 7
19 1 L 14
20 1 L -1
21 1 L 8
22 1 U 17
23 1 U 12
24 0 L -1
25 1 L 24
26 0 L 8
27 1 U -1
28 1 L 2
29 0 L 12
30 0 L -1
31 0 L 6
32 1 L 10
33 0 U 21
34 1 U 16
35 0 L 30
36 0 L 7
37 1 L 17
38 1 U -1
39 1 U 14
40 1 L 26
41 1 L 15
42 1 L 4
43 0 U 34
44 0 L -1
45 1 L 3
46 1 U 32
47 1 U 10
48 1 U 7
49 0 U 11
50 0 L 2
51 1 L 39
52 0 L 20
53 0 L 9
54 0 L 7
55 0 U 6
56 0 L 44
57 1 L 56
58 0 L 54
59 0 U 20
60 0 L 20
61 1 U 14
62 1 L 48
63 1 U 28
64 1 U -1
65 1 L -1
66 1 L 35
67 1 L 58
68 0 U 64
69 0 L 50
70
0 0 L -1
1 1 U -1
2 0 U -1
3 1 U -1
4 0 U -1
5 0 L 3
6 1 U -1
7 1 U 3
8 0 L 1
9 1 L 1
10 0 U -1
11 1 L 7
12 1 U 7
13 0 U -1
14 1 L 1
15 1 L 2
16 0 L -1
17 1 U 16
18 1 U 7
19 1 L 14
20 1 L -1
21 1 L 8
22 1 U 17
23 1 U 12
24 0 L -1
25 1 L 24
26 1 L 8
27 1 U -1
28 1 L 19
29 0 L 12
30 0 L -1
31 0 L 6
32 1 L 31
33 0 U 21
34 1 U 10
35 0 L 30
36 1 L 7
37 1 L 13
38 1 U -1
39 1 U 14
40 1 L 26
41 1 L 15
42 0 L 4
43 0 U 34
44 0 L -1
45 1 L 3
46 1 U 32
47 0 U 10
48 1 U 7
49 0 U 11
50 0 L 2
51 1 U 40
52 0 L 20
53 0 L 9
54 0 L 7
55 0 U 6
56 1 L 44
57 0 L 47
58 1 L 54
59 0 U 11
60 0 L 20
61 1 U 14
62 1 L 43
63 1 U 28
64 1 U -1
65 0 L -1
66 1 L 35
67 1 L 58
68 0 U 64
69 0 L 28
70
0 0 L -1
1 1 U -1
2 0 U -1
3 1 U -1
4 0 U -1
5 0 L 3
6 1 U -1
7 1 U 3
8 0 L 1
9 1 L 1
10 0 U -1
11 1 L 7
12 1 U 7
13 0 U -1
14 1 L 1
15 1 L 9
16 0 L -1
17 1 U 10
18 1 U 7
19 1 L 14
20 1 L -1
21 1 L 8
22 1 U 17
23 0 U 12
24 0 L -1
25 1 L 24
26 1 L 8
27 1 U -1
28 1 L 9
29 1 L 7
30 0 L -1
31 0 L 6
32 1 L 31
33 0 U 21
34 1 U 10
35 0 L 30
36 1 L 7
37 1 L 13
38 1 U -1
39 1 U 14
40 1 L 26
41 1 L 15
42 1 L 4
43 0 U 34
44 0 L -1
45 1 L 3
46 1 U 19
47 0 U 16
48 1 U 11
49 0 U 47
50 0 L 2
51 1 U 33
52 0 L 20
53 0 L 2
54 0 L 7
55 0 U 6
56 0 L 44
57 1 L 35
58 1 L 54
59 0 U 11
60 1 L 20
61 1 U 14
62 1 L 43
63 1 U 28
64 1 U -1
65 1 L -1
66 0 L 52
67 1 L 58
68 0 U 64
69 0 L 53
70
0 0 U -1
1 1 U -1
2 0 U -1
3 1 U -1
4 0 U -1
5 0 L 3
6 1 U -1
7 1 U 3
8 0 L 1
9 1 L 1
10 0 U -1
11 1 L 7
12 1 U 7
13 0 U -1
14 1 L 1
15 1 L 2
16 0 L -1
17 1 U 10
18 1 U 7
19 1 L 14
20 1 L -1
21 1 L 8
22 1 U 17
23 0 U 12
24 0 L -1
25 1 L 24
26 1 L 8
27 1 U -1
28 1 L 10
29 1 L 6
30 0 L -1
31 0 L 6
32 1 L 31
33 0 U 21
34 1 U 10
35 0 L 30
36 1 L 7
37 1 L 22
38 1 U -1
39 1 U 14
40 1 L 26
41 1 L 30
42 0 L 4
43 0 U 8
44 0 L -1
45 1 L 3
46 1 U 19
47 1 U 10
48 1 U 47
49 0 U 47
50 0 L 2
51 0 L 0
52 0 L 20
53 0 L 2
54 0 L 7
55 0 U 6
56 1 L 0
57 1 L 52
58 1 L 54
59 0 U 20
60 1 L 20
61 1 U 14
62 1 L 43
63 1 U 49
64 1 U -1
65 1 L -1
66 0 L 52
67 1 L 58
68 0 U 64
69 0 L 53
70
0 0 L -1
1 1 U -1
2 0 U 0
3 1 U -1
4 0 U -1
5 0 L 3
6 1 U -1
7 1 U 3
8 0 L 1
9 1 L 1
10 0 U -1
11 1 L 7
12 1 U 7
13 0 U -1
14 1 L 1
15 1 L 9
16 0 L -1
17 1 U 10
18 0 U 7
19 1 L 14
20 1 L -1
21 1 L 9
22 1 U 17
23 0 U 22
24 1 L -1
25 1 L 24
26 1 L 8
27 1 U -1
28 1 L 10
29 1 L 6
30 0 L -1
31 0 L 6
32 1 L 31
33 0 U 21
34 1 U 7
35 0 L 16
36 1 L 7
37 1 L 17
38 1 U -1
39 1 U 14
40 1 L 26
41 1 L 4
42 0 L 4
43 0 U 8
44 0 L -1
45 1 L 3
46 1 U 19
47 1 U 10
48 1 U 20
49 0 U 18
50 1 L 44
51 0 U 29
52 0 L 20
53 0 L 2
54 0 L 7
55 0 U 6
56 1 L 25
57 1 L 48
58 1 L 54
59 1 U 20
60 1 L 20
61 1 U 14
62 1 L 38
63 1 U 49
64 1 U -1
65 1 L -1
66 0 L 52
67 1 L 58
68 0 U 64
69 0 L 56
70
0 0 L -1
1 1 U -1
2 0 U 0
3 1 U -1
4 0 U -1
5 0 L 3
6 1 U -1
7 1 U 3
8 0 L 1
9 1 L 1
10 0 U -1
11 1 L 7
12 1 U 7
13 0 U -1
14 1 L 1
15 1 L 9
16 0 L -1
17 1 U 10
18 0 U 7
19 0 L 16
20 0 L -1
21 1 L 9
22 1 U 17
23 1 U 22
24 0 L -1
25 1 L 24
26 1 L 8
27 1 U -1
28 1 L 16
29 0 L 7
30 0 L -1
31 0 L 7
32 1 L 31
33 0 U 21
34 1 U 20
35 0 L 16
36 1 L 7
37 1 L 17
38 1 U -1
39 1 U 14
40 1 L 26
41 1 L 4
42 1 L 4
43 0 U 8
44 0 L -1
45 1 L 3
46 1 U 29
47 1 U 2
48 1 U 20
49 0 U 18
50 1 L 44
51 1 U 33
52 0 L 20
53 0 L 9
54 0 L 7
55 0 U 6
56 1 L 35
57 0 L 48
58 1 L 54
59 1 U 20
60 1 L 20
61 1 U 14
62 1 L 47
63 1 U 15
64 1 U -1
65 1 L -1
66 0 L 52
67 1 L 58
68 0 U 64
69 0 L 56
70
0 0 L -1
1 1 U -1
2 0 U 0
3 1 U -1
4 0 U -1
5 0 L 3
6 1 U -1
7 1 U 3
8 0 L 1
9 1 L 1
10 0 U -1
11 1 L 7
12 1 U 7
13 0 U -1
14 1 L 1
15 1 L 2
16 0 L -1
17 1 U 10
18 1 U 7
19 0 U 12
20 1 L -1
21 1 L 9
22 1 U 17
23 0 L 21
24 0 L -1
25 1 L 24
26 1 L 8
27 1 U -1
28 1 L 0
29 0 L 18
30 0 L -1
31 0 L 6
32 1 L 31
33 0 U 21
34 1 U 17
35 0 L 16
36 1 L 7
37 1 L 17
38 1 U -1
39 1 U 14
40 1 L 26
41 1 L 4
42 1 L 4
43 0 U 18
44 0 L -1
45 1 L 14
46 1 U 32
47 1 U 2
48 1 U 20
49 0 U 20
50 1 L 44
51 1 U 32
52 1 L 20
53 0 L 9
54 0 L 7
55 0 U 3
56 1 L 35
57 1 L 48
58 0 L 54
59 1 U 20
60 1 L 20
61 1 U 14
62 1 L 49
63 0 U 15
64 1 U -1
65 1 L -1
66 0 L 52
67 1 L 58
68 0 U 64
69 0 L 56
70
0 0 U -1
1 1 U -1
2 0 U 0
3 1 U -1
4 0 U -1
5 0 L 3
6 1 U -1
7 1 U 3
8 0 L 1
9 1 L 1
10 0 U -1
11 1 L 7
12 1 U 7
13 0 U -1
14 1 L 1
15 1 L 9
16 0 L -1
17 1 U 16
18 1 U 7
19 0 L 16
20 0 L -1
21 1 L 2
22 1 U 17
23 0 L 15
24 0 L -1
25 1 L 24
26 0 L 8
27 1 U -1
28 1 L 0
29 0 L 12
30 0 L -1
31 0 L 6
32 1 L 31
33 0 U 21
34 1 U 7
35 0 L 16
36 1 L 7
37 1 L 17
38 1 U -1
39 1 U 14
40 1 L 26
41 0 L 4
42 1 L 4
43 0 U 18
44 0 L -1
45 1 L 3
46 1 U 31
47 1 U 2
48 1 U 20
49 0 U 20
50 1 L 16
51 0 L 32
52 1 L 20
53 0 L 9
54 1 L 7
55 0 U 3
56 1 L 19
57 0 L 48
58 0 L 17
59 1 U 20
60 1 L 20
61 1 U 14
62 1 L 49
63 0 U 15
64 1 U -1
65 1 L -1
66 0 L 52
67 1 L 58
68 0 U 64
69 0 L 56
70
0 0 U -1
1 1 U -1
2 0 U 0
3 1 U -1
4 0 U -1
5 0 L 3
6 1 U -1
7 1 U 3
8 0 L 1
9 1 L 1
10 0 U -1
11 1 L 7
12 1 U 7
13 0 U -1
14 1 L 1
15 1 L 9
16 0 L -1
17 1 U 16
18 1 L 12
19 0 L 16
20 0 L -1
21 1 L 2
22 1 U 17
23 0 L 1
24 0 L -1
25 1 L 24
26 1 L 8
27 1 U -1
28 1 L 0
29 0 L 12
30 0 L -1
31 0 L 6
32 1 L 31
33 0 U 31
34 1 U 16
35 0 L 16
36 1 L 7
37 1 L 17
38 1 U -1
39 1 U 14
40 1 L 26
41 0 L 4
42 1 L 4
43 0 U 18
44 0 L -1
45 1 L 3
46 1 U 30
47 1 U 27
48 1 U 25
49 0 U 47
50 0 L 44
51 0 L 7
52 0 L 24
53 0 L 9
54 0 L 42
55 0 U 3
56 1 L 19
57 0 U 56
58 0 L 34
59 1 U 20
60 0 L 20
61 1 U 46
62 1 L 49
63 1 U 59
64 1 U -1
65 1 L -1
66 0 L 50
67 1 L 58
68 0 U 64
69 0 L 56
70
0 0 U -1
1 1 U -1
2 0 U -1
3 1 U -1
4 0 U -1
5 0 L 3
6 1 U -1
7 1 U 3
8 0 L 1
9 1 L 1
10 0 U -1
11 1 L 7
12 1 U 7
13 0 U 0
14 1 L 1
15 1 L 9
16 0 L -1
17 1 U 5
18 1 L 12
19 0 L 15
20 0 L -1
21 1 L 3
22 1 U 17
23 1 L 0
24 0 L -1
25 1 L 24
26 0 L 8
27 1 U -1
28 0 U 24
29 0 L 12
30 0 L -1
31 0 L 6
32 1 L 31
33 0 U 31
34 1 U 16
35 0 L 0
36 1 L 7
37 1 L 17
38 1 U -1
39 1 U 14
40 1 L 26
41 0 L 4
42 0 L 4
43 0 U 34
44 0 L -1
45 1 L 3
46 1 U 30
47 1 U 27
48 1 U 25
49 0 U 47
50 0 L 44
51 1 L 24
52 1 L 24
53 0 L 14
54 0 L 40
55 0 U 3
56 1 L 25
57 1 U 29
58 0 L 28
59 1 U 20
60 0 L 20
61 1 U 46
62 1 L 49
63 0 U 59
64 1 U -1
65 1 L -1
66 0 L 50
67 1 L 58
68 0 U 64
69 0 L 56
70
0 0 L -1
1 1 U -1
2 0 U -1
3 1 U -1
4 0 U -1
5 0 L 3
6 1 U -1
7 1 U 3
8 0 L 1
9 1 L 1
10 0 U -1
11 1 L 7
12 1 U 7
13 0 U -1
14 1 L 1
15 1 L 9
16 0 L -1
17 1 U 5
18 1 L 12
19 0 U 12
20 1 L -1
21 1 L 3
22 1 U 17
23 0 L 9
24 0 L -1
25 1 L 24
26 1 L 8
27 1 U -1
28 0 U 9
29 0 L 12
30 0 L -1
31 0 L 6
32 1 L 31
33 0 U 28
34 1 U 16
35 0 L 30
36 1 L 7
37 1 L 17
38 1 U -1
39 1 U 14
40 1 L 26
41 0 L 0
42 0 L 21
43 0 U 34
44 0 L -1
45 1 L 3
46 1 U 30
47 1 U 27
48 1 U 25
49 0 U 47
50 0 L 44
51 1 L 24
52 0 L 24
53 0 L 14
54 0 L 18
55 0 U 3
56 1 L 25
57 1 U 35
58 0 L 28
59 1 U 20
60 0 L 20
61 1 U 46
62 1 L 49
63 0 U 59
64 1 U -1
65 1 L -1
66 0 L 60
67 1 L 58
68 0 U 64
69 0 L 56
70
0 0 U -1
1 1 U -1
2 0 U 0
3 1 U -1
4 0 U -1
5 0 L 3
6 1 U -1
7 1 U 3
8 0 L 1
9 1 L 1
10 0 U -1
11 1 L 7
12 1 U 7
13 0 U 4
14 1 L 1
15 1 L 2
16 0 L -1
17 1 U 2
18 1 L 12
19 0 L 12
20 1 L -1
21 1 L 3
22 1 U 11
23 0 L 9
24 0 L -1
25 1 L 24
26 0 L 8
27 1 U -1
28 0 U 9
29 0 L 12
30 0 L -1
31 0 L 6
32 1 L 31
33 0 U 28
34 1 U 16
35 0 L 16
36 1 L 7
37 1 L 17
38 1 U -1
39 1 U 14
40 1 L 26
41 0 L 0
42 0 L 21
43 0 U 12
44 0 L -1
45 1 L 3
46 1 U 30
47 1 U 27
48 1 U 25
49 0 U 47
50 0 L 44
51 1 U 5
52 0 L 24
53 0 L 14
54 0 L 18
55 0 U 3
56 1 L 14
57 0 U 22
58 0 L 28
59 1 U 55
60 0 L 20
61 1 U 46
62 1 L 49
63 0 U 59
64 1 U -1
65 1 L -1
66 0 L 60
67 1 L 58
68 0 U 64
69 0 L 56
70
0 0 L -1
1 1 U -1
2 0 U 0
3 1 U -1
4 0 U -1
5 0 L 3
6 1 U -1
7 1 U 3
8 0 L 1
9 1 L 1
10 0 U -1
11 1 L 7
12 1 U 7
13 0 U 4
14 1 L 1
15 1 L 9
16 0 L -1
17 1 U 5
18 1 L 12
19 0 L 12
20 1 L -1
21 1 L 3
22 1 U 7
23 0 L 14
24 1 L -1
25 0 L 24
26 1 L 8
27 1 U -1
28 0 U 9
29 0 L 12
30 0 L -1
31 0 L 6
32 1 L 31
33 0 U 28
34 1 U 27
35 0 L 16
36 1 L 7
37 1 L 17
38 1 U -1
39 1 U 14
40 1 L 26
41 0 L 16
42 0 L 21
43 0 U 34
44 0 L -1
45 1 L 3
46 1 U 29
47 1 U 27
48 1 U 25
49 0 U 47
50 0 L 0
51 1 U 15
52 0 L 24
53 0 L 14
54 0 L 18
55 0 U 3
56 1 L 14
57 1 U -1
58 0 L 28
59 1 U 55
60 0 L 16
61 1 U 46
62 1 L 49
63 0 U 59
64 1 U -1
65 1 L -1
66 0 L 60
67 1 L 58
68 0 U 64
69 0 L 56
70
0 0 L -1
1 1 U -1
2 0 U 0
3 1 U -1
4 0 U -1
5 0 L 3
6 1 U -1
7 1 U 3
8 0 L 1
9 1 L 1
10 0 U -1
11 1 L 7
12 1 U 7
13 0 U 0
14 1 L 1
15 1 L 2
16 0 L -1
17 1 U 2
18 0 L 12
19 0 L 12
20 1 L -1
21 1 L 3
22 1 U 7
23 0 L 14
24 1 L -1
25 0 L 24
26 1 L 8
27 1 U -1
28 0 U 24
29 0 L 26
30 0 L -1
31 0 L 6
32 1 L 31
33 0 U 28
34 1 U 16
35 0 L 16
36 1 L 7
37 1 L 17
38 1 U -1
39 1 U 14
40 1 L 26
41 0 L 30
42 0 L 21
43 0 U 34
44 0 L -1
45 1 L 24
46 1 U 21
47 0 U 10
48 1 U 25
49 0 U 47
50 0 L 0
51 1 U 49
52 0 L 30
53 0 L 2
54 0 L 18
55 0 U 3
56 1 L 14
57 1 U -1
58 1 L 28
59 0 U 55
60 1 L 44
61 1 U 46
62 1 L 49
63 1 U 59
64 1 U -1
65 1 L -1
66 0 L 60
67 1 L 58
68 0 U 64
69 0 L 56
70
0 0 L -1
1 1 U -1
2 0 U 0
3 1 U -1
4 0 U -1
5 0 L 3
6 1 U -1
7 1 U 3
8 0 L 1
9 1 L 1
10 0 U -1
11 1 L 7
12 1 U 7
13 0 U -1
14 1 L 1
15 1 L 2
16 0 L -1
17 1 U 2
18 0 L 12
19 1 U 18
20 1 L -1
21 1 L 8
22 1 U 7
23 1 L 16
24 1 L -1
25 0 L 24
26 0 L 8
27 1 U -1
28 0 U 24
29 1 L 26
30 0 L -1
31 0 L 6
32 1 L 31
33 0 U 28
34 1 U 10
35 0 L 0
36 1 L 7
37 1 L 17
38 1 U -1
39 1 U 14
40 1 L 26
41 1 L 30
42 0 L 21
43 0 U 8
44 0 L -1
45 1 L 24
46 1 U 28
47 1 U 27
48 1 U 25
49 0 U 25
50 0 L 0
51 0 U 48
52 1 L 41
53 0 L 9
54 0 L 18
55 0 U 3
56 1 L 25
57 0 U -1
58 1 L 34
59 1 U 55
60 1 L 45
61 1 U 46
62 1 L 49
63 1 U 24
64 1 U -1
65 1 L -1
66 0 L 23
67 1 L 33
68 0 U 64
69 0 L 56
70
0 0 U -1
1 1 U -1
2 0 U 0
3 1 U -1
4 0 U -1
5 0 L 3
6 1 U -1
7 1 U 3
8 0 L 1
9 1 L 1
10 0 U -1
11 1 L 7
12 1 U 7
13 0 U 6
14 1 L 1
15 1 L 2
16 0 L -1
17 1 U 13
18 1 L 6
19 0 U 8
20 1 L -1
21 1 L 3
22 1 U 7
23 1 L 0
24 1 L -1
25 0 L 24
26 0 L 8
27 1 U -1
28 0 U 24
29 1 L 26
30 0 L -1
31 0 L 6
32 1 L 31
33 0 U 28
34 1 U 2
35 0 L 0
36 1 L 7
37 1 L 32
38 1 U -1
39 1 U 14
40 1 L 26
41 1 L 14
42 0 L 21
43 0 U 8
44 0 L -1
45 1 L 24
46 1 U 28
47 1 U 27
48 1 U 25
49 0 U 25
50 0 L 0
51 0 U 21
52 1 L 14
53 0 L 52
54 0 L 29
55 0 U 3
56 1 L 35
57 0 U -1
58 1 L 34
59 1 U 55
60 0 L 45
61 1 U 46
62 1 L 49
63 0 U 24
64 1 U -1
65 1 L -1
66 0 L 23
67 1 L 33
68 0 U 64
69 0 L 56
70
0 0 L -1
1 1 U -1
2 0 U 0
3 1 U -1
4 0 U -1
5 0 L 3
6 1 U -1
7 1 U 3
8 0 L 1
9 1 L 1
10 0 U -1
11 1 L 7
12 1 U 7
13 0 U 4
14 1 L 1
15 1 L 9
16 0 L -1
17 1 U 13
18 0 U 7
19 0 U 8
20 1 L -1
21 1 L 3
22 1 U 7
23 0 L 14
24 1 L -1
25 0 L 24
26 1 L 8
27 1 U -1
28 0 U 24
29 1 L 26
30 0 L -1
31 0 L 6
32 1 L 31
33 0 U 28
34 1 U 10
35 0 L 0
36 1 L 7
37 1 L 22
38 1 U -1
39 1 U 14
40 1 L 26
41 0 L 0
42 0 L 4
43 0 U 8
44 0 L -1
45 1 L 24
46 1 U 28
47 1 U 27
48 1 U 18
49 0 U 20
50 0 L 0
51 0 U 15
52 0 L 14
53 0 L 52
54 0 L 29
55 0 U 3
56 1 L 35
57 0 U 24
58 1 L 34
59 1 U 55
60 0 L 45
61 1 U 46
62 1 L 49
63 0 U 24
64 1 U -1
65 1 L -1
66 0 L 50
67 1 L 58
68 0 U 64
69 0 L 56
70
0 0 U -1
1 1 U -1
2 0 U 0
3 1 U -1
4 0 U -1
5 0 L 3
6 1 U -1
7 1 U 3
8 1 L 1
9 1 L 1
10 0 U -1
11 1 L 7
12 1 U 7
13 0 U 0
14 1 L 1
15 1 L 9
16 0 L -1
17 1 U 5
18 0 U 7
19 0 L 16
20 1 L -1
21 1 L 8
22 1 L 11
23 1 L 9
24 1 L -1
25 0 L 24
26 0 L 8
27 1 U -1
28 0 U 24
29 1 L 26
30 0 L -1
31 0 L 6
32 1 L 31
33 0 U 28
34 1 U 10
35 0 L 0
36 1 L 7
37 1 L 22
38 1 U -1
39 1 U 14
40 1 L 26
41 0 L 16
42 0 L 15
43 0 U 8
44 0 L -1
45 1 L 24
46 1 U 28
47 1 U 10
48 1 U 18
49 0 U 20
50 0 L 0
51 0 L 18
52 1 L 1
53 0 L 52
54 0 L 6
55 0 U 3
56 1 L 35
57 0 U 49
58 1 L 34
59 1 U 55
60 0 L 45
61 1 U 46
62 1 L 49
63 0 U 35
64 1 U -1
65 1 L -1
66 0 L 44
67 1 L 37
68 0 U 64
69 0 L 56
70
0 0 L -1
1 1 U -1
2 0 U -1
3 1 U -1
4 0 U -1
5 0 L 3
6 1 U -1
7 1 U 3
8 0 L 1
9 1 L 1
10 0 U -1
11 1 L 7
12 1 U 7
13 0 U 0
14 1 L 1
15 1 L 3
16 0 L -1
17 1 U 5
18 0 U 7
19 0 L 14
20 1 L -1
21 1 L 8
22 1 L 11
23 0 L 7
24 1 L -1
25 0 L 24
26 0 L 8
27 1 U -1
28 0 U 24
29 1 L 26
30 0 L -1
31 0 L 6
32 1 L 10
33 0 U 28
34 1 U 27
35 0 L 0
36 1 L 7
37 1 L 22
38 1 U -1
39 1 U 14
40 1 L 26
41 0 L 16
42 0 L 4
43 0 U 8
44 0 L -1
45 1 L 20
46 1 U 28
47 1 U 10
48 1 U 18
49 0 U 20
50 0 L 13
51 0 L 18
52 1 L 41
53 0 L 52
54 0 L 6
55 0 U 3
56 1 L 35
57 1 U 15
58 0 L 34
59 1 U 55
60 0 L 45
61 1 U 46
62 1 L 49
63 0 U 35
64 1 U -1
65 1 L -1
66 0 L 0
67 1 L 37
68 0 U 64
69 0 L 56
70
0 0 U -1
1 1 U -1
2 0 U 0
3 1 U -1
4 0 U -1
5 0 L 3
6 1 U -1
7 1 U 3
8 0 L 1
9 1 L 1
10 0 U -1
11 1 L 7
12 1 U 7
13 0 U 6
14 1 L 1
15 1 L 3
16 0 L -1
17 1 U 13
18 0 U 7
19 0 L 14
20 1 L -1
21 1 L 8
22 1 U 7
23 0 L 6
24 1 L -1
25 0 L 24
26 0 L 8
27 1 U -1
28 0 U 24
29 1 L 26
30 0 L -1
31 0 L 26
32 1 L 10
33 0 U 28
34 1 U 13
35 0 L 30
36 1 L 7
37 1 L 36
38 1 U -1
39 1 U 14
40 1 L 26
41 0 L 16
42 0 L 4
43 0 U 8
44 0 L -1
45 1 L 20
46 1 U 41
47 1 U 13
48 1 U 18
49 0 U 18
50 0 L 13
51 0 U 6
52 1 L 41
53 0 L 52
54 0 L 6
55 0 U 3
56 1 L 25
57 1 U 19
58 1 L 34
59 1 U 55
60 1 L 45
61 1 U 46
62 1 L 39
63 0 U 35
64 1 U -1
65 1 L -1
66 0 L 41
67 1 L 37
68 0 U 64
69 0 L 56
70
0 0 L -1
1 1 U -1
2 0 U 0
3 1 U -1
4 0 U -1
5 0 L 3
6 1 U -1
7 1 U 3
8 0 L 1
9 1 L 1
10 0 U -1
11 1 L 7
12 1 U 7
13 0 U 4
14 1 L 1
15 1 L 3
16 0 L -1
17 1 U 5
18 0 U 7
19 0 L 14
20 1 L -1
21 0 L 19
22 1 U 7
23 0 L 6
24 1 L -1
25 0 L 24
26 0 L 8
27 1 U -1
28 0 U 24
29 1 L 7
30 0 L -1
31 0 U 26
32 1 L 10
33 0 U 28
34 1 U 10
35 0 L 30
36 1 L 7
37 1 L 13
38 1 U -1
39 1 U 14
40 1 L 26
41 0 L 16
42 0 L 4
43 0 U 8
44 0 L -1
45 1 L 24
46 1 U 41
47 0 U 10
48 1 U 47
49 0 U 18
50 0 L 13
51 0 U 43
52 1 L 41
53 0 L 52
54 0 L 6
55 0 U 3
56 1 L 14
57 1 U 9
58 1 L 34
59 1 U 55
60 0 L 45
61 1 U 14
62 1 L 39
63 0 U 15
64 1 U -1
65 1 L -1
66 0 L 41
67 1 L 37
68 0 U 64
69 1 L 56
70
0 0 L -1
1 1 U -1
2 0 U -1
3 1 U -1
4 0 U -1
5 0 L 3
6 1 U -1
7 1 U 3
8 0 L 1
9 1 L 1
10 0 U -1
11 1 L 2
12 1 U 7
13 0 U -1
14 1 L 1
15 1 L 11
16 0 L -1
17 1 U 5
18 0 U 7
19 0 L 14
20 1 L -1
21 0 L 19
22 1 U 17
23 1 L 6
24 1 L -1
25 0 L 24
26 0 L 21
27 1 U -1
28 0 U 24
29 1 L 7
30 0 L -1
31 0 U 26
32 1 L 10
33 0 U 28
34 1 U 27
35 0 L 30
36 1 L 7
37 1 L 13
38 1 U -1
39 1 U 14
40 1 L 26
41 0 L 0
42 0 L 4
43 0 U 8
44 0 L -1
45 1 L 20
46 1 U 41
47 0 U 10
48 1 U 47
49 0 U 18
50 0 L 44
51 0 U 43
52 1 L 41
53 0 L 52
54 0 L 42
55 0 U 3
56 1 L 14
57 0 U -1
58 1 L 22
59 1 U 55
60 1 L 45
61 1 U 14
62 1 L 49
63 0 U 15
64 1 U -1
65 1 L -1
66 0 L 41
67 1 L 33
68 0 U 64
69 1 L 56
70
0 0 U -1
1 1 U -1
2 0 U 0
3 1 U -1
4 0 U -1
5 0 L 3
6 1 U -1
7 1 U 3
8 0 L 1
9 1 L 1
10 0 U -1
11 1 L 2
12 1 U 7
13 0 U 4
14 1 L 1
15 1 L 11
16 0 L -1
17 1 U 5
18 0 U 7
19 0 L 14
20 1 L -1
21 0 L 19
22 1 U 7
23 0 L 6
24 1 L -1
25 0 L 24
26 0 L 21
27 1 U -1
28 0 U 24
29 1 L 7
30 0 L -1
31 0 U 26
32 1 L 10
33 0 U 28
34 1 U 5
35 0 L 30
36 1 L 7
37 1 L 36
38 1 U -1
39 1 U 14
40 1 L 26
41 0 L 0
42 0 L 4
43 0 U 8
44 0 L -1
45 1 L 20
46 1 U 41
47 0 U 10
48 1 U 47
49 0 U 18
50 0 L 44
51 1 L 14
52 1 L 41
53 0 L 52
54 0 L 42
55 0 U 3
56 1 L 14
57 1 U -1
58 0 L 32
59 1 U 55
60 0 L 45
61 1 U 14
62 1 L 49
63 1 U 15
64 1 U -1
65 1 L -1
66 0 L 1
67 1 L 33
68 0 U 64
69 1 L 56
70
0 0 L -1
1 1 U -1
2 0 U 0
3 1 U -1
4 0 U -1
5 0 L 3
6 1 U -1
7 1 U 3
8 0 L 1
9 1 L 1
10 0 U -1
11 0 L 9
12 1 U 7
13 0 U -1
14 1 L 1
15 1 L 11
16 0 L -1
17 1 U 2
18 0 U 7
19 0 L 14
20 1 L -1
21 0 L 19
22 1 U 7
23 1 L 15
24 1 L -1
25 0 L 24
26 0 L 21
27 1 U -1
28 0 U 9
29 0 L 7
30 0 L -1
31 0 U 26
32 1 L 10
33 0 U 28
34 1 U 2
35 0 L 16
36 1 L 7
37 1 L 13
38 1 U -1
39 1 U 14
40 1 L 26
41 0 L 0
42 1 L 4
43 0 U 8
44 0 L -1
45 1 L 20
46 1 U 41
47 1 U 10
48 1 U 47
49 0 U 20
50 0 L 44
51 1 U 41
52 1 L 41
53 0 L 52
54 0 L 42
55 0 U 3
56 1 L 1
57 0 U 24
58 0 L 28
59 1 U 55
60 0 L 45
61 1 U 14
62 1 L 39
63 0 U 15
64 1 U -1
65 1 L -1
66 0 L 16
67 1 L 58
68 0 U 64
69 1 L 8
70
0 0 U -1
1 1 U -1
2 0 U 0
3 1 U -1
4 0 U -1
5 0 L 3
6 1 U -1
7 1 U 3
8 0 L 1
9 1 L 1
10 0 U -1
11 1 L 9
12 1 U 7
13 0 U 0
14 1 L 1
15 1 L 3
16 0 L -1
17 1 U 2
18 0 U 7
19 0 L 14
20 1 L -1
21 0 L 19
22 1 U 7
23 1 L 15
24 1 L -1
25 0 L 24
26 1 L 8
27 1 U -1
28 0 U 9
29 1 L 7
30 0 L -1
31 0 U 26
32 1 L 10
33 0 U 28
34 1 U 16
35 0 L 0
36 1 L 7
37 1 L 13
38 1 U -1
39 1 U 14
40 1 L 26
41 0 L 16
42 1 L 4
43 0 U 12
44 0 L -1
45 1 L 24
46 1 U 41
47 0 U 10
48 1 U 47
49 0 U 47
50 0 L 0
51 1 L 14
52 1 L 41
53 0 L 52
54 0 L 42
55 0 U 3
56 1 L 1
57 1 U 24
58 0 L 32
59 1 U 55
60 1 L 45
61 1 U 14
62 1 L 49
63 0 U 15
64 1 U -1
65 1 L -1
66 0 L 1
67 1 L 58
68 0 U 64
69 1 L 8
70
0 0 U -1
1 1 U -1
2 0 U 0
3 1 U -1
4 0 U -1
5 0 L 3
6 1 U -1
7 1 U 3
8 0 L 1
9 1 L 1
10 0 U -1
11 1 L 9
12 1 U 7
13 0 U -1
14 1 L 1
15 1 L 3
16 0 L -1
17 1 U 16
18 0 U 7
19 0 L 14
20 1 L -1
21 0 L 19
22 1 U 7
23 1 L 15
24 1 L -1
25 0 L 24
26 1 L 21
27 1 U -1
28 0 U 9
29 0 L 7
30 0 L -1
31 0 U 14
32 1 L 17
33 0 U 28
34 1 U 10
35 0 L 0
36 1 L 7
37 1 L 13
38 1 U -1
39 1 U 14
40 1 L 26
41 0 L 16
42 1 L 4
43 0 U 12
44 0 L -1
45 1 L 24
46 1 U 28
47 0 U 10
48 1 U 47
49 0 U 20
50 0 L 0
51 1 U 46
52 1 L 41
53 0 L 52
54 0 L 23
55 0 U 3
56 1 L 1
57 0 U -1
58 0 L 54
59 1 U 55
60 0 L 45
61 1 U 29
62 1 L 49
63 1 U 15
64 1 U -1
65 1 L -1
66 0 L 1
67 1 L 58
68 0 U 64
69 1 L 8
70
0 0 L -1
1 1 U -1
2 0 U 0
3 1 U -1
4 0 U -1
5 0 L 3
6 1 U -1
7 1 U 3
8 0 L 1
9 1 L 1
10 0 U -1
11 1 L 9
12 1 U 7
13 0 U -1
14 1 L 1
15 1 L 3
16 0 L -1
17 1 U 10
18 0 U 7
19 0 L 14
20 1 L -1
21 0 L 19
22 1 U 7
23 0 L 15
24 1 L -1
25 0 L 24
26 1 L 8
27 1 U -1
28 0 U 9
29 0 L 7
30 0 L -1
31 1 U 26
32 1 L 10
33 0 U 28
34 1 U 5
35 0 L 0
36 1 L 7
37 1 L 13
38 1 U -1
39 1 U 14
40 1 L 26
41 0 L 16
42 0 L 4
43 0 U 12
44 0 L -1
45 1 L 20
46 1 U 41
47 1 U 2
48 1 U 25
49 0 U 18
50 0 L 19
51 1 L 12
52 1 L 41
53 0 L 52
54 0 L 23
55 0 U 3
56 1 L 30
57 0 U -1
58 0 L 22
59 1 U 55
60 0 L 45
61 1 U 29
62 1 L 49
63 1 U 35
64 1 U -1
65 1 L -1
66 0 L 1
67 1 L 58
68 0 U 64
69 1 L 8
70
0 0 U -1
1 1 U -1
2 0 U -1
3 1 U -1
4 0 U -1
5 0 L 3
6 1 U -1
7 1 U 3
8 0 L 1
9 1 L 1
10 0 U -1
11 1 L 9
12 1 U 7
13 0 U 0
14 1 L 1
15 1 L 11
16 0 L -1
17 1 U 5
18 0 U 7
19 0 L 14
20 1 L -1
21 0 L 19
22 1 U 7
23 0 L 15
24 1 L -1
25 0 L 24
26 0 L 8
27 1 U -1
28 0 U 9
29 0 L 23
30 0 L -1
31 0 U 14
32 1 L 10
33 0 U 28
34 1 U 27
35 0 L 0
36 1 L 7
37 1 L 32
38 1 U -1
39 1 U 14
40 1 L 26
41 1 L 16
42 1 L 4
43 0 U 12
44 0 L -1
45 1 L 20
46 1 U 43
47 1 U 10
48 1 U 25
49 0 U 18
50 0 L 44
51 1 L 14
52 0 L 50
53 0 L 52
54 0 L 42
55 0 U 3
56 0 L 30
57 1 U -1
58 0 L 34
59 1 U 55
60 0 L 11
61 1 U 29
62 1 L 49
63 1 U 35
64 1 U -1
65 1 L -1
66 0 L 1
67 1 L 58
68 0 U 64
69 1 L 8
70
0 0 L -1
1 1 U -1
2 0 U 0
3 1 U -1
4 0 U -1
5 0 L 3
6 1 U -1
7 1 U 3
8 0 L 1
9 1 L 1
10 0 U -1
11 1 L 9
12 1 U 7
13 0 U 0
14 1 L 1
15 1 L 3
16 0 L -1
17 1 U 5
18 0 U 7
19 0 L 14
20 0 L -1
21 0 L 19
22 1 U 7
23 1 L 15
24 0 L -1
25 1 L 24
26 1 L 8
27 1 U -1
28 0 U 2
29 0 L 23
30 0 L -1
31 0 U 14
32 1 L 17
33 0 U 30
34 1 U 27
35 0 L 16
36 1 L 7
37 1 L 32
38 1 U -1
39 1 U 14
40 1 L 15
41 1 L 16
42 1 L 4
43 0 U 12
44 0 L -1
45 1 L 20
46 1 U 41
47 1 U 10
48 1 U 18
49 0 U 47
50 0 L 44
51 1 U 17
52 0 L 50
53 0 L 14
54 0 L 42
55 0 U 3
56 0 L 16
57 1 U -1
58 0 L 36
59 0 U 55
60 1 L 11
61 1 U 29
62 1 L 57
63 1 U 35
64 1 U -1
65 1 L -1
66 0 L 1
67 1 L 58
68 0 U 64
69 1 L 8
70
0 0 L -1
1 1 U -1
2 0 U 0
3 1 U -1
4 0 U -1
5 0 L 3
6 1 U -1
7 1 U 3
8 0 L 1
9 1 L 1
10 0 U -1
11 1 L 9
12 1 U 7
13 0 U -1
14 1 L 1
15 1 L 3
16 0 L -1
17 1 U 10
18 0 U 7
19 0 L 14
20 0 L -1
21 0 L 19
22 1 U 7
23 0 L 6
24 0 L -1
25 1 L 24
26 0 L 8
27 1 U -1
28 0 L 14
29 0 L 7
30 0 L -1
31 0 U 26
32 1 L 10
33 0 U 30
34 1 U 20
35 0 L 30
36 1 L 7
37 1 L 13
38 1 U -1
39 1 U 14
40 1 L 26
41 1 L 16
42 0 L 4
43 0 U 12
44 0 L -1
45 1 L 20
46 1 U 41
47 0 U 10
48 1 U 47
49 0 U 8
50 0 L 44
51 1 U 34
52 0 L 50
53 0 L 14
54 0 L 6
55 0 U 3
56 0 L 16
57 0 U -1
58 0 L 36
59 1 U 55
60 0 L 11
61 1 U 29
62 1 L 57
63 1 U 35
64 1 U -1
65 1 L -1
66 0 L 1
67 1 L 58
68 0 U 64
69 1 L 8
70
0 0 U -1
1 1 U -1
2 0 U -1
3 1 U -1
4 0 U -1
5 0 L 3
6 1 U -1
7 1 U 3
8 0 L 1
9 1 L 1
10 0 U -1
11 1 L 9
12 1 U 7
13 0 U -1
14 1 L 1
15 1 L 3
16 0 L -1
17 1 U 16
18 0 U 7
19 0 L 14
20 0 L -1
21 0 L 19
22 1 U 7
23 1 U 12
24 0 L -1
25 1 L 24
26 0 L 8
27 1 U -1
28 1 L 26
29 1 L 7
30 0 L -1
31 0 U 26
32 1 L 10
33 0 U 30
34 1 U 16
35 0 L 16
36 1 L 7
37 1 L 22
38 1 U -1
39 1 U 14
40 1 L 26
41 1 L 16
42 0 L 4
43 0 U 12
44 0 L -1
45 1 L 24
46 1 U 41
47 1 U 10
48 1 U 47
49 0 U 25
50 0 L 44
51 1 U 24
52 0 L 50
53 0 L 14
54 0 L 6
55 0 U 3
56 0 L 16
57 1 U -1
58 0 L 36
59 0 U 55
60 0 L 52
61 1 U 32
62 1 L 48
63 1 U 35
64 1 U -1
65 1 L -1
66 0 L 1
67 1 L 58
68 0 U 64
69 1 L 8
70
0 0 L -1
1 1 U -1
2 0 U -1
3 1 U -1
4 0 U -1
5 0 L 3
6 1 U -1
7 1 U 3
8 0 L 1
9 1 L 1
10 0 U -1
11 1 L 9
12 1 U 7
13 0 U -1
14 1 L 1
15 1 L 5
16 0 L -1
17 1 U 16
18 0 U 7
19 0 L 14
20 0 L -1
21 0 L 19
22 1 U 17
23 1 U 12
24 0 L -1
25 1 L 24
26 0 L 8
27 1 U -1
28 1 L 22
29 1 L 7
30 0 L -1
31 1 U 14
32 1 L 17
33 0 U 30
34 1 U 16
35 0 L 16
36 1 L 7
37 1 L 32
38 1 U -1
39 1 U 14
40 1 L 26
41 1 L 16
42 1 L 31
43 0 U 12
44 0 L -1
45 1 L 24
46 1 U 41
47 0 U 10
48 1 U 47
49 0 U 47
50 0 L 44
51 1 U 43
52 0 L 50
53 0 L 14
54 0 L 12
55 0 U 3
56 0 L 16
57 1 U -1
58 0 L 36
59 0 U 55
60 0 L 52
61 1 U 14
62 1 L 48
63 1 U 35
64 1 U -1
65 1 L -1
66 0 L 41
67 1 L 58
68 0 U 64
69 1 L 8
70
0 0 U -1
1 1 U -1
2 0 U 0
3 1 U -1
4 0 U -1
5 0 L 3
6 1 U -1
7 1 U 3
8 0 L 1
9 1 L 1
10 0 U -1
11 1 L 2
12 1 U 7
13 0 U -1
14 1 L 1
15 1 L 5
16 0 L -1
17 1 U 16
18 0 U 7
19 0 L 14
20 0 L -1
21 0 L 19
22 1 U 7
23 1 U 12
24 0 L -1
25 1 L 24
26 0 L 21
27 1 U -1
28 1 L 22
29 1 L 15
30 0 L -1
31 1 U 14
32 1 L 17
33 0 U 30
34 1 U 16
35 0 L 16
36 1 L 7
37 1 L 32
38 1 U -1
39 1 U 14
40 1 L 26
41 1 L 16
42 0 L 31
43 0 U 12
44 0 L -1
45 1 L 24
46 1 U 41
47 1 U 16
48 1 U 25
49 0 U 47
50 0 L 44
51 1 U 48
52 0 L 50
53 0 L 14
54 0 L 15
55 0 U 3
56 0 L 45
57 1 U -1
58 0 L 36
59 0 U 55
60 0 L 1
61 1 U 14
62 1 L 48
63 1 U 48
64 1 U -1
65 1 L -1
66 0 L 56
67 1 L 58
68 0 U 64
69 1 L 66
70
0 0 L -1
1 1 U -1
2 0 U -1
3 1 U -1
4 0 U -1
5 0 L 3
6 1 U -1
7 1 U 3
8 0 L 1
9 1 L 1
10 0 U -1
11 1 L 2
12 1 U 7
13 0 U -1
14 1 L 1
15 1 L 5
16 0 L -1
17 1 U 16
18 0 U 7
19 0 L 14
20 0 L -1
21 0 L 19
22 1 U 17
23 1 U 12
24 0 L -1
25 1 L 24
26 1 L 8
27 1 U -1
28 1 L 22
29 1 L 15
30 0 L -1
31 1 U 14
32 1 L 17
33 0 U 30
34 1 U 16
35 0 L 0
36 0 L 7
37 1 L 32
38 1 U -1
39 1 U 14
40 1 L 26
41 1 L 16
42 1 L 31
43 0 U 8
44 0 L -1
45 1 L 24
46 1 U 41
47 1 U 16
48 1 U 25
49 0 U 47
50 0 L 44
51 1 U 42
52 0 L 50
53 0 L 14
54 0 L 15
55 0 U 2
56 0 L 45
57 1 U -1
58 0 L 22
59 0 U 55
60 0 L 52
61 1 U 14
62 1 L 57
63 1 U 48
64 1 U -1
65 1 L -1
66 0 L 25
67 1 L 58
68 0 U 64
69 1 L 66
70
0 0 L -1
1 1 U -1
2 0 U -1
3 1 U -1
4 0 U -1
5 0 L 3
6 1 U -1
7 1 U 3
8 0 L 1
9 1 L 1
10 0 U -1
11 1 L 9
12 1 U 7
13 0 U -1
14 1 L 1
15 1 L 5
16 0 L -1
17 1 U 16
18 0 U 7
19 1 U 1
20 0 L -1
21 0 L 2
22 1 U 17
23 0 U 12
24 0 L -1
25 1 L 24
26 0 L 8
27 1 U -1
28 1 L 22
29 0 L 15
30 0 L -1
31 0 U 26
32 1 L 17
33 0 U 30
34 1 U 16
35 0 L 16
36 1 L 7
37 1 L 32
38 1 U -1
39 1 U 14
40 1 L 26
41 0 L 3
42 1 L 4
43 0 U 8
44 0 L -1
45 1 L 24
46 1 U 30
47 0 U 16
48 1 U 25
49 0 U 25
50 0 L 44
51 1 U 32
52 0 L 50
53 0 L 14
54 0 L 40
55 0 U 2
56 0 L 45
57 1 U -1
58 0 L 36
59 0 U 55
60 0 L 56
61 1 U 14
62 1 L 57
63 1 U 48
64 1 U -1
65 1 L -1
66 0 L 35
67 1 L 58
68 0 U 6
69 1 L 66
70
0 0 U -1
1 1 U -1
2 0 U -1
3 1 U -1
4 0 U -1
5 0 L 3
6 1 U -1
7 1 U 3
8 0 L 1
9 1 L 1
10 0 U -1
11 1 L 2
12 1 U 7
13 0 U -1
14 1 L 1
15 1 L 5
16 0 L -1
17 1 U 16
18 0 U 7
19 1 U 2
20 0 L -1
21 0 L 2
22 1 U 17
23 0 U 12
24 0 L -1
25 1 L 24
26 0 L 8
27 1 U -1
28 1 L 22
29 0 L 15
30 0 L -1
31 0 U 26
32 1 L 17
33 0 U 30
34 1 U 10
35 0 L 16
36 1 L 7
37 1 L 36
38 1 U -1
39 1 U 14
40 1 L 26
41 1 L 11
42 1 L 4
43 0 U 8
44 0 L -1
45 1 L 24
46 1 U 30
47 0 U 27
48 1 U 18
49 0 U 25
50 0 L 44
51 1 L 14
52 0 L 50
53 0 L 14
54 0 L 40
55 0 U 2
56 0 L 45
57 1 U -1
58 0 L 13
59 0 U 55
60 0 L 56
61 1 U 44
62 1 L 6
63 1 U 59
64 1 U -1
65 1 L -1
66 0 L 35
67 1 L 58
68 0 U 64
69 1 L 66
70
0 0 L -1
1 1 U -1
2 0 U -1
3 1 U -1
4 0 U -1
5 0 L 3
6 1 U -1
7 1 U 3
8 0 L 1
9 1 L 1
10 0 U -1
11 0 L 2
12 1 U 7
13 0 U -1
14 1 L 1
15 1 L 5
16 0 L -1
17 1 U 16
18 0 U 7
19 0 U 16
20 0 L -1
21 0 L 2
22 1 U 17
23 1 U 12
24 0 L -1
25 1 L 24
26 0 L 8
27 1 U -1
28 1 L 16
29 0 L 15
30 0 L -1
31 0 U 26
32 1 L 17
33 0 U 30
34 1 U 10
35 0 L 16
36 1 L 7
37 1 L 36
38 1 U -1
39 1 U 14
40 1 L 26
41 0 L 11
42 0 L 4
43 0 U 34
44 0 L -1
45 1 L 24
46 1 U 32
47 1 U 27
48 1 U 18
49 0 U 25
50 0 L 0
51 1 U 48
52 0 L 48
53 0 L 14
54 0 L 6
55 0 U 2
56 1 L 44
57 0 U -1
58 0 L 13
59 0 U 55
60 1 L 56
61 1 U 44
62 1 L 6
63 1 U 32
64 1 U -1
65 1 L -1
66 0 L 28
67 1 L 58
68 0 U 64
69 1 L 66
