36
0 0 U -1
1 0 U -1
2 0 U -1
3 0 U -1
4 0 U -1
5 0 U -1
6 0 U -1
7 0 U -1
8 0 U -1
9 0 U -1
10 0 U -1
11 0 U -1
12 0 U -1
13 0 U -1
14 0 U -1
15 0 U -1
16 0 U -1
17 0 U -1
18 0 U -1
19 0 U -1
20 0 U -1
21 0 U -1
22 0 U -1
23 0 U -1
24 0 U -1
25 0 U -1
26 0 U -1
27 0 U -1
28 0 U -1
29 0 U -1
30 0 U -1
31 0 U -1
32 0 U -1
33 0 U -1
34 0 U -1
35 0 U -1
36
0 0 U -1
1 0 L -1
2 0 U -1
3 0 U -1
4 0 U -1
5 0 L 1
6 1 L 2
7 1 U 2
8 1 U -1
9 0 U 2
10 0 U 8
11 0 L -1
12 0 U -1
13 0 U 9
14 0 L 2
15 1 U -1
16 1 L 8
17 0 U 8
18 1 L 7
19 0 L 13
20 0 U 3
21 0 U -1
22 0 U 2
23 1 L 19
24 1 U 10
25 1 U 21
26 0 U 25
27 0 L 6
28 0 U -1
29 1 L 22
30 0 L 13
31 1 U 23
32 0 L 20
33 0 U 23
34 1 L -1
35 1 U 28
36
0 0 U -1
1 0 L -1
2 0 U -1
3 1 U -1
4 0 U -1
5 0 L 1
6 1 L 2
7 1 U -1
8 1 U -1
9 0 U 2
10 0 U 8
11 0 L -1
12 0 U -1
13 0 U 9
14 0 L 2
15 1 U -1
16 1 L 8
17 0 U 12
18 1 L 14
19 0 L 2
20 1 U 15
21 0 U -1
22 1 U 21
23 0 L 19
24 1 U 6
25 1 U 21
26 1 U 25
27 1 L 6
28 0 U -1
29 1 L 24
30 0 L 14
31 0 L 11
32 0 L 12
33 0 U 14
34 1 L -1
35 1 U 28
36
0 0 L -1
1 0 L -1
2 0 U -1
3 1 U -1
4 0 U -1
5 0 L 1
6 1 L 2
7 1 U -1
8 1 U -1
9 0 U 2
10 0 U 0
11 0 L -1
12 0 U -1
13 1 U 9
14 0 L 2
15 0 U -1
16 1 L 8
17 0 U 0
18 1 L 14
19 0 L 2
20 1 U -1
21 0 U -1
22 1 U 4
23 0 L 3
24 0 U 10
25 1 U 21
26 0 U 25
27 1 L 14
28 0 U -1
29 1 L 24
30 0 L 0
31 0 L 29
32 0 L 14
33 0 U 14
34 1 L -1
35 1 U 25
36
0 0 L -1
1 0 L -1
2 0 U -1
3 1 U -1
4 0 U -1
5 0 L 1
6 1 L 2
7 1 U -1
8 1 U -1
9 0 U 2
10 0 U 0
11 0 L -1
12 0 U -1
13 1 U 9
14 0 L 2
15 0 U -1
16 0 L 12
17 0 U 15
18 1 L 14
19 0 L 13
20 0 U -1
21 0 U -1
22 1 U 21
23 1 L 19
24 0 U 10
25 1 U 21
26 1 U 25
27 1 L 23
28 0 U -1
29 1 L 24
30 0 L 23
31 0 U 19
32 0 L 1
33 0 U 28
34 0 L -1
35 0 U 28
36
0 0 L -1
1 0 L -1
2 0 U -1
3 1 U -1
4 0 U -1
5 0 L 1
6 1 L 2
7 1 U -1
8 1 U -1
9 0 U 2
10 0 U 8
11 0 L -1
12 0 U -1
13 1 U 9
14 0 L 2
15 0 U -1
16 1 L 12
17 0 U 2
18 1 L 7
19 0 L 13
20 1 L 7
21 0 U -1
22 1 U 21
23 0 L 19
24 0 U 18
25 1 U 7
26 0 U 25
27 0 L 7
28 0 U -1
29 0 L 24
30 1 L 23
31 0 L 12
32 0 L 23
33 0 U 26
34 1 L -1
35 1 U 28
36
0 0 L -1
1 0 L -1
2 0 U -1
3 1 U -1
4 0 U -1
5 0 L 1
6 1 L 2
7 1 U -1
8 1 U -1
9 0 U 2
10 0 U 2
11 0 L -1
12 0 U -1
13 0 U 9
14 0 L 13
15 0 U -1
16 1 L 12
17 0 U 2
18 1 L 7
19 0 L 13
20 1 L 19
21 0 U -1
22 1 U 21
23 1 L 19
24 0 U 6
25 1 U 7
26 0 U 25
27 1 L 23
28 0 U -1
29 0 L 24
30 0 L 7
31 0 L 0
32 0 L 8
33 0 U 11
34 1 L -1
35 1 U 25
36
0 0 U -1
1 0 L -1
2 0 U -1
3 1 U -1
4 0 U -1
5 0 L 1
6 1 L 2
7 1 U -1
8 1 U -1
9 0 U 2
10 0 U 0
11 0 L -1
12 0 U -1
13 0 U 9
14 0 L 13
15 0 U -1
16 1 L 12
17 0 U 2
18 1 L 14
19 0 L 13
20 0 L 7
21 0 U -1
22 1 U 21
23 0 L 19
24 0 U 10
25 1 U 7
26 0 U 25
27 0 L 7
28 0 U -1
29 0 L 24
30 1 L 4
31 0 L 6
32 0 L 8
33 0 U 9
34 1 L -1
35 1 U 25
36
0 0 U -1
1 0 L -1
2 0 U -1
3 1 U -1
4 0 U -1
5 0 L 1
6 1 L 2
7 1 U -1
8 1 U -1
9 0 U 2
10 0 U 2
11 0 L -1
12 0 U -1
13 1 U 9
14 0 L 2
15 0 U -1
16 1 L 12
17 0 U 0
18 1 L 7
19 0 L 2
20 0 L 7
21 0 U -1
22 1 U 21
23 0 L 3
24 0 U 18
25 1 U 7
26 0 U 25
27 0 L 7
28 0 U -1
29 0 L 24
30 0 L 1
31 1 U 10
32 0 L 20
33 0 U 14
34 1 L -1
35 1 U 25
36
0 0 L -1
1 0 L -1
2 0 U -1
3 1 U -1
4 0 U -1
5 0 L 1
6 1 L 2
7 1 U -1
8 1 U -1
9 0 U 2
10 0 U 0
11 0 L -1
12 0 U -1
13 1 U 9
14 0 L 13
15 0 U -1
16 1 L 8
17 0 U 2
18 1 L 7
19 0 L 13
20 1 L 7
21 0 U -1
22 1 U 21
23 0 L 3
24 1 U 10
25 1 U 7
26 0 U 25
27 0 L 14
28 0 U -1
29 0 L 24
30 0 L 11
31 1 U 26
32 0 L 14
33 0 U 26
34 1 L -1
35 1 U 28
36
0 0 L -1
1 0 L -1
2 0 U -1
3 1 U -1
4 0 U -1
5 0 L 1
6 1 L 2
7 1 U -1
8 1 U -1
9 0 U 2
10 0 U 2
11 0 L -1
12 0 U -1
13 1 U 9
14 0 L 13
15 0 U -1
16 1 L 8
17 0 U 12
18 1 L 7
19 0 L 13
20 0 L 7
21 0 U -1
22 1 U 21
23 0 L 19
24 0 U 6
25 1 U 7
26 1 U 25
27 1 L 14
28 0 U -1
29 1 L 24
30 0 L 11
31 0 U 29
32 0 L 27
33 0 U 6
34 1 L -1
35 1 U 28
36
0 0 U -1
1 0 L -1
2 0 U -1
3 1 U -1
4 0 U -1
5 0 L 1
6 1 L 2
7 1 U -1
8 1 U -1
9 0 U 2
10 0 U 0
11 0 L -1
12 0 U -1
13 1 U 9
14 0 L 13
15 0 U -1
16 1 L 8
17 0 U 0
18 1 L 14
19 0 L 13
20 1 L 14
21 0 U -1
22 1 U 4
23 0 L 19
24 1 U 6
25 1 U 7
26 0 U 25
27 1 L 6
28 0 U -1
29 0 L 24
30 0 L 11
31 1 U 14
32 0 L 6
33 0 U 10
34 1 L -1
35 1 U 25
36
0 0 L -1
1 0 L -1
2 0 U -1
3 1 U -1
4 0 U -1
5 0 L 1
6 1 L 2
7 1 U -1
8 1 U -1
9 0 U 2
10 0 U 0
11 0 L -1
12 0 U -1
13 1 U 9
14 0 L 2
15 0 U -1
16 1 L 8
17 0 U 15
18 1 L 14
19 0 L 13
20 1 L 7
21 0 U -1
22 1 U 21
23 0 L 19
24 1 U 10
25 1 U 7
26 0 U 25
27 0 L 23
28 0 U -1
29 0 L 24
30 0 L 11
31 1 L 27
32 0 L 4
33 0 U 20
34 1 L -1
35 1 U 28
36
0 0 L -1
1 0 L -1
2 0 U -1
3 1 U -1
4 0 U -1
5 0 L 1
6 1 L 2
7 1 U -1
8 1 U -1
9 0 U 2
10 0 U 0
11 0 L -1
12 0 U -1
13 1 U 9
14 0 L 13
15 0 U -1
16 1 L 8
17 0 U 15
18 1 L 14
19 0 L 13
20 1 L 14
21 0 U -1
22 1 U 21
23 0 L 19
24 0 U 10
25 1 U 7
26 0 U 25
27 0 L 4
28 0 U -1
29 1 L 24
30 0 L 0
31 0 U 16
32 1 L 27
33 0 U 5
34 1 L -1
35 1 U 25
36
0 0 U -1
1 0 L -1
2 0 U -1
3 1 U -1
4 0 U -1
5 0 L 1
6 1 L 2
7 1 U -1
8 1 U -1
9 0 U 2
10 0 U 8
11 0 L -1
12 0 U -1
13 1 U 9
14 0 L 2
15 0 U -1
16 1 L 8
17 0 U 12
18 1 L 14
19 0 L 13
20 1 L 14
21 0 U -1
22 1 U 21
23 0 L 3
24 0 U 6
25 1 U 7
26 0 U 25
27 1 L 14
28 0 U -1
29 0 L 24
30 1 U 14
31 0 L 23
32 0 L 31
33 0 U 11
34 1 L -1
35 1 U 28
36
0 0 L -1
1 0 L -1
2 0 U -1
3 1 U -1
4 0 U -1
5 0 L 1
6 1 L 2
7 1 U -1
8 1 U -1
9 0 U 2
10 0 U 2
11 0 L -1
12 0 U -1
13 0 U 9
14 0 L 13
15 0 U -1
16 1 L 8
17 0 U 8
18 1 L 14
19 0 L 2
20 1 L 7
21 0 U -1
22 1 U 21
23 0 L 19
24 0 U 18
25 1 U 7
26 0 U 25
27 0 L 14
28 0 U -1
29 0 L 24
30 1 U 26
31 0 L 11
32 0 L 7
33 0 U 10
34 1 L -1
35 1 U 25
36
0 0 L -1
1 0 L -1
2 0 U -1
3 1 U -1
4 0 U -1
5 0 L 1
6 1 L 2
7 1 U -1
8 1 U -1
9 0 U 2
10 0 U 0
11 0 L -1
12 0 U -1
13 1 U 9
14 0 L 2
15 0 U -1
16 1 L 8
17 0 U 2
18 1 L 7
19 0 L 2
20 1 L 7
21 0 U -1
22 1 U 21
23 0 L 19
24 1 U 6
25 1 U 7
26 0 U 25
27 0 L 23
28 0 U -1
29 0 L 24
30 1 U 17
31 0 L 7
32 0 L 20
33 0 U 30
34 1 L -1
35 1 U 28
36
0 0 U -1
1 0 L -1
2 0 U -1
3 1 U -1
4 0 U -1
5 0 L 1
6 1 L 2
7 1 U -1
8 1 U -1
9 0 U 2
10 0 U 2
11 0 L -1
12 0 U -1
13 0 U 9
14 0 L 13
15 0 U -1
16 1 L 8
17 0 U 2
18 1 L 14
19 0 L 13
20 1 L 14
21 0 U -1
22 1 U 21
23 0 L 19
24 0 U 6
25 1 U 7
26 0 U 25
27 0 L 6
28 0 U -1
29 0 L 24
30 1 U 10
31 0 L 29
32 0 L 7
33 0 U 18
34 1 L -1
35 1 U 25
36
0 0 U -1
1 0 L -1
2 0 U -1
3 1 U -1
4 0 U -1
5 0 L 1
6 1 L 2
7 1 U -1
8 1 U -1
9 0 U 2
10 0 U 0
11 0 L -1
12 0 U -1
13 1 U 9
14 0 L 13
15 0 U -1
16 1 L 8
17 0 U 0
18 1 L 14
19 0 L 13
20 1 L 7
21 0 U -1
22 1 U 4
23 0 L 19
24 0 U 6
25 1 U 7
26 0 U 25
27 0 L 23
28 0 U -1
29 0 L 24
30 1 U 26
31 0 U 27
32 0 L 27
33 0 U 18
34 1 L -1
35 1 U 28
36
0 0 L -1
1 0 L -1
2 0 U -1
3 1 U -1
4 0 U -1
5 0 L 1
6 1 L 2
7 1 U -1
8 1 U -1
9 0 U 2
10 0 U 2
11 0 L -1
12 0 U -1
13 0 U 9
14 0 L 2
15 0 U -1
16 1 L 8
17 0 U 0
18 1 L 14
19 0 L 13
20 0 L 7
21 0 U -1
22 1 U 21
23 0 L 19
24 0 U 17
25 1 U 7
26 0 U 25
27 0 L 4
28 0 U -1
29 0 L 24
30 1 U 26
31 0 L 1
32 0 L 23
33 0 U 10
34 1 L -1
35 1 U 25
36
0 0 L -1
1 0 L -1
2 0 U -1
3 1 U -1
4 0 U -1
5 0 L 1
6 1 L 2
7 1 U -1
8 1 U -1
9 0 U 2
10 0 U 2
11 0 L -1
12 0 U -1
13 0 U 9
14 0 L 13
15 0 U -1
16 1 L 8
17 0 U 0
18 1 L 14
19 0 L 13
20 0 L 7
21 0 U -1
22 1 U 21
23 0 L 19
24 0 U 18
25 1 U 7
26 0 U 25
27 0 L 4
28 0 U -1
29 0 L 24
30 1 U 9
31 1 L 29
32 0 L 18
33 0 U 6
34 1 L -1
35 1 U 25
36
0 0 U -1
1 0 L -1
2 0 U -1
3 1 U -1
4 0 U -1
5 0 L 1
6 1 L 2
7 1 U -1
8 1 U -1
9 0 U 2
10 0 U 2
11 0 L -1
12 0 U -1
13 1 U 9
14 0 L 13
15 0 U -1
16 1 L 8
17 0 U 0
18 1 L 7
19 0 L 13
20 0 L 14
21 0 U -1
22 1 U 21
23 0 L 19
24 0 U 17
25 1 U 7
26 0 U 25
27 0 L 6
28 0 U -1
29 0 L 24
30 1 U 6
31 0 L 0
32 0 L 14
33 0 U 5
34 1 L -1
35 1 U 25
36
0 0 L -1
1 0 L -1
2 0 U -1
3 1 U -1
4 0 U -1
5 0 L 1
6 1 L 2
7 1 U -1
8 1 U -1
9 0 U 2
10 0 U 2
11 0 L -1
12 0 U -1
13 1 U 9
14 0 L 13
15 0 U -1
16 1 L 8
17 0 U 0
18 1 L 7
19 0 L 2
20 1 L 7
21 0 U -1
22 1 U 21
23 0 L 3
24 0 U 17
25 1 U 7
26 0 U 25
27 0 L 23
28 0 U -1
29 0 L 24
30 1 U 5
31 1 L 29
32 0 L 7
33 0 U 10
34 1 L -1
35 1 U 25
36
0 0 L -1
1 0 L -1
2 0 U -1
3 1 U -1
4 0 U -1
5 0 L 1
6 1 L 2
7 1 U -1
8 1 U -1
9 0 U 2
10 0 U 8
11 0 L -1
12 0 U -1
13 0 U 9
14 0 L 13
15 0 U -1
16 1 L 8
17 0 U 12
18 1 L 7
19 0 L 2
20 0 L 7
21 0 U -1
22 1 U 21
23 0 L 19
24 0 U 10
25 1 U 7
26 0 U 25
27 1 L 6
28 0 U -1
29 1 L 24
30 1 U 10
31 0 L 15
32 1 L 20
33 0 U 30
34 1 L -1
35 1 U 28
36
0 0 L -1
1 0 L -1
2 0 U -1
3 1 U -1
4 0 U -1
5 0 L 1
6 1 L 2
7 1 U -1
8 1 U -1
9 0 U 2
10 0 U 2
11 0 L -1
12 0 U -1
13 0 U 9
14 0 L 13
15 0 U -1
16 1 L 8
17 0 U 2
18 1 L 7
19 0 L 2
20 0 L 14
21 0 U -1
22 1 U 21
23 0 L 19
24 0 U 10
25 1 U 7
26 0 U 25
27 0 L 23
28 0 U -1
29 0 L 24
30 1 U 17
31 0 U 16
32 0 L 14
33 0 U 5
34 1 L -1
35 1 U 28
36
0 0 L -1
1 0 L -1
2 0 U -1
3 1 U -1
4 0 U -1
5 0 L 1
6 1 L 2
7 1 U -1
8 1 U -1
9 0 U 2
10 0 U 0
11 0 L -1
12 0 U -1
13 1 U 9
14 0 L 2
15 0 U -1
16 1 L 8
17 0 U 0
18 1 L 7
19 0 L 13
20 0 L 14
21 0 U -1
22 1 U 21
23 0 L 19
24 0 U 10
25 1 U 7
26 0 U 25
27 0 L 4
28 0 U -1
29 0 L 24
30 1 U 20
31 1 U 17
32 0 L 20
33 0 U 9
34 1 L -1
35 1 U 25
36
0 0 L -1
1 0 L -1
2 0 U -1
3 1 U -1
4 0 U -1
5 0 L 1
6 1 L 2
7 1 U -1
8 1 U -1
9 0 U 2
10 0 U 2
11 0 L -1
12 0 U -1
13 1 U 9
14 0 L 2
15 0 U -1
16 1 L 8
17 0 U 8
18 1 L 7
19 0 L 13
20 1 L 14
21 0 U -1
22 1 U 21
23 0 L 19
24 0 U 6
25 1 U 7
26 0 U 25
27 0 L 4
28 0 U -1
29 0 L 24
30 1 U 11
31 0 L 29
32 0 L 23
33 0 U 11
34 1 L -1
35 1 U 28
36
0 0 U -1
1 0 L -1
2 0 U -1
3 1 U -1
4 0 U -1
5 0 L 1
6 1 L 2
7 1 U -1
8 1 U -1
9 0 U 2
10 0 U 2
11 0 L -1
12 0 U -1
13 1 U 9
14 0 L 13
15 0 U -1
16 1 L 8
17 0 U 12
18 1 L 14
19 0 L 13
20 1 L 14
21 0 U -1
22 1 U 21
23 0 L 19
24 0 U 18
25 1 U 7
26 0 U 25
27 1 L 6
28 0 U -1
29 0 L 24
30 1 U 20
31 1 U 28
32 0 L 4
33 0 U 9
34 1 L -1
35 1 U 28
36
0 0 L -1
1 0 L -1
2 0 U -1
3 1 U -1
4 0 U -1
5 0 L 1
6 1 L 2
7 1 U -1
8 1 U -1
9 0 U 2
10 0 U 8
11 0 L -1
12 0 U -1
13 1 U 9
14 0 L 2
15 0 U -1
16 1 L 8
17 0 U 15
18 1 L 7
19 0 L 2
20 0 L 14
21 0 U -1
22 1 U 21
23 0 L 3
24 0 U 10
25 1 U 7
26 0 U 25
27 0 L 23
28 0 U -1
29 0 L 24
30 1 U 14
31 0 U 24
32 0 L 7
33 0 U 10
34 1 L -1
35 1 U 25
36
0 0 U -1
1 0 L -1
2 0 U -1
3 1 U -1
4 0 U -1
5 0 L 1
6 1 L 2
7 1 U -1
8 1 U -1
9 0 U 2
10 0 U 0
11 0 L -1
12 0 U -1
13 0 U 9
14 0 L 13
15 0 U -1
16 1 L 8
17 0 U 0
18 1 L 14
19 0 L 13
20 1 L 7
21 0 U -1
22 1 U 21
23 0 L 19
24 0 U 6
25 1 U 7
26 0 U 25
27 0 L 23
28 0 U -1
29 0 L 24
30 1 U 18
31 0 L 15
32 0 L 4
33 0 U 9
34 1 L -1
35 1 U 28
36
0 0 U -1
1 0 L -1
2 0 U -1
3 1 U -1
4 0 U -1
5 0 L 1
6 1 L 2
7 1 U -1
8 1 U -1
9 0 U 2
10 0 U 0
11 0 L -1
12 0 U -1
13 0 U 9
14 0 L 13
15 0 U -1
16 1 L 8
17 0 U 0
18 1 L 7
19 0 L 13
20 0 L 7
21 0 U -1
22 1 U 21
23 0 L 19
24 0 U 6
25 1 U 7
26 0 U 25
27 0 L 6
28 0 U -1
29 0 L 24
30 1 U 14
31 1 L 23
32 0 L 4
33 0 U 10
34 1 L -1
35 1 U 28
36
0 0 L -1
1 0 L -1
2 0 U -1
3 1 U -1
4 0 U -1
5 0 L 1
6 1 L 2
7 1 U -1
8 1 U -1
9 0 U 2
10 0 U 2
11 0 L -1
12 0 U -1
13 0 U 9
14 0 L 2
15 0 U -1
16 1 L 8
17 0 U 2
18 1 L 14
19 0 L 13
20 1 L 14
21 0 U -1
22 1 U 21
23 0 L 19
24 0 U 18
25 1 U 7
26 0 U 25
27 1 L 6
28 0 U -1
29 0 L 24
30 0 U 26
31 0 L 7
32 0 L 27
33 0 U 30
34 1 L -1
35 1 U 28
36
0 0 U -1
1 0 L -1
2 0 U -1
3 1 U -1
4 0 U -1
5 0 L 1
6 1 L 2
7 1 U -1
8 1 U -1
9 0 U 2
10 0 U 0
11 0 L -1
12 0 U -1
13 0 U 9
14 0 L 13
15 0 U -1
16 1 L 8
17 0 U 0
18 1 L 7
19 0 L 2
20 0 L 14
21 0 U -1
22 1 U 21
23 0 L 19
24 0 U 6
25 1 U 7
26 0 U 25
27 0 L 6
28 0 U -1
29 0 L 24
30 1 U 11
31 0 U 16
32 0 L 6
33 0 U 10
34 1 L -1
35 1 U 28
36
0 0 L -1
1 0 L -1
2 0 U -1
3 1 U -1
4 0 U -1
5 0 L 1
6 1 L 2
7 1 U -1
8 1 U -1
9 0 U 2
10 0 U 0
11 0 L -1
12 0 U -1
13 0 U 9
14 0 L 13
15 0 U -1
16 1 L 8
17 0 U 15
18 1 L 14
19 0 L 13
20 0 L 14
21 0 U -1
22 1 U 21
23 0 L 19
24 0 U 18
25 1 U 7
26 0 U 25
27 0 L 14
28 0 U -1
29 0 L 24
30 1 U 14
31 1 U 10
32 0 L 4
33 0 U 10
34 1 L -1
35 1 U 25
36
0 0 U -1
1 0 L -1
2 0 U -1
3 1 U -1
4 0 U -1
5 0 L 1
6 1 L 2
7 1 U -1
8 1 U -1
9 0 U 2
10 0 U 0
11 0 L -1
12 0 U -1
13 1 U 9
14 0 L 13
15 0 U -1
16 1 L 8
17 0 U 0
18 1 L 14
19 0 L 2
20 1 L 14
21 0 U -1
22 1 U 4
23 0 L 19
24 0 U 18
25 1 U 7
26 0 U 25
27 0 L 23
28 0 U -1
29 0 L 24
30 1 U 26
31 0 U 27
32 0 L 14
33 0 U 9
34 1 L -1
35 1 U 25
36
0 0 U -1
1 0 L -1
2 0 U -1
3 1 U -1
4 0 U -1
5 0 L 1
6 1 L 2
7 1 U -1
8 1 U -1
9 0 U 2
10 0 U 2
11 0 L -1
12 0 U -1
13 1 U 9
14 0 L 13
15 0 U -1
16 1 L 8
17 0 U 8
18 1 L 7
19 0 L 2
20 1 L 14
21 0 U -1
22 1 U 21
23 0 L 19
24 1 U 6
25 1 U 7
26 0 U 25
27 1 L 23
28 0 U -1
29 0 L 24
30 1 U 17
31 1 U 30
32 0 L 18
33 0 U 11
34 1 L -1
35 1 U 28
36
0 0 U -1
1 0 L -1
2 0 U -1
3 1 U -1
4 0 U -1
5 0 L 1
6 1 L 2
7 1 U -1
8 1 U -1
9 0 U 2
10 0 U 8
11 0 L -1
12 0 U -1
13 0 U 9
14 0 L 13
15 0 U -1
16 1 L 8
17 0 U 12
18 1 L 14
19 0 L 2
20 1 L 14
21 0 U -1
22 1 U 21
23 0 L 19
24 0 U 18
25 1 U 7
26 0 U 25
27 1 L 6
28 0 U -1
29 0 L 24
30 1 U 9
31 1 L 27
32 0 L 27
33 0 U 5
34 1 L -1
35 1 U 28
36
0 0 U -1
1 0 L -1
2 0 U -1
3 1 U -1
4 0 U -1
5 0 L 1
6 1 L 2
7 1 U -1
8 1 U -1
9 0 U 2
10 0 U 0
11 0 L -1
12 0 U -1
13 1 U 9
14 0 L 13
15 0 U -1
16 1 L 8
17 0 U 0
18 1 L 14
19 0 L 13
20 1 L 14
21 0 U -1
22 1 U 4
23 0 L 3
24 0 U 10
25 1 U 7
26 0 U 25
27 0 L 23
28 0 U -1
29 0 L 24
30 0 U 10
31 1 L 29
32 0 L 23
33 0 U 9
34 1 L -1
35 1 U 28
36
0 0 L -1
1 0 L -1
2 0 U -1
3 1 U -1
4 0 U -1
5 0 L 1
6 1 L 2
7 1 U -1
8 1 U -1
9 0 U 2
10 0 U 8
11 0 L -1
12 0 U -1
13 1 U 9
14 0 L 2
15 0 U -1
16 1 L 8
17 0 U 15
18 1 L 14
19 0 L 13
20 0 L 14
21 0 U -1
22 1 U 21
23 0 L 19
24 0 U 10
25 1 U 7
26 0 U 25
27 0 L 23
28 0 U -1
29 0 L 24
30 1 U 5
31 0 L 11
32 0 L 23
33 0 U 26
34 1 L -1
35 1 U 25
36
0 0 U -1
1 0 L -1
2 0 U -1
3 1 U -1
4 0 U -1
5 0 L 1
6 1 L 2
7 1 U -1
8 1 U -1
9 0 U 2
10 0 U 8
11 0 L -1
12 0 U -1
13 0 U 9
14 0 L 13
15 0 U -1
16 1 L 8
17 0 U 8
18 1 L 14
19 0 L 13
20 1 L 14
21 0 U -1
22 1 U 21
23 0 L 19
24 0 U 18
25 1 U 7
26 0 U 25
27 0 L 6
28 0 U -1
29 0 L 24
30 0 U 10
31 0 L 14
32 0 L 31
33 0 U 30
34 1 L -1
35 1 U 25
36
0 0 U -1
1 0 L -1
2 0 U -1
3 1 U -1
4 0 U -1
5 0 L 1
6 1 L 2
7 1 U -1
8 1 U -1
9 0 U 2
10 0 U 2
11 0 L -1
12 0 U -1
13 0 U 9
14 0 L 13
15 0 U -1
16 1 L 8
17 0 U 8
18 1 L 14
19 0 L 13
20 1 L 7
21 0 U -1
22 1 U 21
23 0 L 19
24 0 U 6
25 1 U 7
26 0 U 25
27 1 L 23
28 0 U -1
29 0 L 24
30 1 U 5
31 0 L 27
32 0 L 7
33 0 U 20
34 1 L -1
35 1 U 28
36
0 0 L -1
1 0 L -1
2 0 U -1
3 1 U -1
4 0 U -1
5 0 L 1
6 1 L 2
7 1 U -1
8 1 U -1
9 0 U 2
10 0 U 8
11 0 L -1
12 0 U -1
13 1 U 9
14 0 L 13
15 0 U -1
16 1 L 8
17 0 U 2
18 1 L 7
19 0 L 13
20 0 L 14
21 0 U -1
22 1 U 21
23 0 L 3
24 0 U 18
25 1 U 7
26 0 U 25
27 0 L 23
28 0 U -1
29 0 L 24
30 1 U 17
31 1 U 30
32 0 L 14
33 0 U 9
34 1 L -1
35 1 U 25
36
0 0 L -1
1 0 L -1
2 0 U -1
3 1 U -1
4 0 U -1
5 0 L 1
6 1 L 2
7 1 U -1
8 1 U -1
9 0 U 2
10 0 U 8
11 0 L -1
12 0 U -1
13 0 U 9
14 0 L 13
15 0 U -1
16 1 L 8
17 0 U 15
18 1 L 14
19 0 L 13
20 0 L 7
21 0 U -1
22 1 U 21
23 0 L 19
24 0 U 18
25 1 U 7
26 0 U 25
27 0 L 14
28 0 U -1
29 0 L 24
30 1 U 11
31 1 U 10
32 0 L 6
33 0 U 6
34 1 L -1
35 1 U 25
36
0 0 L -1
1 0 L -1
2 0 U -1
3 1 U -1
4 0 U -1
5 0 L 1
6 1 L 2
7 1 U -1
8 1 U -1
9 0 U 2
10 0 U 2
11 0 L -1
12 0 U -1
13 0 U 9
14 0 L 2
15 0 U -1
16 1 L 8
17 0 U 15
18 1 L 7
19 0 L 2
20 1 L 7
21 0 U -1
22 1 U 21
23 0 L 19
24 0 U 18
25 1 U 7
26 0 U 25
27 1 L 23
28 0 U -1
29 0 L 24
30 1 U 18
31 1 L 27
32 0 L 23
33 0 U 20
34 1 L -1
35 1 U 25
36
0 0 U -1
1 0 L -1
2 0 U -1
3 1 U -1
4 0 U -1
5 0 L 1
6 1 L 2
7 1 U -1
8 1 U -1
9 0 U 2
10 0 U 0
11 0 L -1
12 0 U -1
13 1 U 9
14 0 L 13
15 0 U -1
16 1 L 8
17 0 U 0
18 1 L 14
19 0 L 13
20 1 L 14
21 0 U -1
22 1 U 21
23 0 L 3
24 0 U 6
25 1 U 7
26 0 U 25
27 0 L 14
28 0 U -1
29 0 L 24
30 1 U 11
31 0 U 17
32 0 L 23
33 0 U 14
34 1 L -1
35 1 U 28
36
0 0 U -1
1 0 L -1
2 0 U -1
3 1 U -1
4 0 U -1
5 0 L 1
6 1 L 2
7 1 U -1
8 1 U -1
9 0 U 2
10 0 U 8
11 0 L -1
12 0 U -1
13 1 U 9
14 0 L 13
15 0 U -1
16 1 L 8
17 0 U 8
18 1 L 14
19 0 L 2
20 1 L 7
21 0 U -1
22 1 U 21
23 0 L 19
24 0 U 6
25 1 U 7
26 0 U 25
27 0 L 6
28 0 U -1
29 0 L 24
30 1 U 17
31 0 L 23
32 0 L 7
33 0 U 30
34 1 L -1
35 1 U 25
36
0 0 U -1
1 0 L -1
2 0 U -1
3 1 U -1
4 0 U -1
5 0 L 1
6 1 L 2
7 1 U -1
8 1 U -1
9 0 U 2
10 0 U 0
11 0 L -1
12 0 U -1
13 0 U 9
14 0 L 13
15 0 U -1
16 1 L 8
17 0 U 0
18 1 L 7
19 0 L 13
20 1 L 7
21 0 U -1
22 1 U 4
23 0 L 19
24 0 U 10
25 1 U 7
26 0 U 25
27 0 L 14
28 0 U -1
29 0 L 24
30 1 U 20
31 0 L 0
32 0 L 23
33 0 U 6
34 1 L -1
35 1 U 28
36
0 0 L -1
1 0 L -1
2 0 U -1
3 1 U -1
4 0 U -1
5 0 L 1
6 1 L 2
7 1 U -1
8 1 U -1
9 0 U 2
10 0 U 0
11 0 L -1
12 0 U -1
13 0 U 9
14 0 L 2
15 0 U -1
16 1 L 8
17 0 U 8
18 1 L 7
19 0 L 2
20 1 L 14
21 0 U -1
22 1 U 21
23 0 L 19
24 0 U 6
25 1 U 7
26 0 U 25
27 0 L 6
28 0 U -1
29 0 L 24
30 0 U 26
31 1 U 5
32 0 L 27
33 0 U 11
34 1 L -1
35 1 U 28
36
0 0 U -1
1 0 L -1
2 0 U -1
3 1 U -1
4 0 U -1
5 0 L 1
6 1 L 2
7 1 U -1
8 1 U -1
9 0 U 2
10 0 U 0
11 0 L -1
12 0 U -1
13 1 U 9
14 0 L 13
15 0 U -1
16 1 L 8
17 0 U 15
18 1 L 7
19 0 L 13
20 0 L 7
21 0 U -1
22 1 U 21
23 0 L 19
24 0 U 18
25 1 U 7
26 0 U 25
27 0 L 4
28 0 U -1
29 0 L 24
30 1 U 10
31 0 L 15
32 0 L 7
33 0 U 11
34 1 L -1
35 1 U 25
36
0 0 U -1
1 0 L -1
2 0 U -1
3 1 U -1
4 0 U -1
5 0 L 1
6 1 L 2
7 1 U -1
8 1 U -1
9 0 U 2
10 0 U 0
11 0 L -1
12 0 U -1
13 1 U 9
14 0 L 2
15 0 U -1
16 1 L 8
17 0 U 2
18 1 L 7
19 0 L 2
20 1 L 14
21 0 U -1
22 1 U 21
23 0 L 19
24 0 U 18
25 1 U 7
26 0 U 25
27 0 L 23
28 0 U -1
29 0 L 24
30 0 U 17
31 0 L 6
32 0 L 7
33 0 U 9
34 1 L -1
35 1 U 28
36
0 0 U -1
1 0 L -1
2 0 U -1
3 1 U -1
4 0 U -1
5 0 L 1
6 1 L 2
7 1 U -1
8 1 U -1
9 0 U 2
10 0 U 8
11 0 L -1
12 0 U -1
13 0 U 9
14 0 L 2
15 0 U -1
16 1 L 8
17 0 U 2
18 1 L 14
19 0 L 2
20 1 L 14
21 0 U -1
22 1 U 21
23 0 L 19
24 0 U 6
25 1 U 7
26 0 U 25
27 1 L 6
28 0 U -1
29 0 L 24
30 1 U 10
31 0 U 13
32 0 L 27
33 0 U 6
34 1 L -1
35 1 U 28
36
0 0 U -1
1 0 L -1
2 0 U -1
3 1 U -1
4 0 U -1
5 0 L 1
6 1 L 2
7 1 U -1
8 1 U -1
9 0 U 2
10 0 U 2
11 0 L -1
12 0 U -1
13 0 U 9
14 0 L 2
15 0 U -1
16 1 L 8
17 0 U 0
18 1 L 14
19 0 L 13
20 1 L 7
21 0 U -1
22 1 U 21
23 0 L 19
24 0 U 17
25 1 U 7
26 0 U 25
27 0 L 4
28 0 U -1
29 0 L 24
30 0 U 17
31 0 U 30
32 0 L 6
33 0 U 11
34 1 L -1
35 1 U 28
36
0 0 U -1
1 0 L -1
2 0 U -1
3 1 U -1
4 0 U -1
5 0 L 1
6 1 L 2
7 1 U -1
8 1 U -1
9 0 U 2
10 0 U 8
11 0 L -1
12 0 U -1
13 0 U 9
14 0 L 2
15 0 U -1
16 1 L 8
17 0 U 2
18 1 L 7
19 0 L 13
20 0 L 7
21 0 U -1
22 1 U 21
23 0 L 3
24 0 U 6
25 1 U 7
26 0 U 25
27 0 L 23
28 0 U -1
29 0 L 24
30 0 U 26
31 0 U 16
32 0 L 14
33 0 L 31
34 1 L -1
35 1 U 25
36
0 0 L -1
1 0 L -1
2 0 U -1
3 1 U -1
4 0 U -1
5 0 L 1
6 1 L 2
7 1 U -1
8 1 U -1
9 0 U 2
10 0 U 0
11 0 L -1
12 0 U -1
13 0 U 9
14 0 L 2
15 0 U -1
16 1 L 8
17 0 U 0
18 1 L 14
19 0 L 2
20 1 L 14
21 0 U -1
22 1 U 4
23 0 L 3
24 0 U 10
25 1 U 7
26 0 U 25
27 0 L 23
28 0 U -1
29 0 L 24
30 1 U 17
31 1 U 28
32 0 L 18
33 0 U 11
34 1 L -1
35 1 U 28
36
0 0 L -1
1 0 L -1
2 0 U -1
3 1 U -1
4 0 U -1
5 0 L 1
6 1 L 2
7 1 U -1
8 1 U -1
9 0 U 2
10 0 U 8
11 0 L -1
12 0 U -1
13 1 U 9
14 0 L 2
15 0 U -1
16 1 L 8
17 0 U 12
18 1 L 14
19 0 L 13
20 1 L 14
21 0 U -1
22 1 U 21
23 0 L 19
24 0 U 6
25 1 U 7
26 0 U 25
27 1 L 6
28 0 U -1
29 0 L 24
30 0 U 10
31 0 U 16
32 0 L 7
33 0 U 30
34 1 L -1
35 1 U 25
36
0 0 L -1
1 0 L -1
2 0 U -1
3 1 U -1
4 0 U -1
5 0 L 1
6 1 L 2
7 1 U -1
8 1 U -1
9 0 U 2
10 0 U 2
11 0 L -1
12 0 U -1
13 0 U 9
14 0 L 2
15 0 U -1
16 1 L 8
17 0 U 8
18 1 L 14
19 0 L 2
20 0 L 14
21 0 U -1
22 1 U 21
23 0 L 3
24 0 U 6
25 1 U 7
26 0 U 25
27 0 L 23
28 0 U -1
29 0 L 24
30 1 U 5
31 1 U 28
32 0 L 14
33 0 U 6
34 1 L -1
35 1 U 25
36
0 0 L -1
1 0 L -1
2 0 U -1
3 1 U -1
4 0 U -1
5 0 L 1
6 1 L 2
7 1 U -1
8 1 U -1
9 0 U 2
10 0 U 2
11 0 L -1
12 0 U -1
13 0 U 9
14 0 L 13
15 0 U -1
16 1 L 8
17 0 U 15
18 1 L 14
19 0 L 13
20 1 L 7
21 0 U -1
22 1 U 21
23 0 L 3
24 0 U 6
25 1 U 7
26 0 U 25
27 0 L 23
28 0 U -1
29 0 L 24
30 1 U 9
31 0 U 30
32 0 L 23
33 0 U 18
34 1 L -1
35 1 U 25
36
0 0 U -1
1 0 L -1
2 0 U -1
3 1 U -1
4 0 U -1
5 0 L 1
6 1 L 2
7 1 U -1
8 1 U -1
9 0 U 2
10 0 U 0
11 0 L -1
12 0 U -1
13 0 U 9
14 0 L 13
15 0 U -1
16 1 L 8
17 0 U 8
18 1 L 14
19 0 L 2
20 1 L 14
21 0 U -1
22 1 U 21
23 0 L 19
24 0 U 18
25 1 U 7
26 0 U 25
27 0 L 6
28 0 U -1
29 0 L 24
30 1 U 11
31 1 L 27
32 0 L 23
33 0 U 17
34 1 L -1
35 1 U 25
