45
0 0 U -1
1 1 U -1
2 0 U -1
3 0 U -1
4 1 U -1
5 1 U -1
6 1 U -1
7 1 U -1
8 0 U -1
9 0 U -1
10 1 U -1
11 1 U -1
12 1 U -1
13 1 U -1
14 1 U -1
15 0 U -1
16 0 U -1
17 0 U -1
18 1 U -1
19 0 U -1
20 0 U -1
21 0 U -1
22 1 U -1
23 0 U -1
24 1 U -1
25 0 U -1
26 0 U -1
27 0 U -1
28 0 U -1
29 0 U -1
30 0 U -1
31 1 U -1
32 0 U -1
33 1 U -1
34 1 U -1
35 1 U -1
36 1 U -1
37 0 U -1
38 0 U -1
39 1 U -1
40 1 U -1
41 0 U -1
42 0 U -1
43 0 U -1
44 0 U -1
45
0 0 U -1
1 1 U -1
2 0 U -1
3 0 U -1
4 1 U -1
5 1 U -1
6 1 U -1
7 1 U -1
8 0 U -1
9 0 U -1
10 1 U -1
11 1 U -1
12 1 U -1
13 1 U -1
14 1 U -1
15 0 U -1
16 0 U -1
17 0 U -1
18 1 U -1
19 0 U -1
20 0 U -1
21 0 U -1
22 1 U -1
23 0 U -1
24 1 U -1
25 0 U -1
26 0 U -1
27 0 U -1
28 0 U -1
29 0 U -1
30 0 U -1
31 1 U -1
32 0 U -1
33 1 U -1
34 1 U -1
35 1 U -1
36 1 U -1
37 0 U -1
38 0 U -1
39 1 U -1
40 1 U -1
41 0 U -1
42 0 U -1
43 0 U -1
44 0 U -1
45
0 0 U -1
1 1 U -1
2 0 U -1
3 0 U -1
4 1 U -1
5 1 U -1
6 1 U -1
7 1 U -1
8 0 U -1
9 0 U -1
10 1 U -1
11 1 U -1
12 1 U -1
13 1 U -1
14 1 U -1
15 0 U -1
16 0 U -1
17 0 U -1
18 1 U -1
19 0 U -1
20 0 U -1
21 0 U -1
22 1 U -1
23 0 U -1
24 1 U -1
25 0 U -1
26 0 U -1
27 0 U -1
28 0 U -1
29 0 U -1
30 0 U -1
31 1 U -1
32 0 U -1
33 1 U -1
34 1 U -1
35 1 U -1
36 1 U -1
37 0 U -1
38 0 U -1
39 1 U -1
40 1 U -1
41 0 U -1
42 0 U -1
43 0 U -1
44 0 U -1
45
0 0 U -1
1 1 U -1
2 0 U -1
3 0 U -1
4 1 U -1
5 1 U -1
6 1 U -1
7 1 U -1
8 0 U -1
9 0 U -1
10 1 U -1
11 1 U -1
12 1 U -1
13 1 U -1
14 1 U -1
15 0 U -1
16 0 U -1
17 0 U -1
18 1 U -1
19 0 U -1
20 0 U -1
21 0 U -1
22 1 U -1
23 0 U -1
24 1 U -1
25 0 U -1
26 0 U -1
27 0 U -1
28 0 U -1
29 0 U -1
30 0 U -1
31 1 U -1
32 0 U -1
33 1 U -1
34 1 U -1
35 1 U -1
36 1 U -1
37 0 U -1
38 0 U -1
39 1 U -1
40 1 U -1
41 0 U -1
42 0 U -1
43 0 U -1
44 0 U -1
45
0 0 U -1
1 1 U -1
2 0 U -1
3 0 U -1
4 1 U -1
5 1 U -1
6 1 U -1
7 1 U -1
8 0 U -1
9 0 U -1
10 1 U -1
11 1 U -1
12 1 U -1
13 1 U -1
14 1 U -1
15 0 U -1
16 0 U -1
17 0 U -1
18 1 U -1
19 0 U -1
20 0 U -1
21 0 U -1
22 1 U -1
23 0 U -1
24 1 U -1
25 0 U -1
26 0 U -1
27 0 U -1
28 0 U -1
29 0 U -1
30 0 U -1
31 1 U -1
32 0 U -1
33 1 U -1
34 1 U -1
35 1 U -1
36 1 U -1
37 0 U -1
38 0 U -1
39 1 U -1
40 1 U -1
41 0 U -1
42 0 U -1
43 0 U -1
44 0 U -1
45
0 0 U -1
1 1 U -1
2 0 U -1
3 0 U -1
4 1 U -1
5 1 U -1
6 1 U -1
7 1 U -1
8 0 U -1
9 0 U -1
10 1 U -1
11 1 U -1
12 1 U -1
13 1 U -1
14 1 U -1
15 0 U -1
16 0 U -1
17 0 U -1
18 1 U -1
19 0 U -1
20 0 U -1
21 0 U -1
22 1 U -1
23 0 U -1
24 1 U -1
25 0 U -1
26 0 U -1
27 0 U -1
28 0 U -1
29 0 U -1
30 0 U -1
31 1 U -1
32 0 U -1
33 1 U -1
34 1 U -1
35 1 U -1
36 1 U -1
37 0 U -1
38 0 U -1
39 1 U -1
40 1 U -1
41 0 U -1
42 0 U -1
43 0 U -1
44 0 U -1
45
0 0 U -1
1 1 U -1
2 0 U -1
3 0 U -1
4 1 U -1
5 1 U -1
6 1 U -1
7 1 U -1
8 0 U -1
9 0 U -1
10 1 U -1
11 1 U -1
12 1 U -1
13 1 U -1
14 1 U -1
15 0 U -1
16 0 U -1
17 0 U -1
18 1 U -1
19 0 U -1
20 0 U -1
21 0 U -1
22 1 U -1
23 0 U -1
24 1 U -1
25 0 U -1
26 0 U -1
27 0 U -1
28 0 U -1
29 0 U -1
30 0 U -1
31 1 U -1
32 0 U -1
33 1 U -1
34 1 U -1
35 1 U -1
36 1 U -1
37 0 U -1
38 0 U -1
39 1 U -1
40 1 U -1
41 0 U -1
42 0 U -1
43 0 U -1
44 0 U -1
45
0 0 U -1
1 1 U -1
2 0 U -1
3 0 U -1
4 1 U -1
5 1 U -1
6 1 U -1
7 1 U -1
8 0 U -1
9 0 U -1
10 1 U -1
11 1 U -1
12 1 U -1
13 1 U -1
14 1 U -1
15 0 U -1
16 0 U -1
17 0 U -1
18 1 U -1
19 0 U -1
20 0 U -1
21 0 U -1
22 1 U -1
23 0 U -1
24 1 U -1
25 0 U -1
26 0 U -1
27 0 U -1
28 0 U -1
29 0 U -1
30 0 U -1
31 1 U -1
32 0 U -1
33 1 U -1
34 1 U -1
35 1 U -1
36 1 U -1
37 0 U -1
38 0 U -1
39 1 U -1
40 1 U -1
41 0 U -1
42 0 U -1
43 0 U -1
44 0 U -1
45
0 0 U -1
1 1 U -1
2 0 U -1
3 0 U -1
4 1 U -1
5 1 U -1
6 1 U -1
7 1 U -1
8 0 U -1
9 0 U -1
10 1 U -1
11 1 U -1
12 1 U -1
13 1 U -1
14 1 U -1
15 0 U -1
16 0 U -1
17 0 U -1
18 1 U -1
19 0 U -1
20 0 U -1
21 0 U -1
22 1 U -1
23 0 U -1
24 1 U -1
25 0 U -1
26 0 U -1
27 0 U -1
28 0 U -1
29 0 U -1
30 0 U -1
31 1 U -1
32 0 U -1
33 1 U -1
34 1 U -1
35 1 U -1
36 1 U -1
37 0 U -1
38 0 U -1
39 1 U -1
40 1 U -1
41 0 U -1
42 0 U -1
43 0 U -1
44 0 U -1
45
0 0 U -1
1 1 U -1
2 0 U -1
3 0 U -1
4 1 U -1
5 1 U -1
6 1 U -1
7 1 U -1
8 0 U -1
9 0 U -1
10 1 U -1
11 1 U -1
12 1 U -1
13 1 U -1
14 1 U -1
15 0 U -1
16 0 U -1
17 0 U -1
18 1 U -1
19 0 U -1
20 0 U -1
21 0 U -1
22 1 U -1
23 0 U -1
24 1 U -1
25 0 U -1
26 0 U -1
27 0 U -1
28 0 U -1
29 0 U -1
30 0 U -1
31 1 U -1
32 0 U -1
33 1 U -1
34 1 U -1
35 1 U -1
36 1 U -1
37 0 U -1
38 0 U -1
39 1 U -1
40 1 U -1
41 0 U -1
42 0 U -1
43 0 U -1
44 0 U -1
45
0 0 U -1
1 1 U -1
2 0 U -1
3 0 U -1
4 1 U -1
5 1 U -1
6 1 U -1
7 1 U -1
8 0 U -1
9 0 U -1
10 1 U -1
11 1 U -1
12 1 U -1
13 1 U -1
14 1 U -1
15 0 U -1
16 0 U -1
17 0 U -1
18 1 U -1
19 0 U -1
20 0 U -1
21 0 U -1
22 1 U -1
23 0 U -1
24 1 U -1
25 0 U -1
26 0 U -1
27 0 U -1
28 0 U -1
29 0 U -1
30 0 U -1
31 1 U -1
32 0 U -1
33 1 U -1
34 1 U -1
35 1 U -1
36 1 U -1
37 0 U -1
38 0 U -1
39 1 U -1
40 1 U -1
41 0 U -1
42 0 U -1
43 0 U -1
44 0 U -1
45
0 0 U -1
1 1 U -1
2 0 U -1
3 0 U -1
4 1 U -1
5 1 U -1
6 1 U -1
7 1 U -1
8 0 U -1
9 0 U -1
10 1 U -1
11 1 U -1
12 1 U -1
13 1 U -1
14 1 U -1
15 0 U -1
16 0 U -1
17 0 U -1
18 1 U -1
19 0 U -1
20 0 U -1
21 0 U -1
22 1 U -1
23 0 U -1
24 1 U -1
25 0 U -1
26 0 U -1
27 0 U -1
28 0 U -1
29 0 U -1
30 0 U -1
31 1 U -1
32 0 U -1
33 1 U -1
34 1 U -1
35 1 U -1
36 1 U -1
37 0 U -1
38 0 U -1
39 1 U -1
40 1 U -1
41 0 U -1
42 0 U -1
43 0 U -1
44 0 U -1
45
0 0 U -1
1 1 U -1
2 0 U -1
3 0 U -1
4 1 U -1
5 1 U -1
6 1 U -1
7 1 U -1
8 0 U -1
9 0 U -1
10 1 U -1
11 1 U -1
12 1 U -1
13 1 U -1
14 1 U -1
15 0 U -1
16 0 U -1
17 0 U -1
18 1 U -1
19 0 U -1
20 0 U -1
21 0 U -1
22 1 U -1
23 0 U -1
24 1 U -1
25 0 U -1
26 0 U -1
27 0 U -1
28 0 U -1
29 0 U -1
30 0 U -1
31 1 U -1
32 0 U -1
33 1 U -1
34 1 U -1
35 1 U -1
36 1 U -1
37 0 U -1
38 0 U -1
39 1 U -1
40 1 U -1
41 0 U -1
42 0 U -1
43 0 U -1
44 0 U -1
45
0 0 U -1
1 1 U -1
2 0 U -1
3 0 U -1
4 1 U -1
5 1 U -1
6 1 U -1
7 1 U -1
8 0 U -1
9 0 U -1
10 1 U -1
11 1 U -1
12 1 U -1
13 1 U -1
14 1 U -1
15 0 U -1
16 0 U -1
17 0 U -1
18 1 U -1
19 0 U -1
20 0 U -1
21 0 U -1
22 1 U -1
23 0 U -1
24 1 U -1
25 0 U -1
26 0 U -1
27 0 U -1
28 0 U -1
29 0 U -1
30 0 U -1
31 1 U -1
32 0 U -1
33 1 U -1
34 1 U -1
35 1 U -1
36 1 U -1
37 0 U -1
38 0 U -1
39 1 U -1
40 1 U -1
41 0 U -1
42 0 U -1
43 0 U -1
44 0 U -1
45
0 0 U -1
1 1 U -1
2 0 U -1
3 0 U -1
4 1 U -1
5 1 U -1
6 1 U -1
7 1 U -1
8 0 U -1
9 0 U -1
10 1 U -1
11 1 U -1
12 1 U -1
13 1 U -1
14 1 U -1
15 0 U -1
16 0 U -1
17 0 U -1
18 1 U -1
19 0 U -1
20 0 U -1
21 0 U -1
22 1 U -1
23 0 U -1
24 1 U -1
25 0 U -1
26 0 U -1
27 0 U -1
28 0 U -1
29 0 U -1
30 0 U -1
31 1 U -1
32 0 U -1
33 1 U -1
34 1 U -1
35 1 U -1
36 1 U -1
37 0 U -1
38 0 U -1
39 1 U -1
40 1 U -1
41 0 U -1
42 0 U -1
43 0 U -1
44 0 U -1
45
0 0 U -1
1 1 U -1
2 0 U -1
3 0 U -1
4 1 U -1
5 1 U -1
6 1 U -1
7 1 U -1
8 0 U -1
9 0 U -1
10 1 U -1
11 1 U -1
12 1 U -1
13 1 U -1
14 1 U -1
15 0 U -1
16 0 U -1
17 0 U -1
18 1 U -1
19 0 U -1
20 0 U -1
21 0 U -1
22 1 U -1
23 0 U -1
24 1 U -1
25 0 U -1
26 0 U -1
27 0 U -1
28 0 U -1
29 0 U -1
30 0 U -1
31 1 U -1
32 0 U -1
33 1 U -1
34 1 U -1
35 1 U -1
36 1 U -1
37 0 U -1
38 0 U -1
39 1 U -1
40 1 U -1
41 0 U -1
42 0 U -1
43 0 U -1
44 0 U -1
45
0 0 U -1
1 1 U -1
2 0 U -1
3 0 U -1
4 1 U -1
5 1 U -1
6 1 U -1
7 1 U -1
8 0 U -1
9 0 U -1
10 1 U -1
11 1 U -1
12 1 U -1
13 1 U -1
14 1 U -1
15 0 U -1
16 0 U -1
17 0 U -1
18 1 U -1
19 0 U -1
20 0 U -1
21 0 U -1
22 1 U -1
23 0 U -1
24 1 U -1
25 0 U -1
26 0 U -1
27 0 U -1
28 0 U -1
29 0 U -1
30 0 U -1
31 1 U -1
32 0 U -1
33 1 U -1
34 1 U -1
35 1 U -1
36 1 U -1
37 0 U -1
38 0 U -1
39 1 U -1
40 1 U -1
41 0 U -1
42 0 U -1
43 0 U -1
44 0 U -1
45
0 0 U -1
1 1 U -1
2 0 U -1
3 0 U -1
4 1 U -1
5 1 U -1
6 1 U -1
7 1 U -1
8 0 U -1
9 0 U -1
10 1 U -1
11 1 U -1
12 1 U -1
13 1 U -1
14 1 U -1
15 0 U -1
16 0 U -1
17 0 U -1
18 1 U -1
19 0 U -1
20 0 U -1
21 0 U -1
22 1 U -1
23 0 U -1
24 1 U -1
25 0 U -1
26 0 U -1
27 0 U -1
28 0 U -1
29 0 U -1
30 0 U -1
31 1 U -1
32 0 U -1
33 1 U -1
34 1 U -1
35 1 U -1
36 1 U -1
37 0 U -1
38 0 U -1
39 1 U -1
40 1 U -1
41 0 U -1
42 0 U -1
43 0 U -1
44 0 U -1
45
0 0 U -1
1 1 U -1
2 0 U -1
3 0 U -1
4 1 U -1
5 1 U -1
6 1 U -1
7 1 U -1
8 0 U -1
9 0 U -1
10 1 U -1
11 1 U -1
12 1 U -1
13 1 U -1
14 1 U -1
15 0 U -1
16 0 U -1
17 0 U -1
18 1 U -1
19 0 U -1
20 0 U -1
21 0 U -1
22 1 U -1
23 0 U -1
24 1 U -1
25 0 U -1
26 0 U -1
27 0 U -1
28 0 U -1
29 0 U -1
30 0 U -1
31 1 U -1
32 0 U -1
33 1 U -1
34 1 U -1
35 1 U -1
36 1 U -1
37 0 U -1
38 0 U -1
39 1 U -1
40 1 U -1
41 0 U -1
42 0 U -1
43 0 U -1
44 0 U -1
45
0 0 U -1
1 1 U -1
2 0 U -1
3 0 U -1
4 1 U -1
5 1 U -1
6 1 U -1
7 1 U -1
8 0 U -1
9 0 U -1
10 1 U -1
11 1 U -1
12 1 U -1
13 1 U -1
14 1 U -1
15 0 U -1
16 0 U -1
17 0 U -1
18 1 U -1
19 0 U -1
20 0 U -1
21 0 U -1
22 1 U -1
23 0 U -1
24 1 U -1
25 0 U -1
26 0 U -1
27 0 U -1
28 0 U -1
29 0 U -1
30 0 U -1
31 1 U -1
32 0 U -1
33 1 U -1
34 1 U -1
35 1 U -1
36 1 U -1
37 0 U -1
38 0 U -1
39 1 U -1
40 1 U -1
41 0 U -1
42 0 U -1
43 0 U -1
44 0 U -1
45
0 0 U -1
1 1 U -1
2 0 U -1
3 0 U -1
4 1 U -1
5 1 U -1
6 1 U -1
7 1 U -1
8 0 U -1
9 0 U -1
10 1 U -1
11 1 U -1
12 1 U -1
13 1 U -1
14 1 U -1
15 0 U -1
16 0 U -1
17 0 U -1
18 1 U -1
19 0 U -1
20 0 U -1
21 0 U -1
22 1 U -1
23 0 U -1
24 1 U -1
25 0 U -1
26 0 U -1
27 0 U -1
28 0 U -1
29 0 U -1
30 0 U -1
31 1 U -1
32 0 U -1
33 1 U -1
34 1 U -1
35 1 U -1
36 1 U -1
37 0 U -1
38 0 U -1
39 1 U -1
40 1 U -1
41 0 U -1
42 0 U -1
43 0 U -1
44 0 U -1
45
0 0 U -1
1 1 U -1
2 0 U -1
3 0 U -1
4 1 U -1
5 1 U -1
6 1 U -1
7 1 U -1
8 0 U -1
9 0 U -1
10 1 U -1
11 1 U -1
12 1 U -1
13 1 U -1
14 1 U -1
15 0 U -1
16 0 U -1
17 0 U -1
18 1 U -1
19 0 U -1
20 0 U -1
21 0 U -1
22 1 U -1
23 0 U -1
24 1 U -1
25 0 U -1
26 0 U -1
27 0 U -1
28 0 U -1
29 0 U -1
30 0 U -1
31 1 U -1
32 0 U -1
33 1 U -1
34 1 U -1
35 1 U -1
36 1 U -1
37 0 U -1
38 0 U -1
39 1 U -1
40 1 U -1
41 0 U -1
42 0 U -1
43 0 U -1
44 0 U -1
45
0 0 U -1
1 1 U -1
2 0 U -1
3 0 U -1
4 1 U -1
5 1 U -1
6 1 U -1
7 1 U -1
8 0 U -1
9 0 U -1
10 1 U -1
11 1 U -1
12 1 U -1
13 1 U -1
14 1 U -1
15 0 U -1
16 0 U -1
17 0 U -1
18 1 U -1
19 0 U -1
20 0 U -1
21 0 U -1
22 1 U -1
23 0 U -1
24 1 U -1
25 0 U -1
26 0 U -1
27 0 U -1
28 0 U -1
29 0 U -1
30 0 U -1
31 1 U -1
32 0 U -1
33 1 U -1
34 1 U -1
35 1 U -1
36 1 U -1
37 0 U -1
38 0 U -1
39 1 U -1
40 1 U -1
41 0 U -1
42 0 U -1
43 0 U -1
44 0 U -1
45
0 0 U -1
1 1 U -1
2 0 U -1
3 0 U -1
4 1 U -1
5 1 U -1
6 1 U -1
7 1 U -1
8 0 U -1
9 0 U -1
10 1 U -1
11 1 U -1
12 1 U -1
13 1 U -1
14 1 U -1
15 0 U -1
16 0 U -1
17 0 U -1
18 1 U -1
19 0 U -1
20 0 U -1
21 0 U -1
22 1 U -1
23 0 U -1
24 1 U -1
25 0 U -1
26 0 U -1
27 0 U -1
28 0 U -1
29 0 U -1
30 0 U -1
31 1 U -1
32 0 U -1
33 1 U -1
34 1 U -1
35 1 U -1
36 1 U -1
37 0 U -1
38 0 U -1
39 1 U -1
40 1 U -1
41 0 U -1
42 0 U -1
43 0 U -1
44 0 U -1
45
0 0 U -1
1 1 U -1
2 0 U -1
3 0 U -1
4 1 U -1
5 1 U -1
6 1 U -1
7 1 U -1
8 0 U -1
9 0 U -1
10 1 U -1
11 1 U -1
12 1 U -1
13 1 U -1
14 1 U -1
15 0 U -1
16 0 U -1
17 0 U -1
18 1 U -1
19 0 U -1
20 0 U -1
21 0 U -1
22 1 U -1
23 0 U -1
24 1 U -1
25 0 U -1
26 0 U -1
27 0 U -1
28 0 U -1
29 0 U -1
30 0 U -1
31 1 U -1
32 0 U -1
33 1 U -1
34 1 U -1
35 1 U -1
36 1 U -1
37 0 U -1
38 0 U -1
39 1 U -1
40 1 U -1
41 0 U -1
42 0 U -1
43 0 U -1
44 0 U -1
45
0 0 U -1
1 1 U -1
2 0 U -1
3 0 U -1
4 1 U -1
5 1 U -1
6 1 U -1
7 1 U -1
8 0 U -1
9 0 U -1
10 1 U -1
11 1 U -1
12 1 U -1
13 1 U -1
14 1 U -1
15 0 U -1
16 0 U -1
17 0 U -1
18 1 U -1
19 0 U -1
20 0 U -1
21 0 U -1
22 1 U -1
23 0 U -1
24 1 U -1
25 0 U -1
26 0 U -1
27 0 U -1
28 0 U -1
29 0 U -1
30 0 U -1
31 1 U -1
32 0 U -1
33 1 U -1
34 1 U -1
35 1 U -1
36 1 U -1
37 0 U -1
38 0 U -1
39 1 U -1
40 1 U -1
41 0 U -1
42 0 U -1
43 0 U -1
44 0 U -1
45
0 0 U -1
1 1 U -1
2 0 U -1
3 0 U -1
4 1 U -1
5 1 U -1
6 1 U -1
7 1 U -1
8 0 U -1
9 0 U -1
10 1 U -1
11 1 U -1
12 1 U -1
13 1 U -1
14 1 U -1
15 0 U -1
16 0 U -1
17 0 U -1
18 1 U -1
19 0 U -1
20 0 U -1
21 0 U -1
22 1 U -1
23 0 U -1
24 1 U -1
25 0 U -1
26 0 U -1
27 0 U -1
28 0 U -1
29 0 U -1
30 0 U -1
31 1 U -1
32 0 U -1
33 1 U -1
34 1 U -1
35 1 U -1
36 1 U -1
37 0 U -1
38 0 U -1
39 1 U -1
40 1 U -1
41 0 U -1
42 0 U -1
43 0 U -1
44 0 U -1
45
0 0 U -1
1 1 U -1
2 0 U -1
3 0 U -1
4 1 U -1
5 1 U -1
6 1 U -1
7 1 U -1
8 0 U -1
9 0 U -1
10 1 U -1
11 1 U -1
12 1 U -1
13 1 U -1
14 1 U -1
15 0 U -1
16 0 U -1
17 0 U -1
18 1 U -1
19 0 U -1
20 0 U -1
21 0 U -1
22 1 U -1
23 0 U -1
24 1 U -1
25 0 U -1
26 0 U -1
27 0 U -1
28 0 U -1
29 0 U -1
30 0 U -1
31 1 U -1
32 0 U -1
33 1 U -1
34 1 U -1
35 1 U -1
36 1 U -1
37 0 U -1
38 0 U -1
39 1 U -1
40 1 U -1
41 0 U -1
42 0 U -1
43 0 U -1
44 0 U -1
45
0 0 U -1
1 1 U -1
2 0 U -1
3 0 U -1
4 1 U -1
5 1 U -1
6 1 U -1
7 1 U -1
8 0 U -1
9 0 U -1
10 1 U -1
11 1 U -1
12 1 U -1
13 1 U -1
14 1 U -1
15 0 U -1
16 0 U -1
17 0 U -1
18 1 U -1
19 0 U -1
20 0 U -1
21 0 U -1
22 1 U -1
23 0 U -1
24 1 U -1
25 0 U -1
26 0 U -1
27 0 U -1
28 0 U -1
29 0 U -1
30 0 U -1
31 1 U -1
32 0 U -1
33 1 U -1
34 1 U -1
35 1 U -1
36 1 U -1
37 0 U -1
38 0 U -1
39 1 U -1
40 1 U -1
41 0 U -1
42 0 U -1
43 0 U -1
44 0 U -1
45
0 0 U -1
1 1 U -1
2 0 U -1
3 0 U -1
4 1 U -1
5 1 U -1
6 1 U -1
7 1 U -1
8 0 U -1
9 0 U -1
10 1 U -1
11 1 U -1
12 1 U -1
13 1 U -1
14 1 U -1
15 0 U -1
16 0 U -1
17 0 U -1
18 1 U -1
19 0 U -1
20 0 U -1
21 0 U -1
22 1 U -1
23 0 U -1
24 1 U -1
25 0 U -1
26 0 U -1
27 0 U -1
28 0 U -1
29 0 U -1
30 0 U -1
31 1 U -1
32 0 U -1
33 1 U -1
34 1 U -1
35 1 U -1
36 1 U -1
37 0 U -1
38 0 U -1
39 1 U -1
40 1 U -1
41 0 U -1
42 0 U -1
43 0 U -1
44 0 U -1
45
0 0 U -1
1 1 U -1
2 0 U -1
3 0 U -1
4 1 U -1
5 1 U -1
6 1 U -1
7 1 U -1
8 0 U -1
9 0 U -1
10 1 U -1
11 1 U -1
12 1 U -1
13 1 U -1
14 1 U -1
15 0 U -1
16 0 U -1
17 0 U -1
18 1 U -1
19 0 U -1
20 0 U -1
21 0 U -1
22 1 U -1
23 0 U -1
24 1 U -1
25 0 U -1
26 0 U -1
27 0 U -1
28 0 U -1
29 0 U -1
30 0 U -1
31 1 U -1
32 0 U -1
33 1 U -1
34 1 U -1
35 1 U -1
36 1 U -1
37 0 U -1
38 0 U -1
39 1 U -1
40 1 U -1
41 0 U -1
42 0 U -1
43 0 U -1
44 0 U -1
45
0 0 U -1
1 1 U -1
2 0 U -1
3 0 U -1
4 1 U -1
5 1 U -1
6 1 U -1
7 1 U -1
8 0 U -1
9 0 U -1
10 1 U -1
11 1 U -1
12 1 U -1
13 1 U -1
14 1 U -1
15 0 U -1
16 0 U -1
17 0 U -1
18 1 U -1
19 0 U -1
20 0 U -1
21 0 U -1
22 1 U -1
23 0 U -1
24 1 U -1
25 0 U -1
26 0 U -1
27 0 U -1
28 0 U -1
29 0 U -1
30 0 U -1
31 1 U -1
32 0 U -1
33 1 U -1
34 1 U -1
35 1 U -1
36 1 U -1
37 0 U -1
38 0 U -1
39 1 U -1
40 1 U -1
41 0 U -1
42 0 U -1
43 0 U -1
44 0 U -1
45
0 0 U -1
1 1 U -1
2 0 U -1
3 0 U -1
4 1 U -1
5 1 U -1
6 1 U -1
7 1 U -1
8 0 U -1
9 0 U -1
10 1 U -1
11 1 U -1
12 1 U -1
13 1 U -1
14 1 U -1
15 0 U -1
16 0 U -1
17 0 U -1
18 1 U -1
19 0 U -1
20 0 U -1
21 0 U -1
22 1 U -1
23 0 U -1
24 1 U -1
25 0 U -1
26 0 U -1
27 0 U -1
28 0 U -1
29 0 U -1
30 0 U -1
31 1 U -1
32 0 U -1
33 1 U -1
34 1 U -1
35 1 U -1
36 1 U -1
37 0 U -1
38 0 U -1
39 1 U -1
40 1 U -1
41 0 U -1
42 0 U -1
43 0 U -1
44 0 U -1
45
0 0 U -1
1 1 U -1
2 0 U -1
3 0 U -1
4 1 U -1
5 1 U -1
6 1 U -1
7 1 U -1
8 0 U -1
9 0 U -1
10 1 U -1
11 1 U -1
12 1 U -1
13 1 U -1
14 1 U -1
15 0 U -1
16 0 U -1
17 0 U -1
18 1 U -1
19 0 U -1
20 0 U -1
21 0 U -1
22 1 U -1
23 0 U -1
24 1 U -1
25 0 U -1
26 0 U -1
27 0 U -1
28 0 U -1
29 0 U -1
30 0 U -1
31 1 U -1
32 0 U -1
33 1 U -1
34 1 U -1
35 1 U -1
36 1 U -1
37 0 U -1
38 0 U -1
39 1 U -1
40 1 U -1
41 0 U -1
42 0 U -1
43 0 U -1
44 0 U -1
45
0 0 U -1
1 1 U -1
2 0 U -1
3 0 U -1
4 1 U -1
5 1 U -1
6 1 U -1
7 1 U -1
8 0 U -1
9 0 U -1
10 1 U -1
11 1 U -1
12 1 U -1
13 1 U -1
14 1 U -1
15 0 U -1
16 0 U -1
17 0 U -1
18 1 U -1
19 0 U -1
20 0 U -1
21 0 U -1
22 1 U -1
23 0 U -1
24 1 U -1
25 0 U -1
26 0 U -1
27 0 U -1
28 0 U -1
29 0 U -1
30 0 U -1
31 1 U -1
32 0 U -1
33 1 U -1
34 1 U -1
35 1 U -1
36 1 U -1
37 0 U -1
38 0 U -1
39 1 U -1
40 1 U -1
41 0 U -1
42 0 U -1
43 0 U -1
44 0 U -1
45
0 0 U -1
1 1 U -1
2 0 U -1
3 0 U -1
4 1 U -1
5 1 U -1
6 1 U -1
7 1 U -1
8 0 U -1
9 0 U -1
10 1 U -1
11 1 U -1
12 1 U -1
13 1 U -1
14 1 U -1
15 0 U -1
16 0 U -1
17 0 U -1
18 1 U -1
19 0 U -1
20 0 U -1
21 0 U -1
22 1 U -1
23 0 U -1
24 1 U -1
25 0 U -1
26 0 U -1
27 0 U -1
28 0 U -1
29 0 U -1
30 0 U -1
31 1 U -1
32 0 U -1
33 1 U -1
34 1 U -1
35 1 U -1
36 1 U -1
37 0 U -1
38 0 U -1
39 1 U -1
40 1 U -1
41 0 U -1
42 0 U -1
43 0 U -1
44 0 U -1
45
0 0 U -1
1 1 U -1
2 0 U -1
3 0 U -1
4 1 U -1
5 1 U -1
6 1 U -1
7 1 U -1
8 0 U -1
9 0 U -1
10 1 U -1
11 1 U -1
12 1 U -1
13 1 U -1
14 1 U -1
15 0 U -1
16 0 U -1
17 0 U -1
18 1 U -1
19 0 U -1
20 0 U -1
21 0 U -1
22 1 U -1
23 0 U -1
24 1 U -1
25 0 U -1
26 0 U -1
27 0 U -1
28 0 U -1
29 0 U -1
30 0 U -1
31 1 U -1
32 0 U -1
33 1 U -1
34 1 U -1
35 1 U -1
36 1 U -1
37 0 U -1
38 0 U -1
39 1 U -1
40 1 U -1
41 0 U -1
42 0 U -1
43 0 U -1
44 0 U -1
45
0 0 U -1
1 1 U -1
2 0 U -1
3 0 U -1
4 1 U -1
5 1 U -1
6 1 U -1
7 1 U -1
8 0 U -1
9 0 U -1
10 1 U -1
11 1 U -1
12 1 U -1
13 1 U -1
14 1 U -1
15 0 U -1
16 0 U -1
17 0 U -1
18 1 U -1
19 0 U -1
20 0 U -1
21 0 U -1
22 1 U -1
23 0 U -1
24 1 U -1
25 0 U -1
26 0 U -1
27 0 U -1
28 0 U -1
29 0 U -1
30 0 U -1
31 1 U -1
32 0 U -1
33 1 U -1
34 1 U -1
35 1 U -1
36 1 U -1
37 0 U -1
38 0 U -1
39 1 U -1
40 1 U -1
41 0 U -1
42 0 U -1
43 0 U -1
44 0 U -1
45
0 0 U -1
1 1 U -1
2 0 U -1
3 0 U -1
4 1 U -1
5 1 U -1
6 1 U -1
7 1 U -1
8 0 U -1
9 0 U -1
10 1 U -1
11 1 U -1
12 1 U -1
13 1 U -1
14 1 U -1
15 0 U -1
16 0 U -1
17 0 U -1
18 1 U -1
19 0 U -1
20 0 U -1
21 0 U -1
22 1 U -1
23 0 U -1
24 1 U -1
25 0 U -1
26 0 U -1
27 0 U -1
28 0 U -1
29 0 U -1
30 0 U -1
31 1 U -1
32 0 U -1
33 1 U -1
34 1 U -1
35 1 U -1
36 1 U -1
37 0 U -1
38 0 U -1
39 1 U -1
40 1 U -1
41 0 U -1
42 0 U -1
43 0 U -1
44 0 U -1
45
0 0 U -1
1 1 U -1
2 0 U -1
3 0 U -1
4 1 U -1
5 1 U -1
6 1 U -1
7 1 U -1
8 0 U -1
9 0 U -1
10 1 U -1
11 1 U -1
12 1 U -1
13 1 U -1
14 1 U -1
15 0 U -1
16 0 U -1
17 0 U -1
18 1 U -1
19 0 U -1
20 0 U -1
21 0 U -1
22 1 U -1
23 0 U -1
24 1 U -1
25 0 U -1
26 0 U -1
27 0 U -1
28 0 U -1
29 0 U -1
30 0 U -1
31 1 U -1
32 0 U -1
33 1 U -1
34 1 U -1
35 1 U -1
36 1 U -1
37 0 U -1
38 0 U -1
39 1 U -1
40 1 U -1
41 0 U -1
42 0 U -1
43 0 U -1
44 0 U -1
45
0 0 U -1
1 1 U -1
2 0 U -1
3 0 U -1
4 1 U -1
5 1 U -1
6 1 U -1
7 1 U -1
8 0 U -1
9 0 U -1
10 1 U -1
11 1 U -1
12 1 U -1
13 1 U -1
14 1 U -1
15 0 U -1
16 0 U -1
17 0 U -1
18 1 U -1
19 0 U -1
20 0 U -1
21 0 U -1
22 1 U -1
23 0 U -1
24 1 U -1
25 0 U -1
26 0 U -1
27 0 U -1
28 0 U -1
29 0 U -1
30 0 U -1
31 1 U -1
32 0 U -1
33 1 U -1
34 1 U -1
35 1 U -1
36 1 U -1
37 0 U -1
38 0 U -1
39 1 U -1
40 1 U -1
41 0 U -1
42 0 U -1
43 0 U -1
44 0 U -1
45
0 0 U -1
1 1 U -1
2 0 U -1
3 0 U -1
4 1 U -1
5 1 U -1
6 1 U -1
7 1 U -1
8 0 U -1
9 0 U -1
10 1 U -1
11 1 U -1
12 1 U -1
13 1 U -1
14 1 U -1
15 0 U -1
16 0 U -1
17 0 U -1
18 1 U -1
19 0 U -1
20 0 U -1
21 0 U -1
22 1 U -1
23 0 U -1
24 1 U -1
25 0 U -1
26 0 U -1
27 0 U -1
28 0 U -1
29 0 U -1
30 0 U -1
31 1 U -1
32 0 U -1
33 1 U -1
34 1 U -1
35 1 U -1
36 1 U -1
37 0 U -1
38 0 U -1
39 1 U -1
40 1 U -1
41 0 U -1
42 0 U -1
43 0 U -1
44 0 U -1
45
0 0 U -1
1 1 U -1
2 0 U -1
3 0 U -1
4 1 U -1
5 1 U -1
6 1 U -1
7 1 U -1
8 0 U -1
9 0 U -1
10 1 U -1
11 1 U -1
12 1 U -1
13 1 U -1
14 1 U -1
15 0 U -1
16 0 U -1
17 0 U -1
18 1 U -1
19 0 U -1
20 0 U -1
21 0 U -1
22 1 U -1
23 0 U -1
24 1 U -1
25 0 U -1
26 0 U -1
27 0 U -1
28 0 U -1
29 0 U -1
30 0 U -1
31 1 U -1
32 0 U -1
33 1 U -1
34 1 U -1
35 1 U -1
36 1 U -1
37 0 U -1
38 0 U -1
39 1 U -1
40 1 U -1
41 0 U -1
42 0 U -1
43 0 U -1
44 0 U -1
45
0 0 U -1
1 1 U -1
2 0 U -1
3 0 U -1
4 1 U -1
5 1 U -1
6 1 U -1
7 1 U -1
8 0 U -1
9 0 U -1
10 1 U -1
11 1 U -1
12 1 U -1
13 1 U -1
14 1 U -1
15 0 U -1
16 0 U -1
17 0 U -1
18 1 U -1
19 0 U -1
20 0 U -1
21 0 U -1
22 1 U -1
23 0 U -1
24 1 U -1
25 0 U -1
26 0 U -1
27 0 U -1
28 0 U -1
29 0 U -1
30 0 U -1
31 1 U -1
32 0 U -1
33 1 U -1
34 1 U -1
35 1 U -1
36 1 U -1
37 0 U -1
38 0 U -1
39 1 U -1
40 1 U -1
41 0 U -1
42 0 U -1
43 0 U -1
44 0 U -1
45
0 0 U -1
1 1 U -1
2 0 U -1
3 0 U -1
4 1 U -1
5 1 U -1
6 1 U -1
7 1 U -1
8 0 U -1
9 0 U -1
10 1 U -1
11 1 U -1
12 1 U -1
13 1 U -1
14 1 U -1
15 0 U -1
16 0 U -1
17 0 U -1
18 1 U -1
19 0 U -1
20 0 U -1
21 0 U -1
22 1 U -1
23 0 U -1
24 1 U -1
25 0 U -1
26 0 U -1
27 0 U -1
28 0 U -1
29 0 U -1
30 0 U -1
31 1 U -1
32 0 U -1
33 1 U -1
34 1 U -1
35 1 U -1
36 1 U -1
37 0 U -1
38 0 U -1
39 1 U -1
40 1 U -1
41 0 U -1
42 0 U -1
43 0 U -1
44 0 U -1
45
0 0 U -1
1 1 U -1
2 0 U -1
3 0 U -1
4 1 U -1
5 1 U -1
6 1 U -1
7 1 U -1
8 0 U -1
9 0 U -1
10 1 U -1
11 1 U -1
12 1 U -1
13 1 U -1
14 1 U -1
15 0 U -1
16 0 U -1
17 0 U -1
18 1 U -1
19 0 U -1
20 0 U -1
21 0 U -1
22 1 U -1
23 0 U -1
24 1 U -1
25 0 U -1
26 0 U -1
27 0 U -1
28 0 U -1
29 0 U -1
30 0 U -1
31 1 U -1
32 0 U -1
33 1 U -1
34 1 U -1
35 1 U -1
36 1 U -1
37 0 U -1
38 0 U -1
39 1 U -1
40 1 U -1
41 0 U -1
42 0 U -1
43 0 U -1
44 0 U -1
