84
0 0 U -1
1 0 U -1
2 0 U -1
3 0 U -1
4 0 U -1
5 0 U -1
6 0 U -1
7 0 U -1
8 0 U -1
9 0 U -1
10 0 U -1
11 0 U -1
12 0 U -1
13 0 U -1
14 0 U -1
15 0 U -1
16 0 U -1
17 0 U -1
18 0 U -1
19 0 U -1
20 0 U -1
21 0 U -1
22 0 U -1
23 0 U -1
24 0 U -1
25 0 U -1
26 0 U -1
27 0 U -1
28 0 U -1
29 0 U -1
30 0 U -1
31 0 U -1
32 0 U -1
33 0 U -1
34 0 U -1
35 0 U -1
36 0 U -1
37 0 U -1
38 0 U -1
39 0 U -1
40 0 U -1
41 0 U -1
42 0 U -1
43 0 U -1
44 0 U -1
45 0 U -1
46 0 U -1
47 0 U -1
48 0 U -1
49 0 U -1
50 0 U -1
51 0 U -1
52 0 U -1
53 0 U -1
54 0 U -1
55 0 U -1
56 0 U -1
57 0 U -1
58 0 U -1
59 0 U -1
60 0 U -1
61 0 U -1
62 0 U -1
63 0 U -1
64 0 U -1
65 0 U -1
66 0 U -1
67 0 U -1
68 0 U -1
69 0 U -1
70 0 U -1
71 0 U -1
72 0 U -1
73 0 U -1
74 0 U -1
75 0 U -1
76 0 U -1
77 0 U -1
78 0 U -1
79 0 U -1
80 0 U -1
81 0 U -1
82 0 U -1
83 0 U -1
84
0 0 L -1
1 0 U -1
2 0 U 0
3 0 U -1
4 0 U 0
5 0 L -1
6 0 L -1
7 1 L 6
8 0 L -1
9 1 U 0
10 1 U -1
11 0 U 9
12 0 U 11
13 0 L 8
14 1 U 10
15 1 U -1
16 0 U 14
17 1 U 2
18 1 U 4
19 0 U 0
20 1 U 16
21 0 L 12
22 1 U 21
23 1 U 14
24 1 L 18
25 0 L -1
26 0 U 22
27 1 U 22
28 0 U 20
29 0 U 83
30 0 L 1
31 1 U -1
32 1 U 20
33 1 U -1
34 0 L 16
35 0 U 15
36 1 U -1
37 0 U 6
38 0 U 29
39 1 U 13
40 0 U 12
41 0 U -1
42 1 L 24
43 0 U 24
44 0 U 22
45 1 U 17
46 1 U -1
47 1 U 44
48 0 L 43
49 0 L 16
50 1 L 30
51 1 U 22
52 1 U -1
53 0 L 36
54 0 U 1
55 0 U 16
56 1 U 0
57 0 L 25
58 1 U 49
59 1 L 12
60 0 U 0
61 1 U 37
62 0 L 35
63 0 L -1
64 1 U 4
65 1 U 43
66 0 U 18
67 1 U 8
68 0 U 32
69 0 U 43
70 1 L -1
71 0 U -1
72 0 U 4
73 0 L 49
74 0 U -1
75 0 L -1
76 0 U -1
77 0 L 39
78 0 U 56
79 0 L 54
80 0 U 23
81 0 U 45
82 0 U 65
83 1 U 48
