83
0 0 U -1
1 0 U -1
2 0 U -1
3 0 U -1
4 0 U -1
5 0 U -1
6 0 U -1
7 0 U -1
8 0 U -1
9 0 U -1
10 0 U -1
11 0 U -1
12 0 U -1
13 0 U -1
14 0 U -1
15 0 U -1
16 0 U -1
17 0 U -1
18 0 U -1
19 0 U -1
20 0 U -1
21 0 U -1
22 0 U -1
23 0 U -1
24 0 U -1
25 0 U -1
26 0 U -1
27 0 U -1
28 0 U -1
29 0 U -1
30 0 U -1
31 0 U -1
32 0 U -1
33 0 U -1
34 0 U -1
35 0 U -1
36 0 U -1
37 0 U -1
38 0 U -1
39 0 U -1
40 0 U -1
41 0 U -1
42 0 U -1
43 0 U -1
44 0 U -1
45 0 U -1
46 0 U -1
47 0 U -1
48 0 U -1
49 0 U -1
50 0 U -1
51 0 U -1
52 0 U -1
53 0 U -1
54 0 U -1
55 0 U -1
56 0 U -1
57 0 U -1
58 0 U -1
59 0 U -1
60 0 U -1
61 0 U -1
62 0 U -1
63 0 U -1
64 0 U -1
65 0 U -1
66 0 U -1
67 0 U -1
68 0 U -1
69 0 U -1
70 0 U -1
71 0 U -1
72 0 U -1
73 0 U -1
74 0 U -1
75 0 U -1
76 0 U -1
77 0 U -1
78 0 U -1
79 0 U -1
80 0 U -1
81 0 U -1
82 0 U -1
83
0 0 U -1
1 1 U -1
2 0 U 0
3 0 U -1
4 0 U -1
5 0 L -1
6 0 U 1
7 0 L -1
8 0 U 1
9 1 L 4
10 0 U -1
11 1 U 0
12 1 U -1
13 0 L 9
14 0 L -1
15 1 U 12
16 1 U 0
17 1 L 2
18 0 U -1
19 0 U 7
20 1 U -1
21 1 U 13
22 1 U 3
23 0 U -1
24 1 U 7
25 0 U 11
26 1 L -1
27 1 L 20
28 0 U 19
29 0 L 18
30 1 L 11
31 1 L 26
32 0 U -1
33 1 U 6
34 0 L 2
35 1 L 17
36 1 U 27
37 0 L 19
38 0 U 27
39 1 L 13
40 1 U 23
41 1 L -1
42 0 U -1
43 0 L 29
44 0 U -1
45 1 L 40
46 0 U 4
47 1 L 27
48 1 U -1
49 0 U 14
50 1 L 37
51 0 L 34
52 0 U 35
53 0 L 49
54 0 U 43
55 1 U 0
56 1 L 4
57 1 L -1
58 0 L -1
59 0 U 55
60 0 L 46
61 1 L 59
62 1 L 10
63 1 L 58
64 0 L 17
65 1 L 50
66 1 U 40
67 1 L -1
68 1 U 63
69 1 L 37
70 1 L -1
71 1 U 62
72 1 U 52
73 0 U 72
74 0 L 11
75 1 L 6
76 0 U 53
77 0 U 33
78 0 U 18
79 1 U 15
80 0 L 34
81 1 L 40
82 0 L 25
83
0 0 U -1
1 1 U -1
2 1 U 0
3 0 U -1
4 0 U -1
5 1 L -1
6 0 U 0
7 0 L -1
8 0 L 0
9 1 L 4
10 0 U -1
11 1 U 2
12 1 U -1
13 0 L 9
14 1 L -1
15 1 U 12
16 0 U 0
17 0 L 2
18 0 U -1
19 0 U 7
20 1 U -1
21 1 U 1
22 1 U 3
23 0 U -1
24 1 U 7
25 1 U 16
26 1 L -1
27 1 L 20
28 1 U 25
29 0 L 18
30 1 L 11
31 0 L 26
32 0 U -1
33 1 U 1
34 0 L 2
35 0 L 17
36 1 U 27
37 1 L 19
38 0 U 19
39 0 L 13
40 1 U 23
41 0 L 8
42 1 L 2
43 0 L 29
44 0 U 36
45 1 L 40
46 1 L 45
47 0 U 27
48 1 L -1
49 0 L 32
50 1 L 37
51 0 L 34
52 0 U 35
53 1 U 17
54 0 U 43
55 0 U 3
56 1 L 4
57 1 L 18
58 0 L -1
59 1 U 55
60 1 L 30
61 0 U 59
62 1 L 10
63 0 L 58
64 1 L 17
65 0 L 50
66 0 U 46
67 0 L 6
68 0 L 51
69 1 L 37
70 0 L 29
71 0 L 62
72 1 U 29
73 1 U 44
74 1 L 38
75 1 L 26
76 1 L 37
77 0 U 11
78 0 U 18
79 0 U 15
80 1 L 41
81 1 L 40
82 1 L 25
83
0 0 L -1
1 1 U -1
2 1 U -1
3 0 U -1
4 0 U 2
5 1 L -1
6 0 U 0
7 0 L -1
8 1 L 0
9 1 L 4
10 0 U -1
11 1 U 6
12 1 U -1
13 0 U 7
14 0 L 2
15 1 U 12
16 0 U 0
17 0 L 2
18 0 U -1
19 0 U 7
20 0 U -1
21 1 U 1
22 1 U 3
23 0 U -1
24 1 U 7
25 1 U 16
26 1 L -1
27 1 L 21
28 1 U 25
29 0 L 18
30 0 L 11
31 0 L 26
32 0 L -1
33 1 U 1
34 0 L 2
35 0 L 17
36 1 U 27
37 0 L 30
38 0 U 19
39 1 U -1
40 1 U 23
41 1 L 8
42 0 L 26
43 1 L 29
44 0 U 36
45 1 L 40
46 1 L 45
47 0 L 27
48 1 L -1
49 0 U 28
50 1 L 37
51 0 L 34
52 0 L 35
53 1 U 17
54 0 U 43
55 1 U 3
56 1 L 4
57 0 L 15
58 0 L -1
59 0 U 55
60 1 L 30
61 1 U 59
62 1 L 10
63 0 L 58
64 0 L 34
65 1 L 50
66 0 U 10
67 0 L 6
68 0 L 34
69 0 L 37
70 1 L 29
71 1 L 22
72 1 U 29
73 0 L 44
74 1 L 38
75 1 L 8
76 1 L 31
77 0 U 11
78 1 U 14
79 1 U 66
80 0 L 41
81 0 L 40
82 0 U 53
83
0 0 L -1
1 1 U -1
2 1 U -1
3 0 U -1
4 0 U -1
5 1 L -1
6 0 U 0
7 0 L -1
8 1 L 0
9 1 L 4
10 0 U -1
11 1 U 6
12 0 U 4
13 0 U 7
14 1 L 2
15 1 U 12
16 0 U 0
17 0 L 2
18 1 U -1
19 0 U 7
20 0 L -1
21 1 U 18
22 1 U 1
23 1 U -1
24 0 L -1
25 0 U 16
26 1 L -1
27 1 L 21
28 0 U 25
29 0 L 18
30 0 L 11
31 1 L 27
32 0 U -1
33 1 U 1
34 0 L 2
35 0 L 17
36 1 U 27
37 0 L 30
38 0 U 19
39 1 L -1
40 1 U 0
41 1 L 8
42 0 L 41
43 1 L 29
44 0 U 36
45 1 L 40
46 1 L 45
47 1 L 41
48 0 L 13
49 0 U 28
50 1 L 37
51 0 L 34
52 0 L 35
53 1 U 17
54 0 U 29
55 1 U 3
56 1 L 4
57 1 L 33
58 0 L -1
59 1 U 55
60 0 L 30
61 1 U 59
62 0 L 6
63 1 L 58
64 1 L 63
65 1 L 60
66 0 U 10
67 1 L 56
68 0 L 34
69 0 L 60
70 0 L 29
71 0 L 22
72 1 U 38
73 1 L 59
74 1 L -1
75 1 L 7
76 1 L 5
77 0 U 11
78 1 U 66
79 0 U 78
80 1 L 40
81 0 L 80
82 0 U 53
83
0 0 L -1
1 1 U -1
2 1 U 0
3 0 U -1
4 0 U -1
5 1 L -1
6 0 U 1
7 0 L -1
8 1 L 0
9 1 L 4
10 0 U -1
11 1 U 6
12 0 U 4
13 0 U 7
14 1 L 2
15 1 U 12
16 0 U 0
17 0 L 2
18 0 U -1
19 0 U 7
20 0 L -1
21 1 U 5
22 1 U 3
23 0 U -1
24 1 U -1
25 1 U 16
26 0 L 19
27 0 L 21
28 0 U 25
29 0 L 18
30 0 L 11
31 0 L 27
32 1 U -1
33 1 U 1
34 0 L 2
35 0 L 17
36 1 U 27
37 1 L 30
38 0 U 19
39 0 U -1
40 1 U 0
41 1 L 8
42 0 L 41
43 1 L 29
44 0 U 36
45 1 L 40
46 1 L 45
47 0 L 41
48 0 L 13
49 0 U 28
50 1 L 37
51 0 L 34
52 0 L 35
53 1 U 17
54 0 L 29
55 1 U 3
56 1 L 4
57 1 L 33
58 1 L -1
59 0 U 33
60 1 L 30
61 1 U 59
62 0 L 6
63 1 L 58
64 1 L 63
65 1 L 58
66 0 U 10
67 0 L 52
68 1 L 34
69 1 L 60
70 1 U 1
71 0 U 22
72 1 U 38
73 1 L 11
74 1 L -1
75 1 L 46
76 1 L 5
77 0 U 11
78 1 U 66
79 0 U 78
80 1 L 40
81 1 L 77
82 1 U 79
83
0 0 U -1
1 1 U -1
2 1 U -1
3 0 U -1
4 0 U -1
5 1 L -1
6 0 U 1
7 0 L -1
8 0 L 0
9 1 L 4
10 0 U -1
11 1 U 6
12 1 U 4
13 0 U 7
14 1 L 2
15 0 U 0
16 0 U 0
17 0 L 2
18 1 U -1
19 0 U 7
20 1 U 8
21 1 U 5
22 1 U 3
23 0 U -1
24 1 L -1
25 0 U 16
26 0 L 17
27 0 L 21
28 1 U 25
29 0 L 18
30 0 L 11
31 0 L 27
32 1 U -1
33 1 U 1
34 0 L 2
35 1 L 17
36 1 U 27
37 0 L 30
38 0 U 27
39 1 U -1
40 1 U 0
41 1 L 8
42 0 L 14
43 1 L 29
44 0 U 36
45 1 L 40
46 1 L 45
47 0 L 41
48 0 L 13
49 1 U 28
50 1 U 48
51 0 L 16
52 0 L 35
53 1 U 17
54 0 L 29
55 1 U 3
56 1 L 4
57 1 L 33
58 1 L -1
59 0 U 33
60 1 L 30
61 0 U 59
62 0 L 6
63 0 L 58
64 1 L 63
65 0 L 58
66 0 U 10
67 0 L 52
68 1 L 17
69 0 L 60
70 0 L 7
71 0 U 15
72 1 U 58
73 1 L 11
74 0 L -1
75 1 L 54
76 0 L 6
77 0 U 11
78 1 U 66
79 0 U 78
80 1 L 40
81 0 L 47
82 1 U 79
83
0 0 U -1
1 1 U -1
2 1 U 0
3 0 U -1
4 0 U -1
5 1 L -1
6 0 U 1
7 0 L -1
8 0 L 0
9 1 L 4
10 0 U -1
11 1 U 6
12 1 U 4
13 1 U 9
14 1 L 2
15 1 U 12
16 0 U 0
17 0 L 2
18 0 U -1
19 0 U 7
20 1 U 8
21 1 U 5
22 1 U 3
23 0 U -1
24 0 L -1
25 0 U 16
26 0 L 17
27 0 L 21
28 1 U 25
29 0 L 18
30 0 L 11
31 0 L 18
32 1 U -1
33 1 U 1
34 1 L 7
35 0 L 17
36 1 U 27
37 0 L 30
38 0 U 35
39 1 U -1
40 1 U 0
41 1 L 8
42 0 L 14
43 1 L 29
44 0 U 36
45 1 L 40
46 1 L 45
47 1 L 41
48 0 L 13
49 1 U 28
50 1 U 48
51 1 L 48
52 0 L 35
53 1 U 17
54 0 L 29
55 0 U 39
56 1 L 4
57 1 L 9
58 1 L -1
59 1 U 33
60 1 L 30
61 0 U 59
62 0 L 6
63 1 L 58
64 0 L 63
65 1 L 58
66 0 U 46
67 1 L 52
68 1 U 2
69 0 L 60
70 1 L 2
71 1 U 39
72 1 U 58
73 1 L 59
74 0 L -1
75 0 L 54
76 1 L 42
77 0 U 11
78 1 U 66
79 0 U 78
80 0 L 40
81 0 L 47
82 1 U 79
83
0 0 L -1
1 1 U -1
2 1 U 0
3 0 U -1
4 0 U -1
5 0 L -1
6 0 U 1
7 0 L -1
8 0 L 0
9 1 L 4
10 0 U -1
11 1 U 6
12 1 U 4
13 1 U 9
14 0 L 2
15 0 U 12
16 0 U 0
17 0 L 2
18 0 U -1
19 0 U 14
20 1 U 8
21 1 U 14
22 1 U 1
23 1 U -1
24 1 L -1
25 0 U 16
26 0 L 17
27 0 L 21
28 0 U 25
29 0 L 18
30 0 L 11
31 0 L 27
32 0 L -1
33 1 U 1
34 0 L 7
35 1 L 17
36 1 U 27
37 0 L 30
38 0 U 35
39 1 U -1
40 1 U 18
41 1 L 8
42 1 L 14
43 1 L 29
44 0 U 36
45 1 L 40
46 1 L 45
47 0 L 41
48 0 L 13
49 1 U 32
50 1 L 48
51 1 L 29
52 0 L 35
53 1 U 7
54 1 L 29
55 1 U 10
56 1 L 42
57 1 L 36
58 1 L -1
59 0 U 14
60 0 L 30
61 1 U 59
62 0 L 6
63 1 L 58
64 0 L 63
65 0 L 5
66 0 U 46
67 1 L 52
68 1 U 2
69 0 L 60
70 1 L 56
71 1 U 39
72 1 U 58
73 1 L 59
74 0 L -1
75 0 L 54
76 1 U 42
77 0 U 11
78 0 U 66
79 0 U 78
80 1 L 7
81 0 L 47
82 1 U 79
83
0 0 L -1
1 1 U -1
2 1 U 0
3 0 U -1
4 0 U -1
5 0 L -1
6 0 U 0
7 0 L -1
8 0 L 0
9 1 L 4
10 0 U -1
11 1 U 6
12 0 U 4
13 1 U 7
14 0 L 2
15 0 U 12
16 0 U 0
17 0 L 2
18 0 U -1
19 0 U 14
20 1 U 8
21 1 U 16
22 1 U 1
23 1 U -1
24 1 U -1
25 1 U 16
26 0 L 1
27 0 L 21
28 0 U 25
29 0 L 18
30 0 L 11
31 0 L 27
32 1 L -1
33 1 U 1
34 0 L 18
35 1 L 17
36 1 U 27
37 0 L 30
38 0 U 35
39 1 U -1
40 1 U 18
41 1 L 8
42 1 L 14
43 1 L 29
44 0 U 36
45 1 L 40
46 1 L 45
47 0 L 41
48 1 L 13
49 0 U 30
50 0 L 48
51 1 L 29
52 0 L 35
53 1 U 7
54 1 L 29
55 1 U 10
56 1 L 42
57 1 L 36
58 1 L -1
59 0 U 14
60 1 L 30
61 0 U 59
62 0 L 6
63 0 L 58
64 0 L 63
65 0 L 32
66 0 U 46
67 0 L 52
68 1 U 22
69 1 L 60
70 1 L 56
71 1 U 3
72 0 U 58
73 1 L 55
74 1 L -1
75 0 L 54
76 0 L 42
77 0 U 11
78 1 U 71
79 0 U 78
80 1 L 7
81 1 L 47
82 1 U 79
83
0 0 L -1
1 1 U -1
2 1 U 0
3 0 U -1
4 0 U -1
5 0 L -1
6 0 U 0
7 0 L -1
8 0 L 0
9 1 L 4
10 0 U -1
11 1 U 6
12 1 U 4
13 1 U 7
14 0 L 2
15 1 U 12
16 0 U 0
17 0 L 2
18 1 U -1
19 0 U 14
20 1 U 8
21 1 U 16
22 1 U 1
23 1 U -1
24 1 U -1
25 0 U 22
26 1 U 1
27 0 L 21
28 1 U 25
29 0 L 18
30 0 L 11
31 0 L 27
32 0 L -1
33 1 U 1
34 0 L 18
35 1 L 17
36 1 U 27
37 0 L 30
38 0 U 35
39 1 U -1
40 1 U 18
41 1 L 8
42 0 L 14
43 1 L 29
44 0 U 36
45 1 L 40
46 1 L 45
47 0 L 41
48 0 L 13
49 0 U 30
50 1 L 48
51 1 L 29
52 0 L 35
53 1 L 7
54 1 L 29
55 0 U 18
56 1 L 4
57 0 L 36
58 1 L -1
59 1 U 14
60 1 L 13
61 0 U 59
62 0 L 6
63 0 L 8
64 0 L 63
65 1 L 32
66 0 U 46
67 0 L 52
68 0 U 22
69 1 L 20
70 1 L 52
71 0 U 3
72 0 U 58
73 0 L 55
74 0 L -1
75 1 L 54
76 0 L 68
77 0 U 11
78 1 U 71
79 1 U 78
80 1 L 0
81 1 L 47
82 1 U 79
83
0 0 L -1
1 1 U -1
2 1 U -1
3 0 U -1
4 0 U -1
5 0 L -1
6 0 U 1
7 0 L -1
8 0 L 0
9 1 L 4
10 0 U -1
11 1 U 6
12 0 U 4
13 1 U 7
14 0 L 2
15 1 U 12
16 0 U 0
17 0 L 2
18 1 U -1
19 0 U 16
20 1 U 8
21 1 U 14
22 1 U 1
23 0 U -1
24 0 U -1
25 0 U 22
26 1 U 1
27 0 L 21
28 1 U 25
29 0 L 18
30 0 L 11
31 0 L 27
32 0 L -1
33 1 U 3
34 0 L 18
35 0 L 17
36 1 U 27
37 0 L 30
38 0 U 20
39 1 U -1
40 1 U 18
41 1 L 7
42 0 L 14
43 1 L 29
44 0 U 36
45 1 L 40
46 0 L 45
47 0 L 41
48 1 L 13
49 0 U 30
50 1 L 48
51 1 L 29
52 0 L 35
53 0 L 7
54 1 L 29
55 0 U 18
56 0 L 42
57 0 L 36
58 1 L -1
59 0 U 14
60 0 L 13
61 0 U 59
62 0 L 6
63 0 L 8
64 0 L 63
65 0 L 32
66 0 U 46
67 1 L 64
68 1 U 22
69 1 L 20
70 1 L 65
71 0 U 3
72 0 U 58
73 1 L 55
74 0 L -1
75 1 L 54
76 1 L 68
77 0 U 11
78 1 U 71
79 1 U 78
80 0 L 0
81 0 L 41
82 1 U 79
83
0 0 L -1
1 1 U -1
2 1 U -1
3 0 U -1
4 0 U -1
5 0 L -1
6 0 U 1
7 0 L -1
8 0 L 0
9 1 L 4
10 0 U -1
11 1 U 6
12 0 U 4
13 1 U 7
14 0 L 2
15 0 U 12
16 0 U 0
17 0 L 2
18 1 U -1
19 0 U 16
20 1 U 8
21 1 U 14
22 1 U 1
23 1 U -1
24 1 L -1
25 0 U 22
26 1 U 1
27 0 L 21
28 1 U 25
29 0 L 18
30 0 L 11
31 0 L 27
32 0 L -1
33 1 U 22
34 0 L 18
35 0 L 3
36 1 U 27
37 0 L 30
38 0 U 27
39 0 U -1
40 1 U 18
41 1 L 7
42 0 L 14
43 1 L 29
44 0 U 36
45 1 L 40
46 0 L 45
47 0 L 41
48 1 L 13
49 0 U 30
50 1 L 48
51 1 L 31
52 0 L 35
53 1 L 7
54 1 L 29
55 0 U 18
56 0 L 42
57 0 L 21
58 1 L -1
59 1 U 14
60 0 L 13
61 0 U 21
62 1 L 6
63 0 L 8
64 0 L 63
65 0 L 32
66 0 U 46
67 1 L 64
68 1 U 22
69 1 L 67
70 1 L 3
71 1 U 3
72 0 U 37
73 1 L 55
74 1 L -1
75 1 L 48
76 1 U 45
77 0 U 68
78 0 U 71
79 1 U 78
80 1 L 0
81 0 L 41
82 0 U 79
83
0 0 L -1
1 1 U -1
2 1 U 0
3 0 U -1
4 0 U -1
5 0 L -1
6 0 U 1
7 0 L -1
8 0 L 0
9 1 L 4
10 0 U -1
11 1 U 6
12 1 U 4
13 1 U 7
14 1 L 2
15 0 U 12
16 0 U 1
17 0 L 2
18 1 U -1
19 0 U 16
20 1 U 8
21 1 U 14
22 1 U 1
23 0 U -1
24 1 U -1
25 0 U 22
26 1 U 1
27 0 L 21
28 0 U 25
29 0 L 18
30 0 L 11
31 0 L 27
32 1 L -1
33 1 U 16
34 0 L 18
35 1 L 3
36 1 U 27
37 0 L 30
38 0 U 27
39 0 U -1
40 1 U 18
41 1 L 1
42 0 L 14
43 0 L 23
44 0 U 36
45 1 L 40
46 1 L 45
47 0 L 41
48 1 L 13
49 0 U 30
50 1 L 48
51 0 L 31
52 0 L 35
53 1 L 7
54 1 L 29
55 0 U 18
56 0 L 42
57 0 L 21
58 1 L -1
59 0 U 55
60 0 L 13
61 1 U 21
62 0 L 6
63 0 L 8
64 0 L 63
65 0 L 32
66 0 U 46
67 0 L 64
68 1 U 22
69 1 L 67
70 1 L 3
71 1 U 46
72 0 U 37
73 0 U 45
74 0 L 38
75 1 L 48
76 0 U 45
77 0 U 68
78 0 U 55
79 1 U 78
80 1 L 9
81 0 L 41
82 0 U 79
83
0 0 U -1
1 1 U -1
2 1 U -1
3 0 U -1
4 0 U -1
5 0 L -1
6 0 U 1
7 0 L -1
8 0 L 0
9 1 L 4
10 0 U -1
11 1 U 6
12 1 U 4
13 1 U 7
14 1 L 2
15 0 U 12
16 0 U 1
17 1 L -1
18 1 U -1
19 0 U 14
20 1 U 8
21 1 U 14
22 1 U 1
23 0 U -1
24 1 U 20
25 0 U 22
26 1 U 1
27 0 L 21
28 0 U 25
29 0 L 18
30 0 L 11
31 0 L 27
32 0 L -1
33 1 U 16
34 0 L 18
35 1 L 14
36 1 U 27
37 0 L 30
38 0 U 27
39 1 U -1
40 0 U 39
41 1 L 1
42 0 L 14
43 0 L 23
44 0 U 36
45 1 L 40
46 1 L 45
47 0 L 41
48 1 L 13
49 0 U 30
50 1 L 22
51 1 L 31
52 0 L 35
53 1 L 32
54 1 L 29
55 0 U 18
56 0 L 42
57 0 U 21
58 1 L -1
59 0 U 55
60 0 L 13
61 1 U 21
62 0 L 6
63 0 L 8
64 0 L 63
65 0 L 32
66 0 U 10
67 0 L 14
68 1 U 26
69 0 L 56
70 0 L 52
71 1 U 46
72 0 U 37
73 0 U 45
74 0 L 38
75 1 L 48
76 0 U 45
77 0 U 68
78 0 U 55
79 1 U 78
80 1 L 58
81 1 L 41
82 0 U 79
83
0 0 L -1
1 1 U -1
2 1 U 0
3 0 U -1
4 0 U -1
5 0 L -1
6 0 U 0
7 0 L -1
8 0 L 0
9 1 L 4
10 0 U -1
11 1 U 6
12 1 U 4
13 1 U 7
14 1 L 2
15 0 U 12
16 0 U 1
17 0 L -1
18 1 U -1
19 0 U 16
20 1 U 8
21 1 U 14
22 1 U 1
23 0 U -1
24 0 U 20
25 0 U 22
26 1 U 3
27 0 L 21
28 0 U 25
29 0 L 18
30 0 L 11
31 0 L 27
32 1 L -1
33 1 U 22
34 0 L 18
35 0 L 14
36 1 U 27
37 0 L 30
38 0 U 27
39 0 U -1
40 0 U 39
41 1 L 1
42 0 L 14
43 0 L 23
44 0 U 36
45 1 L 40
46 1 L 45
47 0 L 41
48 1 L 13
49 0 U 30
50 1 L 22
51 0 L 41
52 0 L 35
53 0 L 32
54 1 L 27
55 0 U 18
56 0 L 42
57 0 U 16
58 1 L -1
59 1 U 55
60 0 L 13
61 1 U 21
62 1 L 6
63 0 L 1
64 0 L 63
65 0 L 32
66 0 U 10
67 1 L 14
68 0 U 26
69 0 L 56
70 0 L 52
71 1 U 46
72 0 U 37
73 1 U 45
74 1 L 38
75 1 L 48
76 0 L 48
77 1 U 68
78 1 U 40
79 1 U 78
80 0 L 58
81 1 L 41
82 0 U 79
83
0 0 U -1
1 1 U -1
2 1 U 0
3 0 U -1
4 0 U -1
5 0 L -1
6 0 U 1
7 0 L -1
8 0 L 0
9 1 L 4
10 0 U -1
11 1 U 2
12 0 U 4
13 1 U 7
14 1 L 2
15 1 U 12
16 0 U 1
17 1 L -1
18 1 U -1
19 0 U 16
20 1 U 8
21 1 U 14
22 1 U 1
23 0 U -1
24 0 U 20
25 0 U 22
26 1 U 3
27 0 L 21
28 0 U 25
29 0 L 18
30 0 L 11
31 0 L 27
32 1 L -1
33 1 U 14
34 0 L 18
35 0 L 14
36 1 U 27
37 0 L 30
38 0 U 27
39 1 U -1
40 0 U 39
41 1 L 1
42 0 L 14
43 0 L 23
44 0 U 36
45 1 L 40
46 1 L 45
47 0 L 41
48 1 L 13
49 0 U 24
50 1 L 21
51 0 L 41
52 0 L 35
53 0 L 32
54 1 L 27
55 0 U 46
56 0 L 42
57 0 U 16
58 1 L -1
59 1 U 55
60 0 L 13
61 1 U 21
62 0 L 6
63 0 L 1
64 0 L 63
65 0 L 32
66 0 U 10
67 0 L 14
68 0 U 26
69 1 L 56
70 0 L 52
71 1 U 46
72 0 U 37
73 1 U 45
74 1 L 38
75 0 L 48
76 0 U 48
77 0 U 68
78 0 U 40
79 1 U 78
80 1 L 58
81 1 L 41
82 1 U 79
83
0 0 U -1
1 1 U -1
2 1 U 0
3 0 U -1
4 0 U -1
5 0 L -1
6 0 U 0
7 0 L -1
8 0 L 0
9 1 L 4
10 0 U -1
11 1 U 2
12 1 U 4
13 1 U 7
14 1 L 2
15 0 U 12
16 0 U 1
17 1 L -1
18 1 U -1
19 0 U 16
20 1 U 8
21 1 U 14
22 1 U 1
23 0 U -1
24 0 U 20
25 0 U 22
26 1 U 3
27 0 L 21
28 0 U 25
29 0 L 18
30 0 L 11
31 0 L 27
32 0 L -1
33 1 L 14
34 0 L 18
35 1 L 14
36 1 U 27
37 0 L 30
38 0 U 27
39 0 U -1
40 0 U 39
41 1 L 1
42 0 L 14
43 0 L 23
44 0 U 36
45 1 L 40
46 1 L 45
47 0 L 41
48 1 L 13
49 0 U 24
50 1 L 21
51 0 L 41
52 0 L 35
53 0 L 32
54 1 L 25
55 0 U 46
56 0 L 42
57 0 U 40
58 1 L -1
59 1 U 55
60 0 L 13
61 1 U 21
62 0 L 6
63 0 L 1
64 0 L 63
65 0 L 32
66 0 U 10
67 0 L 14
68 0 U 26
69 1 L 67
70 1 L 52
71 1 U 46
72 0 U 37
73 1 U 45
74 0 L 38
75 1 L 48
76 0 U 68
77 0 U 68
78 0 U 71
79 1 U 78
80 1 L 58
81 1 L 53
82 1 U 79
83
0 0 L -1
1 1 U -1
2 1 U 0
3 0 U -1
4 0 U -1
5 0 L -1
6 0 U 0
7 0 L -1
8 0 L 0
9 1 L 4
10 0 U -1
11 1 U 2
12 0 U 4
13 1 U 7
14 1 L 2
15 0 U 12
16 0 U 1
17 0 L -1
18 1 U -1
19 0 U 16
20 1 U 8
21 1 U 14
22 1 U 1
23 0 U -1
24 0 U 20
25 0 U 22
26 1 U 3
27 0 L 21
28 1 U 25
29 0 L 18
30 0 L 11
31 1 L 27
32 0 L -1
33 1 U 6
34 0 L 18
35 0 L 14
36 1 U 27
37 0 L 30
38 0 U 27
39 0 U -1
40 0 U 39
41 1 L 1
42 0 L 14
43 0 L 23
44 0 U 36
45 1 L 40
46 1 L 45
47 0 L 41
48 1 L 13
49 0 U 24
50 1 L 21
51 0 L 41
52 0 L 35
53 0 L 32
54 1 L 25
55 0 U 46
56 0 L 42
57 0 U 5
58 1 L -1
59 1 U 55
60 0 L 13
61 1 U 21
62 0 L 6
63 0 L 1
64 0 L 63
65 0 L 32
66 0 U 10
67 0 L 14
68 0 U 26
69 1 L 67
70 1 L 10
71 1 U 46
72 0 U 37
73 1 U 45
74 0 L 38
75 1 L 48
76 0 U 68
77 0 U 11
78 0 U 71
79 1 U 78
80 1 L 58
81 1 L 53
82 1 U 79
83
0 0 U -1
1 1 U -1
2 1 U 0
3 0 U -1
4 0 U -1
5 0 L -1
6 0 U 0
7 0 L -1
8 0 L -1
9 1 L 4
10 0 U -1
11 1 U 5
12 0 U 4
13 1 U 7
14 1 L 2
15 0 U 12
16 0 U 1
17 1 L -1
18 0 U -1
19 0 U 16
20 1 U 8
21 1 U 14
22 1 U 1
23 0 U -1
24 0 U 20
25 0 U 22
26 1 U 4
27 0 L 21
28 0 U 25
29 0 L 18
30 0 L 11
31 0 L 27
32 0 L -1
33 1 U 14
34 0 L 18
35 0 L 14
36 1 U 27
37 0 L 30
38 0 U 27
39 1 U -1
40 0 U 39
41 1 L 1
42 0 L 14
43 0 L 23
44 0 U 36
45 1 L 40
46 1 L 45
47 0 L 41
48 1 L 13
49 0 U 24
50 0 L 23
51 0 L 41
52 0 L 35
53 0 L 32
54 1 L 25
55 0 U 46
56 0 L 42
57 0 U 22
58 1 L -1
59 0 U 55
60 0 L 15
61 1 U 21
62 1 L 6
63 0 L 1
64 0 L 63
65 0 L 32
66 0 U 10
67 0 L 14
68 1 U 6
69 1 L 9
70 0 L 69
71 1 U 46
72 0 U 36
73 1 U 45
74 0 L 38
75 1 L 48
76 0 U 68
77 0 U 11
78 0 U 5
79 0 U 78
80 1 L 60
81 1 L 53
82 0 U 79
83
0 0 U -1
1 1 U -1
2 1 U 0
3 0 U -1
4 0 U -1
5 0 L -1
6 0 U 0
7 0 L -1
8 0 L -1
9 1 L 4
10 0 U -1
11 1 U 2
12 1 U 4
13 1 U 7
14 1 L 2
15 0 U 12
16 1 U 1
17 1 L -1
18 0 U -1
19 0 U 2
20 1 U 8
21 1 U 14
22 1 U 1
23 0 U -1
24 0 U 20
25 0 U 22
26 1 U 4
27 0 L 21
28 0 U 25
29 0 L 16
30 0 L 11
31 0 L 27
32 0 L -1
33 1 L 3
34 0 L 18
35 0 L 14
36 1 U 27
37 0 L 30
38 0 U 17
39 1 U -1
40 0 U 39
41 1 L 1
42 0 L 3
43 0 L 23
44 0 U 36
45 1 L 40
46 1 L 45
47 0 L 41
48 1 L 13
49 0 U 24
50 0 L 23
51 0 L 41
52 0 L 35
53 0 L 32
54 1 L 25
55 0 U 46
56 0 L 42
57 0 U 2
58 1 L -1
59 1 U 55
60 0 L 15
61 1 U 21
62 1 L 6
63 0 L 1
64 0 L 63
65 0 L 32
66 0 U 10
67 0 L 14
68 1 U 6
69 1 L 9
70 1 L 53
71 1 U 46
72 0 U 36
73 1 U 45
74 0 L 38
75 1 L 48
76 0 U 68
77 0 U 11
78 1 U 5
79 0 U 66
80 0 L 60
81 0 L 5
82 1 U 79
83
0 0 L -1
1 1 U -1
2 1 U 0
3 0 U -1
4 0 U -1
5 0 L -1
6 0 U 0
7 0 L -1
8 0 L -1
9 1 L 4
10 0 U -1
11 1 U 2
12 1 U -1
13 1 U 7
14 1 L 2
15 1 U 12
16 1 U 1
17 1 L -1
18 0 U -1
19 0 U 6
20 1 U 8
21 1 U 6
22 1 U 1
23 0 U -1
24 0 U 20
25 1 U 22
26 1 U 4
27 0 L 21
28 0 U 8
29 0 L 16
30 0 L 11
31 0 L 27
32 0 L -1
33 1 L 3
34 0 L 18
35 1 L 14
36 1 U 27
37 0 L 30
38 0 U 17
39 1 U -1
40 0 U 39
41 1 L 1
42 0 L 3
43 1 L 23
44 0 U 30
45 1 L 40
46 1 L 45
47 0 L 41
48 1 L 13
49 0 U 24
50 1 L 23
51 0 L 41
52 0 L 9
53 0 L 32
54 1 L 50
55 0 U 46
56 0 L 42
57 0 U 2
58 1 L -1
59 0 U 55
60 0 L 15
61 0 U 9
62 1 L 56
63 0 L 1
64 1 L 63
65 0 L 32
66 0 U 46
67 0 L 14
68 0 U 6
69 0 L 9
70 1 L 53
71 1 U 46
72 0 U 36
73 1 U 45
74 0 L 38
75 1 L 48
76 1 U 68
77 0 U 19
78 1 U 5
79 1 U 66
80 1 L 60
81 0 L 5
82 1 U 79
83
0 0 L -1
1 1 U -1
2 1 U 0
3 0 U -1
4 0 U -1
5 0 L -1
6 0 U 1
7 0 L -1
8 0 L -1
9 1 L 4
10 0 U -1
11 1 U 5
12 1 U -1
13 1 U 7
14 0 L 2
15 0 U 1
16 1 U 1
17 1 L -1
18 0 U -1
19 0 U 16
20 1 U 8
21 1 U 5
22 1 U 1
23 0 U -1
24 0 U 20
25 1 U 22
26 1 U 4
27 0 L 21
28 0 U 8
29 0 L 16
30 0 L 11
31 0 L 29
32 0 L -1
33 1 L 3
34 0 L 18
35 1 L 14
36 1 U 17
37 0 L 30
38 0 U 17
39 1 U -1
40 0 U 39
41 1 L 1
42 0 L 3
43 0 L 23
44 0 U 30
45 1 L 40
46 1 L 45
47 0 L 41
48 1 L 13
49 0 U 20
50 0 L 23
51 0 L 41
52 0 L 9
53 0 L 32
54 1 L 50
55 0 U 46
56 0 L 42
57 0 U 2
58 1 L -1
59 0 U 55
60 1 L 15
61 1 U 9
62 1 L 56
63 0 L 1
64 1 L 63
65 0 L 32
66 0 U 46
67 1 L 51
68 0 U 16
69 0 L 9
70 1 L 53
71 1 U 46
72 0 U 36
73 1 U 45
74 0 L 38
75 1 L 48
76 1 U 68
77 1 U 76
78 1 U 5
79 0 U 66
80 1 L 60
81 1 L 58
82 1 U 79
83
0 0 L -1
1 1 U -1
2 1 U 0
3 0 U -1
4 0 U -1
5 0 L -1
6 0 U 1
7 0 L -1
8 0 L -1
9 1 L 4
10 0 U -1
11 1 U 2
12 0 U -1
13 0 U 9
14 0 L 2
15 1 U 3
16 1 U 1
17 1 L -1
18 0 U -1
19 0 U 16
20 1 U 8
21 1 U 5
22 1 U 1
23 0 U -1
24 0 U 20
25 1 U 6
26 1 U 4
27 0 L 21
28 0 U 8
29 0 L 16
30 0 L 11
31 0 L 27
32 0 L -1
33 1 L 3
34 0 L 18
35 1 L 3
36 1 U 17
37 0 L 30
38 0 U 17
39 1 U -1
40 0 U 39
41 1 L 1
42 0 L 3
43 0 L 23
44 0 U 30
45 1 L 40
46 1 L 45
47 0 L 41
48 1 L 13
49 0 U 20
50 0 L 29
51 1 L 2
52 0 L 9
53 0 L 32
54 1 L 50
55 0 U 46
56 0 L 42
57 0 U 2
58 1 L -1
59 1 U 5
60 1 L 15
61 1 U 19
62 1 L 52
63 0 L 1
64 1 L 63
65 0 L 32
66 0 U 46
67 1 L 51
68 1 U 16
69 0 L 9
70 0 L 53
71 1 U 46
72 0 U 36
73 1 U 45
74 0 L 38
75 1 L 48
76 1 U 68
77 1 U 76
78 1 U 2
79 1 U 66
80 1 L 60
81 1 L 58
82 0 U 57
83
0 0 U -1
1 1 U -1
2 1 U 0
3 0 U -1
4 0 U -1
5 0 L -1
6 0 U 1
7 0 L -1
8 0 L -1
9 1 L 4
10 0 U -1
11 1 U 2
12 0 U -1
13 1 U 9
14 0 L 2
15 0 U 3
16 1 U 1
17 1 L -1
18 0 U -1
19 0 U 16
20 1 U 8
21 1 U 5
22 1 U 1
23 0 U -1
24 0 U 20
25 1 U 6
26 1 U 4
27 0 L 21
28 0 U 8
29 0 L 16
30 0 L 11
31 0 L 27
32 0 L -1
33 1 L 3
34 0 L 20
35 0 L 3
36 1 U 17
37 0 L 30
38 0 U 17
39 1 U -1
40 0 U 39
41 1 L 1
42 0 L 3
43 0 L 23
44 0 U 30
45 1 L 40
46 1 L 45
47 0 L 41
48 1 L 13
49 0 U 20
50 0 L 29
51 1 L 2
52 0 L 9
53 0 L 32
54 1 L 50
55 0 U 46
56 0 L 42
57 0 U 2
58 1 L -1
59 1 U 22
60 1 L 15
61 1 U 19
62 1 L 56
63 0 L 1
64 1 L 63
65 0 L 32
66 0 U 46
67 1 L 51
68 0 U 16
69 0 L 35
70 0 L 53
71 1 U 46
72 0 U 36
73 1 U 45
74 0 L 38
75 1 L 48
76 1 U 68
77 1 U 76
78 1 L 2
79 0 U 66
80 1 L 60
81 1 L 58
82 0 U 57
83
0 0 U -1
1 1 U -1
2 1 U 0
3 0 U -1
4 0 U -1
5 0 L -1
6 0 U 1
7 0 L -1
8 0 L -1
9 1 L 4
10 0 U -1
11 1 U 2
12 0 U -1
13 1 U 9
14 1 L 2
15 0 U 1
16 1 U 1
17 1 L -1
18 0 U -1
19 0 U 16
20 1 U 8
21 1 U 14
22 1 U 1
23 0 U -1
24 0 U 20
25 1 U 6
26 1 U 4
27 0 L 21
28 1 U 25
29 0 L 16
30 0 L 11
31 0 L 27
32 0 L -1
33 1 L 3
34 0 L 20
35 0 L 3
36 1 U 17
37 0 L 30
38 0 U 17
39 1 U -1
40 0 U 39
41 1 L 1
42 0 L 3
43 0 L 23
44 0 U 36
45 1 L 40
46 1 L 45
47 0 L 41
48 1 L 13
49 0 U 20
50 0 L 29
51 0 L 2
52 0 L 9
53 0 L 32
54 1 L 45
55 0 U 46
56 0 L 42
57 0 U 2
58 1 L -1
59 0 U 22
60 1 L 15
61 1 U 19
62 0 L 6
63 0 L 5
64 0 L 63
65 0 L 32
66 0 U 46
67 0 L 51
68 0 U 16
69 0 L 35
70 0 L 53
71 1 U 46
72 0 U 36
73 1 U 45
74 0 L 38
75 1 L 48
76 1 U 68
77 1 U 76
78 1 U 2
79 1 U 66
80 1 L 60
81 1 L 58
82 0 U 57
83
0 0 L -1
1 1 U -1
2 1 U 0
3 0 U -1
4 0 U -1
5 0 L -1
6 0 U 0
7 0 L -1
8 0 L -1
9 1 L 4
10 0 U -1
11 1 U 2
12 1 U -1
13 1 U 9
14 0 L 2
15 1 U 1
16 1 U 3
17 1 L -1
18 0 U -1
19 0 U 16
20 1 U 8
21 1 U 14
22 1 U 1
23 0 U -1
24 0 U 20
25 1 U 6
26 1 U 4
27 0 L 21
28 0 U 8
29 0 L 16
30 0 L 11
31 0 L 27
32 0 L -1
33 1 L 3
34 0 L 20
35 0 L 3
36 1 U 17
37 0 L 30
38 0 U 17
39 1 U -1
40 0 U 39
41 1 L 1
42 0 L 3
43 0 L 23
44 0 U 36
45 1 L 40
46 0 L 45
47 0 L 41
48 1 L 13
49 0 U 20
50 1 L 34
51 0 L 2
52 0 L 9
53 0 L 32
54 1 L 45
55 0 U 46
56 0 L 42
57 0 U 2
58 1 L -1
59 1 U 5
60 0 L 15
61 1 U 57
62 1 L 6
63 0 L 7
64 0 L 63
65 0 L 32
66 0 U 46
67 0 L 51
68 1 U 14
69 0 L 10
70 0 L 53
71 1 U 46
72 0 U 36
73 1 U 45
74 0 L 38
75 1 L 48
76 1 U 68
77 1 U 47
78 1 U 15
79 1 U 66
80 0 L 56
81 1 L 58
82 0 U 57
83
0 0 U -1
1 1 U -1
2 1 U 0
3 0 U -1
4 0 U -1
5 0 L -1
6 0 U 0
7 0 L -1
8 0 L -1
9 1 L 4
10 0 U -1
11 1 U 2
12 1 U -1
13 1 U 9
14 0 L 2
15 1 U 1
16 1 U 3
17 1 L -1
18 0 U -1
19 0 U 16
20 1 U 8
21 1 U 14
22 1 U 1
23 0 U -1
24 0 U 20
25 1 U 6
26 1 U 4
27 0 L 21
28 0 U 8
29 0 L 16
30 0 L 11
31 0 L 27
32 0 L -1
33 1 L 3
34 0 L 20
35 0 L 3
36 1 U 27
37 0 L 30
38 0 U 17
39 1 U -1
40 0 U 39
41 1 L 1
42 0 L 3
43 1 L 23
44 0 U 36
45 1 L 40
46 1 L 45
47 0 L 41
48 1 L 30
49 0 U 20
50 1 L 22
51 0 L 2
52 0 L 9
53 0 L 32
54 1 L 45
55 0 U 46
56 0 L 42
57 0 U 2
58 1 L -1
59 0 U 5
60 1 L 15
61 1 U 57
62 1 L 6
63 0 L 7
64 0 L 63
65 0 L 32
66 0 U 46
67 0 L 51
68 0 U 14
69 0 L 6
70 0 L 53
71 1 U 46
72 0 U 36
73 1 U 45
74 0 L 38
75 0 L 48
76 1 U 68
77 1 U 47
78 1 U 15
79 1 U 66
80 1 L 56
81 1 L 58
82 0 U 57
83
0 0 L -1
1 1 U -1
2 1 U 0
3 0 U -1
4 0 U -1
5 0 L -1
6 0 U 0
7 0 L -1
8 0 L -1
9 1 L 4
10 0 U -1
11 1 U 5
12 1 U -1
13 1 U 9
14 0 L 2
15 1 U 12
16 1 U 3
17 1 L -1
18 0 U -1
19 0 U 16
20 1 U 8
21 1 U 14
22 1 U 1
23 0 U -1
24 0 U 20
25 1 U 6
26 1 U 4
27 0 L 21
28 0 U 8
29 0 L 16
30 0 L 11
31 0 L 29
32 0 L -1
33 1 L 3
34 0 L 20
35 0 L 3
36 1 U 27
37 0 L 30
38 0 U 17
39 1 U -1
40 0 U 39
41 1 L 7
42 0 L 14
43 1 L 22
44 0 U 36
45 1 L 40
46 1 L 45
47 0 L 41
48 1 L 30
49 0 U 20
50 1 L 26
51 0 L 2
52 0 L 9
53 0 L 32
54 1 L 45
55 0 U 46
56 0 L 42
57 0 U 2
58 1 L -1
59 1 U 22
60 1 L 12
61 1 U 57
62 1 L 6
63 0 L 7
64 0 L 63
65 0 L 32
66 0 U 46
67 0 L 51
68 0 U 14
69 0 L 6
70 0 L 53
71 1 U 46
72 0 U 36
73 1 U 45
74 0 L 38
75 0 L 37
76 1 U 68
77 1 U 47
78 1 U 15
79 1 U 66
80 1 L 56
81 1 L 58
82 0 U 57
83
0 0 L -1
1 1 U -1
2 1 U 0
3 0 U -1
4 0 U -1
5 0 L -1
6 0 U 0
7 0 L -1
8 0 L -1
9 1 L 4
10 0 U -1
11 1 U 5
12 1 U -1
13 1 U 9
14 1 L 2
15 0 U 12
16 1 U 3
17 1 L -1
18 0 U -1
19 0 U 16
20 1 U 8
21 1 U 14
22 1 U 1
23 0 U -1
24 0 U 20
25 1 U 6
26 1 U 4
27 0 L 21
28 0 U 8
29 0 L 16
30 0 L 11
31 0 L 29
32 0 L -1
33 1 L 3
34 0 L 20
35 0 L 3
36 1 U 27
37 0 L 30
38 0 U 17
39 1 U -1
40 0 U 39
41 1 L 7
42 0 L 14
43 1 L 22
44 0 U 36
45 1 L 40
46 1 L 45
47 0 L 41
48 1 L 30
49 0 U 20
50 1 L 26
51 0 L 2
52 0 L 9
53 0 L 32
54 1 L 45
55 0 U 46
56 0 L 42
57 0 U 5
58 1 L -1
59 0 U 22
60 1 L 12
61 1 U 57
62 1 L 6
63 0 L 7
64 0 L 63
65 0 L 32
66 0 U 39
67 0 L 51
68 0 U 2
69 0 L 6
70 0 L 53
71 1 U 46
72 0 U 36
73 1 U 45
74 0 L 38
75 1 L 48
76 1 U 68
77 1 U 47
78 1 U 15
79 1 U 66
80 1 L 56
81 1 L 58
82 0 U 57
83
0 0 U -1
1 1 U -1
2 1 U 0
3 0 U -1
4 0 U -1
5 0 L -1
6 0 U 0
7 0 L -1
8 0 L -1
9 1 L 4
10 1 U -1
11 1 U 5
12 1 U -1
13 1 U 9
14 0 L 2
15 1 U 12
16 1 U 3
17 1 L -1
18 0 U -1
19 0 U 16
20 1 U 8
21 1 U 15
22 1 U 1
23 0 U -1
24 0 U 20
25 1 U 6
26 0 U 4
27 0 L 21
28 0 U 19
29 0 L 16
30 0 L 11
31 0 L 29
32 0 L -1
33 1 L 3
34 0 L 20
35 0 L 3
36 1 U 27
37 0 L 30
38 0 U 17
39 1 U -1
40 0 U 39
41 1 L 7
42 0 L 14
43 1 L 22
44 0 U 36
45 1 L 40
46 1 L 45
47 0 L 41
48 1 L 30
49 0 U 27
50 1 L 31
51 0 L 2
52 0 L 9
53 0 L 32
54 1 L 45
55 0 U 46
56 0 L 42
57 0 U 16
58 1 L -1
59 0 U 2
60 1 L 12
61 1 U 57
62 1 L 6
63 0 L 7
64 0 L 63
65 0 L 32
66 0 U 39
67 0 L 51
68 0 U 55
69 1 L 6
70 0 L 53
71 1 U 46
72 0 U 36
73 1 U 45
74 0 L 23
75 0 L 48
76 1 U 33
77 1 U 47
78 1 U 15
79 1 U 66
80 0 L 56
81 1 L 58
82 0 U 57
83
0 0 U -1
1 1 U -1
2 1 U -1
3 0 U -1
4 0 U -1
5 0 L -1
6 0 U 0
7 0 L -1
8 0 L -1
9 1 L 4
10 0 U -1
11 1 U 5
12 0 U -1
13 1 U 9
14 1 L 2
15 1 U 12
16 1 U 3
17 1 L -1
18 1 U -1
19 0 U 16
20 1 U 8
21 1 U 15
22 1 U 1
23 1 U -1
24 0 U 20
25 1 U 6
26 0 U 4
27 0 L 21
28 0 U 19
29 0 L 16
30 0 L 11
31 0 L 29
32 0 L -1
33 1 L 3
34 0 L 20
35 0 L 3
36 1 U 27
37 0 L 30
38 0 U 17
39 1 U -1
40 0 U 39
41 1 L 7
42 0 L 14
43 1 L 22
44 0 U 36
45 1 L 40
46 1 L 45
47 0 L 41
48 1 L 30
49 0 U 27
50 1 L 28
51 0 L 2
52 0 L 9
53 0 L 32
54 1 L 45
55 0 U 46
56 0 L 42
57 0 U 16
58 1 L -1
59 1 U 22
60 1 L 12
61 1 U 57
62 1 L 6
63 0 L 7
64 0 L 63
65 0 L 32
66 0 U 39
67 0 L 51
68 1 U 55
69 0 L 6
70 0 L 53
71 1 U 46
72 0 U 36
73 1 L 45
74 0 L 23
75 1 L 48
76 1 U 33
77 1 U 47
78 1 U 66
79 1 U 66
80 1 L 56
81 1 L 0
82 0 U 57
83
0 0 L -1
1 1 U -1
2 1 U 0
3 0 U -1
4 0 U -1
5 0 L -1
6 0 U 0
7 0 L -1
8 0 L -1
9 1 L 4
10 1 U -1
11 1 U 5
12 1 U -1
13 1 U 9
14 1 L 2
15 0 U 12
16 1 U 3
17 1 L -1
18 1 U -1
19 0 U 16
20 1 U 8
21 1 U 5
22 1 U 1
23 0 U -1
24 0 U 20
25 1 U 6
26 0 U 4
27 0 L 21
28 0 U 19
29 0 L 16
30 0 L 11
31 0 L 29
32 0 L -1
33 1 L 3
34 0 L 16
35 0 L 3
36 1 U 27
37 0 L 30
38 0 U 17
39 1 U -1
40 0 U 39
41 1 L 1
42 0 L 14
43 1 L 22
44 0 U 36
45 1 L 40
46 1 L 45
47 0 L 41
48 1 L 30
49 0 U 27
50 1 L 28
51 1 L 2
52 0 L 9
53 0 L 32
54 1 L 45
55 0 U 46
56 0 L 42
57 0 U 22
58 1 L -1
59 0 U 5
60 1 L 12
61 1 U 57
62 1 L 6
63 0 L 7
64 0 L 63
65 0 L 5
66 0 U 39
67 0 L 51
68 1 U 5
69 0 L 9
70 1 L 53
71 1 U 46
72 1 U 36
73 1 L 45
74 0 L 22
75 1 L 48
76 1 U 33
77 1 U 47
78 1 U 66
79 1 U 66
80 1 L 56
81 1 L 0
82 0 U 57
83
0 0 U -1
1 1 U -1
2 1 U 0
3 0 U -1
4 0 U -1
5 0 L -1
6 0 U 0
7 0 L -1
8 0 L -1
9 1 L 4
10 0 U -1
11 1 U 5
12 0 U -1
13 1 U 7
14 1 L 2
15 1 U 0
16 1 U 0
17 0 L -1
18 0 U -1
19 0 U 16
20 1 U 8
21 1 U 5
22 1 U 1
23 1 U -1
24 0 U 20
25 1 U 6
26 0 U 4
27 0 L 21
28 0 U 8
29 0 L 16
30 0 L 11
31 0 L 20
32 0 L -1
33 1 L 3
34 1 U 16
35 0 L 3
36 1 U 27
37 0 L 30
38 0 U 20
39 1 U -1
40 0 U 39
41 1 L 1
42 0 L 14
43 1 L 22
44 0 U 36
45 1 L 40
46 1 L 45
47 0 L 41
48 1 L 30
49 0 U 27
50 1 L 28
51 1 L 2
52 0 L 9
53 0 L 32
54 1 L 45
55 0 U 46
56 0 L 42
57 0 U 2
58 1 L -1
59 1 U 5
60 0 L 15
61 1 U 57
62 1 L 6
63 0 L 7
64 0 L 63
65 0 L 5
66 0 U 39
67 0 L 51
68 0 U 45
69 0 L 9
70 0 L 53
71 1 U 46
72 0 U 36
73 1 L 45
74 0 L 22
75 1 L 48
76 1 U 33
77 1 U 47
78 0 U 66
79 0 U 66
80 1 L 56
81 1 L 0
82 0 U 57
83
0 0 U -1
1 1 U -1
2 1 U 0
3 0 U -1
4 0 U -1
5 0 L -1
6 0 U 0
7 0 L -1
8 0 L -1
9 1 L 4
10 1 U 1
11 1 U 2
12 1 U -1
13 1 U 9
14 0 L 2
15 1 U 0
16 1 U 0
17 0 L -1
18 1 U -1
19 0 U 16
20 1 U 8
21 1 U 15
22 1 U 1
23 0 U -1
24 0 U 20
25 1 U 6
26 0 U 4
27 0 L 21
28 0 U 8
29 0 L 16
30 0 L 11
31 0 L 20
32 0 L -1
33 1 L 3
34 1 U 16
35 0 L 3
36 1 U 27
37 0 L 30
38 0 U 20
39 1 U -1
40 0 U 18
41 1 L 1
42 0 L 14
43 1 L 22
44 0 U 36
45 1 L 40
46 1 L 45
47 0 L 41
48 1 L 18
49 0 U 27
50 0 L 48
51 1 L 2
52 0 L 35
53 0 L 32
54 1 L 45
55 0 U 46
56 0 L 42
57 0 U 2
58 1 L -1
59 0 U 16
60 0 L 15
61 1 U 57
62 1 L 6
63 0 L 7
64 0 L 63
65 0 L 5
66 0 U 39
67 0 L 14
68 0 U 45
69 0 L 9
70 0 L 53
71 1 U 46
72 0 U 36
73 1 U 45
74 0 L 22
75 0 L 48
76 1 U 33
77 1 U 47
78 1 U 16
79 0 U 66
80 1 L 56
81 1 L 0
82 0 U 57
83
0 0 U -1
1 1 U -1
2 1 U 0
3 0 U -1
4 0 U -1
5 0 L -1
6 0 U 0
7 0 L -1
8 0 L -1
9 1 L 4
10 1 U 1
11 1 U 5
12 1 U -1
13 1 U 7
14 1 L 2
15 1 U 1
16 1 U 0
17 0 L -1
18 1 U -1
19 0 U 16
20 1 U 8
21 1 U 2
22 1 U 1
23 0 U -1
24 0 U 20
25 1 U 6
26 0 U 4
27 0 L 21
28 0 U 8
29 0 L 20
30 0 L 11
31 0 L 20
32 0 L -1
33 1 L 3
34 1 U 15
35 0 L 3
36 1 U 27
37 0 L 30
38 0 U 27
39 1 U -1
40 0 U 18
41 1 L 7
42 0 L 14
43 1 L 22
44 0 U 37
45 1 L 40
46 1 L 45
47 0 L 41
48 1 L 18
49 0 U 20
50 1 L 48
51 1 L 2
52 0 L 9
53 0 L 32
54 1 L 45
55 0 U 46
56 0 L 42
57 0 U 22
58 1 L -1
59 0 U 16
60 0 L 30
61 1 U 57
62 1 L 6
63 0 L 7
64 0 L 63
65 0 L 5
66 0 U 39
67 0 L 51
68 0 U 45
69 0 L 9
70 0 L 53
71 1 U 46
72 0 U 36
73 1 U 45
74 0 L 22
75 1 L 48
76 0 U 72
77 1 U 47
78 1 U 55
79 1 U 66
80 1 L 56
81 1 L 0
82 0 U 57
83
0 0 U -1
1 1 U -1
2 1 U 0
3 0 U -1
4 0 U -1
5 0 L -1
6 0 U 0
7 0 L -1
8 0 L -1
9 1 L 4
10 1 U 4
11 1 U 5
12 1 U -1
13 1 U 7
14 0 L 2
15 1 U 1
16 1 U 0
17 1 L -1
18 0 U -1
19 0 U 16
20 1 U 8
21 1 U 2
22 1 U 1
23 1 U -1
24 0 U 20
25 1 U 22
26 0 U 4
27 0 L 21
28 0 U 8
29 0 L 20
30 0 L 11
31 0 L 20
32 0 L -1
33 1 L 3
34 1 U 15
35 0 L 3
36 1 U 27
37 0 L 30
38 0 U 27
39 1 U -1
40 0 U 18
41 1 L 7
42 0 L 14
43 1 L 22
44 0 U 37
45 1 L 40
46 1 L 45
47 0 L 41
48 1 L 18
49 0 U 20
50 1 L 48
51 1 L 2
52 0 L 9
53 0 L 32
54 1 L 45
55 0 U 46
56 0 L 42
57 0 U 22
58 1 L -1
59 0 U 16
60 1 L 30
61 1 U 57
62 1 L 6
63 0 L 7
64 0 L 63
65 0 L 5
66 0 U 39
67 0 L 51
68 1 U 45
69 0 L 35
70 0 L 53
71 1 U 46
72 0 U 36
73 1 L 68
74 0 L 22
75 0 L 48
76 1 U 72
77 1 U 47
78 1 U 55
79 1 U 66
80 1 L 56
81 1 L 58
82 0 U 57
83
0 0 U -1
1 1 U -1
2 1 U 0
3 0 U -1
4 0 U -1
5 0 L -1
6 0 U 0
7 0 L -1
8 0 L -1
9 1 L 4
10 1 U 4
11 1 U 5
12 1 U -1
13 1 U 7
14 1 L 2
15 1 U 1
16 1 U 10
17 1 L -1
18 0 U -1
19 0 U 2
20 1 U 8
21 1 U 5
22 1 U 1
23 1 U -1
24 0 U 20
25 1 U 22
26 0 U 4
27 0 L 21
28 0 U 8
29 0 L 20
30 0 L 11
31 0 L 20
32 0 L -1
33 1 L 3
34 0 U 15
35 0 L 3
36 1 U 27
37 0 L 30
38 0 U 27
39 1 U -1
40 0 U 18
41 1 L 7
42 0 L 14
43 1 L 22
44 0 U 30
45 1 L 40
46 1 L 45
47 0 L 41
48 1 L 18
49 0 U 20
50 1 L 48
51 1 L 2
52 0 L 9
53 0 L 32
54 1 L 45
55 0 U 46
56 0 L 42
57 0 U 22
58 1 L -1
59 1 U 16
60 1 L 30
61 1 U 57
62 1 L 6
63 0 L 7
64 0 L 63
65 0 L 5
66 0 U 39
67 0 L 51
68 0 U 45
69 0 L 35
70 1 L 53
71 1 U 46
72 1 U 36
73 1 L 68
74 0 L 22
75 1 L 48
76 1 U 72
77 1 U 34
78 0 U 55
79 1 U 66
80 1 L 52
81 1 L 58
82 0 U 57
83
0 0 U -1
1 1 U -1
2 1 U -1
3 0 U -1
4 0 U -1
5 0 L -1
6 0 U 0
7 0 L -1
8 0 L -1
9 1 L 4
10 1 U 4
11 1 U 5
12 0 U -1
13 1 U 7
14 1 L 2
15 1 U 1
16 1 U 1
17 0 L -1
18 1 U -1
19 0 U 16
20 1 U 8
21 1 U 15
22 1 U 1
23 1 U -1
24 0 U 20
25 1 U 22
26 0 U 4
27 0 L 21
28 0 U 17
29 0 L 20
30 0 L 11
31 0 L 20
32 0 L -1
33 1 L 3
34 1 U 6
35 0 L 3
36 1 U 27
37 0 L 30
38 0 U 27
39 1 U -1
40 0 U 18
41 1 L 7
42 0 L 14
43 1 L 22
44 0 U 30
45 1 L 40
46 1 L 45
47 0 L 41
48 1 L 18
49 0 U 20
50 1 L 48
51 1 L 2
52 0 L 9
53 0 L 32
54 1 L 45
55 0 U 46
56 0 L 42
57 0 U 22
58 1 L -1
59 0 U 16
60 1 L 30
61 1 U 57
62 1 L 6
63 0 L 7
64 0 L 63
65 0 L 5
66 0 U 39
67 0 L 51
68 1 U 45
69 0 L 35
70 1 L 53
71 1 U 39
72 0 U 36
73 1 L 68
74 0 L 22
75 1 L 48
76 0 U 72
77 0 U 34
78 0 U 55
79 1 U 66
80 1 L 52
81 1 L 58
82 0 U 57
83
0 0 L -1
1 1 U -1
2 1 U 0
3 0 U -1
4 0 U -1
5 0 L -1
6 0 U 0
7 0 L -1
8 0 L -1
9 1 L 4
10 1 U 4
11 1 U 5
12 1 U -1
13 1 U 7
14 0 L 2
15 1 U 1
16 1 U 0
17 0 L -1
18 0 U -1
19 0 U 16
20 1 U 8
21 1 U 15
22 1 U 1
23 0 U -1
24 0 U 20
25 1 U 22
26 0 U 4
27 0 L 21
28 0 U 17
29 0 L 20
30 0 L 11
31 0 L 20
32 0 L -1
33 1 L 14
34 1 U 14
35 0 L 3
36 1 U 27
37 0 L 30
38 0 U 27
39 1 U -1
40 0 U 18
41 1 L 7
42 0 L 14
43 1 L 22
44 0 U 30
45 1 L 40
46 1 L 45
47 0 L 41
48 1 L 18
49 0 U 20
50 1 L 48
51 0 L 2
52 0 L 9
53 0 L 32
54 1 L 45
55 0 U 46
56 0 L 42
57 0 U 22
58 1 L -1
59 1 U 15
60 1 L 30
61 1 U 57
62 1 L 6
63 0 L 7
64 0 L 63
65 0 L 5
66 0 U 39
67 0 L 51
68 1 U 45
69 0 L 35
70 0 L 53
71 1 U 39
72 0 U 36
73 1 L 68
74 0 L 22
75 0 L 48
76 0 U 72
77 0 U 34
78 1 U 55
79 0 U 66
80 1 L 35
81 1 L 58
82 0 U 57
83
0 0 L -1
1 1 U -1
2 1 U 0
3 0 U -1
4 0 U -1
5 0 L -1
6 0 U 1
7 0 L -1
8 0 L -1
9 1 L 4
10 1 U 4
11 1 U 2
12 1 U -1
13 1 U 7
14 1 L 2
15 1 U 12
16 1 U 0
17 0 L -1
18 1 U -1
19 0 U 16
20 1 U 8
21 1 U 15
22 1 U 1
23 0 U -1
24 0 U 20
25 0 U 22
26 0 U 4
27 0 L 21
28 0 U 17
29 0 L 20
30 0 L 11
31 0 L 20
32 0 L -1
33 1 L 14
34 1 U 14
35 0 L 3
36 1 U 27
37 0 L 30
38 0 U 27
39 1 U -1
40 0 U 18
41 1 L 7
42 0 L 14
43 1 L 22
44 0 U 30
45 1 L 40
46 1 L 45
47 0 L 41
48 1 L 18
49 0 U 20
50 1 L 48
51 1 L 2
52 0 L 9
53 1 L 32
54 1 L 45
55 0 U 46
56 0 L 42
57 0 U 22
58 1 L -1
59 1 U 15
60 1 L 30
61 1 U 34
62 1 L 6
63 0 L 7
64 0 L 63
65 0 L 5
66 1 U 39
67 0 L 51
68 1 U 45
69 0 L 35
70 1 L 12
71 0 U 39
72 0 U 36
73 1 L 68
74 0 L 31
75 1 L 48
76 1 U 72
77 0 U 34
78 0 U 15
79 0 U 66
80 1 L 35
81 0 L 58
82 0 U 57
83
0 0 U -1
1 1 U -1
2 1 U 0
3 0 U -1
4 0 U -1
5 0 L -1
6 0 U 1
7 0 L -1
8 0 L -1
9 1 L 4
10 1 U 4
11 1 U 2
12 0 U -1
13 1 U 7
14 0 L 2
15 1 U 0
16 1 U 10
17 0 L -1
18 1 U -1
19 0 U 16
20 1 U 8
21 1 U 15
22 1 U 1
23 0 U -1
24 0 U 20
25 1 U 22
26 0 U 4
27 0 L 21
28 0 U 17
29 0 L 20
30 0 L 11
31 0 L 20
32 1 L -1
33 1 L 14
34 1 U 14
35 0 L 3
36 1 U 27
37 0 L 30
38 0 U 27
39 1 U -1
40 0 U 18
41 1 L 7
42 0 L 14
43 1 L 22
44 0 U 30
45 1 L 40
46 1 L 45
47 0 L 41
48 1 L 18
49 0 U 20
50 1 L 48
51 1 L 2
52 0 L 9
53 1 L 7
54 1 L 45
55 1 U 46
56 0 L 42
57 0 U 22
58 1 L -1
59 0 U 16
60 1 L 30
61 0 U 34
62 1 L 6
63 0 L 7
64 0 L 63
65 0 L 5
66 1 U 39
67 0 L 51
68 0 U 45
69 0 L 35
70 1 L 12
71 1 U 39
72 0 U 36
73 1 L 68
74 0 L 31
75 1 L 48
76 1 U 72
77 0 U 57
78 0 U 34
79 0 U 66
80 1 L 35
81 0 L 58
82 0 U 57
83
0 0 L -1
1 1 U -1
2 1 U 0
3 0 U -1
4 0 U -1
5 0 L -1
6 0 U 1
7 0 L -1
8 0 L -1
9 1 L 4
10 1 U 4
11 1 U 2
12 1 U -1
13 1 U 7
14 0 L 2
15 1 U 0
16 1 U 10
17 0 L -1
18 1 U -1
19 0 U 16
20 1 U 8
21 1 U 15
22 1 U 1
23 1 U -1
24 0 U 20
25 0 U 22
26 0 U 4
27 0 L 21
28 0 U 17
29 0 L 20
30 0 L 11
31 0 L 20
32 1 L -1
33 1 L 14
34 1 U 14
35 0 L 3
36 1 U 27
37 0 L 30
38 0 U 27
39 1 U -1
40 0 U 18
41 1 L 7
42 0 L 14
43 1 L 22
44 0 U 30
45 1 L 40
46 1 L 45
47 0 L 41
48 1 L 18
49 0 U 20
50 1 L 48
51 1 L 2
52 0 L 9
53 1 L 32
54 1 L 45
55 0 U 46
56 0 L 42
57 0 U 22
58 1 L -1
59 0 U 14
60 0 L 30
61 0 U 34
62 1 L 6
63 0 L 7
64 0 L 63
65 0 L 5
66 1 U 39
67 0 L 51
68 0 U 45
69 0 L 35
70 0 L 69
71 1 U 10
72 0 U 36
73 1 L 68
74 0 L 50
75 1 L 48
76 1 U 15
77 0 U 57
78 1 U 34
79 0 U 66
80 1 L 35
81 0 L 24
82 0 U 57
83
0 0 L -1
1 1 U -1
2 1 U 0
3 0 U -1
4 0 U -1
5 0 L -1
6 0 U 1
7 0 L -1
8 0 L -1
9 1 L 4
10 1 U 4
11 1 U 2
12 1 U -1
13 1 U 7
14 1 L 2
15 1 U 0
16 1 U 12
17 0 L -1
18 0 U -1
19 0 U 16
20 1 U 8
21 1 U 6
22 1 U 1
23 0 U -1
24 0 U 20
25 0 U 22
26 0 U 4
27 0 L 21
28 0 U 17
29 0 L 20
30 0 L 11
31 0 L 20
32 1 L -1
33 1 L 14
34 1 U 14
35 0 L 3
36 1 U 20
37 0 L 30
38 0 U 27
39 1 U -1
40 0 U 10
41 1 L 7
42 0 L 14
43 1 L 22
44 0 U 30
45 1 L 40
46 1 L 45
47 0 L 41
48 1 L 18
49 0 U 20
50 1 L 48
51 1 L 2
52 0 L 9
53 1 L 32
54 1 L 45
55 1 U 46
56 0 L 42
57 0 U 22
58 1 L -1
59 0 U 40
60 1 L 18
61 0 U 34
62 1 L 6
63 0 L 7
64 0 L 63
65 0 L 5
66 1 U 39
67 0 L 51
68 0 U 45
69 0 L 35
70 1 L 69
71 1 U 1
72 0 U 54
73 1 L 68
74 0 L 50
75 1 U 48
76 1 U 15
77 0 U 57
78 1 U 41
79 0 U 66
80 0 L 35
81 0 L 24
82 0 U 57
83
0 0 L -1
1 1 U -1
2 1 U 0
3 0 U -1
4 0 U -1
5 0 L -1
6 0 U 1
7 0 L -1
8 0 L -1
9 1 L 4
10 0 U 4
11 1 U 2
12 1 U -1
13 1 U 7
14 1 L 2
15 1 U 10
16 1 U 12
17 0 L -1
18 0 U -1
19 0 U 16
20 1 U 8
21 1 U 6
22 1 U 1
23 0 U -1
24 0 U 20
25 0 U 22
26 0 U 4
27 0 L 21
28 0 U 17
29 0 L 16
30 0 L 11
31 0 L 20
32 0 L -1
33 1 L 14
34 1 U 14
35 0 L 3
36 1 U 20
37 0 L 30
38 0 U 27
39 1 U -1
40 0 U 12
41 1 L 1
42 0 L 14
43 1 L 22
44 0 U 30
45 1 L 40
46 1 L 45
47 0 L 41
48 0 L 13
49 0 U 20
50 1 L 48
51 0 L 2
52 0 L 9
53 0 L 32
54 1 L 45
55 1 U 46
56 0 L 42
57 0 U 22
58 1 L -1
59 0 U 40
60 0 L 18
61 0 U 34
62 1 L 6
63 0 L 7
64 0 L 63
65 0 L 5
66 1 U 39
67 0 L 51
68 0 U 45
69 0 L 35
70 1 L 69
71 0 U 1
72 0 U 54
73 1 L 68
74 0 L 31
75 1 U 48
76 1 U 15
77 0 U 57
78 0 L 41
79 0 U 66
80 0 L 35
81 1 L 24
82 0 U 57
83
0 0 L -1
1 1 U -1
2 1 U -1
3 0 U -1
4 0 U -1
5 0 L -1
6 0 U 0
7 0 L -1
8 0 L -1
9 1 L 4
10 1 U 4
11 1 U 5
12 1 U -1
13 1 U 7
14 0 L 2
15 1 U 10
16 1 U 0
17 0 L -1
18 0 U -1
19 0 U 16
20 1 U 8
21 1 U 6
22 1 U 1
23 1 U -1
24 0 U 20
25 0 U 22
26 0 U 4
27 0 L 21
28 0 U 17
29 0 L 20
30 0 L 11
31 0 L 20
32 0 L -1
33 1 L 3
34 1 U 15
35 0 L 3
36 1 U 17
37 0 L 30
38 0 U 27
39 1 U -1
40 0 U 23
41 1 L 1
42 0 L 14
43 1 L 22
44 0 U 30
45 1 L 40
46 1 L 45
47 0 L 41
48 1 L 13
49 0 U 20
50 1 L 48
51 1 L 2
52 0 L 9
53 0 L 32
54 1 L 45
55 0 U 46
56 0 L 42
57 0 U 22
58 1 L -1
59 1 U 22
60 1 L 18
61 0 U 34
62 1 L 6
63 0 L 7
64 0 L 63
65 0 L 5
66 1 U 39
67 0 L 51
68 1 U 45
69 0 L 35
70 1 L 69
71 1 U 1
72 0 U 54
73 1 L 59
74 0 L 31
75 1 U 48
76 0 U 34
77 0 U 57
78 0 L 41
79 0 U 66
80 1 L 35
81 0 L 24
82 0 U 57
83
0 0 U -1
1 1 U -1
2 1 U -1
3 0 U -1
4 0 U -1
5 0 L -1
6 0 U 1
7 0 L -1
8 0 L -1
9 1 L 4
10 1 U 4
11 1 U 5
12 0 U -1
13 1 U 7
14 0 L 2
15 1 U 12
16 1 U 0
17 0 L -1
18 1 U -1
19 0 U 16
20 1 U 8
21 1 U 15
22 1 U 1
23 1 U -1
24 0 U 20
25 1 U 22
26 0 U 4
27 0 L 21
28 0 U 17
29 0 L 20
30 0 L 11
31 0 L 20
32 0 L -1
33 1 L 3
34 1 U 15
35 0 L 3
36 1 U 17
37 0 L 30
38 0 U 27
39 1 U -1
40 0 U 23
41 1 L 1
42 0 L 14
43 1 L 22
44 0 U 38
45 1 L 40
46 1 L 45
47 0 L 41
48 0 L 13
49 0 U 20
50 1 L 48
51 0 L 2
52 0 L 9
53 0 L 32
54 1 L 45
55 1 U 46
56 0 L 42
57 0 U 22
58 1 L -1
59 1 U 14
60 1 L 18
61 0 U 34
62 1 L 6
63 0 L 7
64 0 L 63
65 0 L 5
66 1 U 39
67 0 L 65
68 1 U 45
69 0 L 35
70 0 L 69
71 1 U 1
72 0 U 54
73 1 L 59
74 0 L 31
75 1 U 48
76 0 L 21
77 0 U 57
78 0 L 41
79 0 U 66
80 0 L 9
81 1 L 24
82 0 U 57
83
0 0 U -1
1 1 U -1
2 1 U 0
3 0 U -1
4 0 U -1
5 0 L -1
6 0 U 1
7 0 L -1
8 0 L -1
9 1 L 4
10 1 U 0
11 1 U 7
12 0 U -1
13 0 U 7
14 0 L 2
15 1 U 0
16 1 U 3
17 0 L -1
18 1 U -1
19 1 U -1
20 1 U 8
21 1 U 16
22 1 U 1
23 1 U -1
24 0 U 20
25 1 U 5
26 0 U 23
27 0 L 21
28 0 U 17
29 1 L 20
30 0 L 11
31 0 L 20
32 0 L -1
33 1 L 3
34 1 U 15
35 0 L 3
36 1 U 17
37 0 L 30
38 0 U 27
39 1 U -1
40 0 U 12
41 1 L 1
42 1 U 14
43 1 L 31
44 0 U 38
45 1 L 40
46 1 L 45
47 0 L 41
48 0 L 12
49 0 U 20
50 1 L 48
51 1 L 2
52 0 L 35
53 0 L 32
54 1 L 45
55 1 U 46
56 0 L 44
57 0 U 22
58 1 L -1
59 1 U 14
60 0 L 18
61 0 U 34
62 1 L 6
63 0 L 7
64 0 L 63
65 0 L 5
66 1 U 39
67 0 L 65
68 0 U 45
69 0 L 35
70 0 L 69
71 0 U 1
72 0 U 54
73 1 L 0
74 0 L 31
75 1 U 48
76 0 L 60
77 1 U 21
78 0 L 41
79 0 U 66
80 0 L 43
81 0 L 24
82 0 U 57
83
0 0 U -1
1 1 U -1
2 1 U 0
3 0 U -1
4 0 U -1
5 0 L -1
6 0 U 1
7 0 L -1
8 1 L -1
9 1 L 4
10 1 U 0
11 1 U 7
12 0 U -1
13 1 U 7
14 0 L 2
15 0 U 0
16 1 U 3
17 0 L -1
18 0 U -1
19 0 U -1
20 1 U 8
21 0 U 16
22 1 U 1
23 1 U -1
24 0 U 20
25 1 U 5
26 0 U 23
27 1 L 21
28 1 U 17
29 1 L 16
30 0 L 11
31 0 L 20
32 0 L -1
33 1 L 3
34 1 U 15
35 1 L 3
36 1 U 35
37 0 L 30
38 0 U 27
39 1 U -1
40 0 U 18
41 1 L 1
42 0 U 14
43 1 L 31
44 0 U 38
45 1 L 40
46 1 L 45
47 0 L 41
48 0 L 12
49 0 U 20
50 1 L 48
51 1 L 2
52 0 L 35
53 0 L 32
54 1 L 45
55 0 U 46
56 0 L 44
57 0 U 22
58 1 L -1
59 0 U 40
60 1 L 15
61 0 U 34
62 1 L 6
63 0 L 7
64 0 L 63
65 0 L 5
66 1 U 39
67 0 L 65
68 0 U 45
69 1 L 35
70 0 L 69
71 1 U 23
72 0 U 54
73 1 L 0
74 0 L 31
75 1 U 48
76 0 L 60
77 0 U 21
78 1 L 33
79 0 U 66
80 0 L 74
81 0 L 24
82 0 U 79
83
0 0 U -1
1 1 U -1
2 1 U 0
3 0 U -1
4 0 U -1
5 0 L -1
6 0 U 0
7 0 L -1
8 1 L -1
9 1 L 4
10 1 U 0
11 1 U 7
12 1 U -1
13 0 U 8
14 1 L 2
15 0 U 0
16 1 U 3
17 0 L -1
18 1 U -1
19 0 U -1
20 1 U 8
21 0 U 16
22 1 U 1
23 0 U -1
24 0 U 20
25 0 U 5
26 0 U 12
27 1 L 21
28 1 U 17
29 1 L 16
30 0 L 11
31 0 L 20
32 0 L -1
33 1 L 3
34 1 U 15
35 1 L 14
36 1 U 35
37 0 L 30
38 0 U 27
39 1 U -1
40 0 U 18
41 1 L 1
42 0 U 2
43 1 L 31
44 0 U 38
45 1 L 40
46 1 L 45
47 0 L 41
48 0 L 12
49 0 U 20
50 1 L 48
51 1 L 21
52 0 L 35
53 0 L 32
54 1 L 45
55 0 U 46
56 0 L 36
57 0 U 5
58 1 L -1
59 1 U 5
60 0 L 15
61 0 U 34
62 1 L 6
63 0 L 7
64 0 L 63
65 0 L 5
66 1 U 39
67 1 L 65
68 1 U 45
69 1 L 35
70 0 L 62
71 0 U 23
72 0 U 54
73 1 L 0
74 1 L 23
75 1 U 48
76 1 L 60
77 0 U 21
78 0 L 33
79 0 U 66
80 1 L 74
81 0 L 24
82 0 U 79
83
0 0 L -1
1 1 U -1
2 1 U -1
3 0 U -1
4 0 U -1
5 0 L -1
6 0 U 0
7 0 L -1
8 1 L -1
9 1 L 4
10 1 U 0
11 1 U 7
12 1 U -1
13 1 U 8
14 0 L 2
15 0 U 0
16 1 U 3
17 0 L -1
18 1 U -1
19 0 U -1
20 1 U 8
21 0 U 16
22 1 U 1
23 1 U -1
24 0 U 20
25 1 U 5
26 0 U 4
27 1 L 21
28 1 U 17
29 1 L 16
30 0 L 10
31 0 L 19
32 0 L -1
33 1 L 3
34 1 U 15
35 0 L 14
36 1 U 35
37 0 L 30
38 0 U 27
39 1 U -1
40 0 U 18
41 1 L 7
42 0 U 14
43 1 L 31
44 0 U 38
45 1 L 44
46 1 L 45
47 0 L 41
48 0 L 12
49 0 U 20
50 1 L 15
51 1 L 21
52 0 L 35
53 1 L 32
54 1 L 45
55 1 U 46
56 0 L 36
57 0 U 6
58 1 L -1
59 0 U 5
60 0 L 15
61 0 U 34
62 1 L 6
63 0 L 7
64 0 L 63
65 0 L 5
66 1 U 39
67 0 L 65
68 0 U 45
69 1 L 35
70 0 L 62
71 1 U 3
72 0 U 54
73 1 L 0
74 0 L 23
75 1 U 48
76 1 L 60
77 0 U 21
78 1 L 6
79 0 U 66
80 0 L 74
81 0 L 24
82 0 U 79
83
0 0 U -1
1 1 U -1
2 1 U 0
3 0 U -1
4 0 U -1
5 0 L -1
6 0 U 1
7 0 L -1
8 1 L -1
9 1 L 4
10 1 U 0
11 1 U 7
12 1 U -1
13 0 U 8
14 0 L 2
15 0 U 3
16 1 U 3
17 1 L -1
18 0 U -1
19 0 U -1
20 1 U 8
21 0 U 5
22 1 U 1
23 1 U -1
24 0 U 20
25 1 U 5
26 1 U 4
27 1 L 21
28 0 U 11
29 1 L 16
30 0 L 10
31 0 L 19
32 0 L -1
33 1 L 3
34 1 U 26
35 0 L 14
36 1 U 35
37 0 L 30
38 0 U 27
39 1 U -1
40 0 U 18
41 1 L 7
42 0 U 14
43 1 L 31
44 0 U 38
45 1 L 44
46 1 L 45
47 0 L 41
48 0 L 12
49 0 U 20
50 1 L 15
51 0 L 21
52 0 L 35
53 1 L 1
54 1 L 45
55 0 U 46
56 0 L 36
57 0 U 6
58 1 L -1
59 0 U 5
60 0 L 15
61 0 U 34
62 1 L 6
63 0 L 7
64 0 L 63
65 0 L 5
66 0 U 39
67 1 L 65
68 1 U 45
69 1 L 64
70 1 L 62
71 1 L 3
72 0 U 54
73 1 L 0
74 0 L 23
75 1 U 48
76 1 L 21
77 0 U 42
78 0 L 35
79 0 U 66
80 0 L 74
81 0 L 58
82 1 U 79
83
0 0 U -1
1 1 U -1
2 1 U -1
3 0 U -1
4 0 U -1
5 0 L -1
6 0 U 1
7 0 L -1
8 1 L -1
9 1 L 4
10 1 U 0
11 1 U 7
12 1 U -1
13 1 U 8
14 1 L 2
15 0 U 3
16 1 U 3
17 1 L -1
18 0 U -1
19 0 U -1
20 1 U 8
21 0 U 5
22 1 U 19
23 1 U -1
24 0 U 20
25 1 U 5
26 1 U 4
27 1 L 21
28 0 U 11
29 1 L 16
30 0 L 10
31 0 L 19
32 0 L -1
33 1 L 3
34 1 U 26
35 0 L 14
36 1 U 35
37 0 L 30
38 0 U 27
39 1 U -1
40 0 U 18
41 1 L 7
42 0 U 14
43 1 L 31
44 0 U 38
45 1 L 44
46 1 L 45
47 0 L 41
48 0 L 12
49 0 U 20
50 1 L 15
51 1 L 21
52 0 L 35
53 0 L 5
54 1 L 45
55 1 U 46
56 0 L 36
57 0 U 6
58 1 L -1
59 0 U 5
60 0 L 15
61 0 U 34
62 1 L 6
63 0 L 7
64 0 L 63
65 0 L 5
66 0 U 39
67 1 L 65
68 0 U 8
69 1 L 64
70 0 L 62
71 1 L 3
72 0 U 54
73 1 L 7
74 1 L 23
75 1 U 48
76 1 L 21
77 1 U 42
78 1 L 53
79 0 U 66
80 1 L 74
81 0 L 58
82 1 U 79
83
0 0 U -1
1 1 U -1
2 1 U -1
3 0 U -1
4 0 U -1
5 0 L -1
6 0 U 1
7 0 L -1
8 0 L -1
9 1 L 4
10 1 U 1
11 1 U 7
12 1 U -1
13 1 U 9
14 1 L 2
15 0 U 3
16 1 U 3
17 1 L -1
18 0 U -1
19 0 U -1
20 1 U 8
21 0 U 5
22 1 U 19
23 0 U -1
24 0 U 20
25 1 U 5
26 1 U 4
27 1 L 21
28 0 U 11
29 1 L 16
30 0 L 10
31 0 L 19
32 0 L -1
33 1 L 3
34 1 U 26
35 1 L 14
36 1 U 35
37 0 L 30
38 0 U 27
39 1 U -1
40 0 U 18
41 1 L 7
42 0 U 14
43 1 L 31
44 0 U 38
45 1 L 44
46 1 L 45
47 0 L 41
48 0 L 12
49 0 U 27
50 0 L 15
51 0 L 21
52 0 L 35
53 0 L 5
54 1 L 45
55 1 U 46
56 0 L 36
57 0 U 6
58 1 L -1
59 0 U 5
60 1 L 15
61 0 U 34
62 1 L 6
63 0 L 7
64 0 L 63
65 0 L 5
66 0 U 39
67 1 L 65
68 1 U 8
69 1 L 64
70 1 L 28
71 0 L 3
72 0 U 54
73 1 L 7
74 0 L 23
75 0 U 48
76 1 L 21
77 1 U 42
78 0 L 53
79 0 U 66
80 1 L 67
81 0 L 58
82 1 U 79
83
0 0 L -1
1 1 U -1
2 1 U 0
3 0 U -1
4 0 U -1
5 0 L -1
6 0 U 1
7 0 L -1
8 0 L -1
9 1 L 4
10 1 U 1
11 1 U 7
12 1 U -1
13 1 U 9
14 1 L 2
15 0 U 3
16 1 U 3
17 1 L -1
18 0 U -1
19 0 U -1
20 1 U 8
21 0 U 16
22 1 U 19
23 0 U -1
24 0 U 20
25 0 U 5
26 1 U 4
27 1 L 21
28 1 U 11
29 1 L 16
30 0 L 10
31 0 L 19
32 0 L -1
33 1 L 3
34 1 U 26
35 1 L 14
36 1 U 35
37 0 L 30
38 0 U 17
39 1 U -1
40 0 U 18
41 1 L 7
42 0 U 34
43 1 L 31
44 0 U 38
45 0 L 44
46 1 L 45
47 0 L 41
48 0 L 12
49 0 U 27
50 1 L 15
51 0 L 21
52 0 L 35
53 0 L 5
54 1 L 45
55 0 U 46
56 0 L 36
57 0 U 6
58 1 L -1
59 0 U 5
60 0 L 15
61 0 U 34
62 1 L 6
63 0 L 7
64 0 L 63
65 0 L 5
66 0 U 39
67 1 L 65
68 0 U 8
69 1 L 64
70 1 L 28
71 0 L 65
72 0 U 54
73 1 L 7
74 0 L 23
75 0 U 48
76 1 L 21
77 1 U 42
78 1 L 53
79 1 U 66
80 0 L 11
81 0 L 58
82 0 U 79
83
0 0 L -1
1 1 U -1
2 1 U -1
3 0 U -1
4 0 U -1
5 0 L -1
6 0 U 1
7 0 L -1
8 0 L -1
9 1 L 4
10 1 U 1
11 1 U 7
12 1 U -1
13 0 U 9
14 0 L 2
15 1 U 3
16 1 U 3
17 1 L -1
18 0 U -1
19 0 U -1
20 1 U 8
21 0 U 16
22 1 U 19
23 1 U -1
24 0 U 20
25 0 U 5
26 1 U 4
27 1 L 21
28 0 U 11
29 1 L 16
30 0 L 10
31 0 L 19
32 0 L -1
33 1 L 14
34 1 U 26
35 1 L 14
36 1 U 35
37 0 L 30
38 0 U 17
39 1 U -1
40 0 U 18
41 1 L 7
42 0 U 34
43 1 L 31
44 0 U 38
45 1 L 44
46 1 L 45
47 0 L 41
48 0 L 12
49 0 U 27
50 0 L 15
51 0 L 21
52 0 L 35
53 0 L 5
54 1 L 45
55 0 U 46
56 0 L 36
57 0 U 5
58 1 L -1
59 1 U 5
60 0 L 15
61 0 U 10
62 1 L 6
63 0 L 7
64 0 L 63
65 0 L 5
66 0 U 39
67 1 L 65
68 0 U 8
69 1 L 64
70 1 L 28
71 0 L 65
72 0 U 54
73 1 L 7
74 0 L 23
75 0 U 48
76 0 U 41
77 0 U 57
78 1 L 67
79 1 U 66
80 1 L 11
81 0 L 58
82 0 U 79
83
0 0 U -1
1 1 U -1
2 1 U 0
3 0 U -1
4 0 U -1
5 0 L -1
6 0 U 1
7 0 L -1
8 0 L -1
9 1 L 4
10 1 U 0
11 1 U 7
12 1 U -1
13 0 U 9
14 1 L 2
15 1 U 0
16 1 U 3
17 1 L -1
18 1 U -1
19 0 U -1
20 1 U 8
21 0 U 16
22 1 U 19
23 0 U -1
24 0 U 20
25 1 U 22
26 1 U 4
27 1 L 21
28 0 U 11
29 1 L 16
30 0 L 10
31 0 L 19
32 0 L -1
33 1 L 14
34 1 U 26
35 1 L 3
36 1 U 35
37 0 L 30
38 1 U 17
39 1 U -1
40 0 U 23
41 1 L 7
42 0 U 34
43 1 L 31
44 0 U 29
45 1 L 44
46 1 L 45
47 0 L 41
48 0 L 12
49 0 U 27
50 0 L 15
51 1 L 21
52 0 L 35
53 1 L 5
54 1 L 45
55 0 U 46
56 0 L 36
57 0 U 6
58 1 L 8
59 0 U 5
60 0 L 13
61 0 U 14
62 1 L 6
63 0 L 7
64 0 L 63
65 0 L 5
66 0 U 39
67 1 L 65
68 1 U 8
69 1 L 64
70 1 L 28
71 0 L 65
72 0 U 54
73 1 L 7
74 1 L 23
75 0 U 48
76 0 U 41
77 0 U 57
78 1 L 67
79 0 U 66
80 1 L 11
81 0 L 58
82 0 U 41
83
0 0 L -1
1 1 U -1
2 1 U 0
3 0 U -1
4 0 U -1
5 0 L -1
6 0 U 0
7 0 L -1
8 0 L -1
9 1 L 4
10 1 U 0
11 1 U 7
12 1 U -1
13 1 U 9
14 0 L 2
15 0 U 0
16 1 U 3
17 1 L -1
18 0 U -1
19 0 U -1
20 1 U 8
21 0 U 16
22 1 U 18
23 1 U -1
24 0 U 20
25 0 U 22
26 1 U 4
27 0 L 21
28 1 U 11
29 1 L 16
30 0 L 10
31 0 L 19
32 0 L -1
33 1 L 14
34 1 U 18
35 1 L 3
36 1 U 35
37 0 L 30
38 1 U 17
39 1 U -1
40 0 U 23
41 1 L 1
42 0 U 34
43 1 L 31
44 0 U 29
45 1 L 44
46 1 L 45
47 0 L 41
48 0 L 12
49 0 U 27
50 0 L 48
51 0 L 21
52 0 L 35
53 1 L 5
54 1 L 45
55 0 U 46
56 0 L 36
57 0 U 6
58 1 L 8
59 0 U 5
60 0 L 13
61 0 U 14
62 1 L 6
63 0 L 7
64 0 L 63
65 0 L 5
66 0 U 46
67 1 L 65
68 0 U 8
69 1 L 64
70 1 L 28
71 0 L 65
72 0 U 54
73 1 L 7
74 0 L 23
75 0 U 48
76 0 U 25
77 0 U 57
78 1 L 67
79 0 U 40
80 0 L 11
81 0 L 58
82 0 U 41
83
0 0 L -1
1 1 U -1
2 1 U -1
3 0 U -1
4 0 U -1
5 0 L -1
6 0 U 0
7 0 L -1
8 0 L -1
9 1 L 4
10 1 U 0
11 1 U 7
12 1 U -1
13 1 U 8
14 0 L 2
15 0 U 0
16 1 U 3
17 1 L -1
18 0 U -1
19 0 U -1
20 1 U 8
21 0 U 16
22 1 U 18
23 1 U -1
24 0 U 20
25 0 U 22
26 1 U 4
27 1 L 21
28 1 U 11
29 1 L 16
30 0 L 10
31 0 L 19
32 0 L -1
33 1 L 14
34 1 U 18
35 1 L 3
36 1 U 35
37 0 L 30
38 1 U 17
39 1 U -1
40 0 U 23
41 1 L 1
42 0 U 34
43 1 L 31
44 0 U 36
45 1 L 44
46 1 L 45
47 0 L 41
48 1 L 12
49 0 U 27
50 0 L 13
51 0 L 21
52 0 L 35
53 1 L 5
54 1 L 45
55 0 U 46
56 0 L 36
57 0 U 5
58 1 L 8
59 0 U 15
60 0 L 13
61 0 U 14
62 1 L 6
63 0 L 7
64 0 L 63
65 0 L 5
66 0 U 46
67 1 L 65
68 1 U 8
69 1 L 64
70 1 L 28
71 0 L 65
72 0 U 54
73 1 L 7
74 1 L 22
75 0 U 48
76 0 U 25
77 0 U 57
78 1 L 35
79 0 U 40
80 1 L 11
81 0 L 58
82 0 U 61
83
0 0 L -1
1 1 U -1
2 1 U 0
3 0 U -1
4 0 U -1
5 0 L -1
6 0 U 0
7 0 L -1
8 0 L -1
9 1 L 4
10 1 U 0
11 1 U 7
12 1 U -1
13 0 U 8
14 0 L 2
15 1 U 0
16 1 U 3
17 1 L -1
18 0 U -1
19 0 U -1
20 1 U 8
21 0 U 16
22 1 U 18
23 1 U -1
24 0 U 20
25 0 U 22
26 1 U 9
27 1 L 21
28 1 U 11
29 1 L 16
30 0 L 10
31 0 L 19
32 0 L -1
33 1 L 14
34 1 U 18
35 1 L 3
36 1 U 35
37 0 L 30
38 1 U 13
39 1 U -1
40 0 U 23
41 1 L 1
42 0 U 6
43 1 L 31
44 0 U 36
45 1 L 44
46 1 L 45
47 0 L 41
48 1 L 12
49 0 U 27
50 0 L 13
51 0 L 21
52 0 L -1
53 1 L 5
54 1 L 45
55 0 U 46
56 0 L 36
57 0 U 2
58 1 L 8
59 0 U 45
60 1 L 13
61 0 U 14
62 1 L 6
63 0 L 7
64 0 L 63
65 0 L 5
66 0 U 46
67 1 L 65
68 1 U 57
69 1 L 64
70 0 L 28
71 0 L 65
72 0 U 54
73 1 L 7
74 0 L 22
75 1 U 48
76 0 U 25
77 0 U 9
78 1 L 35
79 0 U 40
80 0 L 62
81 0 L 58
82 0 U 61
83
0 0 L -1
1 1 U -1
2 1 U 0
3 0 U -1
4 0 U -1
5 0 L -1
6 0 U 0
7 0 L -1
8 0 L -1
9 1 L 4
10 1 U 0
11 1 U 7
12 1 U -1
13 0 U 8
14 1 L 2
15 1 U 0
16 1 U 3
17 0 L -1
18 0 U -1
19 0 U -1
20 1 U 8
21 0 U 16
22 1 U 18
23 1 U -1
24 0 U 20
25 1 U 22
26 1 U 21
27 1 L 21
28 1 U 11
29 1 L 21
30 0 L 10
31 0 L 19
32 1 U -1
33 1 L 14
34 0 U 18
35 1 L 3
36 1 U 35
37 0 L 30
38 1 U 13
39 1 U -1
40 0 U 23
41 1 L 1
42 1 U 6
43 1 L 31
44 0 U 36
45 1 L 44
46 1 L 45
47 0 L 41
48 1 L 12
49 0 U 27
50 0 L 13
51 0 L 21
52 1 L -1
53 1 L 5
54 1 L 45
55 0 U 46
56 0 L 36
57 0 U 2
58 1 L 8
59 0 U 45
60 1 L 13
61 0 U 14
62 1 L 6
63 0 L 7
64 0 L 63
65 0 L 5
66 0 U 46
67 1 L 65
68 1 U 8
69 0 L -1
70 0 L 35
71 0 L 65
72 0 U 54
73 1 L 7
74 1 L 22
75 1 U 48
76 0 U 25
77 0 U 9
78 0 L 35
79 0 U 40
80 0 L 62
81 0 L 58
82 0 U 9
83
0 0 L -1
1 1 U -1
2 1 U 0
3 0 U -1
4 0 U -1
5 0 L -1
6 0 U 0
7 0 L -1
8 0 L -1
9 1 L 4
10 1 U 0
11 1 U 7
12 1 U -1
13 1 U 8
14 0 L 2
15 0 U 3
16 1 U 3
17 1 L -1
18 0 U -1
19 0 U -1
20 1 U 8
21 0 U 16
22 1 U 18
23 1 U -1
24 0 U 20
25 0 U 22
26 1 U 9
27 1 L 21
28 1 U 11
29 1 L 16
30 0 L 10
31 0 L 19
32 1 U -1
33 1 L 14
34 0 U 32
35 1 L 3
36 1 U 35
37 0 L 30
38 1 U 13
39 1 U -1
40 0 U 23
41 1 L 1
42 0 U 10
43 1 L 31
44 0 U 36
45 1 L 44
46 1 L 45
47 0 L 41
48 1 L 12
49 0 U 27
50 0 L 13
51 1 L 21
52 1 L -1
53 1 L 1
54 1 L 45
55 1 U 39
56 0 L 36
57 0 U 2
58 1 L 8
59 0 U 50
60 1 L 13
61 0 U 14
62 1 L 6
63 0 L 7
64 0 L 63
65 0 L 5
66 0 U 46
67 0 L 65
68 1 U 57
69 0 L -1
70 1 L 35
71 1 L 14
72 0 U 54
73 1 L 7
74 1 L 22
75 1 U 48
76 0 U 25
77 0 U 9
78 1 L 4
79 0 U 40
80 0 L 34
81 0 L 58
82 0 U 9
83
0 0 U -1
1 1 U -1
2 1 U 0
3 0 U -1
4 0 U -1
5 0 L -1
6 0 U 0
7 0 L -1
8 0 L -1
9 1 L 4
10 1 U 3
11 1 U 7
12 1 U -1
13 1 U 9
14 0 L 2
15 0 U 3
16 1 U 3
17 0 L -1
18 0 U -1
19 0 U -1
20 1 U 8
21 0 U 16
22 1 U 18
23 1 U -1
24 0 U 20
25 0 U 22
26 1 U 19
27 1 L 21
28 0 U 11
29 1 L 16
30 0 L 10
31 0 L 19
32 0 U -1
33 1 L 14
34 1 U -1
35 0 L 3
36 1 U 35
37 0 L 30
38 1 U 20
39 1 U -1
40 0 U 23
41 1 L 7
42 0 U 6
43 1 L 31
44 0 U 37
45 1 L 44
46 1 L 45
47 0 L 41
48 1 L 12
49 0 U 27
50 0 L 13
51 0 L 21
52 0 L -1
53 1 L 1
54 1 L 45
55 1 U 39
56 0 L 36
57 0 U 2
58 1 L 8
59 1 U 50
60 1 L 15
61 0 U 14
62 1 L 6
63 0 L 7
64 0 L 63
65 0 L 5
66 0 U 46
67 0 L 65
68 1 U 57
69 0 L -1
70 0 L 35
71 1 L 14
72 0 U 54
73 1 L 7
74 0 L 22
75 1 U 48
76 0 U 33
77 0 U 9
78 1 L 4
79 0 U 40
80 0 U 10
81 0 L 58
82 0 U 9
83
0 0 L -1
1 1 U -1
2 1 U 0
3 0 U -1
4 0 U -1
5 0 L -1
6 0 U 1
7 0 L -1
8 0 L -1
9 1 L 4
10 1 U 3
11 1 U 7
12 1 U -1
13 1 U 9
14 1 L 2
15 1 U 1
16 1 U 3
17 1 L -1
18 0 U -1
19 0 U -1
20 1 U 8
21 0 U 16
22 1 U 18
23 1 U -1
24 0 U 20
25 0 U 22
26 1 U 21
27 1 L 21
28 0 U 11
29 1 L 16
30 0 L 10
31 0 L 19
32 0 U -1
33 1 L 14
34 0 U -1
35 0 L 3
36 1 U 35
37 0 L 30
38 1 U 20
39 1 U -1
40 0 U 23
41 1 L 7
42 0 U 6
43 1 L 31
44 0 U 30
45 1 L 44
46 1 L 45
47 0 L 41
48 1 L 12
49 0 U 27
50 0 L 13
51 0 L 21
52 0 L -1
53 1 L 1
54 1 L 45
55 1 U 32
56 0 L 34
57 0 U 2
58 1 L 8
59 0 U 50
60 1 L 15
61 0 U 14
62 1 L 6
63 0 L 7
64 0 L 63
65 0 L 5
66 0 U 46
67 0 L 63
68 1 U 57
69 1 L -1
70 0 L 35
71 1 L 14
72 0 U 54
73 1 L 7
74 1 L 22
75 1 U 48
76 0 U 14
77 0 U 9
78 1 L 71
79 0 U 55
80 0 L 10
81 0 L 58
82 0 U 9
83
0 0 U -1
1 1 U -1
2 1 U 0
3 0 U -1
4 0 U -1
5 0 L -1
6 0 U 0
7 0 L -1
8 0 L -1
9 1 L 4
10 1 U 0
11 1 U 7
12 1 U -1
13 1 U 9
14 1 L 2
15 1 U 0
16 1 U 3
17 0 L -1
18 0 U -1
19 0 U -1
20 1 U 8
21 0 U 14
22 1 U 18
23 1 U -1
24 1 U 20
25 0 U 22
26 1 U 18
27 1 L 21
28 0 U 11
29 1 L 16
30 0 L 10
31 0 L 19
32 0 U -1
33 1 L 14
34 0 U -1
35 0 L 3
36 1 U 35
37 0 L 30
38 1 U 20
39 1 U -1
40 0 U 23
41 1 L 7
42 1 U 15
43 1 L 31
44 0 U 30
45 1 L 44
46 1 L 45
47 0 L 41
48 1 L 12
49 0 U 27
50 0 L 48
51 1 L 21
52 0 L -1
53 1 L 17
54 1 L 45
55 1 U 32
56 0 L 34
57 0 U 2
58 1 L 8
59 0 U 50
60 1 L 15
61 0 U 14
62 1 L 6
63 0 L 7
64 0 L 63
65 0 L 5
66 0 U 46
67 0 L 33
68 0 U 57
69 0 L -1
70 0 L 35
71 0 L 14
72 0 U 54
73 1 L 7
74 1 L 22
75 1 U 48
76 0 U 55
77 0 U 9
78 0 L 71
79 0 U 55
80 1 L 12
81 0 L 58
82 0 U 9
83
0 0 L -1
1 1 U -1
2 1 U 0
3 0 U -1
4 0 U -1
5 0 L -1
6 0 U 0
7 0 L -1
8 0 L -1
9 1 L 4
10 1 U 0
11 1 U 7
12 1 U -1
13 1 U 9
14 1 L 2
15 0 U 3
16 1 U 3
17 0 L -1
18 0 U -1
19 0 U -1
20 1 U 8
21 0 U 14
22 1 U 18
23 1 U -1
24 0 U 20
25 0 U 22
26 0 U 18
27 1 L 21
28 0 U 11
29 1 L 16
30 0 L 10
31 0 L 19
32 1 U -1
33 1 L 14
34 1 U -1
35 0 L 3
36 1 U 35
37 0 L 30
38 1 U 20
39 1 U -1
40 0 U 23
41 1 L 7
42 0 U 15
43 1 L 31
44 0 U 29
45 1 L 44
46 1 L 45
47 0 L 41
48 1 L 12
49 0 U 27
50 0 L 48
51 1 L 21
52 0 L -1
53 1 L 17
54 1 L 45
55 1 U 32
56 0 L 44
57 0 U 2
58 1 L 8
59 1 U 50
60 1 L 15
61 0 U 14
62 1 L 6
63 0 L 7
64 0 L 63
65 0 L 5
66 0 U 46
67 0 L 33
68 1 U 57
69 0 L -1
70 0 L 63
71 1 L 14
72 0 U 54
73 1 L 7
74 0 L 22
75 1 U 48
76 0 U -1
77 1 U 9
78 0 L 71
79 0 U 55
80 0 L 12
81 0 L 58
82 0 U 9
83
0 0 L -1
1 1 U -1
2 1 U -1
3 0 U -1
4 0 U -1
5 0 L -1
6 0 U 0
7 0 L -1
8 0 L -1
9 1 L 4
10 1 U 3
11 1 U 7
12 1 U -1
13 1 U 9
14 0 L 2
15 1 U 0
16 1 U 3
17 0 L -1
18 0 U -1
19 0 U -1
20 1 U 8
21 0 U 14
22 1 U 18
23 1 U -1
24 0 U 20
25 0 U 22
26 1 U 18
27 1 L 21
28 0 U 11
29 1 L 21
30 0 L 10
31 0 L 19
32 0 U -1
33 1 L 14
34 0 U -1
35 0 L 3
36 1 U 35
37 0 L 30
38 1 U 20
39 1 U -1
40 0 U 23
41 1 L 7
42 0 U 40
43 1 L 31
44 0 U 29
45 1 L 44
46 1 L 45
47 0 L 41
48 1 L 12
49 0 U 27
50 0 L 48
51 0 L 21
52 0 L -1
53 1 L 17
54 1 L 45
55 1 U 32
56 0 L 44
57 0 U 14
58 1 L 8
59 1 U 50
60 1 L 15
61 1 U 55
62 1 L 6
63 0 L 7
64 0 L 63
65 0 L 5
66 0 U 46
67 1 L 33
68 0 U 57
69 0 L -1
70 0 L 63
71 0 L 14
72 0 U 54
73 1 L 69
74 1 L 22
75 1 U 48
76 0 U -1
77 0 U 9
78 0 L 71
79 0 U 55
80 1 L 12
81 0 L 58
82 0 U 9
83
0 0 U -1
1 1 U -1
2 1 U -1
3 0 U -1
4 0 U -1
5 0 L -1
6 0 U 1
7 0 L -1
8 0 L -1
9 1 L 4
10 1 U 3
11 1 U 7
12 1 U -1
13 1 U 9
14 1 L 2
15 1 U 6
16 1 U 1
17 0 L -1
18 0 U -1
19 0 U -1
20 1 U 8
21 0 U 19
22 1 U 1
23 0 U -1
24 0 U 21
25 1 U 22
26 1 U 0
27 1 L 21
28 0 U 11
29 1 L 21
30 0 L 10
31 0 L 19
32 1 U -1
33 1 L 3
34 1 U -1
35 1 L 3
36 1 U 27
37 0 L 30
38 1 U 20
39 1 U -1
40 0 U 26
41 1 L 7
42 1 U 40
43 1 L 31
44 0 U 36
45 1 L 44
46 0 L 45
47 0 L 41
48 1 L 12
49 0 U 27
50 0 L 48
51 1 L 36
52 0 U -1
53 1 L 17
54 1 L 45
55 0 U 32
56 1 L 21
57 0 U 14
58 1 L 8
59 0 U 50
60 1 L 15
61 0 U 55
62 1 L 6
63 0 L 7
64 0 L 63
65 0 L 5
66 0 U 46
67 0 L 33
68 0 U 57
69 1 L -1
70 0 L 63
71 0 L 14
72 0 U 54
73 1 L 7
74 1 L 22
75 1 U 48
76 0 U 32
77 0 U 9
78 0 L 64
79 0 U 6
80 1 L 12
81 0 L 7
82 0 U 9
83
0 0 U -1
1 1 U -1
2 1 U -1
3 0 U -1
4 0 U -1
5 0 L -1
6 0 U 1
7 0 L -1
8 0 L -1
9 1 L 4
10 1 U 3
11 1 U 7
12 1 U -1
13 1 U 9
14 0 L 2
15 1 U 6
16 1 U 12
17 0 L -1
18 0 U -1
19 0 U 4
20 1 U 8
21 0 U 19
22 1 U 1
23 0 U -1
24 0 U 21
25 1 U 22
26 0 U 0
27 1 L 21
28 0 U 11
29 1 L 21
30 0 L 10
31 0 L 19
32 1 U -1
33 1 L 3
34 1 U -1
35 1 L 3
36 1 U 27
37 0 L 30
38 1 U 20
39 1 U -1
40 1 U 26
41 1 L 7
42 1 U 32
43 1 L 31
44 0 U 36
45 1 L 44
46 1 L 45
47 0 L 41
48 1 L 10
49 0 U 35
50 1 L 48
51 0 L 36
52 0 L -1
53 1 L 17
54 1 L 45
55 1 U 32
56 0 L 21
57 0 U 6
58 1 L 8
59 0 U 50
60 0 L 13
61 0 U 55
62 1 L 6
63 0 L 7
64 0 L 47
65 0 L 5
66 0 U 46
67 0 L 33
68 1 U 57
69 0 L -1
70 0 L 63
71 0 L -1
72 0 U 54
73 1 L 7
74 1 L 22
75 1 U 48
76 0 U 61
77 0 U 9
78 1 L 64
79 0 U 6
80 1 L 62
81 0 L 7
82 0 U 9
83
0 0 U -1
1 1 U -1
2 1 U 0
3 0 U -1
4 0 U -1
5 0 L -1
6 0 U 1
7 0 L -1
8 0 L -1
9 1 L 4
10 1 U 3
11 1 U 7
12 1 U -1
13 0 U 9
14 1 L 2
15 1 U 6
16 1 U 12
17 0 L -1
18 0 U -1
19 0 U -1
20 1 U 8
21 0 U 19
22 1 U 18
23 1 U -1
24 0 U 21
25 1 U 22
26 1 U 0
27 1 L 21
28 0 U 11
29 1 L 21
30 0 L 10
31 0 L 19
32 0 U -1
33 1 L 3
34 1 U -1
35 1 L 14
36 1 U 27
37 0 L 30
38 1 U 20
39 1 U -1
40 1 U 26
41 1 L 7
42 1 U 32
43 1 L 31
44 0 U 36
45 1 L 44
46 1 L 45
47 0 L 41
48 1 L 10
49 0 U 35
50 1 L 48
51 0 L 36
52 0 L -1
53 1 L 17
54 1 L 45
55 1 U 32
56 0 L 21
57 0 U 6
58 1 L 8
59 0 U 50
60 0 L 13
61 0 U 5
62 1 L 6
63 1 L 7
64 0 L 47
65 0 L 41
66 0 U 46
67 0 L 33
68 0 U 57
69 0 L 0
70 1 L 63
71 0 L -1
72 0 U 54
73 1 L 1
74 1 L 22
75 1 U 48
76 0 U 34
77 0 U 9
78 0 L 26
79 0 U 6
80 1 L 10
81 0 L -1
82 0 U 9
83
0 0 U -1
1 1 U -1
2 1 U -1
3 0 U -1
4 0 U -1
5 0 L -1
6 0 U 0
7 0 L -1
8 0 L -1
9 1 L 4
10 1 U 3
11 1 U 7
12 1 U -1
13 0 U 9
14 0 L 2
15 1 U 6
16 1 U 12
17 0 L -1
18 0 U -1
19 0 U -1
20 1 U 8
21 0 U 19
22 1 U 12
23 1 U -1
24 0 U 21
25 1 U 22
26 0 U 0
27 0 L 21
28 1 U 11
29 1 L 21
30 0 L 10
31 0 L 19
32 1 U -1
33 1 L 3
34 1 U -1
35 0 L 14
36 1 U 35
37 0 L 30
38 0 U 35
39 1 U -1
40 1 U 26
41 1 L 7
42 1 U 32
43 1 L 31
44 0 U 36
45 0 L 44
46 0 L 45
47 0 L 41
48 1 L 10
49 0 U 35
50 1 L 48
51 1 L 36
52 0 U -1
53 0 L 1
54 1 L 45
55 1 U 32
56 0 L 21
57 0 U 6
58 1 L 8
59 0 U 50
60 1 L 13
61 0 U 5
62 1 L 6
63 0 L 58
64 0 L 47
65 0 L 41
66 0 U 46
67 0 L 33
68 1 U 57
69 0 L 0
70 0 L 63
71 1 L -1
72 0 U 54
73 1 L 1
74 1 L 22
75 1 U 48
76 0 U 26
77 1 U 9
78 0 L 70
79 0 U 6
80 0 L 10
81 0 L -1
82 0 U 9
83
0 0 L -1
1 1 U -1
2 1 U 0
3 0 U -1
4 0 U -1
5 0 L -1
6 0 U 0
7 0 L -1
8 0 L -1
9 1 L 4
10 1 U 3
11 1 U 7
12 1 U -1
13 0 U 9
14 1 L 2
15 1 U 6
16 1 U 12
17 0 L -1
18 0 U -1
19 0 U -1
20 1 U 8
21 0 U 19
22 1 U 18
23 1 U -1
24 1 U 21
25 1 U 22
26 0 U 1
27 0 L 21
28 0 U 11
29 1 L 21
30 0 L 10
31 0 L 19
32 1 U -1
33 1 L 3
34 1 U -1
35 0 L 3
36 1 U 35
37 0 L 30
38 0 U 35
39 1 U -1
40 1 U 26
41 1 L 7
42 0 U 32
43 1 L 31
44 0 U 36
45 0 L 44
46 0 L 45
47 0 L 41
48 1 L 10
49 0 U 35
50 1 L 48
51 1 L 36
52 0 U -1
53 0 L 1
54 1 L 45
55 1 U 32
56 1 L 21
57 0 U 26
58 1 L 8
59 0 U 50
60 0 L 15
61 0 U 5
62 1 L 6
63 0 L 58
64 0 L 63
65 0 L 41
66 0 U 46
67 0 L 33
68 0 U 57
69 0 L 0
70 1 L 63
71 0 L -1
72 0 U 54
73 1 L 1
74 1 L 56
75 1 U 48
76 0 U 46
77 1 U 9
78 0 L 28
79 0 U 6
80 0 L 33
81 0 L -1
82 0 U 9
83
0 0 U -1
1 1 U -1
2 1 U -1
3 0 U -1
4 0 U -1
5 0 L -1
6 0 U 0
7 0 L -1
8 0 L -1
9 1 L 4
10 1 U 1
11 1 U 7
12 1 U -1
13 1 U 9
14 1 L 2
15 1 U 6
16 1 U 12
17 0 L -1
18 0 U -1
19 0 U -1
20 1 U 8
21 0 U 19
22 1 U 18
23 1 U -1
24 1 U 21
25 1 U 22
26 0 U 1
27 0 L 21
28 0 U 11
29 1 L 21
30 0 L 10
31 0 L 19
32 1 U -1
33 1 L 3
34 1 U -1
35 0 L 3
36 1 U 35
37 0 L 30
38 0 U 35
39 1 U -1
40 1 U 26
41 1 L 7
42 1 U 32
43 1 L 31
44 0 U 36
45 0 L 44
46 0 L 45
47 0 L 41
48 1 L 10
49 0 U 35
50 1 L 48
51 1 L 36
52 0 U -1
53 1 L 5
54 1 L 45
55 1 U 32
56 1 L 21
57 0 U 14
58 1 L 8
59 0 U 50
60 0 L 15
61 1 U 5
62 1 L 6
63 0 L 58
64 0 L 63
65 0 L 41
66 0 U 46
67 0 L 33
68 0 U 57
69 0 L 0
70 0 L 63
71 1 L -1
72 0 U 54
73 1 L 1
74 1 L 56
75 1 U 48
76 0 U 46
77 1 L 9
78 0 L 28
79 0 U 6
80 1 L 33
81 0 L -1
82 0 U 9
83
0 0 L -1
1 1 U -1
2 1 U -1
3 0 U -1
4 0 U -1
5 0 L -1
6 0 U 0
7 0 L -1
8 0 L -1
9 1 L 4
10 1 U 0
11 1 U 7
12 1 U -1
13 1 U 9
14 0 L 2
15 1 U 6
16 1 U 12
17 0 L -1
18 0 U -1
19 0 U -1
20 1 U 8
21 0 U 19
22 1 U 18
23 1 U -1
24 0 U 7
25 1 U 22
26 1 U 1
27 0 L 21
28 1 U 11
29 1 L 21
30 0 L 10
31 0 L 19
32 1 U -1
33 1 L 3
34 1 U -1
35 0 L 3
36 1 U 35
37 0 L 30
38 0 U 35
39 1 U -1
40 1 U 26
41 1 L 5
42 0 U 23
43 1 L 31
44 0 U 36
45 0 L 44
46 0 L 45
47 0 L 41
48 1 L 10
49 0 U 35
50 1 L 48
51 1 L 36
52 0 U 14
53 1 L 5
54 1 L 45
55 1 U 32
56 1 L 21
57 0 U 14
58 1 L 8
59 0 U 48
60 1 L 15
61 0 U 5
62 1 L 6
63 1 L 58
64 0 L 63
65 0 L 41
66 0 U 46
67 0 L 33
68 1 U 57
69 0 L 0
70 0 L 63
71 0 L -1
72 0 U 54
73 1 L 1
74 0 L 56
75 1 U 50
76 0 U 46
77 1 L 9
78 0 L 28
79 0 U 6
80 1 L 33
81 0 L -1
82 0 U 9
83
0 0 U -1
1 1 U -1
2 1 U 0
3 0 U -1
4 0 U -1
5 0 L -1
6 0 U 0
7 0 L -1
8 0 L -1
9 1 L 4
10 1 U 1
11 1 U 7
12 1 U -1
13 0 U 9
14 0 L 2
15 1 U 6
16 1 U 12
17 0 L -1
18 0 U -1
19 0 U -1
20 1 U 8
21 0 U 19
22 1 U 0
23 1 U -1
24 0 U 7
25 0 U 22
26 1 U 19
27 1 L 21
28 1 U 11
29 1 L 21
30 0 L 10
31 0 L 19
32 0 U -1
33 1 L 3
34 1 U -1
35 0 L 3
36 1 U 35
37 0 L 30
38 0 U 35
39 1 U -1
40 1 U 26
41 1 L 5
42 1 U 23
43 1 L 31
44 0 U 36
45 0 L 44
46 1 L 45
47 0 L 41
48 1 L 11
49 0 U 35
50 1 L 48
51 1 L 36
52 0 U 5
53 1 L 5
54 1 L 45
55 0 U 34
56 1 L 21
57 0 U 14
58 1 L 8
59 0 U 48
60 1 L 15
61 0 U 5
62 1 L 6
63 1 L 58
64 1 L 63
65 0 L 41
66 0 U 39
67 0 L 33
68 1 U 57
69 0 L 0
70 0 L 63
71 0 L 0
72 0 U 54
73 1 L 1
74 1 L 56
75 1 U 50
76 0 U 23
77 1 L 9
78 1 L 28
79 0 U 6
80 1 L 33
81 0 L -1
82 0 U 9
83
0 0 U -1
1 1 U -1
2 1 U 0
3 0 U -1
4 0 U -1
5 0 L -1
6 0 U 0
7 0 L -1
8 0 L -1
9 1 L 4
10 1 U 3
11 1 U 7
12 1 U -1
13 0 U 9
14 1 L 2
15 1 U 6
16 1 U 12
17 0 L -1
18 0 U -1
19 0 U -1
20 1 U 8
21 0 U 19
22 1 U 0
23 1 U -1
24 0 U 7
25 1 U 22
26 1 U 3
27 1 L 21
28 1 U 11
29 1 L 21
30 0 L 10
31 0 L 19
32 1 U -1
33 1 L 14
34 1 U -1
35 1 L 3
36 1 U 35
37 0 L 30
38 0 U 35
39 1 U -1
40 1 U 26
41 1 L 5
42 0 U 23
43 1 L 31
44 0 U 36
45 0 L 44
46 1 L 45
47 0 L 41
48 1 L 11
49 0 U 35
50 1 L 48
51 1 L 36
52 0 U 5
53 1 L 5
54 1 L 45
55 1 U 34
56 1 L 21
57 0 U 5
58 1 L 8
59 0 U 48
60 1 L 15
61 0 U 5
62 1 L 6
63 1 L 58
64 1 L 63
65 1 L 41
66 0 U 39
67 1 L 33
68 0 U 57
69 0 L 0
70 0 L 63
71 0 L 0
72 0 U 54
73 1 L 1
74 0 L 56
75 1 U 24
76 0 U 23
77 1 L 62
78 0 L 28
79 0 U 6
80 0 L 6
81 0 L -1
82 0 U 9
83
0 0 U -1
1 1 U -1
2 1 U 0
3 0 U -1
4 0 U -1
5 0 L -1
6 0 U 1
7 0 L -1
8 0 L -1
9 1 L 4
10 1 U 3
11 1 U 7
12 1 U -1
13 1 U 9
14 0 L 2
15 1 U 6
16 1 U 1
17 0 L -1
18 0 U -1
19 0 U -1
20 1 U 8
21 0 U 19
22 1 U 12
23 1 U -1
24 0 U 7
25 1 U 22
26 1 U 3
27 1 L 21
28 1 U 11
29 1 L 20
30 0 L 10
31 0 L 19
32 1 U -1
33 1 L 14
34 1 U -1
35 0 L 14
36 1 U 35
37 0 L 30
38 0 U 35
39 1 U -1
40 1 U 26
41 1 L 5
42 1 U 34
43 1 L 31
44 0 U 36
45 0 L 44
46 1 L 45
47 0 L 41
48 1 L 11
49 0 U 35
50 1 L 48
51 1 L 36
52 0 U 6
53 1 L 5
54 1 L 45
55 0 U 34
56 1 L 21
57 0 U 5
58 1 L 8
59 1 U 50
60 1 L 15
61 1 U 5
62 1 L 6
63 1 L 58
64 1 L 63
65 0 L 41
66 0 U 23
67 0 L 33
68 1 U 57
69 0 L -1
70 1 L 53
71 0 L 0
72 0 U 54
73 1 L 1
74 0 L 56
75 0 U 24
76 0 U 23
77 1 L 62
78 1 L 26
79 0 U 66
80 0 L 6
81 0 L -1
82 0 U 9
83
0 0 L -1
1 1 U -1
2 1 U -1
3 0 U -1
4 0 U -1
5 0 L -1
6 0 U 0
7 0 L -1
8 0 L -1
9 1 L 4
10 1 U 3
11 1 U 7
12 1 U -1
13 0 U 8
14 1 L 2
15 0 U 6
16 1 U 1
17 0 L -1
18 0 U -1
19 0 U -1
20 1 U 8
21 0 U 19
22 1 U 12
23 1 U -1
24 0 U 7
25 1 U 22
26 1 U 3
27 1 L 21
28 0 U 11
29 1 L 20
30 0 L 10
31 0 L 19
32 0 U -1
33 1 L 14
34 1 U -1
35 0 L 14
36 1 U 35
37 0 L 30
38 0 U 35
39 1 U -1
40 1 U 26
41 1 L 7
42 0 U 34
43 1 L 31
44 0 U 36
45 0 L 44
46 1 L 45
47 0 L 41
48 1 L 11
49 0 U 35
50 1 L 48
51 1 L 36
52 0 U 6
53 1 L 5
54 1 L 45
55 1 U 34
56 1 L 21
57 0 U 5
58 1 L 8
59 0 U 50
60 1 L 15
61 0 U 5
62 1 L 6
63 1 L 58
64 1 L 63
65 1 L 41
66 0 U 23
67 0 L 33
68 1 U 57
69 0 L -1
70 1 L 53
71 0 L 0
72 0 U 54
73 1 L 1
74 1 L 56
75 0 U 24
76 0 U 23
77 1 L 62
78 1 L 26
79 0 U 66
80 0 L 70
81 0 L -1
82 0 U 9
83
0 0 L -1
1 1 U -1
2 1 U -1
3 0 U -1
4 0 U -1
5 0 L -1
6 0 U 0
7 0 L -1
8 0 L -1
9 1 L 4
10 1 U 3
11 1 U 7
12 1 U -1
13 0 U 8
14 0 L 2
15 1 U 6
16 1 U 1
17 0 L -1
18 0 U -1
19 0 U -1
20 1 U 8
21 0 U 19
22 1 U 12
23 1 U -1
24 0 U 7
25 1 U 22
26 0 U 1
27 1 L 21
28 1 U 11
29 1 L 20
30 0 L 10
31 0 L 19
32 0 U -1
33 1 L 14
34 1 U -1
35 0 L 14
36 1 U 35
37 0 L 30
38 0 U 35
39 1 U -1
40 1 U 26
41 1 L 7
42 1 U 12
43 1 L 31
44 0 U 36
45 0 L 44
46 1 L 45
47 0 L 41
48 1 L 11
49 0 U 35
50 1 L 48
51 1 L 44
52 0 U 6
53 1 L 5
54 1 L 45
55 1 U 34
56 1 L 21
57 0 U 5
58 1 L 8
59 0 U 50
60 1 L 15
61 1 U 5
62 1 L 6
63 1 L 58
64 1 L 63
65 1 L 41
66 0 U 23
67 1 L 33
68 1 U 57
69 0 L -1
70 1 L 53
71 0 L 0
72 0 U 63
73 1 L 1
74 0 L 56
75 0 U 24
76 0 U 2
77 1 L 62
78 0 L 26
79 0 U 66
80 1 L 70
81 0 L -1
82 0 U 9
83
0 0 L -1
1 1 U -1
2 1 U -1
3 0 U -1
4 0 U -1
5 0 L -1
6 0 U 0
7 0 L -1
8 0 L -1
9 1 L 4
10 1 U 1
11 1 U 7
12 1 U -1
13 0 U 8
14 0 L 2
15 1 U 5
16 1 U 1
17 0 L -1
18 0 U -1
19 0 U -1
20 1 U 8
21 0 U 19
22 1 U 12
23 1 U -1
24 0 U 7
25 1 U 22
26 1 U 18
27 1 L 21
28 0 U 11
29 1 L 20
30 0 L 10
31 0 L 19
32 1 U -1
33 1 L 14
34 1 U -1
35 0 L 14
36 1 U 35
37 0 L 30
38 0 U 35
39 1 U -1
40 1 U 26
41 1 L 7
42 1 U 12
43 1 L 31
44 0 U 36
45 0 L 44
46 1 L 45
47 0 L 41
48 1 L 11
49 0 U 35
50 1 L 48
51 1 L 44
52 0 U 6
53 1 L 5
54 1 L 45
55 1 U 34
56 1 L 21
57 0 U 22
58 1 L 8
59 1 U 50
60 1 L 15
61 0 U 5
62 1 L 6
63 1 L 58
64 1 L 63
65 1 L 41
66 0 U 23
67 0 L 33
68 1 U 25
69 0 L -1
70 1 L 53
71 0 L 0
72 0 U 63
73 1 L 1
74 1 L 56
75 0 U 24
76 0 U 48
77 1 L 62
78 1 L 26
79 0 U 66
80 0 L 70
81 0 L -1
82 0 U 9
83
0 0 U -1
1 1 U -1
2 1 U 0
3 0 U -1
4 0 U -1
5 0 L -1
6 0 U 0
7 0 L -1
8 0 L -1
9 1 L 4
10 1 U 1
11 1 U 7
12 1 U -1
13 1 U 8
14 0 L 2
15 0 U 5
16 1 U 3
17 0 L -1
18 0 U -1
19 0 U -1
20 1 U 8
21 0 U 19
22 1 U 12
23 1 U -1
24 0 U 7
25 1 U 22
26 1 U 0
27 1 L 21
28 0 U 8
29 1 L 20
30 0 L 10
31 0 L 19
32 1 U -1
33 1 L 14
34 1 U -1
35 0 L 14
36 1 U 35
37 0 L 30
38 0 U 35
39 1 U -1
40 1 U 26
41 1 L 7
42 1 U 18
43 1 L 31
44 0 U 36
45 0 L 44
46 1 L 45
47 0 L 41
48 1 L 11
49 0 U 27
50 1 L 48
51 1 L 44
52 0 U 6
53 1 L 5
54 1 L 45
55 1 U 34
56 1 L 21
57 0 U 42
58 1 L 8
59 0 U 50
60 1 L 15
61 0 U 5
62 1 L 6
63 1 L 58
64 1 L 63
65 1 L 41
66 0 U 23
67 0 L 33
68 1 U 25
69 0 L -1
70 1 L 53
71 0 L 8
72 0 U 63
73 1 L 1
74 0 L 23
75 0 U 24
76 0 U 48
77 1 L 62
78 0 L 26
79 0 U 66
80 1 L 70
81 0 L -1
82 0 U 79
83
0 0 L -1
1 1 U -1
2 1 U -1
3 0 U -1
4 0 U -1
5 0 L -1
6 0 U 0
7 0 L -1
8 0 L -1
9 1 L 4
10 1 U 1
11 1 U 7
12 1 U -1
13 1 U 8
14 1 L 2
15 0 U 5
16 1 U 3
17 0 L -1
18 0 U -1
19 0 U -1
20 1 U 8
21 0 U 3
22 1 U 12
23 1 U -1
24 0 U 7
25 1 U 22
26 1 U 19
27 1 L 21
28 1 U 8
29 1 L 20
30 0 L 10
31 0 L 19
32 1 U -1
33 1 L 14
34 1 U -1
35 0 L 14
36 1 U 35
37 0 L 30
38 0 U 35
39 1 U -1
40 1 U 10
41 1 L 7
42 1 U 18
43 1 L 31
44 0 U 36
45 0 L 44
46 1 L 45
47 0 L 41
48 1 L 11
49 0 U 27
50 1 L 48
51 1 L 44
52 0 U 6
53 1 L 5
54 1 L 45
55 1 U 34
56 1 L 21
57 0 U 42
58 1 L 8
59 1 U 50
60 1 L 15
61 1 U 5
62 1 L 6
63 1 L 58
64 1 L 63
65 0 L 2
66 0 U 23
67 1 L 33
68 0 U 25
69 0 L -1
70 0 L 53
71 0 L 1
72 0 U 63
73 1 L 31
74 0 L 23
75 0 U 24
76 0 U 48
77 1 L 62
78 1 L 32
79 0 U 66
80 0 L 64
81 1 L -1
82 0 U 79
83
0 0 U -1
1 1 U -1
2 1 U -1
3 0 U -1
4 0 U -1
5 0 L -1
6 0 U 0
7 0 L -1
8 0 L -1
9 1 L 4
10 1 U 1
11 1 U 7
12 1 U -1
13 1 U 8
14 1 L 2
15 0 U 5
16 1 U 3
17 1 L -1
18 0 U -1
19 0 U -1
20 1 U 8
21 0 U 3
22 1 U 12
23 1 U -1
24 0 U 7
25 1 U 22
26 1 U 0
27 1 L 21
28 1 U 8
29 1 L 20
30 0 L 10
31 0 L 19
32 1 U -1
33 1 L 14
34 1 U -1
35 0 L 14
36 1 U 35
37 0 L 30
38 0 U 35
39 1 U -1
40 1 U 10
41 1 L 7
42 1 U 18
43 1 L 31
44 0 U 36
45 0 L 44
46 1 L 45
47 0 L 41
48 1 L 11
49 0 U 27
50 1 L 48
51 1 L 44
52 0 U 6
53 1 L 5
54 1 L 45
55 1 U 34
56 1 L 21
57 0 U 42
58 1 L 8
59 0 U 50
60 1 L 15
61 1 U 5
62 1 L 6
63 1 L 58
64 1 L 63
65 0 L 2
66 0 U 23
67 1 L 33
68 1 U 25
69 0 L -1
70 1 L 63
71 1 L 1
72 0 U 63
73 1 L 31
74 0 L 23
75 0 U 24
76 0 U 6
77 1 L 62
78 1 L 32
79 0 U 66
80 0 L 64
81 0 L -1
82 0 U 79
83
0 0 L -1
1 1 U -1
2 1 U 0
3 0 U -1
4 0 U -1
5 0 L -1
6 0 U 0
7 0 L -1
8 0 L -1
9 1 L 4
10 1 U 1
11 1 U 7
12 1 U -1
13 0 U 8
14 0 L 2
15 0 U 5
16 1 U 12
17 0 L -1
18 0 U -1
19 0 U -1
20 1 U 8
21 0 U 3
22 1 U 12
23 1 U -1
24 0 U 7
25 1 U 22
26 1 U 18
27 1 L 21
28 1 U 8
29 1 L 21
30 0 L 10
31 0 L 19
32 1 U -1
33 1 L 3
34 1 U -1
35 0 L 14
36 1 U 35
37 0 L 30
38 0 U 27
39 1 U -1
40 1 U 10
41 1 L 1
42 0 U 18
43 1 L 31
44 0 U 36
45 0 L 44
46 1 L 45
47 0 L 41
48 1 L 11
49 0 U 27
50 1 L 48
51 1 L 44
52 0 U 14
53 1 L 5
54 1 L 45
55 1 U 34
56 1 L 21
57 0 U 42
58 1 L 8
59 1 U 50
60 1 L 15
61 1 U 5
62 1 L 6
63 1 L 58
64 1 L 63
65 1 L 7
66 0 U 23
67 1 L 33
68 0 U 25
69 0 L -1
70 1 L 63
71 0 L 1
72 0 U 63
73 1 L 31
74 0 L 23
75 0 U 8
76 0 U 6
77 1 L 62
78 0 L 73
79 0 U 66
80 0 L 64
81 1 L -1
82 0 U 9
83
0 0 U -1
1 1 U -1
2 1 U 0
3 0 U -1
4 0 U -1
5 0 L -1
6 0 U 0
7 0 L -1
8 0 L -1
9 1 L 4
10 1 U 1
11 1 U 7
12 1 U -1
13 1 U 8
14 1 L 2
15 0 U 5
16 1 U 12
17 0 L -1
18 0 U -1
19 0 U -1
20 1 U 8
21 0 U 3
22 1 U 12
23 1 U -1
24 0 U 7
25 1 U 22
26 1 U 18
27 1 L 21
28 1 U 8
29 1 L 21
30 0 L 10
31 0 L 19
32 1 U -1
33 1 L 3
34 1 U -1
35 0 L 14
36 1 U 35
37 0 L 30
38 0 U 27
39 1 U -1
40 1 U 10
41 1 L 1
42 0 U 0
43 1 L 31
44 0 U 36
45 0 L 44
46 1 L 45
47 0 L 41
48 1 L 11
49 0 U 27
50 1 L 48
51 1 L 44
52 0 U 14
53 1 L 5
54 1 L 45
55 1 U 34
56 1 L 21
57 0 U 42
58 1 L 8
59 0 U 50
60 1 L 15
61 1 U 5
62 1 L 6
63 1 L 58
64 1 L 63
65 1 L 7
66 0 U 23
67 0 L 33
68 0 U 25
69 0 L -1
70 1 L 63
71 0 L 1
72 0 U 63
73 1 L 31
74 0 L 23
75 0 U 61
76 0 U 6
77 1 L 62
78 0 L 43
79 0 U 66
80 0 L 35
81 1 L -1
82 0 U 15
83
0 0 L -1
1 1 U -1
2 1 U 0
3 0 U -1
4 0 U -1
5 0 L -1
6 0 U 0
7 0 L -1
8 0 L -1
9 1 L 4
10 1 U 1
11 1 U 7
12 1 U -1
13 0 U 8
14 1 L 2
15 0 U 2
16 1 U 12
17 0 L -1
18 0 U -1
19 0 U -1
20 1 U 8
21 0 U 3
22 1 U 12
23 1 U -1
24 0 U 7
25 1 U 22
26 1 U 18
27 1 L 21
28 1 U 8
29 1 L 21
30 0 L 10
31 0 L 19
32 1 U -1
33 1 L 14
34 1 U -1
35 0 L 14
36 1 U 35
37 0 L 30
38 0 U 27
39 1 U -1
40 1 U 10
41 1 L 1
42 0 U 0
43 1 L 31
44 0 U 36
45 0 L 44
46 1 L 45
47 0 L 41
48 1 L 11
49 0 U 27
50 1 L 48
51 1 L 44
52 0 U 14
53 1 L 5
54 1 L 45
55 0 U 34
56 1 L 21
57 0 U 42
58 1 L 8
59 1 U 50
60 1 L 15
61 1 U 5
62 1 L 6
63 1 L 58
64 1 L 63
65 0 L 7
66 0 U 23
67 1 L 33
68 1 U 25
69 1 L -1
70 1 L 63
71 0 L 5
72 0 U 63
73 1 L 31
74 0 L 27
75 1 U 61
76 0 U 22
77 1 L 62
78 0 L 43
79 0 U 66
80 1 L 70
81 0 L -1
82 0 U 41
83
0 0 U -1
1 1 U -1
2 1 U -1
3 0 U -1
4 0 U -1
5 0 L -1
6 0 U 0
7 0 L -1
8 0 L -1
9 1 L 4
10 1 U 0
11 1 U 7
12 1 U -1
13 0 U 8
14 0 L 2
15 0 U 6
16 1 U 0
17 1 L -1
18 0 U -1
19 0 U -1
20 1 U 8
21 0 U 3
22 1 U 12
23 1 U -1
24 0 U 7
25 1 U 22
26 1 U 18
27 1 L 21
28 1 U 8
29 1 L 21
30 0 L 10
31 0 L 19
32 0 U -1
33 1 L 14
34 1 U -1
35 0 L 14
36 1 U 35
37 0 L 30
38 0 U 27
39 1 U -1
40 1 U 10
41 1 L 1
42 0 U 0
43 1 L 31
44 0 U 36
45 0 L 44
46 1 L 45
47 0 L 41
48 1 L 11
49 0 U 27
50 1 L 48
51 1 L 44
52 0 U 21
53 1 L 5
54 1 L 45
55 0 U 34
56 1 L 21
57 0 U 42
58 1 L 8
59 0 U 50
60 1 L 15
61 1 U 55
62 1 L 6
63 1 L 58
64 0 L 63
65 0 L 7
66 0 U 23
67 0 L 33
68 1 U 25
69 0 L -1
70 0 L 63
71 1 L 5
72 0 U 63
73 1 L 31
74 0 L 27
75 1 U 61
76 0 U 4
77 1 L 62
78 1 L 43
79 0 U 66
80 1 L 70
81 0 L -1
82 0 U 41
83
0 0 U -1
1 1 U -1
2 1 U 0
3 0 U -1
4 0 U -1
5 0 L -1
6 0 U 0
7 0 L -1
8 0 L -1
9 1 L 4
10 1 U 0
11 1 U 7
12 1 U -1
13 0 U 8
14 0 L 2
15 0 U 6
16 1 U 0
17 1 L -1
18 0 U -1
19 0 U -1
20 1 U 8
21 0 U 3
22 1 U 12
23 1 U -1
24 0 U 7
25 1 U 22
26 1 U 18
27 1 L 21
28 1 U 8
29 1 L 21
30 0 L 10
31 0 L 19
32 0 U -1
33 1 L 3
34 1 U -1
35 0 L 14
36 1 U 35
37 0 L 30
38 0 U 27
39 1 U -1
40 1 U 10
41 1 L 1
42 0 U 0
43 1 L 31
44 0 U 36
45 0 L 44
46 1 L 45
47 0 L 41
48 1 L 11
49 0 U 27
50 1 L 48
51 1 L 44
52 0 U 14
53 1 L 5
54 1 L 45
55 0 U 34
56 1 L 21
57 0 U 42
58 1 L 8
59 1 U 50
60 1 L 15
61 1 U 55
62 1 L 6
63 1 L 58
64 1 L 63
65 0 L 7
66 0 U 23
67 1 L 33
68 0 U 25
69 1 L -1
70 0 L 63
71 0 L 5
72 0 U 63
73 1 L 31
74 0 L 27
75 0 U 61
76 0 U 4
77 1 L 9
78 1 L 43
79 0 U 66
80 0 L 70
81 0 L -1
82 0 U 41
83
0 0 U -1
1 1 U -1
2 1 U -1
3 0 U -1
4 0 U -1
5 0 L -1
6 0 U 0
7 0 L -1
8 0 L -1
9 1 L 4
10 1 U 1
11 1 U 7
12 1 U -1
13 0 U 8
14 1 L 2
15 0 U 14
16 1 U 3
17 0 L -1
18 0 U -1
19 0 U -1
20 1 U 8
21 0 U 3
22 1 U 12
23 1 U -1
24 0 U 7
25 1 U 22
26 1 U 18
27 1 L 21
28 1 U 8
29 1 L 20
30 0 L 10
31 0 L 19
32 0 U -1
33 1 L 3
34 1 U -1
35 0 L 3
36 1 U 35
37 0 L 30
38 0 U 27
39 1 U -1
40 1 U 10
41 1 L 1
42 0 U 12
43 1 L 31
44 0 U 36
45 0 L 44
46 1 L 45
47 0 L 41
48 1 L 11
49 0 U 27
50 1 L 48
51 1 L 44
52 0 U 14
53 1 L 5
54 1 L 45
55 1 U 34
56 1 L 21
57 0 U 42
58 1 L 8
59 1 U 50
60 1 L 15
61 1 U 16
62 1 L 6
63 1 L 58
64 1 L 63
65 0 L 7
66 0 U 23
67 1 L 33
68 0 U 25
69 1 L -1
70 0 L 63
71 1 L 5
72 0 U 63
73 1 L 31
74 0 L 27
75 1 U 61
76 0 U 61
77 1 L 9
78 1 L 74
79 0 U 66
80 0 L 70
81 0 L -1
82 0 U 41
83
0 0 L -1
1 1 U -1
2 1 U -1
3 0 U -1
4 0 U -1
5 0 L -1
6 0 U 0
7 0 L -1
8 0 L -1
9 1 L 4
10 1 U 1
11 1 U 7
12 1 U -1
13 1 U 8
14 0 L 2
15 1 U 14
16 1 U 3
17 0 L -1
18 0 U -1
19 0 U -1
20 1 U 8
21 0 U 3
22 1 U 12
23 1 U -1
24 0 U 7
25 1 U 22
26 1 U 3
27 1 L 21
28 1 U 8
29 1 L 20
30 0 L 10
31 0 L 19
32 0 U -1
33 1 L 14
34 1 U -1
35 0 L 14
36 1 U 35
37 0 L 30
38 0 U 27
39 1 U -1
40 1 U 10
41 1 L 1
42 0 U 23
43 1 L 31
44 0 U 36
45 0 L 44
46 1 L 45
47 0 L 41
48 1 L 11
49 0 U 27
50 1 L 48
51 1 L 44
52 0 U 14
53 1 L 5
54 1 L 45
55 1 U 34
56 1 L 21
57 0 U 42
58 1 L 8
59 1 U 50
60 1 L 15
61 0 U 16
62 1 L 6
63 1 L 58
64 1 L 63
65 0 L 5
66 0 U 23
67 0 L 33
68 1 U 25
69 0 L -1
70 1 L 63
71 0 L 5
72 0 U 63
73 1 L 31
74 0 L 27
75 1 U 61
76 0 U 39
77 1 L 9
78 1 L 74
79 0 U 66
80 0 L 70
81 0 L -1
82 0 U 41
83
0 0 L -1
1 1 U -1
2 1 U 0
3 0 U -1
4 0 U -1
5 0 L -1
6 0 U 0
7 0 L -1
8 0 L -1
9 1 L 4
10 1 U 1
11 1 U 7
12 1 U -1
13 1 U 8
14 0 L 2
15 0 U 14
16 1 U 0
17 0 L -1
18 0 U -1
19 0 U -1
20 1 U 8
21 0 U 3
22 1 U 12
23 1 U -1
24 0 U 7
25 1 U 22
26 1 U 18
27 1 L 21
28 1 U 8
29 1 L 20
30 0 L 10
31 0 L 19
32 0 U -1
33 1 L 14
34 1 U -1
35 0 L 14
36 1 U 35
37 0 L 30
38 0 U 27
39 1 U -1
40 1 U 10
41 1 L 1
42 0 U 18
43 1 L 31
44 0 U 36
45 0 L 44
46 1 L 45
47 0 L 41
48 1 L 11
49 0 U 27
50 1 L 48
51 1 L 44
52 0 U 14
53 1 L 5
54 1 L 45
55 1 U 34
56 1 L 21
57 0 U 42
58 1 L 8
59 1 U 50
60 1 L 15
61 1 U 16
62 1 L 6
63 1 L 58
64 1 L 63
65 1 L 5
66 0 U 23
67 1 L 33
68 0 U 25
69 1 L -1
70 1 L 63
71 0 L 7
72 0 U 63
73 1 L 31
74 0 L 27
75 1 U 61
76 0 U 39
77 1 L 9
78 0 L 74
79 0 U 66
80 0 L 3
81 0 L -1
82 0 U 41
83
0 0 U -1
1 1 U -1
2 1 U 0
3 0 U -1
4 0 U -1
5 0 L -1
6 0 U 0
7 0 L -1
8 0 L -1
9 1 L 4
10 1 U 1
11 1 U 7
12 1 U -1
13 0 U 8
14 0 L 2
15 1 U 2
16 1 U 0
17 1 L -1
18 0 U -1
19 0 U -1
20 1 U 8
21 0 U 3
22 1 U 18
23 1 U -1
24 0 U 7
25 1 U 22
26 1 U 18
27 1 L 21
28 1 U 8
29 1 L 21
30 0 L 10
31 0 L 19
32 1 U -1
33 1 L 14
34 1 U -1
35 0 L 14
36 1 U 35
37 0 L 30
38 0 U 27
39 1 U -1
40 1 U 10
41 1 L 1
42 1 U 18
43 1 L 31
44 0 U 36
45 0 L 44
46 1 L 45
47 0 L 41
48 1 L 11
49 0 U 27
50 1 L 48
51 1 L 44
52 0 U 14
53 1 L 5
54 1 L 45
55 1 U 39
56 1 L 21
57 0 U 42
58 1 L 8
59 1 U 50
60 1 L 15
61 1 U 5
62 1 L 6
63 1 L 58
64 1 L 63
65 1 L 5
66 0 U 23
67 0 L 33
68 1 U 25
69 1 L -1
70 0 L 63
71 0 L 7
72 0 U 54
73 1 L 31
74 0 L 27
75 0 U 24
76 0 U 6
77 1 L 64
78 0 L 40
79 0 U 66
80 1 L 71
81 0 L -1
82 0 U 9
83
0 0 U -1
1 1 U -1
2 1 U 0
3 0 U -1
4 0 U -1
5 0 L -1
6 0 U 0
7 0 L -1
8 0 L -1
9 1 L 4
10 1 U 1
11 1 U 7
12 1 U -1
13 0 U 8
14 0 L 2
15 0 U 2
16 1 U 0
17 1 L -1
18 0 U -1
19 0 U -1
20 1 U 8
21 0 U 3
22 1 U 18
23 1 U -1
24 0 U 7
25 1 U 22
26 1 U 18
27 1 L 24
28 1 U 8
29 1 L 21
30 0 L 10
31 0 L 19
32 0 U -1
33 1 L 14
34 1 U -1
35 0 L 14
36 1 U 35
37 0 L 30
38 0 U 27
39 1 U -1
40 1 U 10
41 1 L 1
42 0 U 18
43 1 L 31
44 0 U 36
45 0 L 44
46 1 L 45
47 0 L 41
48 1 L 11
49 0 U 27
50 1 L 48
51 1 L 34
52 0 U 14
53 1 L 5
54 1 L 45
55 0 U 39
56 1 L 21
57 0 U 42
58 1 L 8
59 0 U 50
60 1 L 15
61 1 U 5
62 1 L 6
63 1 L 58
64 1 L 63
65 1 L 5
66 0 U 23
67 0 L 33
68 1 U 25
69 0 L -1
70 1 L 63
71 0 L 7
72 0 U 54
73 1 L 31
74 0 L 27
75 0 U 61
76 0 U 6
77 1 L 64
78 1 L 74
79 0 U 66
80 1 L 71
81 0 L -1
82 0 U 9
83
0 0 L -1
1 1 U -1
2 1 U -1
3 0 U -1
4 0 U -1
5 0 L -1
6 0 U 0
7 0 L -1
8 0 L -1
9 1 L 4
10 1 U 1
11 1 U 7
12 1 U -1
13 0 U 8
14 0 L 2
15 0 U 6
16 1 U 1
17 0 L -1
18 0 U -1
19 0 U -1
20 1 U 8
21 0 U 3
22 1 U 18
23 1 U -1
24 0 U 7
25 1 U 22
26 1 U 1
27 1 L 24
28 1 U 8
29 1 L 24
30 0 L 10
31 0 L 19
32 1 U -1
33 1 L 14
34 1 U -1
35 0 L 14
36 1 U 35
37 0 L 30
38 0 U 27
39 1 U -1
40 1 U 10
41 1 L 1
42 0 U 18
43 1 L 31
44 0 U 36
45 0 L 44
46 1 L 45
47 0 L 41
48 1 L 11
49 0 U 27
50 1 L 48
51 1 L 44
52 0 U 14
53 1 L 5
54 1 L 45
55 0 U 39
56 1 L 21
57 0 U 42
58 1 L 8
59 0 U 50
60 1 L 15
61 0 U 5
62 1 L 6
63 1 L 58
64 1 L 63
65 1 L 5
66 0 U 23
67 0 L 33
68 0 U 25
69 0 L -1
70 1 L 63
71 0 L 7
72 0 U 54
73 1 L 31
74 0 L 27
75 0 U 61
76 0 U 48
77 1 L 64
78 1 L 74
79 0 U 16
80 1 L 71
81 0 L -1
82 0 U 9
83
0 0 L -1
1 1 U -1
2 1 U -1
3 0 U -1
4 0 U -1
5 0 L -1
6 0 U 0
7 0 L -1
8 0 L -1
9 1 L 4
10 1 U 1
11 1 U 7
12 1 U -1
13 0 U 8
14 0 L 2
15 0 U 14
16 1 U 1
17 0 L -1
18 0 U -1
19 0 U -1
20 1 U 8
21 0 U 3
22 1 U 18
23 1 U -1
24 0 U 7
25 1 U 22
26 1 U 3
27 1 L 24
28 1 U 8
29 1 L 24
30 0 L 10
31 0 L 19
32 1 U -1
33 1 L 3
34 1 U -1
35 0 L 14
36 1 U 35
37 0 L 30
38 0 U 27
39 1 U -1
40 1 U 10
41 1 L 1
42 0 U 18
43 1 L 31
44 0 U 36
45 0 L 44
46 0 L 45
47 0 L 41
48 1 L 11
49 0 U 27
50 1 L 48
51 1 L 44
52 0 U 14
53 1 L 5
54 1 L 45
55 1 U 23
56 1 L 21
57 0 U 42
58 1 L 8
59 0 U 50
60 1 L 15
61 0 U 5
62 1 L 6
63 1 L 58
64 1 L 63
65 1 L 5
66 0 U 23
67 1 L 33
68 1 U 25
69 0 L -1
70 0 L 63
71 0 L 1
72 0 U 54
73 1 L 31
74 0 L 27
75 1 U 52
76 0 U 57
77 1 L 64
78 1 L 74
79 0 U 16
80 1 L 71
81 1 L -1
82 0 U 9
83
0 0 U -1
1 1 U -1
2 1 U 0
3 0 U -1
4 0 U -1
5 0 L -1
6 0 U 0
7 0 L -1
8 0 L -1
9 1 L 4
10 1 U 1
11 1 U 7
12 1 U -1
13 0 U 8
14 0 L 2
15 0 U 2
16 1 U 1
17 1 L -1
18 0 U -1
19 0 U -1
20 1 U 8
21 0 U 3
22 1 U 18
23 1 U -1
24 0 U 7
25 1 U 22
26 1 U 3
27 1 L 24
28 1 U 8
29 1 L 24
30 0 L 10
31 0 L 19
32 0 U -1
33 1 L 3
34 1 U -1
35 0 L 14
36 1 U 35
37 0 L 30
38 0 U 27
39 1 U -1
40 1 U 26
41 1 L 1
42 0 U 18
43 1 L 31
44 0 U 36
45 0 L 44
46 0 L 45
47 0 L 41
48 1 L 11
49 0 U 27
50 1 L 48
51 1 L 44
52 0 U 14
53 1 L 17
54 1 L 45
55 1 U 23
56 1 L 21
57 0 U 42
58 1 L 8
59 1 U 50
60 1 L 15
61 0 U 5
62 1 L 6
63 1 L 58
64 1 L 63
65 1 L 5
66 0 U 23
67 1 L 33
68 0 U 25
69 0 L -1
70 1 L 63
71 0 L 1
72 0 U 54
73 1 L 31
74 0 L 27
75 1 U 52
76 0 U 15
77 1 L 64
78 0 L 74
79 0 U 22
80 1 L 71
81 0 L -1
82 0 U 9
83
0 0 U -1
1 1 U -1
2 1 U 0
3 0 U -1
4 0 U -1
5 0 L -1
6 0 U 0
7 0 L -1
8 0 L -1
9 1 L 4
10 1 U 0
11 1 U 7
12 1 U -1
13 1 U 8
14 0 L 2
15 0 U 5
16 1 U 1
17 0 L -1
18 0 U -1
19 0 U -1
20 1 U 8
21 0 U 3
22 1 U 18
23 1 U -1
24 0 U 7
25 1 U 22
26 1 U 3
27 1 L 21
28 1 U 8
29 1 L 20
30 0 L 10
31 0 L 19
32 0 U -1
33 1 L 3
34 1 U -1
35 0 L 14
36 1 U 35
37 0 L 30
38 0 U 27
39 1 U -1
40 1 U 26
41 1 L 1
42 0 U 18
43 1 L 31
44 0 U 36
45 0 L 44
46 0 L -1
47 0 L 41
48 1 L 11
49 0 U 27
50 1 L 48
51 1 L 44
52 0 U 14
53 1 L 17
54 1 L 45
55 0 U 23
56 1 L 21
57 0 U 42
58 1 L 8
59 0 U 50
60 1 L 15
61 0 U 5
62 1 L 6
63 1 L 58
64 1 L 63
65 1 L 5
66 0 U 23
67 1 L 33
68 0 U 25
69 0 L 65
70 1 L 63
71 0 L 1
72 0 U 54
73 1 L 31
74 0 L 27
75 1 U 33
76 1 L -1
77 1 L 64
78 1 L 74
79 0 U 22
80 1 L 47
81 0 L -1
82 0 U 9
83
0 0 U -1
1 1 U -1
2 1 U 0
3 0 U -1
4 0 U -1
5 0 L -1
6 0 U 0
7 0 L -1
8 0 L -1
9 1 L 4
10 1 U 0
11 1 U 7
12 1 U -1
13 0 U 8
14 0 L 2
15 0 U 14
16 0 U 12
17 1 L -1
18 0 U -1
19 0 U -1
20 1 U 8
21 0 U 19
22 1 U 18
23 1 U -1
24 0 U 7
25 1 U 22
26 1 U 0
27 1 L 21
28 1 U 8
29 1 L 20
30 0 L 10
31 0 L 19
32 1 U -1
33 1 L 3
34 1 L -1
35 0 L 14
36 1 U 35
37 0 L 30
38 0 U 27
39 1 U -1
40 1 U 26
41 1 L 1
42 0 U 18
43 1 L 31
44 0 U 36
45 0 L 44
46 1 U -1
47 0 L 41
48 1 L 11
49 0 U 27
50 1 L 48
51 1 L 44
52 0 U 14
53 1 L 17
54 1 L 45
55 0 U 23
56 1 L 21
57 0 U 42
58 1 L 8
59 1 U 50
60 1 L 15
61 0 U 5
62 1 L 6
63 1 L 58
64 1 L 63
65 1 L 5
66 0 U 23
67 1 L 33
68 1 U 25
69 0 L 65
70 1 L 63
71 0 L 1
72 0 U 54
73 1 L 31
74 0 L 56
75 1 U 33
76 0 L -1
77 1 L 64
78 0 U 32
79 0 U 22
80 1 L 63
81 0 U -1
82 0 U 9
83
0 0 L -1
1 1 U -1
2 1 U 0
3 0 U -1
4 0 U -1
5 0 L -1
6 0 U 0
7 0 L -1
8 0 L -1
9 1 L 4
10 1 U 1
11 1 U 7
12 1 U -1
13 1 U 8
14 0 L 2
15 1 U 14
16 0 U 0
17 1 L -1
18 0 U -1
19 0 U -1
20 1 U 8
21 0 U 19
22 1 U 18
23 1 U -1
24 0 U 7
25 1 U 22
26 1 U 0
27 1 L 21
28 1 U 8
29 1 L 20
30 0 L 10
31 0 L 19
32 1 U -1
33 1 L 3
34 1 L -1
35 0 L 14
36 1 U 35
37 0 L 30
38 0 U 27
39 1 U -1
40 1 U 26
41 1 L 1
42 0 U 18
43 1 L 31
44 0 U 36
45 0 L 44
46 1 U -1
47 0 L 41
48 1 L 11
49 0 U 27
50 1 L 48
51 1 L 39
52 0 U 14
53 1 L 17
54 1 L 45
55 0 U 23
56 1 L 21
57 0 U 42
58 1 L 8
59 0 U 50
60 1 L 15
61 0 U 5
62 1 L 6
63 1 L 58
64 1 L 63
65 1 L 5
66 0 U 46
67 0 L 33
68 1 U 25
69 0 L 65
70 1 L 63
71 0 L 5
72 0 U 54
73 1 L 31
74 0 L 56
75 1 U 33
76 1 L -1
77 1 L 64
78 0 U 48
79 0 U 22
80 1 L 63
81 0 U -1
82 0 U 9
83
0 0 L -1
1 1 U -1
2 1 U 0
3 0 U -1
4 0 U -1
5 0 L -1
6 0 U 0
7 0 L -1
8 0 L -1
9 1 L 4
10 1 U 1
11 1 U 7
12 1 U -1
13 0 U 8
14 0 L 2
15 0 U 14
16 1 U 0
17 0 L -1
18 0 U -1
19 0 U -1
20 1 U 8
21 0 U 19
22 1 U 18
23 1 U -1
24 0 U 7
25 1 U 22
26 1 U 0
27 1 L 21
28 1 U 8
29 1 L 20
30 0 L 10
31 0 L 19
32 0 U -1
33 1 L 3
34 1 L -1
35 0 L 14
36 1 U 35
37 0 L 30
38 0 U 27
39 1 U -1
40 1 U 26
41 1 L 1
42 0 U 18
43 1 L 31
44 0 U 36
45 0 L 44
46 0 U -1
47 0 L 41
48 1 L 11
49 0 U 35
50 1 L 48
51 1 L 39
52 0 U 42
53 1 L 17
54 1 L 45
55 0 U 23
56 1 L 24
57 0 U 42
58 1 L 8
59 0 U 50
60 1 L 15
61 0 U 14
62 1 L 6
63 1 L 58
64 1 L 63
65 1 L 5
66 0 U 46
67 0 L 33
68 1 U 25
69 0 L 65
70 1 L 63
71 0 L 5
72 0 U 54
73 1 L 31
74 0 L 27
75 0 U 33
76 0 U -1
77 1 L 64
78 0 U 50
79 0 U 66
80 1 L 63
81 0 L -1
82 0 U 9
83
0 0 L -1
1 1 U -1
2 1 U -1
3 0 U -1
4 0 U -1
5 0 L -1
6 0 U 0
7 0 L -1
8 0 L -1
9 1 L 4
10 1 U 1
11 1 U 7
12 1 U -1
13 0 U 8
14 0 L 2
15 0 U 14
16 0 U 12
17 0 L -1
18 0 U -1
19 0 U -1
20 1 U 8
21 0 U 19
22 1 U 18
23 1 U -1
24 0 U 7
25 1 U 22
26 1 U 0
27 1 L 21
28 1 U 8
29 1 L 20
30 0 L 10
31 0 L 19
32 1 U -1
33 1 L 3
34 0 L -1
35 0 L 14
36 1 U 35
37 0 L 30
38 0 U 27
39 1 U -1
40 1 U 26
41 1 L 1
42 0 U 18
43 1 L 31
44 0 U 36
45 0 L 44
46 0 U -1
47 0 L 41
48 1 L 11
49 0 U 35
50 1 L 48
51 1 L 39
52 0 U 42
53 1 L 7
54 1 L 45
55 1 U 23
56 1 L 21
57 0 U 42
58 1 L 8
59 0 U 50
60 1 L 15
61 0 U 14
62 1 L 6
63 1 L 58
64 1 L 63
65 1 L 5
66 0 U 46
67 0 L 33
68 0 U 25
69 0 L 65
70 1 L 63
71 0 L 5
72 0 U 54
73 1 L 31
74 0 L 27
75 0 U 33
76 0 U -1
77 1 L 64
78 0 U 50
79 0 U 66
80 1 L 63
81 1 L -1
82 0 U 9
83
0 0 L -1
1 1 U -1
2 1 U 0
3 0 U -1
4 0 U -1
5 0 L -1
6 0 U 0
7 0 L -1
8 0 L -1
9 1 L 4
10 1 U 0
11 1 U 7
12 1 U -1
13 0 U 8
14 0 L 2
15 0 U 2
16 1 U 0
17 0 L -1
18 0 U -1
19 0 U -1
20 1 U 8
21 0 U 19
22 1 U 18
23 1 U -1
24 0 U 7
25 1 U 22
26 1 U 0
27 1 L 24
28 1 U 8
29 1 L 20
30 0 L 10
31 0 L 19
32 1 U -1
33 1 L 3
34 0 L -1
35 0 L 14
36 1 U 35
37 0 L 30
38 0 U 27
39 1 U -1
40 1 U 10
41 1 L 1
42 0 U 18
43 1 L 31
44 0 U 36
45 0 L 44
46 0 U -1
47 0 L 41
48 1 L 11
49 0 U 35
50 1 L 48
51 1 L 39
52 0 U 42
53 1 L 7
54 1 L 45
55 1 U 23
56 1 L 21
57 0 U 42
58 1 L 8
59 0 U 50
60 1 L 15
61 1 U 55
62 1 L 6
63 1 L 58
64 1 L 63
65 1 L 5
66 0 U 23
67 1 L 33
68 0 U 40
69 0 L 65
70 1 L 63
71 0 L 1
72 0 U 54
73 1 L 32
74 0 L 27
75 0 U 61
76 1 U -1
77 1 L 64
78 0 U 45
79 0 U 66
80 1 L 53
81 0 L -1
82 0 U 9
83
0 0 L -1
1 1 U -1
2 1 U 0
3 0 U -1
4 0 U -1
5 0 L -1
6 0 U 0
7 0 L -1
8 0 L -1
9 1 L 4
10 1 U 0
11 1 U 7
12 1 U -1
13 1 U 8
14 0 L 2
15 0 U 5
16 1 U 0
17 1 L -1
18 0 U -1
19 0 U -1
20 1 U 8
21 1 U 19
22 1 U 18
23 1 U -1
24 0 U 21
25 1 U 22
26 1 U 3
27 1 L 24
28 1 U 11
29 1 L 20
30 0 L 10
31 0 L 19
32 1 U -1
33 1 L 3
34 0 L -1
35 0 L 14
36 1 U 35
37 0 L 30
38 0 U 27
39 1 U -1
40 1 U 10
41 1 L 1
42 0 U 18
43 1 L 31
44 0 U 36
45 0 L 44
46 1 U -1
47 0 L 41
48 1 L 10
49 0 U 35
50 1 L 48
51 1 L 39
52 0 U 42
53 1 L 7
54 1 L 45
55 0 U 23
56 1 L 24
57 0 U 42
58 1 L 8
59 0 U 50
60 1 L 15
61 0 U 55
62 1 L 6
63 1 L 58
64 1 L 63
65 1 L 5
66 0 U 23
67 0 L 33
68 0 U 40
69 0 L 65
70 1 L 63
71 0 L 10
72 0 U 54
73 1 L 32
74 1 L 27
75 0 U 61
76 1 L 0
77 1 L 4
78 0 U 45
79 0 U 66
80 1 L 53
81 0 U -1
82 0 U 9
83
0 0 U -1
1 1 U -1
2 1 U -1
3 0 U -1
4 0 U -1
5 0 L -1
6 0 U 0
7 0 L -1
8 0 L -1
9 1 L 4
10 1 U 0
11 1 U 7
12 1 U -1
13 1 U 8
14 0 L 2
15 1 U 5
16 1 U 0
17 0 L -1
18 0 U -1
19 0 U -1
20 1 U 9
21 0 U 19
22 1 U 18
23 1 U -1
24 0 U 21
25 1 U 16
26 1 U 19
27 1 L 24
28 0 U 11
29 1 L 20
30 0 L 10
31 0 L 19
32 1 U -1
33 1 L 3
34 0 L -1
35 0 L 14
36 1 U 35
37 0 L 30
38 0 U 27
39 1 U -1
40 1 U 10
41 1 L 1
42 0 U 23
43 1 L 31
44 0 U 36
45 0 L 44
46 0 U -1
47 0 L 41
48 1 L 10
49 0 U 35
50 1 L 48
51 1 L 39
52 0 U 42
53 1 L 7
54 1 L 45
55 1 U 23
56 1 L 21
57 0 U 42
58 1 L 8
59 0 U 50
60 1 L 15
61 1 U 55
62 1 L 6
63 1 L 58
64 1 L 63
65 1 L 5
66 0 U 23
67 0 L 33
68 0 U 40
69 0 L 65
70 1 L 1
71 0 L 10
72 0 U 54
73 1 L 32
74 0 L 27
75 1 U 61
76 0 L 0
77 1 L 4
78 0 U 45
79 0 U 66
80 0 L 53
81 0 U -1
82 0 U 9
83
0 0 L -1
1 1 U -1
2 1 U -1
3 0 U -1
4 0 U -1
5 0 L -1
6 0 U 0
7 0 L -1
8 0 L -1
9 1 L 4
10 1 U 0
11 1 U 7
12 1 U -1
13 1 U 8
14 0 L 2
15 0 U 5
16 1 U 0
17 0 L -1
18 0 U -1
19 0 U -1
20 1 U 9
21 0 U 19
22 1 U 18
23 1 U -1
24 0 U 21
25 1 U 16
26 1 U 19
27 1 L 24
28 1 U 11
29 1 L 20
30 0 L 10
31 0 L 19
32 1 U -1
33 1 L 3
34 1 L -1
35 0 L 14
36 1 U 35
37 0 L 30
38 0 U 27
39 1 U -1
40 1 U 26
41 1 L 1
42 0 U 23
43 1 L 31
44 0 U 36
45 0 L 44
46 1 U -1
47 0 L 41
48 0 L 10
49 0 U 35
50 1 L 48
51 1 L 39
52 0 U 21
53 1 L 7
54 1 L 45
55 1 U 23
56 1 L 21
57 0 U 42
58 1 L 8
59 0 U 50
60 1 L 15
61 1 U 55
62 1 L 6
63 1 L 58
64 1 L 63
65 1 L 5
66 0 U 32
67 0 L 33
68 0 U 25
69 1 L 65
70 1 L 1
71 0 L 10
72 0 U 54
73 1 L 32
74 0 L 27
75 1 U 61
76 0 L 0
77 1 L 4
78 0 U 45
79 0 U 66
80 1 L 53
81 0 U -1
82 0 U 9
83
0 0 L -1
1 1 U -1
2 1 U -1
3 0 U -1
4 0 U -1
5 0 L -1
6 0 U 0
7 0 L -1
8 0 L -1
9 1 L 4
10 1 U 1
11 1 U 7
12 1 U -1
13 1 U 8
14 1 L 2
15 1 U 5
16 1 U 3
17 1 L -1
18 0 U -1
19 0 U -1
20 1 U 9
21 0 U 19
22 1 U 18
23 1 U -1
24 0 U 21
25 1 U 22
26 1 U 0
27 1 L 24
28 1 U 11
29 1 L 21
30 0 L 10
31 0 L 19
32 1 U -1
33 1 L 3
34 0 L -1
35 0 L 14
36 1 U 35
37 0 L 30
38 0 U 27
39 1 U -1
40 1 U 21
41 1 L 1
42 0 U 23
43 1 L 31
44 0 U 36
45 0 L 44
46 1 U -1
47 0 L 41
48 1 L 10
49 0 U 35
50 1 L 48
51 1 L 39
52 0 U 6
53 1 L 7
54 1 L 45
55 1 U 23
56 1 L 21
57 0 U 42
58 1 L 8
59 1 U 50
60 1 L 15
61 0 U 16
62 1 L 6
63 1 L 58
64 1 L 63
65 0 L 5
66 0 U 32
67 0 L 33
68 0 U 25
69 1 L 65
70 0 L 1
71 0 L 10
72 0 U 37
73 1 L 32
74 1 L 27
75 1 U 15
76 0 L 0
77 1 L 4
78 0 U 45
79 0 U 66
80 0 L 53
81 0 U -1
82 0 U 9
83
0 0 L -1
1 1 U -1
2 1 U 0
3 0 U -1
4 0 U -1
5 0 L -1
6 0 U 0
7 0 L -1
8 0 L -1
9 1 L 4
10 1 U 0
11 1 U 7
12 1 U -1
13 1 U 8
14 1 L 2
15 0 U 14
16 1 U 3
17 1 L -1
18 0 U -1
19 0 U -1
20 1 U 9
21 0 U 19
22 1 U 18
23 1 U -1
24 0 U 21
25 1 U 22
26 0 U 3
27 1 L 21
28 1 U 11
29 1 L 21
30 0 L 10
31 0 L 19
32 1 U -1
33 1 L 3
34 0 L -1
35 0 L 14
36 1 U 35
37 0 L 30
38 0 U 27
39 1 U -1
40 1 U 21
41 1 L 1
42 0 U 23
43 1 L 31
44 0 U 36
45 0 L 44
46 0 U -1
47 0 L 41
48 1 L 10
49 0 U 35
50 1 L 48
51 1 L 39
52 0 U 6
53 1 L 7
54 1 L 45
55 1 U 23
56 1 L 21
57 0 U 16
58 1 L 8
59 0 U 50
60 1 L 48
61 0 U 16
62 1 L 6
63 1 L 58
64 1 L 63
65 1 L 5
66 0 U 32
67 1 L 33
68 1 U 25
69 1 L 65
70 1 L 1
71 0 L 10
72 0 U 64
73 1 L 32
74 0 L 27
75 0 U 15
76 0 L 0
77 1 L 4
78 0 U 18
79 0 U 66
80 1 L 53
81 0 U -1
82 0 U 9
83
0 0 L -1
1 1 U -1
2 1 U -1
3 0 U -1
4 0 U -1
5 0 L -1
6 0 U 0
7 0 L -1
8 0 L -1
9 1 L 4
10 1 U 0
11 1 U 7
12 1 U -1
13 0 U 8
14 1 L 2
15 0 U 14
16 1 U 3
17 0 L -1
18 0 U -1
19 0 U -1
20 1 U 9
21 0 U 19
22 1 U 18
23 1 U -1
24 0 U 21
25 1 U 22
26 0 U 1
27 1 L 21
28 0 U 11
29 1 L 21
30 0 L 10
31 0 L 19
32 1 U -1
33 1 L 3
34 0 L -1
35 0 L 14
36 1 U 35
37 0 L 30
38 0 U 27
39 1 U -1
40 1 U 21
41 1 L 5
42 0 U 23
43 1 L 31
44 0 U 36
45 0 L 44
46 0 U -1
47 0 L 41
48 1 L 10
49 0 U 35
50 1 L 48
51 1 L 39
52 0 U 6
53 1 L 7
54 1 L 45
55 1 U 23
56 1 L 21
57 0 U 22
58 1 L 8
59 0 U 50
60 1 L 15
61 1 U 6
62 1 L 6
63 1 L 58
64 1 L 63
65 0 L 7
66 0 U 32
67 0 L 33
68 0 U 25
69 1 L 65
70 1 L 1
71 0 L 62
72 0 U 64
73 1 L 32
74 0 L 27
75 1 U 61
76 0 L 0
77 1 L 33
78 0 U 39
79 0 U 66
80 1 L 63
81 0 U -1
82 0 U 9
83
0 0 U -1
1 1 U -1
2 1 U 0
3 0 U -1
4 0 U -1
5 0 L -1
6 0 U 0
7 0 L -1
8 0 L -1
9 1 L 4
10 1 U 1
11 1 U 7
12 1 U -1
13 0 U 8
14 0 L 2
15 0 U 14
16 1 U 3
17 1 L -1
18 0 U -1
19 0 U -1
20 1 U 9
21 0 U 19
22 1 U 18
23 1 U -1
24 0 U 21
25 1 U 22
26 0 U 1
27 1 L 21
28 1 U 11
29 1 L 20
30 0 L 10
31 0 L 19
32 0 U -1
33 1 L 3
34 0 L -1
35 0 L 14
36 1 U 35
37 0 L 30
38 0 U 27
39 1 U -1
40 1 U 14
41 1 L 5
42 0 U 23
43 1 L 31
44 0 U 36
45 0 L 44
46 0 U -1
47 0 L 41
48 0 L 10
49 0 U 35
50 1 L 16
51 1 L 39
52 0 U 26
53 1 L 7
54 1 L 45
55 1 U 23
56 1 L 21
57 0 U 42
58 1 L 8
59 0 U 50
60 1 L 15
61 1 U 16
62 1 L 6
63 1 L 58
64 1 L 63
65 1 L 7
66 0 U 32
67 1 L 33
68 1 U 25
69 0 L 65
70 1 L 1
71 0 L 62
72 0 U 37
73 1 L 32
74 1 L 27
75 0 U 61
76 0 L 0
77 1 L 33
78 0 U 44
79 0 U 66
80 1 L 63
81 0 U -1
82 0 U 79
83
0 0 L -1
1 1 U -1
2 1 U 0
3 0 U -1
4 0 U -1
5 0 L -1
6 0 U 0
7 0 L -1
8 0 L -1
9 1 L 4
10 1 U 3
11 1 U 7
12 1 U -1
13 0 U 8
14 0 L 2
15 0 U 14
16 1 U 3
17 0 L -1
18 0 U -1
19 0 U -1
20 1 U 9
21 0 U 19
22 1 U 18
23 1 U -1
24 0 U 21
25 1 U 22
26 0 U 12
27 1 L 21
28 1 U 11
29 1 L 21
30 0 L 10
31 0 L 19
32 0 U -1
33 1 L 3
34 1 L -1
35 0 L 14
36 1 U 35
37 0 L 30
38 0 U 27
39 1 U -1
40 1 U 14
41 0 L 17
42 0 U 23
43 1 L 31
44 0 U 36
45 0 L 44
46 1 U -1
47 0 L 41
48 0 L 12
49 0 U 35
50 1 L 16
51 1 L 39
52 0 U 26
53 1 L 7
54 1 L 45
55 1 U 23
56 1 L 21
57 0 U 6
58 1 L 8
59 0 U 50
60 1 L 15
61 0 U 16
62 1 L 6
63 1 L 58
64 1 L 63
65 0 L 7
66 0 U 32
67 0 L 33
68 0 U 25
69 1 L 65
70 1 L 7
71 0 L 67
72 0 U 37
73 1 L 32
74 1 L 27
75 0 U 61
76 1 L 8
77 1 L 33
78 0 U 44
79 0 U 66
80 1 L 63
81 0 U -1
82 0 U 79
83
0 0 U -1
1 1 U -1
2 1 U 0
3 0 U -1
4 0 U -1
5 0 L -1
6 0 U 0
7 0 L -1
8 0 L -1
9 1 L 4
10 1 U 3
11 1 U 7
12 1 U -1
13 0 U 8
14 0 L 2
15 1 U 14
16 1 U 1
17 0 L -1
18 0 U -1
19 0 U -1
20 1 U 9
21 0 U 19
22 1 U 18
23 1 U -1
24 0 U 21
25 1 U 22
26 0 U 12
27 1 L 21
28 0 U 11
29 1 L 19
30 0 L 10
31 0 L 19
32 0 U -1
33 1 L 3
34 0 L -1
35 0 L 14
36 1 U 35
37 0 L 30
38 0 U 27
39 1 U -1
40 1 U 14
41 0 L 17
42 0 U 23
43 1 L 31
44 0 U 36
45 0 L 44
46 0 U -1
47 0 L 41
48 0 L 12
49 0 U 35
50 1 L 16
51 1 L 39
52 0 U 6
53 1 L 7
54 1 L 45
55 1 U 23
56 1 L 21
57 0 U 6
58 1 L 8
59 0 U 50
60 1 L 15
61 0 U 16
62 1 L 6
63 1 L 58
64 1 L 63
65 0 L 7
66 0 U 32
67 0 L 33
68 0 U 25
69 1 L 65
70 1 L 7
71 0 L 67
72 0 U 54
73 1 L 32
74 1 L 27
75 1 U 61
76 1 L 8
77 1 L 33
78 0 U 44
79 0 U 66
80 1 L 63
81 1 U -1
82 0 U 79
83
0 0 U -1
1 1 U -1
2 1 U -1
3 0 U -1
4 0 U -1
5 0 L -1
6 0 U 0
7 0 L -1
8 0 L -1
9 1 L 4
10 1 U 1
11 1 U 7
12 1 U -1
13 0 U 8
14 0 L 2
15 0 U 5
16 1 U 1
17 0 L -1
18 0 U -1
19 0 U -1
20 1 U 9
21 0 U 19
22 1 U 12
23 1 U -1
24 0 U 21
25 1 U 22
26 1 U 18
27 1 L 21
28 1 U 11
29 1 L 19
30 0 L 10
31 0 L 19
32 1 U -1
33 1 L 3
34 0 L -1
35 0 L 14
36 1 U 35
37 0 L 30
38 0 U 27
39 1 U -1
40 1 U 14
41 1 L 17
42 1 U 23
43 1 L 31
44 0 U 36
45 0 L 44
46 1 L -1
47 0 L 41
48 0 L 12
49 0 U 35
50 1 L 16
51 1 L 39
52 0 U 42
53 1 L 7
54 1 L 45
55 1 U 23
56 1 L 21
57 0 U 6
58 1 L 8
59 0 U 50
60 1 L 15
61 1 U 16
62 1 L 6
63 1 L 58
64 1 L 63
65 0 L 7
66 0 U 32
67 0 L 33
68 0 U 25
69 1 L 65
70 1 L 7
71 0 L 67
72 0 U 54
73 1 L 32
74 1 L 27
75 1 U 57
76 1 L 46
77 1 L 33
78 0 U 44
79 0 U 66
80 1 L 63
81 0 U -1
82 0 U 79
83
0 0 L -1
1 1 U -1
2 1 U 0
3 0 U -1
4 0 U -1
5 0 L -1
6 0 U 0
7 0 L -1
8 0 L -1
9 1 L 4
10 1 U 0
11 1 U 7
12 1 U -1
13 1 U 8
14 0 L 2
15 0 U 6
16 1 U 1
17 0 L -1
18 0 U -1
19 0 U -1
20 1 U 15
21 0 U 19
22 1 U 12
23 1 U -1
24 0 U 21
25 1 U 22
26 1 U 0
27 1 L 21
28 1 U 11
29 1 L 24
30 0 L 10
31 0 L 19
32 0 U -1
33 1 L 3
34 0 L -1
35 0 L 14
36 1 U 35
37 0 L 30
38 0 U 27
39 1 U -1
40 1 U 14
41 1 L 1
42 1 U 23
43 1 L 31
44 0 U 36
45 0 L 44
46 1 L -1
47 0 L 41
48 0 L 12
49 0 U 27
50 1 L 16
51 1 L 39
52 0 U 16
53 1 L 7
54 1 L 45
55 1 U 23
56 1 L 21
57 0 U 6
58 1 L 8
59 0 U 50
60 1 L 15
61 0 U 16
62 1 L 6
63 1 L 58
64 1 L 63
65 0 L 7
66 0 U 32
67 0 L 33
68 0 U 25
69 1 L 65
70 1 L 7
71 0 L 67
72 0 U 54
73 1 L 32
74 1 L 27
75 1 U 57
76 1 L 46
77 1 L 33
78 0 U 44
79 0 U 66
80 1 L 63
81 1 U -1
82 0 U 79
83
0 0 U -1
1 1 U -1
2 1 U -1
3 0 U -1
4 0 U -1
5 0 L -1
6 0 U 0
7 0 L -1
8 0 L -1
9 1 L 4
10 1 U 0
11 1 U 7
12 1 U -1
13 1 U 8
14 1 L 2
15 0 U 6
16 1 U 1
17 0 L -1
18 0 U -1
19 0 U -1
20 1 U 15
21 0 U 19
22 1 U 12
23 1 U -1
24 0 U 21
25 1 U 22
26 0 U 0
27 1 L 21
28 1 U 11
29 1 L 24
30 0 L 10
31 0 L 19
32 1 U -1
33 1 L 3
34 0 L -1
35 0 L 14
36 1 U 35
37 0 L 30
38 0 U 27
39 1 U -1
40 1 U 14
41 1 L 1
42 1 U 23
43 1 L 31
44 0 U 36
45 0 L 44
46 1 L -1
47 0 L 41
48 0 L 12
49 0 U 27
50 1 L 16
51 1 L 39
52 0 L -1
53 1 L 1
54 1 L 45
55 1 U 23
56 1 L 21
57 0 U 6
58 1 L 8
59 0 U 50
60 1 L 15
61 0 U 5
62 1 L 6
63 1 L 58
64 1 L 63
65 0 L 7
66 0 U 32
67 0 L 33
68 1 U 25
69 1 L 65
70 1 L 7
71 0 L 67
72 0 U 54
73 1 L 32
74 1 L 27
75 0 U 57
76 1 L 46
77 1 L 33
78 0 U 44
79 0 U 66
80 0 L 63
81 0 U -1
82 0 U 33
