30
0 0 U -1
1 0 U -1
2 0 U -1
3 0 U -1
4 0 U -1
5 0 U -1
6 0 U -1
7 0 U -1
8 0 U -1
9 0 U -1
10 0 U -1
11 0 U -1
12 0 U -1
13 0 U -1
14 0 U -1
15 0 U -1
16 0 U -1
17 0 U -1
18 0 U -1
19 0 U -1
20 0 U -1
21 0 U -1
22 0 U -1
23 0 U -1
24 0 U -1
25 0 U -1
26 0 U -1
27 0 U -1
28 0 U -1
29 0 U -1
30
0 1 U -1
1 1 U -1
2 0 L -1
3 0 L -1
4 1 U -1
5 0 L -1
6 1 L -1
7 0 L -1
8 0 U 1
9 0 U -1
10 0 U -1
11 0 L 8
12 1 U 10
13 1 U 5
14 0 U 11
15 0 L 1
16 0 L 1
17 0 L 13
18 0 L 17
19 0 U 14
20 0 U 14
21 1 U 8
22 0 L 11
23 1 U -1
24 1 U 21
25 1 U 10
26 1 U 9
27 1 L 6
28 0 U 23
29 0 L 8
30
0 1 L -1
1 1 U -1
2 0 L -1
3 1 U -1
4 0 U 2
5 0 L -1
6 1 L -1
7 0 L -1
8 0 U 1
9 0 U -1
10 0 U -1
11 1 L 8
12 1 U 10
13 1 U 5
14 0 L 6
15 0 L 13
16 1 L 13
17 0 L 13
18 0 L 16
19 0 U 8
20 0 U 12
21 1 U 5
22 1 L 20
23 1 U -1
24 0 U 21
25 0 U 10
26 1 U 12
27 0 U 12
28 0 U 27
29 0 L 4
30
0 1 U -1
1 1 U -1
2 0 L -1
3 1 U -1
4 0 U 2
5 0 L -1
6 1 L -1
7 1 L -1
8 0 U 1
9 0 U -1
10 0 U -1
11 1 L 3
12 1 U 10
13 1 U 5
14 0 U 13
15 0 L 13
16 1 L 13
17 1 L 13
18 0 L 17
19 0 U 8
20 0 U 12
21 1 U 5
22 0 L 18
23 1 U -1
24 1 U 21
25 0 U -1
26 1 U 9
27 1 U 0
28 0 U 2
29 0 L 7
30
0 1 U -1
1 1 U -1
2 0 L -1
3 1 U -1
4 0 U 2
5 0 L -1
6 1 L -1
7 1 L -1
8 0 U 1
9 0 U -1
10 0 U -1
11 1 L 8
12 1 U 10
13 1 U 5
14 1 U 13
15 0 L 13
16 1 L 13
17 1 L 13
18 0 L 3
19 0 U 8
20 0 U 12
21 0 U 5
22 0 L 20
23 1 U -1
24 1 U 13
25 0 U 10
26 1 U 12
27 1 U 9
28 0 U 27
29 0 L 4
30
0 1 U -1
1 1 U -1
2 0 L -1
3 1 U -1
4 0 U 2
5 0 L -1
6 1 L -1
7 1 L -1
8 0 U 1
9 0 U -1
10 0 U -1
11 1 L 8
12 1 U 10
13 1 U 5
14 1 U 13
15 0 L 1
16 1 L 13
17 1 L 13
18 0 L 17
19 0 U 8
20 0 U 12
21 1 U 5
22 0 L 18
23 1 U -1
24 0 U 13
25 0 U 10
26 1 U 12
27 0 U 25
28 0 U 2
29 0 L 7
30
0 1 L -1
1 1 U -1
2 0 L -1
3 1 U -1
4 0 U 2
5 0 L -1
6 1 L -1
7 1 L -1
8 0 U 1
9 0 U -1
10 0 U -1
11 1 L 8
12 1 U 10
13 1 U 5
14 0 U 13
15 0 L 1
16 1 L 13
17 1 L 13
18 0 L 17
19 1 U 8
20 0 U 12
21 1 U 5
22 0 L 20
23 1 U -1
24 1 U 13
25 0 U -1
26 1 U 9
27 1 U 0
28 0 U 2
29 0 L 7
30
0 1 L -1
1 1 U -1
2 0 L -1
3 1 U -1
4 0 U 2
5 0 L -1
6 1 L -1
7 1 L -1
8 0 U 1
9 0 U -1
10 0 U -1
11 1 L 8
12 1 U 10
13 1 U 5
14 1 U 13
15 0 L 13
16 1 L 13
17 1 L 13
18 0 L 17
19 1 U 8
20 0 U 12
21 1 U 5
22 0 L 20
23 1 U -1
24 0 U 13
25 0 U -1
26 1 U 12
27 1 U 9
28 0 U 27
29 0 L 4
30
0 1 L -1
1 1 U -1
2 0 L -1
3 1 U -1
4 0 U 2
5 0 L -1
6 0 L -1
7 0 L -1
8 0 U 1
9 0 U -1
10 0 U -1
11 1 L 3
12 1 U 10
13 1 U 5
14 0 U 13
15 0 L 13
16 1 L 1
17 1 L 1
18 0 L 17
19 1 U 8
20 0 U 12
21 1 U 5
22 1 L 18
23 1 U -1
24 0 U 13
25 0 U 10
26 1 U 9
27 1 U 1
28 0 U 27
29 0 L 7
30
0 1 L -1
1 1 U -1
2 0 L -1
3 1 U -1
4 0 U 2
5 0 L -1
6 0 L -1
7 0 L -1
8 0 U 1
9 0 U -1
10 0 U -1
11 1 L 8
12 1 U 10
13 0 L 2
14 0 L 6
15 0 L 13
16 1 L 7
17 0 L 14
18 0 L 3
19 1 U 8
20 0 U 12
21 1 U 5
22 0 L 18
23 1 U -1
24 1 U 6
25 0 U 10
26 1 U 12
27 1 U 9
28 0 U 27
29 0 L 0
30
0 1 U -1
1 1 U -1
2 0 L -1
3 1 U -1
4 0 U 2
5 0 L -1
6 0 L -1
7 0 L -1
8 0 U 1
9 0 U -1
10 0 U -1
11 1 L 8
12 1 U 10
13 0 L 5
14 1 L 6
15 0 L 13
16 1 L 7
17 0 L 14
18 0 L 3
19 1 U 8
20 0 U 12
21 1 U 5
22 0 L 18
23 1 U -1
24 1 U 14
25 0 U 10
26 1 U 9
27 0 U 1
28 0 U 27
29 0 L 6
30
0 1 L -1
1 1 U -1
2 0 L -1
3 1 U -1
4 0 U 2
5 0 L -1
6 0 L -1
7 0 L -1
8 0 U 1
9 0 U -1
10 0 U -1
11 1 L 8
12 1 U 10
13 0 L 2
14 1 L 6
15 0 L 13
16 1 L 7
17 1 L 14
18 0 L 17
19 1 U 8
20 0 U 12
21 1 U 5
22 0 L 20
23 1 U -1
24 1 U 21
25 0 U -1
26 1 U 9
27 0 U 0
28 0 U 2
29 0 L 4
30
0 1 U -1
1 1 U -1
2 0 L -1
3 1 U -1
4 0 U 2
5 0 L -1
6 0 L -1
7 1 L -1
8 0 U 1
9 0 U -1
10 0 U -1
11 1 L 3
12 1 U 10
13 0 L 2
14 1 L 5
15 0 L 13
16 1 L 7
17 0 L 14
18 0 L 17
19 0 U 8
20 0 U 12
21 1 U 5
22 0 L 18
23 1 U -1
24 1 U 21
25 0 U -1
26 1 U 9
27 1 U 25
28 0 U 27
29 0 L 7
30
0 1 U -1
1 1 U -1
2 0 L -1
3 1 U -1
4 0 U 2
5 0 L -1
6 0 L -1
7 0 L -1
8 0 U 1
9 0 U -1
10 0 U -1
11 1 L 8
12 1 U 10
13 0 L 2
14 1 L 5
15 0 L 13
16 1 L 7
17 0 L 14
18 0 L 17
19 0 U 8
20 0 U 12
21 1 U 5
22 0 L 18
23 1 U -1
24 1 U 21
25 0 U 10
26 1 U 12
27 1 U 25
28 0 U 2
29 0 L 7
30
0 1 L -1
1 1 U -1
2 0 L -1
3 1 U -1
4 0 U 2
5 0 L -1
6 0 L -1
7 0 L -1
8 0 U 1
9 0 U -1
10 0 U -1
11 1 L 3
12 1 U 10
13 0 L 2
14 0 L 6
15 0 L 13
16 1 L 7
17 0 L 14
18 0 L 3
19 0 U 8
20 0 U 12
21 1 U 5
22 0 L 18
23 1 U -1
24 1 U 21
25 0 U -1
26 1 U 9
27 0 U 1
28 0 U 27
29 0 L 6
30
0 1 U -1
1 1 U -1
2 0 L -1
3 1 U -1
4 0 U 2
5 0 L -1
6 0 L -1
7 0 L -1
8 0 U 1
9 0 U -1
10 0 U -1
11 1 L 8
12 1 U 10
13 0 L 2
14 1 L 6
15 0 L 13
16 1 L 7
17 1 L 14
18 0 L 17
19 0 U 8
20 0 U 12
21 1 U 5
22 0 L 20
23 1 U -1
24 1 U 14
25 0 U 10
26 1 U 12
27 0 U 23
28 0 U 27
29 0 L 4
30
0 1 U -1
1 1 U -1
2 0 L -1
3 1 U -1
4 0 U 2
5 0 L -1
6 0 L -1
7 0 L -1
8 0 U 1
9 0 U -1
10 0 U -1
11 1 L 8
12 1 U 10
13 0 L 2
14 0 L 6
15 0 L 13
16 1 L 7
17 0 L 14
18 0 L 8
19 1 U 8
20 0 U 12
21 1 U 5
22 0 L 18
23 1 U -1
24 1 U 21
25 0 U -1
26 1 U 12
27 0 U 25
28 0 U 27
29 0 L 7
30
0 1 U -1
1 1 U -1
2 0 L -1
3 1 U -1
4 0 U 2
5 0 L -1
6 0 L -1
7 0 L -1
8 0 U 1
9 0 U -1
10 0 U -1
11 1 L 8
12 1 U 10
13 0 L 2
14 0 L 6
15 0 L 13
16 1 L 7
17 0 L 14
18 0 L 17
19 1 U 8
20 0 U 12
21 1 U 5
22 0 L 18
23 1 U -1
24 1 U 14
25 0 U -1
26 1 U 9
27 0 U 1
28 0 U 27
29 0 L 4
30
0 1 L -1
1 1 U -1
2 0 L -1
3 1 U -1
4 0 U 2
5 0 L -1
6 0 L -1
7 0 L -1
8 0 U 1
9 0 U -1
10 0 U -1
11 1 L 3
12 1 U 10
13 0 L 2
14 0 L 6
15 0 L 13
16 1 L 7
17 0 L 14
18 0 L 8
19 0 U 8
20 0 U 12
21 1 U 5
22 0 L 18
23 1 U -1
24 1 U 14
25 0 U -1
26 1 U 9
27 1 U 9
28 0 U 27
29 0 L 0
30
0 1 U -1
1 1 U -1
2 0 L -1
3 1 U -1
4 0 U 2
5 0 L -1
6 0 L -1
7 0 L -1
8 0 U 1
9 0 U -1
10 0 U -1
11 1 L 3
12 1 U 10
13 0 L 2
14 0 L 6
15 0 L 13
16 1 L 7
17 0 L 14
18 0 L 17
19 1 U 8
20 0 U 12
21 1 U 5
22 0 L 18
23 1 U -1
24 1 U 6
25 0 U -1
26 1 U 12
27 1 U 9
28 0 U 27
29 0 L 4
30
0 1 L -1
1 1 U -1
2 0 L -1
3 1 U -1
4 0 U 2
5 0 L -1
6 0 L -1
7 0 L -1
8 0 U 1
9 0 U -1
10 0 U -1
11 1 L 8
12 1 U 10
13 0 L 2
14 0 L 6
15 0 L 13
16 1 L 7
17 0 L 14
18 0 L 17
19 0 U 8
20 0 U 12
21 1 U 5
22 0 L 20
23 1 U -1
24 1 U 6
25 0 U 10
26 1 U 12
27 0 U 9
28 0 U 27
29 0 L 0
30
0 1 U -1
1 1 U -1
2 0 L -1
3 1 U -1
4 0 U 2
5 0 L -1
6 0 L -1
7 1 L -1
8 0 U 1
9 0 U -1
10 0 U -1
11 1 L 8
12 1 U 10
13 0 L 2
14 1 L 6
15 0 L 13
16 1 L 7
17 0 L 16
18 0 L 17
19 0 U 8
20 0 U 12
21 1 U 5
22 0 L 18
23 1 U -1
24 1 U 14
25 0 U -1
26 1 U 12
27 0 U 0
28 0 U 27
29 0 L 6
30
0 1 L -1
1 1 U -1
2 0 L -1
3 1 U -1
4 0 U 2
5 0 L -1
6 0 L -1
7 1 L -1
8 0 U 1
9 0 U -1
10 0 U -1
11 1 L 3
12 1 U 10
13 0 L 2
14 0 L 6
15 0 L 13
16 1 L 7
17 0 L 16
18 0 L 17
19 0 U 8
20 0 U 12
21 1 U 5
22 0 L 18
23 1 U -1
24 1 U 21
25 0 U 10
26 1 U 12
27 1 U 12
28 0 U 27
29 0 L 7
30
0 1 U -1
1 1 U -1
2 0 L -1
3 1 U -1
4 0 U 2
5 0 L -1
6 0 L -1
7 0 L -1
8 0 U 1
9 0 U -1
10 0 U -1
11 1 L 3
12 1 U 10
13 0 L 2
14 1 L 6
15 0 L 13
16 1 L 7
17 0 L 14
18 0 L 17
19 1 U 8
20 0 U 12
21 1 U 5
22 0 L 18
23 1 U -1
24 1 U 14
25 0 U -1
26 1 U 12
27 0 U 25
28 0 U 2
29 0 L 4
30
0 1 U -1
1 1 U -1
2 0 L -1
3 1 U -1
4 0 U 2
5 0 L -1
6 0 L -1
7 0 L -1
8 0 U 1
9 0 U -1
10 0 U -1
11 1 L 8
12 1 U 10
13 0 L 2
14 0 L 6
15 0 L 13
16 1 L 7
17 0 L 14
18 0 L 8
19 1 U 8
20 0 U 12
21 1 U 5
22 0 L 20
23 1 U -1
24 1 U 14
25 0 U -1
26 1 U 9
27 0 U 0
28 0 U 2
29 0 L 0
30
0 1 L -1
1 1 U -1
2 0 L -1
3 1 U -1
4 0 U 2
5 0 L -1
6 0 L -1
7 0 L -1
8 0 U 1
9 0 U -1
10 0 U -1
11 1 L 8
12 1 U 10
13 0 L 2
14 1 L 6
15 0 L 13
16 1 L 7
17 0 L 14
18 0 L 17
19 0 U 8
20 0 U 12
21 1 U 5
22 0 L 20
23 1 U -1
24 1 U 21
25 0 U -1
26 1 U 12
27 1 U 1
28 0 U 27
29 0 L 7
30
0 1 L -1
1 1 U -1
2 0 L -1
3 1 U -1
4 0 U 2
5 0 L -1
6 0 L -1
7 0 L -1
8 0 U 1
9 0 U -1
10 0 U -1
11 1 L 8
12 1 U 10
13 0 L 2
14 0 L 6
15 0 L 13
16 1 L 7
17 0 L 14
18 0 L 3
19 0 U 8
20 0 U 12
21 1 U 5
22 0 L 18
23 1 U -1
24 1 U 21
25 0 U 10
26 1 U 12
27 0 U 25
28 0 U 2
29 0 L 0
30
0 1 L -1
1 1 U -1
2 0 L -1
3 1 U -1
4 0 U 2
5 0 L -1
6 0 L -1
7 0 L -1
8 0 U 1
9 0 U -1
10 0 U -1
11 1 L 8
12 1 U 10
13 0 L 2
14 1 L 6
15 0 L 13
16 1 L 7
17 0 L 14
18 0 L 8
19 1 U 8
20 0 U 12
21 1 U 5
22 0 L 20
23 1 U -1
24 1 U 21
25 0 U 10
26 1 U 12
27 0 U 25
28 0 U 2
29 0 L 7
30
0 1 U -1
1 1 U -1
2 0 L -1
3 1 U -1
4 0 U 2
5 0 L -1
6 0 L -1
7 0 L -1
8 0 U 1
9 0 U -1
10 0 U -1
11 1 L 3
12 1 U 10
13 0 L 2
14 1 L 6
15 0 L 13
16 1 L 7
17 0 L 14
18 0 L 3
19 0 U 8
20 0 U 12
21 1 U 5
22 0 L 18
23 1 U -1
24 1 U 21
25 0 U -1
26 1 U 12
27 1 U 25
28 0 U 2
29 0 L 7
30
0 1 L -1
1 1 U -1
2 0 L -1
3 1 U -1
4 0 U 2
5 0 L -1
6 0 L -1
7 0 L -1
8 0 U 1
9 0 U -1
10 0 U -1
11 1 L 8
12 1 U 10
13 0 L 2
14 0 L 6
15 0 L 13
16 1 L 7
17 0 L 14
18 0 L 3
19 1 U 8
20 0 U 12
21 1 U 5
22 0 L 18
23 1 U -1
24 1 U 14
25 0 U -1
26 1 U 12
27 0 U 25
28 0 U 27
29 0 L 0
30
0 1 L -1
1 1 U -1
2 0 L -1
3 1 U -1
4 0 U 2
5 0 L -1
6 0 L -1
7 0 L -1
8 0 U 1
9 0 U -1
10 0 U -1
11 1 L 8
12 1 U 10
13 0 L 2
14 0 L 6
15 0 L 13
16 1 L 7
17 0 L 14
18 0 L 8
19 1 U 8
20 0 U 12
21 1 U 5
22 0 L 20
23 1 U -1
24 1 U 21
25 0 U 10
26 1 U 9
27 1 U 25
28 0 U 2
29 0 L 0
30
0 1 U -1
1 1 U -1
2 0 L -1
3 1 U -1
4 0 U 2
5 0 L -1
6 0 L -1
7 0 L -1
8 0 U 1
9 0 U -1
10 0 U -1
11 1 L 8
12 1 U 10
13 0 L 5
14 1 L 6
15 0 L 13
16 1 L 7
17 0 L 14
18 0 L 8
19 0 U 8
20 0 U 12
21 1 U 5
22 0 L 18
23 1 U -1
24 1 U 21
25 0 U 10
26 1 U 12
27 0 U 23
28 0 U 27
29 0 L 0
30
0 1 L -1
1 1 U -1
2 0 L -1
3 1 U -1
4 0 U 2
5 0 L -1
6 0 L -1
7 0 L -1
8 0 U 1
9 0 U -1
10 0 U -1
11 1 L 3
12 1 U 10
13 0 L 2
14 1 L 6
15 0 L 13
16 1 L 7
17 1 L 14
18 0 L 17
19 1 U 8
20 0 U 12
21 1 U 5
22 0 L 18
23 1 U -1
24 1 U 21
25 0 U -1
26 1 U 9
27 1 U 12
28 0 U 27
29 0 L 0
30
0 1 L -1
1 1 U -1
2 0 L -1
3 1 U -1
4 0 U 2
5 0 L -1
6 0 L -1
7 0 L -1
8 0 U 1
9 0 U -1
10 0 U -1
11 1 L 8
12 1 U 10
13 0 L 5
14 1 L 6
15 0 L 13
16 1 L 7
17 0 L 14
18 0 L 3
19 1 U 8
20 0 U 12
21 1 U 5
22 0 L 18
23 1 U -1
24 1 U 21
25 0 U -1
26 1 U 9
27 0 U 25
28 0 U 27
29 0 L 4
30
0 1 U -1
1 1 U -1
2 0 L -1
3 1 U -1
4 0 U 2
5 0 L -1
6 0 L -1
7 0 L -1
8 0 U 1
9 0 U -1
10 0 U -1
11 1 L 3
12 1 U 10
13 0 L 2
14 0 L 6
15 0 L 13
16 1 L 7
17 0 L 14
18 0 L 8
19 1 U 8
20 0 U 12
21 1 U 5
22 0 L 18
23 1 U -1
24 1 U 14
25 0 U -1
26 1 U 12
27 1 U 1
28 0 U 27
29 0 L 0
30
0 1 U -1
1 1 U -1
2 0 L -1
3 1 U -1
4 0 U 2
5 0 L -1
6 0 L -1
7 0 L -1
8 0 U 1
9 0 U -1
10 0 U -1
11 1 L 8
12 1 U 10
13 0 L 2
14 0 L 6
15 0 L 13
16 1 L 7
17 1 L 14
18 0 L 17
19 0 U 8
20 0 U 12
21 1 U 5
22 0 L 20
23 1 U -1
24 1 U 21
25 0 U -1
26 1 U 9
27 0 U 0
28 0 U 27
29 0 L 6
30
0 1 L -1
1 1 U -1
2 0 L -1
3 1 U -1
4 0 U 2
5 0 L -1
6 0 L -1
7 0 L -1
8 0 U 1
9 0 U -1
10 0 U -1
11 1 L 3
12 1 U 10
13 0 L 5
14 1 L 6
15 0 L 13
16 1 L 7
17 0 L 14
18 0 L 17
19 1 U 8
20 0 U 12
21 1 U 5
22 0 L 18
23 1 U -1
24 1 U 21
25 0 U -1
26 1 U 12
27 1 U 9
28 0 U 27
29 0 L 0
30
0 1 L -1
1 1 U -1
2 0 L -1
3 1 U -1
4 0 U 2
5 0 L -1
6 0 L -1
7 0 L -1
8 0 U 1
9 0 U -1
10 0 U -1
11 1 L 8
12 1 U 10
13 0 L 2
14 0 L 6
15 0 L 13
16 1 L 7
17 0 L 14
18 0 L 3
19 1 U 8
20 0 U 12
21 1 U 5
22 0 L 20
23 1 U -1
24 1 U 14
25 0 U 10
26 1 U 9
27 0 U 12
28 0 U 27
29 0 L 7
30
0 1 L -1
1 1 U -1
2 0 L -1
3 1 U -1
4 0 U 2
5 0 L -1
6 0 L -1
7 0 L -1
8 0 U 1
9 0 U -1
10 0 U -1
11 1 L 8
12 1 U 10
13 0 L 2
14 1 L 6
15 0 L 13
16 1 L 7
17 0 L 14
18 0 L 17
19 0 U 8
20 0 U 12
21 1 U 5
22 0 L 18
23 1 U -1
24 1 U 14
25 0 U 10
26 1 U 9
27 1 U 25
28 0 U 27
29 0 L 0
30
0 1 L -1
1 1 U -1
2 0 L -1
3 1 U -1
4 0 U 2
5 0 L -1
6 0 L -1
7 0 L -1
8 0 U 1
9 0 U -1
10 0 U -1
11 1 L 3
12 1 U 10
13 0 L 5
14 1 L 6
15 0 L 13
16 1 L 7
17 0 L 14
18 0 L 17
19 1 U 8
20 0 U 12
21 1 U 5
22 0 L 18
23 1 U -1
24 1 U 21
25 0 U -1
26 1 U 12
27 0 U 25
28 0 U 27
29 0 L 4
30
0 1 U -1
1 1 U -1
2 0 L -1
3 1 U -1
4 0 U 2
5 0 L -1
6 0 L -1
7 0 L -1
8 0 U 1
9 0 U -1
10 0 U -1
11 1 L 3
12 1 U 10
13 0 L 2
14 0 L 6
15 0 L 13
16 1 L 7
17 1 L 14
18 0 L 17
19 0 U 8
20 0 U 12
21 1 U 5
22 0 L 18
23 1 U -1
24 1 U 14
25 0 U -1
26 1 U 9
27 0 U 0
28 0 U 27
29 0 L 7
30
0 1 U -1
1 1 U -1
2 0 L -1
3 1 U -1
4 0 U 2
5 0 L -1
6 0 L -1
7 0 L -1
8 0 U 1
9 0 U -1
10 0 U -1
11 1 L 8
12 1 U 10
13 0 L 5
14 0 L 6
15 0 L 13
16 1 L 7
17 0 L 14
18 0 L 17
19 1 U 8
20 0 U 12
21 1 U 5
22 0 L 18
23 1 U -1
24 1 U 14
25 0 U 10
26 1 U 12
27 0 U 1
28 0 U 27
29 0 L 7
30
0 1 L -1
1 1 U -1
2 0 L -1
3 1 U -1
4 0 U 2
5 0 L -1
6 0 L -1
7 0 L -1
8 0 U 1
9 0 U -1
10 0 U -1
11 1 L 3
12 1 U 10
13 0 L 2
14 0 L 6
15 0 L 13
16 1 L 7
17 1 L 14
18 0 L 17
19 0 U 8
20 0 U 12
21 1 U 5
22 0 L 18
23 1 U -1
24 1 U 14
25 0 U 10
26 1 U 12
27 1 U 1
28 0 U 27
29 0 L 0
30
0 1 L -1
1 1 U -1
2 0 L -1
3 1 U -1
4 0 U 2
5 0 L -1
6 0 L -1
7 0 L -1
8 0 U 1
9 0 U -1
10 0 U -1
11 1 L 3
12 1 U 10
13 1 L 2
14 1 L 6
15 0 L 13
16 1 L 7
17 0 L 14
18 0 L 8
19 1 U 8
20 0 U 12
21 1 U 5
22 0 L 18
23 1 U -1
24 1 U 21
25 0 U 10
26 1 U 9
27 1 U 25
28 0 U 27
29 0 L 4
30
0 1 U -1
1 1 U -1
2 0 L -1
3 1 U -1
4 0 U 2
5 0 L -1
6 0 L -1
7 0 L -1
8 0 U 1
9 0 U -1
10 0 U -1
11 1 L 8
12 1 U 10
13 0 L 2
14 1 L 6
15 0 L 13
16 1 L 7
17 0 L 14
18 0 L 17
19 1 U 8
20 0 U 12
21 1 U 5
22 0 L 20
23 1 U -1
24 1 U 21
25 0 U -1
26 1 U 9
27 0 U 25
28 0 U 27
29 0 L 0
