79
0 0 U -1
1 0 U -1
2 0 U -1
3 0 U -1
4 0 U -1
5 0 U -1
6 0 U -1
7 0 U -1
8 0 U -1
9 0 U -1
10 0 U -1
11 0 U -1
12 0 U -1
13 0 U -1
14 0 U -1
15 0 U -1
16 0 U -1
17 0 U -1
18 0 U -1
19 0 U -1
20 0 U -1
21 0 U -1
22 0 U -1
23 0 U -1
24 0 U -1
25 0 U -1
26 0 U -1
27 0 U -1
28 0 U -1
29 0 U -1
30 0 U -1
31 0 U -1
32 0 U -1
33 0 U -1
34 0 U -1
35 0 U -1
36 0 U -1
37 0 U -1
38 0 U -1
39 0 U -1
40 0 U -1
41 0 U -1
42 0 U -1
43 0 U -1
44 0 U -1
45 0 U -1
46 0 U -1
47 0 U -1
48 0 U -1
49 0 U -1
50 0 U -1
51 0 U -1
52 0 U -1
53 0 U -1
54 0 U -1
55 0 U -1
56 0 U -1
57 0 U -1
58 0 U -1
59 0 U -1
60 0 U -1
61 0 U -1
62 0 U -1
63 0 U -1
64 0 U -1
65 0 U -1
66 0 U -1
67 0 U -1
68 0 U -1
69 0 U -1
70 0 U -1
71 0 U -1
72 0 U -1
73 0 U -1
74 0 U -1
75 0 U -1
76 0 U -1
77 0 U -1
78 0 U -1
79
0 1 L -1
1 0 L -1
2 1 U -1
3 1 U 0
4 1 U -1
5 0 L 3
6 0 L -1
7 1 U 5
8 0 U 1
9 0 L -1
10 0 L 5
11 0 L 3
12 1 U 8
13 0 L -1
14 1 U 9
15 1 L 6
16 0 U 6
17 1 U -1
18 0 L -1
19 0 L 3
20 1 U -1
21 1 U -1
22 1 U 1
23 0 L 0
24 0 U 12
25 1 U 8
26 0 U -1
27 1 L -1
28 0 U 18
29 0 L -1
30 1 U 17
31 1 U 4
32 1 L 17
33 1 U 3
34 1 L 21
35 0 U 33
36 1 U 26
37 1 U 10
38 0 U 37
39 1 L 4
40 0 L 28
41 1 U 35
42 1 L -1
43 0 L 22
44 1 U 40
45 0 L 26
46 0 L 37
47 0 U -1
48 1 U 23
49 0 L 33
50 0 U -1
51 1 L 5
52 1 U 33
53 0 U 24
54 0 L 47
55 1 L 40
56 0 L 26
57 0 L 30
58 0 U 28
59 1 U 52
60 1 U 31
61 0 U 54
62 1 L 24
63 1 U 58
64 0 U 15
65 0 L 56
66 1 U -1
67 0 U 54
68 1 U -1
69 0 L -1
70 0 L 26
71 1 U 40
72 1 U 67
73 1 U 48
74 1 U 2
75 0 L -1
76 0 U 50
77 1 U 42
78 0 L 74
79
0 1 L -1
1 0 L -1
2 1 U -1
3 1 U 0
4 1 U -1
5 1 L 3
6 0 L -1
7 1 U 5
8 0 U 1
9 0 L -1
10 1 L 4
11 1 L 0
12 1 U 8
13 0 L -1
14 1 U 1
15 0 L 2
16 0 L 15
17 0 U -1
18 0 L -1
19 0 L 2
20 1 U -1
21 0 U -1
22 1 U 1
23 1 L 6
24 0 U 7
25 0 U 8
26 0 U -1
27 1 L -1
28 1 U 10
29 0 L -1
30 1 U 17
31 1 U 26
32 1 L 7
33 1 U 3
34 0 U 28
35 0 U 33
36 0 U 6
37 1 U 18
38 0 U 37
39 1 L 4
40 0 L 28
41 1 U 35
42 0 L -1
43 1 L 22
44 0 U 19
45 0 L 21
46 1 L 37
47 0 U -1
48 0 U 23
49 0 L 30
50 1 U 4
51 1 L 5
52 1 U 33
53 0 U 24
54 0 L 47
55 0 L 40
56 0 L 14
57 0 L 17
58 1 U 28
59 0 U 52
60 1 U 36
61 0 L 33
62 0 U 56
63 1 L 41
64 0 U 49
65 0 L 56
66 1 U 15
67 1 L 54
68 1 U -1
69 0 L 9
70 1 L 47
71 0 U 59
72 0 L 71
73 1 L 26
74 1 U 68
75 1 U -1
76 0 U 50
77 1 U 48
78 1 L 77
79
0 1 U -1
1 0 L -1
2 1 U -1
3 1 U 0
4 1 U -1
5 1 L 0
6 0 L -1
7 1 U 5
8 1 U 1
9 1 L -1
10 1 L 4
11 0 L 9
12 1 U 8
13 0 L -1
14 0 U 6
15 0 L 2
16 0 L 15
17 0 U -1
18 0 L 17
19 0 L 2
20 1 U -1
21 0 U -1
22 1 U 1
23 1 L 6
24 0 U 7
25 0 U 12
26 0 U -1
27 0 L -1
28 1 U 10
29 0 L -1
30 1 U 17
31 1 U 30
32 1 L 7
33 1 U 3
34 0 U 29
35 0 U 33
36 0 U 6
37 1 U 18
38 0 U 37
39 1 L 4
40 1 L 28
41 1 U 35
42 0 L -1
43 1 L 37
44 0 U 40
45 0 L 21
46 1 L 37
47 1 U -1
48 0 U 23
49 0 U 30
50 0 U 4
51 1 L 5
52 1 U 22
53 1 U 24
54 0 L 47
55 1 L 40
56 1 L 14
57 0 L 12
58 1 U 15
59 0 U 52
60 1 U 36
61 1 L 33
62 1 L 39
63 1 L 58
64 0 U 43
65 1 L 56
66 1 U 61
67 1 L 54
68 1 U -1
69 1 L 9
70 1 L 46
71 0 U 39
72 1 L 69
73 0 U 68
74 0 L 68
75 1 U -1
76 0 U 50
77 0 U 59
78 1 L 35
79
0 1 L -1
1 0 L -1
2 1 U -1
3 1 U 0
4 1 U -1
5 1 L 3
6 0 L -1
7 1 U 5
8 1 U 6
9 0 L -1
10 1 L 2
11 1 U 2
12 1 U 8
13 0 L -1
14 1 U 6
15 0 L 2
16 0 L 15
17 0 U -1
18 0 L 16
19 0 L 6
20 1 U -1
21 0 U -1
22 1 U 6
23 1 L 6
24 0 U 14
25 0 L 9
26 0 U -1
27 1 L -1
28 0 U 18
29 0 L -1
30 1 U 20
31 1 U 5
32 1 L 7
33 1 U 3
34 1 U 28
35 1 U 33
36 1 U 22
37 1 U 18
38 1 U 37
39 1 L 4
40 1 L 28
41 1 U 9
42 1 L -1
43 1 L 37
44 0 U 4
45 0 L 21
46 1 L 37
47 0 U -1
48 0 U 23
49 0 U 25
50 0 U 4
51 1 L 5
52 1 U 22
53 0 U 24
54 0 L 47
55 1 L 40
56 0 L 14
57 0 L 12
58 1 U 43
59 1 U 52
60 0 U 21
61 0 L 33
62 0 U 39
63 1 L 58
64 0 U 43
65 0 L 56
66 1 U 61
67 1 L 30
68 1 U -1
69 1 L 9
70 1 L 45
71 0 L 39
72 1 L 21
73 1 U 44
74 1 L 68
75 1 U -1
76 1 U 50
77 1 U 41
78 1 L 70
79
0 1 L -1
1 0 L -1
2 1 U -1
3 1 U 0
4 1 U -1
5 0 L 3
6 0 L -1
7 0 U 1
8 1 U 1
9 0 L -1
10 0 L 2
11 1 U 0
12 1 U 8
13 0 L -1
14 1 U 6
15 0 L 2
16 1 U 10
17 1 U -1
18 0 L 8
19 1 L 6
20 1 U 0
21 0 U -1
22 1 U 6
23 0 L 6
24 1 L 14
25 0 L 1
26 0 U -1
27 0 L -1
28 1 U 18
29 1 L -1
30 1 U 26
31 1 U 0
32 1 L 8
33 1 U 3
34 1 U -1
35 1 U 33
36 1 U 33
37 1 U 18
38 1 U 37
39 1 L 4
40 1 L 20
41 1 L 9
42 1 L -1
43 1 L 37
44 0 U 12
45 1 L 37
46 1 L 36
47 1 U -1
48 1 U 40
49 0 U 25
50 0 U 4
51 1 L 5
52 0 U 22
53 0 L 49
54 1 U 47
55 0 U 23
56 1 U 14
57 0 L 12
58 0 U 43
59 0 L 52
60 0 U 21
61 0 L 33
62 0 U 9
63 1 L 58
64 0 U 37
65 0 L 43
66 1 U 61
67 1 L 65
68 1 U -1
69 0 L 1
70 1 L 26
71 1 L 57
72 1 L 43
73 1 U 36
74 1 L 64
75 1 U -1
76 0 U 50
77 0 U 1
78 1 L 70
79
0 1 L -1
1 0 L -1
2 1 U -1
3 1 U 0
4 1 U -1
5 0 L 0
6 0 L -1
7 0 U 5
8 1 U 5
9 0 L -1
10 0 L 0
11 0 U 2
12 1 U 8
13 0 L -1
14 1 U 6
15 0 L 0
16 1 U 14
17 1 U -1
18 0 L 16
19 1 L 6
20 1 U 0
21 0 U -1
22 1 U 12
23 0 L 6
24 1 L 18
25 0 L 9
26 0 U -1
27 0 L -1
28 1 U 27
29 1 L -1
30 0 U 26
31 1 U 0
32 1 L 8
33 1 U 3
34 1 U -1
35 0 U 33
36 1 U 33
37 1 U 18
38 1 U 27
39 1 L 4
40 0 L 20
41 1 L 9
42 1 L -1
43 1 L 37
44 0 U 12
45 1 L 37
46 0 U 36
47 0 U 0
48 0 U 40
49 0 U 14
50 1 U 4
51 1 L 5
52 0 U 12
53 0 L 49
54 0 L 34
55 1 U 23
56 0 L 38
57 0 L 39
58 1 U 43
59 1 L -1
60 0 U 19
61 1 L 33
62 1 L 42
63 1 L 58
64 0 U 37
65 1 L 43
66 1 U 16
67 1 L 65
68 1 U -1
69 0 L 9
70 1 L 56
71 0 L 14
72 0 L 26
73 0 U 12
74 1 U 19
75 1 U -1
76 1 U 50
77 0 U 3
78 1 L 54
79
0 1 U -1
1 0 L -1
2 1 U -1
3 1 U 0
4 1 U -1
5 1 L 3
6 0 L -1
7 0 U 5
8 1 U 5
9 0 L -1
10 0 L 2
11 0 U 4
12 1 U 8
13 0 L -1
14 1 U 6
15 0 L 2
16 1 U 14
17 1 U -1
18 0 L 8
19 1 L 2
20 1 U 0
21 0 U -1
22 0 U 10
23 0 L 6
24 1 U 20
25 0 L 9
26 0 U -1
27 0 L -1
28 1 U 13
29 1 L -1
30 1 U 26
31 1 U 0
32 1 L 16
33 1 U 11
34 1 U -1
35 1 U 33
36 1 U 24
37 1 U 18
38 1 U 27
39 1 L 4
40 1 L 39
41 1 L 9
42 1 L -1
43 1 L 37
44 0 U 12
45 1 L 14
46 1 U 36
47 1 U 0
48 0 U 40
49 0 L 36
50 1 U 4
51 1 L 5
52 0 U 12
53 0 L 49
54 0 L 34
55 1 U 38
56 1 L 37
57 0 L 51
58 1 U 54
59 1 U -1
60 0 L 32
61 1 L 33
62 0 L 55
63 1 L 58
64 0 U 15
65 0 L 43
66 1 U 16
67 1 L 33
68 0 U -1
69 0 L 29
70 1 L 45
71 0 L 34
72 0 L 26
73 1 U 7
74 1 U 19
75 1 U -1
76 1 U 50
77 1 U 5
78 1 L 54
79
0 1 L -1
1 0 L -1
2 1 U -1
3 1 U 0
4 1 U -1
5 0 L 3
6 0 L -1
7 1 U 5
8 1 U 1
9 0 L -1
10 0 L 2
11 0 U 4
12 1 U 8
13 1 L -1
14 1 U 6
15 0 L 2
16 1 U 14
17 0 U -1
18 1 L 12
19 1 L 0
20 1 U 4
21 1 U -1
22 0 L 10
23 1 L 7
24 1 U 3
25 0 L 9
26 0 U -1
27 0 L -1
28 0 U 24
29 0 L -1
30 1 U 26
31 1 U 4
32 1 L 16
33 1 U 11
34 1 U -1
35 1 U 33
36 1 U 24
37 1 U 18
38 1 U 27
39 1 L 5
40 1 L 39
41 1 L 0
42 1 L -1
43 1 L 37
44 0 U 24
45 1 L 26
46 0 L 36
47 0 L 0
48 0 L 40
49 0 L 31
50 1 U 4
51 1 L 5
52 0 U 12
53 1 U 49
54 0 L 34
55 0 U 38
56 0 U 12
57 0 L 40
58 0 U 54
59 1 U -1
60 0 L 17
61 0 L 45
62 0 U 0
63 0 L 58
64 0 U 15
65 0 L 43
66 1 U 16
67 1 L 49
68 0 U -1
69 1 L -1
70 1 L 32
71 1 L 34
72 1 L 26
73 1 U 7
74 1 U 45
75 1 U -1
76 1 U 50
77 1 U 3
78 1 L 33
79
0 1 L -1
1 0 L -1
2 1 U -1
3 1 U 0
4 1 U -1
5 0 L 3
6 0 L -1
7 1 U 5
8 1 U 5
9 0 L -1
10 0 L 2
11 0 U 4
12 1 U 8
13 1 L -1
14 1 U 5
15 0 L 2
16 1 U 14
17 1 U -1
18 0 L 12
19 0 L 2
20 0 U 17
21 0 U -1
22 0 L 10
23 1 U 22
24 1 U 3
25 1 L 9
26 0 U -1
27 0 L -1
28 0 U 12
29 0 L -1
30 1 U 26
31 0 U 2
32 1 L 16
33 1 U 11
34 1 U -1
35 1 U 33
36 1 U 12
37 1 U 22
38 1 U 27
39 1 L 5
40 1 L 39
41 1 L 27
42 0 L -1
43 1 L 37
44 0 U 12
45 1 L 30
46 1 L 36
47 1 U 34
48 0 L 40
49 0 L 31
50 1 U 4
51 0 L 4
52 0 U 12
53 0 U 49
54 1 L 34
55 0 U 38
56 1 U 12
57 0 L 51
58 0 U 54
59 0 U -1
60 0 L 17
61 1 L 25
62 0 U 0
63 0 L 58
64 1 U 15
65 1 L 43
66 1 U 35
67 0 L 49
68 1 U -1
69 1 L -1
70 1 L 12
71 1 L 33
72 0 U 56
73 1 L 65
74 1 U 45
75 1 U -1
76 1 U 50
77 1 U 1
78 1 L 33
79
0 1 U -1
1 0 L -1
2 1 U -1
3 1 U 0
4 1 U -1
5 0 L 3
6 0 L -1
7 1 U 1
8 1 U 5
9 0 L -1
10 0 L 2
11 0 U 4
12 1 U 8
13 0 L -1
14 0 U 5
15 0 L 0
16 1 U 14
17 1 U -1
18 0 L 16
19 0 L 6
20 1 U 13
21 0 U -1
22 1 L 10
23 0 U 22
24 1 U 3
25 0 L -1
26 0 U -1
27 0 L -1
28 0 U 12
29 0 L -1
30 1 U 26
31 0 U 0
32 1 L 16
33 1 U 11
34 1 U -1
35 1 U 33
36 1 U 24
37 1 U 18
38 1 U 27
39 1 L 5
40 1 L 39
41 1 L 6
42 1 L -1
43 1 L 37
44 0 U 12
45 1 L 14
46 1 U 36
47 1 U 34
48 0 L 40
49 0 L 31
50 1 U 4
51 0 L 4
52 0 U 12
53 0 U 49
54 1 L 34
55 0 U 45
56 1 U 12
57 0 L 40
58 1 U 54
59 1 U -1
60 0 L 17
61 1 L 2
62 0 U 59
63 0 L 58
64 1 U 15
65 1 L 43
66 1 U 35
67 0 L 49
68 1 U -1
69 1 L -1
70 1 L 12
71 0 L 70
72 1 U 56
73 1 L 65
74 0 U 45
75 1 U -1
76 1 U 50
77 1 U 62
78 1 L 50
79
0 1 U -1
1 0 L -1
2 1 U -1
3 1 U 0
4 1 U -1
5 1 L 3
6 0 L -1
7 1 U 5
8 1 U 5
9 0 L -1
10 0 L 2
11 1 U 4
12 1 U 8
13 0 L -1
14 0 U 5
15 0 L 0
16 1 U 7
17 1 U -1
18 0 L 16
19 0 L 6
20 1 U 18
21 0 U -1
22 1 L 8
23 0 U 22
24 1 U 3
25 1 L -1
26 0 U -1
27 0 L -1
28 0 U 24
29 0 L -1
30 1 U 26
31 0 U 4
32 1 L 16
33 1 U 3
34 1 U -1
35 1 U 33
36 1 U 12
37 1 U 18
38 1 U 27
39 1 L 5
40 1 L 39
41 1 L 3
42 0 L -1
43 1 L 37
44 0 U 12
45 1 L 26
46 1 L 36
47 1 U 34
48 0 L 40
49 0 L 31
50 0 U 4
51 0 L 4
52 0 U 12
53 1 U 10
54 1 L 34
55 0 U 45
56 0 U 44
57 0 L 17
58 0 U 45
59 1 U -1
60 0 L 40
61 1 L 3
62 0 U 59
63 0 L 58
64 1 U 43
65 0 L 43
66 1 U 35
67 0 L 49
68 1 U -1
69 1 L -1
70 1 L 12
71 0 L 70
72 1 U 19
73 0 L 65
74 0 U 45
75 1 U -1
76 0 U 50
77 0 U 12
78 0 L 73
79
0 1 U -1
1 0 L -1
2 1 U -1
3 1 U 0
4 1 U -1
5 1 L 3
6 0 L -1
7 0 U 5
8 1 U 5
9 0 L -1
10 0 L 2
11 0 U 0
12 1 U 8
13 0 L -1
14 0 U 1
15 0 L 6
16 1 U 13
17 0 U -1
18 0 L 12
19 1 L 0
20 0 L 19
21 0 U -1
22 1 L 8
23 0 U 15
24 1 U 3
25 1 L -1
26 0 U -1
27 0 L -1
28 0 U 12
29 0 L -1
30 1 U 26
31 0 U 21
32 1 L 16
33 1 U 3
34 0 U -1
35 1 U 33
36 1 U 33
37 1 U 18
38 0 U 37
39 1 L 5
40 0 L 39
41 1 L 27
42 0 L -1
43 1 L 37
44 0 U 12
45 1 L 26
46 1 L 31
47 1 U 0
48 0 L 40
49 0 L 31
50 1 U 35
51 0 L 4
52 0 U 24
53 1 U 10
54 1 L 45
55 0 U 45
56 1 U 0
57 0 L 17
58 0 U 32
59 1 U -1
60 0 L 40
61 0 L 27
62 1 U 0
63 0 L 58
64 1 U 43
65 0 L 43
66 1 U 35
67 0 L 49
68 1 U -1
69 1 L -1
70 1 L 12
71 0 L 60
72 1 U 19
73 0 L 44
74 0 U 45
75 1 U -1
76 0 U 30
77 0 U 12
78 0 L 73
79
0 1 U -1
1 0 L -1
2 1 U -1
3 1 U 0
4 1 U -1
5 1 L 3
6 0 L -1
7 0 U 5
8 1 U 1
9 0 L -1
10 0 L 0
11 0 U 0
12 1 U 8
13 0 L -1
14 1 U 1
15 0 L 0
16 1 U 13
17 0 U -1
18 0 L 17
19 1 L 0
20 1 L 19
21 1 U -1
22 1 L 8
23 0 U 15
24 1 U 3
25 0 L -1
26 0 U -1
27 0 L -1
28 1 U 12
29 0 L -1
30 1 U 26
31 0 U 4
32 1 L 23
33 1 U 3
34 0 U 1
35 1 U 33
36 1 U 7
37 1 U 18
38 1 U 37
39 1 L 5
40 1 L 39
41 1 L 6
42 1 L -1
43 1 L 26
44 0 U 12
45 1 L 14
46 1 L 31
47 0 U 0
48 0 L 40
49 0 L 36
50 1 U -1
51 0 L 4
52 0 U 24
53 1 U 10
54 1 L 45
55 0 U 32
56 1 U 53
57 0 L 51
58 0 U 32
59 1 U -1
60 0 L 8
61 0 L 27
62 0 U 4
63 0 L 58
64 1 U 43
65 0 L 43
66 1 U 35
67 0 L 49
68 1 U -1
69 1 L -1
70 1 L 22
71 1 U 12
72 1 U 19
73 0 L 44
74 0 U 45
75 1 U -1
76 0 U 62
77 0 U 7
78 0 L 73
79
0 1 L -1
1 0 L -1
2 1 U -1
3 1 U 0
4 1 U -1
5 0 L 0
6 0 L -1
7 0 U 5
8 1 U 5
9 0 L -1
10 0 L 2
11 0 U 0
12 1 U 8
13 1 L -1
14 1 U 1
15 0 L 0
16 1 L 10
17 0 U -1
18 0 L 17
19 1 L 0
20 1 U 17
21 0 U -1
22 1 L 17
23 0 U 22
24 0 U 1
25 1 L -1
26 0 U -1
27 1 L -1
28 1 U 12
29 0 L -1
30 1 U 26
31 0 U 4
32 1 L 23
33 1 U 3
34 1 U 28
35 1 U 33
36 1 U 12
37 1 U 18
38 1 U 37
39 1 L 5
40 1 L 39
41 1 L 6
42 1 L -1
43 1 L 26
44 0 U 12
45 1 L 14
46 1 L 31
47 0 U 1
48 0 L 40
49 0 L 36
50 1 U 36
51 0 L 41
52 0 U -1
53 0 U 10
54 1 L 52
55 0 U 40
56 0 U 25
57 0 L 40
58 0 U 32
59 0 U -1
60 0 L 8
61 1 L 6
62 1 U 26
63 0 L 58
64 1 U 43
65 0 L 43
66 1 U 35
67 0 L 49
68 0 U -1
69 0 L -1
70 1 L 40
71 1 U 12
72 1 U 19
73 0 L 44
74 0 U 67
75 1 U -1
76 1 U 3
77 0 U 7
78 0 L 73
79
0 1 U -1
1 0 L -1
2 1 U -1
3 1 U 0
4 1 U -1
5 0 L 3
6 0 L -1
7 0 U 1
8 1 U 3
9 0 L -1
10 0 L 0
11 1 U 2
12 1 U 9
13 1 L -1
14 1 U 5
15 0 L 0
16 1 L 13
17 0 U -1
18 0 L 8
19 1 L 6
20 0 U 4
21 0 U -1
22 1 L 17
23 1 U 22
24 1 U 1
25 1 L -1
26 0 U -1
27 0 L -1
28 1 U 12
29 0 L -1
30 1 U 26
31 0 U 4
32 1 L 23
33 1 U 3
34 1 U 28
35 1 U 33
36 1 U 7
37 1 U 18
38 1 U 37
39 1 L 5
40 1 L 39
41 1 L 0
42 1 L -1
43 1 L 26
44 0 U 12
45 1 L 37
46 1 L 31
47 1 U 8
48 0 L 40
49 0 L 36
50 1 U 10
51 0 L 41
52 0 U -1
53 1 U 16
54 1 L 52
55 0 U 19
56 1 U 35
57 0 L 12
58 0 U 32
59 1 U -1
60 0 L 51
61 1 L 0
62 1 L 26
63 0 L 58
64 1 U 43
65 0 L 43
66 1 U 35
67 0 L 49
68 0 U -1
69 0 L -1
70 1 L 40
71 0 U 47
72 1 U 19
73 0 L 44
74 0 U 67
75 1 U -1
76 0 U 3
77 0 U 7
78 0 L 73
79
0 1 U -1
1 0 L -1
2 1 U -1
3 1 U 0
4 1 U -1
5 1 L 3
6 0 L -1
7 0 U 1
8 1 U 0
9 1 L -1
10 0 L 0
11 1 U 7
12 1 U 1
13 1 L -1
14 1 U 5
15 0 L 0
16 1 L 13
17 0 U -1
18 0 L 11
19 1 L 6
20 1 U 17
21 0 U -1
22 1 L 11
23 0 U 22
24 1 U 5
25 0 L 10
26 0 U -1
27 0 L -1
28 1 U 16
29 0 L -1
30 1 U 8
31 0 U 21
32 1 L 23
33 1 U 3
34 1 U 28
35 1 U 33
36 1 U 7
37 1 U 18
38 0 U 37
39 1 L 5
40 1 L 11
41 1 L 0
42 1 L -1
43 1 L 38
44 0 U 24
45 1 L 34
46 1 L 31
47 0 U 18
48 0 L 40
49 0 L 36
50 1 U 30
51 0 L 4
52 0 U -1
53 1 U 16
54 1 L 52
55 0 U 40
56 0 U 45
57 0 L 22
58 0 U 32
59 1 U -1
60 0 L 51
61 1 L 0
62 0 U 52
63 0 L 58
64 1 U 27
65 0 L 43
66 1 U 35
67 0 L 49
68 0 U -1
69 1 L -1
70 1 L 12
71 1 U 31
72 1 U 32
73 0 L 65
74 0 U 32
75 1 U -1
76 0 U 3
77 1 U 24
78 0 L 73
79
0 1 U -1
1 0 L -1
2 1 U -1
3 1 U 0
4 1 U -1
5 0 L 3
6 0 L -1
7 0 U 5
8 1 U 0
9 1 L -1
10 0 L 0
11 0 U 9
12 1 U 1
13 1 L -1
14 1 U 5
15 0 L 2
16 1 U 13
17 0 U -1
18 0 L 11
19 1 L 0
20 1 U 17
21 0 U -1
22 1 L 11
23 0 U 22
24 1 U 5
25 0 L 10
26 0 U -1
27 1 L -1
28 1 U 9
29 0 L -1
30 1 U 8
31 0 U 21
32 1 L 23
33 1 U 3
34 1 U 28
35 1 U 33
36 1 U 7
37 1 U 18
38 0 U 37
39 1 L 5
40 1 L 39
41 1 L 6
42 1 L -1
43 1 L 38
44 0 U 24
45 1 L 34
46 1 L 31
47 0 U 12
48 0 L 40
49 0 L 36
50 1 U 13
51 0 L 4
52 0 U -1
53 0 U 24
54 1 L 52
55 0 U 45
56 0 U 4
57 0 L 51
58 0 U 32
59 1 U -1
60 0 L 12
61 0 L 0
62 1 U 52
63 0 L 58
64 1 U 27
65 0 L 43
66 1 U 35
67 0 L 49
68 1 U -1
69 0 L -1
70 1 L 12
71 1 U 31
72 1 U 67
73 0 L 65
74 0 U 32
75 1 U -1
76 1 U 30
77 1 U 14
78 0 L 73
79
0 1 L -1
1 0 L -1
2 1 U -1
3 1 U 0
4 1 U -1
5 1 L 3
6 0 L -1
7 0 U 1
8 1 U 0
9 1 L -1
10 0 L 0
11 0 U 9
12 1 U 1
13 1 L -1
14 1 U 5
15 0 L 2
16 1 U 13
17 0 U -1
18 0 L 11
19 1 L 6
20 1 U 0
21 0 U -1
22 1 L 17
23 1 U 22
24 1 U 5
25 0 L 19
26 0 U -1
27 0 L -1
28 1 U 9
29 0 L -1
30 1 U 8
31 0 U 21
32 1 L 23
33 1 U 3
34 1 U 28
35 1 U 33
36 1 U 33
37 1 U 10
38 0 U 37
39 1 L 5
40 1 L 39
41 1 L 6
42 1 L -1
43 1 L 38
44 0 U 24
45 1 L 34
46 1 L 31
47 1 U 10
48 0 L 40
49 0 L 36
50 1 U 8
51 0 L 41
52 0 U -1
53 1 U 24
54 1 L 52
55 0 U 42
56 1 U 36
57 0 L 12
58 0 U 32
59 0 U -1
60 0 L 17
61 1 L 3
62 0 L 26
63 0 L 58
64 1 U 27
65 0 L 43
66 1 U 35
67 0 L 49
68 0 U -1
69 1 L -1
70 1 L 12
71 1 U 12
72 1 U 67
73 0 L 65
74 0 U 32
75 1 U -1
76 0 U 30
77 1 U 14
78 0 L 73
79
0 1 L -1
1 0 L -1
2 1 U -1
3 1 U 0
4 1 U -1
5 0 L 0
6 0 L -1
7 0 U 1
8 1 U 0
9 0 L -1
10 0 L 0
11 0 U 9
12 1 U 5
13 1 L -1
14 0 U 5
15 0 L 2
16 1 L 13
17 0 U -1
18 0 L 8
19 1 L 2
20 1 U 4
21 0 U -1
22 0 L 17
23 0 U 21
24 1 U 5
25 0 L 19
26 0 U -1
27 0 L -1
28 0 U 16
29 0 L -1
30 1 U 8
31 0 U 4
32 1 L 20
33 1 U 3
34 1 U 28
35 1 U 33
36 1 U 7
37 1 U 22
38 0 U 37
39 1 L 5
40 1 L 39
41 1 L 2
42 0 L -1
43 1 L 38
44 0 U 24
45 1 L 38
46 1 L 31
47 1 U 30
48 0 L 40
49 0 L 36
50 1 U 10
51 0 L 41
52 0 U -1
53 1 U 14
54 1 L 42
55 0 U 42
56 1 U 16
57 0 L 12
58 0 U 32
59 1 U -1
60 0 L 22
61 0 L 29
62 1 L 26
63 0 L 58
64 1 U 15
65 0 L 43
66 1 U 35
67 0 L 49
68 0 U -1
69 1 L -1
70 1 L 12
71 1 L 1
72 1 U 32
73 0 L 65
74 0 U 45
75 1 U -1
76 0 U 30
77 1 U 14
78 0 L 73
79
0 1 L -1
1 0 L -1
2 1 U -1
3 1 U 0
4 1 U -1
5 0 L 0
6 0 L -1
7 0 U 1
8 1 U 0
9 0 L -1
10 0 L 6
11 0 U 1
12 0 U 5
13 1 L -1
14 0 U 5
15 0 L 0
16 0 L 10
17 0 U -1
18 0 L 8
19 1 L 2
20 1 U 17
21 1 U -1
22 0 L 17
23 0 U 21
24 1 U 5
25 0 L 19
26 0 U -1
27 0 L -1
28 0 U 16
29 0 L -1
30 1 U 8
31 1 U 21
32 1 L 20
33 1 U 3
34 0 U 28
35 1 U 33
36 1 U 13
37 1 U 27
38 0 U 37
39 1 L 5
40 1 L 39
41 1 L 2
42 0 L -1
43 1 L 38
44 0 U 24
45 1 L 24
46 1 L 36
47 0 U 4
48 0 L 40
49 0 L 36
50 0 U 22
51 0 L 41
52 0 U -1
53 1 U 7
54 1 L 42
55 0 U 54
56 1 U 28
57 0 L -1
58 0 U 32
59 1 U -1
60 0 L 22
61 1 L 54
62 0 U 9
63 0 L 58
64 0 U 63
65 0 L 60
66 1 U 35
67 0 L 49
68 0 U -1
69 1 L -1
70 1 L 40
71 1 U 23
72 1 U 67
73 0 L 65
74 0 U 45
75 1 U -1
76 1 U 75
77 0 U 24
78 0 L 72
79
0 1 L -1
1 0 L -1
2 1 U -1
3 1 U 0
4 1 U -1
5 0 L 0
6 0 L -1
7 0 U 1
8 1 U 4
9 0 L -1
10 0 L 6
11 0 U 5
12 0 U 5
13 0 L -1
14 1 U 5
15 0 L 2
16 1 L 10
17 0 U -1
18 0 L 10
19 1 L 2
20 1 U 4
21 1 U -1
22 0 L 17
23 0 U 4
24 1 U 1
25 0 L 19
26 0 U 25
27 0 L -1
28 1 U 7
29 0 L -1
30 1 U 16
31 0 U 21
32 1 L 20
33 1 U 3
34 1 L 28
35 1 U 33
36 1 U 14
37 0 U 27
38 0 U 37
39 1 L 5
40 1 L 39
41 1 L 2
42 0 L -1
43 0 L 38
44 0 U 24
45 1 L 31
46 1 L 36
47 0 U 10
48 0 L 40
49 0 L 47
50 0 U 21
51 0 L 41
52 0 U -1
53 1 U 1
54 1 L 42
55 0 U 19
56 0 U 31
57 0 L -1
58 0 U 32
59 1 U -1
60 0 L 22
61 1 L 54
62 1 L 9
63 0 L 58
64 0 U 63
65 0 L 60
66 1 U 35
67 0 L 65
68 0 U -1
69 0 L -1
70 1 L 40
71 0 U 68
72 1 U 42
73 0 L 65
74 0 U 71
75 0 U -1
76 0 U 75
77 0 U 33
78 0 U 72
79
0 1 U -1
1 0 L -1
2 1 U -1
3 1 U 0
4 1 U -1
5 0 L 0
6 0 L -1
7 0 U 5
8 1 U 0
9 0 L -1
10 0 L 6
11 0 U 6
12 1 U 11
13 0 L -1
14 1 U 5
15 0 L 2
16 1 L 10
17 0 U -1
18 0 L 11
19 1 L 2
20 1 U 0
21 1 U -1
22 0 L 17
23 1 U 21
24 1 U 1
25 0 L 19
26 0 U 25
27 1 L -1
28 0 U 13
29 0 L -1
30 1 U 8
31 0 U 4
32 1 L 20
33 0 U 23
34 1 L 22
35 0 U 33
36 1 U 11
37 1 U 27
38 0 U 37
39 1 L 5
40 1 L 39
41 1 L 2
42 0 L -1
43 1 L 38
44 0 U 24
45 1 L 31
46 1 L 35
47 0 U 46
48 0 L 40
49 0 L 47
50 0 U 5
51 0 L 41
52 0 U -1
53 0 U 20
54 1 L 42
55 0 U 19
56 1 U 16
57 0 L -1
58 0 U 32
59 1 U -1
60 0 L 22
61 1 L 54
62 1 U 21
63 0 L 58
64 0 U 63
65 0 L 60
66 1 U 22
67 0 L 65
68 0 U -1
69 0 L -1
70 1 L 40
71 1 U 14
72 0 U 26
73 0 L 63
74 1 U 23
75 0 U -1
76 0 U 75
77 1 U 11
78 1 U 72
79
0 1 U -1
1 0 L -1
2 1 U -1
3 1 U 0
4 1 U -1
5 0 L 0
6 0 L -1
7 1 U 5
8 1 U 0
9 0 L -1
10 0 L 3
11 1 U 6
12 1 U 11
13 0 L -1
14 1 U 5
15 0 L 6
16 1 L 10
17 0 U -1
18 0 L 11
19 1 L 2
20 1 U 17
21 1 U -1
22 0 L 17
23 0 U 21
24 1 U 1
25 1 L 19
26 0 U 25
27 1 L -1
28 1 U 13
29 0 L -1
30 1 U 8
31 1 U 11
32 1 L 20
33 0 U 23
34 1 U 18
35 0 U 13
36 0 U 24
37 1 U 27
38 0 U 37
39 1 L 5
40 1 L 39
41 1 L 2
42 0 L -1
43 1 L 38
44 1 L 24
45 1 U 8
46 0 L 35
47 0 U 35
48 0 L 40
49 0 L 47
50 0 U 7
51 0 L 41
52 0 U -1
53 1 U 12
54 1 L 42
55 0 U 19
56 0 U 41
57 0 L -1
58 0 U 54
59 1 U -1
60 0 L 22
61 1 L 6
62 0 U 5
63 0 L 58
64 0 U 63
65 0 L 60
66 1 U 27
67 0 L 65
68 0 U -1
69 1 L -1
70 1 L 40
71 1 U 16
72 1 U 54
73 1 L 72
74 1 U 23
75 0 U -1
76 0 U 75
77 1 U 66
78 1 U 72
79
0 1 L -1
1 0 L -1
2 1 U -1
3 1 U 0
4 1 U -1
5 0 L 0
6 0 L -1
7 0 U 5
8 0 U 2
9 0 L -1
10 0 L 3
11 1 U 5
12 0 U 11
13 0 L -1
14 0 U 5
15 0 L 6
16 0 L 10
17 0 U -1
18 0 L 17
19 1 L 2
20 0 U 2
21 0 U -1
22 0 L 17
23 0 U 20
24 1 U 1
25 1 L 19
26 0 U 25
27 1 L -1
28 1 U 14
29 0 L -1
30 1 U 21
31 1 U 3
32 1 L 26
33 0 U 23
34 0 L 18
35 0 U 13
36 0 U 19
37 1 U 27
38 0 U 37
39 1 L 5
40 1 L 39
41 1 L 2
42 0 L -1
43 1 L 38
44 0 U 9
45 0 U 21
46 1 L 34
47 0 U 10
48 0 L 40
49 0 L 47
50 1 U 44
51 0 L 41
52 0 U -1
53 0 U 12
54 1 L 42
55 0 U 19
56 0 U 44
57 0 L -1
58 0 U 54
59 1 U -1
60 0 L 22
61 0 U 3
62 1 U 9
63 0 L 58
64 0 U 63
65 0 L 60
66 1 U 7
67 0 L 65
68 0 U -1
69 0 L -1
70 1 L 22
71 1 L 16
72 0 U 38
73 1 L 49
74 1 U 6
75 0 U -1
76 0 U 75
77 1 U 66
78 1 U 58
79
0 1 L -1
1 0 L -1
2 1 U -1
3 1 U 0
4 1 U -1
5 1 L 3
6 0 L -1
7 0 U 5
8 0 U 0
9 0 L -1
10 0 L 3
11 0 U 5
12 0 L 7
13 0 L -1
14 1 U 5
15 0 L 6
16 1 L 10
17 0 U -1
18 0 L 17
19 1 L 2
20 0 U 2
21 0 U -1
22 0 L 17
23 1 U 20
24 1 U 1
25 1 L 19
26 0 U 25
27 1 L -1
28 1 U 14
29 0 L -1
30 1 U 21
31 1 U 20
32 1 L 26
33 0 U 23
34 1 L 18
35 0 U 13
36 1 U 23
37 1 U 27
38 0 U 37
39 1 L 5
40 1 L 39
41 1 L 2
42 0 L -1
43 1 L 24
44 0 U 9
45 0 U 21
46 0 L 28
47 1 U 34
48 0 L 32
49 0 L 45
50 1 L 25
51 0 L 41
52 0 U -1
53 1 U 14
54 1 L 42
55 0 U 54
56 0 U 44
57 0 L -1
58 0 U 26
59 1 U -1
60 0 L 22
61 0 U 1
62 0 U 49
63 0 L 58
64 1 U 63
65 0 L 60
66 0 U 13
67 0 L 65
68 0 U -1
69 1 L -1
70 1 L 22
71 1 L 51
72 0 U 20
73 0 U 63
74 0 U 6
75 0 U -1
76 0 U 17
77 1 U 29
78 1 U 58
79
0 1 L -1
1 0 L -1
2 1 U -1
3 1 U 0
4 1 U -1
5 1 L 3
6 0 L -1
7 0 U 5
8 0 U 0
9 0 L -1
10 0 L 3
11 0 U 9
12 0 L 10
13 0 L -1
14 0 U 5
15 0 L 6
16 0 L 10
17 0 U -1
18 0 L 17
19 1 L 2
20 0 U 2
21 0 U -1
22 0 L 17
23 1 U 20
24 1 U 8
25 1 L 23
26 0 U 25
27 1 L -1
28 1 U 14
29 0 L -1
30 1 U 21
31 1 U 21
32 1 L 26
33 0 U 1
34 0 L 18
35 0 U 13
36 1 U 23
37 1 U 27
38 0 U 37
39 1 L 5
40 1 L 39
41 1 L 2
42 0 L -1
43 1 L 31
44 0 U 9
45 0 U 21
46 1 L 34
47 1 U 20
48 0 L 32
49 0 L 45
50 1 U 18
51 0 L 41
52 0 U -1
53 0 U 48
54 1 L 42
55 0 U 54
56 1 U 5
57 0 L -1
58 0 U 26
59 1 U -1
60 0 L 22
61 1 U 3
62 0 U 50
63 0 L 58
64 1 U 15
65 0 L 60
66 0 U 13
67 0 L 65
68 0 U -1
69 0 L -1
70 1 L 53
71 0 U 16
72 0 U 59
73 0 U 64
74 1 U 6
75 0 U -1
76 1 U 17
77 0 U 29
78 1 U 39
79
0 1 L -1
1 0 L -1
2 1 U -1
3 1 U 0
4 1 U -1
5 1 L 3
6 0 L -1
7 1 U 5
8 1 U 2
9 0 L -1
10 0 L 3
11 0 U 9
12 0 L 10
13 0 L -1
14 0 U 5
15 0 L 3
16 0 L 10
17 0 U -1
18 0 L 16
19 1 L 2
20 1 U 17
21 0 U -1
22 0 L 17
23 1 U 1
24 1 U 1
25 1 L 12
26 0 U 25
27 1 L -1
28 1 U 24
29 0 L -1
30 1 U 21
31 1 U 24
32 1 L 26
33 0 U 1
34 1 L 14
35 0 U 13
36 1 U 28
37 1 U 27
38 0 U 37
39 1 L 5
40 1 L 39
41 1 L 2
42 0 L -1
43 1 L 31
44 1 U 4
45 0 U 21
46 0 L 34
47 0 U 24
48 0 U 32
49 0 U 35
50 0 U 8
51 0 L 41
52 0 U -1
53 1 U 48
54 1 L 42
55 0 U 32
56 0 U 37
57 0 L -1
58 0 U 54
59 1 U -1
60 0 L 22
61 0 U 56
62 1 U 24
63 0 L 58
64 1 U 15
65 0 L 60
66 0 U 13
67 1 L 65
68 0 U -1
69 0 L -1
70 1 L 53
71 0 U 16
72 0 U 6
73 0 U 64
74 0 U 3
75 0 U -1
76 0 U 17
77 1 U 72
78 1 U 39
79
0 1 U -1
1 0 L -1
2 1 U -1
3 1 U 0
4 1 U -1
5 1 L 3
6 0 L -1
7 0 U 5
8 1 U 4
9 0 L -1
10 0 L 3
11 0 U 6
12 0 L 7
13 0 L -1
14 1 U 5
15 0 L 0
16 0 L 7
17 0 U -1
18 0 L 16
19 1 L 2
20 0 U 9
21 0 U -1
22 0 L 16
23 1 U 5
24 1 U 1
25 1 L 11
26 0 U 25
27 1 L -1
28 0 U 24
29 0 L -1
30 1 U 21
31 1 U 24
32 1 L 26
33 0 U 5
34 0 L 21
35 0 U 28
36 0 U 21
37 1 U 27
38 0 U 37
39 1 L 5
40 1 L 39
41 1 L 2
42 0 L -1
43 1 U 31
44 1 U 34
45 0 U 21
46 1 L 34
47 1 L 23
48 0 U 32
49 0 U 35
50 0 U 33
51 0 L 41
52 0 U -1
53 0 U 48
54 1 L 42
55 0 U 32
56 0 U 15
57 0 L -1
58 0 U 54
59 1 U -1
60 0 L 22
61 1 U 37
62 1 U 24
63 0 L 58
64 1 U 15
65 0 L 60
66 0 U 13
67 0 L 65
68 0 U -1
69 1 L -1
70 1 L 53
71 1 U 38
72 1 U 6
73 1 U 29
74 1 U 3
75 0 U -1
76 0 U 17
77 0 U 76
78 1 U 39
79
0 1 U -1
1 0 L -1
2 1 U -1
3 1 U 0
4 1 U -1
5 1 L 3
6 0 L -1
7 0 U 5
8 0 U 0
9 0 L -1
10 0 L 3
11 0 U 6
12 0 L 7
13 0 L -1
14 0 U 8
15 0 L 0
16 0 L 7
17 0 U -1
18 0 L 16
19 1 L 2
20 0 U 4
21 0 U -1
22 0 L 17
23 0 U 5
24 1 U 5
25 1 L 19
26 0 U 25
27 1 L -1
28 1 U 24
29 0 L -1
30 1 U 21
31 1 U 24
32 1 L 26
33 0 U 5
34 0 L 18
35 0 U 28
36 0 L 18
37 1 U 27
38 0 U 37
39 1 L 5
40 0 L 39
41 1 L 2
42 0 L -1
43 1 U 31
44 1 U 34
45 0 U 21
46 1 L 23
47 1 U 23
48 0 U 32
49 0 U 18
50 1 U 8
51 0 L 41
52 0 U -1
53 1 U 48
54 1 L 42
55 0 U 54
56 1 U 50
57 0 L -1
58 0 U 54
59 1 U -1
60 0 L 22
61 1 U 43
62 0 U 44
63 0 L 58
64 1 U 15
65 0 L 60
66 0 U 33
67 1 L 47
68 0 U -1
69 1 L -1
70 1 L 22
71 0 U 33
72 1 U 52
73 0 U 18
74 1 U 6
75 0 U -1
76 1 U 17
77 1 U 62
78 1 U 67
79
0 1 U -1
1 0 L -1
2 1 U -1
3 1 U 0
4 1 U -1
5 1 L 3
6 0 L -1
7 0 U 5
8 1 U 0
9 0 L -1
10 0 L 3
11 0 U 2
12 0 L 7
13 0 L -1
14 1 U 3
15 0 L 0
16 1 U 13
17 0 U -1
18 1 L 17
19 1 L 2
20 1 U 10
21 0 U -1
22 0 L 17
23 0 U 6
24 1 U 1
25 1 L 8
26 0 U 25
27 1 L -1
28 0 U 24
29 0 L -1
30 1 U 21
31 1 U 24
32 1 L 26
33 0 U 5
34 0 L 18
35 0 U 28
36 0 U 14
37 1 U 10
38 0 U 37
39 1 L 5
40 1 L 2
41 1 L 2
42 1 L -1
43 1 U 31
44 1 U 34
45 0 U 21
46 1 L 38
47 0 U 34
48 0 U 38
49 0 U 18
50 1 U 46
51 0 L 19
52 0 U -1
53 0 U 21
54 1 L 41
55 0 U 32
56 0 U 21
57 0 L -1
58 0 U 46
59 1 U -1
60 0 L 22
61 1 U 7
62 1 U 44
63 0 L 58
64 1 U 15
65 0 L 60
66 0 U 33
67 1 L 65
68 0 U -1
69 1 L -1
70 1 L 22
71 0 U 3
72 0 U 0
73 0 U 30
74 1 U 6
75 0 U -1
76 1 U 17
77 0 U 62
78 1 U 67
79
0 1 L -1
1 0 L -1
2 1 U -1
3 1 U 0
4 1 U -1
5 0 L 0
6 0 L -1
7 0 U 5
8 1 U 4
9 0 L -1
10 0 L 0
11 0 U 0
12 0 U 7
13 1 L -1
14 1 U 3
15 0 L 2
16 1 L 13
17 0 U -1
18 1 L 11
19 1 L 2
20 0 U 5
21 0 U -1
22 0 L 17
23 1 L 6
24 1 U 1
25 1 U 10
26 0 U 25
27 0 L -1
28 1 U 24
29 0 L -1
30 1 U 21
31 1 U 16
32 1 L 26
33 0 U 5
34 0 L 18
35 0 U 33
36 0 U 14
37 1 U 31
38 1 U 37
39 1 L 5
40 0 L 38
41 1 L 2
42 1 L -1
43 1 U 31
44 1 U 34
45 0 U 21
46 1 L 31
47 1 U 34
48 0 U 38
49 0 U 35
50 1 U 43
51 0 L 15
52 0 U -1
53 0 U 20
54 1 L 41
55 0 U 32
56 0 U 8
57 0 L -1
58 0 U 46
59 1 U -1
60 0 L 22
61 1 U 36
62 0 U 44
63 0 L 58
64 1 U 15
65 1 L 60
66 0 U 33
67 1 L 65
68 0 U -1
69 1 L -1
70 1 L 22
71 0 U 17
72 1 U 56
73 1 U 71
74 1 U 6
75 0 U -1
76 1 U 75
77 1 U 38
78 1 U 67
79
0 1 U -1
1 0 L -1
2 1 U -1
3 1 U 0
4 1 U -1
5 0 L 0
6 0 L -1
7 0 U 5
8 1 U 4
9 0 L -1
10 0 L 0
11 0 U 2
12 0 U 7
13 1 L -1
14 1 U 8
15 0 L 0
16 1 L 10
17 0 U -1
18 1 L 17
19 1 L 2
20 0 U 3
21 0 U -1
22 0 L 17
23 0 U 20
24 1 U 20
25 1 U 10
26 0 U 25
27 0 L -1
28 0 U 24
29 0 L -1
30 1 U 21
31 1 U 5
32 1 L 26
33 0 U 5
34 1 L 18
35 0 U 33
36 0 U 9
37 1 L 22
38 1 U 37
39 1 L 5
40 0 L 38
41 1 L 29
42 1 L -1
43 1 L 31
44 1 U 12
45 0 U 21
46 1 L 40
47 0 U 34
48 0 U 26
49 0 U 34
50 0 U 21
51 0 L 10
52 0 U -1
53 1 U 8
54 1 L 41
55 0 U 32
56 1 U 3
57 0 L -1
58 0 U 46
59 1 U -1
60 0 L 22
61 1 U 36
62 0 U 44
63 0 L 58
64 1 U 15
65 1 L 60
66 0 U 7
67 0 L 65
68 0 U -1
69 1 L -1
70 1 L 23
71 0 U 47
72 0 U 56
73 0 L 64
74 1 U 50
75 0 U -1
76 0 U 75
77 1 U 26
78 1 U 67
79
0 1 U -1
1 0 L -1
2 1 U -1
3 1 U 0
4 1 U -1
5 1 L 3
6 0 L -1
7 0 U 5
8 0 U 2
9 0 L -1
10 0 L 3
11 0 U 2
12 0 U 7
13 1 L -1
14 0 U 3
15 0 L 3
16 1 U 7
17 0 U -1
18 1 L 17
19 1 L 2
20 0 U 3
21 0 U -1
22 0 L 17
23 1 U 20
24 1 U 20
25 1 U 10
26 0 U 25
27 1 L -1
28 0 U 24
29 0 L -1
30 1 U 21
31 1 U 3
32 1 L 26
33 0 U 1
34 1 L 18
35 0 U 33
36 1 U 6
37 1 L 22
38 1 U 27
39 1 L 5
40 0 L 38
41 1 L 0
42 1 L -1
43 1 L 31
44 1 U 12
45 0 U 21
46 1 L 40
47 1 U 21
48 0 L 26
49 0 U 18
50 1 L 28
51 0 L 10
52 0 U -1
53 0 U 3
54 1 L 41
55 0 U 26
56 1 U 5
57 0 L -1
58 1 L 46
59 1 U -1
60 0 L 22
61 0 U 36
62 0 U 9
63 0 L 58
64 1 U 15
65 1 L 60
66 0 U 33
67 0 L 65
68 0 U -1
69 1 L -1
70 1 L 50
71 1 U 56
72 1 U 17
73 0 L 3
74 1 U 6
75 0 U -1
76 1 U 75
77 0 U 19
78 1 U 67
79
0 1 U -1
1 0 L -1
2 1 U -1
3 1 U 0
4 1 U -1
5 1 L 3
6 0 L -1
7 0 U 5
8 0 U 0
9 0 L -1
10 0 L 3
11 1 U 4
12 0 U 7
13 0 L -1
14 1 U 3
15 0 L 3
16 1 U 14
17 0 U -1
18 0 L 17
19 1 L 2
20 0 U 3
21 0 U -1
22 0 L 17
23 0 U 20
24 1 U 20
25 1 U 10
26 0 U 25
27 1 L -1
28 0 U 24
29 0 L -1
30 1 U 21
31 1 U 30
32 1 L 26
33 0 U 1
34 0 L 18
35 0 U 33
36 1 U 1
37 1 U 22
38 1 U 37
39 1 L 8
40 0 L 38
41 0 L 0
42 1 L -1
43 1 L 31
44 0 U 13
45 0 U 21
46 0 L 40
47 1 U 22
48 0 U 26
49 0 U 18
50 0 L 23
51 0 L 19
52 0 U -1
53 0 L 3
54 1 L 5
55 0 U 19
56 1 U 5
57 0 L -1
58 0 L 46
59 1 U -1
60 0 L 22
61 1 U 3
62 1 U 35
63 0 L 58
64 1 U 15
65 1 L 60
66 0 U 33
67 0 L 65
68 0 U -1
69 1 L -1
70 1 U 50
71 0 U 56
72 1 U 17
73 1 L 6
74 1 U 6
75 0 U -1
76 1 U 17
77 1 U 26
78 1 U 67
79
0 1 L -1
1 0 L -1
2 1 U -1
3 1 U 0
4 1 U -1
5 1 L 3
6 0 L -1
7 0 U 5
8 0 U 0
9 0 L -1
10 0 L 2
11 0 U 4
12 0 U 7
13 0 L -1
14 0 U 3
15 0 L 3
16 1 U 2
17 0 U -1
18 0 L 17
19 1 L 2
20 0 U 3
21 0 U -1
22 0 L 17
23 1 U 20
24 1 U 6
25 1 U 10
26 0 U 25
27 1 L -1
28 1 U 22
29 0 L -1
30 1 U 21
31 1 U 16
32 1 L 26
33 0 U 5
34 0 L 18
35 0 U 33
36 0 U 1
37 1 L 22
38 1 U 37
39 1 L 15
40 1 L 38
41 0 L 3
42 1 L -1
43 0 L 31
44 0 U 33
45 0 U 21
46 1 L 31
47 0 U 46
48 0 U 26
49 0 U 18
50 1 L 22
51 0 L 19
52 0 U -1
53 0 L 0
54 1 L 5
55 0 U 42
56 1 L 44
57 0 L -1
58 0 L 46
59 1 U -1
60 0 L 22
61 0 U 3
62 1 U 61
63 0 U 58
64 0 U 28
65 1 L 60
66 0 U 33
67 1 L 65
68 0 U -1
69 0 L -1
70 1 U 50
71 1 U 35
72 1 L 0
73 0 U 27
74 1 U 20
75 0 U -1
76 0 U 17
77 1 U 64
78 1 U 67
79
0 1 L -1
1 0 L -1
2 1 U -1
3 1 U 0
4 1 U -1
5 1 L 3
6 0 L -1
7 0 U 5
8 0 U 0
9 0 L -1
10 0 L 6
11 0 U 4
12 0 U 7
13 1 L -1
14 0 U 3
15 0 L 0
16 1 U 2
17 0 U -1
18 0 L 17
19 1 L 6
20 0 U 16
21 0 U -1
22 0 L 17
23 1 U 20
24 1 U 6
25 1 L 10
26 0 U 25
27 0 L -1
28 1 U 22
29 0 L -1
30 1 U 21
31 1 U 4
32 1 L 26
33 0 U 8
34 0 L 18
35 0 U 7
36 1 U 16
37 1 U 22
38 0 U 37
39 1 L 15
40 0 L 38
41 0 L 3
42 1 L -1
43 0 L 31
44 0 U 7
45 0 U 36
46 0 L 31
47 0 U 44
48 0 U 32
49 0 U 18
50 0 L 29
51 0 L 19
52 0 U -1
53 0 U 0
54 1 L 4
55 0 U 26
56 0 L 3
57 0 L -1
58 0 L 53
59 1 U -1
60 0 L 22
61 0 U 11
62 1 U 8
63 0 U 58
64 0 U 28
65 1 L 60
66 0 U 33
67 1 L 65
68 0 U -1
69 1 L -1
70 1 U 50
71 0 U 49
72 0 L 48
73 0 U 25
74 1 U 20
75 0 U -1
76 0 U 75
77 1 U 57
78 1 U 67
79
0 1 L -1
1 0 L -1
2 1 U -1
3 1 U 0
4 1 U -1
5 1 L 3
6 0 L -1
7 0 U 5
8 0 U 0
9 0 L -1
10 0 L 3
11 0 U 0
12 0 U 7
13 0 L -1
14 0 U 3
15 0 L 6
16 1 U 2
17 0 U -1
18 0 L 17
19 1 L 0
20 0 U 16
21 0 U -1
22 0 L 17
23 0 U 20
24 1 U 6
25 1 U 10
26 0 U 25
27 1 L -1
28 1 U 22
29 0 L -1
30 1 U 21
31 1 U 4
32 1 L 17
33 0 U 8
34 0 L 18
35 0 U 7
36 1 U 31
37 0 L 22
38 1 U 37
39 1 L 15
40 1 L 38
41 0 L 3
42 0 L -1
43 0 L 40
44 1 U 36
45 0 U 23
46 0 L 31
47 1 U 44
48 0 U 32
49 0 U 18
50 1 L 23
51 0 L 19
52 0 U -1
53 0 U 0
54 1 L 4
55 0 U 26
56 1 L 3
57 0 L -1
58 0 L 53
59 1 U -1
60 0 L 22
61 0 U 3
62 1 U 8
63 0 U 58
64 0 U 28
65 1 L 60
66 0 U 36
67 1 L 65
68 0 U -1
69 1 L -1
70 1 U 56
71 1 L 40
72 0 L 56
73 0 U 46
74 1 U 20
75 0 U -1
76 0 U 75
77 1 U 64
78 1 U 67
79
0 1 U -1
1 0 L -1
2 1 U -1
3 1 U 0
4 1 U -1
5 1 L 3
6 0 L -1
7 0 U 5
8 0 U 0
9 0 L -1
10 0 L 2
11 0 U 0
12 0 U 7
13 0 L -1
14 1 U 3
15 0 L 0
16 1 U 2
17 0 U -1
18 0 L 17
19 1 L 2
20 0 U 16
21 0 U -1
22 0 L 17
23 0 U 20
24 1 U 6
25 1 U 10
26 0 U 25
27 0 L -1
28 1 U 22
29 0 L -1
30 1 U 21
31 1 U 30
32 1 L 17
33 0 U 8
34 0 L 20
35 0 U 7
36 1 U 9
37 1 L 22
38 1 U 37
39 1 L 15
40 1 L 30
41 1 L 6
42 0 L -1
43 0 L 31
44 0 U 36
45 0 U 23
46 0 L 40
47 1 U 44
48 0 U 32
49 0 U 18
50 0 L 34
51 0 L 7
52 0 U -1
53 1 U 52
54 1 L 4
55 0 U 50
56 1 U 3
57 0 L 44
58 0 L 53
59 1 U -1
60 0 L 22
61 0 U 5
62 0 U 3
63 0 U 58
64 1 U 28
65 0 L 60
66 0 U 33
67 0 L 65
68 0 U -1
69 1 L -1
70 1 L 55
71 0 L 38
72 1 L 51
73 0 U 63
74 1 U 20
75 0 U -1
76 0 U 75
77 1 L 0
78 1 U 67
79
0 1 U -1
1 0 L -1
2 1 U -1
3 1 U 0
4 1 U -1
5 1 L 3
6 0 L -1
7 0 U 5
8 0 U 0
9 0 L -1
10 0 L 6
11 0 U 4
12 0 U 7
13 0 L -1
14 0 U 3
15 0 L 6
16 1 U 2
17 0 U -1
18 0 L 17
19 0 L 3
20 0 U 16
21 0 U -1
22 0 L 17
23 1 U 20
24 1 U 23
25 0 L 10
26 0 U 25
27 1 L -1
28 1 U 22
29 0 L -1
30 1 U 21
31 1 U 3
32 1 L 25
33 0 U 8
34 0 L 20
35 0 U 7
36 1 U 9
37 1 U 22
38 1 U 37
39 1 L 8
40 0 L 38
41 0 L 0
42 1 L -1
43 0 L 40
44 0 U 36
45 0 U 23
46 0 L 40
47 0 U 44
48 0 U 32
49 0 U 18
50 1 L 48
51 0 L 7
52 0 U -1
53 0 U 52
54 1 L 4
55 0 U 50
56 1 L 0
57 0 L 44
58 0 L 46
59 1 U -1
60 0 L 22
61 0 U 5
62 0 L 9
63 0 U 58
64 1 U 28
65 1 L 60
66 0 U 33
67 1 L 65
68 0 U -1
69 0 L -1
70 1 L 55
71 0 L 24
72 1 L 51
73 0 U 63
74 1 U 20
75 0 U -1
76 0 U 2
77 0 L 0
78 1 U 48
