69
0 0 U -1
1 0 U -1
2 0 U -1
3 0 U -1
4 0 U -1
5 0 U -1
6 0 U -1
7 0 U -1
8 0 U -1
9 0 U -1
10 0 U -1
11 0 U -1
12 0 U -1
13 0 U -1
14 0 U -1
15 0 U -1
16 0 U -1
17 0 U -1
18 0 U -1
19 0 U -1
20 0 U -1
21 0 U -1
22 0 U -1
23 0 U -1
24 0 U -1
25 0 U -1
26 0 U -1
27 0 U -1
28 0 U -1
29 0 U -1
30 0 U -1
31 0 U -1
32 0 U -1
33 0 U -1
34 0 U -1
35 0 U -1
36 0 U -1
37 0 U -1
38 0 U -1
39 0 U -1
40 0 U -1
41 0 U -1
42 0 U -1
43 0 U -1
44 0 U -1
45 0 U -1
46 0 U -1
47 0 U -1
48 0 U -1
49 0 U -1
50 0 U -1
51 0 U -1
52 0 U -1
53 0 U -1
54 0 U -1
55 0 U -1
56 0 U -1
57 0 U -1
58 0 U -1
59 0 U -1
60 0 U -1
61 0 U -1
62 0 U -1
63 0 U -1
64 0 U -1
65 0 U -1
66 0 U -1
67 0 U -1
68 0 U -1
69
0 0 L -1
1 0 U -1
2 0 U -1
3 0 U -1
4 1 L -1
5 1 U -1
6 0 L -1
7 0 U -1
8 0 U 0
9 1 U 0
10 0 L 0
11 0 L 9
12 0 L 9
13 1 L 1
14 0 U 8
15 1 L 10
16 1 U -1
17 1 U 10
18 1 U -1
19 0 U 4
20 1 U 19
21 0 L 5
22 0 U 17
23 1 U 8
24 1 L 5
25 0 L 7
26 1 L 21
27 1 L -1
28 1 U -1
29 1 L -1
30 0 L 22
31 1 L 1
32 0 U 23
33 1 L 6
34 0 U -1
35 1 L 17
36 0 L 19
37 1 U -1
38 0 L -1
39 1 U 0
40 0 U 26
41 1 U 0
42 1 L -1
43 1 U 19
44 1 U 24
45 0 U 38
46 0 U -1
47 1 L 9
48 0 U 34
49 1 U 6
50 1 L 45
51 0 U 47
52 1 L 18
53 0 L 44
54 0 U 24
55 0 U 46
56 0 U 34
57 1 L 34
58 0 U 27
59 0 L 17
60 0 U 34
61 1 U 33
62 0 L 0
63 1 U 61
64 1 L 3
65 1 L 47
66 0 U 38
67 1 L 17
68 0 U -1
69
0 0 U -1
1 0 U -1
2 0 U -1
3 0 U -1
4 1 L -1
5 1 U -1
6 0 L -1
7 0 U -1
8 0 U 0
9 1 U 0
10 1 L 0
11 0 L 5
12 0 L 9
13 1 U 0
14 0 U 11
15 1 L 10
16 1 U -1
17 1 U 13
18 1 U -1
19 0 U 4
20 0 U 19
21 0 L 5
22 0 L 17
23 1 U 9
24 1 L 5
25 0 L 12
26 1 L 12
27 1 L -1
28 1 U 24
29 1 L -1
30 0 L 18
31 0 L 1
32 1 U 23
33 1 L 4
34 0 U -1
35 0 U 27
36 0 L 19
37 0 U -1
38 0 L -1
39 0 L 0
40 0 U 26
41 1 U 0
42 0 U 37
43 0 U 15
44 1 U 24
45 0 U 38
46 1 U -1
47 1 L 9
48 1 U 8
49 1 U 6
50 1 L 18
51 0 U 47
52 0 L 20
53 1 L 44
54 0 U 24
55 1 L 34
56 1 U 46
57 0 U 9
58 1 U 43
59 0 L 6
60 1 U 34
61 1 U -1
62 1 L 55
63 0 U 61
64 1 L 13
65 0 L 50
66 0 U 38
67 1 L 14
68 0 U 9
69
0 0 U -1
1 0 U -1
2 0 U -1
3 0 U -1
4 1 L -1
5 1 U -1
6 1 L -1
7 0 U -1
8 0 U 0
9 1 U 0
10 0 L 0
11 0 L 5
12 0 L 9
13 1 U 2
14 0 U 10
15 1 L 10
16 1 U -1
17 0 U 2
18 0 U -1
19 0 U 4
20 0 U 19
21 0 L 9
22 0 L 21
23 0 U 9
24 1 L 5
25 1 L 14
26 0 L 12
27 0 L -1
28 1 U 20
29 1 L -1
30 0 L 10
31 1 L 1
32 1 U 23
33 1 L 4
34 1 U -1
35 0 U 32
36 1 L 19
37 0 U -1
38 0 L -1
39 1 U 4
40 0 U 26
41 1 U 0
42 1 U 3
43 0 U 15
44 1 U 24
45 0 U 38
46 1 U -1
47 1 L 5
48 0 U 2
49 0 U 6
50 1 L 18
51 0 L 47
52 0 L 3
53 1 L 35
54 1 U 24
55 1 L 35
56 1 U 46
57 0 L -1
58 1 U 43
59 0 L 36
60 0 U 9
61 1 L 1
62 0 L 13
63 1 L -1
64 1 L 52
65 0 L 42
66 0 U 51
67 1 L 62
68 0 L 20
69
0 0 L -1
1 0 U -1
2 0 U -1
3 0 U -1
4 1 L -1
5 1 U -1
6 1 L -1
7 0 U -1
8 0 U 0
9 1 U 2
10 0 L 0
11 0 L 5
12 0 L 9
13 1 U 2
14 0 U 10
15 1 L 10
16 1 U -1
17 0 U 2
18 1 U -1
19 0 U 4
20 0 U 19
21 0 L 9
22 0 L 21
23 0 U 11
24 1 L 5
25 1 L 13
26 0 L 12
27 0 L -1
28 1 U 20
29 1 L -1
30 0 L 8
31 1 L 1
32 1 U 23
33 0 L 4
34 0 U -1
35 0 U 32
36 0 L 19
37 0 U -1
38 1 L -1
39 1 U 4
40 1 U 26
41 1 L 0
42 1 U 3
43 0 U 15
44 1 U 33
45 0 U 38
46 1 U -1
47 1 L 5
48 0 U 7
49 1 U 6
50 1 L 18
51 0 L 21
52 0 L 15
53 1 L 35
54 0 U 24
55 0 L 35
56 1 U 46
57 1 L -1
58 1 U 43
59 0 L 37
60 0 L 21
61 0 L 50
62 0 L 13
63 1 L -1
64 1 L 52
65 1 L 42
66 0 U 51
67 0 L 62
68 0 L 20
69
0 0 U -1
1 0 U -1
2 0 U -1
3 0 U -1
4 1 L -1
5 1 U -1
6 0 L -1
7 0 U -1
8 0 U 0
9 1 U 3
10 0 L 0
11 0 L 5
12 0 L 9
13 1 U 2
14 0 U 4
15 1 L 10
16 1 U -1
17 0 U 2
18 1 U -1
19 0 U 4
20 0 U 19
21 0 L 9
22 0 L 21
23 0 U 11
24 1 L 9
25 1 L 12
26 0 L 12
27 0 L -1
28 1 U 20
29 1 L -1
30 0 L 28
31 1 L 1
32 1 U 23
33 0 L 4
34 0 U -1
35 1 U 32
36 1 L 19
37 0 U -1
38 0 L -1
39 0 U 4
40 1 U 26
41 1 L 0
42 1 U 3
43 1 U 15
44 1 U 33
45 1 U 38
46 1 U -1
47 1 L 5
48 0 U 7
49 1 U 6
50 1 L 45
51 0 L 21
52 1 L 31
53 1 L 19
54 0 U 24
55 0 L 19
56 1 U 46
57 1 U -1
58 1 L 43
59 1 L 37
60 0 L 21
61 0 U 43
62 0 L 13
63 0 L -1
64 0 L 52
65 0 L 42
66 0 L 51
67 1 L 62
68 0 L 20
69
0 0 L -1
1 0 U -1
2 0 U -1
3 0 U -1
4 1 L -1
5 1 U -1
6 1 L -1
7 0 U -1
8 0 U 0
9 1 U 4
10 1 L 0
11 0 L 5
12 0 L 9
13 1 U 2
14 0 U 4
15 1 L 10
16 1 U -1
17 0 U 0
18 1 U -1
19 0 U 4
20 0 U 19
21 0 L 9
22 0 L 21
23 0 U 11
24 0 L 9
25 1 L 12
26 0 L 12
27 0 L -1
28 1 U 20
29 1 L -1
30 0 L 28
31 1 L 1
32 1 U 23
33 1 L 4
34 0 U 1
35 0 U 32
36 1 L 19
37 0 U -1
38 0 L -1
39 0 U 17
40 0 U 26
41 0 L 0
42 1 U 7
43 1 U 15
44 1 U 33
45 1 U 38
46 1 U -1
47 1 L 5
48 0 U 7
49 0 U 6
50 0 L 8
51 0 L 21
52 1 L 31
53 1 L 19
54 0 U 29
55 0 L 19
56 1 U 46
57 1 U -1
58 1 L 42
59 0 L 37
60 0 L 21
61 1 U 43
62 0 L 13
63 1 L 20
64 1 L 5
65 1 L 42
66 0 L 51
67 1 L 62
68 0 L 44
69
0 0 U -1
1 0 U -1
2 0 U -1
3 0 U -1
4 1 L -1
5 1 U -1
6 1 L -1
7 0 U -1
8 0 U 0
9 1 U 4
10 0 L 0
11 0 L 5
12 0 L 9
13 0 U 2
14 0 U 10
15 1 L 10
16 1 U -1
17 0 U 0
18 1 U -1
19 0 U 4
20 0 U 19
21 0 L 5
22 0 L 21
23 0 U 11
24 1 U 9
25 0 L 21
26 0 L 12
27 0 L -1
28 1 U 20
29 1 L -1
30 0 L -1
31 0 L 1
32 1 U 23
33 1 L 4
34 0 U -1
35 1 U 32
36 1 L 19
37 0 U -1
38 1 L -1
39 0 U 8
40 0 U 26
41 1 L 20
42 1 U 7
43 1 U 15
44 1 U 33
45 1 L 38
46 1 U -1
47 1 L 5
48 0 U 15
49 0 U 10
50 1 L 8
51 0 L 21
52 1 L 31
53 1 L 19
54 0 U 48
55 0 L 19
56 0 U 46
57 1 L -1
58 1 L 42
59 0 L 37
60 1 L 9
61 1 L 20
62 0 L 41
63 1 L 45
64 1 L 5
65 1 L 42
66 0 L 51
67 1 L 62
68 0 L 44
69
0 0 U -1
1 0 U -1
2 0 U -1
3 0 U -1
4 1 L -1
5 1 U -1
6 1 L -1
7 0 U -1
8 0 U 0
9 1 U 4
10 1 L 0
11 0 L 5
12 0 L 9
13 0 U 2
14 0 U 13
15 1 L 10
16 1 U -1
17 0 U 16
18 0 U -1
19 0 U 4
20 0 U 19
21 0 L 5
22 0 L 21
23 0 U 11
24 1 U 15
25 1 L 21
26 0 L 12
27 0 L 4
28 1 U 24
29 1 L 27
30 0 L -1
31 0 L 2
32 1 U 23
33 0 L 4
34 0 U -1
35 1 U 32
36 1 L 19
37 1 L -1
38 1 L -1
39 0 U 15
40 0 U 26
41 1 L 20
42 1 U 18
43 1 U 15
44 1 U 29
45 0 L 38
46 1 L -1
47 1 L 5
48 0 U 15
49 0 U 10
50 0 L 8
51 0 L 21
52 1 U 31
53 1 L 19
54 0 U 48
55 1 L 19
56 0 U 18
57 1 U -1
58 0 L 15
59 0 L 55
60 0 L 9
61 1 L 43
62 0 L 41
63 1 L 45
64 1 L 5
65 1 L 42
66 0 L 51
67 1 L 62
68 1 L 44
69
0 0 L -1
1 0 U -1
2 0 U -1
3 0 U -1
4 1 L -1
5 1 U -1
6 1 L -1
7 0 U -1
8 0 U 0
9 1 U 3
10 0 L 0
11 0 L 5
12 0 L 9
13 1 U 2
14 0 U 13
15 1 L 10
16 1 U -1
17 0 U 2
18 0 U -1
19 0 U 4
20 0 U 19
21 0 L 5
22 0 L 21
23 0 U 11
24 0 U 15
25 0 L 21
26 0 L 13
27 0 L 6
28 0 U 24
29 1 L 28
30 0 L 1
31 0 L 30
32 1 U 6
33 1 L 6
34 0 U -1
35 1 U 32
36 1 L 19
37 0 L -1
38 1 L 37
39 0 U 15
40 0 U 26
41 0 L 20
42 1 U 18
43 1 U 16
44 1 U 35
45 1 L 4
46 1 U -1
47 0 L 41
48 1 U 15
49 0 U 10
50 0 L 47
51 0 L 21
52 1 L 31
53 1 L 28
54 0 U 48
55 1 L 19
56 0 U 18
57 1 U -1
58 0 L 15
59 0 L 55
60 1 U 44
61 0 L 41
62 0 L 8
63 0 L 30
64 1 L 55
65 0 L 42
66 0 L 51
67 1 L 9
68 0 L 44
69
0 0 U -1
1 0 U -1
2 0 U -1
3 0 U -1
4 1 L -1
5 1 U -1
6 0 L -1
7 0 U -1
8 0 U 0
9 1 U 3
10 0 L 0
11 0 L 5
12 0 L 9
13 1 U 2
14 0 U 13
15 1 L 10
16 1 U -1
17 0 U 2
18 1 U -1
19 0 U 4
20 0 U 19
21 0 L 5
22 0 L 21
23 0 U 11
24 0 U 15
25 0 L 13
26 0 L 13
27 1 L 6
28 1 U 24
29 1 L 28
30 1 L 1
31 0 L 30
32 1 U 6
33 0 L 6
34 0 U 1
35 0 U 32
36 1 L 19
37 0 L -1
38 1 L 37
39 0 U 15
40 0 U 26
41 0 L 20
42 1 U 18
43 0 U 16
44 1 U 29
45 0 L 27
46 1 U -1
47 0 L 41
48 0 U 15
49 0 U 10
50 0 L 47
51 0 L 21
52 0 L 31
53 0 L 28
54 0 U 48
55 1 L 28
56 1 U 18
57 1 U 54
58 0 L 45
59 0 U 55
60 1 L 33
61 0 L 41
62 1 U 8
63 0 L 17
64 1 L 37
65 1 L 42
66 0 L 58
67 0 L 9
68 1 L 44
69
0 0 U -1
1 0 U -1
2 0 U -1
3 1 U -1
4 1 L -1
5 1 U -1
6 0 L -1
7 0 U -1
8 0 U 0
9 1 U 2
10 1 L 0
11 0 L 5
12 0 L 9
13 1 U 2
14 0 U 13
15 1 L 10
16 1 U -1
17 0 U 2
18 0 U -1
19 0 U 4
20 0 U 19
21 0 L 20
22 0 L 21
23 0 U 11
24 0 U 15
25 0 L 16
26 0 L 13
27 1 L 6
28 1 U 18
29 1 L 27
30 0 L 10
31 0 L 30
32 0 U 6
33 0 L 4
34 1 U 1
35 0 U 32
36 1 L 19
37 0 L -1
38 1 L 37
39 0 U 15
40 0 U 26
41 0 L 9
42 1 U -1
43 0 U 16
44 1 U 25
45 1 L 27
46 1 U -1
47 0 L 41
48 0 U 22
49 0 U 10
50 0 L 36
51 0 L 21
52 1 L 31
53 0 L 28
54 0 U 48
55 1 L 28
56 1 U 18
57 1 U 4
58 0 L 45
59 0 U 55
60 0 L 33
61 1 L 50
62 1 L 25
63 0 L 17
64 1 L 37
65 0 L 36
66 1 L 30
67 1 L 9
68 1 L 44
69
0 0 L -1
1 0 U -1
2 0 U -1
3 1 U -1
4 1 L -1
5 1 U -1
6 0 L -1
7 0 U -1
8 0 U 0
9 1 U 2
10 1 L 0
11 0 L 5
12 0 L 9
13 0 U 2
14 0 U 13
15 1 L 10
16 1 U -1
17 0 U 0
18 0 U -1
19 0 U 4
20 0 U 19
21 0 L 20
22 0 L 21
23 0 U 11
24 0 U 15
25 0 L 16
26 0 L 21
27 1 L 6
28 1 U 18
29 1 L 27
30 1 L 10
31 1 L 30
32 0 U 23
33 0 L 4
34 1 U 7
35 0 U 32
36 1 L 19
37 1 L -1
38 1 L 37
39 1 U 15
40 0 U 26
41 1 L 9
42 1 U -1
43 1 U 30
44 1 U 25
45 0 L 40
46 1 U -1
47 0 L 14
48 0 U 41
49 0 U 4
50 0 L 46
51 0 L 21
52 0 L 31
53 0 L 28
54 1 U 49
55 0 L 28
56 1 U 18
57 1 U 4
58 0 L 45
59 0 U 55
60 0 L 33
61 1 U 50
62 0 L 58
63 0 L 20
64 1 L 59
65 0 L 36
66 1 L 30
67 1 L 9
68 1 L 44
69
0 0 L -1
1 0 U -1
2 0 U -1
3 0 U -1
4 1 L -1
5 1 U -1
6 0 L -1
7 0 U -1
8 0 U 0
9 1 U 0
10 1 L 0
11 0 L 5
12 0 L 9
13 0 U 2
14 0 U 13
15 1 L 10
16 1 U -1
17 0 U 16
18 0 U -1
19 0 U 4
20 0 U 19
21 0 L 20
22 1 L 21
23 0 U 11
24 1 U 15
25 0 L 16
26 0 L 16
27 1 L 6
28 1 U 18
29 1 L 27
30 1 L 10
31 0 L 30
32 0 U 23
33 0 L 4
34 1 U 7
35 0 U 32
36 1 L 19
37 1 L -1
38 1 L 37
39 1 U 15
40 0 U 26
41 1 L 9
42 1 U -1
43 1 U 5
44 1 U 25
45 1 L 40
46 1 U -1
47 0 L 12
48 0 U 41
49 0 U 4
50 0 L 46
51 0 L 21
52 1 L 31
53 0 L 28
54 0 U 49
55 1 L 18
56 1 U 18
57 1 U 4
58 0 L 45
59 0 U 55
60 1 L 33
61 1 U 50
62 1 L 58
63 1 L 20
64 1 L 59
65 0 L 36
66 1 L 2
67 1 L 9
68 1 L 44
69
0 0 U -1
1 0 U -1
2 0 U -1
3 1 U -1
4 1 L -1
5 1 U -1
6 0 L -1
7 0 U -1
8 0 U 0
9 1 U 0
10 1 L 0
11 0 L 5
12 0 L 9
13 1 U 2
14 0 U 13
15 1 L 10
16 1 U -1
17 0 U 16
18 0 U -1
19 0 U 4
20 0 U 19
21 0 L 20
22 1 L 21
23 0 U 11
24 1 U 21
25 0 L 16
26 0 L 13
27 1 L 6
28 1 U 18
29 1 L 27
30 0 L 10
31 0 L 30
32 0 U 23
33 1 L 4
34 1 U 2
35 0 U 32
36 1 L 19
37 0 L -1
38 1 L 37
39 1 U 15
40 0 U 26
41 0 L 9
42 0 U -1
43 1 U 5
44 1 U 20
45 1 L 27
46 1 U -1
47 0 L 12
48 0 U 41
49 0 U 4
50 0 L 46
51 0 L 21
52 1 L 31
53 0 L 28
54 0 U 49
55 1 L 18
56 0 U 42
57 1 U 8
58 0 L 45
59 0 U 55
60 1 L 33
61 1 U 50
62 1 L 58
63 1 L 20
64 1 L 59
65 0 L 36
66 1 L 2
67 0 L 9
68 1 L 44
69
0 0 L -1
1 0 U -1
2 0 U -1
3 0 U -1
4 1 L -1
5 1 U -1
6 0 L -1
7 0 U -1
8 0 U 0
9 1 U 0
10 1 L 0
11 0 L 5
12 0 L 9
13 0 U 0
14 0 U 8
15 1 L 10
16 1 U -1
17 0 U 2
18 0 U -1
19 0 U 4
20 0 U 19
21 0 L 20
22 1 L 21
23 0 U 11
24 1 U 21
25 0 L 7
26 0 L 13
27 1 L 6
28 1 U 5
29 1 L 27
30 1 L 29
31 0 L 30
32 1 U 23
33 1 L 4
34 1 U 18
35 0 U 32
36 1 L 19
37 1 L -1
38 0 L 37
39 1 U 15
40 0 U 26
41 0 L 20
42 1 U -1
43 1 U 5
44 1 U 20
45 0 L 40
46 1 U -1
47 1 L 21
48 0 U 41
49 0 U 4
50 0 L 46
51 0 L 21
52 1 L 31
53 0 L 28
54 0 U 49
55 1 L 18
56 0 U 18
57 1 U 8
58 0 L 45
59 0 U 55
60 1 L 33
61 1 U 48
62 1 L 58
63 1 L 20
64 1 L 59
65 1 L 36
66 1 L 15
67 1 L 9
68 0 L 44
69
0 0 L -1
1 0 U -1
2 0 U -1
3 0 U -1
4 1 L -1
5 1 U -1
6 0 L -1
7 0 U -1
8 0 U 0
9 1 U 3
10 1 L 0
11 0 L 5
12 0 L 9
13 1 U 0
14 0 U 13
15 1 L 10
16 1 U -1
17 0 U 16
18 0 U -1
19 0 U 4
20 0 U 19
21 0 L 20
22 1 L 21
23 0 U 11
24 1 U 21
25 0 L 7
26 0 L 7
27 1 L 6
28 1 U 18
29 1 L 27
30 0 L 29
31 0 L 30
32 1 U 23
33 1 L 4
34 1 U 18
35 0 U 32
36 1 L 19
37 0 L -1
38 1 L 37
39 0 U 15
40 1 U 26
41 0 L 20
42 1 U -1
43 1 U 5
44 1 U 20
45 0 L 40
46 1 U -1
47 0 L 21
48 0 U 41
49 0 U 4
50 0 L 23
51 0 L 21
52 1 L 20
53 0 L 28
54 1 U 49
55 1 L 17
56 1 U 18
57 1 U 17
58 1 L 45
59 0 U 55
60 1 L 1
61 1 U 48
62 0 L 58
63 1 L 62
64 1 L 59
65 0 L 64
66 1 L 15
67 1 L 9
68 1 L 44
69
0 0 U -1
1 0 U -1
2 0 U -1
3 1 U -1
4 1 L -1
5 1 U -1
6 0 L -1
7 0 U -1
8 0 U 0
9 1 U 2
10 1 L 0
11 0 L 9
12 0 L 9
13 0 U 2
14 0 U 13
15 1 L 10
16 1 U -1
17 0 U 16
18 1 U -1
19 0 U 4
20 0 U 19
21 0 L 20
22 1 L 21
23 0 U 11
24 1 U 21
25 0 L 14
26 0 L 7
27 1 L 6
28 1 U 5
29 1 L 27
30 1 L 29
31 0 L 30
32 1 U 23
33 0 L 4
34 0 U 3
35 0 U 32
36 1 L 24
37 1 L -1
38 0 L 37
39 1 U 15
40 1 U 26
41 0 L 9
42 1 U -1
43 1 U 7
44 1 U 20
45 0 L 40
46 1 U -1
47 0 L 21
48 0 U 41
49 0 U 4
50 0 L 23
51 1 L 21
52 0 L 20
53 0 L 22
54 0 U 49
55 1 L 28
56 0 U 18
57 1 U 4
58 0 L 45
59 0 U 55
60 0 L 1
61 1 U 48
62 1 L 58
63 1 L 62
64 1 L 63
65 0 L 35
66 1 L 2
67 1 L 9
68 0 L 44
69
0 0 L -1
1 0 U -1
2 0 U -1
3 1 U -1
4 1 L -1
5 1 U -1
6 0 L -1
7 0 U -1
8 0 U 0
9 1 U 2
10 1 L 0
11 0 L 9
12 0 L 9
13 0 L 1
14 0 U 2
15 1 L 10
16 1 U -1
17 0 U 16
18 1 U -1
19 0 U 4
20 0 U 19
21 0 L 20
22 1 L 21
23 0 U 11
24 1 U 21
25 0 L 14
26 0 L 7
27 1 L 6
28 1 U 5
29 1 L 27
30 0 L 29
31 0 L 30
32 1 U 23
33 0 L 4
34 0 U 3
35 0 U 32
36 1 L 24
37 1 L -1
38 0 L 0
39 1 U 22
40 1 U 26
41 0 L 9
42 1 U -1
43 0 U -1
44 1 U 20
45 0 L 40
46 1 U -1
47 0 L 21
48 0 U 39
49 0 U 4
50 0 L 23
51 1 L 21
52 1 L 20
53 0 L 47
54 0 U 49
55 1 L 19
56 0 U 18
57 1 U 4
58 0 L 38
59 0 U 55
60 1 L 33
61 1 U 2
62 1 L 58
63 1 L 62
64 1 L 24
65 0 L 55
66 1 L 58
67 1 L 9
68 1 L 44
69
0 0 U -1
1 1 U -1
2 0 U -1
3 0 U -1
4 1 L -1
5 1 U -1
6 0 L -1
7 0 U -1
8 0 U 0
9 1 U 2
10 1 L 0
11 0 L 9
12 0 L 9
13 0 L 1
14 0 U 1
15 1 L 10
16 1 U -1
17 0 U 16
18 0 U -1
19 0 U 4
20 0 U 19
21 0 L 20
22 1 L 21
23 0 U 11
24 1 U 15
25 0 L 7
26 0 L 7
27 1 L 6
28 0 U 5
29 1 L 27
30 0 L 29
31 0 L 30
32 1 U 23
33 0 L 4
34 1 U 3
35 0 U 32
36 1 L 24
37 1 L -1
38 0 L 0
39 1 U 22
40 1 U 26
41 0 L 9
42 1 U -1
43 0 U -1
44 1 U 20
45 0 L 40
46 1 U -1
47 0 L 25
48 0 U 24
49 0 U 4
50 0 L 23
51 0 L 21
52 0 L 20
53 0 L 47
54 0 U 49
55 1 L 19
56 1 U 18
57 1 U 4
58 0 L 38
59 0 U 55
60 1 L 33
61 1 U 2
62 0 L 58
63 1 L 5
64 1 L 24
65 0 L 55
66 1 L 15
67 1 L 9
68 1 U 44
69
0 0 U -1
1 0 U -1
2 0 U -1
3 0 U -1
4 1 L -1
5 1 U -1
6 0 L -1
7 0 U -1
8 0 U 0
9 1 U 2
10 1 L 0
11 0 L 9
12 1 L 8
13 0 L 1
14 0 U 1
15 1 L 10
16 1 U -1
17 0 U 0
18 0 U -1
19 0 U 4
20 0 U 19
21 0 L 20
22 1 L 21
23 0 U 11
24 1 U 15
25 0 L 7
26 0 L 21
27 1 L 6
28 1 U 18
29 1 L 27
30 1 L 29
31 0 L 30
32 1 U 23
33 0 L 4
34 1 U 0
35 0 U 32
36 1 L 24
37 1 L -1
38 0 L 0
39 1 U 35
40 1 U 26
41 0 L 9
42 1 U -1
43 0 U -1
44 1 U 20
45 0 L 40
46 1 U -1
47 0 L 25
48 0 U 24
49 0 U 4
50 0 L 23
51 0 L 21
52 1 L 20
53 0 L 47
54 0 U 49
55 1 L 19
56 0 U 3
57 1 U 4
58 1 L 38
59 0 U 55
60 0 L 0
61 1 U 2
62 1 L 10
63 1 L 5
64 1 L 24
65 0 L 55
66 1 L 15
67 1 L 9
68 1 L 44
69
0 0 L -1
1 0 U -1
2 0 U -1
3 0 U -1
4 1 L -1
5 1 U -1
6 0 L -1
7 0 U -1
8 0 U 0
9 1 U 0
10 1 L 0
11 0 L 9
12 1 L 9
13 0 L 10
14 0 U 1
15 1 L 10
16 1 U -1
17 0 U 0
18 0 U -1
19 0 U 4
20 0 U 19
21 0 L 20
22 1 L 21
23 0 U 11
24 1 U 15
25 0 L 7
26 0 L 21
27 1 L 6
28 0 U 18
29 1 L 27
30 0 L 10
31 0 L 30
32 1 U 23
33 0 L 4
34 1 U 16
35 0 U 32
36 1 L 18
37 1 L -1
38 0 L 0
39 1 U 35
40 1 U 26
41 0 L 9
42 0 U -1
43 0 U -1
44 1 U 20
45 0 L 40
46 1 U -1
47 0 L 25
48 0 U 24
49 0 U 4
50 0 L 23
51 1 L 21
52 0 L 51
53 0 L 47
54 0 U 49
55 1 L 19
56 1 U 3
57 1 U 17
58 0 L 38
59 0 U 55
60 1 L 0
61 1 U 2
62 0 L 10
63 0 L 5
64 1 L 53
65 0 L 62
66 1 L 10
67 0 L 9
68 1 U 44
69
0 0 U -1
1 0 U -1
2 0 U -1
3 0 U -1
4 1 L -1
5 1 U -1
6 0 L -1
7 0 U -1
8 0 U 0
9 1 U 2
10 1 L 0
11 0 L 9
12 1 L 9
13 0 L 10
14 0 U -1
15 1 L 10
16 1 U -1
17 0 U 0
18 1 U -1
19 0 U 4
20 0 U 19
21 0 L 20
22 1 L 21
23 0 U 11
24 1 U 15
25 0 L 7
26 0 L 7
27 1 L 6
28 0 U 24
29 1 L 27
30 0 L -1
31 0 L 15
32 1 U 23
33 1 L 4
34 1 U 18
35 0 U 32
36 0 L 18
37 1 L -1
38 0 L 0
39 1 U 35
40 1 U 26
41 0 L 9
42 0 U -1
43 0 U -1
44 1 U 20
45 0 L 40
46 1 U -1
47 0 L 14
48 0 U 24
49 0 U 4
50 1 U 46
51 1 L 21
52 0 L 51
53 0 L 47
54 0 U 21
55 1 L 19
56 1 U 18
57 1 U 9
58 0 L 38
59 0 L 36
60 1 L 0
61 1 U 47
62 1 L 29
63 1 L 5
64 0 U 53
65 1 L 62
66 1 L 10
67 1 L 65
68 1 U 44
69
0 0 U -1
1 0 U -1
2 0 U -1
3 0 U -1
4 1 L -1
5 1 U -1
6 0 L -1
7 0 U -1
8 0 U 0
9 1 U 0
10 1 L 0
11 0 L 9
12 1 L 9
13 0 L 10
14 0 U -1
15 1 L 10
16 1 U -1
17 0 U 2
18 1 U -1
19 0 U 4
20 0 U 19
21 0 L 20
22 1 L 21
23 1 U 11
24 1 U 15
25 0 L 7
26 0 L 7
27 1 L 6
28 0 U 24
29 1 L 27
30 0 L -1
31 0 L 13
32 1 U 23
33 0 L 4
34 1 U 18
35 0 U 32
36 1 L 18
37 1 L -1
38 0 L 0
39 0 U 35
40 1 U 26
41 0 L 9
42 0 U -1
43 1 U -1
44 1 U 20
45 0 L 40
46 1 U -1
47 0 L 14
48 0 U 42
49 0 U 4
50 1 U 46
51 0 L 21
52 1 L 31
53 0 L 47
54 1 U 21
55 1 L 19
56 1 U 18
57 1 U 56
58 0 L 10
59 1 L 36
60 0 L 0
61 0 U 44
62 1 L 29
63 1 L 5
64 1 U 53
65 0 L 62
66 1 L 10
67 0 L 65
68 1 L 17
69
0 0 L -1
1 0 U -1
2 0 U -1
3 0 U -1
4 1 L -1
5 1 U -1
6 0 L -1
7 0 U -1
8 0 U 3
9 1 U 3
10 1 L 0
11 0 L 9
12 1 L 9
13 1 L 10
14 0 U -1
15 1 L 10
16 1 U -1
17 0 U 2
18 1 U -1
19 0 U 4
20 0 U 19
21 0 L 20
22 1 L 12
23 1 U 9
24 0 U 15
25 0 L 12
26 0 L 7
27 1 L 6
28 0 U 24
29 1 L 27
30 0 L -1
31 0 L 13
32 1 U 19
33 0 L 30
34 1 U 18
35 0 U 32
36 1 L 28
37 1 L -1
38 0 L 0
39 0 U 35
40 1 U 26
41 0 L 9
42 0 U -1
43 1 U -1
44 1 U 25
45 0 L 40
46 1 U -1
47 0 L 21
48 0 U 42
49 0 U 4
50 1 U 46
51 1 L 21
52 0 L 20
53 0 L 19
54 0 U 21
55 1 L 19
56 1 U 5
57 1 U 56
58 0 L 10
59 1 L 36
60 0 L 0
61 1 U 53
62 0 L 29
63 1 L 9
64 0 U 53
65 1 L 62
66 1 L 10
67 1 L 65
68 1 L 17
69
0 0 L -1
1 0 U -1
2 0 U -1
3 0 U -1
4 1 L -1
5 1 U -1
6 0 L -1
7 0 U -1
8 0 U 3
9 1 U 3
10 1 L 0
11 0 L 9
12 1 L 9
13 1 L 10
14 0 U 3
15 1 L 10
16 1 U -1
17 0 U 0
18 1 U -1
19 0 U 8
20 0 U 19
21 0 L 20
22 1 L 12
23 0 U 11
24 0 U 15
25 0 L 21
26 0 L 7
27 1 L 6
28 0 U 24
29 1 L 27
30 0 L -1
31 0 L 13
32 1 U 19
33 1 L 30
34 1 U 0
35 0 U 15
36 1 L 28
37 1 L -1
38 0 L 0
39 0 U 12
40 1 U 26
41 0 L 9
42 0 U -1
43 0 U -1
44 1 U 20
45 0 L 40
46 1 U -1
47 0 L 21
48 0 U 42
49 0 U 4
50 1 U 46
51 0 L 21
52 1 L 20
53 0 L 19
54 0 U 29
55 1 L 19
56 1 U 3
57 1 U 56
58 0 L 10
59 0 L 53
60 1 L 55
61 1 U -1
62 0 L 10
63 0 U 20
64 1 U 53
65 1 L 62
66 1 L 10
67 0 L 65
68 1 L 17
69
0 0 U -1
1 0 U -1
2 0 U -1
3 0 U -1
4 1 L -1
5 1 U -1
6 0 L -1
7 0 U -1
8 0 U 3
9 1 U 0
10 1 L 0
11 0 L 9
12 1 U 9
13 1 L 10
14 0 U 7
15 1 L 10
16 1 U -1
17 0 U 0
18 0 U -1
19 0 U 10
20 0 U 19
21 0 L 20
22 1 L 14
23 0 U 11
24 0 U 15
25 0 L 14
26 0 L 7
27 1 L 6
28 0 U 24
29 1 L 27
30 0 L -1
31 0 L 13
32 1 U 19
33 0 L 30
34 1 U 16
35 0 U 15
36 1 L 28
37 1 L -1
38 0 L 0
39 0 U 23
40 1 U 26
41 0 L 9
42 0 U -1
43 0 U -1
44 1 U 41
45 0 L 40
46 1 U -1
47 0 L 21
48 0 U 42
49 0 U 4
50 1 U 46
51 0 L 21
52 1 L 20
53 0 L 19
54 1 U 49
55 1 L 19
56 1 U 3
57 1 U 56
58 0 L 10
59 0 L 36
60 1 L 55
61 1 U 37
62 1 L 10
63 0 U 33
64 1 U 53
65 1 L 62
66 1 L 10
67 1 L 65
68 1 L 17
69
0 0 L -1
1 0 U -1
2 0 U -1
3 0 U -1
4 1 L -1
5 1 U -1
6 0 L -1
7 0 U -1
8 0 U 3
9 1 U 2
10 1 L 0
11 0 L 9
12 1 U 9
13 0 L 10
14 0 U 2
15 1 L 10
16 1 U -1
17 0 U 0
18 1 U -1
19 0 U 10
20 0 U 19
21 0 L 20
22 1 L 14
23 0 U 14
24 0 U 15
25 0 L 7
26 0 L 7
27 1 L 6
28 0 U 24
29 1 L 27
30 0 L -1
31 0 L 13
32 1 U 19
33 1 L -1
34 1 U 16
35 0 U 15
36 1 L 28
37 1 L -1
38 0 L 0
39 0 U 23
40 1 U 26
41 0 L 20
42 0 U -1
43 0 U -1
44 1 U 41
45 0 L 40
46 1 U -1
47 0 L 16
48 0 U 7
49 0 U 4
50 1 U 46
51 1 L 0
52 0 L 20
53 0 L 19
54 1 U 49
55 1 L 19
56 1 U 42
57 1 U 56
58 0 L 10
59 0 L 36
60 0 L 55
61 1 U 37
62 1 L 2
63 0 U 33
64 0 U 53
65 1 L 62
66 1 L 38
67 1 L 65
68 1 L 17
69
0 0 U -1
1 0 U -1
2 0 U -1
3 0 U -1
4 1 L -1
5 1 U -1
6 0 L -1
7 0 U -1
8 0 U 3
9 1 U 2
10 1 L 0
11 0 L 9
12 1 U 9
13 0 L 10
14 0 U 2
15 1 L 10
16 1 U -1
17 0 U 2
18 0 U -1
19 0 U 10
20 0 U 19
21 0 L 20
22 1 L 14
23 0 U 14
24 0 U 15
25 0 L 12
26 0 L 7
27 1 L 6
28 0 U 20
29 1 L 27
30 0 L -1
31 0 L 13
32 1 U 19
33 1 L -1
34 1 U 16
35 0 U 32
36 1 L 28
37 1 L -1
38 0 L 0
39 0 U 23
40 1 U 26
41 0 L 20
42 0 U -1
43 0 U -1
44 1 U 41
45 0 L 40
46 1 U -1
47 0 L 16
48 0 U 7
49 0 U 8
50 1 U 5
51 0 L 0
52 0 L 20
53 0 L 19
54 1 U 29
55 1 L 19
56 1 U 42
57 1 U 56
58 0 L 10
59 0 L 48
60 1 L 39
61 1 U 37
62 1 L 15
63 0 U 54
64 0 U 53
65 0 L 62
66 1 L 45
67 0 L 65
68 1 L 17
69
0 0 L -1
1 0 U -1
2 0 U -1
3 0 U -1
4 1 L -1
5 1 U -1
6 0 L -1
7 0 U -1
8 0 U 3
9 1 U 2
10 1 L 0
11 0 L 9
12 1 U 9
13 0 L 10
14 0 U 2
15 1 L 10
16 1 U -1
17 0 U 0
18 0 U -1
19 0 U 10
20 0 U 19
21 0 L 20
22 1 L 14
23 0 U 14
24 0 U 15
25 0 L 12
26 0 L 7
27 1 L 6
28 0 U 25
29 1 L 27
30 1 L -1
31 0 L 13
32 1 U 19
33 1 L -1
34 1 U 3
35 0 U 32
36 1 L 28
37 1 L -1
38 0 L 0
39 0 U 23
40 1 U 26
41 0 L 20
42 0 U -1
43 1 U -1
44 1 U 41
45 0 L 40
46 1 U -1
47 1 L 25
48 0 U 18
49 0 U 8
50 1 U 5
51 0 L 0
52 0 L 20
53 0 L 19
54 1 U 29
55 1 L 19
56 1 U 42
57 1 U 56
58 0 L 38
59 0 L 31
60 0 L 39
61 1 U 37
62 1 L 15
63 0 U 54
64 1 U 53
65 0 L 62
66 1 L 45
67 0 L 65
68 1 L 17
69
0 0 U -1
1 0 U -1
2 0 U -1
3 0 U -1
4 1 L -1
5 1 U -1
6 0 L -1
7 0 U -1
8 0 U 3
9 1 U 2
10 1 L 0
11 0 L 9
12 1 U 9
13 0 L 10
14 0 U 2
15 1 L 10
16 1 U -1
17 0 U 16
18 1 U -1
19 0 U 10
20 0 U 19
21 0 L 20
22 1 L 14
23 0 U 14
24 0 U 15
25 0 L 12
26 0 L 12
27 1 L 6
28 0 U 25
29 1 L 27
30 1 L -1
31 0 L 15
32 1 U 19
33 1 L -1
34 1 U 7
35 0 U 32
36 1 L 28
37 1 L -1
38 0 L 0
39 0 U 23
40 1 U 26
41 0 L 20
42 0 U -1
43 0 U -1
44 1 U 24
45 0 L 40
46 1 U -1
47 1 L 25
48 0 U 18
49 0 U 8
50 1 U 42
51 1 L 10
52 1 L 20
53 0 L 19
54 1 U 29
55 1 L 19
56 1 U 42
57 1 U 4
58 0 L 38
59 0 L 23
60 1 L 8
61 1 U 26
62 1 L 15
63 0 U 54
64 1 U 53
65 0 L 62
66 1 L 45
67 1 L 65
68 1 L 17
69
0 0 U -1
1 0 U -1
2 0 U -1
3 0 U -1
4 1 L -1
5 1 U -1
6 0 L -1
7 0 U -1
8 0 U 3
9 1 U 0
10 1 L 0
11 0 L 9
12 1 U 10
13 0 L 10
14 0 U 2
15 1 L 10
16 1 U -1
17 0 U 2
18 0 U -1
19 0 U 10
20 0 U 19
21 0 L 20
22 1 L 21
23 0 U 14
24 1 U 15
25 0 L 12
26 0 L 12
27 1 L 6
28 0 U 25
29 1 L 27
30 1 L -1
31 0 L 15
32 1 U 19
33 1 L -1
34 1 U 2
35 0 U 15
36 1 L 24
37 1 L -1
38 0 L 0
39 0 U 23
40 1 U 26
41 0 L 20
42 0 U -1
43 0 U -1
44 0 U 35
45 0 L 0
46 1 U -1
47 0 L 25
48 0 U 18
49 0 U 8
50 1 U 42
51 0 L 0
52 0 L 20
53 0 L 19
54 1 U 29
55 1 L 19
56 1 U 5
57 1 U 4
58 0 U 45
59 0 L 23
60 1 L 8
61 1 U -1
62 1 L 15
63 1 U 44
64 0 U 53
65 1 L 62
66 1 L 51
67 1 L 65
68 0 L 26
69
0 0 L -1
1 0 U -1
2 0 U -1
3 0 U -1
4 0 L -1
5 1 U -1
6 0 L -1
7 0 U -1
8 0 U 3
9 1 U 3
10 1 L 0
11 0 L 9
12 1 U 10
13 0 L 10
14 0 U 2
15 1 L 10
16 1 U -1
17 0 U 0
18 0 U -1
19 0 U 10
20 0 U 19
21 0 L 20
22 1 L 14
23 0 U 14
24 1 U 15
25 0 L 12
26 0 L 12
27 1 L 6
28 0 U 25
29 1 L 27
30 1 L 10
31 0 L 29
32 1 U 19
33 1 L -1
34 1 U 2
35 0 U 32
36 1 L 34
37 1 L -1
38 0 L 0
39 0 U 23
40 1 U 26
41 0 L 20
42 1 U -1
43 1 U -1
44 0 U 35
45 0 L 0
46 1 U -1
47 0 L 25
48 0 U 18
49 0 U 8
50 1 U 5
51 0 L 40
52 1 L 20
53 0 L 28
54 1 U 29
55 1 L 19
56 1 U 46
57 1 U 8
58 0 U 26
59 0 L 23
60 1 L 8
61 0 L 29
62 1 L 2
63 1 U 44
64 0 U 53
65 0 L 8
66 1 L 40
67 0 L 65
68 0 L 26
69
0 0 L -1
1 0 U -1
2 0 U -1
3 0 U -1
4 0 L -1
5 1 U -1
6 0 L -1
7 1 U -1
8 0 U 3
9 1 U 2
10 1 L 0
11 0 L 9
12 1 U 10
13 0 L 10
14 0 U 0
15 1 L 10
16 1 U -1
17 0 U 0
18 0 U -1
19 0 U 10
20 0 U 19
21 0 L 20
22 1 L 14
23 0 U 14
24 0 U 15
25 0 L 12
26 0 L 12
27 1 L 6
28 0 U 20
29 1 L 27
30 0 L 10
31 0 L 29
32 1 U 19
33 1 L -1
34 1 U 2
35 0 U 32
36 1 L 24
37 1 L -1
38 0 L 0
39 0 U 23
40 1 U 26
41 0 L 20
42 1 U -1
43 1 U -1
44 0 U 35
45 0 L 0
46 1 U -1
47 0 L 25
48 0 U 46
49 0 U 8
50 1 U 5
51 0 L 0
52 1 L 20
53 0 L 28
54 1 U 29
55 1 L 19
56 1 U 46
57 1 U 8
58 0 U 26
59 0 L 23
60 1 L 8
61 1 L 29
62 1 L 15
63 1 U 44
64 0 U 53
65 1 L 8
66 1 L 40
67 1 L 65
68 0 L 25
69
0 0 L -1
1 0 U -1
2 0 U -1
3 0 U -1
4 1 L -1
5 1 U -1
6 0 L -1
7 1 U -1
8 0 U 3
9 1 U 0
10 1 L 0
11 0 L 9
12 1 U 10
13 0 L 10
14 0 U 2
15 1 L 10
16 1 U -1
17 0 U 0
18 0 U -1
19 0 U 10
20 0 U 19
21 0 L 20
22 1 L 14
23 0 U 14
24 0 U 15
25 0 L 12
26 0 L 12
27 1 L 6
28 0 U 24
29 1 L 27
30 1 L 10
31 0 L 29
32 1 U 19
33 0 L -1
34 1 U 2
35 0 U 32
36 1 L 34
37 1 L -1
38 0 L 0
39 0 U 23
40 1 U 26
41 0 L 20
42 1 U -1
43 0 U -1
44 0 U 35
45 0 L 0
46 1 U -1
47 0 L 25
48 0 U 46
49 0 U 4
50 1 U 5
51 0 L 0
52 0 L 20
53 0 L 28
54 1 U 29
55 1 L 19
56 0 U 46
57 1 U 8
58 0 U 52
59 0 L 23
60 1 L 0
61 1 L 31
62 1 L 15
63 0 U 44
64 0 U 45
65 0 L 8
66 1 L 60
67 0 L 65
68 0 L 26
69
0 0 U -1
1 0 U -1
2 0 U -1
3 0 U -1
4 1 L -1
5 1 U -1
6 0 L -1
7 0 U -1
8 0 U 3
9 1 U 0
10 1 L 0
11 0 L 9
12 1 U 10
13 0 L 10
14 0 U 2
15 1 L 10
16 1 U -1
17 0 U 0
18 1 U -1
19 0 U 10
20 0 U 19
21 0 L 20
22 1 L 14
23 0 U 11
24 1 U 15
25 0 L 12
26 0 L 12
27 1 L 6
28 0 U 24
29 1 L 27
30 1 L 10
31 0 L 15
32 1 U 19
33 1 L -1
34 1 U 2
35 0 U 32
36 1 L 34
37 1 L -1
38 0 L 0
39 0 U 23
40 1 U 26
41 0 L 20
42 1 U -1
43 0 U -1
44 0 U 35
45 1 L 0
46 1 U -1
47 0 L 25
48 0 U 46
49 0 U 4
50 1 U 5
51 0 L 0
52 1 L 31
53 0 L 19
54 1 U 29
55 1 L 19
56 1 U 46
57 1 U 8
58 0 U 52
59 0 L 23
60 0 L 0
61 0 L 31
62 1 L 15
63 0 U 44
64 0 U 45
65 0 L 8
66 1 L 51
67 0 L 65
68 0 L 26
69
0 0 L -1
1 0 U -1
2 0 U -1
3 0 U -1
4 1 L -1
5 1 U -1
6 0 L -1
7 0 U -1
8 0 U 3
9 1 U 2
10 1 L 0
11 0 L 9
12 1 U 9
13 0 L 10
14 0 U 2
15 1 L 10
16 0 U -1
17 0 U 5
18 0 U -1
19 0 U 9
20 0 U 19
21 0 L 20
22 1 L 14
23 0 U 11
24 1 U 15
25 0 L 12
26 0 L 12
27 1 L 6
28 0 U 24
29 1 L 27
30 1 L 29
31 0 L 15
32 1 U 19
33 0 L -1
34 1 U 0
35 0 U 32
36 1 L 34
37 1 L -1
38 0 L 37
39 0 U 23
40 1 U 26
41 0 L 20
42 0 U -1
43 1 U -1
44 0 U 35
45 0 L 0
46 1 U -1
47 0 L 25
48 0 U 3
49 0 U 4
50 1 U 18
51 0 L 40
52 0 L 31
53 0 L 19
54 1 U 29
55 1 L 28
56 1 U 46
57 1 U 9
58 0 U 52
59 0 L 23
60 1 L 0
61 1 L 25
62 1 L 29
63 0 U 44
64 0 U 45
65 1 L 8
66 1 L 10
67 0 L 65
68 0 L 26
69
0 0 U -1
1 0 U -1
2 0 U -1
3 0 U -1
4 1 L -1
5 1 U -1
6 0 L -1
7 0 U -1
8 0 U 3
9 1 U 2
10 1 L 0
11 0 L 9
12 1 U 9
13 0 L 10
14 0 U 3
15 1 L 10
16 0 U -1
17 0 U 5
18 1 U -1
19 0 U 9
20 0 U 19
21 0 L 20
22 1 L 14
23 0 U 11
24 1 U 15
25 0 L 12
26 0 L 7
27 1 L 6
28 0 U 24
29 1 L 27
30 0 L 29
31 0 L 15
32 1 U 19
33 0 L -1
34 1 U 3
35 0 U 32
36 1 L 34
37 1 L -1
38 0 L 37
39 0 U 23
40 1 U 26
41 0 L 20
42 1 U -1
43 1 U -1
44 0 U 33
45 1 L 0
46 1 U -1
47 0 L 25
48 0 U 46
49 0 U 4
50 1 U 18
51 0 L 0
52 1 L 31
53 0 L 47
54 1 U 49
55 1 L 28
56 1 U 5
57 1 U 17
58 0 U 52
59 0 L 50
60 0 L 0
61 1 L 25
62 0 L 29
63 0 U 44
64 0 U 28
65 1 L 8
66 1 L 10
67 1 L 65
68 0 L 61
69
0 0 U -1
1 0 U -1
2 0 U -1
3 0 U -1
4 1 L -1
5 1 U -1
6 0 L -1
7 0 U -1
8 0 U 3
9 1 U 2
10 1 L 0
11 0 L 9
12 1 U 9
13 0 L 10
14 0 U 7
15 1 L 10
16 0 U -1
17 0 U 7
18 0 U -1
19 0 U 9
20 0 U 19
21 0 L 20
22 1 L 21
23 0 U 11
24 1 U 15
25 0 L 12
26 0 L 7
27 1 L 6
28 0 U 24
29 1 L 27
30 1 L 29
31 0 L 15
32 1 U 19
33 0 L -1
34 1 U 3
35 0 U 32
36 1 L 34
37 1 L -1
38 0 L 0
39 0 U 23
40 1 U 26
41 0 L 20
42 0 U -1
43 1 U -1
44 0 U 33
45 1 L 0
46 1 U -1
47 0 L 25
48 0 U 7
49 0 U 8
50 1 U 18
51 0 L 0
52 1 L 31
53 0 L 47
54 1 U 49
55 1 L 28
56 1 U 5
57 1 U 17
58 0 U 52
59 0 L 3
60 0 L 0
61 0 L 25
62 1 L 30
63 0 U 36
64 0 U 52
65 1 L 8
66 1 L 10
67 0 L 65
68 0 L 61
69
0 0 L -1
1 0 U -1
2 0 U -1
3 0 U -1
4 1 L -1
5 1 U -1
6 0 L -1
7 0 U -1
8 0 U 3
9 1 U 2
10 1 L 0
11 0 L 9
12 1 U 9
13 0 L 2
14 0 U 2
15 1 L 10
16 0 U -1
17 0 U 7
18 1 U -1
19 0 U 9
20 0 U 19
21 0 L 20
22 1 L 14
23 0 U 11
24 1 U 15
25 0 L 12
26 0 L 7
27 1 L 6
28 0 U 24
29 1 L 27
30 0 L 29
31 0 L 15
32 1 U 19
33 0 L -1
34 1 U 3
35 0 U 32
36 1 L 34
37 1 L -1
38 0 L 0
39 0 U 23
40 1 U 26
41 0 L 20
42 0 U -1
43 0 U -1
44 0 U 33
45 1 L 40
46 1 U -1
47 0 L 25
48 0 U 7
49 0 U 17
50 1 U 18
51 0 L 27
52 1 L 31
53 0 L 47
54 1 U 49
55 1 L 28
56 1 U 5
57 1 U 17
58 0 U 52
59 0 L 13
60 0 L 0
61 0 L 25
62 1 L 30
63 0 U 36
64 0 U 52
65 1 L 8
66 1 L 10
67 1 L 65
68 0 L 61
69
0 0 U -1
1 0 U -1
2 0 U -1
3 0 U -1
4 1 L -1
5 1 U -1
6 0 L -1
7 0 U -1
8 0 U 3
9 1 U 2
10 1 L 0
11 0 L 9
12 1 U 9
13 0 L 2
14 0 U 3
15 1 L 10
16 0 U -1
17 0 U 7
18 1 U -1
19 0 U 9
20 0 U 19
21 0 L 12
22 1 L 14
23 0 U 11
24 1 U 15
25 0 L 12
26 0 L 7
27 1 L 6
28 0 U 24
29 1 L 27
30 0 L 29
31 0 L 15
32 1 U 19
33 0 L -1
34 1 U 2
35 0 U 32
36 1 L 34
37 1 L -1
38 0 L 0
39 0 U 23
40 1 U 26
41 0 L 20
42 0 U -1
43 0 U -1
44 0 U 33
45 1 L 40
46 1 U -1
47 0 L 25
48 0 U 7
49 0 U 17
50 1 U 5
51 0 L 27
52 1 L 31
53 0 L 47
54 1 U 49
55 1 L 28
56 1 U 46
57 1 U 9
58 0 U 26
59 0 L 9
60 0 L 0
61 1 L 25
62 1 L 30
63 0 U 44
64 0 U 52
65 0 L 8
66 1 L 45
67 0 L 65
68 0 L 61
69
0 0 U -1
1 0 U -1
2 0 U -1
3 0 U -1
4 0 L -1
5 1 U -1
6 0 L -1
7 0 U -1
8 0 U 3
9 1 U 2
10 1 L 0
11 0 L 9
12 1 U 9
13 0 L 2
14 0 U 7
15 1 L 10
16 0 U -1
17 0 U 7
18 0 U -1
19 0 U 9
20 0 U 19
21 0 L 12
22 1 L 14
23 0 U 11
24 1 U 15
25 0 L 12
26 0 L 12
27 1 L 6
28 0 U 24
29 1 L 27
30 0 L 10
31 0 L 2
32 1 U 19
33 0 L -1
34 1 U 18
35 0 U 32
36 1 L 34
37 1 L -1
38 0 L 0
39 0 U 23
40 1 U 26
41 0 L 20
42 1 U -1
43 1 U -1
44 1 U 33
45 1 L 40
46 1 U -1
47 0 L 25
48 0 U 3
49 0 U 17
50 1 U 18
51 0 L 40
52 0 L 31
53 0 L 47
54 1 U 49
55 1 L 28
56 1 U 46
57 1 U 9
58 0 U 26
59 0 L 23
60 1 L 40
61 0 L 25
62 1 L 30
63 0 U 44
64 0 U 44
65 1 L 8
66 1 L 45
67 1 L 65
68 0 L 61
69
0 0 U -1
1 0 U -1
2 0 U -1
3 0 U -1
4 1 L -1
5 1 U -1
6 0 L -1
7 0 U -1
8 0 U 3
9 1 U 2
10 1 L 0
11 0 L 9
12 1 U 9
13 0 L 2
14 0 U 2
15 1 L 10
16 0 U -1
17 0 U 7
18 1 U -1
19 0 U 9
20 0 U 19
21 0 L 12
22 1 L 14
23 0 U 11
24 1 U 15
25 0 L 12
26 0 L 12
27 1 L 6
28 0 U 24
29 1 L 27
30 0 L 10
31 0 L 29
32 1 U 19
33 0 L -1
34 1 U 2
35 0 U 32
36 1 L 34
37 1 L -1
38 0 L 37
39 0 U 23
40 1 U 26
41 0 L 20
42 1 U -1
43 1 U -1
44 0 U 30
45 0 L 40
46 1 U -1
47 0 L 25
48 0 U 3
49 0 U 17
50 1 U 18
51 0 L 27
52 1 L 13
53 0 L 47
54 1 U 49
55 1 L 28
56 1 U 46
57 1 U 4
58 0 U 26
59 0 L 23
60 0 L 40
61 1 L 25
62 1 L 30
63 0 U 44
64 0 U 44
65 0 L 8
66 1 L 45
67 0 L 65
68 0 L 21
69
0 0 L -1
1 0 U -1
2 0 U -1
3 0 U -1
4 1 L -1
5 1 U -1
6 0 L -1
7 0 U -1
8 0 U 3
9 1 U 2
10 1 L 0
11 0 L 9
12 1 U 10
13 1 L 2
14 0 U 7
15 1 L 10
16 0 U -1
17 0 U 7
18 0 U -1
19 0 U 10
20 0 U 19
21 0 L 12
22 1 L 14
23 0 U 11
24 1 U 15
25 0 L 12
26 0 L 12
27 1 L 6
28 0 U 24
29 1 L 27
30 1 L 10
31 0 L 29
32 1 U 19
33 1 L -1
34 1 U 2
35 0 U 32
36 1 L 34
37 1 L -1
38 0 L 37
39 0 U 23
40 1 U 26
41 0 L 20
42 1 U -1
43 0 U -1
44 0 U 30
45 0 L 0
46 1 U -1
47 0 L 25
48 0 U 46
49 0 U 4
50 1 U 5
51 0 L 27
52 0 L 13
53 0 L 47
54 1 U 49
55 1 L 28
56 1 U 46
57 1 U 4
58 0 U 26
59 0 L 3
60 0 L 40
61 0 L 8
62 1 L 2
63 0 U 44
64 0 U 26
65 1 L 8
66 1 L 38
67 0 L 65
68 0 L 21
69
0 0 U -1
1 0 U -1
2 0 U -1
3 0 U -1
4 1 L -1
5 1 U -1
6 0 L -1
7 0 U -1
8 0 U 3
9 1 U 3
10 1 L 0
11 0 L 9
12 1 U 10
13 0 L 2
14 0 U 7
15 1 L 10
16 1 U -1
17 0 U 0
18 0 U -1
19 0 U 10
20 0 U 19
21 0 L 12
22 1 L 14
23 0 U 11
24 1 U 15
25 0 L 7
26 0 L 12
27 1 L 6
28 0 U 24
29 1 L 27
30 0 L 10
31 0 L 29
32 1 U 19
33 0 L -1
34 1 U 2
35 0 U 32
36 1 L 34
37 1 L -1
38 0 L 37
39 0 U 23
40 1 U 26
41 0 L 20
42 1 U -1
43 1 U -1
44 0 U 30
45 0 L 0
46 1 U -1
47 0 L 25
48 0 U 5
49 0 U 4
50 1 U 5
51 0 L 0
52 1 L 13
53 0 L 47
54 1 U 49
55 1 L 28
56 1 U 46
57 1 U 4
58 0 U 26
59 0 L 3
60 0 L 40
61 0 L 11
62 1 L 30
63 0 U 45
64 0 U 53
65 1 L 8
66 1 L 38
67 1 L 65
68 0 L 21
69
0 0 L -1
1 0 U -1
2 0 U -1
3 0 U -1
4 1 L -1
5 1 U -1
6 0 L -1
7 0 U -1
8 0 U 3
9 1 U 2
10 1 L 0
11 0 L 9
12 1 U 10
13 0 L 2
14 0 U 7
15 1 L 10
16 1 U -1
17 0 U 0
18 0 U -1
19 0 U 10
20 0 U 19
21 0 L 12
22 1 L 14
23 0 U 11
24 1 U 15
25 0 L 7
26 0 L 12
27 1 L 6
28 0 U 24
29 1 L 27
30 0 L 10
31 0 L 29
32 1 U 19
33 0 L -1
34 1 U 3
35 0 U 32
36 1 L 34
37 1 L -1
38 0 L 37
39 0 U 6
40 1 U 26
41 0 L 20
42 1 U -1
43 1 U -1
44 0 U 30
45 0 L 0
46 1 U -1
47 0 L 25
48 0 U 5
49 0 U 9
50 1 U 5
51 0 L 0
52 0 L 13
53 0 L 19
54 1 U 49
55 1 L 28
56 1 U 46
57 1 U 4
58 0 U 26
59 0 L 3
60 0 L 40
61 0 L 11
62 1 L 15
63 0 U 59
64 0 U 53
65 1 L 8
66 1 L 38
67 1 L 65
68 0 L 21
69
0 0 L -1
1 0 U -1
2 0 U -1
3 0 U -1
4 1 L -1
5 1 U -1
6 0 L -1
7 0 U -1
8 0 U 3
9 1 U 3
10 1 L 0
11 0 L 9
12 1 U 10
13 1 L 2
14 0 U 7
15 1 L 10
16 1 U -1
17 0 U 0
18 0 U -1
19 0 U 10
20 0 U 19
21 0 L 12
22 1 L 14
23 0 U 11
24 0 U 15
25 0 L 7
26 0 L 12
27 1 L 6
28 0 U 24
29 1 L 27
30 0 L 10
31 0 L 10
32 1 U 19
33 1 L -1
34 1 U 3
35 0 U 32
36 1 L 24
37 1 L -1
38 0 L 37
39 0 U 6
40 1 U 26
41 0 L 20
42 1 U -1
43 1 U -1
44 0 U 20
45 0 L 0
46 1 U -1
47 0 L 25
48 0 U 5
49 0 U 10
50 1 U 46
51 0 L 0
52 0 L 3
53 0 L 19
54 0 U 49
55 1 L 28
56 1 U 46
57 1 U 4
58 0 U 44
59 0 L 3
60 0 L 40
61 0 L 59
62 0 L 29
63 1 U 26
64 1 U 53
65 0 L 8
66 1 L 51
67 1 L 65
68 0 L 17
69
0 0 U -1
1 0 U -1
2 0 U -1
3 0 U -1
4 1 L -1
5 1 U -1
6 0 L -1
7 0 U -1
8 0 U 3
9 1 U 0
10 1 L 0
11 0 L 9
12 1 U 10
13 0 L 2
14 0 U 0
15 1 L 10
16 0 U -1
17 0 U 5
18 0 U -1
19 0 U 10
20 0 U 19
21 0 L 20
22 1 L 14
23 0 U 11
24 0 U 15
25 0 L 7
26 0 L 12
27 1 L 6
28 0 U 24
29 1 L 27
30 1 L 10
31 0 L 29
32 1 U 19
33 0 L -1
34 1 U 5
35 0 U 32
36 1 L 24
37 1 L -1
38 0 L 37
39 0 U 6
40 1 U 26
41 0 L 20
42 1 U -1
43 1 U -1
44 0 U 20
45 0 L 0
46 1 U -1
47 0 L 25
48 0 U 5
49 0 U 10
50 1 U 18
51 0 L 0
52 1 L 3
53 0 L 19
54 0 U 49
55 1 L 28
56 1 U 18
57 1 U 4
58 0 U 44
59 1 L 31
60 1 L 40
61 0 L 59
62 1 L 29
63 0 U 61
64 0 U 53
65 0 L 8
66 1 L 51
67 1 L 65
68 0 L 26
69
0 0 L -1
1 0 U -1
2 0 U -1
3 0 U -1
4 1 L -1
5 1 U -1
6 0 L -1
7 0 U -1
8 0 U 3
9 1 U 2
10 1 L 0
11 0 L 9
12 1 U 10
13 1 L 2
14 0 U 3
15 1 L 10
16 0 U -1
17 0 U 2
18 0 U -1
19 0 U 10
20 0 U 19
21 0 L 20
22 1 L 14
23 0 U 11
24 0 U 15
25 0 L 7
26 0 L 12
27 1 L 6
28 0 U 20
29 1 L 27
30 0 L 10
31 0 L 10
32 1 U 19
33 1 L -1
34 1 U 5
35 0 U 32
36 1 L 24
37 1 L -1
38 0 L 37
39 0 U 13
40 1 U 26
41 0 L 20
42 1 U -1
43 0 U -1
44 1 U 38
45 0 L 0
46 1 U -1
47 0 L 25
48 0 U 3
49 0 U 10
50 1 U 18
51 0 L 0
52 0 L 3
53 0 L 19
54 0 U 29
55 1 L 47
56 1 U 46
57 1 U 4
58 0 U 44
59 1 L 31
60 1 L 40
61 0 L 5
62 0 L 51
63 0 U 61
64 0 U 53
65 1 L 8
66 1 L 51
67 1 L 65
68 0 L 25
69
0 0 L -1
1 0 U -1
2 0 U -1
3 0 U -1
4 1 L -1
5 1 U -1
6 0 L -1
7 0 U -1
8 0 U 3
9 1 U 2
10 1 L 0
11 0 L 9
12 1 U 10
13 1 L 10
14 0 U 3
15 1 L 10
16 0 U -1
17 0 U 3
18 1 U -1
19 0 U 10
20 0 U 19
21 0 L 20
22 1 L 14
23 0 U 11
24 0 U 15
25 0 L 7
26 0 L 12
27 1 L 6
28 0 U 24
29 1 L 27
30 0 L 29
31 0 L 29
32 1 U 19
33 0 L -1
34 1 U 7
35 0 U 32
36 1 L 24
37 1 L -1
38 0 L 37
39 0 U 13
40 1 U 26
41 0 L 20
42 0 U -1
43 1 U -1
44 0 U 38
45 0 L 0
46 1 U -1
47 0 L 25
48 0 U 3
49 0 U 10
50 1 U 18
51 0 L 0
52 0 L 3
53 0 L 19
54 0 U 29
55 1 L 47
56 1 U 46
57 1 U 4
58 0 U 44
59 1 L 31
60 1 L 40
61 0 L 31
62 0 L 51
63 0 U 61
64 0 U 53
65 0 L 8
66 1 L 29
67 0 L 65
68 0 L 67
69
0 0 U -1
1 0 U -1
2 0 U -1
3 0 U -1
4 1 L -1
5 1 U -1
6 0 L -1
7 0 U -1
8 0 U 3
9 1 U 2
10 1 L 0
11 0 L 9
12 1 U 10
13 1 L 10
14 0 U 3
15 1 L 10
16 0 U -1
17 0 U 3
18 0 U -1
19 0 U 9
20 0 U 19
21 0 L 20
22 1 L 14
23 0 U 11
24 1 U 15
25 0 L 12
26 0 L 12
27 1 L 6
28 0 U 24
29 1 L 27
30 0 L 29
31 0 L 29
32 1 U 19
33 1 L -1
34 1 U 5
35 0 U 32
36 1 L 24
37 1 L -1
38 0 L 37
39 0 U 13
40 1 U 26
41 0 L 20
42 1 U -1
43 0 U -1
44 0 U 35
45 0 L 0
46 1 U -1
47 0 L 25
48 0 U 3
49 0 U 10
50 1 U 18
51 0 L 0
52 1 L 3
53 0 L 19
54 1 U 29
55 1 L 47
56 1 U 46
57 1 U 4
58 0 U 44
59 1 L 31
60 1 L 40
61 0 L 31
62 1 L 25
63 0 U 61
64 0 U 53
65 1 L 8
66 1 L 29
67 1 L 65
68 0 L 65
69
0 0 L -1
1 0 U -1
2 0 U -1
3 0 U -1
4 1 L -1
5 1 U -1
6 0 L -1
7 0 U -1
8 0 U 3
9 1 U 2
10 1 L 0
11 0 L 9
12 1 U 10
13 1 L 2
14 0 U 2
15 1 L 10
16 0 U -1
17 0 U 3
18 1 U -1
19 0 U 9
20 0 U 19
21 0 L 20
22 1 L 14
23 0 U 11
24 0 U 15
25 0 L 12
26 0 L 12
27 1 L 6
28 0 U 24
29 1 L 27
30 0 L 29
31 0 L 10
32 1 U 19
33 0 L -1
34 1 U 5
35 0 U 32
36 1 L 24
37 1 L -1
38 0 L 37
39 0 U 13
40 1 U 26
41 0 L 20
42 0 U -1
43 0 U -1
44 0 U 35
45 0 L 0
46 1 U -1
47 0 L 25
48 0 U 3
49 0 U 4
50 1 U 5
51 0 L 0
52 0 L 3
53 0 L 19
54 1 U 29
55 1 L 47
56 1 U 46
57 1 U 4
58 0 U 44
59 0 L 30
60 0 L 40
61 0 U 31
62 0 L 55
63 0 U 61
64 0 U 61
65 1 L 8
66 1 L 45
67 1 L 65
68 0 L 14
69
0 0 L -1
1 0 U -1
2 0 U -1
3 0 U -1
4 1 L -1
5 1 U -1
6 0 L -1
7 0 U -1
8 0 U 3
9 1 U 2
10 1 L 0
11 0 L 9
12 1 U 9
13 1 L 2
14 0 U 7
15 1 L 10
16 1 U -1
17 0 U 16
18 1 U -1
19 0 U 9
20 0 U 19
21 0 L 20
22 1 L 14
23 0 U 11
24 0 U 15
25 0 L 7
26 0 L 12
27 1 L 6
28 0 U 25
29 1 L 27
30 0 L 10
31 0 L 10
32 1 U 19
33 1 L -1
34 1 U 18
35 0 U 32
36 1 L 24
37 1 L -1
38 0 L 37
39 0 U 13
40 1 U 26
41 0 L 20
42 0 U -1
43 0 U -1
44 0 U 35
45 0 L 0
46 1 U -1
47 1 L 25
48 0 U 7
49 0 U 10
50 1 U 5
51 0 L 0
52 1 L 3
53 0 L 19
54 1 U 29
55 1 L 47
56 1 U 46
57 1 U 4
58 0 U 44
59 0 L 10
60 0 L 40
61 0 L 59
62 0 L 55
63 0 U 61
64 0 U 26
65 0 L 8
66 1 L 45
67 1 L 65
68 0 L 65
69
0 0 L -1
1 0 U -1
2 0 U -1
3 0 U -1
4 1 L -1
5 1 U -1
6 0 L -1
7 0 U -1
8 0 U 3
9 1 U 2
10 1 L 0
11 0 L 9
12 1 U 9
13 1 L 10
14 0 U 7
15 1 L 10
16 1 U -1
17 0 U 16
18 1 U -1
19 0 U 9
20 0 U 19
21 0 L 12
22 1 L 14
23 0 U 11
24 0 U 15
25 0 L 7
26 0 L 7
27 1 L 6
28 0 U 25
29 1 L 27
30 0 L 10
31 0 L 10
32 1 U 19
33 1 L -1
34 1 U 18
35 0 U 32
36 1 L 24
37 1 L -1
38 0 L 37
39 0 U 13
40 1 U 26
41 0 L 20
42 0 U -1
43 1 U -1
44 0 U 35
45 0 L 0
46 1 U -1
47 1 L 25
48 0 U 7
49 0 U 10
50 1 U 18
51 0 L 0
52 1 L 3
53 0 L 19
54 1 U 29
55 1 L 47
56 1 U 46
57 1 U 10
58 0 U 44
59 0 L 10
60 0 L 40
61 1 L 3
62 1 L 34
63 0 U 59
64 0 U 59
65 0 L 8
66 1 L 45
67 1 L 65
68 0 L 65
69
0 0 U -1
1 0 U -1
2 0 U -1
3 0 U -1
4 0 L -1
5 1 U -1
6 0 L -1
7 0 U -1
8 0 U 3
9 1 U 2
10 1 L 0
11 0 L 9
12 1 U 10
13 1 L 10
14 0 U 3
15 1 L 10
16 1 U -1
17 0 U 2
18 1 U -1
19 0 U 9
20 0 U 19
21 0 L 12
22 1 L 14
23 0 U 11
24 0 U 15
25 0 L 7
26 0 L 7
27 1 L 6
28 0 U 25
29 1 L 27
30 0 L 10
31 0 L 10
32 1 U 19
33 0 L -1
34 1 U 18
35 0 U 32
36 1 L 24
37 1 L -1
38 0 L 37
39 0 U 13
40 1 U 26
41 0 L 20
42 1 U -1
43 0 U -1
44 1 U 35
45 0 L 0
46 1 U -1
47 1 L 25
48 0 U 7
49 0 U 10
50 1 U 18
51 0 L 0
52 0 L 3
53 0 L 19
54 1 U 29
55 1 L 47
56 1 U 46
57 1 U 6
58 0 U 44
59 0 L 10
60 1 L 40
61 0 L 29
62 1 L 24
63 0 U 59
64 0 U 45
65 1 L 8
66 1 L 45
67 1 L 65
68 0 L 65
69
0 0 U -1
1 0 U -1
2 0 U -1
3 0 U -1
4 0 L -1
5 1 U -1
6 0 L -1
7 0 U -1
8 0 U 3
9 1 U 2
10 1 L 0
11 0 L 9
12 1 U 10
13 0 L 2
14 0 U 3
15 1 L 10
16 1 U -1
17 0 U 2
18 1 U -1
19 0 U 9
20 0 U 19
21 0 L 12
22 1 L 7
23 0 U 11
24 0 U 15
25 0 L 12
26 0 L 12
27 1 L 6
28 0 U 25
29 1 L 27
30 0 L -1
31 0 L 10
32 1 U 19
33 1 L -1
34 1 U 18
35 0 U 32
36 1 L 24
37 1 L -1
38 0 L 4
39 1 U 23
40 1 U 26
41 0 L 20
42 0 U -1
43 1 U -1
44 1 U 35
45 0 L 0
46 1 U -1
47 1 L 25
48 0 U 7
49 0 U 9
50 1 U 18
51 0 L 0
52 0 L 3
53 0 L 19
54 1 U 29
55 1 L 47
56 1 U 46
57 1 U 6
58 1 U 44
59 0 L 10
60 0 L 40
61 1 L 3
62 0 L 34
63 0 U 59
64 0 U 39
65 1 L 8
66 0 L 2
67 1 L 65
68 0 L 65
69
0 0 L -1
1 0 U -1
2 0 U -1
3 0 U -1
4 0 L -1
5 1 U -1
6 0 L -1
7 0 U -1
8 0 U 3
9 1 U 2
10 1 L 0
11 0 L 9
12 1 U 10
13 0 L 2
14 0 U 2
15 1 L 10
16 1 U -1
17 0 U 2
18 1 U -1
19 0 U 9
20 0 U 19
21 0 L 12
22 1 L 7
23 0 U 9
24 0 U 15
25 0 L 12
26 0 L 12
27 1 L 6
28 0 U 25
29 1 L 27
30 1 L -1
31 0 L 10
32 1 U 19
33 1 L -1
34 1 U 2
35 0 U 15
36 1 L 24
37 1 L -1
38 0 L 4
39 1 U 23
40 1 U 26
41 0 L 20
42 1 U -1
43 1 U -1
44 1 U 35
45 0 L 0
46 1 U -1
47 1 L 25
48 0 U 7
49 0 U 9
50 1 U 35
51 1 L 0
52 1 L 3
53 0 L 47
54 1 U 29
55 1 L 47
56 1 U 46
57 1 U 10
58 1 U 44
59 0 L 10
60 1 L 1
61 1 L 23
62 0 L 34
63 0 U 59
64 0 U 26
65 1 L 8
66 1 L 2
67 1 L 65
68 0 L 65
69
0 0 U -1
1 0 U -1
2 0 U -1
3 0 U -1
4 1 L -1
5 1 U -1
6 0 L -1
7 0 U -1
8 0 U 3
9 1 U 2
10 1 L 0
11 0 L 9
12 1 U 10
13 1 L 2
14 0 U 7
15 1 L 10
16 1 U -1
17 0 U 2
18 1 U -1
19 0 U 9
20 0 U 19
21 0 L 12
22 1 L 7
23 0 U 9
24 0 U 15
25 0 L 12
26 0 L 12
27 1 L 6
28 0 U 25
29 1 L 27
30 0 U 16
31 0 L 10
32 1 U 19
33 1 L -1
34 0 U 5
35 0 U 32
36 1 L 24
37 1 L -1
38 0 L 0
39 1 U 12
40 1 U 26
41 0 L 20
42 1 U -1
43 1 U -1
44 1 U 35
45 0 L 0
46 1 U -1
47 1 L 25
48 1 U 0
49 0 U 9
50 1 U 35
51 0 L 24
52 0 L 3
53 1 L 47
54 1 U 29
55 1 L 32
56 0 U 18
57 1 U 10
58 1 U 45
59 0 L 10
60 1 L 1
61 1 L 23
62 1 L 61
63 0 U 49
64 0 U 26
65 1 L 8
66 1 L 2
67 1 L 65
68 0 L 65
69
0 0 L -1
1 0 U -1
2 0 U -1
3 0 U -1
4 1 L -1
5 1 U -1
6 0 L -1
7 0 U -1
8 0 U 3
9 1 U 2
10 1 L 0
11 0 L 9
12 1 U 10
13 1 L 2
14 0 U 7
15 1 L 10
16 0 U -1
17 0 U 2
18 0 U -1
19 0 U 9
20 0 U 19
21 0 L 12
22 1 L 7
23 0 U 9
24 0 U 15
25 0 L 12
26 0 L 12
27 1 L 6
28 0 U 24
29 1 L 27
30 0 U 0
31 0 L 10
32 1 U 19
33 0 L -1
34 0 U 5
35 0 U 32
36 1 L 24
37 1 L -1
38 0 L 0
39 1 U 12
40 1 U 26
41 0 L 20
42 1 U -1
43 1 U -1
44 1 U 41
45 0 L 0
46 1 U -1
47 1 L 25
48 1 U 0
49 0 U 9
50 1 U 35
51 0 L 24
52 1 L 3
53 1 L 47
54 1 U 49
55 0 L 32
56 0 U 18
57 1 U 10
58 1 U 45
59 0 L 29
60 1 L 1
61 1 L 23
62 1 L 61
63 0 U 49
64 0 U 45
65 1 L 8
66 0 L 2
67 1 L 65
68 0 L 9
69
0 0 L -1
1 0 U -1
2 0 U -1
3 0 U -1
4 1 L -1
5 1 U -1
6 0 L -1
7 0 U -1
8 0 U 3
9 1 U 2
10 1 L 0
11 0 L 9
12 1 U 10
13 0 L 2
14 0 U 2
15 1 L 10
16 0 U -1
17 0 U 2
18 1 U -1
19 0 U 9
20 0 U 19
21 0 L 12
22 1 L 7
23 0 U 14
24 0 U 15
25 0 L 12
26 0 L 12
27 1 L 6
28 0 U 24
29 1 L 27
30 1 U 3
31 0 L 10
32 1 U 19
33 0 L -1
34 0 U 16
35 0 U 32
36 1 U 24
37 1 L -1
38 0 L 37
39 1 U 12
40 1 U 26
41 0 L 20
42 1 U -1
43 0 U -1
44 1 U 41
45 0 L 0
46 1 U -1
47 1 L 25
48 0 U 3
49 0 U 9
50 1 U 35
51 0 L 24
52 0 L 3
53 1 L 47
54 1 U 49
55 1 L 32
56 1 U 5
57 1 U 10
58 1 U 45
59 0 L 45
60 1 L 1
61 1 L 23
62 1 L 61
63 0 U 49
64 0 U 26
65 1 L 8
66 1 L 2
67 1 L 65
68 0 L 9
69
0 0 U -1
1 0 U -1
2 0 U -1
3 0 U -1
4 0 L -1
5 1 U -1
6 0 L -1
7 0 U -1
8 0 U 3
9 1 U 2
10 1 L 0
11 0 L 9
12 1 U 10
13 0 L 2
14 0 U 2
15 1 L 10
16 0 U -1
17 0 U 2
18 1 U -1
19 0 U 9
20 0 U 19
21 0 L 12
22 1 L 7
23 0 U 11
24 1 U 15
25 0 L 12
26 0 L 12
27 1 L 6
28 0 U 24
29 1 L 27
30 1 U 3
31 0 L 10
32 1 U 19
33 0 L -1
34 0 U 16
35 0 U 15
36 1 L 28
37 1 L -1
38 0 L 37
39 1 U 12
40 1 U 26
41 0 L 20
42 1 U -1
43 1 U -1
44 1 U 41
45 0 L 0
46 1 U -1
47 1 L 25
48 0 U 3
49 0 U 9
50 1 U 35
51 0 L 28
52 0 L 3
53 1 L 47
54 1 U 49
55 0 L 32
56 0 U 5
57 1 U 10
58 1 U 45
59 1 L 40
60 0 L 1
61 0 L 36
62 0 L 61
63 0 U 21
64 1 U 26
65 1 L 8
66 0 L 2
67 0 L 65
68 0 L 9
69
0 0 U -1
1 0 U -1
2 0 U -1
3 0 U -1
4 1 L -1
5 1 U -1
6 0 L -1
7 0 U -1
8 0 U 3
9 1 U 2
10 1 L 0
11 0 L 9
12 1 U 10
13 0 L 2
14 0 U 2
15 1 L 10
16 0 U -1
17 0 U 2
18 0 U -1
19 0 U 9
20 0 U 19
21 0 L 12
22 1 L 7
23 0 U 10
24 1 U 15
25 0 L 12
26 0 L 12
27 1 L 6
28 0 U 24
29 1 L 27
30 1 U 3
31 0 L 10
32 1 U 19
33 0 L -1
34 0 U 1
35 0 U 32
36 1 L 28
37 1 L -1
38 0 L 37
39 1 U 19
40 1 U 26
41 0 L 20
42 1 U -1
43 0 U -1
44 1 U 41
45 0 L 0
46 1 U -1
47 1 L 25
48 1 U 3
49 0 U 9
50 1 U 35
51 0 L 28
52 0 L 2
53 1 L 47
54 1 U 49
55 0 L 32
56 1 U 5
57 1 U 10
58 1 U 45
59 1 L 40
60 0 L 1
61 0 L 23
62 0 L 61
63 0 U 21
64 1 U 26
65 0 L 8
66 1 L 2
67 0 L 65
68 0 L 5
69
0 0 U -1
1 0 U -1
2 0 U -1
3 0 U -1
4 0 L -1
5 1 U -1
6 0 L -1
7 0 U -1
8 0 U 3
9 1 U 2
10 1 L 0
11 0 L 9
12 1 U 10
13 1 L 2
14 0 U 2
15 1 L 10
16 0 U -1
17 0 U 2
18 0 U -1
19 0 U 9
20 0 U 19
21 0 L 12
22 1 L 7
23 0 U 10
24 0 U 15
25 0 L 12
26 0 L 12
27 1 L 6
28 0 U 24
29 1 L 27
30 1 U 5
31 0 L 10
32 1 U 19
33 0 L -1
34 0 U 1
35 0 U 32
36 1 L 24
37 1 L -1
38 0 L 4
39 1 U 12
40 1 U 26
41 0 L 20
42 1 U -1
43 1 U -1
44 1 U 41
45 0 L 0
46 1 U -1
47 1 L 25
48 1 L 3
49 0 U 9
50 1 U 35
51 0 L 18
52 1 U 5
53 1 L 47
54 1 U 49
55 0 L 32
56 1 U 5
57 1 U 10
58 1 L 45
59 0 U 26
60 1 L 1
61 1 L 23
62 1 L 61
63 0 U 21
64 0 U 26
65 1 L 13
66 1 L 2
67 1 L 65
68 0 L 5
69
0 0 U -1
1 0 U -1
2 0 U -1
3 0 U -1
4 0 L -1
5 1 U -1
6 0 L -1
7 0 U -1
8 0 U 3
9 1 U 2
10 1 L 0
11 0 L 9
12 1 U 10
13 1 L 2
14 0 U 2
15 1 L 10
16 0 U -1
17 0 U 2
18 1 U -1
19 0 U 10
20 0 U 19
21 0 L 12
22 1 L 7
23 0 U 10
24 0 U 15
25 0 L 12
26 0 L 12
27 1 L 6
28 0 U 25
29 1 L 27
30 0 L 0
31 0 L 10
32 1 U 27
33 0 L -1
34 0 U 1
35 0 U 32
36 1 L 24
37 1 L -1
38 0 L 4
39 1 U 12
40 1 U 26
41 0 L 20
42 1 U -1
43 0 U -1
44 1 U 41
45 0 L 0
46 1 U -1
47 1 L 25
48 1 L 3
49 0 U 9
50 1 U 35
51 0 L 18
52 1 U 5
53 1 L 47
54 1 U 49
55 1 L 32
56 0 U 5
57 1 U 10
58 1 L 45
59 0 L 26
60 0 L 1
61 1 L 23
62 0 L 61
63 0 U 49
64 0 U 62
65 1 L 8
66 1 L 2
67 1 L 65
68 0 L 9
69
0 0 L -1
1 0 U -1
2 0 U -1
3 0 U -1
4 0 L -1
5 1 U -1
6 0 L -1
7 0 U -1
8 0 U 3
9 1 U 2
10 1 L 0
11 0 L 9
12 1 U 10
13 1 L 2
14 0 U 0
15 1 L 10
16 0 U -1
17 0 U 2
18 0 U -1
19 0 U 10
20 0 U 19
21 0 L 12
22 1 L 7
23 0 U 10
24 0 U 15
25 0 L 12
26 0 L 12
27 1 L 6
28 0 U 20
29 1 L 27
30 0 U 18
31 0 L 10
32 1 U 27
33 1 L -1
34 0 U 16
35 0 U 32
36 1 L 24
37 1 L -1
38 0 L 4
39 1 U 27
40 1 U 26
41 0 L 20
42 1 U -1
43 0 U -1
44 1 U 38
45 0 L 40
46 1 U -1
47 1 L 25
48 1 L 3
49 0 U 9
50 1 U 35
51 0 L 18
52 1 U 5
53 1 L 47
54 0 U 49
55 0 L 32
56 1 U 5
57 1 U 10
58 1 L 38
59 0 L 26
60 0 L 1
61 1 L 35
62 0 L 61
63 0 U 21
64 1 U 62
65 1 L 8
66 1 L 2
67 1 L 65
68 0 L 48
69
0 0 L -1
1 0 U -1
2 0 U -1
3 0 U -1
4 0 L -1
5 1 U -1
6 0 L -1
7 0 U -1
8 0 U 3
9 1 U 2
10 1 L 0
11 0 L 9
12 1 U 10
13 1 L 2
14 0 U 0
15 1 L 10
16 0 U -1
17 0 U 2
18 1 U -1
19 0 U 10
20 0 U 19
21 0 L 12
22 1 L 7
23 0 U 4
24 0 U 15
25 0 L 12
26 0 L 12
27 1 L 6
28 0 U 20
29 1 L 27
30 0 U 18
31 0 L 10
32 1 U 27
33 1 L -1
34 1 U 5
35 0 U 32
36 1 L 24
37 1 L -1
38 0 L 4
39 1 U 27
40 1 U 26
41 0 L 20
42 1 U -1
43 0 U -1
44 1 U 38
45 0 L 40
46 1 U -1
47 1 L 25
48 1 L 3
49 0 U 8
50 1 U 35
51 0 L 18
52 0 U 18
53 1 L 47
54 1 U 49
55 0 L 32
56 1 U 5
57 1 U 10
58 0 L 0
59 0 L 25
60 0 L 3
61 0 L 35
62 0 L 61
63 0 U 12
64 1 U 62
65 1 L 8
66 0 L 2
67 1 L 65
68 0 L 65
69
0 0 L -1
1 0 U -1
2 0 U -1
3 0 U -1
4 0 L -1
5 1 U -1
6 0 L -1
7 0 U -1
8 0 U 3
9 1 U 2
10 1 L 0
11 0 L 9
12 1 U 10
13 1 L 10
14 0 U 7
15 1 L 10
16 1 U -1
17 0 U 2
18 1 U -1
19 0 U 10
20 0 U 19
21 0 L 12
22 1 L 7
23 1 U 4
24 0 U 15
25 0 L 12
26 0 L 12
27 1 L 6
28 0 U 20
29 1 L 27
30 0 U 18
31 0 L 10
32 1 U 27
33 0 L -1
34 1 U 5
35 0 U 32
36 1 L 24
37 1 L -1
38 0 L 4
39 1 U 27
40 1 U 26
41 0 L 20
42 1 U -1
43 1 U -1
44 1 U 38
45 0 L 40
46 1 U -1
47 1 L 25
48 1 L 3
49 1 U 8
50 1 U 35
51 1 L 42
52 0 U 18
53 1 L 47
54 0 U 49
55 0 L 32
56 1 U 5
57 1 U 10
58 0 L 0
59 0 L 17
60 0 L 3
61 0 L 34
62 1 L 1
63 0 U 12
64 1 U 62
65 1 L 8
66 0 L 2
67 1 L 65
68 0 L 48
69
0 0 U -1
1 0 U -1
2 0 U -1
3 0 U -1
4 0 L -1
5 1 U -1
6 0 L -1
7 0 U -1
8 0 U 3
9 1 U 2
10 1 L 0
11 0 L 9
12 1 U 10
13 1 L 10
14 0 U 7
15 1 L 10
16 1 U -1
17 0 U 2
18 0 U -1
19 0 U 10
20 0 U 19
21 0 L 12
22 1 L 7
23 1 U 14
24 0 U 15
25 0 L 12
26 0 L 12
27 1 L 6
28 0 U 20
29 1 L 27
30 0 U 3
31 0 L 10
32 1 U 27
33 1 L -1
34 1 U 3
35 0 U 32
36 1 L 24
37 1 L -1
38 0 L 4
39 1 U 23
40 1 U 26
41 0 L 20
42 1 U -1
43 1 U -1
44 1 U 38
45 0 L 40
46 1 U -1
47 1 L 25
48 1 L 3
49 0 U 8
50 1 U 38
51 1 L 42
52 0 U 16
53 1 L 17
54 1 U 49
55 0 L 32
56 1 U 5
57 0 U 10
58 0 L 0
59 0 L 49
60 0 L 3
61 0 L 25
62 1 L 45
63 0 U 49
64 1 U 62
65 1 L 8
66 0 L 2
67 1 L 65
68 0 L 48
69
0 0 U -1
1 0 U -1
2 0 U -1
3 0 U -1
4 0 L -1
5 1 U -1
6 0 L -1
7 0 U -1
8 0 U 3
9 1 U 2
10 1 L 0
11 0 L 9
12 1 U 10
13 1 L 10
14 0 U 7
15 1 L 10
16 1 U -1
17 0 U 2
18 1 U -1
19 0 U 10
20 0 U 19
21 0 L 12
22 1 L 7
23 1 U 14
24 0 U 15
25 0 L 12
26 0 L 12
27 1 L 6
28 0 U 25
29 1 L 27
30 0 U 3
31 0 L 10
32 1 U 27
33 1 L -1
34 1 U 3
35 0 U 22
36 1 L 24
37 1 L -1
38 0 L 4
39 1 U 23
40 1 U 26
41 0 L 20
42 0 U -1
43 0 U -1
44 1 U 38
45 0 L 40
46 1 U -1
47 1 L 25
48 1 L 3
49 1 U 8
50 1 U 38
51 1 L 34
52 0 U 3
53 1 L 17
54 1 U 49
55 0 L 32
56 1 U 5
57 1 U 8
58 1 L 0
59 0 L 47
60 0 L 3
61 0 L 25
62 1 U 45
63 0 U 29
64 1 U 62
65 0 L 8
66 0 L 2
67 0 L 65
68 0 L 1
69
0 0 L -1
1 0 U -1
2 0 U -1
3 0 U -1
4 1 L -1
5 1 U -1
6 0 L -1
7 0 U -1
8 0 U 3
9 1 U 2
10 1 L 0
11 0 L 9
12 1 U 9
13 0 L 10
14 0 U 3
15 1 L 10
16 0 U -1
17 0 U 2
18 1 U -1
19 0 U 9
20 0 U 19
21 0 L 12
22 1 L 7
23 1 U 14
24 0 U 15
25 0 L 12
26 0 L 12
27 1 L 6
28 0 U 25
29 1 L 27
30 0 U 3
31 0 L 29
32 1 U 19
33 0 L -1
34 1 U 5
35 0 U 22
36 1 L 24
37 1 L -1
38 0 L 37
39 1 U 23
40 1 U 26
41 0 L 20
42 1 U -1
43 1 U -1
44 1 U 38
45 0 L 40
46 1 U -1
47 1 L 25
48 1 L 3
49 1 U 8
50 1 U 38
51 1 L 35
52 0 U 18
53 1 L 17
54 0 U 27
55 0 L 32
56 1 U 5
57 1 U 8
58 0 L 0
59 0 L 47
60 1 L 3
61 0 L 51
62 1 L 45
63 0 U 29
64 1 U 62
65 0 L 8
66 0 L 2
67 0 L 65
68 0 L 1
69
0 0 U -1
1 0 U -1
2 0 U -1
3 0 U -1
4 1 L -1
5 1 U -1
6 0 L -1
7 0 U -1
8 0 U 3
9 1 U 2
10 1 L 0
11 0 L 9
12 1 U 9
13 0 L 2
14 0 U 3
15 1 L 10
16 1 U -1
17 0 U 2
18 0 U -1
19 0 U 9
20 0 U 19
21 0 L 12
22 1 L 7
23 1 U 14
24 0 U 15
25 0 L 12
26 0 L 12
27 1 L 6
28 0 U 20
29 1 L 27
30 0 U 3
31 0 L 29
32 1 U 19
33 1 L -1
34 1 U 3
35 0 U 22
36 1 L 24
37 1 L -1
38 0 L 0
39 1 U 23
40 1 U 26
41 0 L 20
42 0 U -1
43 1 U -1
44 1 U 25
45 0 L 40
46 1 U -1
47 1 L 25
48 1 L 13
49 1 U 8
50 1 U 25
51 1 L 35
52 0 U 18
53 1 L 47
54 0 U 27
55 1 L 32
56 1 U 46
57 1 U 56
58 0 L 0
59 0 L 47
60 1 L 3
61 0 L 11
62 1 L 45
63 0 U 27
64 1 U 62
65 0 L 8
66 0 L 2
67 0 L 65
68 0 L 1
69
0 0 L -1
1 0 U -1
2 0 U -1
3 0 U -1
4 1 L -1
5 1 U -1
6 0 L -1
7 0 U -1
8 0 U 3
9 1 U 2
10 1 L 0
11 0 L 9
12 1 U 9
13 0 L 2
14 0 U 3
15 1 L 10
16 1 U -1
17 0 U 2
18 1 U -1
19 0 U 9
20 0 U 19
21 0 L 12
22 1 L 7
23 1 U 14
24 0 U 15
25 0 L 12
26 0 L 12
27 1 L 6
28 0 U 20
29 1 L 27
30 0 U 3
31 0 L 29
32 1 U 19
33 0 L -1
34 1 U 3
35 0 U 22
36 1 L 24
37 1 L -1
38 0 L 0
39 1 U 23
40 1 U 26
41 0 L 20
42 0 U -1
43 0 U -1
44 1 U 24
45 0 L 40
46 1 U -1
47 1 L 25
48 1 L 31
49 1 U 9
50 1 U 25
51 0 L 35
52 0 U 3
53 1 L 47
54 1 U 27
55 1 L 53
56 1 U 46
57 1 U 4
58 0 L 40
59 0 L 47
60 1 L 3
61 0 L 11
62 1 L 45
63 0 U 57
64 1 U 62
65 0 L 8
66 0 L 2
67 0 L 65
68 0 L 58
69
0 0 L -1
1 0 U -1
2 0 U -1
3 0 U -1
4 1 L -1
5 1 U -1
6 0 L -1
7 0 U -1
8 0 U 3
9 1 U 2
10 1 L 0
11 0 L 9
12 1 U 9
13 0 L 2
14 0 U 3
15 1 L 10
16 0 U -1
17 0 U 2
18 0 U -1
19 0 U 9
20 0 U 19
21 0 L 12
22 1 L 7
23 1 U 14
24 0 U 15
25 0 L 12
26 0 L 12
27 1 L 6
28 0 U 25
29 1 L 27
30 0 U 3
31 0 L 29
32 1 U 19
33 1 L -1
34 1 U 3
35 0 U 22
36 1 L 24
37 1 L -1
38 0 L 0
39 1 U 23
40 1 U 26
41 0 L 20
42 1 U -1
43 1 U -1
44 1 U 41
45 0 L 40
46 1 U -1
47 1 L 25
48 1 L 31
49 1 U 9
50 1 U 38
51 1 L 35
52 0 U 3
53 1 L 47
54 1 U 27
55 1 L 53
56 1 U 46
57 1 U 4
58 0 L 40
59 0 L 51
60 1 L 3
61 0 L 60
62 1 L 45
63 0 U 57
64 1 U 62
65 0 L 8
66 0 L 2
67 0 L 65
68 0 L 58
69
0 0 L -1
1 0 U -1
2 0 U -1
3 0 U -1
4 1 L -1
5 1 U -1
6 0 L -1
7 0 U -1
8 0 U 3
9 1 U 2
10 1 L 0
11 0 L 9
12 1 U 9
13 0 L 2
14 0 U 3
15 1 L 10
16 1 U -1
17 0 U 2
18 0 U -1
19 0 U 9
20 0 U 19
21 0 L 12
22 1 L 7
23 1 U 14
24 0 U 15
25 0 L 12
26 0 L 12
27 1 L 6
28 0 U 25
29 1 L 27
30 0 U 5
31 0 L 10
32 1 U 19
33 1 L -1
34 1 U 3
35 0 U 22
36 1 L 24
37 1 L -1
38 0 L 0
39 1 U 19
40 1 U 26
41 0 L 20
42 0 U -1
43 0 U -1
44 1 U 41
45 0 L 40
46 1 U -1
47 1 L 25
48 1 L 31
49 1 U 8
50 1 U 38
51 1 L 35
52 0 U 7
53 1 L 47
54 1 U 27
55 1 L 28
56 1 U 46
57 1 U 10
58 0 L 40
59 0 L 51
60 1 L 3
61 0 L 28
62 1 L 45
63 0 U 57
64 1 U 62
65 0 L 8
66 0 L 2
67 0 L 65
68 0 L 58
69
0 0 U -1
1 0 U -1
2 0 U -1
3 0 U -1
4 0 L -1
5 1 U -1
6 0 L -1
7 0 U -1
8 0 U 3
9 1 U 2
10 1 L 0
11 0 L 9
12 1 U 10
13 0 L 10
14 0 U 3
15 1 L 10
16 0 U -1
17 0 U 2
18 1 U -1
19 0 U 9
20 0 U 19
21 0 L 12
22 1 L 7
23 1 U 14
24 0 U 15
25 0 L 12
26 0 L 12
27 1 L 6
28 0 U 24
29 1 L 27
30 0 U 5
31 0 L 10
32 1 U 19
33 1 L -1
34 1 U 3
35 0 U 22
36 1 L 24
37 1 L -1
38 0 L 0
39 1 U 21
40 1 U 26
41 0 L 20
42 1 U -1
43 0 U -1
44 1 U 41
45 0 L 40
46 1 U -1
47 1 L 25
48 1 L 31
49 1 U 8
50 1 U 38
51 0 L 49
52 0 U 7
53 1 L 47
54 1 U 27
55 0 L 28
56 1 U 46
57 1 U 9
58 0 L 40
59 0 L 23
60 1 L 3
61 0 L 28
62 1 L 45
63 0 U 57
64 1 U 62
65 0 L 8
66 0 L 2
67 0 L 65
68 0 L 58
69
0 0 L -1
1 0 U -1
2 0 U -1
3 0 U -1
4 0 L -1
5 1 U -1
6 0 L -1
7 0 U -1
8 0 U 3
9 1 U 2
10 1 L 0
11 0 L 9
12 1 U 10
13 1 L 10
14 0 U 3
15 1 L 10
16 1 U -1
17 0 U 2
18 1 U -1
19 0 U 9
20 0 U 19
21 0 L 12
22 1 L 7
23 1 U 14
24 0 U 15
25 0 L 12
26 0 L 12
27 1 L 6
28 0 U 25
29 1 L 27
30 0 U 5
31 0 L 10
32 1 U 19
33 1 L -1
34 1 U 3
35 0 U 32
36 1 L 24
37 1 L -1
38 0 L 4
39 1 U 21
40 1 U 26
41 0 L 20
42 1 U -1
43 1 U -1
44 1 U 41
45 0 L 40
46 1 U -1
47 1 L 25
48 1 L 3
49 1 U 8
50 1 U 38
51 0 L 49
52 0 U 7
53 1 L 17
54 1 U 21
55 1 L 28
56 1 U 46
57 0 U 9
58 0 L 40
59 0 L 34
60 1 L 3
61 0 L 18
62 1 L 45
63 0 U 57
64 1 U 62
65 0 L 8
66 0 L 2
67 0 L 65
68 0 L 58
69
0 0 U -1
1 0 U -1
2 0 U -1
3 0 U -1
4 0 L -1
5 1 U -1
6 0 L -1
7 0 U -1
8 0 U 3
9 1 U 2
10 1 L 0
11 0 L 9
12 1 U 10
13 1 L 10
14 0 U 3
15 1 L 10
16 0 U -1
17 0 U 2
18 0 U -1
19 0 U 9
20 0 U 19
21 0 L 12
22 1 L 7
23 1 U 14
24 0 U 15
25 0 L 12
26 0 L 12
27 1 L 6
28 0 U 24
29 1 L 27
30 0 U 7
31 0 L 10
32 1 U 19
33 1 L -1
34 1 U 3
35 0 U 32
36 1 L 24
37 1 L -1
38 0 L 4
39 1 U 23
40 1 U 26
41 0 L 20
42 1 U -1
43 1 U -1
44 1 U 35
45 0 L 40
46 1 U -1
47 1 L 25
48 1 L 3
49 0 U 8
50 1 U 38
51 0 L 49
52 0 U 7
53 1 L 17
54 1 U 49
55 0 L 28
56 1 U 46
57 0 U 17
58 0 L 40
59 1 L 34
60 1 L 3
61 0 L 18
62 1 L 45
63 0 U 57
64 1 U 62
65 0 L 8
66 0 L 2
67 0 L 65
68 0 L 58
69
0 0 U -1
1 0 U -1
2 0 U -1
3 0 U -1
4 1 L -1
5 1 U -1
6 0 L -1
7 0 U -1
8 0 U 3
9 1 U 2
10 1 L 0
11 0 L 9
12 1 U 10
13 1 L 2
14 0 U 3
15 1 L 10
16 0 U -1
17 0 U 2
18 0 U -1
19 0 U 9
20 0 U 19
21 0 L 12
22 1 L 7
23 1 U 14
24 0 U 15
25 0 L 12
26 0 L 12
27 1 L 6
28 0 U 24
29 1 L 27
30 0 U 18
31 0 L 10
32 1 U 27
33 1 L -1
34 1 U 18
35 0 U 32
36 1 L 24
37 1 L -1
38 0 L 37
39 1 U 21
40 1 U 26
41 0 L 20
42 1 U -1
43 1 U -1
44 1 U 35
45 0 L 40
46 1 U -1
47 1 L 25
48 1 L 3
49 1 U 8
50 1 U 20
51 0 L 49
52 0 U 3
53 1 L 17
54 1 U 27
55 0 L 18
56 1 U 18
57 0 U 8
58 0 L 40
59 1 L 35
60 1 L 3
61 0 L 18
62 1 L 45
63 0 U 57
64 1 U 62
65 0 L 8
66 0 L 2
67 0 L 65
68 0 L 58
69
0 0 U -1
1 0 U -1
2 0 U -1
3 0 U -1
4 0 L -1
5 1 U -1
6 0 L -1
7 0 U -1
8 0 U 3
9 1 U 2
10 1 L 0
11 0 L 9
12 1 U 10
13 1 L 10
14 0 U 3
15 1 L 10
16 1 U -1
17 0 U 2
18 0 U -1
19 0 U 9
20 0 U 19
21 0 L 12
22 1 L 7
23 1 U 4
24 0 U 15
25 0 L 12
26 0 L 12
27 1 L 6
28 0 U 24
29 1 L 27
30 0 U 18
31 0 L 10
32 1 U 27
33 0 L -1
34 1 U 18
35 0 U 32
36 1 L 24
37 1 L -1
38 0 L 37
39 1 U 21
40 1 U 26
41 0 L 20
42 1 U -1
43 1 U -1
44 1 U 35
45 0 L 40
46 1 U -1
47 1 L 25
48 1 L 3
49 1 U 8
50 1 U 20
51 0 L 49
52 0 U 18
53 1 L 17
54 1 U 27
55 1 L 18
56 1 U 18
57 1 U 8
58 0 L 40
59 1 L 35
60 1 L 3
61 0 L 18
62 1 L 45
63 0 U 27
64 1 U 62
65 0 L 8
66 0 L 62
67 0 L 65
68 0 L 58
69
0 0 U -1
1 0 U -1
2 0 U -1
3 0 U -1
4 0 L -1
5 1 U -1
6 0 L -1
7 0 U -1
8 0 U 3
9 1 U 2
10 1 L 0
11 0 L 9
12 1 U 10
13 1 L 10
14 0 U 7
15 1 L 10
16 1 U -1
17 0 U 2
18 1 U -1
19 0 U 9
20 0 U 19
21 0 L 12
22 1 L 7
23 1 U 4
24 0 U 15
25 0 L 12
26 0 L 12
27 1 L 6
28 0 U 24
29 1 L 27
30 0 U 18
31 0 L 10
32 1 U 27
33 1 L -1
34 1 U 7
35 0 U 32
36 1 L 24
37 1 L -1
38 0 L 37
39 1 U 21
40 1 U 26
41 0 L 20
42 0 U -1
43 1 U -1
44 1 U 35
45 0 L 40
46 1 U -1
47 1 L 25
48 1 L 3
49 1 U 8
50 1 U 20
51 0 L 49
52 0 U 16
53 1 L 17
54 1 U 27
55 1 L 18
56 1 U 18
57 0 U 8
58 0 L 40
59 1 L 35
60 1 L 3
61 0 L 24
62 1 L 45
63 0 U 21
64 1 U 62
65 0 L 8
66 0 L 62
67 0 L 65
68 0 L 58
69
0 0 U -1
1 0 U -1
2 0 U -1
3 0 U -1
4 0 L -1
5 1 U -1
6 0 L -1
7 0 U -1
8 0 U 3
9 1 U 2
10 1 L 0
11 0 L 9
12 1 U 10
13 1 L 10
14 0 U 2
15 1 L 10
16 1 U -1
17 0 U 2
18 1 U -1
19 0 U 9
20 0 U 19
21 0 L 12
22 1 L 7
23 1 U 4
24 0 U 15
25 0 L 12
26 0 L 12
27 1 L 6
28 0 U 24
29 1 L 27
30 0 U 27
31 0 L 10
32 1 U 27
33 0 L -1
34 1 U 7
35 0 U 32
36 1 L 24
37 1 L -1
38 0 L 37
39 1 U 21
40 1 U 26
41 0 L 20
42 0 U -1
43 0 U -1
44 1 U 35
45 0 L 40
46 1 U -1
47 1 L 25
48 1 L 3
49 1 U 10
50 1 U 20
51 0 L 49
52 1 U 18
53 1 L 17
54 0 U 27
55 0 L 53
56 1 U 42
57 1 U 8
58 0 L 40
59 1 L 35
60 1 L 3
61 0 L 24
62 1 L 45
63 0 U 19
64 1 U 62
65 0 L 8
66 0 L 62
67 0 L 65
68 0 L 58
69
0 0 L -1
1 0 U -1
2 0 U -1
3 0 U -1
4 0 L -1
5 1 U -1
6 0 L -1
7 0 U -1
8 0 U 3
9 1 U 2
10 1 L 0
11 0 L 9
12 1 U 10
13 1 L 10
14 0 U 3
15 1 L 10
16 0 U -1
17 0 U 2
18 0 U -1
19 0 U 9
20 0 U 19
21 0 L 12
22 1 L 7
23 1 U 4
24 0 U 15
25 0 L 12
26 0 L 12
27 1 L 6
28 0 U 25
29 1 L 27
30 0 U 27
31 0 L 29
32 1 U 27
33 0 L -1
34 1 U 7
35 0 U 32
36 1 L 24
37 1 L -1
38 0 L 4
39 1 U 21
40 1 U 26
41 0 L 20
42 0 U -1
43 1 U -1
44 1 U 35
45 0 L 40
46 1 U -1
47 1 L 25
48 1 L 3
49 1 U 10
50 1 U 20
51 0 L 49
52 0 U 42
53 1 L 17
54 0 U 23
55 0 L 24
56 1 U 42
57 0 U 8
58 0 L 40
59 1 L 35
60 1 L 3
61 0 L 34
62 1 L 45
63 0 U 19
64 1 U 62
65 0 L 8
66 0 L 62
67 0 L 65
68 0 L 58
69
0 0 U -1
1 0 U -1
2 0 U -1
3 0 U -1
4 0 L -1
5 1 U -1
6 0 L -1
7 0 U -1
8 0 U 3
9 1 U 2
10 1 L 0
11 0 L 9
12 1 U 10
13 1 L 2
14 0 U 3
15 1 L 10
16 1 U -1
17 0 U 2
18 1 U -1
19 0 U 9
20 0 U 19
21 0 L 12
22 1 L 7
23 1 U 14
24 0 U 15
25 0 L 12
26 0 L 12
27 1 L 6
28 0 U 24
29 1 L 27
30 0 U 27
31 0 L 29
32 1 U 27
33 0 L -1
34 1 U 7
35 0 U 32
36 1 L 24
37 1 L -1
38 0 L 4
39 1 U 23
40 1 U 26
41 0 L 20
42 0 U -1
43 1 U -1
44 1 U 35
45 0 L 40
46 1 U -1
47 1 L 25
48 1 L 8
49 1 U 10
50 1 U 20
51 0 L 49
52 0 U 42
53 1 L 17
54 0 U 23
55 0 L 24
56 1 U 42
57 1 U 8
58 0 L 40
59 1 L 35
60 1 L 3
61 0 L 34
62 1 L 45
63 0 U 19
64 1 U 62
65 0 L 8
66 0 L 62
67 0 L 65
68 0 L 58
69
0 0 L -1
1 0 U -1
2 0 U -1
3 0 U -1
4 0 L -1
5 1 U -1
6 0 L -1
7 0 U -1
8 0 U 3
9 1 U 2
10 1 L 0
11 0 L 9
12 1 U 10
13 1 L 2
14 0 U 3
15 1 L 10
16 1 U -1
17 0 U 2
18 0 U -1
19 0 U 9
20 0 U 19
21 0 L 12
22 1 L 7
23 1 U 14
24 0 U 15
25 0 L 12
26 0 L 12
27 1 L 6
28 0 U 24
29 1 L 27
30 1 U 27
31 0 L 10
32 1 U 27
33 0 L -1
34 1 U 18
35 0 U 32
36 1 L 24
37 1 L -1
38 0 L 4
39 1 U 23
40 1 U 26
41 0 L 20
42 0 U -1
43 1 U -1
44 1 U 35
45 0 L 40
46 1 U -1
47 1 L 25
48 1 L 8
49 1 U 10
50 1 U 38
51 0 L 49
52 0 U 42
53 1 L 17
54 0 U 23
55 1 L 24
56 1 U 46
57 1 U 56
58 0 L 40
59 1 L 35
60 1 L 3
61 0 L 41
62 1 L 45
63 0 U 42
64 1 U 62
65 0 L 8
66 0 L 62
67 0 L 65
68 0 L 58
69
0 0 U -1
1 0 U -1
2 0 U -1
3 0 U -1
4 0 L -1
5 1 U -1
6 0 L -1
7 0 U -1
8 0 U 3
9 1 U 2
10 1 L 0
11 0 L 9
12 1 U 9
13 1 L 2
14 0 U 3
15 1 L 10
16 0 U -1
17 0 U 2
18 1 U -1
19 0 U 9
20 0 U 19
21 0 L 12
22 1 L 7
23 1 U 14
24 0 U 15
25 0 L 12
26 0 L 12
27 1 L 6
28 0 U 24
29 1 L 27
30 1 U 27
31 0 L 10
32 1 U 27
33 0 L -1
34 1 U 18
35 0 U 32
36 1 L 24
37 1 L -1
38 0 L 4
39 1 U 23
40 1 U 26
41 0 L 20
42 0 U -1
43 1 U -1
44 1 U 35
45 0 L 40
46 1 U -1
47 1 L 25
48 1 L 13
49 1 U 10
50 1 U 38
51 0 L 49
52 0 U 42
53 1 L 17
54 0 U 23
55 1 L 24
56 1 U 46
57 1 U 56
58 0 L 40
59 1 L 35
60 1 L 3
61 0 L 41
62 1 L 45
63 0 U 42
64 1 U 62
65 0 L 8
66 0 L 62
67 0 L 65
68 0 L 58
69
0 0 L -1
1 0 U -1
2 0 U -1
3 0 U -1
4 0 L -1
5 1 U -1
6 0 L -1
7 0 U -1
8 0 U 3
9 1 U 2
10 1 L 0
11 0 L 9
12 1 U 9
13 1 L 2
14 0 U 0
15 1 L 10
16 0 U -1
17 0 U 2
18 1 U -1
19 0 U 9
20 0 U 19
21 0 L 12
22 1 L 7
23 1 U 4
24 0 U 15
25 0 L 12
26 0 L 12
27 1 L 6
28 0 U 24
29 1 L 27
30 1 U 27
31 0 L 10
32 1 U 27
33 1 L -1
34 1 U 18
35 0 U 32
36 1 L 24
37 1 L -1
38 0 L 4
39 1 U 27
40 1 U 26
41 0 L 20
42 0 U -1
43 1 U -1
44 1 U 35
45 0 L 40
46 1 U -1
47 1 L 25
48 1 L 13
49 1 U 10
50 1 U 33
51 0 L 49
52 0 U 42
53 1 L 17
54 1 U 23
55 0 L 24
56 1 U 46
57 0 U 56
58 0 L 40
59 1 L 35
60 1 L 3
61 0 L 41
62 1 L 45
63 0 U 42
64 1 U 62
65 0 L 8
66 0 L 62
67 0 L 65
68 0 L 58
69
0 0 U -1
1 0 U -1
2 0 U -1
3 0 U -1
4 0 L -1
5 1 U -1
6 0 L -1
7 0 U -1
8 0 U 3
9 1 U 2
10 1 L 0
11 0 L 9
12 1 U 9
13 1 L 2
14 0 U 0
15 1 L 10
16 1 U -1
17 0 U 2
18 0 U -1
19 0 U 9
20 0 U 19
21 0 L 12
22 1 L 7
23 1 U 4
24 0 U 15
25 0 L 12
26 0 L 12
27 1 L 6
28 0 U 24
29 1 L 27
30 1 U 27
31 0 L 29
32 1 U 27
33 0 L -1
34 1 U 18
35 0 U 32
36 1 L 24
37 1 L -1
38 0 L 4
39 1 U 27
40 1 U 26
41 0 L 20
42 0 U -1
43 1 U -1
44 1 U 35
45 0 L 40
46 1 U -1
47 1 L 25
48 1 L 3
49 1 U 10
50 1 U 33
51 0 L 49
52 0 U 42
53 1 L 17
54 1 U 23
55 0 L 24
56 1 U 46
57 1 U 9
58 0 L 40
59 1 L 35
60 1 L 3
61 0 L 41
62 1 L 45
63 0 U 46
64 1 U 62
65 0 L 8
66 0 L 62
67 0 L 65
68 0 L 58
69
0 0 L -1
1 0 U -1
2 0 U -1
3 0 U -1
4 0 L -1
5 1 U -1
6 0 L -1
7 0 U -1
8 0 U 3
9 1 U 2
10 1 L 0
11 0 L 9
12 1 U 9
13 1 L 2
14 0 U 0
15 1 L 10
16 1 U -1
17 0 U 2
18 0 U -1
19 0 U 9
20 0 U 19
21 0 L 12
22 1 L 7
23 1 U 4
24 0 U 15
25 0 L 12
26 0 L 12
27 1 L 6
28 0 U 3
29 1 L 27
30 1 L -1
31 0 L 29
32 1 U 27
33 1 L -1
34 1 U 19
35 0 U 32
36 1 L 24
37 1 L -1
38 0 L 0
39 0 U -1
40 1 U 26
41 0 L 20
42 0 U -1
43 0 U -1
44 1 U 33
45 0 L 0
46 1 U -1
47 1 L 25
48 1 L 13
49 1 U 10
50 1 U 20
51 0 L 39
52 0 U 42
53 1 L 17
54 1 U 19
55 1 L 18
56 0 U 42
57 1 U 9
58 0 L 40
59 0 L 35
60 1 L 8
61 0 L 41
62 1 L 45
63 0 U 61
64 1 U 60
65 0 L 8
66 0 L 62
67 0 L 65
68 0 L 58
69
0 0 L -1
1 0 U -1
2 0 U -1
3 0 U -1
4 0 L -1
5 1 U -1
6 0 L -1
7 0 U -1
8 0 U 3
9 1 U 2
10 1 L 0
11 0 L 9
12 1 U 9
13 1 L 2
14 0 U 0
15 1 L 10
16 1 U -1
17 0 U 2
18 1 U -1
19 0 U 9
20 0 U 19
21 0 L 12
22 1 L 7
23 1 U 4
24 0 U 15
25 0 L 12
26 0 L 12
27 1 L 6
28 0 U 3
29 1 L 27
30 0 L -1
31 0 L 29
32 1 U 27
33 1 L -1
34 1 U 19
35 0 U 34
36 1 L 24
37 1 L -1
38 0 L 0
39 0 U -1
40 1 U 26
41 0 L 20
42 0 U -1
43 0 U -1
44 1 U 38
45 0 L 0
46 1 U -1
47 1 L 25
48 1 L 3
49 1 U 10
50 1 U 20
51 0 L 39
52 1 U 42
53 1 L 17
54 0 U 19
55 0 L 47
56 1 U 5
57 1 U 9
58 0 L 40
59 1 L 35
60 1 L 8
61 0 L 41
62 1 L 45
63 0 U 61
64 0 U 60
65 0 L 8
66 0 L 62
67 0 L 65
68 0 L 58
69
0 0 U -1
1 0 U -1
2 0 U -1
3 0 U -1
4 0 L -1
5 1 U -1
6 0 L -1
7 0 U -1
8 0 U 3
9 1 U 2
10 1 L 0
11 0 L 9
12 1 U 9
13 1 L 2
14 0 U 0
15 1 L 10
16 1 U -1
17 0 U 2
18 0 U -1
19 0 U 9
20 0 U 19
21 0 L 12
22 1 L 7
23 1 U 4
24 0 U 15
25 0 L 12
26 0 L 12
27 1 L 6
28 0 U 3
29 1 L 27
30 1 L -1
31 0 L 29
32 0 U 8
33 1 L -1
34 1 U 21
35 0 U 22
36 1 L 24
37 1 L -1
38 0 L 37
39 0 U -1
40 1 U 26
41 0 L 20
42 0 U -1
43 1 U -1
44 1 U 38
45 0 L 0
46 1 U -1
47 1 L 25
48 1 L 3
49 1 U 10
50 1 U 33
51 0 L 39
52 1 U 0
53 1 L 17
54 1 U 23
55 0 L 47
56 1 U 5
57 0 U 51
58 0 L 40
59 1 L 35
60 1 L 8
61 0 L 41
62 1 L 45
63 0 U 61
64 0 U 26
65 0 L 8
66 0 L 62
67 0 L 65
68 0 L 58
69
0 0 L -1
1 0 U -1
2 0 U -1
3 0 U -1
4 0 L -1
5 1 U -1
6 0 L -1
7 0 U -1
8 0 U 3
9 1 U 0
10 1 L 0
11 0 L 9
12 1 U 9
13 1 L 10
14 0 U 2
15 1 L 10
16 1 U -1
17 0 U 2
18 1 U -1
19 0 U 9
20 0 U 19
21 0 L 12
22 1 L 7
23 1 U 4
24 0 U 15
25 0 L 12
26 0 L 7
27 1 L 6
28 0 U 3
29 1 L 27
30 1 L -1
31 0 L 29
32 1 U 8
33 0 L -1
34 1 U 21
35 0 U 15
36 1 L 24
37 1 L -1
38 0 L 37
39 0 U -1
40 1 U 26
41 0 L 20
42 0 U -1
43 1 U -1
44 1 U 38
45 0 L 0
46 1 U -1
47 1 L 25
48 1 L 3
49 1 U 10
50 1 U 33
51 0 L 39
52 0 U 2
53 1 L 17
54 1 U 23
55 0 L 47
56 1 U 5
57 0 U 51
58 0 L 40
59 1 L 35
60 1 L 8
61 0 L 41
62 1 L 45
63 0 U 61
64 0 U 26
65 0 L 8
66 0 L 62
67 0 L 65
68 0 L 58
69
0 0 U -1
1 0 U -1
2 0 U -1
3 0 U -1
4 0 L -1
5 1 U -1
6 0 L -1
7 0 U -1
8 0 U 3
9 1 U 0
10 1 L 0
11 0 L 9
12 1 U 9
13 1 L 10
14 0 U 0
15 1 L 10
16 1 U -1
17 0 U 2
18 1 U -1
19 0 U 9
20 0 U 19
21 0 L 12
22 1 L 7
23 1 U 4
24 0 U 15
25 0 L 12
26 0 L 7
27 1 L 6
28 0 U 3
29 1 L 27
30 0 L -1
31 0 L 29
32 0 U 8
33 0 L -1
34 1 U 23
35 0 U 15
36 1 L 24
37 1 L -1
38 0 L 37
39 0 U -1
40 1 U 26
41 0 L 20
42 0 U -1
43 1 U -1
44 1 U 38
45 0 L 0
46 1 U -1
47 1 L 25
48 1 L 3
49 1 U 8
50 1 U 33
51 0 L 39
52 0 U 2
53 1 L 17
54 1 U 49
55 0 L 47
56 1 U 5
57 0 U 51
58 0 L 40
59 1 L 35
60 1 L 8
61 0 L 48
62 1 L 45
63 0 U 61
64 0 U 44
65 0 L 8
66 0 L 62
67 0 L 65
68 0 L 58
69
0 0 L -1
1 0 U -1
2 0 U -1
3 0 U -1
4 0 L -1
5 1 U -1
6 0 L -1
7 0 U -1
8 0 U 3
9 1 U 0
10 1 L 0
11 0 L 9
12 1 U 9
13 1 L 2
14 0 U 0
15 1 L 10
16 1 U -1
17 0 U 2
18 1 U -1
19 0 U 9
20 0 U 19
21 0 L 12
22 1 L 7
23 1 U 4
24 0 U 15
25 0 L 12
26 0 L 7
27 1 L 6
28 0 U 3
29 1 L 27
30 0 L -1
31 0 L 29
32 1 U 8
33 1 L -1
34 1 U 23
35 0 U 15
36 1 L 24
37 1 L -1
38 0 L 37
39 0 U -1
40 1 U 26
41 0 L 20
42 1 U -1
43 0 U 23
44 1 U 38
45 0 L 0
46 1 U -1
47 1 L 25
48 1 L 3
49 0 U 8
50 1 U 38
51 0 L 39
52 1 U 3
53 1 L 17
54 1 U 49
55 0 L 47
56 0 U 5
57 0 U 51
58 0 L 0
59 1 L 35
60 1 L 8
61 0 L 48
62 1 L 45
63 0 U 61
64 0 L 44
65 0 L 8
66 0 L 62
67 0 L 65
68 0 L 58
69
0 0 L -1
1 0 U -1
2 0 U -1
3 0 U -1
4 0 L -1
5 1 U -1
6 0 L -1
7 0 U -1
8 0 U 3
9 1 U 0
10 1 L 0
11 0 L 9
12 1 U 9
13 1 L 2
14 0 U 0
15 1 L 10
16 1 U -1
17 0 U 2
18 0 U -1
19 0 U 9
20 0 U 19
21 0 L 12
22 1 L 7
23 1 U 4
24 0 U 15
25 0 L 12
26 0 L 7
27 1 L 6
28 0 U 3
29 1 L 27
30 1 L -1
31 0 L 29
32 1 U 8
33 1 L -1
34 1 U 23
35 0 U 15
36 1 L 24
37 1 L -1
38 0 L 37
39 0 U -1
40 1 U 26
41 0 L 20
42 1 U -1
43 0 U 19
44 1 U 38
45 0 L 0
46 1 U -1
47 1 L 25
48 1 L 3
49 1 U 10
50 1 U 25
51 0 L 39
52 1 U 18
53 1 L 17
54 0 U 49
55 0 L 47
56 0 U 5
57 0 U 51
58 0 L 0
59 1 L 35
60 1 L 8
61 0 L 48
62 1 L 45
63 0 U 61
64 0 L 44
65 0 L 8
66 0 L 62
67 0 L 65
68 0 L 58
69
0 0 L -1
1 0 U -1
2 0 U -1
3 0 U -1
4 0 L -1
5 1 U -1
6 0 L -1
7 0 U -1
8 0 U 3
9 1 U 0
10 1 L 0
11 0 L 9
12 1 U 9
13 1 L 2
14 0 U 0
15 1 L 10
16 1 U -1
17 0 U 2
18 0 U -1
19 0 U 9
20 0 U 19
21 0 L 12
22 1 L 7
23 1 U 4
24 0 U 15
25 0 L 12
26 0 L 7
27 1 L 6
28 0 U 5
29 1 L 27
30 1 L -1
31 0 L 29
32 0 U 8
33 0 L -1
34 0 U 23
35 0 U 15
36 1 L 24
37 1 L -1
38 0 L 37
39 0 U -1
40 1 U 26
41 0 L 20
42 1 U -1
43 0 U 19
44 1 U 38
45 0 L 0
46 1 U -1
47 1 L 25
48 1 L 3
49 0 U 10
50 1 U 25
51 0 L 39
52 1 U 46
53 1 L 17
54 0 U 49
55 0 L 47
56 1 U 5
57 0 U 51
58 0 L 0
59 1 U -1
60 1 L 8
61 0 L 48
62 1 L 45
63 0 U 61
64 0 L 44
65 0 L 8
66 0 L 62
67 0 L 65
68 0 L 58
69
0 0 U -1
1 0 U -1
2 0 U -1
3 0 U -1
4 0 L -1
5 1 U -1
6 0 L -1
7 0 U -1
8 0 U 3
9 1 U 0
10 1 L 0
11 0 L 9
12 1 U 9
13 1 L 2
14 0 U 2
15 1 L 10
16 1 U -1
17 0 U 2
18 0 U -1
19 0 U 9
20 0 U 19
21 0 L 12
22 1 L 7
23 1 U 4
24 0 U 15
25 0 L 12
26 0 L 7
27 1 L 6
28 0 U 18
29 1 L 27
30 0 L -1
31 0 L 10
32 0 U 8
33 0 L -1
34 1 U 21
35 0 U 22
36 1 L 24
37 1 L -1
38 0 L 37
39 0 U -1
40 1 U 26
41 0 L 20
42 1 U -1
43 1 U 32
44 1 U 24
45 0 L 0
46 1 U -1
47 1 L 25
48 1 L 3
49 0 U 10
50 1 U 20
51 0 L 39
52 1 U 3
53 1 L 17
54 1 U 49
55 0 L 17
56 0 U 5
57 0 U 51
58 0 L 0
59 1 U 52
60 1 L 3
61 0 L 48
62 1 L 45
63 0 U 61
64 0 U 44
65 0 L 8
66 0 L 62
67 0 L 65
68 0 L 58
69
0 0 L -1
1 0 U -1
2 0 U -1
3 0 U -1
4 0 L -1
5 1 U -1
6 0 L -1
7 0 U -1
8 0 U 3
9 1 U 0
10 1 L 0
11 0 L 9
12 1 U 9
13 1 L 10
14 0 U 2
15 1 L 10
16 1 U -1
17 0 U 2
18 1 U -1
19 0 U 9
20 0 U 19
21 0 L 12
22 1 L 7
23 1 U 4
24 0 U 15
25 0 L 12
26 0 L 12
27 1 L 6
28 0 U 3
29 1 L 27
30 1 L -1
31 0 L 29
32 0 U 8
33 1 L -1
34 1 U 21
35 0 U 22
36 1 L 24
37 1 L -1
38 0 L 4
39 0 U -1
40 1 U 26
41 0 L 20
42 1 U -1
43 0 U 23
44 1 U 35
45 0 L 40
46 1 U -1
47 1 L 25
48 1 L 8
49 0 U 10
50 1 U 38
51 0 L 39
52 1 U 3
53 1 L 17
54 1 U 29
55 0 L 17
56 0 U 5
57 0 U 51
58 0 L 0
59 1 U 10
60 1 L 3
61 0 L 11
62 1 L 45
63 1 U 44
64 0 U 44
65 0 L 8
66 0 L 62
67 0 L 65
68 0 L 58
69
0 0 L -1
1 0 U -1
2 0 U -1
3 0 U -1
4 0 L -1
5 1 U -1
6 0 L -1
7 0 U -1
8 0 U 3
9 1 U 0
10 1 L 0
11 0 L 9
12 1 U 9
13 1 L 10
14 0 U 3
15 1 L 10
16 0 U -1
17 0 U 2
18 1 U -1
19 0 U 9
20 0 U 19
21 0 L 12
22 1 L 7
23 1 U 4
24 0 U 15
25 0 L 12
26 0 L 12
27 1 L 6
28 0 U 3
29 1 L 27
30 1 L -1
31 0 L 29
32 0 U 8
33 1 L -1
34 1 U 21
35 0 U 22
36 1 L 24
37 1 L -1
38 0 L 4
39 0 U -1
40 1 U 26
41 0 L 20
42 0 U -1
43 1 U 23
44 1 U 35
45 0 L 40
46 1 U -1
47 1 L 25
48 1 L 31
49 0 U 10
50 1 U 24
51 0 L 28
52 1 U 3
53 1 L 17
54 1 U 29
55 0 L 17
56 1 U 5
57 0 U 51
58 0 L 0
59 1 U 7
60 1 L 3
61 0 L 11
62 1 L 45
63 1 U 53
64 0 U 44
65 0 L 8
66 0 L 62
67 0 L 65
68 0 L 58
69
0 0 L -1
1 0 U -1
2 0 U -1
3 0 U -1
4 0 L -1
5 1 U -1
6 0 L -1
7 0 U -1
8 0 U 3
9 1 U 0
10 1 L 0
11 0 L 9
12 1 U 9
13 1 L 10
14 0 U 3
15 1 L 10
16 0 U -1
17 0 U 2
18 1 U -1
19 0 U 9
20 0 U 19
21 0 L 12
22 1 L 7
23 1 U 4
24 0 U 15
25 0 L 12
26 0 L 12
27 1 L 6
28 0 U 3
29 1 L 27
30 1 U -1
31 0 L 29
32 0 U 10
33 0 L -1
34 1 U 21
35 0 U 22
36 1 L 24
37 1 L -1
38 0 L 4
39 0 U 18
40 1 U 26
41 0 L 20
42 1 U -1
43 1 U 23
44 1 U 35
45 0 L 40
46 1 U -1
47 1 L 25
48 1 L 8
49 0 U 10
50 1 U 24
51 0 L 34
52 0 U 5
53 1 L 17
54 1 U 29
55 1 L 17
56 1 U 5
57 0 U 51
58 0 L 0
59 1 U 10
60 1 L 3
61 0 L 11
62 1 L 45
63 1 U 53
64 0 U 44
65 0 L 8
66 0 L 62
67 0 L 65
68 0 L 58
69
0 0 U -1
1 0 U -1
2 0 U -1
3 0 U -1
4 0 L -1
5 1 U -1
6 0 L -1
7 0 U -1
8 0 U 3
9 1 U 0
10 1 L 0
11 0 L 9
12 1 U 9
13 1 L 10
14 0 U 3
15 1 L 10
16 0 U -1
17 0 U 2
18 1 U -1
19 0 U 9
20 0 U 19
21 0 L 12
22 1 L 7
23 1 U 4
24 0 U 15
25 0 L 12
26 0 L 12
27 1 L 6
28 0 U 3
29 1 L 27
30 1 L 10
31 0 L 29
32 0 U 14
33 1 L -1
34 1 U 21
35 0 U 22
36 1 L 24
37 1 L -1
38 0 L 0
39 0 U 18
40 1 U 26
41 0 L 20
42 1 U -1
43 1 U 32
44 1 U 35
45 0 L 40
46 1 U -1
47 1 L 25
48 1 L 8
49 0 U 8
50 1 U 20
51 0 L 34
52 0 U 18
53 1 L 17
54 1 U 29
55 1 L 17
56 1 U 5
57 0 U 51
58 0 L 0
59 1 U 27
60 1 L 3
61 0 L 11
62 1 L 45
63 0 U 53
64 0 U 44
65 0 L 8
66 0 L 62
67 0 L 65
68 0 L 58
69
0 0 L -1
1 0 U -1
2 0 U -1
3 0 U -1
4 0 L -1
5 1 U -1
6 0 L -1
7 0 U -1
8 0 U 3
9 1 U 0
10 1 L 0
11 0 L 9
12 1 U 10
13 1 L 10
14 0 U 7
15 1 L 10
16 0 U -1
17 0 U 2
18 1 U -1
19 0 U 9
20 0 U 19
21 0 L 12
22 1 L 7
23 1 U 4
24 0 U 15
25 0 L 12
26 0 L 12
27 1 L 6
28 0 U 18
29 1 L 27
30 1 L 10
31 0 L 10
32 0 U 4
33 0 L -1
34 1 U 21
35 0 U 22
36 1 L 24
37 1 L -1
38 0 L 0
39 0 U 16
40 1 U 26
41 0 L 20
42 1 U -1
43 0 U 23
44 1 U 30
45 0 L 0
46 1 U -1
47 1 L 25
48 1 L 8
49 1 U 8
50 1 U 20
51 0 L 34
52 0 U 18
53 1 L 17
54 1 U 29
55 1 L 17
56 1 U 5
57 0 U 51
58 0 L 40
59 1 U 49
60 1 L 3
61 0 L 11
62 1 L 45
63 0 U 53
64 0 U 53
65 0 L 8
66 0 L 62
67 0 L 65
68 0 L 58
69
0 0 L -1
1 0 U -1
2 0 U -1
3 0 U -1
4 0 L -1
5 1 U -1
6 0 L -1
7 0 U -1
8 0 U 3
9 1 U 0
10 1 L 0
11 0 L 9
12 1 U 9
13 1 L 2
14 0 U 7
15 1 L 10
16 0 U -1
17 0 U 2
18 0 U -1
19 0 U 9
20 0 U 19
21 0 L 12
22 1 L 7
23 1 U 4
24 0 U 15
25 0 L 12
26 0 L 7
27 1 L 6
28 0 U 18
29 1 L 27
30 1 L 10
31 0 L 29
32 1 U 8
33 1 L -1
34 1 U 21
35 0 U 22
36 1 L 24
37 1 L -1
38 0 L 0
39 0 U 16
40 1 U 26
41 0 L 20
42 1 U -1
43 0 U 21
44 1 U 30
45 0 L 40
46 1 U -1
47 1 L 25
48 1 L 8
49 0 U 8
50 1 U 20
51 0 L 34
52 0 U 18
53 1 L 17
54 1 U 29
55 0 L 17
56 0 U 5
57 0 U 51
58 0 L 40
59 1 U 49
60 1 L 3
61 0 L 11
62 1 L 45
63 0 U 53
64 1 U 44
65 0 L 8
66 0 L 62
67 0 L 65
68 0 L 58
69
0 0 U -1
1 0 U -1
2 0 U -1
3 0 U -1
4 1 L -1
5 1 U -1
6 0 L -1
7 0 U -1
8 0 U 3
9 1 U 0
10 1 L 0
11 0 L 9
12 1 U 9
13 1 L 10
14 0 U 7
15 1 L 10
16 0 U -1
17 0 U 2
18 1 U -1
19 0 U 9
20 0 U 19
21 0 L 12
22 1 L 7
23 1 U 14
24 0 U 15
25 0 L 12
26 0 L 12
27 1 L 6
28 0 U 18
29 1 L 27
30 0 L 10
31 0 L 29
32 0 U 8
33 1 L -1
34 1 U 21
35 0 U 22
36 1 L 24
37 1 L -1
38 0 L 37
39 0 U 16
40 1 U 26
41 0 L 20
42 1 U -1
43 0 U 21
44 1 U 30
45 0 L 40
46 1 U -1
47 1 L 25
48 1 L 8
49 1 U 8
50 1 U 20
51 0 L 34
52 0 U 5
53 1 L 17
54 1 U 29
55 0 L 17
56 0 U 5
57 0 U 51
58 0 L 40
59 1 U 27
60 1 L 3
61 0 L 57
62 1 L 45
63 0 U 53
64 0 L 44
65 0 L 8
66 0 L 62
67 0 L 65
68 0 L 58
69
0 0 U -1
1 0 U -1
2 0 U -1
3 0 U -1
4 0 L -1
5 1 U -1
6 0 L -1
7 0 U -1
8 0 U 3
9 1 U 0
10 1 L 0
11 0 L 9
12 1 U 9
13 1 L 2
14 0 U 7
15 1 L 10
16 0 U -1
17 0 U 2
18 1 U -1
19 0 U 9
20 0 U 19
21 0 L 12
22 1 L 7
23 1 U 14
24 0 U 15
25 0 L 12
26 0 L 12
27 1 L 6
28 0 U 7
29 1 L 27
30 0 L 10
31 0 L 10
32 1 U 8
33 0 L -1
34 1 U 21
35 0 U 22
36 1 L 24
37 1 L -1
38 0 L 0
39 0 U -1
40 1 U 26
41 0 L 20
42 1 U -1
43 1 U 21
44 1 U 20
45 0 L 0
46 1 U -1
47 1 L 25
48 1 L 13
49 1 U 8
50 1 U 35
51 1 L 34
52 0 U 18
53 1 L 17
54 1 U 29
55 1 L 17
56 1 U 5
57 0 L 51
58 0 L 0
59 1 U 27
60 1 L 3
61 0 L 42
62 1 L 45
63 0 U 7
64 0 L 61
65 0 L 8
66 0 L 62
67 0 L 65
68 0 L 58
69
0 0 U -1
1 0 U -1
2 0 U -1
3 0 U -1
4 0 L -1
5 1 U -1
6 0 L -1
7 0 U -1
8 0 U 3
9 1 U 0
10 1 L 0
11 0 L 9
12 1 U 9
13 1 L 10
14 0 U 7
15 1 L 10
16 0 U -1
17 0 U 2
18 1 U -1
19 0 U 9
20 0 U 19
21 0 L 12
22 1 L 7
23 1 U 14
24 0 U 15
25 0 L 12
26 0 L 7
27 1 L 6
28 0 U 5
29 1 L 27
30 1 L 10
31 0 L 10
32 1 U 8
33 0 L -1
34 1 U 21
35 0 U 34
36 1 L 24
37 1 L -1
38 0 L 0
39 0 U -1
40 1 U 26
41 0 L 20
42 1 U -1
43 0 U 19
44 1 U 24
45 0 L 0
46 1 U -1
47 1 L 25
48 1 L 3
49 1 U 8
50 1 U 24
51 1 L 39
52 0 U 18
53 1 L 17
54 1 U 29
55 0 L 17
56 1 U 5
57 0 L 51
58 0 L 40
59 1 U 27
60 1 L 3
61 0 L 42
62 1 L 45
63 0 U 18
64 0 L 61
65 0 L 8
66 0 L 62
67 0 L 65
68 0 L 58
69
0 0 L -1
1 0 U -1
2 0 U -1
3 0 U -1
4 0 L -1
5 1 U -1
6 0 L -1
7 0 U -1
8 0 U 3
9 1 U 0
10 1 L 0
11 0 L 9
12 1 U 9
13 1 L 10
14 0 U 7
15 1 L 10
16 1 U -1
17 0 U 2
18 1 U -1
19 0 U 9
20 0 U 19
21 0 L 12
22 1 L 7
23 1 U 14
24 0 U 15
25 0 L 12
26 0 L 7
27 1 L 6
28 0 U 5
29 1 L 27
30 1 L 10
31 0 L 10
32 0 U 8
33 0 L -1
34 1 U 21
35 0 U 34
36 1 L 24
37 1 L -1
38 0 L 0
39 0 U -1
40 1 U 26
41 0 L 20
42 1 U -1
43 0 U 19
44 1 U 20
45 0 L 0
46 1 U -1
47 1 L 25
48 1 L 3
49 0 U 8
50 1 U 38
51 1 L 39
52 0 U 5
53 1 L 17
54 1 U 29
55 0 L 17
56 1 U 5
57 0 L 51
58 0 L 40
59 1 U 27
60 1 L 3
61 0 L 42
62 1 L 45
63 0 U 18
64 0 L 61
65 0 L 8
66 0 L 62
67 0 L 65
68 0 L 58
69
0 0 L -1
1 0 U -1
2 0 U -1
3 0 U -1
4 1 L -1
5 1 U -1
6 0 L -1
7 0 U -1
8 0 U 3
9 1 U 0
10 1 L 0
11 0 L 9
12 1 U 9
13 1 L 10
14 0 U 7
15 1 L 10
16 0 U -1
17 0 U 2
18 0 U -1
19 0 U 9
20 0 U 19
21 0 L 12
22 1 L 7
23 1 U 14
24 0 U 15
25 0 L 12
26 0 L 7
27 1 L 6
28 0 U 18
29 1 L 27
30 1 L 29
31 0 L 10
32 0 U 10
33 0 L -1
34 1 U 21
35 0 U 22
36 1 L 24
37 1 L -1
38 0 L 0
39 0 U -1
40 1 U 26
41 0 L 20
42 1 U -1
43 0 U 19
44 1 U 20
45 0 L 0
46 1 U -1
47 1 L 25
48 1 L 3
49 0 U 8
50 1 U 38
51 1 L 39
52 0 U 18
53 1 L 17
54 1 U 29
55 0 L 17
56 1 U 5
57 0 L 51
58 0 L 0
59 1 U 6
60 1 L 3
61 0 L 42
62 1 L 45
63 0 U 3
64 0 L 61
65 0 L 8
66 0 L 62
67 0 L 65
68 0 L 58
69
0 0 U -1
1 0 U -1
2 0 U -1
3 0 U -1
4 0 L -1
5 1 U -1
6 0 L -1
7 0 U -1
8 0 U 3
9 1 U 0
10 1 L 0
11 0 L 9
12 1 U 9
13 1 L 2
14 0 U 7
15 1 L 10
16 0 U -1
17 0 U 2
18 0 U -1
19 0 U 9
20 0 U 19
21 0 L 12
22 1 L 7
23 1 U 14
24 0 U 15
25 0 L 12
26 0 L 7
27 1 L 6
28 0 U 18
29 1 L 27
30 1 L -1
31 0 L 29
32 0 U 10
33 0 L -1
34 1 U 21
35 0 U 22
36 1 L 24
37 1 L -1
38 0 L 0
39 0 U -1
40 1 U 26
41 0 L 20
42 1 U -1
43 0 U 23
44 1 U 20
45 0 L 0
46 1 U -1
47 1 L 25
48 1 L 3
49 0 U 8
50 1 U 35
51 0 L 28
52 0 U 18
53 1 L 17
54 1 U 29
55 0 L 17
56 1 U 5
57 0 U 51
58 0 L 0
59 1 U 6
60 1 L 3
61 1 L 42
62 1 L 45
63 0 U 3
64 0 L 61
65 0 L 8
66 0 L 62
67 0 L 65
68 0 L 58
69
0 0 U -1
1 0 U -1
2 0 U -1
3 0 U -1
4 0 L -1
5 1 U -1
6 0 L -1
7 0 U -1
8 0 U 3
9 1 U 0
10 1 L 0
11 0 L 9
12 1 U 9
13 1 L 2
14 0 U 3
15 1 L 10
16 0 U -1
17 0 U 2
18 0 U -1
19 0 U 9
20 0 U 19
21 0 L 12
22 1 L 7
23 1 U 14
24 0 U 15
25 0 L 12
26 0 L 7
27 1 L 6
28 0 U 18
29 1 L 27
30 1 L -1
31 0 L 29
32 1 U 10
33 1 L -1
34 1 U 21
35 0 U 15
36 1 L 24
37 1 L -1
38 0 L 37
39 0 U -1
40 1 U 26
41 0 L 20
42 1 U -1
43 1 U 23
44 1 U 20
45 0 L 0
46 1 U -1
47 1 L 25
48 1 L 8
49 1 U 8
50 1 U 25
51 0 L 28
52 0 U 18
53 1 L 17
54 1 U 49
55 0 L 47
56 0 U 5
57 0 U 51
58 0 L 0
59 1 U 21
60 1 L 3
61 1 L 52
62 1 L 45
63 0 U 3
64 0 L 61
65 0 L 8
66 0 L 62
67 0 L 65
68 0 L 58
69
0 0 U -1
1 0 U -1
2 0 U -1
3 0 U -1
4 1 L -1
5 1 U -1
6 0 L -1
7 0 U -1
8 0 U 3
9 1 U 0
10 1 L 0
11 0 L 9
12 1 U 9
13 1 L 10
14 0 U 3
15 1 L 10
16 0 U -1
17 0 U 2
18 0 U -1
19 0 U 11
20 0 U 19
21 0 L 12
22 1 L 7
23 1 U 14
24 0 U 15
25 0 L 12
26 0 L 12
27 1 L 6
28 0 U 5
29 1 L 27
30 0 L -1
31 0 L 29
32 0 U 10
33 1 L -1
34 1 U 21
35 0 U 15
36 1 L 24
37 1 L -1
38 0 L 37
39 0 U -1
40 1 U 26
41 0 L 20
42 1 U -1
43 1 U 23
44 1 U 35
45 0 L 0
46 1 U -1
47 1 L 25
48 1 L 8
49 0 U 8
50 1 U 20
51 0 L 28
52 0 U 18
53 1 L 47
54 1 U 29
55 0 L 47
56 1 U 46
57 0 U 51
58 0 L 0
59 1 U 12
60 0 L 3
61 0 L 43
62 1 L 45
63 0 U 3
64 1 L 61
65 0 L 8
66 0 L 62
67 0 L 65
68 0 L 1
69
0 0 L -1
1 0 U -1
2 0 U -1
3 0 U -1
4 0 L -1
5 1 U -1
6 0 L -1
7 0 U -1
8 0 U 3
9 1 U 0
10 1 L 0
11 0 L 9
12 1 U 9
13 1 L 2
14 0 U 3
15 1 L 10
16 0 U -1
17 0 U 2
18 1 U -1
19 0 U 11
20 0 U 19
21 0 L 12
22 1 L 7
23 1 U 14
24 0 U 15
25 0 L 12
26 0 L 7
27 1 L 6
28 0 U 3
29 1 L 27
30 0 L -1
31 0 L 29
32 0 U 10
33 1 L -1
34 1 U 21
35 0 U 15
36 1 L 24
37 1 L -1
38 0 L 37
39 0 U -1
40 1 U 26
41 0 L 20
42 1 U -1
43 1 U 23
44 1 U 35
45 0 L 0
46 1 U -1
47 1 L 25
48 1 L 8
49 0 U 8
50 1 U 35
51 0 L 28
52 0 U 5
53 1 L 47
54 1 U 29
55 0 L 47
56 1 U 46
57 0 U 51
58 0 L 0
59 1 U 17
60 0 L 3
61 1 L 43
62 1 L 45
63 0 U 3
64 1 L 61
65 1 L 8
66 0 L 62
67 0 L 65
68 0 L 1
69
0 0 L -1
1 0 U -1
2 0 U -1
3 0 U -1
4 0 L -1
5 1 U -1
6 0 L -1
7 0 U -1
8 0 U 3
9 1 U 0
10 1 L 0
11 0 L 9
12 1 U 9
13 1 L 10
14 0 U 3
15 1 L 10
16 0 U -1
17 0 U 2
18 0 U -1
19 0 U 11
20 0 U 19
21 0 L 12
22 1 L 7
23 1 U 14
24 0 U 15
25 0 L 12
26 0 L 7
27 1 L 6
28 0 U 18
29 1 L 27
30 0 L -1
31 0 L 29
32 0 U 10
33 1 L -1
34 1 U 21
35 0 U 22
36 1 L 24
37 1 L -1
38 0 L 37
39 0 U -1
40 1 U 26
41 0 L 20
42 1 U -1
43 1 U 23
44 1 U 20
45 0 L 0
46 1 U -1
47 1 L 25
48 1 L 8
49 0 U 8
50 1 U 35
51 0 L 28
52 0 U 5
53 1 L 47
54 1 U 29
55 0 L 47
56 1 U 46
57 0 L 51
58 0 L 0
59 1 U 17
60 1 L 3
61 0 L 43
62 1 L 45
63 0 U 3
64 0 L 56
65 1 L 8
66 0 L 62
67 1 L 65
68 0 L 1
69
0 0 L -1
1 0 U -1
2 0 U -1
3 0 U -1
4 0 L -1
5 1 U -1
6 0 L -1
7 0 U -1
8 0 U 3
9 1 U 0
10 1 L 0
11 0 L 9
12 1 U 9
13 1 L 2
14 0 U 3
15 1 L 10
16 1 U -1
17 0 U 2
18 1 U -1
19 0 U 11
20 0 U 19
21 0 L 12
22 1 L 7
23 1 U 4
24 0 U 15
25 0 L 12
26 0 L 7
27 1 L 6
28 0 U 3
29 1 L 27
30 1 L 10
31 0 L 29
32 0 U 10
33 0 L -1
34 1 U 21
35 0 U 22
36 1 L 24
37 1 L -1
38 0 L 37
39 0 U -1
40 1 U 26
41 0 L 20
42 1 U -1
43 1 U 23
44 1 U 24
45 0 L 0
46 1 U -1
47 1 L 25
48 1 L 8
49 0 U 9
50 1 U 35
51 0 L 28
52 0 U 5
53 1 L 47
54 1 U 29
55 1 L 47
56 1 U 46
57 0 U 51
58 0 L 0
59 1 U 12
60 1 L 3
61 1 L 57
62 1 L 45
63 0 U 7
64 0 L 56
65 1 L 8
66 0 L 62
67 0 L 65
68 0 L 1
69
0 0 L -1
1 0 U -1
2 0 U -1
3 0 U -1
4 0 L -1
5 1 U -1
6 0 L -1
7 0 U -1
8 0 U 3
9 1 U 0
10 1 L 0
11 0 L 9
12 1 U 9
13 1 L 2
14 0 U 2
15 1 L 10
16 0 U -1
17 0 U 2
18 1 U -1
19 0 U 11
20 0 U 19
21 0 L 12
22 1 L 7
23 1 U 4
24 0 U 15
25 0 L 12
26 0 L 12
27 1 L 6
28 0 U 18
29 1 L 27
30 1 L 10
31 0 L 29
32 0 U 10
33 0 L -1
34 1 U 21
35 0 U 22
36 1 L 24
37 1 L -1
38 0 L 4
39 0 U -1
40 1 U 26
41 0 L 20
42 1 U -1
43 0 U 21
44 1 U 24
45 0 L 0
46 1 U -1
47 1 L 25
48 1 L 8
49 0 U 9
50 1 U 38
51 0 L 28
52 0 U 5
53 1 L 47
54 1 U 29
55 1 L 47
56 1 U 46
57 0 U 51
58 0 L 0
59 1 U 8
60 1 L 3
61 0 L 57
62 1 L 45
63 0 U 3
64 0 L 61
65 1 L 8
66 0 L 62
67 0 L 65
68 0 L 1
69
0 0 L -1
1 0 U -1
2 0 U -1
3 0 U -1
4 0 L -1
5 1 U -1
6 0 L -1
7 0 U -1
8 0 U 3
9 1 U 0
10 1 L 0
11 0 L 9
12 1 U 9
13 1 L 2
14 0 U 3
15 1 L 10
16 0 U -1
17 0 U 2
18 0 U -1
19 0 U 11
20 0 U 19
21 0 L 12
22 1 L 7
23 1 U 4
24 0 U 15
25 0 L 12
26 0 L 12
27 1 L 6
28 0 U 18
29 1 L 27
30 0 L 10
31 0 L 29
32 1 U 10
33 0 L -1
34 1 U 21
35 0 U 22
36 1 L 24
37 1 L -1
38 0 L 4
39 0 U -1
40 1 U 26
41 0 L 20
42 1 U -1
43 0 U 21
44 1 U 35
45 0 L 0
46 1 U -1
47 1 L 25
48 1 L 8
49 1 U 9
50 1 U 25
51 0 L 28
52 0 U 5
53 1 L 47
54 1 U 29
55 0 L 47
56 1 U 46
57 0 U 51
58 0 L 0
59 1 U 21
60 1 L 20
61 0 L 57
62 1 L 45
63 0 U 3
64 0 L 61
65 0 L 8
66 0 L 62
67 0 L 65
68 0 L 1
69
0 0 U -1
1 0 U -1
2 0 U -1
3 0 U -1
4 0 L -1
5 1 U -1
6 0 L -1
7 0 U -1
8 0 U 3
9 1 U 0
10 1 L 0
11 0 L 9
12 1 U 9
13 1 L 2
14 0 U 3
15 1 L 10
16 1 U -1
17 0 U 2
18 1 U -1
19 0 U 11
20 0 U 19
21 0 L 12
22 1 L 7
23 1 U 4
24 0 U 15
25 0 L 12
26 0 L 12
27 1 L 6
28 0 U 7
29 1 L 27
30 0 L 29
31 0 L 29
32 0 U 9
33 1 L -1
34 1 U 21
35 0 U 22
36 1 L 24
37 1 L -1
38 0 L 37
39 0 U -1
40 1 U 26
41 0 L 20
42 1 U -1
43 1 U 21
44 1 U 20
45 0 L 0
46 1 U -1
47 1 L 25
48 1 L 8
49 1 U 9
50 1 U 38
51 0 L 28
52 0 U 5
53 1 L 47
54 1 U 29
55 0 L 47
56 1 U 46
57 0 U 51
58 0 L 0
59 1 U 29
60 1 L 20
61 0 L 57
62 1 L 45
63 0 U 3
64 1 L 61
65 1 L 8
66 0 L 62
67 1 L 65
68 0 L 1
69
0 0 U -1
1 0 U -1
2 0 U -1
3 0 U -1
4 0 L -1
5 1 U -1
6 0 L -1
7 0 U -1
8 0 U 3
9 1 U 0
10 1 L 0
11 0 L 9
12 1 U 9
13 1 L 10
14 0 U 3
15 1 L 10
16 1 U -1
17 0 U 2
18 1 U -1
19 0 U 11
20 0 U 19
21 0 L 12
22 1 L 7
23 1 U 4
24 0 U 15
25 0 L 12
26 0 L 12
27 1 L 6
28 0 U 5
29 1 L 27
30 1 L -1
31 0 L 29
32 0 U 9
33 1 L -1
34 1 U 21
35 0 U 22
36 1 L 24
37 1 L -1
38 0 L 37
39 0 U -1
40 1 U 26
41 0 L 20
42 1 U -1
43 1 U 23
44 1 U 20
45 0 L 0
46 1 U -1
47 1 L 25
48 1 L 3
49 1 U 9
50 1 U 38
51 0 L 28
52 0 U 5
53 1 L 47
54 1 U 29
55 1 L 47
56 1 U 46
57 0 U 51
58 0 L 40
59 1 U 49
60 1 L 20
61 1 L 57
62 1 L 45
63 0 U 7
64 1 L 61
65 1 L 8
66 0 L 62
67 0 L 65
68 0 L 1
