99
0 0 U -1
1 0 U -1
2 0 U -1
3 0 U -1
4 0 U -1
5 0 U -1
6 0 U -1
7 0 U -1
8 0 U -1
9 0 U -1
10 0 U -1
11 0 U -1
12 0 U -1
13 0 U -1
14 0 U -1
15 0 U -1
16 0 U -1
17 0 U -1
18 0 U -1
19 0 U -1
20 0 U -1
21 0 U -1
22 0 U -1
23 0 U -1
24 0 U -1
25 0 U -1
26 0 U -1
27 0 U -1
28 0 U -1
29 0 U -1
30 0 U -1
31 0 U -1
32 0 U -1
33 0 U -1
34 0 U -1
35 0 U -1
36 0 U -1
37 0 U -1
38 0 U -1
39 0 U -1
40 0 U -1
41 0 U -1
42 0 U -1
43 0 U -1
44 0 U -1
45 0 U -1
46 0 U -1
47 0 U -1
48 0 U -1
49 0 U -1
50 0 U -1
51 0 U -1
52 0 U -1
53 0 U -1
54 0 U -1
55 0 U -1
56 0 U -1
57 0 U -1
58 0 U -1
59 0 U -1
60 0 U -1
61 0 U -1
62 0 U -1
63 0 U -1
64 0 U -1
65 0 U -1
66 0 U -1
67 0 U -1
68 0 U -1
69 0 U -1
70 0 U -1
71 0 U -1
72 0 U -1
73 0 U -1
74 0 U -1
75 0 U -1
76 0 U -1
77 0 U -1
78 0 U -1
79 0 U -1
80 0 U -1
81 0 U -1
82 0 U -1
83 0 U -1
84 0 U -1
85 0 U -1
86 0 U -1
87 0 U -1
88 0 U -1
89 0 U -1
90 0 U -1
91 0 U -1
92 0 U -1
93 0 U -1
94 0 U -1
95 0 U -1
96 0 U -1
97 0 U -1
98 0 U -1
99
0 0 U -1
1 0 U -1
2 0 U -1
3 1 U 1
4 0 U 0
5 1 L 1
6 0 U -1
7 1 U -1
8 0 L 6
9 0 L 3
10 1 U -1
11 0 L 7
12 1 L -1
13 1 U -1
14 0 U 11
15 1 U 11
16 0 U 6
17 0 U 10
18 1 U 17
19 1 U -1
20 1 U 17
21 1 L -1
22 0 U 16
23 1 U 22
24 0 L 8
25 0 L -1
26 0 U -1
27 1 U 8
28 0 L 17
29 1 L 14
30 1 U 23
31 0 U 12
32 1 U 26
33 0 U -1
34 1 L 30
35 0 U 20
36 0 U 28
37 1 L -1
38 0 L 11
39 1 U -1
40 0 U 35
41 0 L 7
42 1 U -1
43 0 U 1
44 1 U 20
45 0 L 9
46 1 U 43
47 0 U -1
48 1 L 21
49 0 U -1
50 1 L 25
51 0 L 44
52 0 U 14
53 1 L 42
54 1 L 45
55 1 L 5
56 0 U -1
57 0 L 11
58 1 U 51
59 1 U 33
60 0 L -1
61 0 L 18
62 0 U 58
63 1 U 8
64 1 L 40
65 1 L 11
66 1 L 4
67 0 U 56
68 1 L 12
69 1 L 61
70 0 U 2
71 1 U 30
72 1 L 64
73 1 U 60
74 1 U 6
75 1 U 41
76 0 L 3
77 1 L 59
78 1 U -1
79 1 U -1
80 1 U 71
81 0 U 3
82 1 U -1
83 1 U 27
84 1 L 36
85 1 U 41
86 0 L 38
87 1 L 65
88 0 L 39
89 1 U -1
90 0 U 23
91 1 L 29
92 1 U 9
93 0 L 68
94 0 L 33
95 1 U 37
96 0 U 27
97 1 L 52
98 1 U 57
99
0 0 U -1
1 0 U -1
2 0 U -1
3 1 U 1
4 0 U 1
5 1 L 1
6 0 U -1
7 1 U -1
8 0 L 6
9 0 L 3
10 1 U -1
11 0 L 7
12 0 L -1
13 1 U -1
14 0 U 11
15 1 U 11
16 0 U 6
17 0 U 10
18 1 U 17
19 1 U -1
20 1 U 17
21 1 L -1
22 0 U 16
23 1 U 22
24 0 L 8
25 0 L -1
26 1 U -1
27 0 U 6
28 0 L 17
29 1 L 14
30 1 U 23
31 1 U 6
32 1 U 26
33 0 U -1
34 1 L 30
35 1 U 20
36 1 U 28
37 0 L -1
38 0 L 11
39 0 U -1
40 0 U 35
41 0 L 7
42 0 U -1
43 0 U 1
44 1 U 20
45 0 L 9
46 0 U 43
47 0 U -1
48 0 L 21
49 0 U -1
50 0 L 25
51 0 L 44
52 1 L 14
53 1 L 34
54 0 U 37
55 1 L 2
56 0 U -1
57 0 L 11
58 1 U 51
59 0 U 39
60 1 U -1
61 0 L 38
62 0 L 51
63 0 U 8
64 0 L 40
65 1 L 11
66 0 L 4
67 0 U 56
68 0 L 12
69 0 L 20
70 0 U 2
71 1 U 30
72 1 L 64
73 1 U 54
74 0 U 1
75 1 U 45
76 1 L 69
77 1 L 59
78 1 U -1
79 0 U 37
80 1 U 71
81 1 L 3
82 1 U 71
83 0 U 14
84 1 U 51
85 1 U 41
86 0 L 38
87 1 L 65
88 1 L 72
89 0 U -1
90 1 U 11
91 1 L 29
92 1 U 9
93 0 L 34
94 0 L 26
95 1 U 51
96 1 U 27
97 0 U 4
98 0 U 23
99
0 0 L -1
1 0 U -1
2 0 U -1
3 1 U 1
4 0 U 1
5 1 L 1
6 0 U -1
7 1 U -1
8 0 L 6
9 0 L 3
10 1 U -1
11 0 L 7
12 0 L -1
13 1 U -1
14 0 U 11
15 1 U 11
16 0 U 6
17 0 U 10
18 0 U 17
19 1 U -1
20 1 U 17
21 1 L -1
22 0 U 16
23 1 U 22
24 0 U 2
25 0 L -1
26 1 U -1
27 1 U -1
28 0 L 17
29 1 L 14
30 1 U 23
31 0 U 19
32 1 L 26
33 1 U -1
34 1 L 30
35 1 U 20
36 1 U 28
37 1 L -1
38 1 L 11
39 1 U -1
40 0 U 35
41 1 L 7
42 1 L -1
43 1 U 1
44 1 U 23
45 0 L 9
46 0 U 3
47 0 U -1
48 1 L 21
49 0 U -1
50 0 L 25
51 0 L 44
52 1 L 14
53 0 L 34
54 0 U 37
55 1 U 2
56 0 U -1
57 0 L 2
58 1 U 51
59 0 U 39
60 0 U -1
61 0 L 38
62 0 L 51
63 1 U 59
64 1 L 40
65 1 L 11
66 1 L 4
67 0 L 56
68 0 L 12
69 0 L 20
70 0 U 2
71 1 U 30
72 0 L 64
73 1 U 54
74 0 U 1
75 1 U 45
76 1 L 69
77 1 L 67
78 1 U -1
79 1 U 37
80 1 U 69
81 0 L 61
82 0 U 71
83 0 U 14
84 1 L 51
85 1 U 32
86 1 L 38
87 1 L 30
88 0 L 72
89 0 U 22
90 1 U 11
91 0 L 14
92 0 U 22
93 0 L 48
94 0 L 26
95 1 U 51
96 1 U 27
97 0 U 4
98 1 U 3
99
0 0 U -1
1 0 U -1
2 0 U -1
3 1 U 1
4 0 U 0
5 1 L 1
6 0 U -1
7 1 U -1
8 0 L 6
9 1 L 3
10 1 U -1
11 0 L 7
12 0 L -1
13 1 U -1
14 0 U 11
15 1 U 11
16 0 U 6
17 0 U 10
18 0 U 17
19 1 U -1
20 1 U 17
21 1 L -1
22 0 U 8
23 1 U 22
24 0 U 7
25 0 L -1
26 1 U -1
27 1 U -1
28 0 L 17
29 0 L 14
30 1 U 23
31 1 U 19
32 1 L 26
33 1 U -1
34 1 L 30
35 1 U 20
36 1 U 28
37 0 L -1
38 0 L 11
39 1 U -1
40 0 U 35
41 1 U 7
42 0 L 38
43 0 U 1
44 1 U 5
45 0 L 9
46 0 U 3
47 1 L -1
48 0 L 21
49 0 U -1
50 1 L 15
51 0 L 44
52 1 L 14
53 0 L 34
54 0 L 37
55 0 L 2
56 0 U -1
57 1 L 2
58 1 U 52
59 1 U 39
60 0 U -1
61 0 L 38
62 0 L 38
63 1 U 59
64 1 L 40
65 1 L 11
66 1 L 4
67 0 L 56
68 0 L 12
69 0 L 20
70 0 U 2
71 1 U 30
72 0 L 64
73 1 U 50
74 1 L 6
75 1 U 45
76 1 L 69
77 1 L 67
78 1 U -1
79 1 U 37
80 1 L 69
81 1 L 78
82 0 U 71
83 0 U 29
84 0 L 51
85 0 U 32
86 0 L 38
87 1 L 30
88 0 L 72
89 1 U 22
90 0 U 11
91 1 L 14
92 1 U 22
93 1 L 48
94 1 L 26
95 0 U 51
96 0 U 27
97 0 U 4
98 0 U 27
99
0 0 L -1
1 0 U -1
2 0 U -1
3 1 U 1
4 0 U 0
5 0 L 1
6 0 U 2
7 1 U -1
8 0 L 6
9 0 L 1
10 1 U -1
11 0 L 7
12 1 L -1
13 1 U -1
14 0 U 11
15 1 U 11
16 1 U 6
17 0 U 10
18 0 U 17
19 1 U -1
20 1 U 17
21 1 L -1
22 0 U 8
23 1 U 22
24 0 U 20
25 0 L -1
26 0 U -1
27 1 U -1
28 0 L 17
29 0 L 14
30 1 U 23
31 1 U 19
32 1 L 26
33 0 U 2
34 1 L 30
35 1 U 20
36 0 U 28
37 1 L -1
38 1 L 11
39 1 U -1
40 0 U 35
41 1 U 3
42 0 L 38
43 1 U 7
44 1 U 5
45 1 L 9
46 0 U 22
47 0 L -1
48 1 L 21
49 1 U -1
50 1 L 15
51 0 L 44
52 1 L 45
53 0 L 34
54 0 L 37
55 0 U 2
56 0 U -1
57 0 L 54
58 1 U 52
59 1 U 39
60 1 U -1
61 0 L 47
62 0 L 50
63 1 U 59
64 1 L 40
65 1 L 11
66 1 L 4
67 0 L 56
68 0 L 12
69 1 L 20
70 0 U 2
71 0 U 40
72 0 L 64
73 1 U 50
74 1 L 62
75 1 U 45
76 0 L 30
77 1 L 67
78 1 U -1
79 0 U 37
80 0 L 69
81 1 L 78
82 0 U 71
83 1 U 29
84 0 L 51
85 0 U 32
86 0 L 38
87 1 L 30
88 1 L 66
89 1 U 22
90 0 U 11
91 0 L 14
92 0 U 22
93 0 L 48
94 1 L 26
95 0 U 57
96 0 U 23
97 0 U 4
98 0 U 67
99
0 0 L -1
1 0 U -1
2 1 U -1
3 1 U 1
4 0 U 1
5 0 L 1
6 0 U 1
7 1 U -1
8 0 L 6
9 1 L 1
10 1 U -1
11 0 L 7
12 0 L -1
13 1 U -1
14 0 U 11
15 1 U 11
16 1 U 12
17 0 U 10
18 0 U 17
19 1 U -1
20 1 U 17
21 1 L -1
22 0 U 8
23 0 U 22
24 0 U 20
25 1 L -1
26 0 U -1
27 1 U -1
28 0 L 17
29 0 L 14
30 1 U 14
31 1 U 19
32 1 L 26
33 0 U 1
34 1 L 30
35 0 U 22
36 0 U 28
37 0 L -1
38 1 L 11
39 0 U -1
40 0 U 28
41 1 U 3
42 0 L 38
43 1 U 7
44 1 U 5
45 0 L 9
46 1 U 22
47 0 L -1
48 1 L 21
49 1 U -1
50 1 L 15
51 1 U 44
52 0 L 45
53 0 L 34
54 0 L 37
55 0 U 39
56 0 U -1
57 0 L 54
58 1 U 51
59 0 U 39
60 1 U -1
61 0 L 47
62 1 L 50
63 0 U 59
64 1 L 40
65 1 L 11
66 1 L 4
67 0 L 56
68 0 L 12
69 1 L 20
70 1 U 7
71 0 U 40
72 1 L 64
73 0 U 50
74 1 L 62
75 1 U 45
76 1 U 24
77 1 U 22
78 1 U -1
79 1 U 37
80 0 L 69
81 1 L 78
82 0 U 71
83 0 U 28
84 0 L 61
85 0 U 32
86 1 L 38
87 1 L 30
88 0 L 14
89 0 L 22
90 0 U 63
91 0 L 14
92 0 U 1
93 1 L 48
94 1 L 26
95 0 U 57
96 0 U 84
97 1 U 67
98 1 U 19
99
0 0 L -1
1 0 U -1
2 1 U -1
3 1 U 1
4 0 U 2
5 0 L 1
6 0 U 2
7 1 U -1
8 0 L 6
9 1 L 3
10 1 U -1
11 0 L 7
12 0 L -1
13 1 U -1
14 0 U 11
15 1 U 11
16 1 U 13
17 0 U 10
18 0 U 17
19 1 U -1
20 1 U 17
21 1 L -1
22 0 U 8
23 0 U 22
24 0 U 20
25 1 L -1
26 0 U -1
27 1 U 1
28 0 L 17
29 1 L 14
30 1 U 14
31 1 U 10
32 1 L 26
33 0 U 1
34 1 L 30
35 0 U 22
36 1 U 29
37 0 L -1
38 0 L 11
39 0 U -1
40 0 U 28
41 1 U 3
42 0 L 38
43 1 U 7
44 1 U 5
45 0 L 9
46 0 U 22
47 0 L -1
48 1 L 21
49 0 U -1
50 1 L 8
51 1 L 44
52 1 L 45
53 1 L 34
54 0 L 37
55 0 U 39
56 0 U -1
57 0 L 54
58 0 U 51
59 0 U 39
60 1 U -1
61 0 L 47
62 1 L 50
63 0 U 59
64 1 L 40
65 1 L 11
66 1 L 4
67 0 L 56
68 1 L 12
69 1 L 20
70 1 U 7
71 1 U 40
72 1 L 64
73 1 U 50
74 1 L 62
75 0 U 32
76 1 U 24
77 1 U 22
78 1 U -1
79 0 U 37
80 1 L 60
81 0 L 78
82 0 L 71
83 1 U 28
84 1 L 61
85 1 U 32
86 0 L 38
87 1 L 30
88 0 L 14
89 0 L 22
90 1 U 63
91 0 L 14
92 1 U 1
93 0 L 48
94 0 L 26
95 0 U 57
96 1 U 48
97 1 U 67
98 1 U 17
99
0 0 U -1
1 0 U -1
2 1 U -1
3 1 U 1
4 0 U 2
5 0 L 1
6 0 U -1
7 1 U -1
8 0 L 6
9 1 L 3
10 1 U -1
11 0 L 7
12 0 L -1
13 1 U 2
14 0 U 11
15 0 U 5
16 1 U 8
17 0 U 10
18 0 U 12
19 1 U -1
20 1 U 17
21 1 L -1
22 0 U 8
23 0 U 22
24 0 U 20
25 1 L -1
26 0 U -1
27 1 U 7
28 0 L 17
29 1 L 28
30 1 U 14
31 1 U 10
32 1 L 26
33 0 U 19
34 1 L 30
35 0 U 22
36 1 U 28
37 0 L -1
38 1 L 11
39 0 U -1
40 0 U 28
41 1 U 18
42 0 L 38
43 1 U 7
44 1 U 5
45 0 L 9
46 0 L 21
47 1 L -1
48 1 L 21
49 1 U -1
50 1 L 8
51 1 U 44
52 1 L 45
53 1 L 34
54 0 L 37
55 1 U 39
56 0 U -1
57 0 L 54
58 0 U 51
59 0 U 39
60 1 U -1
61 1 L 47
62 1 L 50
63 0 U 59
64 1 L 40
65 1 L 11
66 1 L 4
67 0 L 56
68 1 L 12
69 1 L 20
70 1 U 7
71 1 U 40
72 1 L 64
73 1 U 71
74 1 L 62
75 0 U 32
76 1 U 24
77 1 L 22
78 1 U -1
79 0 U 37
80 1 L 60
81 0 L 78
82 0 L 71
83 0 U 28
84 0 L 61
85 1 U 32
86 1 L 38
87 1 L 30
88 1 L 14
89 0 L 22
90 0 U 63
91 1 U 90
92 0 U 1
93 1 L 84
94 0 L 26
95 0 U 57
96 1 U 48
97 0 U 67
98 1 U 4
99
0 0 L -1
1 0 U -1
2 1 U -1
3 1 U 1
4 0 U 2
5 0 L 1
6 0 U -1
7 1 U -1
8 0 L 6
9 1 L 3
10 1 U -1
11 0 L 7
12 1 L -1
13 1 U 2
14 0 U 11
15 1 U 5
16 1 U 8
17 0 U 10
18 0 U 13
19 1 U -1
20 1 U 17
21 1 L -1
22 0 U 8
23 1 U 22
24 0 U 20
25 1 L -1
26 0 U -1
27 0 U 7
28 0 L 17
29 1 L 28
30 1 U 14
31 1 U 10
32 1 L 26
33 0 U 26
34 1 L 30
35 0 U 22
36 1 U 28
37 0 L -1
38 0 L 11
39 1 U -1
40 0 U 35
41 0 U 22
42 0 L 38
43 1 U 7
44 1 U 5
45 0 L 9
46 0 L 21
47 0 L -1
48 1 L 21
49 1 U -1
50 1 L 8
51 1 U 44
52 1 L 45
53 1 L 34
54 0 L 37
55 0 U 19
56 0 U -1
57 1 L 54
58 0 U 51
59 0 U 2
60 1 U -1
61 0 L 25
62 1 L 50
63 0 U 59
64 1 L 40
65 1 L 11
66 1 L 4
67 0 L 56
68 1 L 12
69 1 L 20
70 1 U 49
71 0 U 51
72 1 L 64
73 0 U 69
74 0 L 6
75 0 U 54
76 1 U 16
77 1 L 30
78 1 U -1
79 0 U 37
80 0 L 60
81 0 L 78
82 1 U 71
83 0 U 29
84 0 L 61
85 1 U 32
86 1 L 38
87 1 L 69
88 0 L 73
89 0 L 30
90 1 U 43
91 0 U 90
92 1 U 1
93 1 L 84
94 0 L 26
95 0 U 12
96 1 U 25
97 0 U 67
98 0 U 4
99
0 0 L -1
1 0 U -1
2 1 U -1
3 1 U 1
4 0 U 2
5 0 L 1
6 0 U 1
7 1 U -1
8 0 L 6
9 0 L 3
10 1 U -1
11 0 L 7
12 0 L -1
13 1 U 2
14 0 U 11
15 0 U 5
16 1 U 6
17 0 U 10
18 0 L 13
19 1 U -1
20 1 U 17
21 1 L -1
22 0 U 8
23 0 U 22
24 1 U 3
25 1 L -1
26 0 U -1
27 0 U 7
28 0 L 17
29 1 L 28
30 1 U 14
31 0 U 10
32 1 L 26
33 0 U 31
34 1 L 30
35 0 U 22
36 1 U 28
37 0 L -1
38 1 L 11
39 1 U -1
40 0 U 15
41 0 U 22
42 0 L 38
43 1 U 7
44 1 U 5
45 0 L 9
46 0 L 21
47 0 L -1
48 1 L 21
49 1 U -1
50 1 L 8
51 1 U 44
52 1 L 45
53 0 L 34
54 0 L 37
55 1 U 19
56 0 U -1
57 0 L 9
58 0 U 51
59 1 U 2
60 1 U -1
61 1 L 25
62 1 L 50
63 0 U 27
64 1 L 40
65 1 L 11
66 1 L 4
67 0 L 56
68 1 L 12
69 1 L 20
70 1 U 49
71 0 U 51
72 0 L 64
73 0 U 69
74 0 L 6
75 0 U 54
76 1 U 22
77 1 L 30
78 1 U -1
79 0 U 37
80 1 L 60
81 0 L 78
82 0 U 14
83 1 U 20
84 0 L 61
85 1 U 32
86 0 L 38
87 1 L 69
88 0 L 73
89 0 L 30
90 0 U 43
91 0 U 90
92 1 U 1
93 1 L 48
94 0 L 66
95 0 U 12
96 1 U 25
97 1 U 67
98 1 U 12
99
0 0 U -1
1 0 U -1
2 1 U -1
3 1 U 1
4 0 U 2
5 0 L 1
6 0 U 1
7 1 U -1
8 0 L 6
9 1 L 3
10 1 U -1
11 0 L 7
12 0 L -1
13 1 U 2
14 0 U 11
15 0 U 5
16 1 L 15
17 0 U 10
18 0 L 13
19 1 U -1
20 1 U 17
21 1 L -1
22 0 U 8
23 0 U 21
24 1 U 3
25 1 L -1
26 0 U -1
27 0 U 7
28 0 L 17
29 1 L 28
30 1 U 14
31 1 U 10
32 1 L 26
33 0 U 31
34 1 L 30
35 1 U 20
36 0 U 28
37 0 L -1
38 0 L 11
39 0 U -1
40 0 U 15
41 0 U 22
42 0 L 38
43 1 U 7
44 1 U 5
45 0 L 9
46 1 L 21
47 0 L -1
48 1 L 21
49 1 U -1
50 0 L 8
51 1 U 44
52 1 L 45
53 0 L 34
54 0 L 37
55 0 U 19
56 0 U -1
57 0 L 9
58 0 U 51
59 1 U 10
60 1 U -1
61 0 L 25
62 1 L 23
63 0 U 27
64 1 L 40
65 1 L 11
66 1 L 4
67 0 L 56
68 1 L 12
69 1 L 20
70 1 U 49
71 0 U 51
72 0 L 64
73 0 U 69
74 0 L 6
75 1 U 54
76 1 U 22
77 1 L 30
78 1 U -1
79 1 U 37
80 0 L 60
81 0 L 78
82 1 U 14
83 0 L 20
84 1 U 61
85 1 U 34
86 0 L 38
87 1 L 69
88 0 L 73
89 0 L 30
90 0 U 43
91 1 U 33
92 1 U 1
93 1 L 48
94 0 L 66
95 0 U 12
96 0 U 23
97 0 U 67
98 1 U 12
99
0 0 U -1
1 0 U -1
2 1 U -1
3 1 U 1
4 0 U 2
5 0 L 1
6 0 U -1
7 1 U -1
8 0 L 6
9 1 L 3
10 1 U -1
11 0 L 7
12 1 L -1
13 1 U 10
14 0 U 11
15 0 U 5
16 1 L 15
17 0 U 10
18 0 L 13
19 1 U -1
20 1 U 17
21 1 L -1
22 0 U 8
23 0 U 21
24 1 U 3
25 1 L -1
26 0 U -1
27 1 U 7
28 0 L 17
29 1 L 28
30 1 U 14
31 1 U 10
32 1 L 26
33 0 U 31
34 1 L 30
35 1 U 20
36 0 U 15
37 0 L -1
38 0 L 11
39 1 U -1
40 0 U 15
41 0 U 11
42 1 L 38
43 1 U 7
44 1 U 5
45 0 L 5
46 0 L 21
47 0 L -1
48 1 L 21
49 1 U -1
50 0 L 8
51 1 U 44
52 1 L 45
53 1 L 34
54 0 L 37
55 0 U 19
56 0 U -1
57 1 L 5
58 0 U 51
59 1 U 10
60 1 U -1
61 0 L 25
62 1 L 23
63 0 U 27
64 1 L 40
65 1 L 11
66 1 L 4
67 0 L 56
68 1 L 12
69 1 L 20
70 1 U 49
71 0 U 51
72 1 L 64
73 0 U 69
74 0 L 6
75 0 U 54
76 0 U 21
77 1 L 30
78 1 U -1
79 1 U 37
80 0 L 60
81 0 L 78
82 1 U 14
83 1 L 20
84 1 U 61
85 1 U 34
86 1 L 38
87 1 L 69
88 0 L 73
89 0 L 30
90 0 U 43
91 1 U 33
92 1 U 1
93 1 U 25
94 0 L 66
95 0 U 12
96 0 U 36
97 1 U 67
98 1 U 12
99
0 0 U -1
1 0 U -1
2 1 U -1
3 1 U 1
4 0 U 2
5 0 L 1
6 0 U 2
7 1 U -1
8 0 L 6
9 1 U 3
10 1 U -1
11 0 L 7
12 1 L -1
13 1 U 10
14 0 U 11
15 0 U 11
16 1 L 10
17 0 U 2
18 0 L 13
19 0 U 2
20 1 U 17
21 1 L -1
22 0 U 8
23 0 U 21
24 1 U 3
25 1 L -1
26 0 U -1
27 1 U 7
28 0 L 17
29 1 L 28
30 1 U 14
31 1 U 10
32 1 L 3
33 0 U 31
34 1 L 30
35 1 U 9
36 1 U 15
37 0 L -1
38 1 L 11
39 0 U -1
40 0 U 35
41 0 U 11
42 1 L 38
43 1 U 1
44 1 U 5
45 1 L 5
46 0 L 21
47 0 L -1
48 1 L 21
49 1 U -1
50 0 L 8
51 1 U 44
52 1 L 45
53 0 L 33
54 0 L 37
55 0 U 39
56 0 U -1
57 1 L 5
58 0 U 51
59 0 U 10
60 1 U -1
61 1 L 25
62 1 L 38
63 0 U 27
64 1 L 40
65 1 L 11
66 1 L 4
67 1 L 56
68 1 L 12
69 1 L 20
70 1 U 49
71 0 U 51
72 0 L 64
73 0 U 69
74 0 L 6
75 0 U 54
76 0 U 21
77 1 L 30
78 1 U -1
79 1 U 37
80 0 L 60
81 0 L 78
82 1 U 34
83 0 L 20
84 0 L 61
85 1 U 34
86 1 L 38
87 1 L 69
88 0 L 73
89 0 L 30
90 0 U 43
91 1 U 33
92 1 U 1
93 1 U 25
94 0 L 66
95 1 U 12
96 1 U 36
97 0 U 67
98 1 L 3
99
0 0 U -1
1 0 U -1
2 1 U -1
3 1 U 1
4 0 U 2
5 0 L 1
6 0 U -1
7 1 U -1
8 0 L 6
9 1 U 3
10 1 U -1
11 0 L 7
12 0 L -1
13 1 U 10
14 0 U 11
15 0 U 5
16 1 L 10
17 0 U 10
18 0 L 13
19 0 U 2
20 1 U 17
21 1 L -1
22 0 U 13
23 1 U 21
24 1 U 3
25 1 L -1
26 1 U -1
27 1 U 7
28 0 L 17
29 1 U 28
30 1 U 14
31 1 U 10
32 1 L 3
33 0 U 31
34 1 L 30
35 1 U 9
36 1 U 15
37 1 L -1
38 0 L 11
39 1 U -1
40 0 U 35
41 0 U 11
42 1 L 38
43 1 U 1
44 1 U 5
45 0 L 5
46 0 L 21
47 0 L -1
48 1 L 21
49 1 U -1
50 0 L 8
51 1 U 44
52 0 L 45
53 0 L 33
54 0 L 37
55 0 U 39
56 0 U -1
57 1 L 5
58 0 U 51
59 0 U 10
60 1 U -1
61 0 L 25
62 1 L 38
63 0 U 27
64 1 L 40
65 1 L 11
66 1 L 4
67 1 L 56
68 1 L 0
69 1 L 20
70 1 U 49
71 1 U 51
72 1 L 64
73 0 U 69
74 1 L 6
75 0 U 54
76 0 U 21
77 1 L 30
78 1 U -1
79 1 U 37
80 0 L 60
81 0 L 78
82 1 U 41
83 0 L 20
84 0 U 61
85 1 U 34
86 0 L 38
87 1 L 69
88 0 L 73
89 0 L 27
90 0 U 43
91 1 U 33
92 1 U 1
93 1 U 25
94 0 L 66
95 0 U 12
96 1 U 36
97 0 U 20
98 1 L -1
99
0 0 U -1
1 0 U -1
2 1 U -1
3 1 U 1
4 0 U 2
5 0 L 1
6 0 U 2
7 1 U -1
8 0 L 6
9 1 U 8
10 1 U -1
11 0 L 7
12 1 L -1
13 1 U 10
14 0 U 11
15 0 U 5
16 1 L 10
17 0 U 10
18 0 L 13
19 0 U 2
20 1 U 17
21 1 L -1
22 0 U 13
23 0 U 21
24 1 U 3
25 1 L -1
26 0 U -1
27 1 U 7
28 0 L 17
29 1 U 28
30 1 U 14
31 1 U 10
32 1 L 3
33 0 U 31
34 1 L 30
35 1 U 9
36 1 U 15
37 0 L -1
38 1 L 29
39 1 U -1
40 0 U 35
41 0 U 11
42 1 L 39
43 1 U 1
44 1 U 5
45 0 L 5
46 0 L 21
47 0 L -1
48 1 L 21
49 1 U -1
50 0 L 8
51 1 U 44
52 0 L 45
53 0 L 33
54 0 L 37
55 0 U 39
56 0 U -1
57 0 L 5
58 0 U 51
59 0 U 10
60 1 U -1
61 0 L 25
62 1 L 23
63 0 U 13
64 1 L 40
65 1 L 11
66 1 L 4
67 1 L 56
68 1 L 0
69 1 L 20
70 1 U 49
71 0 U 51
72 0 L 64
73 0 U 69
74 1 L 6
75 0 U 54
76 0 U 21
77 1 L 30
78 1 U -1
79 0 U 36
80 0 L 60
81 0 L 78
82 1 U 41
83 1 U 69
84 0 L 61
85 1 U 34
86 1 L 38
87 1 L 69
88 0 L 73
89 0 L 62
90 0 U 43
91 1 U 33
92 1 U 1
93 1 U 13
94 0 L 66
95 1 U 23
96 0 U 36
97 0 U 20
98 0 L -1
99
0 0 L -1
1 0 U -1
2 1 U -1
3 1 U 1
4 0 U 2
5 0 L 1
6 0 U 2
7 1 U -1
8 0 L 6
9 1 U 8
10 1 U -1
11 0 L 6
12 0 L -1
13 1 U 10
14 0 U 11
15 0 U 5
16 1 L 8
17 0 U 10
18 0 L 13
19 0 U 2
20 1 U 17
21 1 L -1
22 0 U 6
23 1 U 21
24 1 U 3
25 1 L -1
26 0 U -1
27 0 U 7
28 0 L 17
29 1 U 28
30 1 U 14
31 1 U 10
32 1 L 3
33 0 U 31
34 1 L 30
35 0 U 20
36 1 U 15
37 0 L -1
38 0 L 29
39 1 U -1
40 0 U 35
41 0 U 11
42 0 L 39
43 1 U 1
44 1 U 5
45 0 L 5
46 0 L 21
47 0 L -1
48 1 L 21
49 1 U -1
50 0 L 8
51 1 U 44
52 0 L 45
53 0 L 33
54 0 L 37
55 0 U 39
56 0 U -1
57 1 L 32
58 0 U 51
59 0 U -1
60 1 U -1
61 1 L 25
62 1 L 23
63 0 U 13
64 1 L 40
65 1 L 29
66 1 L 4
67 1 L 56
68 1 L 0
69 1 L 20
70 1 U 49
71 0 U 51
72 0 L 64
73 0 U 69
74 1 L 6
75 1 U 54
76 0 U 21
77 0 L 30
78 1 U -1
79 0 L 36
80 0 L 60
81 0 L 78
82 1 U 14
83 1 U 69
84 1 L 3
85 1 U 34
86 1 L 65
87 1 L 24
88 0 L 73
89 0 L 19
90 0 U 43
91 1 U 33
92 1 U 1
93 1 U 17
94 0 L 66
95 0 U 41
96 0 U 36
97 1 U 20
98 0 L -1
99
0 0 U -1
1 0 U -1
2 1 U -1
3 1 U 1
4 0 U 2
5 0 L 1
6 0 U 2
7 1 U -1
8 0 L 6
9 0 U 8
10 1 U -1
11 0 L 6
12 0 L -1
13 1 U 10
14 0 U 11
15 0 U 5
16 1 U 8
17 0 U 10
18 1 L 13
19 0 U 2
20 1 U 17
21 1 L -1
22 0 U 6
23 1 U 21
24 1 U 3
25 1 L -1
26 0 U -1
27 1 U 2
28 0 L 17
29 1 U 28
30 1 U 14
31 1 U 10
32 0 L 3
33 0 U 3
34 1 L 30
35 1 U 20
36 1 U 25
37 0 L -1
38 0 L 29
39 0 U -1
40 0 U 35
41 0 U 20
42 1 L 39
43 1 U 1
44 1 U 5
45 0 L 5
46 0 L 21
47 0 L -1
48 1 L 21
49 1 U -1
50 0 L 8
51 1 U 44
52 0 L 45
53 1 L 33
54 0 L 3
55 0 U 39
56 0 U -1
57 1 L 32
58 1 U 51
59 0 U -1
60 1 U -1
61 0 L 25
62 1 L 23
63 0 U 6
64 1 L 40
65 1 L 29
66 1 L 4
67 0 U 56
68 1 L 0
69 1 L 20
70 1 U 49
71 1 U 51
72 1 L 64
73 0 U 71
74 1 L 6
75 1 U 54
76 0 U 22
77 0 L 30
78 1 U -1
79 1 L 36
80 1 L 60
81 0 L 78
82 1 U 14
83 1 U 61
84 0 L 3
85 0 U 3
86 1 L 65
87 1 L 24
88 1 L 76
89 0 L 20
90 0 U 43
91 0 U 33
92 1 U 91
93 0 U 17
94 0 L 66
95 0 U 17
96 0 U 44
97 0 U 21
98 0 L -1
99
0 0 U -1
1 0 U -1
2 1 U -1
3 1 U 1
4 0 U 2
5 0 L 1
6 0 U 2
7 1 U -1
8 0 L 6
9 0 U 8
10 1 U -1
11 0 L 9
12 1 L -1
13 1 U 10
14 0 U 11
15 0 U 5
16 1 U 9
17 0 U 10
18 1 L 13
19 0 U 2
20 1 U 17
21 1 L -1
22 0 U 6
23 1 U 21
24 1 U 3
25 1 L -1
26 1 U -1
27 0 U 2
28 0 L 17
29 1 U 28
30 1 U 14
31 1 U 10
32 1 L 3
33 0 U 3
34 1 L 30
35 1 U 5
36 1 U 25
37 0 L -1
38 1 L 29
39 1 U -1
40 0 U 35
41 0 U 20
42 0 L 39
43 1 U 1
44 1 U 21
45 0 L 5
46 0 L 21
47 0 L -1
48 0 L 21
49 1 U -1
50 0 L 8
51 1 U 28
52 0 L 45
53 0 L 33
54 0 L 48
55 0 U 39
56 0 U -1
57 1 L 32
58 1 U 51
59 0 U -1
60 1 U -1
61 1 L 25
62 1 L 23
63 0 U 6
64 1 L 40
65 1 L 29
66 1 L 4
67 1 U 56
68 1 L 0
69 0 L 20
70 0 U 49
71 1 U 51
72 0 L 64
73 0 U 71
74 1 L 6
75 1 U 54
76 0 U 22
77 0 L 30
78 1 U -1
79 1 L 77
80 0 L 60
81 0 L 78
82 1 U 14
83 1 U 57
84 0 L 3
85 0 U 31
86 1 L 65
87 1 L 24
88 1 L 76
89 0 L 20
90 0 U 43
91 0 U 33
92 1 U 91
93 0 U 17
94 0 L 66
95 0 U 1
96 1 U 44
97 1 U 21
98 1 L -1
99
0 0 L -1
1 0 U -1
2 1 U -1
3 1 U 1
4 0 U 2
5 0 L 1
6 0 U 2
7 1 U -1
8 0 L 6
9 0 U 8
10 1 U -1
11 0 L 6
12 1 L 3
13 1 U 7
14 0 U 11
15 0 U 5
16 1 U 11
17 0 U 10
18 1 L 13
19 0 U 2
20 1 U 17
21 1 L -1
22 0 U 6
23 0 U 21
24 1 U 3
25 1 L -1
26 0 U -1
27 0 U 2
28 0 L 17
29 1 U 28
30 1 U 23
31 1 U 10
32 1 L 3
33 0 U 3
34 1 L 30
35 1 U 9
36 0 U 25
37 0 L -1
38 0 L 29
39 0 U -1
40 0 U 35
41 0 U 20
42 0 L 39
43 1 U 1
44 1 U 5
45 0 L 5
46 0 L 37
47 0 L -1
48 1 L 21
49 1 U -1
50 0 L 8
51 1 U 28
52 0 L 45
53 1 L 33
54 0 L 32
55 0 U 39
56 0 U -1
57 1 L 48
58 1 U 51
59 0 U -1
60 1 U -1
61 1 L 25
62 1 L 23
63 0 U 6
64 1 L 40
65 1 L 29
66 1 L 5
67 1 U 19
68 1 L 0
69 0 L 20
70 0 U 60
71 1 U 51
72 0 L 64
73 0 U 71
74 1 L 54
75 1 U 54
76 0 U 22
77 0 L 30
78 1 U -1
79 1 L 33
80 1 L 60
81 0 L 78
82 0 U 14
83 0 U 50
84 0 L 3
85 0 U 56
86 0 L 65
87 1 L 24
88 1 L 76
89 0 L 20
90 1 U 8
91 1 U 33
92 1 U 91
93 1 U 17
94 0 L 6
95 0 U 33
96 1 U 34
97 0 U 11
98 1 L -1
99
0 0 L -1
1 0 U -1
2 1 U -1
3 1 U 1
4 0 U 2
5 0 L 1
6 0 U 2
7 1 U -1
8 0 L 6
9 0 U 8
10 1 U -1
11 0 L 6
12 0 L -1
13 1 U 1
14 0 U 11
15 0 U 5
16 1 U 11
17 0 U 10
18 1 L 13
19 0 U 2
20 1 U 17
21 1 L -1
22 0 U 6
23 1 U 21
24 1 U 3
25 1 L -1
26 1 U -1
27 0 U 2
28 0 L 17
29 1 U 28
30 1 U 23
31 1 U 10
32 1 L 3
33 0 U 3
34 1 L 30
35 1 U 18
36 0 U 25
37 0 L -1
38 0 L 29
39 1 U -1
40 0 U 28
41 0 U 11
42 0 L 39
43 1 U 1
44 1 U 5
45 0 L 5
46 1 L 37
47 0 L -1
48 1 L 21
49 0 U -1
50 0 L 29
51 1 U 28
52 0 L 45
53 1 L 33
54 0 L 32
55 0 U 39
56 0 U -1
57 0 L 5
58 1 U 29
59 0 U -1
60 1 U -1
61 1 L 25
62 1 L 36
63 0 U 6
64 1 L 40
65 1 L 29
66 1 L 5
67 1 U 19
68 1 L 0
69 0 L 20
70 0 U 60
71 0 U 51
72 0 L 64
73 0 U 71
74 1 L 54
75 1 U 54
76 0 U 5
77 0 L 30
78 1 U -1
79 1 L 61
80 0 L 60
81 0 L 78
82 0 U 14
83 1 U 71
84 1 L 3
85 0 U 56
86 0 L 65
87 1 L 24
88 1 L 76
89 0 L 20
90 1 U 43
91 1 U 33
92 1 U 91
93 0 U 17
94 0 L 6
95 0 U 33
96 1 U 38
97 0 U 11
98 0 L -1
99
0 0 U -1
1 0 U -1
2 1 U -1
3 1 U 1
4 0 U 2
5 0 L 1
6 0 U 2
7 1 U -1
8 0 L 6
9 0 U 8
10 1 U -1
11 0 L 6
12 1 L -1
13 1 U 1
14 0 U 11
15 0 U 5
16 1 U 11
17 0 U 10
18 1 L 13
19 0 U 2
20 1 U 17
21 1 L -1
22 0 U 4
23 0 U 5
24 1 U 3
25 1 L -1
26 1 U -1
27 0 U 2
28 0 L 17
29 1 U 28
30 1 U 23
31 1 U 10
32 1 L 3
33 0 U 3
34 1 L 30
35 0 U 18
36 0 U 25
37 0 L -1
38 1 L 29
39 1 U -1
40 0 U 15
41 1 U 5
42 0 L 39
43 1 U 1
44 1 U 18
45 0 L 5
46 0 L 37
47 0 L -1
48 1 L 21
49 1 U -1
50 0 L 29
51 1 U 28
52 0 L 45
53 1 L 36
54 0 L 32
55 0 U 39
56 0 U -1
57 0 L 5
58 1 U 36
59 0 U -1
60 1 U -1
61 1 L 25
62 1 L 36
63 0 U 6
64 1 L 40
65 1 L 29
66 1 L 5
67 0 U 19
68 1 L 0
69 0 L 20
70 0 U 60
71 0 U 51
72 0 L 64
73 0 U 71
74 1 L 54
75 1 U 54
76 0 U 9
77 0 L 30
78 1 U -1
79 1 L 50
80 1 L 60
81 0 L 78
82 1 U 14
83 0 U 71
84 0 L 3
85 0 U 56
86 1 L 65
87 1 L 24
88 1 L 67
89 0 L 20
90 1 U 43
91 1 U 33
92 1 U 91
93 0 L 11
94 0 L 6
95 1 U 24
96 1 U 92
97 0 U 23
98 0 L -1
99
0 0 U -1
1 0 U -1
2 1 U -1
3 1 U 1
4 0 U 2
5 0 L 1
6 0 U 2
7 1 U -1
8 0 L 6
9 1 L 4
10 1 U -1
11 0 L 6
12 1 L -1
13 1 U 10
14 0 U 11
15 0 U 5
16 1 U 11
17 0 U 10
18 1 L 13
19 0 U 2
20 1 U 17
21 1 L -1
22 0 U 4
23 1 U 21
24 1 U 3
25 1 L -1
26 0 U -1
27 0 U 2
28 0 L 17
29 1 U 28
30 1 U 23
31 1 U 10
32 1 L 3
33 0 U 3
34 1 L 27
35 1 U 18
36 1 U 25
37 0 L -1
38 1 L 1
39 1 U -1
40 0 U 28
41 0 U 5
42 1 L 26
43 1 U 1
44 0 L 18
45 0 L 5
46 0 L 37
47 0 L -1
48 0 L 21
49 0 U -1
50 0 L 29
51 1 U 28
52 0 L 45
53 1 L 36
54 0 L 32
55 0 U 39
56 0 U -1
57 0 L 5
58 1 U 36
59 0 U -1
60 1 U -1
61 0 L 25
62 1 L 36
63 0 U 4
64 1 L 40
65 1 L 29
66 1 L 5
67 1 U 59
68 1 L 0
69 1 L 20
70 0 U 60
71 0 U 51
72 1 L 64
73 0 U 71
74 0 L 45
75 1 U 54
76 0 L 14
77 0 L 30
78 1 U -1
79 1 L 50
80 0 L 60
81 0 L 78
82 1 U 14
83 1 U 77
84 0 L 3
85 1 U 56
86 1 L 65
87 1 U 24
88 1 U 67
89 0 L 20
90 0 U 43
91 0 U 33
92 1 U 91
93 0 L 59
94 0 U 6
95 0 U 24
96 0 U 92
97 0 U 94
98 1 L -1
99
0 0 L -1
1 0 U -1
2 1 U -1
3 1 U 1
4 0 U 2
5 0 L 1
6 0 U 2
7 1 U -1
8 0 L 6
9 0 L 4
10 1 U -1
11 0 L 9
12 0 L -1
13 1 U 10
14 0 U 11
15 0 U 5
16 1 U 13
17 0 U 2
18 1 L 13
19 0 U 2
20 1 U 17
21 1 L -1
22 0 U 4
23 1 U 20
24 1 U 3
25 1 L -1
26 0 U -1
27 0 U 2
28 0 L 17
29 1 U 28
30 1 U 23
31 1 U 10
32 0 L 1
33 0 U 31
34 1 L 27
35 1 U 9
36 1 U 25
37 0 L -1
38 1 L 1
39 1 U -1
40 0 U 28
41 0 U 22
42 0 L 26
43 1 U 1
44 1 L 18
45 1 L 5
46 0 L 37
47 0 L -1
48 0 L 21
49 0 U -1
50 0 L 29
51 1 U 28
52 0 L 45
53 0 L 36
54 0 L 32
55 0 U 26
56 0 U -1
57 1 L 45
58 1 U 36
59 0 U -1
60 1 U -1
61 0 L 25
62 0 L 36
63 0 U 4
64 1 L 40
65 1 L 29
66 1 L 5
67 0 L 56
68 1 L 0
69 1 L 20
70 0 U 60
71 1 U 51
72 0 L 64
73 0 U 71
74 0 L 52
75 1 U 36
76 0 L 14
77 0 L 30
78 1 U -1
79 0 L 23
80 0 L 60
81 0 L 78
82 1 U 34
83 1 U 77
84 1 L 3
85 0 U 56
86 1 L 65
87 1 U 24
88 0 U 67
89 0 L 20
90 1 U 13
91 0 U 33
92 1 U 91
93 1 L 71
94 0 U 6
95 0 U 24
96 0 U 40
97 0 U 94
98 1 L 89
99
0 0 L -1
1 0 U -1
2 1 U -1
3 1 U 1
4 0 U 2
5 0 L 1
6 0 U 2
7 1 U -1
8 0 L 6
9 1 L 2
10 1 U -1
11 0 L 9
12 1 L -1
13 1 U 10
14 0 U 11
15 0 U 5
16 1 U 4
17 0 U 2
18 1 L 13
19 0 U 2
20 1 U 17
21 1 L -1
22 0 U 4
23 1 U 20
24 1 U 3
25 1 L -1
26 0 U -1
27 0 U -1
28 0 L 17
29 1 U 28
30 1 U 23
31 1 U 10
32 1 L 1
33 0 U 3
34 1 L 27
35 1 U 18
36 1 U 25
37 0 L -1
38 1 L 1
39 1 U -1
40 0 U 34
41 0 L 22
42 1 L 26
43 1 U 0
44 0 L 18
45 1 L 5
46 0 L 37
47 1 L -1
48 1 L 21
49 0 U -1
50 0 L 29
51 1 U 28
52 0 L 45
53 1 L 36
54 1 U 32
55 0 U 2
56 0 U -1
57 0 L 45
58 1 U 42
59 0 U -1
60 1 U -1
61 1 L 47
62 1 L 36
63 0 U 4
64 1 L 40
65 1 L 29
66 0 L 5
67 1 U 56
68 1 L 0
69 1 L 20
70 0 U 60
71 0 U 51
72 1 L 64
73 0 U 71
74 0 L 52
75 1 U 36
76 0 L 14
77 1 L 30
78 1 U -1
79 0 L 23
80 1 L 60
81 0 L 78
82 1 U 34
83 0 U 79
84 0 L 3
85 0 U 56
86 1 L 65
87 1 U 11
88 0 U 67
89 1 L 20
90 1 U 13
91 0 U 24
92 1 U 91
93 0 L 71
94 0 U 6
95 0 U 24
96 0 U 40
97 0 U 33
98 0 L -1
99
0 0 U -1
1 0 U -1
2 1 U -1
3 1 U 1
4 0 U 2
5 0 L 1
6 0 U 2
7 1 U -1
8 0 L 6
9 0 L 2
10 1 U -1
11 0 L 9
12 0 L -1
13 1 U 10
14 0 U 11
15 0 U 5
16 1 U 6
17 0 U 2
18 1 L 13
19 0 U 2
20 1 U 17
21 1 L -1
22 0 U 4
23 1 U 20
24 1 U 3
25 1 L -1
26 0 U -1
27 0 U -1
28 0 L 17
29 1 U 28
30 1 U 23
31 1 U 10
32 1 L 1
33 0 U 3
34 1 L 27
35 1 U 18
36 0 U 25
37 0 L -1
38 1 L 1
39 0 U -1
40 0 U 34
41 0 U 11
42 0 L 26
43 1 U 0
44 0 L 18
45 1 L 38
46 0 L 37
47 1 L -1
48 1 L 21
49 0 U -1
50 0 L 29
51 1 U 28
52 0 L 45
53 1 L 36
54 1 L 32
55 0 U 2
56 0 U -1
57 1 L 45
58 1 U 42
59 0 U -1
60 1 U -1
61 0 L 47
62 1 L 36
63 0 U 4
64 1 L 40
65 1 L 29
66 0 L 2
67 0 U 56
68 1 L 0
69 1 L 20
70 0 U 60
71 1 U 51
72 0 L 64
73 0 U 71
74 0 L 52
75 1 U 36
76 1 L 69
77 1 L 30
78 1 U -1
79 1 L 23
80 1 L 60
81 0 L 78
82 1 U 34
83 0 U 69
84 0 L 3
85 0 U 56
86 1 L 65
87 1 U 11
88 0 U 67
89 1 L 20
90 1 U 13
91 0 U 33
92 1 U 91
93 0 L 71
94 0 U 6
95 0 U 24
96 0 U 40
97 0 U 33
98 0 L -1
99
0 0 U -1
1 0 U -1
2 1 U -1
3 1 U 1
4 0 U 2
5 0 L 1
6 0 U 2
7 1 U -1
8 0 L 6
9 1 L 4
10 1 U -1
11 0 L 6
12 1 L -1
13 1 U 10
14 0 U 11
15 0 U 11
16 1 U 6
17 0 U 2
18 1 L 13
19 0 U 2
20 1 U 17
21 1 L -1
22 0 U 4
23 1 U 20
24 1 U 3
25 1 L -1
26 1 U -1
27 0 U -1
28 0 L 17
29 1 U 28
30 1 U 23
31 1 U 10
32 1 L 1
33 0 U 3
34 1 L 27
35 1 U 18
36 0 U 25
37 0 L -1
38 1 L 1
39 1 U -1
40 0 U 34
41 0 U 11
42 0 L 29
43 1 U 0
44 0 L 18
45 1 L 38
46 0 L 13
47 1 L -1
48 0 L 21
49 1 U -1
50 1 L 29
51 1 U 28
52 0 L 45
53 1 L 36
54 1 L 2
55 0 U 2
56 0 U -1
57 1 L 45
58 1 U 51
59 0 U -1
60 1 U -1
61 0 L 47
62 1 L 36
63 1 U 55
64 1 L 40
65 1 L 29
66 0 L 2
67 0 U 1
68 1 L 0
69 0 L 20
70 0 U 60
71 1 U 51
72 1 L 64
73 0 U 71
74 0 L 52
75 1 U 36
76 1 L 7
77 0 L 30
78 1 U -1
79 1 L 24
80 0 L 60
81 0 L 78
82 1 U 34
83 1 U 69
84 0 L 3
85 0 U 56
86 0 L 65
87 1 U 11
88 0 U 67
89 0 L 20
90 1 U 13
91 0 U 33
92 1 U 91
93 0 L 71
94 0 U 6
95 0 U 24
96 1 U 40
97 0 U 33
98 0 L -1
99
0 0 L -1
1 0 U -1
2 1 U -1
3 1 U 1
4 0 U 2
5 0 L 1
6 0 U 2
7 1 U -1
8 0 L 6
9 1 L 5
10 1 U -1
11 0 L 6
12 1 L 10
13 1 U 10
14 0 U 11
15 0 U 5
16 1 U 6
17 0 U 2
18 1 L 13
19 0 U 2
20 1 U 17
21 1 L -1
22 0 U 4
23 1 U 20
24 1 U 3
25 1 L -1
26 1 U -1
27 0 U -1
28 0 L 17
29 1 U 28
30 1 U 23
31 1 U 10
32 1 L 3
33 0 U 3
34 1 L 27
35 1 U 18
36 1 U 25
37 0 L -1
38 1 L 1
39 0 U -1
40 0 U 34
41 0 U 5
42 0 L 29
43 1 U 0
44 0 L 18
45 1 L 38
46 0 L 13
47 1 L -1
48 0 L 37
49 1 U -1
50 1 L 29
51 1 U 28
52 0 L 45
53 1 L 36
54 1 L 5
55 0 U 2
56 0 U -1
57 1 L 45
58 1 U 45
59 0 U -1
60 1 U -1
61 0 L 47
62 1 L 36
63 0 U 55
64 1 L 40
65 1 L 29
66 0 L 2
67 0 U 1
68 1 L 0
69 1 L 20
70 0 U 60
71 1 U 51
72 1 L 64
73 0 U 71
74 0 L 52
75 1 U 36
76 1 L 7
77 0 L 69
78 1 U -1
79 1 L 36
80 0 L 60
81 0 L 78
82 1 U 34
83 1 U 58
84 0 L 61
85 0 U 56
86 0 L 65
87 1 U 11
88 0 U 67
89 0 L 20
90 1 U 13
91 0 U 33
92 1 U 91
93 0 L 71
94 0 U 6
95 0 U 24
96 1 U 40
97 0 U 21
98 0 L -1
99
0 0 L -1
1 0 U -1
2 1 U -1
3 1 U 1
4 0 U 2
5 0 L 1
6 0 U 2
7 1 U -1
8 0 L 6
9 0 L 4
10 1 U -1
11 0 L 6
12 1 L 10
13 1 U 10
14 0 U 11
15 0 U 11
16 1 U 4
17 0 U 2
18 1 L 13
19 0 U 2
20 1 U 17
21 1 L -1
22 1 U 17
23 1 U 11
24 1 U 3
25 1 L -1
26 0 U -1
27 0 U -1
28 0 L 17
29 1 U 28
30 1 U 23
31 1 U 12
32 1 L 3
33 0 U 3
34 1 L 27
35 1 U 18
36 0 U 25
37 0 L -1
38 0 L 37
39 0 U -1
40 0 U 34
41 0 U 5
42 0 L 29
43 1 U 0
44 1 L 18
45 1 L 5
46 1 L 13
47 1 L -1
48 0 L 2
49 0 U -1
50 1 L 29
51 1 U 28
52 0 L 45
53 1 L 39
54 0 L 37
55 0 U 2
56 0 U -1
57 0 L 45
58 1 U 45
59 0 U -1
60 1 U -1
61 0 L 21
62 1 L 36
63 1 U 55
64 1 L 40
65 1 L 29
66 0 L 2
67 0 U 1
68 1 L 0
69 0 L 20
70 0 U 60
71 1 U 51
72 0 L 64
73 0 U 71
74 0 L 52
75 1 U 36
76 1 L 7
77 0 L 69
78 1 U -1
79 1 L 36
80 1 L 60
81 0 L 78
82 1 U 23
83 1 U 58
84 0 L 61
85 0 U 56
86 0 L 65
87 1 U 11
88 0 U 67
89 1 L 20
90 0 U 13
91 0 U 33
92 1 U 91
93 0 L 71
94 0 U 31
95 0 U 24
96 1 U 40
97 0 U 33
98 0 L -1
99
0 0 L -1
1 0 U -1
2 1 U -1
3 1 U 1
4 0 U 2
5 0 L 1
6 0 U 2
7 1 U -1
8 0 L 6
9 1 L 4
10 1 U -1
11 0 L 9
12 1 L 10
13 1 U 10
14 0 U 11
15 0 U 5
16 1 U 4
17 0 U 2
18 1 L 13
19 0 U 2
20 1 U 17
21 1 L -1
22 1 U 17
23 1 U 11
24 1 U 8
25 1 L -1
26 0 U -1
27 0 U -1
28 0 L 17
29 1 U 28
30 1 U 23
31 1 U 10
32 0 L 3
33 0 U 3
34 1 L 27
35 0 U 18
36 0 U 25
37 0 L -1
38 0 L 37
39 0 U -1
40 0 U 34
41 0 U 9
42 0 L 29
43 1 U 0
44 1 L 18
45 1 L 5
46 1 L 42
47 1 L -1
48 0 L 38
49 1 L -1
50 1 L 29
51 1 U 28
52 0 L 45
53 1 L 39
54 0 L 37
55 0 U 1
56 0 U -1
57 1 L 30
58 1 U 45
59 0 U -1
60 1 U -1
61 1 L 21
62 1 L 57
63 0 U 55
64 1 L 40
65 1 L 29
66 1 L 2
67 0 U 1
68 1 L 0
69 0 L 20
70 0 U 60
71 1 U 51
72 0 L 64
73 0 U 71
74 0 L 52
75 1 U 37
76 0 L 7
77 0 L 30
78 1 U -1
79 1 L 45
80 1 L 60
81 0 L 78
82 0 U 23
83 1 U 58
84 0 L 61
85 0 U 56
86 1 L 65
87 0 U 11
88 0 U 67
89 1 L 20
90 0 U 13
91 1 U 16
92 1 U 91
93 0 L 71
94 0 U 31
95 0 U 24
96 0 U 38
97 1 U 16
98 1 L 3
99
0 0 L -1
1 0 U -1
2 1 U -1
3 1 U 1
4 0 U 2
5 0 L 1
6 0 U 2
7 1 U -1
8 0 L 6
9 1 L 4
10 1 U -1
11 0 L 9
12 1 L 10
13 1 U 10
14 0 U 11
15 0 U 5
16 1 U 4
17 0 U 12
18 1 L 13
19 0 U 12
20 1 U 17
21 1 L -1
22 1 U 17
23 1 U 11
24 1 U 3
25 1 L -1
26 1 U -1
27 0 U -1
28 0 L 17
29 1 U 28
30 1 U 23
31 1 U 10
32 0 L 3
33 1 U 18
34 1 L 24
35 1 U 18
36 1 U 15
37 0 L -1
38 0 L 37
39 1 U -1
40 0 U 6
41 1 U 9
42 1 L 29
43 1 U 39
44 1 L 18
45 1 L 5
46 1 L 42
47 1 L -1
48 0 L 38
49 1 L -1
50 1 L 29
51 1 U 28
52 0 L 45
53 1 L 39
54 0 L 37
55 0 U 1
56 0 U -1
57 0 L 30
58 1 U 45
59 0 U -1
60 1 U -1
61 1 L 21
62 1 L 57
63 0 U 55
64 1 L 40
65 1 L 29
66 0 L 2
67 0 U 1
68 1 L 0
69 0 L 20
70 0 U 60
71 1 U 51
72 0 L 64
73 0 U 71
74 0 L 52
75 1 U 37
76 0 L 7
77 0 L 30
78 1 U -1
79 0 L 45
80 1 L 60
81 0 L 78
82 1 U 23
83 0 U 53
84 0 L 61
85 0 U 56
86 0 L 65
87 0 U 11
88 0 U 31
89 1 L 20
90 1 U 13
91 1 U 16
92 0 U 91
93 0 L 67
94 0 U 8
95 1 U 24
96 0 L 38
97 1 U 16
98 0 L 77
99
0 0 L -1
1 0 U -1
2 1 U -1
3 1 U 1
4 0 U 2
5 0 L 1
6 0 U 2
7 1 U -1
8 0 L 6
9 0 L 2
10 1 U -1
11 0 L 9
12 1 U -1
13 1 U 10
14 0 U 11
15 0 U 5
16 1 U 4
17 0 U 2
18 1 L 13
19 0 U 10
20 1 U 17
21 1 L -1
22 1 U 19
23 1 U 11
24 1 U 3
25 1 L -1
26 0 U -1
27 0 U -1
28 0 L 17
29 1 U 28
30 1 U 23
31 1 U 10
32 0 L 3
33 1 U 20
34 1 L 24
35 0 U 18
36 1 U 15
37 0 L -1
38 0 L 37
39 0 U -1
40 0 U 13
41 1 U -1
42 1 L 29
43 1 U 39
44 0 L 18
45 1 L 5
46 1 L 42
47 1 L -1
48 0 L 38
49 1 L -1
50 1 L 29
51 1 U 28
52 0 L 45
53 1 L 39
54 0 L 13
55 0 U 1
56 0 U -1
57 0 L 30
58 1 U 45
59 0 U -1
60 1 U -1
61 1 L 21
62 1 L 57
63 0 U 3
64 1 L 41
65 1 L 29
66 0 L 2
67 0 U 59
68 1 L 0
69 0 L 20
70 0 U 60
71 1 U 51
72 1 L 64
73 0 U 71
74 0 L 52
75 1 U 37
76 1 L 7
77 0 L 30
78 1 U -1
79 1 L 45
80 0 L 60
81 0 L 78
82 1 U 23
83 1 U 53
84 1 L 61
85 0 U 56
86 1 L 65
87 0 U 32
88 1 U 31
89 1 L 20
90 1 U 13
91 1 U 16
92 1 U 82
93 0 L 67
94 0 U 8
95 1 U 24
96 0 L 38
97 1 U 48
98 1 L 77
99
0 0 U -1
1 0 U -1
2 1 U -1
3 1 U 1
4 0 U 2
5 0 L 1
6 0 U 2
7 1 U -1
8 0 L 6
9 0 L 2
10 1 U -1
11 0 L 9
12 1 L -1
13 1 U 10
14 0 U 11
15 0 U 5
16 1 L 10
17 0 U 2
18 1 L 13
19 0 U 2
20 1 U 17
21 1 L -1
22 1 U 19
23 1 U 20
24 1 U 3
25 0 L -1
26 0 U -1
27 0 U -1
28 0 L 17
29 1 U 28
30 1 U 23
31 1 U 10
32 0 L 3
33 1 U 20
34 1 L 24
35 1 U 22
36 1 U 9
37 0 L -1
38 0 L 37
39 0 U -1
40 0 U 13
41 1 U -1
42 0 L 29
43 0 U 26
44 0 L 39
45 1 L 5
46 0 L 42
47 1 L -1
48 0 L 38
49 1 L -1
50 0 L 29
51 1 U 28
52 0 L 45
53 1 L 39
54 1 L 50
55 0 U -1
56 0 U -1
57 1 L 30
58 1 U 45
59 0 U -1
60 1 U -1
61 1 L 21
62 1 L 57
63 1 U 3
64 1 L 41
65 1 L 29
66 0 L 2
67 0 U 59
68 1 L 0
69 0 L 20
70 0 U 60
71 1 U 51
72 1 L 64
73 0 U 71
74 0 L 52
75 1 U 37
76 0 L 7
77 0 L 30
78 1 U -1
79 0 L 45
80 1 L 60
81 0 L 78
82 1 U 23
83 1 U 53
84 1 L 61
85 0 U 0
86 0 L 65
87 0 U 32
88 1 U 31
89 0 L 20
90 1 U 13
91 0 U 16
92 1 U 16
93 0 L 67
94 0 U 6
95 1 L 24
96 0 L 38
97 1 U 48
98 0 L 31
99
0 0 L -1
1 0 U -1
2 1 U -1
3 1 U 1
4 0 U 2
5 0 L 1
6 0 U 2
7 1 U -1
8 0 L 6
9 0 L 5
10 1 U -1
11 0 L 9
12 1 U -1
13 1 U 10
14 0 U 11
15 0 U 5
16 1 L 10
17 0 U 2
18 1 L 13
19 0 U 2
20 1 U 17
21 1 L -1
22 1 U 17
23 1 U 20
24 1 U 3
25 0 L -1
26 1 U 7
27 0 U -1
28 0 L 17
29 1 U 28
30 1 U 23
31 1 U 12
32 0 U 3
33 1 U 20
34 1 L 24
35 0 U 18
36 1 L 17
37 0 L -1
38 1 L 37
39 0 U -1
40 1 U 13
41 1 U -1
42 1 L 29
43 1 U 10
44 0 L 39
45 1 L 5
46 0 L 42
47 1 L -1
48 0 L 38
49 1 L -1
50 0 L 29
51 1 U 28
52 0 L 45
53 0 L 39
54 1 L 50
55 0 U -1
56 0 U -1
57 1 L 30
58 1 U 45
59 0 U -1
60 1 U -1
61 1 L 21
62 1 L 57
63 1 U 3
64 1 L 41
65 1 L 29
66 0 L 2
67 0 U 59
68 1 L 0
69 0 L 20
70 0 U 60
71 1 U 51
72 0 L 64
73 0 U 71
74 0 L 52
75 1 U 38
76 0 L 7
77 0 L 69
78 1 U -1
79 1 L 45
80 0 L 60
81 0 L 78
82 0 U 23
83 1 U 53
84 1 L 61
85 0 U 7
86 1 L 65
87 0 U 23
88 1 U 33
89 1 L 20
90 0 U 13
91 1 U 16
92 0 U 16
93 0 L 67
94 0 U 6
95 1 L 24
96 0 L 38
97 1 U 30
98 1 L 31
99
0 0 L -1
1 0 U -1
2 1 U -1
3 1 U 1
4 0 U 2
5 0 L 1
6 0 U 2
7 1 U -1
8 0 L 6
9 0 L 5
10 1 U -1
11 0 L 9
12 1 U -1
13 1 U 10
14 0 U 11
15 0 U 5
16 1 L 10
17 0 U 2
18 1 L 13
19 0 U 2
20 1 U 17
21 1 L -1
22 1 U 17
23 1 U 20
24 1 U 3
25 0 L -1
26 1 U 7
27 0 U -1
28 0 L 17
29 1 U 28
30 1 U 14
31 1 U 12
32 0 U 3
33 1 U 20
34 1 L 24
35 1 U 31
36 0 L 17
37 0 L -1
38 1 L 37
39 0 U -1
40 1 U 13
41 1 U -1
42 0 L 29
43 0 U 1
44 0 L 39
45 1 L 5
46 0 L 42
47 0 L -1
48 0 L 38
49 1 L -1
50 0 L 29
51 1 U 28
52 0 L 45
53 0 L 39
54 1 L 50
55 0 U -1
56 0 U -1
57 1 L 30
58 1 U 45
59 0 U -1
60 1 U -1
61 1 L 21
62 1 L 32
63 1 U 3
64 1 L 41
65 1 L 29
66 0 L 2
67 0 U 59
68 1 L 49
69 0 L 20
70 0 U 60
71 1 U 51
72 1 L 64
73 0 U 71
74 0 L 52
75 1 U 42
76 0 L 7
77 0 L 69
78 1 U -1
79 0 L 45
80 0 L 60
81 0 L 78
82 0 U 23
83 1 U 53
84 1 L 61
85 0 U 7
86 0 L 65
87 0 U 31
88 1 U 33
89 0 L 20
90 1 U 13
91 0 U 16
92 1 U 90
93 0 L 67
94 0 U 13
95 0 L 24
96 0 L 38
97 1 U 46
98 0 L 31
99
0 0 L -1
1 0 U -1
2 1 U -1
3 1 U 1
4 0 U 2
5 0 L 1
6 0 U 2
7 1 U -1
8 0 L 6
9 1 L 5
10 0 U -1
11 0 L 9
12 0 U -1
13 1 U 0
14 0 U 11
15 0 U 5
16 1 L 15
17 0 U 2
18 1 L 13
19 0 U 10
20 1 U 17
21 1 L -1
22 1 U 17
23 1 U 5
24 1 U 18
25 0 L -1
26 0 L 1
27 0 U -1
28 0 L 17
29 1 U 28
30 1 U 14
31 1 U 12
32 0 U 3
33 1 U 11
34 1 L 31
35 1 U 4
36 0 L 17
37 1 L -1
38 1 L 37
39 0 U -1
40 1 U 32
41 1 U -1
42 1 L 29
43 0 U 1
44 0 L 39
45 1 L 5
46 0 L 42
47 1 L -1
48 0 L 38
49 1 L -1
50 0 L 29
51 1 U 40
52 0 L 45
53 0 L 39
54 1 L 50
55 0 U -1
56 0 U -1
57 1 L 30
58 1 U 45
59 0 U -1
60 1 U -1
61 1 L 21
62 1 L 32
63 1 U 3
64 1 L 41
65 1 L 29
66 0 L 2
67 0 U 59
68 1 L 49
69 1 L 20
70 0 U 60
71 1 U 36
72 0 L 64
73 0 U 71
74 0 L 52
75 1 U 42
76 1 L 7
77 0 L 69
78 1 U -1
79 1 L 45
80 1 L 60
81 0 L 78
82 1 U 23
83 0 U 74
84 1 L 61
85 0 U 7
86 1 L 65
87 0 U 31
88 1 U 33
89 0 L 20
90 0 U 13
91 0 U 23
92 0 U 90
93 0 L 67
94 1 U 43
95 1 L 24
96 1 L 38
97 0 U 91
98 1 L 31
99
0 0 U -1
1 0 U -1
2 1 U -1
3 1 U 1
4 0 U 2
5 0 L 1
6 0 U 2
7 1 U -1
8 0 L 6
9 0 L 5
10 0 U -1
11 0 L 9
12 0 U -1
13 1 U 0
14 0 U 11
15 0 U 5
16 1 L 15
17 0 U 10
18 0 L 13
19 0 U 10
20 1 U 17
21 1 L -1
22 1 U 17
23 1 U 5
24 1 U 18
25 0 L -1
26 1 U 1
27 0 U -1
28 0 L 17
29 1 U 28
30 1 U 14
31 1 U 12
32 0 U 31
33 1 U 11
34 1 L 31
35 1 U 3
36 0 L 17
37 1 L -1
38 1 L 37
39 0 U -1
40 1 U 18
41 1 U -1
42 1 L 29
43 0 U 1
44 0 L 39
45 1 L 5
46 0 L 42
47 1 L -1
48 0 L 38
49 1 L -1
50 0 L 29
51 0 U 40
52 0 L 45
53 0 L 39
54 1 L 50
55 0 U -1
56 0 U -1
57 0 L 30
58 0 U 51
59 0 U -1
60 1 U -1
61 0 L 21
62 1 L 32
63 1 U 31
64 1 L 41
65 1 L 29
66 1 L 2
67 0 U 59
68 1 L 49
69 1 L 20
70 0 U 60
71 1 U 36
72 0 L 64
73 0 U 71
74 0 L 52
75 1 U 42
76 0 L 7
77 0 L 69
78 1 U -1
79 1 L 45
80 1 L 60
81 0 L 78
82 1 U 23
83 0 U 53
84 0 L 61
85 0 U 7
86 1 L 65
87 0 U 31
88 1 U 33
89 0 L 20
90 0 U 13
91 0 U 23
92 1 U 90
93 0 L 67
94 1 U 6
95 0 L 24
96 1 L 38
97 1 U 91
98 1 L 31
99
0 0 L -1
1 0 U -1
2 1 U -1
3 1 U 1
4 0 U 2
5 0 L 1
6 0 U 2
7 1 U -1
8 0 L 6
9 1 L 5
10 0 U -1
11 0 L 9
12 1 U -1
13 1 U 0
14 0 U 11
15 0 U 5
16 1 L 15
17 0 U 10
18 0 L 13
19 0 U 10
20 1 U 17
21 1 L -1
22 1 U 17
23 1 U 5
24 1 U 17
25 0 L -1
26 1 L 14
27 0 U -1
28 0 L 17
29 1 U 28
30 1 U 14
31 1 U 12
32 0 U 3
33 1 U 11
34 1 L 30
35 0 U 24
36 0 L 17
37 1 L -1
38 0 L 37
39 0 U -1
40 1 U 18
41 1 U -1
42 1 L 29
43 0 U 7
44 0 L 39
45 1 L 5
46 0 L 4
47 1 L -1
48 0 L 38
49 1 L -1
50 0 L 29
51 0 U 40
52 0 L 45
53 1 L 39
54 1 L 50
55 0 U -1
56 0 U -1
57 0 L 30
58 0 U 51
59 0 U -1
60 1 U -1
61 1 L 21
62 1 L 32
63 1 U 31
64 1 L 41
65 1 L 29
66 0 L 2
67 0 U 59
68 1 L 49
69 0 L 20
70 1 U 60
71 1 U 36
72 1 L 64
73 0 U 71
74 0 L 52
75 1 U 57
76 0 L 7
77 0 L 69
78 1 U -1
79 0 L 54
80 1 L 60
81 0 L 78
82 1 U 23
83 0 U 71
84 0 L 61
85 1 U 7
86 0 L 65
87 1 U 9
88 1 U 33
89 0 L 20
90 1 U 18
91 1 U 23
92 0 U 90
93 0 L 67
94 1 U 6
95 1 L 24
96 1 L 38
97 1 U 92
98 1 L 31
99
0 0 U -1
1 0 U -1
2 1 U -1
3 1 U 1
4 0 U 2
5 0 L 1
6 0 U -1
7 1 U -1
8 0 L 6
9 0 L 5
10 0 U -1
11 0 L 9
12 1 U -1
13 1 U 0
14 0 U 11
15 0 U 5
16 1 L 8
17 0 U 10
18 0 L 13
19 0 U 10
20 1 U 17
21 1 L -1
22 1 U 17
23 1 U 5
24 1 U 17
25 0 L -1
26 0 L 3
27 0 U -1
28 0 L 17
29 1 U 28
30 1 U 22
31 1 U 12
32 0 U 3
33 1 U 11
34 1 L 30
35 1 U 20
36 0 L 17
37 1 L -1
38 1 L 37
39 0 U -1
40 1 U 18
41 1 U -1
42 0 L 29
43 1 U 39
44 0 L 39
45 1 L 5
46 0 L 19
47 1 L -1
48 0 L 38
49 1 L -1
50 0 L 29
51 1 U 40
52 0 L 45
53 0 L 39
54 1 L 50
55 0 U -1
56 0 U -1
57 0 L 30
58 0 U 7
59 0 U -1
60 1 U -1
61 1 L 21
62 1 L 32
63 1 U 51
64 1 L 41
65 1 L 29
66 1 L 2
67 0 U 59
68 1 L 49
69 1 L 20
70 0 U 60
71 1 U 36
72 0 L 64
73 0 U 71
74 0 L 52
75 1 U 57
76 0 L 7
77 0 L 69
78 1 U -1
79 1 L 54
80 1 L 60
81 0 L 78
82 1 U 23
83 0 U 71
84 1 L 61
85 1 U 1
86 1 L 65
87 1 U 9
88 1 U 33
89 0 L 20
90 0 U 18
91 1 U 90
92 0 U 90
93 0 L 67
94 0 U 3
95 0 L 24
96 1 L 38
97 0 U 92
98 0 L 31
99
0 0 U -1
1 0 U -1
2 1 U -1
3 1 U 1
4 0 U 2
5 0 L 1
6 0 U -1
7 1 U -1
8 0 L 6
9 1 L 5
10 0 U -1
11 0 L 9
12 1 U -1
13 1 U 7
14 0 U 11
15 0 U 11
16 1 L 8
17 0 U 10
18 0 L 13
19 0 U 10
20 1 U 17
21 1 L -1
22 1 U 17
23 1 U 5
24 1 U 7
25 0 L -1
26 1 U 3
27 0 U -1
28 0 L 17
29 1 U 28
30 1 U 26
31 1 U 12
32 0 U 3
33 1 U 11
34 1 L 30
35 1 U 5
36 0 L 17
37 1 L -1
38 1 L 37
39 0 U -1
40 1 U 18
41 1 U -1
42 0 L 12
43 1 U 39
44 0 L 39
45 1 L 5
46 0 L 19
47 1 L -1
48 0 L 38
49 1 L -1
50 1 L 29
51 0 U 40
52 0 L 45
53 1 L 39
54 0 L 50
55 0 U -1
56 0 U -1
57 0 L 30
58 1 U 56
59 0 U -1
60 1 U -1
61 0 L 21
62 0 U 32
63 1 U 51
64 1 L 41
65 1 L 29
66 0 L 2
67 0 U 59
68 1 L 49
69 1 L 20
70 0 U 7
71 1 U 36
72 1 L 64
73 0 U 71
74 0 L 52
75 1 U 57
76 0 L 7
77 0 L 69
78 1 U -1
79 0 L 54
80 1 L 60
81 0 L 78
82 1 U 23
83 0 U 53
84 0 L 61
85 1 U 1
86 1 L 65
87 1 U 9
88 1 U 33
89 0 L 86
90 1 U 18
91 0 U 90
92 0 U 90
93 0 L 67
94 1 U 3
95 0 L 24
96 0 L 38
97 0 U 92
98 0 L 31
99
0 0 L -1
1 0 U -1
2 1 U -1
3 1 U 1
4 0 U 2
5 0 L 1
6 0 U -1
7 1 U -1
8 0 L 6
9 1 L 4
10 0 U -1
11 0 L 9
12 1 U -1
13 1 U 12
14 0 U 11
15 0 U 11
16 1 L 8
17 0 U 10
18 0 L 13
19 0 U 10
20 1 U 17
21 1 L -1
22 1 U 17
23 1 U 20
24 1 U 1
25 0 L -1
26 1 U 3
27 0 U -1
28 0 L 17
29 1 U 28
30 1 U 26
31 1 U 12
32 0 U 3
33 1 U 11
34 1 L 30
35 1 U 26
36 0 L 17
37 1 L -1
38 0 L 37
39 0 U -1
40 1 U 18
41 1 U -1
42 1 L 12
43 0 U 39
44 0 L 31
45 1 L 5
46 1 L 19
47 1 L -1
48 0 L 38
49 0 L -1
50 1 L 29
51 0 U 40
52 0 L 45
53 0 L 31
54 0 L 50
55 0 U -1
56 0 U -1
57 1 L 30
58 0 U 56
59 0 U -1
60 1 U -1
61 0 L 21
62 1 U 32
63 1 U 51
64 1 L 41
65 1 L 29
66 0 L 2
67 0 U 59
68 1 L 49
69 1 L 20
70 1 U 7
71 1 U 36
72 1 L 64
73 0 U 71
74 0 L 52
75 1 U 37
76 0 L 7
77 1 L 69
78 1 U -1
79 0 L 54
80 1 L 60
81 0 L 78
82 0 U 62
83 0 U 66
84 0 L 61
85 1 U 1
86 0 L 65
87 1 U 70
88 1 U 33
89 0 L 86
90 1 U 18
91 0 U 90
92 0 U 90
93 0 L 67
94 1 U 3
95 1 L 4
96 1 L 38
97 0 U 92
98 0 L 31
99
0 0 L -1
1 0 U -1
2 1 U -1
3 1 U 1
4 0 U 2
5 0 L 1
6 0 U 2
7 1 U -1
8 0 L 6
9 1 L 2
10 0 U -1
11 0 L 9
12 1 U -1
13 1 U 1
14 0 U 11
15 0 U 11
16 1 L 8
17 0 U 10
18 0 L 13
19 0 U 12
20 1 U 17
21 1 L -1
22 0 U 17
23 1 U 11
24 1 L 3
25 0 L -1
26 1 U 3
27 0 U -1
28 0 L 17
29 1 U 28
30 1 U 21
31 1 U 12
32 1 U 8
33 1 U 32
34 0 L 27
35 0 U 26
36 0 L 17
37 1 L -1
38 0 L 37
39 0 U -1
40 1 U 18
41 1 U -1
42 0 L 12
43 1 U 39
44 0 L 39
45 1 L 5
46 1 L 19
47 1 L -1
48 0 L 38
49 0 L -1
50 1 L 29
51 0 U 40
52 0 L 45
53 0 L 31
54 0 L 13
55 0 U -1
56 0 U -1
57 0 L 31
58 1 U 56
59 0 U -1
60 1 U -1
61 1 L 21
62 0 U 32
63 1 U 51
64 1 L 41
65 1 L 29
66 0 L 2
67 1 U 59
68 1 L 49
69 0 L 20
70 1 U 0
71 1 U 36
72 0 L 64
73 1 U 71
74 0 L 52
75 1 U 48
76 1 L 7
77 0 L 69
78 1 U -1
79 0 U 38
80 1 L 60
81 0 L 78
82 0 U 62
83 1 U 66
84 0 L 61
85 1 U 1
86 1 L 65
87 0 U 70
88 1 U 14
89 0 L 86
90 0 U 9
91 1 U 90
92 0 U 35
93 0 L 27
94 1 U 3
95 1 L 4
96 1 L 38
97 0 U 92
98 1 L 45
99
0 0 L -1
1 0 U -1
2 1 U -1
3 1 U 1
4 0 U 2
5 0 L 1
6 0 U 2
7 1 U -1
8 0 L 6
9 1 L 2
10 0 U -1
11 0 L 9
12 1 U -1
13 1 U 7
14 0 U 11
15 0 U 11
16 1 L 8
17 0 U 10
18 0 L 13
19 0 U 12
20 1 U 17
21 1 L -1
22 1 U 7
23 0 U 20
24 1 L 3
25 0 L -1
26 1 U 3
27 0 U -1
28 0 L 23
29 1 U 28
30 0 U 11
31 1 U 12
32 0 U 8
33 1 U 5
34 0 L 27
35 1 U 26
36 0 L 17
37 1 L -1
38 1 L 37
39 0 U -1
40 1 U 18
41 1 U -1
42 1 L 13
43 0 U 39
44 0 L 39
45 1 L 5
46 1 L 19
47 1 L -1
48 0 L 38
49 1 L -1
50 1 L 29
51 1 U 40
52 0 L 45
53 0 L 31
54 0 L 13
55 0 U -1
56 0 U -1
57 0 L 31
58 1 U 56
59 0 U -1
60 1 U -1
61 0 L 21
62 0 U 32
63 1 U 51
64 1 L 41
65 1 L 29
66 0 L 2
67 1 U 59
68 1 L 49
69 0 L 20
70 0 U 1
71 1 U 36
72 0 L 64
73 1 U 71
74 0 L 52
75 1 U 48
76 0 L 7
77 0 L 69
78 1 U -1
79 0 U 38
80 1 L 60
81 0 L 78
82 1 U 62
83 0 U 66
84 0 L 61
85 1 U 1
86 1 L 65
87 0 U 9
88 0 U 14
89 1 L 86
90 0 U 9
91 1 U 24
92 0 U 35
93 0 L 27
94 1 U 3
95 1 L 4
96 1 L 38
97 0 U 92
98 0 L 45
99
0 0 L -1
1 0 U -1
2 1 U -1
3 1 U 1
4 0 U 2
5 0 L 1
6 0 U -1
7 1 U -1
8 0 L 6
9 1 L 2
10 0 U -1
11 0 L 9
12 0 U -1
13 1 U 0
14 0 U 11
15 0 U 11
16 1 L 8
17 0 U 10
18 0 L 13
19 0 U 12
20 1 U 17
21 1 L -1
22 0 U 19
23 0 U 20
24 1 L 3
25 0 L -1
26 1 U 3
27 0 U -1
28 0 L 23
29 1 U 28
30 0 U 11
31 1 U 12
32 0 U 8
33 1 U 5
34 0 L 27
35 1 U 20
36 0 L 17
37 1 L -1
38 1 L 37
39 0 U -1
40 1 U 26
41 1 U -1
42 1 L 13
43 0 U 7
44 0 L 33
45 1 L 5
46 1 L 19
47 1 L -1
48 0 L 38
49 1 L -1
50 1 L 29
51 1 U 40
52 0 L 45
53 0 L 31
54 0 L 13
55 0 U -1
56 0 U -1
57 1 L 31
58 0 U 7
59 0 U -1
60 1 U -1
61 1 L 21
62 1 U 32
63 1 U 51
64 1 L 41
65 1 L 29
66 0 L 2
67 0 U 7
68 1 L 49
69 0 L 20
70 0 U 1
71 1 U 36
72 0 L 64
73 1 U 71
74 0 L 52
75 1 U 48
76 0 L 7
77 0 L 69
78 1 U -1
79 0 U 38
80 1 L 60
81 0 L 78
82 1 U 62
83 0 U 66
84 1 L 61
85 0 U 1
86 1 L 65
87 1 U 9
88 1 U 14
89 1 L 86
90 0 U 9
91 1 U 24
92 0 U 90
93 1 L 27
94 1 U 3
95 0 L 4
96 1 L 38
97 0 U 36
98 0 L 45
99
0 0 U -1
1 0 U -1
2 1 U -1
3 1 U 1
4 0 U 2
5 0 L 1
6 0 U -1
7 1 U -1
8 0 L 6
9 1 L 2
10 0 U -1
11 0 L 9
12 0 U -1
13 1 U 12
14 0 U 11
15 0 U 11
16 1 L 8
17 0 U 10
18 0 L 13
19 0 U 12
20 1 U 17
21 1 L -1
22 0 U 19
23 0 U 21
24 1 L 3
25 0 L -1
26 1 U 3
27 0 U -1
28 0 L 23
29 1 U 25
30 0 U 11
31 1 U 12
32 0 U 8
33 1 U 26
34 0 L 27
35 0 U 20
36 0 L 17
37 1 L -1
38 1 L 37
39 0 U -1
40 1 U 26
41 1 U -1
42 1 L 13
43 1 U 7
44 0 L 33
45 1 L 5
46 1 L 19
47 1 L -1
48 0 L 38
49 1 L -1
50 1 L 29
51 1 U 40
52 0 L 45
53 0 L 31
54 0 L 13
55 0 U -1
56 0 U -1
57 1 L 31
58 0 U 7
59 0 U -1
60 1 U -1
61 1 L 21
62 0 U 32
63 1 U 51
64 1 L 41
65 1 L 29
66 0 L 2
67 0 U 7
68 1 L 49
69 0 L 20
70 0 U 1
71 1 U 36
72 1 L 64
73 1 U 71
74 0 L 52
75 1 U 48
76 0 L 7
77 0 L 69
78 1 U -1
79 0 U 38
80 1 L 60
81 0 L 78
82 1 U 62
83 0 U 50
84 0 L 61
85 1 U 22
86 0 L 65
87 0 U 9
88 1 U 56
89 1 L 86
90 0 U 9
91 1 U 87
92 0 U 90
93 0 L 27
94 1 U 3
95 0 L 4
96 1 L 38
97 0 U 25
98 1 L 45
99
0 0 U -1
1 0 U -1
2 1 U -1
3 1 U 1
4 0 U 2
5 0 L 1
6 0 U 2
7 1 U -1
8 0 L 6
9 0 U 4
10 0 U -1
11 0 L 6
12 1 U -1
13 1 U 12
14 0 U 11
15 0 U 11
16 1 L 8
17 0 U 10
18 1 L 13
19 0 U 12
20 1 U 17
21 1 L -1
22 0 U 19
23 0 U 21
24 1 L 3
25 0 L -1
26 1 U 3
27 0 U -1
28 0 L 18
29 1 U 25
30 1 U 11
31 1 U 12
32 0 U 31
33 1 U 26
34 0 L 27
35 0 U 32
36 0 L 17
37 1 L -1
38 1 L 37
39 0 U -1
40 1 U 26
41 1 U -1
42 1 L 13
43 1 U 7
44 0 L 34
45 1 L 5
46 1 L 19
47 1 L -1
48 0 L 38
49 1 L -1
50 1 L 29
51 1 U 40
52 0 L 45
53 0 L 39
54 0 L 13
55 0 U -1
56 0 U -1
57 1 L 39
58 0 U 7
59 0 U -1
60 1 U -1
61 1 L 21
62 0 U 32
63 1 U 51
64 1 L 41
65 1 L 29
66 0 L 2
67 1 U 7
68 1 L 49
69 1 L 28
70 0 U 1
71 1 U 36
72 0 L 64
73 1 U 71
74 0 L 52
75 1 U 48
76 1 L 7
77 0 L 69
78 1 U -1
79 0 U 38
80 1 L 60
81 0 L 78
82 1 U 62
83 0 U 71
84 0 L 61
85 1 U 22
86 1 L 65
87 0 U 9
88 0 U 56
89 0 L 86
90 0 U 9
91 1 U 87
92 0 U 90
93 1 L 27
94 1 U 3
95 0 L 4
96 1 L 38
97 1 U 29
98 0 L 45
99
0 0 L -1
1 0 U -1
2 1 U -1
3 1 U 1
4 0 U 2
5 0 L 1
6 0 U 2
7 1 U -1
8 0 L 6
9 1 L 2
10 0 U -1
11 0 L 6
12 1 U -1
13 1 U 0
14 0 U 11
15 0 U 11
16 1 L 8
17 0 U 10
18 1 L 13
19 0 U 10
20 1 U 17
21 1 L -1
22 0 U 19
23 1 U 21
24 1 L 3
25 0 L -1
26 1 U 3
27 0 U -1
28 0 L 18
29 1 U 25
30 1 U 11
31 1 U 12
32 0 U 31
33 1 U 26
34 0 L 27
35 1 U 32
36 0 L 17
37 1 L -1
38 0 L 37
39 0 U -1
40 1 U 26
41 1 U -1
42 0 L 13
43 0 U 0
44 0 L 34
45 1 L 5
46 0 L 19
47 1 L -1
48 0 L 38
49 1 L -1
50 1 L 29
51 1 U 40
52 0 L 45
53 1 L 39
54 0 L 12
55 0 U -1
56 0 U -1
57 0 L 39
58 1 U 7
59 0 U -1
60 1 U -1
61 1 L 21
62 1 U 11
63 1 U 51
64 1 L 41
65 1 L 29
66 1 L 2
67 0 U 7
68 1 L 49
69 1 L 28
70 1 U 1
71 1 U 36
72 1 L 64
73 1 U 71
74 0 L 52
75 1 U 50
76 1 L 7
77 0 L 69
78 1 U -1
79 0 U 38
80 0 L 60
81 0 L 78
82 0 U 62
83 1 U 71
84 0 L 61
85 1 U 22
86 1 L 65
87 0 U 9
88 0 U 56
89 0 L 86
90 0 U 22
91 0 U 87
92 0 U 87
93 0 L 27
94 1 U 3
95 1 L 93
96 1 L 38
97 0 U 87
98 1 U 45
99
0 0 L -1
1 0 U -1
2 1 U -1
3 1 U 1
4 0 U 2
5 0 L 1
6 0 U 2
7 1 U -1
8 0 L 6
9 1 L 2
10 0 U -1
11 0 L 6
12 0 U -1
13 1 U 0
14 0 U 11
15 0 U 11
16 1 L 8
17 0 U 10
18 0 L 13
19 0 U 10
20 1 U 17
21 1 L -1
22 1 U 19
23 1 U 21
24 1 L 3
25 0 L -1
26 1 U 3
27 0 U -1
28 0 L 23
29 1 U 25
30 1 U 5
31 1 U 12
32 0 U 31
33 0 U 26
34 0 L 27
35 1 U 32
36 0 L 17
37 1 L -1
38 0 L 37
39 0 U -1
40 1 U 26
41 1 U -1
42 0 L 13
43 1 U 7
44 0 L 34
45 1 L 5
46 1 L 19
47 1 L -1
48 0 L 38
49 0 L -1
50 1 L 29
51 1 U 40
52 0 L 45
53 1 L 34
54 0 L 12
55 0 U -1
56 0 U -1
57 0 L 39
58 0 U 7
59 0 U -1
60 1 U -1
61 0 L 21
62 0 U 11
63 1 U 51
64 1 L 57
65 1 L 29
66 0 L 2
67 0 U 7
68 1 L 49
69 1 L 28
70 1 U 1
71 1 U 36
72 0 L 40
73 1 U 71
74 0 L 52
75 1 U 50
76 1 L 7
77 0 L 69
78 1 U -1
79 1 U 70
80 0 L 60
81 0 L 78
82 0 U 62
83 1 U 71
84 0 L 61
85 1 U 29
86 1 L 65
87 0 U 9
88 1 U 56
89 0 L 86
90 0 U 22
91 0 U 87
92 0 U 87
93 0 L 27
94 1 U 3
95 1 L 93
96 0 L 38
97 1 U 23
98 1 U 45
99
0 0 L -1
1 0 U -1
2 1 U -1
3 1 U 1
4 0 U 2
5 0 L 1
6 0 U 2
7 1 U -1
8 0 L 6
9 1 L 4
10 0 U -1
11 0 L 6
12 0 U -1
13 1 U 0
14 0 U 11
15 0 U 11
16 1 L 15
17 0 U 10
18 1 L 13
19 0 U 10
20 0 U 6
21 1 L -1
22 1 U 19
23 1 U 21
24 1 L 1
25 0 L -1
26 1 U 3
27 0 U -1
28 0 L 23
29 1 U 25
30 0 U 5
31 1 U 12
32 0 U 31
33 1 U 21
34 0 L 27
35 0 U 32
36 1 L 17
37 1 L -1
38 0 L 37
39 0 U -1
40 1 U 26
41 0 U -1
42 0 L 13
43 0 U 1
44 0 L 34
45 1 L 5
46 1 L 19
47 1 L -1
48 0 L 38
49 1 L -1
50 1 L 29
51 1 U 40
52 0 L 45
53 1 L 34
54 0 L 12
55 0 U -1
56 0 U -1
57 1 L 39
58 1 U 7
59 0 U -1
60 1 U -1
61 0 L 21
62 0 U 31
63 1 U 51
64 1 L 57
65 0 L 29
66 0 L 61
67 0 U 7
68 1 L 49
69 0 L 28
70 1 U 1
71 1 U 36
72 1 L 40
73 0 U 71
74 0 L 52
75 1 U 50
76 0 L 7
77 0 L 69
78 1 U -1
79 0 U 70
80 0 L 60
81 0 L 78
82 0 U 16
83 1 U 77
84 0 L 68
85 1 U 29
86 1 L 65
87 0 U 9
88 1 U 81
89 1 L 86
90 1 U 22
91 1 U 87
92 0 U 87
93 0 L 69
94 1 U 70
95 1 L 93
96 1 L 48
97 0 U 23
98 1 U 45
99
0 0 L -1
1 0 U -1
2 1 U -1
3 1 U 1
4 0 U 2
5 0 L 1
6 0 U 2
7 1 U -1
8 0 L 6
9 1 L 5
10 0 U -1
11 0 L 6
12 1 U -1
13 1 U 0
14 0 U 11
15 0 U 11
16 1 L 15
17 0 U 2
18 1 L -1
19 0 U 10
20 0 U 6
21 1 L -1
22 0 U 19
23 1 U 21
24 1 U 1
25 0 L -1
26 1 U 3
27 0 U -1
28 0 L 23
29 1 U 25
30 0 U 11
31 1 U 12
32 0 U 31
33 1 U 21
34 0 L 27
35 1 U 13
36 0 L 17
37 0 L -1
38 0 L 37
39 1 U -1
40 1 U 26
41 0 U -1
42 1 L 13
43 0 U 1
44 0 L 34
45 1 L 5
46 0 L 19
47 1 L -1
48 0 L 38
49 1 L -1
50 1 L 29
51 1 U 40
52 0 L 9
53 0 L 34
54 0 L 12
55 0 U -1
56 0 U -1
57 1 L 34
58 1 U 7
59 0 U -1
60 1 U -1
61 0 L 21
62 0 L 31
63 1 U 51
64 1 L 57
65 0 L 29
66 0 L 61
67 0 U 7
68 1 L 0
69 0 L 28
70 1 U 56
71 1 U 36
72 1 L 63
73 0 U 71
74 0 L 52
75 1 U 50
76 0 L 7
77 0 L 46
78 1 U -1
79 1 U 22
80 1 L 60
81 0 L 78
82 1 U 16
83 0 U 47
84 1 L 68
85 1 U 29
86 0 L 65
87 0 U 9
88 1 U 81
89 1 L 86
90 0 U 32
91 1 U 87
92 0 U 90
93 0 L 27
94 1 U 70
95 1 L 76
96 1 L 48
97 1 U 23
98 0 U 45
99
0 0 L -1
1 0 U -1
2 1 U -1
3 1 U 1
4 0 U 2
5 0 L 1
6 0 U 2
7 1 U -1
8 0 L 6
9 1 L 5
10 0 U -1
11 0 L 9
12 1 U -1
13 1 U 7
14 0 U 11
15 0 U 11
16 1 L 15
17 0 U 2
18 1 L 1
19 0 U 10
20 0 U 6
21 1 L -1
22 0 U 17
23 1 U 21
24 0 U 1
25 0 L -1
26 1 U 3
27 0 U -1
28 0 L 23
29 1 U 25
30 0 U 26
31 1 U 12
32 0 U 31
33 1 U 21
34 0 L 27
35 1 U 4
36 0 L 17
37 0 L -1
38 0 L 37
39 1 U -1
40 1 U 9
41 0 U -1
42 0 L 13
43 0 U 1
44 0 L 34
45 1 L 5
46 0 L 19
47 1 L -1
48 0 L 38
49 1 L -1
50 1 L 29
51 1 U 40
52 0 L 9
53 0 L 34
54 0 L 12
55 0 U -1
56 0 U -1
57 0 L 34
58 0 U 7
59 0 U -1
60 1 U -1
61 0 L 21
62 0 L 31
63 1 U 51
64 1 L 57
65 0 L 29
66 0 L 61
67 0 U 7
68 1 L 0
69 0 L 28
70 1 U 1
71 1 U 36
72 0 L 63
73 0 U 71
74 0 L 52
75 1 U 50
76 0 L 7
77 0 L 46
78 1 U -1
79 0 U 22
80 1 L 60
81 0 L 78
82 1 U 16
83 0 U 61
84 0 L 68
85 1 U 45
86 1 L 65
87 0 U 9
88 0 U 81
89 1 L 86
90 0 U 32
91 1 U 87
92 0 U 90
93 0 L 27
94 1 U 70
95 1 L 76
96 0 L 48
97 1 U 23
98 1 U 45
99
0 0 L -1
1 0 U -1
2 1 U -1
3 1 U 1
4 0 U 2
5 0 L 1
6 0 U 2
7 1 U -1
8 0 L 6
9 1 L 5
10 0 U -1
11 0 L 6
12 1 U -1
13 1 U 0
14 0 U 11
15 0 U 11
16 1 L 15
17 0 U 2
18 1 L 1
19 0 U 12
20 0 U 6
21 1 L -1
22 0 U 17
23 1 U 21
24 0 U 1
25 0 L -1
26 1 U 24
27 0 U -1
28 0 L 23
29 1 U 25
30 0 U 5
31 1 U 12
32 1 U 31
33 1 U 21
34 0 L 27
35 1 U 4
36 0 L 17
37 0 L -1
38 0 L 37
39 0 U -1
40 0 U 9
41 0 U -1
42 0 L 13
43 0 U 41
44 0 L 33
45 1 L 5
46 0 L 19
47 1 L -1
48 0 L 38
49 1 L -1
50 1 L 29
51 1 U 40
52 0 L 9
53 0 L 34
54 0 L 13
55 0 U -1
56 0 U -1
57 1 L 39
58 1 U 7
59 0 U -1
60 1 U -1
61 0 L 21
62 0 L 31
63 1 U 51
64 1 L 57
65 0 L 29
66 0 L 61
67 0 U 1
68 1 L 0
69 0 L 20
70 0 U 1
71 1 U 36
72 1 L 63
73 0 U 71
74 0 L 52
75 1 U 50
76 1 L 7
77 0 L 46
78 1 U -1
79 0 U 22
80 0 L 60
81 0 L 78
82 0 U 16
83 1 U 61
84 0 L 68
85 1 U 45
86 1 L 65
87 0 U 9
88 1 U 81
89 1 L 86
90 0 U 20
91 1 U 87
92 0 U 90
93 0 L 27
94 1 U 70
95 1 L 76
96 0 L 18
97 1 U 23
98 0 U 45
99
0 0 L -1
1 0 U -1
2 1 U -1
3 1 U 1
4 0 U 2
5 0 L 1
6 0 U 2
7 1 U -1
8 0 L 6
9 1 L 2
10 1 L -1
11 0 L 9
12 0 U -1
13 1 U 0
14 0 U 11
15 0 U 11
16 1 L 15
17 0 U 12
18 1 L 1
19 0 U 2
20 0 U 6
21 1 L -1
22 1 L 17
23 1 U 21
24 0 U 1
25 0 L -1
26 0 U 17
27 0 U -1
28 0 L 23
29 1 U 25
30 0 U 5
31 1 U 12
32 1 U 3
33 1 U 21
34 0 L 27
35 1 U 4
36 0 L 17
37 0 L -1
38 1 L 37
39 0 U -1
40 0 U 9
41 0 U -1
42 0 L 13
43 0 U 41
44 0 L 39
45 1 L 5
46 1 L 19
47 1 L -1
48 0 L 38
49 1 L -1
50 1 L 29
51 0 U 40
52 0 L 9
53 0 L 34
54 0 L 13
55 0 U -1
56 0 U -1
57 1 L 39
58 1 U 7
59 0 U -1
60 1 U -1
61 0 L 21
62 0 L 31
63 1 U 51
64 1 L 57
65 0 L 29
66 0 L 61
67 0 U 1
68 1 L 49
69 0 L 20
70 0 U 1
71 1 U 36
72 1 L 63
73 0 U 71
74 0 L 52
75 1 U 50
76 0 L 7
77 0 L 46
78 1 U -1
79 1 U 13
80 0 L 60
81 0 L 78
82 1 U 16
83 1 U 61
84 0 L 68
85 1 U 45
86 1 L 65
87 0 U 9
88 1 U 81
89 1 L 86
90 0 U 20
91 1 U 87
92 0 U 90
93 0 L 27
94 1 U 70
95 1 L 76
96 0 L 18
97 1 U 87
98 0 U 97
99
0 0 L -1
1 0 U -1
2 1 U -1
3 1 U 1
4 0 U 2
5 0 L 1
6 0 U 2
7 1 U -1
8 0 L 6
9 1 L 5
10 0 U -1
11 0 L 6
12 0 U -1
13 1 U 0
14 0 U 11
15 0 U 11
16 1 L 15
17 0 U 2
18 1 L 1
19 0 U 2
20 0 U 6
21 1 L -1
22 0 U 17
23 1 U 21
24 0 U -1
25 0 L -1
26 0 U -1
27 0 U -1
28 0 L 23
29 1 U 25
30 0 U 5
31 1 U 12
32 0 U 22
33 1 U 32
34 0 L 27
35 0 U 4
36 0 L 17
37 0 L -1
38 0 L 37
39 1 U -1
40 0 U 20
41 0 U -1
42 0 L 13
43 0 U 41
44 0 L 39
45 1 L 5
46 1 L 19
47 1 L -1
48 0 L 38
49 1 L -1
50 1 L 29
51 1 U 40
52 0 L 9
53 0 L 34
54 0 L 13
55 0 U -1
56 0 U -1
57 1 L 39
58 0 U 7
59 0 U -1
60 1 U -1
61 0 L 21
62 0 L 31
63 1 U 51
64 1 U 57
65 0 L 29
66 0 L 61
67 0 U 7
68 1 L 49
69 0 L 28
70 0 U 1
71 1 U 36
72 0 L 64
73 1 U 71
74 0 L 52
75 1 U 50
76 0 L 7
77 0 L 46
78 1 U -1
79 1 U 13
80 1 L 60
81 0 L 78
82 0 U 16
83 0 U 61
84 0 L 68
85 1 U 29
86 0 L 65
87 0 U 9
88 1 U 81
89 1 L 86
90 0 U 20
91 1 U 87
92 0 U 90
93 0 L 27
94 1 U 70
95 1 L 16
96 0 L 18
97 1 U 90
98 1 U 97
99
0 0 L -1
1 0 U -1
2 1 U -1
3 1 U 1
4 0 U 2
5 0 L 1
6 0 U 2
7 1 U -1
8 0 L 6
9 1 L 2
10 1 L -1
11 0 L 6
12 0 U -1
13 1 U 0
14 0 U 11
15 0 U 11
16 1 L 15
17 0 U 12
18 1 L 1
19 0 U 2
20 0 U 6
21 1 L -1
22 0 U 17
23 1 U 21
24 0 U -1
25 0 L -1
26 0 U 0
27 0 U -1
28 0 L 23
29 1 U 25
30 1 L 22
31 1 U 27
32 1 U 13
33 1 U 32
34 0 L 27
35 1 U 10
36 0 L 17
37 0 L -1
38 0 L 37
39 1 U -1
40 0 U 5
41 0 U -1
42 0 L 13
43 0 U 41
44 0 L 39
45 0 L 5
46 0 L 19
47 1 L -1
48 0 L 38
49 1 L -1
50 1 L 29
51 1 U 40
52 0 L 9
53 0 L 34
54 0 L 50
55 0 U -1
56 0 U -1
57 1 L 31
58 0 U 7
59 0 U -1
60 1 U -1
61 0 L 21
62 1 L 31
63 1 U 51
64 1 U 57
65 0 L 29
66 0 L 61
67 0 U 7
68 1 L 49
69 0 L 28
70 1 U 1
71 1 U 36
72 0 L 64
73 1 U 71
74 0 L 52
75 1 U 50
76 1 L 7
77 0 L 46
78 1 U -1
79 0 U 22
80 1 L 60
81 0 L 78
82 0 U 16
83 0 U 61
84 0 L 68
85 1 U 29
86 0 L 65
87 0 U 9
88 0 U 0
89 1 L 86
90 0 U 20
91 1 U 87
92 0 U 90
93 0 L 27
94 1 U 70
95 1 L 16
96 1 L 18
97 0 U 33
98 0 U 97
99
0 0 L -1
1 0 U -1
2 1 U -1
3 1 U 1
4 0 U 2
5 0 L 1
6 0 U 2
7 1 U -1
8 0 L 6
9 1 L 5
10 1 L -1
11 0 L 6
12 0 U -1
13 1 U 0
14 0 U 11
15 0 U 11
16 1 L 15
17 0 U 1
18 1 L 1
19 0 U 2
20 0 U 6
21 1 L -1
22 0 L 17
23 1 U 21
24 0 U -1
25 0 L -1
26 0 U 7
27 1 U -1
28 0 L 23
29 1 U 25
30 0 U 22
31 1 U 27
32 1 U 31
33 1 U 32
34 0 L 27
35 1 U 10
36 0 L 20
37 0 L -1
38 0 L 37
39 0 U -1
40 0 U 5
41 0 U -1
42 0 L 13
43 0 U 41
44 0 L 31
45 0 L 4
46 1 L 19
47 1 L -1
48 0 L 38
49 1 L -1
50 1 L 29
51 1 U 40
52 0 L 9
53 0 L 34
54 0 L 50
55 0 U -1
56 0 U -1
57 0 L 31
58 1 U 7
59 0 U -1
60 1 U -1
61 0 L 21
62 0 L 31
63 1 U 51
64 1 U 54
65 0 L 29
66 0 L 61
67 0 U 7
68 1 L 0
69 0 L 28
70 1 U 1
71 1 U 36
72 1 L 64
73 1 U 47
74 0 L 52
75 1 U 50
76 0 L 7
77 0 L 46
78 1 U -1
79 0 U 31
80 1 L 60
81 0 L 78
82 0 U 16
83 1 U 61
84 0 L 68
85 1 U 29
86 1 L 65
87 0 U 9
88 1 U 0
89 1 L 86
90 0 U 20
91 1 U 87
92 0 U 90
93 0 L 26
94 1 U 70
95 1 L 16
96 1 L 18
97 0 U 33
98 0 U 42
99
0 0 U -1
1 0 U -1
2 1 U -1
3 1 U 1
4 0 U 2
5 0 L 1
6 0 U 2
7 1 U -1
8 0 L 6
9 1 L 5
10 0 L -1
11 0 L 6
12 1 U -1
13 1 U 0
14 0 U 11
15 0 U 11
16 1 L 15
17 0 U 7
18 1 L 1
19 0 U 2
20 0 U 6
21 1 L -1
22 0 L 17
23 1 U 21
24 0 U -1
25 0 L -1
26 0 U 0
27 1 U -1
28 0 L 23
29 1 U 25
30 0 U 22
31 1 U 27
32 1 U 31
33 1 U 32
34 0 L 26
35 0 U 31
36 0 L 20
37 0 L -1
38 1 L 37
39 0 U -1
40 0 U 5
41 0 U -1
42 0 L 13
43 0 U 41
44 0 L 31
45 0 L 4
46 0 L 19
47 1 L -1
48 0 L 38
49 1 L -1
50 1 L 29
51 1 U 40
52 0 L 9
53 0 L 34
54 0 L 50
55 0 U -1
56 0 U -1
57 0 L 31
58 0 U 7
59 0 U -1
60 1 U -1
61 0 L 21
62 0 L 31
63 1 U 51
64 1 U 63
65 0 L 29
66 0 L 61
67 0 U 7
68 1 L 0
69 0 L 28
70 1 U 1
71 1 U 36
72 1 L 64
73 1 U 47
74 0 L 52
75 1 U 50
76 1 L 7
77 0 L 46
78 1 U -1
79 0 U 31
80 0 L 60
81 0 L 78
82 0 U 16
83 1 U 61
84 0 L 68
85 1 U 29
86 0 L 65
87 0 U 9
88 0 U 0
89 1 L 86
90 0 U 20
91 1 U 87
92 0 U 90
93 0 L 26
94 1 U 3
95 1 L 74
96 1 L 84
97 0 U 33
98 0 U 42
99
0 0 L -1
1 0 U -1
2 1 U -1
3 1 U 1
4 0 U 2
5 0 L 1
6 0 U 2
7 1 U -1
8 0 L 6
9 1 L 4
10 0 U -1
11 0 L 6
12 0 L -1
13 1 U 0
14 0 U 11
15 0 U 5
16 1 L 15
17 0 U 2
18 1 L 1
19 0 U 2
20 0 U 6
21 1 L -1
22 0 U 17
23 1 U 21
24 0 U -1
25 0 L -1
26 0 U 19
27 1 U -1
28 0 L 23
29 1 U 25
30 0 U 21
31 1 U 27
32 1 U 31
33 1 U 32
34 0 L 26
35 1 U 31
36 0 L 20
37 0 L -1
38 1 L 25
39 0 U -1
40 0 U 5
41 0 U -1
42 0 L 13
43 1 U 41
44 0 L 31
45 0 L 4
46 0 L 19
47 1 L -1
48 0 L 38
49 1 L -1
50 1 L 29
51 1 U 40
52 0 L 9
53 0 L 34
54 0 L 50
55 0 U -1
56 0 U -1
57 0 L 31
58 0 U 7
59 0 U -1
60 1 U -1
61 1 L 47
62 1 L 34
63 1 U 51
64 1 U 63
65 0 L 29
66 0 L 61
67 1 U 0
68 1 L 0
69 0 L 28
70 0 U 0
71 1 U 36
72 0 L 64
73 1 U 47
74 0 L 52
75 1 U 50
76 1 L 7
77 0 L 46
78 1 U -1
79 1 U 13
80 0 L 60
81 0 L 78
82 0 U 16
83 1 U 66
84 0 L 68
85 1 U 29
86 0 L 65
87 0 U 9
88 0 U 0
89 1 L 86
90 0 U 20
91 1 U 87
92 0 U 90
93 0 L 26
94 1 U 12
95 1 L 74
96 1 L 84
97 0 U 33
98 1 U 53
99
0 0 L -1
1 0 U -1
2 1 U -1
3 1 U 1
4 0 U 2
5 0 L 1
6 0 U 2
7 1 U -1
8 0 L 6
9 1 L 4
10 1 U -1
11 0 L 6
12 1 L -1
13 1 U 0
14 0 U 11
15 0 U 11
16 1 L 15
17 0 U 7
18 1 L 1
19 0 U 2
20 0 U 6
21 1 L -1
22 0 U 19
23 1 U 21
24 0 U -1
25 0 L -1
26 0 U 0
27 1 U -1
28 0 L 23
29 1 U 25
30 0 U 21
31 1 U 27
32 0 U 31
33 1 U 32
34 0 L 26
35 1 U 31
36 0 L 20
37 0 L -1
38 0 L 25
39 0 U -1
40 0 U 5
41 0 U -1
42 0 L 13
43 1 U 41
44 0 L 31
45 1 L 2
46 0 L 19
47 1 L -1
48 0 L 38
49 0 L 6
50 1 L 29
51 1 U 40
52 0 L 9
53 0 L 34
54 0 L 50
55 0 U -1
56 0 U -1
57 0 L 33
58 1 U 7
59 0 U -1
60 1 U -1
61 0 L 21
62 0 L 34
63 1 U 51
64 1 U 63
65 0 L 29
66 0 L 38
67 0 U 0
68 1 L 0
69 0 L 28
70 1 U 7
71 1 U 36
72 0 L 63
73 1 U 47
74 0 L 52
75 1 U 50
76 1 L 7
77 0 L 46
78 1 U -1
79 0 U 22
80 1 L 60
81 0 L 78
82 0 U 30
83 0 U 75
84 0 L 68
85 1 U 29
86 1 L 65
87 0 U 9
88 0 U 0
89 1 L 86
90 0 U 20
91 1 U 87
92 0 U 90
93 0 L 26
94 1 U 12
95 1 L 74
96 1 L 84
97 0 U 90
98 0 U 53
99
0 0 U -1
1 0 U -1
2 1 U -1
3 1 U 1
4 0 U 2
5 0 L 1
6 0 U 2
7 1 U -1
8 0 L 6
9 1 L 4
10 0 U -1
11 0 L 6
12 0 L -1
13 1 U 1
14 0 U 11
15 0 U 5
16 1 L 15
17 0 U 10
18 1 L 1
19 0 U 2
20 0 U 6
21 1 L -1
22 0 U 19
23 1 U 21
24 0 U -1
25 0 L -1
26 0 U 0
27 1 U -1
28 0 L 23
29 1 U 25
30 0 U 5
31 1 U 27
32 0 U 31
33 1 U 32
34 0 L 26
35 0 U 31
36 0 L 20
37 0 L -1
38 0 L 25
39 0 U -1
40 0 U 5
41 0 U -1
42 0 L 13
43 1 U 41
44 0 U 33
45 0 L 2
46 0 L 19
47 1 L -1
48 0 L 38
49 0 U 6
50 1 L 29
51 1 U 30
52 0 L 9
53 0 L 34
54 0 L 50
55 0 U -1
56 0 U -1
57 0 L 33
58 1 U 7
59 0 U -1
60 1 U -1
61 1 L 21
62 1 L -1
63 1 U 51
64 1 U 63
65 0 L 29
66 0 L 38
67 0 U 0
68 1 L 0
69 0 L 28
70 1 U 7
71 1 U 36
72 1 L 63
73 1 U 47
74 0 L 52
75 1 U 50
76 0 L 7
77 0 L 46
78 1 U -1
79 1 U 22
80 0 L 60
81 0 L 78
82 0 U 30
83 1 U 75
84 0 L 68
85 1 U 29
86 1 L 65
87 0 U 9
88 0 U 7
89 1 L 86
90 0 U 20
91 1 U 87
92 0 U 87
93 0 L 26
94 1 U 12
95 1 L 74
96 0 L 84
97 1 U 90
98 1 U 53
99
0 0 U -1
1 0 U -1
2 1 U -1
3 1 U 1
4 0 U 2
5 0 L 1
6 0 U 2
7 1 U -1
8 0 L 6
9 1 L 4
10 1 U -1
11 0 L 6
12 0 L -1
13 1 U 1
14 0 U 11
15 0 U 5
16 1 L 15
17 0 U 7
18 1 L 1
19 0 U 2
20 0 U 6
21 1 L -1
22 0 U 19
23 1 U 21
24 0 U -1
25 0 L -1
26 0 U 0
27 1 U -1
28 0 L 23
29 1 U 25
30 0 U 5
31 1 U 27
32 0 U 31
33 1 U 32
34 0 L 26
35 0 U 31
36 0 L 20
37 0 L -1
38 0 L 25
39 0 U -1
40 0 U 5
41 0 U -1
42 0 L 13
43 1 U 41
44 0 L 33
45 1 L 2
46 0 L 19
47 0 L -1
48 0 L 38
49 0 U 6
50 1 L 29
51 1 U 30
52 0 L 9
53 0 L 34
54 0 L 24
55 0 U -1
56 0 U -1
57 0 L 33
58 1 U 7
59 0 U -1
60 1 U -1
61 1 L 21
62 0 L -1
63 1 U 51
64 1 U 63
65 0 L 29
66 0 L 38
67 0 U 56
68 0 L 21
69 0 L 28
70 1 U 60
71 1 U 36
72 1 L 63
73 1 U 66
74 0 L 52
75 1 U 50
76 1 L 7
77 0 L 46
78 1 U -1
79 1 U 22
80 0 L 60
81 0 L 78
82 0 U 30
83 1 U 75
84 1 L 68
85 1 U 29
86 1 L 65
87 0 U 9
88 0 U 7
89 1 L 86
90 0 U 20
91 1 U 87
92 0 U 87
93 0 L 32
94 1 U 12
95 1 L 74
96 0 L 84
97 0 U 90
98 1 U 53
