99
0 0 U -1
1 0 U -1
2 0 U -1
3 0 U -1
4 0 U -1
5 0 U -1
6 0 U -1
7 0 U -1
8 0 U -1
9 0 U -1
10 0 U -1
11 0 U -1
12 0 U -1
13 0 U -1
14 0 U -1
15 0 U -1
16 0 U -1
17 0 U -1
18 0 U -1
19 0 U -1
20 0 U -1
21 0 U -1
22 0 U -1
23 0 U -1
24 0 U -1
25 0 U -1
26 0 U -1
27 0 U -1
28 0 U -1
29 0 U -1
30 0 U -1
31 0 U -1
32 0 U -1
33 0 U -1
34 0 U -1
35 0 U -1
36 0 U -1
37 0 U -1
38 0 U -1
39 0 U -1
40 0 U -1
41 0 U -1
42 0 U -1
43 0 U -1
44 0 U -1
45 0 U -1
46 0 U -1
47 0 U -1
48 0 U -1
49 0 U -1
50 0 U -1
51 0 U -1
52 0 U -1
53 0 U -1
54 0 U -1
55 0 U -1
56 0 U -1
57 0 U -1
58 0 U -1
59 0 U -1
60 0 U -1
61 0 U -1
62 0 U -1
63 0 U -1
64 0 U -1
65 0 U -1
66 0 U -1
67 0 U -1
68 0 U -1
69 0 U -1
70 0 U -1
71 0 U -1
72 0 U -1
73 0 U -1
74 0 U -1
75 0 U -1
76 0 U -1
77 0 U -1
78 0 U -1
79 0 U -1
80 0 U -1
81 0 U -1
82 0 U -1
83 0 U -1
84 0 U -1
85 0 U -1
86 0 U -1
87 0 U -1
88 0 U -1
89 0 U -1
90 0 U -1
91 0 U -1
92 0 U -1
93 0 U -1
94 0 U -1
95 0 U -1
96 0 U -1
97 0 U -1
98 0 U -1
99
0 0 L -1
1 0 U -1
2 0 U -1
3 0 U -1
4 0 U 0
5 0 L 2
6 0 U -1
7 1 U 3
8 1 L 4
9 0 L -1
10 0 U 7
11 1 U 3
12 0 U -1
13 0 U 7
14 1 U 7
15 0 U 12
16 1 L -1
17 1 U 9
18 0 L 5
19 0 U -1
20 0 L 8
21 1 U -1
22 1 U 15
23 0 U 19
24 1 U 7
25 0 L 14
26 0 U 8
27 0 L 12
28 0 U -1
29 0 L 10
30 0 U 18
31 1 U 4
32 0 L -1
33 1 U 20
34 1 L 7
35 1 L 26
36 1 L 29
37 1 L 1
38 0 U -1
39 0 U 37
40 1 U 16
41 1 L 22
42 1 U 40
43 0 U -1
44 1 L 36
45 1 U 29
46 0 L 21
47 0 L 10
48 1 L 19
49 1 U 45
50 0 U 18
51 1 U 12
52 1 L 43
53 0 U 42
54 1 L 5
55 1 L 28
56 0 U 11
57 1 L 3
58 1 U 5
59 0 L 25
60 0 L 36
61 0 U -1
62 1 U 46
63 1 L 55
64 1 L 26
65 0 L 22
66 1 U -1
67 1 U -1
68 1 L 10
69 0 U 20
70 0 U 15
71 0 U 30
72 0 L 51
73 0 U 5
74 0 U 61
75 1 U 69
76 1 L -1
77 0 L 8
78 0 U 47
79 0 L 25
80 0 U 31
81 0 U 61
82 0 L 70
83 0 L -1
84 0 U 72
85 0 L 26
86 0 L 40
87 0 L -1
88 0 U -1
89 1 U 58
90 0 L -1
91 0 U 89
92 1 U 40
93 0 L 25
94 0 L 34
95 1 U 10
96 1 L 94
97 1 U 92
98 1 L 25
99
0 0 L -1
1 0 U -1
2 0 U -1
3 0 U -1
4 0 U 0
5 0 L 2
6 0 U 1
7 1 U 0
8 1 L 4
9 0 L -1
10 0 U 7
11 1 U 0
12 0 U -1
13 0 U 7
14 1 U 7
15 0 U 12
16 0 L -1
17 1 U 9
18 0 L 5
19 1 U -1
20 0 L 8
21 0 U -1
22 1 U 15
23 0 U 2
24 1 U 23
25 1 L 14
26 1 U 8
27 1 L 22
28 0 U -1
29 0 L 10
30 0 U 18
31 1 U 4
32 0 L -1
33 0 U 20
34 0 L 7
35 0 L 26
36 1 L 29
37 1 U 4
38 0 U -1
39 0 U 20
40 1 U 17
41 0 L 10
42 1 U 40
43 0 U -1
44 1 L 36
45 0 U 29
46 0 L 21
47 1 L 10
48 0 L 19
49 0 L 45
50 0 U 18
51 0 U 12
52 1 L 43
53 0 U 42
54 1 L 5
55 1 L 28
56 0 U 11
57 0 L 36
58 1 U 5
59 1 L 15
60 0 L 36
61 0 U -1
62 1 U 46
63 0 L 55
64 1 L 26
65 0 L 9
66 1 L -1
67 1 U -1
68 1 L 10
69 1 U 35
70 1 U 15
71 0 U 30
72 1 L 51
73 1 L 23
74 0 L 38
75 0 U 69
76 1 L -1
77 1 L 8
78 1 U 54
79 0 L 25
80 0 L 31
81 0 U 61
82 0 L 70
83 1 L 40
84 1 U 72
85 1 L 65
86 1 L 40
87 1 U -1
88 0 U -1
89 0 U 58
90 1 L 4
91 0 U 11
92 1 U 40
93 1 L 25
94 0 L 34
95 1 U 10
96 0 L 31
97 0 U 44
98 0 L 54
99
0 0 U -1
1 0 U -1
2 0 U -1
3 0 U -1
4 1 U 0
5 0 L 2
6 0 U 1
7 1 U 0
8 1 L 4
9 0 L -1
10 0 U 7
11 1 U 0
12 0 U -1
13 0 U 7
14 1 U 7
15 0 U 12
16 0 L -1
17 1 U 9
18 1 L 14
19 1 U -1
20 0 L 8
21 0 U -1
22 0 U 15
23 0 U 2
24 1 U 23
25 1 L 14
26 0 U 8
27 0 L 7
28 0 U 1
29 0 L 10
30 1 U 18
31 1 U 4
32 0 L 27
33 0 U 20
34 1 L 27
35 0 L 26
36 1 L 29
37 0 L 4
38 0 U -1
39 1 U 20
40 1 U 27
41 0 L 10
42 1 U 40
43 0 U -1
44 0 L 36
45 0 U 29
46 1 L 21
47 1 U 10
48 0 L 16
49 1 L 45
50 0 U 32
51 0 U 12
52 1 L 43
53 0 U 42
54 0 L 5
55 1 L 28
56 1 U 11
57 0 L 36
58 1 U 5
59 1 L 35
60 0 L 36
61 1 U -1
62 0 L 46
63 0 L 6
64 1 U 27
65 0 L 9
66 0 L -1
67 0 L -1
68 0 L 10
69 0 U 35
70 1 U 15
71 0 L 30
72 0 L 51
73 1 U 23
74 0 L 38
75 1 U 69
76 0 U -1
77 1 L 8
78 1 U 54
79 0 L 6
80 0 L 31
81 0 U 26
82 1 L 70
83 1 L 40
84 1 U 61
85 0 L 65
86 0 U 29
87 0 L -1
88 0 U 76
89 0 U 58
90 1 L 19
91 1 U 11
92 1 U 89
93 1 L 25
94 0 L 93
95 1 L 23
96 0 L 31
97 0 U 44
98 0 L 74
99
0 0 U -1
1 0 U -1
2 0 U -1
3 0 U -1
4 1 U 0
5 0 L 1
6 0 U 1
7 1 U 0
8 1 L 4
9 0 L -1
10 0 U 7
11 1 U 0
12 0 U -1
13 0 U 7
14 1 U 7
15 0 U 3
16 0 L -1
17 1 U 9
18 1 L 6
19 0 U -1
20 0 L 8
21 1 U -1
22 0 U 15
23 0 U 2
24 1 U 23
25 0 L 14
26 0 U 8
27 1 L 7
28 0 U 1
29 0 L 10
30 0 U 18
31 1 U 4
32 1 U 27
33 1 L 32
34 1 L 27
35 0 L 26
36 1 L 29
37 0 L -1
38 0 U -1
39 0 U 20
40 1 U 27
41 0 U 0
42 0 U 40
43 0 U -1
44 0 L 36
45 0 U 39
46 0 L 21
47 1 L 19
48 1 L 16
49 1 L 45
50 1 L 32
51 0 U 12
52 1 L 43
53 1 U 42
54 0 L 5
55 1 L 0
56 1 U 6
57 0 L 36
58 1 U 5
59 0 L 26
60 1 L 36
61 1 U -1
62 0 L 46
63 0 L 6
64 1 U 24
65 1 L 43
66 0 L 37
67 0 L -1
68 0 L 10
69 0 U 35
70 0 U 15
71 1 L 11
72 1 L 51
73 0 U 23
74 1 L 38
75 1 U 69
76 0 U -1
77 0 L 4
78 1 U 46
79 1 L 6
80 0 L 31
81 0 U 36
82 1 L 70
83 1 L 21
84 0 U 61
85 1 L 77
86 0 U 29
87 0 U -1
88 1 U 76
89 0 U 58
90 0 L 52
91 1 U 26
92 0 U 89
93 0 L 25
94 1 L 93
95 0 L 23
96 0 L 31
97 0 U 44
98 1 L 80
99
0 0 U -1
1 0 U -1
2 0 U -1
3 0 U -1
4 0 U 0
5 1 L 1
6 0 U 1
7 1 U 0
8 1 L 4
9 0 L -1
10 0 U 7
11 1 U 0
12 0 U -1
13 0 U 7
14 0 U 7
15 0 U 3
16 1 L -1
17 1 U 9
18 0 L 6
19 0 U -1
20 0 L 9
21 1 U -1
22 0 U 15
23 0 U 2
24 1 U 23
25 1 L 14
26 0 U 8
27 0 L 11
28 0 U 1
29 0 L 10
30 1 U 18
31 1 U 4
32 1 U 27
33 1 L 32
34 1 L 30
35 1 L 26
36 1 L 29
37 0 L -1
38 0 U -1
39 0 U 20
40 1 U 27
41 0 U 0
42 0 U 40
43 0 U 2
44 0 L 36
45 1 U 39
46 0 L 21
47 1 U 40
48 1 L 10
49 1 L 45
50 1 L 32
51 1 U 12
52 1 L 43
53 1 U 42
54 1 L 5
55 0 U -1
56 0 U 6
57 0 L 36
58 1 U 5
59 0 L -1
60 1 L 36
61 1 U -1
62 0 L 46
63 0 L 6
64 1 U 23
65 1 L 43
66 1 L 37
67 0 L -1
68 0 L 10
69 0 U 35
70 1 U 15
71 1 L 11
72 0 L 51
73 0 L 4
74 0 L 38
75 1 U 69
76 0 U -1
77 0 L 4
78 1 U 46
79 0 L 6
80 0 L 31
81 1 U 36
82 1 L 72
83 1 L 21
84 0 U 61
85 1 L 66
86 1 U 29
87 1 L -1
88 0 U 76
89 1 U 58
90 1 L 79
91 1 U 26
92 0 U 89
93 0 L 25
94 1 L 30
95 0 L 33
96 0 L 31
97 1 U 44
98 1 L 85
99
0 0 U -1
1 1 U -1
2 0 U -1
3 0 U -1
4 0 U 0
5 1 L 1
6 0 U 1
7 1 U 0
8 1 L 4
9 0 L -1
10 0 U 7
11 1 U 0
12 0 U -1
13 0 U 7
14 0 U 7
15 0 U 3
16 1 L -1
17 1 U 9
18 1 L 6
19 0 U -1
20 1 L 9
21 1 U -1
22 0 U 15
23 0 U 2
24 1 U 23
25 1 L 14
26 0 U 8
27 0 L 11
28 0 U 1
29 0 L 10
30 1 U 18
31 1 U 15
32 1 U 27
33 0 U 32
34 0 U 17
35 0 L 26
36 1 L 29
37 0 L -1
38 1 U -1
39 0 U 20
40 1 U 27
41 0 U 0
42 0 U 40
43 0 U 2
44 0 L 36
45 1 U 39
46 0 L 21
47 1 U 40
48 1 L 10
49 1 L 45
50 0 L 32
51 1 U 12
52 0 L 43
53 1 U 42
54 0 L 5
55 1 U -1
56 1 U 6
57 0 L 36
58 1 U 23
59 1 L -1
60 0 L 36
61 1 U -1
62 1 L 46
63 0 L 44
64 1 L 23
65 1 L 43
66 1 L 37
67 1 L -1
68 0 L 37
69 0 U 35
70 0 U 11
71 1 L 11
72 0 L 51
73 0 L 4
74 0 L 6
75 1 U 69
76 1 U -1
77 1 U 4
78 1 U 46
79 1 L 6
80 1 L 31
81 1 U 36
82 1 L 72
83 1 L -1
84 1 U 61
85 1 L 66
86 1 U 29
87 0 U -1
88 1 U 76
89 1 U 58
90 0 L 79
91 1 U 26
92 1 U 89
93 1 L 25
94 0 L 30
95 1 L 8
96 0 L 24
97 1 U 86
98 1 L 85
99
0 0 U -1
1 1 U -1
2 0 U -1
3 0 U -1
4 1 U 0
5 1 L 1
6 0 U 1
7 1 U 0
8 1 L 4
9 0 L -1
10 0 U 7
11 1 U 0
12 0 U -1
13 0 U 7
14 0 U 7
15 0 U 3
16 0 L -1
17 1 U 9
18 1 U 14
19 0 U -1
20 1 L 9
21 1 U -1
22 1 U 15
23 0 U 2
24 1 U 23
25 1 L 14
26 0 U 8
27 0 L 11
28 0 U 1
29 0 L 10
30 1 U 18
31 1 U 15
32 1 U 27
33 0 U 32
34 0 U 17
35 0 U 26
36 1 L 29
37 0 L -1
38 1 U -1
39 0 U 20
40 1 U 27
41 0 U 0
42 0 U 40
43 0 U 2
44 1 U 14
45 1 U 29
46 0 L 21
47 1 U 40
48 1 L 10
49 1 L 45
50 1 L 32
51 1 U 12
52 1 L 43
53 1 U 42
54 0 L 5
55 1 U -1
56 1 U 6
57 0 L 36
58 1 U 23
59 0 U -1
60 0 L 36
61 1 U -1
62 1 L 46
63 0 L 52
64 1 U 29
65 1 L 43
66 1 L 37
67 1 L -1
68 1 L 37
69 1 U 16
70 0 U 11
71 1 L 11
72 0 L 51
73 0 L 17
74 0 L 6
75 0 U 69
76 1 U -1
77 0 L 4
78 1 U 46
79 0 L 6
80 0 L 26
81 0 U 36
82 1 L 72
83 1 L 42
84 1 U 61
85 1 L 66
86 1 U 29
87 0 U -1
88 1 U 76
89 0 U 58
90 1 L 79
91 1 U 26
92 1 U 89
93 1 L 25
94 1 L 30
95 1 L 8
96 1 L 24
97 1 U 86
98 1 L 85
99
0 0 L -1
1 1 U -1
2 0 U -1
3 0 U -1
4 1 U 0
5 1 L 1
6 0 U 2
7 1 U 0
8 1 L 4
9 0 L -1
10 0 U 7
11 1 U 0
12 1 U -1
13 0 U 7
14 0 U 7
15 0 U 3
16 1 L -1
17 1 U 9
18 0 L 14
19 1 U -1
20 1 L 9
21 1 U -1
22 1 U 15
23 0 U 2
24 1 U 23
25 0 L 14
26 1 U 8
27 1 L 11
28 0 U 21
29 0 L 10
30 1 U 18
31 1 U 15
32 1 U 27
33 1 U 25
34 0 U 21
35 0 U 26
36 1 L 29
37 0 L -1
38 0 U -1
39 0 U 20
40 1 U 27
41 0 U 24
42 0 U 40
43 0 U 2
44 1 U 14
45 1 U 29
46 0 L 15
47 1 U 40
48 0 L 10
49 1 L 45
50 1 L 32
51 1 U 12
52 1 L 43
53 1 U 42
54 0 L 3
55 1 U -1
56 1 U 7
57 0 L 36
58 1 U 23
59 1 U -1
60 0 L 36
61 1 U -1
62 1 L 46
63 0 L 52
64 1 U 29
65 1 L 43
66 1 L 37
67 1 L -1
68 1 L 37
69 0 U 16
70 1 U 11
71 1 L 11
72 1 L 51
73 1 L 17
74 0 U 6
75 1 U 69
76 1 U -1
77 1 L 4
78 1 U 62
79 1 L 6
80 0 L 26
81 1 L 36
82 1 L 72
83 0 L 42
84 1 U 61
85 1 L 66
86 1 U 29
87 1 L -1
88 1 U 76
89 1 U 58
90 1 L 79
91 1 U 22
92 0 U 89
93 1 L 25
94 0 L 30
95 1 L 8
96 0 L 24
97 1 U 86
98 1 L 5
99
0 0 L -1
1 1 U -1
2 0 U -1
3 0 U -1
4 1 U 0
5 1 L 1
6 0 U 2
7 1 U 0
8 1 L 4
9 0 L -1
10 0 U 7
11 1 U 3
12 0 U -1
13 0 U 7
14 0 U 7
15 0 U 3
16 1 L -1
17 1 U 9
18 0 L 14
19 1 U 7
20 1 L 16
21 1 U -1
22 1 U 15
23 0 U 2
24 1 U 23
25 1 L 14
26 1 U 8
27 0 L 11
28 0 U 21
29 0 L 10
30 1 U 18
31 1 U 4
32 1 U 27
33 1 U 25
34 0 U 21
35 0 U 26
36 1 L 29
37 0 L -1
38 0 U -1
39 0 U 20
40 1 U 27
41 1 U 13
42 0 U 40
43 0 U 2
44 1 U 14
45 1 U 35
46 0 L 22
47 0 U 40
48 1 L 10
49 0 L 45
50 1 L 33
51 1 U 12
52 1 L 43
53 1 U 42
54 0 L 3
55 1 U -1
56 1 U 7
57 1 L 36
58 0 U 43
59 0 U -1
60 1 L 36
61 1 U -1
62 1 L 46
63 0 L 52
64 1 U 29
65 0 L 43
66 1 L 37
67 1 L -1
68 0 L 37
69 1 U 16
70 1 U 51
71 0 L 11
72 1 L 68
73 0 L 17
74 1 U 6
75 1 U 69
76 1 U -1
77 0 L 4
78 0 U 62
79 0 L 6
80 0 L 26
81 1 L 36
82 1 L 71
83 1 L 42
84 1 U 61
85 1 L 66
86 1 U 29
87 1 L -1
88 1 U 76
89 0 U 58
90 0 L 79
91 1 U 74
92 0 U 89
93 0 L 17
94 0 L 30
95 1 L 8
96 0 L 24
97 1 U 86
98 1 L 5
99
0 0 U -1
1 1 U -1
2 0 U -1
3 0 U -1
4 0 U 0
5 1 L 1
6 0 U 2
7 1 U 0
8 1 L 4
9 0 L -1
10 0 U 7
11 1 U 3
12 1 U -1
13 0 U 7
14 0 U 7
15 0 U 3
16 1 L -1
17 1 U 9
18 0 L 14
19 1 U 7
20 1 L 16
21 1 U -1
22 1 U 15
23 0 U 2
24 1 U 23
25 1 L 14
26 1 U 8
27 0 L 11
28 0 U 21
29 0 L 10
30 1 U 18
31 1 U 4
32 1 U 27
33 1 U 29
34 0 U 21
35 0 U 26
36 1 L 29
37 1 L -1
38 1 U -1
39 0 U 20
40 1 U 27
41 1 U 22
42 0 U 40
43 0 U 2
44 0 U 14
45 0 U 35
46 1 L 22
47 1 U 40
48 1 L 10
49 0 L 45
50 1 L 33
51 0 U 12
52 1 L 43
53 1 U 42
54 1 L 3
55 1 U -1
56 1 U 7
57 0 L 36
58 0 U 43
59 1 U -1
60 0 L 36
61 1 U -1
62 1 L 46
63 1 L 52
64 1 U 29
65 0 L 49
66 1 L 37
67 1 L 37
68 0 L 37
69 1 U 16
70 0 U 51
71 0 L 11
72 1 L 68
73 0 L 17
74 1 U 6
75 1 U 69
76 0 U -1
77 1 L 4
78 0 U 68
79 1 L 6
80 0 L 26
81 1 L 36
82 1 L 71
83 1 L 41
84 1 U 61
85 1 L 1
86 1 U 29
87 0 L -1
88 1 U 76
89 1 U 58
90 0 L 79
91 1 U 74
92 0 U 89
93 0 L 17
94 0 L 30
95 1 L 8
96 0 L 24
97 1 U 86
98 1 L 5
99
0 0 U -1
1 1 U -1
2 0 U -1
3 0 U -1
4 1 U 0
5 1 L 1
6 0 U 2
7 1 U 0
8 1 L 4
9 0 L -1
10 0 U 7
11 1 U 3
12 0 U -1
13 0 U 7
14 0 U 7
15 0 U 3
16 1 L -1
17 1 U 9
18 0 L 14
19 0 U 7
20 1 L 16
21 1 U -1
22 1 U 15
23 0 U 2
24 1 U 23
25 0 L 14
26 1 U 8
27 0 L 11
28 0 U 21
29 0 L 10
30 1 U 18
31 1 U 4
32 1 U 27
33 1 U 29
34 1 U 21
35 0 U 26
36 1 L 29
37 1 L -1
38 0 U -1
39 0 U 20
40 1 U 27
41 1 U 22
42 0 U 40
43 0 U 2
44 1 U 14
45 1 U 35
46 1 L 22
47 0 U 40
48 1 L 10
49 0 L 45
50 1 L 33
51 0 U 12
52 1 L 43
53 1 U 42
54 1 L 3
55 1 U -1
56 1 U 7
57 0 L 48
58 0 U 43
59 1 L -1
60 0 L 36
61 1 U -1
62 1 L 46
63 0 L 52
64 1 U 25
65 0 L 49
66 1 L 37
67 1 L 37
68 0 L 37
69 1 U 16
70 0 U 51
71 0 L 11
72 0 L 68
73 0 L 17
74 1 U 6
75 1 U 69
76 0 U -1
77 0 L 4
78 0 U 62
79 0 L 6
80 0 L 26
81 1 L 36
82 1 L 71
83 1 L 41
84 1 U 61
85 1 L 1
86 1 U 29
87 0 L -1
88 1 U 76
89 1 U 58
90 0 L 79
91 1 U 74
92 0 U 89
93 0 L 17
94 0 L 30
95 1 L 8
96 1 L 24
97 1 U 86
98 0 L 95
99
0 0 L -1
1 1 U -1
2 0 U -1
3 0 U -1
4 0 U 0
5 1 L 1
6 0 U 2
7 1 U 0
8 1 L 4
9 0 L -1
10 0 U 7
11 1 U 0
12 0 U -1
13 0 U 7
14 0 U 7
15 0 U 3
16 1 L -1
17 1 U 9
18 0 L 14
19 1 U -1
20 1 L 16
21 1 U -1
22 0 U 15
23 0 U 2
24 1 U 23
25 0 L 14
26 1 U 8
27 0 L 11
28 0 U 21
29 0 L 10
30 1 U 18
31 1 U 4
32 1 U 27
33 1 U 29
34 0 U 12
35 0 U 26
36 1 L 29
37 0 L -1
38 0 U -1
39 0 U 20
40 1 U 27
41 1 U 9
42 0 U 40
43 0 U 2
44 1 U 14
45 1 U 35
46 0 L 39
47 0 U 40
48 1 L 10
49 1 L 45
50 1 L 33
51 0 U 1
52 1 L 43
53 1 U 42
54 0 L 3
55 1 U -1
56 1 U 7
57 0 L 48
58 0 U 43
59 0 L -1
60 1 L 36
61 1 U -1
62 1 L 46
63 0 L 43
64 0 L 25
65 0 L 49
66 1 L 37
67 1 L 37
68 0 L 37
69 1 U 16
70 0 U 51
71 0 L 11
72 1 L 68
73 0 L 17
74 1 U 6
75 0 U 69
76 1 U -1
77 0 L 4
78 0 U 62
79 0 L 60
80 0 L 26
81 0 L 36
82 0 L 71
83 0 L 41
84 1 U 61
85 1 L 1
86 0 U 29
87 0 U -1
88 1 U 76
89 0 U 58
90 0 L 79
91 1 U 74
92 1 U 89
93 0 L 17
94 0 L 30
95 1 L 8
96 0 L 24
97 1 U 86
98 0 L 95
99
0 0 U -1
1 0 U -1
2 0 U -1
3 0 U -1
4 0 U 0
5 0 L 2
6 0 U 2
7 1 U 0
8 1 L 4
9 0 L -1
10 0 U 7
11 1 U 0
12 0 U -1
13 0 U 7
14 0 U 7
15 0 U 3
16 1 L -1
17 1 U 9
18 0 L 14
19 0 U -1
20 0 L 16
21 1 U -1
22 0 U 15
23 0 U 2
24 1 U 23
25 1 L 14
26 0 U 7
27 0 L 7
28 0 U 21
29 0 L 10
30 1 U 18
31 1 U 4
32 1 U 27
33 1 U 29
34 0 U 26
35 1 U 26
36 1 L 29
37 1 L -1
38 1 U -1
39 0 U 37
40 1 U 27
41 1 U 17
42 0 U 40
43 0 U 2
44 1 U 14
45 1 U 40
46 0 L 39
47 0 U 40
48 1 L 10
49 1 L 45
50 1 L 15
51 0 U 1
52 0 L 43
53 1 U 42
54 0 L 3
55 1 U -1
56 1 U 7
57 0 L 29
58 0 U 43
59 0 U -1
60 0 L 36
61 1 U -1
62 1 L 46
63 0 L 43
64 0 L 56
65 0 L 49
66 1 L 37
67 1 L 37
68 0 L 0
69 1 U 16
70 1 U 51
71 0 L 11
72 1 L 68
73 0 L 17
74 1 U 6
75 0 U 69
76 0 U -1
77 1 L 4
78 0 U 62
79 0 L 60
80 0 L 26
81 0 L 36
82 0 L 71
83 0 L 41
84 1 U 61
85 1 L 1
86 0 U 66
87 0 L -1
88 1 U 76
89 0 U 58
90 0 L 79
91 1 U 74
92 0 U 89
93 0 L 17
94 0 L 30
95 0 L 8
96 0 L 23
97 0 U 86
98 0 L 95
99
0 0 U -1
1 0 U -1
2 0 U -1
3 0 U -1
4 1 U 0
5 1 L 2
6 0 U 2
7 1 U 0
8 1 L 4
9 0 L -1
10 0 U 7
11 1 U 0
12 0 U -1
13 0 U 7
14 0 U 7
15 0 U 3
16 1 L -1
17 0 U 10
18 0 L -1
19 1 U 14
20 0 L 16
21 1 U -1
22 0 U 15
23 0 U 2
24 1 U 23
25 0 L 14
26 0 U 7
27 0 L 7
28 1 U 12
29 0 L 10
30 1 U 18
31 1 U 4
32 1 U 27
33 0 U 29
34 0 U 26
35 1 U 26
36 1 L 29
37 0 L -1
38 0 U -1
39 0 U 37
40 1 U 27
41 1 U 16
42 0 U 40
43 0 U 2
44 1 U 19
45 1 U 40
46 0 L 39
47 0 U 40
48 1 L 10
49 1 L 45
50 1 L 15
51 0 U 1
52 0 L 43
53 1 U 42
54 1 L 3
55 1 U -1
56 0 U 7
57 1 L 29
58 0 U 43
59 0 L -1
60 0 L 36
61 1 U -1
62 1 L 46
63 1 L 43
64 1 L 63
65 0 L 49
66 1 L 37
67 1 L 37
68 1 L 0
69 1 U 16
70 1 U 51
71 0 L 11
72 1 L 68
73 0 L 54
74 1 U 23
75 0 U 69
76 0 U -1
77 1 L 4
78 0 U 62
79 1 L 60
80 0 L 26
81 0 L 36
82 1 L 71
83 0 L 41
84 1 U 61
85 1 L 1
86 0 U 66
87 1 L -1
88 1 U 76
89 0 U 58
90 1 L 79
91 1 U 74
92 0 U 89
93 0 L 17
94 1 L 30
95 1 L 8
96 0 L 23
97 0 U 86
98 0 L 95
99
0 0 L -1
1 0 U -1
2 0 U -1
3 0 U -1
4 0 U 0
5 0 L 2
6 0 U -1
7 1 U 0
8 1 L 4
9 0 L -1
10 0 U 7
11 1 U 6
12 0 U -1
13 0 U 7
14 0 U 7
15 0 U 3
16 1 L -1
17 0 U 9
18 0 L -1
19 1 U 14
20 0 L 16
21 0 U -1
22 0 U 15
23 0 U 2
24 1 U 23
25 0 L 14
26 1 U 7
27 1 L 7
28 1 U 12
29 0 L 10
30 1 U 18
31 1 U 4
32 1 U 27
33 0 U 29
34 0 U 26
35 1 U 26
36 1 L 29
37 0 L -1
38 1 U -1
39 0 U 37
40 1 U 27
41 1 U 34
42 0 U 40
43 0 U 2
44 1 U 17
45 0 U 40
46 0 L 39
47 1 U 40
48 1 L 10
49 1 L 45
50 1 L 15
51 0 U 1
52 1 L 43
53 1 U 42
54 1 L 3
55 1 U -1
56 0 U 7
57 1 L 13
58 0 U 43
59 0 L -1
60 0 L 36
61 1 U -1
62 0 L 46
63 0 L 43
64 0 L 63
65 0 L 49
66 1 L 37
67 1 L 37
68 0 L 0
69 1 U 16
70 0 U 51
71 0 L 11
72 0 L 68
73 0 L 54
74 1 U 23
75 0 U 69
76 1 U -1
77 0 L 4
78 0 U 62
79 1 L 60
80 0 L 26
81 1 L 36
82 0 L 71
83 0 L 41
84 1 U 61
85 1 L 1
86 0 U 32
87 1 L -1
88 1 U 76
89 0 U 58
90 1 L 79
91 1 U 74
92 0 U 89
93 1 L 17
94 1 L 30
95 0 L 8
96 0 L 23
97 0 U 86
98 1 L 95
99
0 0 U -1
1 0 U -1
2 0 U -1
3 0 U -1
4 0 U 0
5 1 L 2
6 0 U -1
7 1 U 0
8 1 L 4
9 0 L -1
10 0 U 7
11 1 U 6
12 0 U -1
13 0 U 7
14 0 U 7
15 0 U 3
16 1 L -1
17 0 U 9
18 0 L -1
19 0 U 14
20 0 L 16
21 1 U -1
22 0 U 15
23 0 U 2
24 1 U 23
25 0 L 14
26 1 U 7
27 0 L 7
28 0 U 12
29 0 L 10
30 1 U 18
31 1 U 4
32 1 U 27
33 1 U 29
34 0 U 26
35 1 U 16
36 1 L 29
37 0 L -1
38 1 U -1
39 0 U 25
40 1 U 34
41 1 U 34
42 1 U 40
43 0 U 2
44 1 U 17
45 1 U 40
46 0 L 39
47 0 U 40
48 1 L 10
49 1 L 45
50 1 L 15
51 0 U 38
52 1 L 43
53 1 U 42
54 1 L 3
55 1 U -1
56 0 U 7
57 0 L 13
58 0 U 43
59 0 L -1
60 1 L 36
61 1 U -1
62 1 L 46
63 0 L 43
64 0 L 63
65 0 L 49
66 1 L 37
67 1 L 37
68 1 L 0
69 1 U 16
70 1 U 43
71 0 L 11
72 0 L 68
73 0 L 54
74 1 U 23
75 0 U 37
76 0 U -1
77 0 L 4
78 0 U 62
79 0 L 60
80 0 L 26
81 0 L 36
82 1 L 71
83 0 L 26
84 1 U 61
85 1 L 25
86 0 U 32
87 1 L 29
88 1 U 76
89 0 U 58
90 0 L 79
91 1 U 74
92 0 U 89
93 1 L 17
94 1 L 30
95 1 L 8
96 1 L -1
97 0 U 86
98 1 L 95
99
0 0 L -1
1 0 U -1
2 0 U -1
3 0 U -1
4 1 U 0
5 0 L 2
6 0 U -1
7 1 U 0
8 1 L 4
9 0 L -1
10 0 U 7
11 1 U 0
12 0 U -1
13 0 U 7
14 0 U 7
15 0 U 3
16 1 L -1
17 0 U 9
18 0 L -1
19 0 U 13
20 1 L 1
21 1 U -1
22 0 U 15
23 0 U 2
24 1 U 23
25 0 L 14
26 1 U 7
27 0 L 7
28 0 U 12
29 0 L 10
30 1 U 18
31 1 U 0
32 1 U 27
33 1 U 29
34 0 U 26
35 1 U 16
36 1 L 29
37 1 L -1
38 0 U -1
39 0 U 35
40 1 U 34
41 1 U 34
42 1 U 40
43 0 U 2
44 1 U 17
45 1 L 40
46 0 L 39
47 1 U 40
48 0 L 10
49 1 L 45
50 1 L 15
51 0 U 21
52 1 L 43
53 1 U 42
54 1 L 3
55 1 U -1
56 0 U 7
57 1 L 13
58 0 U 43
59 1 L -1
60 1 L 36
61 1 U -1
62 0 L 46
63 0 L 43
64 0 L 63
65 0 L 44
66 0 L 37
67 1 L 37
68 1 L 0
69 1 U 16
70 0 U 43
71 0 L 11
72 1 L 68
73 0 L 54
74 0 U 23
75 1 U 37
76 1 U -1
77 0 L 4
78 0 U 62
79 0 L 60
80 0 L 26
81 0 L 36
82 1 L 34
83 0 L 26
84 1 U 61
85 1 L 25
86 0 U 32
87 1 L 29
88 1 U 76
89 0 U 14
90 0 L 79
91 1 U 44
92 0 U 89
93 1 L 25
94 0 L 30
95 1 L 8
96 0 L -1
97 0 U 86
98 0 L 95
99
0 0 L -1
1 0 U -1
2 0 U -1
3 0 U -1
4 0 U 0
5 0 L 2
6 0 U -1
7 1 U 0
8 1 L 4
9 0 L -1
10 0 U 7
11 1 U 6
12 1 U -1
13 0 U 7
14 0 U 7
15 0 U 3
16 1 L -1
17 0 U 9
18 0 L -1
19 0 U 13
20 1 L 1
21 0 U -1
22 0 U 15
23 0 U 2
24 1 U 23
25 0 L 14
26 0 U 7
27 0 L 7
28 0 U 3
29 0 L 10
30 1 U 18
31 1 U 0
32 1 U 27
33 0 U 29
34 0 U 26
35 0 U 26
36 1 L 29
37 1 L -1
38 0 U -1
39 0 U 30
40 1 U 34
41 1 U 34
42 1 U 40
43 0 U 2
44 1 U 17
45 1 U 40
46 0 L 39
47 1 U 40
48 0 L 10
49 1 L 45
50 1 L 34
51 0 U 21
52 1 L 43
53 1 U 42
54 1 L 3
55 1 U -1
56 0 U 7
57 1 L 13
58 1 U 43
59 0 U -1
60 1 L 36
61 1 U -1
62 1 L 46
63 1 L 43
64 0 L 63
65 0 L 44
66 0 L 37
67 1 L 37
68 0 L 0
69 0 U 19
70 1 U 43
71 0 U 11
72 1 L 68
73 0 L 54
74 0 U 5
75 1 U 37
76 0 U -1
77 1 L 4
78 0 U 62
79 1 L 17
80 0 L 26
81 1 L 36
82 1 L 15
83 0 L 26
84 1 U 61
85 1 L 25
86 1 U 32
87 1 L 29
88 1 U 76
89 0 U 10
90 0 L 79
91 1 U 44
92 1 U 89
93 1 L 25
94 0 L 30
95 0 L 8
96 0 L -1
97 0 U 86
98 0 L 95
99
0 0 L -1
1 0 U -1
2 0 U -1
3 0 U -1
4 1 U 0
5 0 L 2
6 0 U -1
7 1 U 0
8 1 L 4
9 0 L -1
10 0 U 7
11 1 U 6
12 1 U -1
13 0 U 7
14 1 U 7
15 0 U 3
16 1 L -1
17 0 U 9
18 0 L -1
19 1 U 13
20 1 L 9
21 0 U -1
22 0 U 15
23 0 U 2
24 1 U 23
25 0 L 14
26 0 U 11
27 1 L 7
28 0 U 3
29 0 L 10
30 1 U 18
31 1 U 1
32 1 U 27
33 1 U 29
34 0 U 26
35 0 U 26
36 1 L 29
37 1 L -1
38 1 U -1
39 0 U 20
40 1 U 34
41 1 U 34
42 1 U 40
43 0 U 2
44 1 U 17
45 0 U 29
46 0 L 39
47 0 U 40
48 1 L 10
49 1 L 45
50 0 L 33
51 0 U 1
52 0 L 43
53 1 U 42
54 0 L 3
55 1 U -1
56 0 U 7
57 1 L 13
58 1 U 43
59 1 L -1
60 1 L 3
61 1 U -1
62 1 L 46
63 0 L 43
64 0 L 32
65 0 L 44
66 0 L 37
67 1 L 37
68 0 L 37
69 1 U 34
70 0 U 7
71 0 U 9
72 1 L 68
73 0 L 54
74 1 U 23
75 1 U 40
76 0 U -1
77 0 L 0
78 0 U 62
79 0 L 25
80 0 L 26
81 1 L 68
82 0 L 15
83 0 L 26
84 1 U 76
85 1 L 6
86 0 U 32
87 1 L 29
88 1 U 76
89 0 U 10
90 0 L 79
91 1 U 44
92 0 U 89
93 1 L 60
94 0 L 30
95 1 L 8
96 0 L -1
97 0 U 86
98 0 L 95
99
0 0 U -1
1 1 U -1
2 0 U -1
3 0 U -1
4 0 U 0
5 0 L 2
6 0 U -1
7 1 U 0
8 1 L 4
9 0 L -1
10 0 U 7
11 1 U 6
12 0 U -1
13 0 U 7
14 1 U 7
15 0 U 12
16 1 L -1
17 0 U 9
18 0 L -1
19 0 U 13
20 1 L 1
21 0 U -1
22 0 U 15
23 0 U 2
24 1 U 23
25 1 L 14
26 1 U 11
27 0 L 7
28 0 U 12
29 0 L 10
30 1 U 18
31 1 U 1
32 1 U 27
33 0 U 29
34 0 U 26
35 0 U 26
36 1 L 29
37 1 L -1
38 1 U -1
39 0 U 20
40 1 U 34
41 1 U 17
42 1 U 40
43 0 U 2
44 1 U 17
45 0 U 44
46 0 L 39
47 0 U 40
48 1 L 10
49 1 L 45
50 0 L 33
51 0 U 1
52 1 L 43
53 1 U 42
54 1 L 36
55 1 U -1
56 0 U 7
57 1 L 13
58 1 U 28
59 1 L -1
60 0 L 3
61 0 U -1
62 0 L 46
63 0 L 43
64 0 L 32
65 0 L 58
66 0 L 37
67 0 L 37
68 0 L 37
69 0 U 34
70 1 U 11
71 0 U 4
72 0 L 68
73 0 L 54
74 1 U 23
75 1 U 41
76 1 U -1
77 0 L 0
78 0 U 46
79 0 L 25
80 0 L 26
81 0 L 68
82 0 L 22
83 0 L 42
84 1 U 76
85 1 L 6
86 0 U 32
87 1 L 29
88 1 U 76
89 0 U 10
90 0 L 79
91 1 U 44
92 0 U 17
93 1 L 60
94 1 L 30
95 0 L 8
96 0 L 3
97 1 U 86
98 0 L 95
99
0 0 U -1
1 0 U -1
2 0 U -1
3 0 U -1
4 1 U 0
5 0 L 1
6 0 U -1
7 1 U 0
8 1 L 4
9 0 L -1
10 0 U 7
11 1 U 6
12 0 U -1
13 0 U 7
14 1 U 9
15 0 U 12
16 1 L -1
17 0 U 9
18 0 L -1
19 1 U 7
20 1 L 1
21 0 U -1
22 0 U 15
23 0 U 2
24 1 U 23
25 0 L 14
26 0 U 11
27 1 L 7
28 0 U 12
29 0 L 10
30 1 U 18
31 1 U 1
32 1 U 27
33 1 U 29
34 0 U 26
35 0 U 26
36 1 L 29
37 1 L -1
38 1 U -1
39 0 U 20
40 1 U 34
41 1 U 17
42 1 U 40
43 0 U 2
44 1 U 17
45 1 U 44
46 0 L 39
47 0 U 40
48 1 L 10
49 1 L 45
50 0 L 33
51 0 U 3
52 1 L 43
53 1 U 42
54 1 L 36
55 1 U -1
56 1 U 7
57 0 L 13
58 1 U 28
59 0 U -1
60 0 L 3
61 0 L -1
62 1 L 46
63 0 L 43
64 1 L 34
65 0 L 58
66 0 L 37
67 0 L 37
68 1 L 37
69 0 U 34
70 1 U 11
71 0 U 4
72 1 L 68
73 0 L 54
74 1 U 23
75 1 U 41
76 1 U -1
77 0 L 0
78 0 U 68
79 0 L 25
80 0 L 26
81 0 L 68
82 1 L 22
83 0 L 42
84 1 U 76
85 1 L 6
86 0 U 37
87 1 L 29
88 1 U 76
89 0 U 10
90 0 L 79
91 1 U 44
92 0 U 17
93 1 L 6
94 1 L 30
95 1 L 8
96 1 L 3
97 0 U 86
98 0 L 95
99
0 0 L -1
1 0 U -1
2 0 U -1
3 0 U -1
4 1 U 0
5 0 L 1
6 0 U -1
7 1 U 0
8 1 L 4
9 0 L -1
10 0 U 7
11 1 U 6
12 0 U -1
13 0 U 7
14 1 U 7
15 0 U 3
16 1 L -1
17 0 U 9
18 0 L -1
19 1 U 7
20 1 L 1
21 1 U -1
22 0 U 4
23 0 U 2
24 1 U 23
25 0 L 14
26 1 U 11
27 0 L 7
28 0 U 12
29 0 L 10
30 1 U 18
31 1 U 3
32 1 U 27
33 1 U 29
34 0 U 26
35 0 U 26
36 1 L 29
37 0 L -1
38 1 U -1
39 0 U 20
40 1 U 34
41 1 U 17
42 1 U 40
43 0 U 2
44 1 U 17
45 1 U 44
46 0 L 39
47 0 U 29
48 1 L 10
49 1 U 45
50 0 L 33
51 0 U 3
52 0 L 43
53 1 U 50
54 0 L 36
55 1 U -1
56 1 U 7
57 1 L 13
58 1 U 43
59 1 L -1
60 0 L 3
61 0 L -1
62 0 L 38
63 1 L 43
64 1 L 34
65 0 L 58
66 1 L 37
67 0 L 37
68 0 L 37
69 0 U 34
70 0 U 11
71 0 U 4
72 1 L 68
73 0 L 54
74 1 U 23
75 0 U 41
76 1 U -1
77 0 L 0
78 0 U 46
79 0 L 60
80 0 L 26
81 1 L 68
82 1 L 22
83 0 L 42
84 1 U 76
85 1 L 6
86 0 U 37
87 1 L 20
88 1 U 76
89 0 U 10
90 0 L 79
91 1 U 44
92 0 U 17
93 1 L 6
94 0 L 30
95 0 L 8
96 0 L 3
97 0 U 86
98 0 L 95
99
0 0 L -1
1 1 U -1
2 0 U -1
3 0 U -1
4 0 U 0
5 1 L 1
6 0 U -1
7 1 U 0
8 1 L 4
9 0 L -1
10 0 U 7
11 1 U 6
12 0 U -1
13 0 U 7
14 1 U 7
15 0 L 3
16 1 L -1
17 0 U 9
18 0 L -1
19 0 U 7
20 1 L 1
21 0 U -1
22 0 U 4
23 0 U 2
24 1 U 23
25 0 L 14
26 0 U 11
27 1 L 7
28 0 U 12
29 0 L 10
30 1 U 18
31 1 U 1
32 1 U 27
33 0 U 29
34 1 U 26
35 0 U 26
36 1 L 29
37 1 L -1
38 1 U -1
39 0 U 20
40 1 U 34
41 1 U 17
42 1 U 40
43 0 U 2
44 1 U 17
45 0 U 44
46 0 L 39
47 0 U 29
48 1 L 10
49 1 U 45
50 0 L 33
51 0 U 0
52 0 L 43
53 1 U 49
54 0 L 36
55 1 U -1
56 1 U 10
57 0 L 13
58 1 U 43
59 1 L -1
60 0 L 3
61 1 U -1
62 1 L 38
63 0 L 55
64 0 L 34
65 0 L 58
66 0 L 37
67 1 L 37
68 0 L 37
69 0 U 34
70 1 U 11
71 1 U 4
72 0 L 68
73 0 L 54
74 1 U 23
75 0 U 41
76 0 U -1
77 0 L 0
78 0 U 46
79 1 L 60
80 0 L 26
81 0 L 68
82 1 L 22
83 0 L 42
84 1 U 76
85 1 L 6
86 0 U 37
87 1 L 20
88 1 U 76
89 0 U 10
90 0 L 79
91 1 U 44
92 0 U 17
93 1 L 6
94 0 L 30
95 0 L 8
96 1 L 3
97 0 U 86
98 0 L 95
99
0 0 U -1
1 1 U -1
2 0 U -1
3 0 U -1
4 0 U 0
5 1 L 1
6 0 U -1
7 1 U 0
8 1 L 4
9 0 L -1
10 0 U 7
11 1 U 6
12 0 U -1
13 0 U 7
14 1 U 7
15 0 L 3
16 1 L -1
17 0 U 9
18 0 L -1
19 0 U 7
20 1 L 1
21 1 U -1
22 0 U 4
23 0 U 2
24 1 U 23
25 0 L 14
26 1 U 11
27 1 L 7
28 0 U 12
29 0 L 10
30 1 U 18
31 1 U 1
32 1 U 27
33 0 U 29
34 0 U 26
35 0 U 26
36 1 L 29
37 1 L -1
38 1 U -1
39 0 U 20
40 1 U 15
41 1 U 17
42 1 U 40
43 0 U 2
44 1 U 17
45 1 U 44
46 0 L 39
47 1 U 29
48 1 L 10
49 1 U 45
50 0 L 33
51 0 U 0
52 1 L 43
53 1 U 49
54 1 L 36
55 1 U -1
56 1 U 10
57 1 L 13
58 1 U 43
59 1 L -1
60 0 L 3
61 0 U -1
62 1 L 38
63 0 L 58
64 1 L 34
65 0 L 58
66 1 L 37
67 1 L 37
68 1 L 37
69 0 U 34
70 0 U 51
71 1 L 18
72 1 L 68
73 0 L 54
74 0 U 23
75 0 U 41
76 0 U -1
77 0 L 0
78 0 U 46
79 0 L 60
80 0 L 26
81 1 L 68
82 0 L 22
83 0 L 82
84 1 U 76
85 1 L 6
86 0 U 37
87 1 L 20
88 1 U 76
89 0 U 10
90 0 L 79
91 1 U 44
92 0 U 17
93 1 L 6
94 0 L 30
95 0 L 8
96 1 L 3
97 1 U 86
98 0 L 95
99
0 0 L -1
1 1 U -1
2 0 U -1
3 0 U -1
4 0 U 0
5 0 L 2
6 0 U -1
7 1 U 0
8 1 L 4
9 0 L -1
10 0 U 7
11 1 U 6
12 0 U -1
13 0 U 7
14 1 U 7
15 0 L 3
16 1 L -1
17 0 U 10
18 0 L -1
19 0 U 7
20 1 L 1
21 1 U -1
22 0 U 6
23 0 U 2
24 1 U 23
25 0 L 14
26 0 U 11
27 0 L 12
28 0 U 12
29 0 L 10
30 1 U 18
31 1 U 1
32 1 U 27
33 0 U 29
34 1 U 26
35 0 U 26
36 1 L 29
37 1 L -1
38 1 U -1
39 0 U 18
40 1 U 15
41 1 U 17
42 1 U 40
43 0 U 2
44 1 U 17
45 0 U 44
46 1 L 39
47 1 U 29
48 1 L 10
49 1 U 45
50 0 L -1
51 0 U 0
52 1 L 43
53 1 U 49
54 1 L 36
55 0 U -1
56 1 U 10
57 0 L 13
58 0 U 43
59 1 L -1
60 0 L 3
61 0 L -1
62 0 L 38
63 0 L 58
64 0 L 27
65 0 L 51
66 1 L 37
67 1 L 37
68 0 L 37
69 0 U 34
70 1 U 43
71 0 L 18
72 1 U 68
73 0 L 54
74 1 U 23
75 0 U 41
76 0 U -1
77 0 L 0
78 1 L 46
79 0 L 60
80 0 L 31
81 1 L 33
82 0 L 22
83 1 L 82
84 1 U 76
85 1 L 6
86 0 U 37
87 1 L 29
88 1 U 76
89 0 U 70
90 0 L 79
91 1 U 44
92 0 U 17
93 1 L 6
94 1 L 30
95 0 L 8
96 1 L 3
97 1 U 86
98 0 L 95
99
0 0 L -1
1 1 U -1
2 0 U -1
3 0 U -1
4 0 U 0
5 1 L 2
6 0 U -1
7 1 U 0
8 1 L 4
9 0 L -1
10 0 U 7
11 1 U 6
12 0 U -1
13 0 U 7
14 0 U 7
15 0 L 3
16 1 L -1
17 0 U 10
18 0 L -1
19 1 U -1
20 1 L 16
21 0 U -1
22 0 U 6
23 0 U 2
24 1 U 23
25 0 L 14
26 0 U 11
27 0 L 12
28 0 U 12
29 0 L 10
30 1 U 18
31 1 U 1
32 1 U 17
33 1 U 29
34 0 U 26
35 0 U 26
36 1 L 29
37 1 L -1
38 1 U -1
39 0 U 18
40 1 U 15
41 1 U 17
42 1 U 40
43 0 U 2
44 1 U 17
45 1 U 44
46 1 L 39
47 0 U 29
48 1 L 10
49 1 U 45
50 0 L -1
51 0 U 0
52 1 L 43
53 1 U 49
54 1 L 36
55 1 U -1
56 1 U 10
57 0 L 13
58 0 U 7
59 1 L -1
60 0 L 3
61 0 L 10
62 0 L 38
63 0 L 58
64 0 L 11
65 0 L 51
66 1 L 37
67 1 L 37
68 1 L 37
69 0 U 34
70 1 U 31
71 0 L 18
72 1 U 68
73 0 L 54
74 0 U 23
75 0 U 41
76 1 U -1
77 0 L 0
78 1 L 46
79 0 L 25
80 0 L 31
81 0 L 67
82 0 L 22
83 1 L 82
84 1 U 76
85 1 L 6
86 0 U 37
87 1 L 29
88 1 U 76
89 1 U 70
90 0 L 79
91 1 U 44
92 0 U 89
93 1 L 6
94 0 L 30
95 1 L 8
96 0 L 3
97 1 U 86
98 1 L 95
99
0 0 L -1
1 1 U -1
2 0 U -1
3 0 U -1
4 0 U 0
5 0 L 2
6 0 U -1
7 1 U 0
8 1 L 4
9 0 L -1
10 0 U 7
11 1 U 6
12 0 U -1
13 0 U 7
14 0 U 7
15 0 L 5
16 1 L -1
17 0 U 10
18 0 L -1
19 1 U -1
20 1 L 1
21 0 U -1
22 0 U 1
23 0 U 2
24 1 U 23
25 0 L 14
26 0 U 11
27 1 L 12
28 0 U 12
29 0 L 10
30 1 U 18
31 1 U 1
32 1 U 17
33 1 U 29
34 0 U 26
35 0 U 26
36 1 L 29
37 0 L -1
38 1 U -1
39 0 U 18
40 1 U 15
41 1 U 17
42 1 U 40
43 0 U 2
44 1 U 17
45 0 U 44
46 1 L 39
47 0 U 29
48 1 L 10
49 1 U 45
50 0 L -1
51 0 U 0
52 1 L 43
53 1 U 49
54 1 L 36
55 0 U -1
56 1 U 10
57 0 L 13
58 1 U 7
59 0 L -1
60 1 L 3
61 1 L 10
62 0 L 38
63 0 L 58
64 0 L 11
65 0 L 51
66 0 L 37
67 1 L 37
68 1 L 37
69 0 U 34
70 1 U 31
71 0 L 18
72 1 U 68
73 0 L 54
74 0 U 23
75 0 U 41
76 1 U -1
77 0 L 0
78 1 L 46
79 0 L 25
80 0 L 31
81 1 L 67
82 0 L 22
83 0 L 82
84 1 U 76
85 1 L 15
86 0 U 37
87 1 L 29
88 1 U 76
89 0 U 70
90 1 L 79
91 1 U 44
92 1 U 89
93 1 L 6
94 0 L 30
95 1 L 8
96 0 L 3
97 1 U 86
98 1 L 95
99
0 0 L -1
1 1 U -1
2 0 U -1
3 0 U -1
4 0 U 0
5 0 L 2
6 0 U -1
7 1 U 0
8 1 L 4
9 0 L -1
10 0 U 7
11 1 U 6
12 0 U -1
13 0 U 7
14 0 U 7
15 0 L 5
16 1 L -1
17 0 U 10
18 0 L -1
19 0 L 7
20 1 L 1
21 0 U -1
22 0 U 1
23 0 U 2
24 1 U 23
25 0 L 14
26 0 U 11
27 1 L 12
28 0 U 12
29 0 L 10
30 1 U 18
31 1 U 1
32 1 U 17
33 0 U 29
34 0 U 26
35 0 U 26
36 1 L 29
37 1 L -1
38 1 U -1
39 0 U 18
40 1 U 15
41 1 U 17
42 1 U 40
43 0 U 2
44 1 U 17
45 0 U 44
46 1 L 39
47 0 U 30
48 0 L 10
49 1 U 45
50 0 L 16
51 0 U 0
52 1 L 43
53 1 U 49
54 1 L 36
55 1 U -1
56 1 U 10
57 0 L 20
58 1 U 7
59 1 U -1
60 1 L 3
61 0 L 32
62 1 L 38
63 0 L 58
64 0 L 11
65 0 L 51
66 0 L 37
67 1 L 37
68 1 L 4
69 0 U 34
70 0 U 31
71 0 L 18
72 0 U 68
73 0 L 54
74 1 U 23
75 0 U 36
76 0 U -1
77 0 L 0
78 1 L 46
79 0 L 25
80 0 L 31
81 1 L 67
82 0 L 64
83 1 L 82
84 1 U 76
85 1 L 15
86 0 U 37
87 1 L 29
88 1 U 76
89 1 U 70
90 0 L 79
91 1 U 66
92 0 U 89
93 1 L 6
94 0 L 30
95 1 L 8
96 1 L 3
97 1 U 86
98 1 L 95
99
0 0 U -1
1 1 U -1
2 0 U -1
3 0 U -1
4 1 U 0
5 0 L 2
6 0 U -1
7 1 U 0
8 1 L 4
9 0 L -1
10 0 U 7
11 1 U 6
12 0 U -1
13 0 U 7
14 0 U 7
15 0 L 5
16 1 L -1
17 0 U 10
18 0 L -1
19 0 L 7
20 1 L 1
21 0 U -1
22 0 U 1
23 0 U 2
24 1 U 23
25 0 L 14
26 0 U 11
27 1 L 12
28 0 U 12
29 0 L 10
30 1 U 18
31 1 U 1
32 1 U 17
33 0 U 29
34 0 U 26
35 0 U 26
36 1 L 29
37 0 L -1
38 0 U -1
39 0 U 18
40 1 U 16
41 1 U 27
42 1 U 40
43 0 U 2
44 1 U 27
45 1 U 44
46 1 L 39
47 0 U 30
48 1 L 10
49 1 U 45
50 0 L 16
51 0 U 0
52 1 L 44
53 1 U 49
54 1 L 36
55 1 U -1
56 1 U 10
57 0 L 20
58 1 U 7
59 1 U -1
60 1 L 3
61 0 L 32
62 1 L 38
63 0 L 58
64 0 L 11
65 0 L 51
66 0 L 37
67 1 L 37
68 1 L 4
69 0 U 34
70 0 U 31
71 0 L 18
72 0 U 68
73 0 L 54
74 1 U 23
75 0 U 41
76 0 U -1
77 0 L 68
78 1 L 42
79 0 L 25
80 0 L 31
81 1 L 67
82 0 L 64
83 0 L 82
84 1 U 76
85 1 L 15
86 0 U 37
87 1 L 29
88 1 U 76
89 0 U 70
90 0 L 79
91 1 U 66
92 0 U 89
93 1 L 6
94 0 L 30
95 1 L 8
96 0 L 3
97 0 U 86
98 1 L 95
99
0 0 U -1
1 1 U -1
2 0 U -1
3 0 U -1
4 1 U 0
5 1 L 2
6 0 U -1
7 1 U 0
8 1 L 4
9 0 L -1
10 0 U 7
11 1 U 6
12 0 U -1
13 0 U 7
14 0 U 7
15 0 L 5
16 1 L -1
17 0 U 10
18 0 L -1
19 0 U 11
20 1 L 1
21 1 U -1
22 0 U 12
23 0 U 2
24 1 U 23
25 1 L 14
26 0 U 11
27 1 L 17
28 0 U 12
29 0 L 10
30 1 U 18
31 1 U 12
32 1 U 17
33 0 U 29
34 0 U 26
35 0 U 26
36 1 L 29
37 0 L -1
38 1 U -1
39 0 U 18
40 1 U 16
41 1 U 27
42 1 U 40
43 0 U 2
44 1 U 27
45 0 U 44
46 1 L 39
47 0 U 30
48 1 L 10
49 1 U 45
50 0 L 16
51 0 U 0
52 1 L 44
53 1 U 49
54 1 L 36
55 1 U -1
56 1 U 28
57 0 L 20
58 1 U 7
59 0 L -1
60 0 L 3
61 0 L 32
62 1 L 38
63 0 L 58
64 0 L 11
65 0 L 51
66 0 L 37
67 1 L 37
68 1 L 4
69 0 U 34
70 1 U 31
71 0 L 18
72 1 U 68
73 0 L 34
74 1 U 23
75 0 U 41
76 0 U -1
77 1 L 68
78 0 L 42
79 0 L 25
80 0 L 31
81 0 L 67
82 1 L 64
83 1 L 23
84 1 U 76
85 1 L 15
86 0 U 37
87 1 L 20
88 1 U 76
89 0 U 70
90 0 L 79
91 1 U 66
92 0 U 89
93 0 L 6
94 0 L 30
95 1 L 8
96 0 L 3
97 0 U 86
98 1 L 95
99
0 0 U -1
1 1 U -1
2 0 U -1
3 0 U -1
4 1 U 0
5 1 L 2
6 0 U -1
7 1 U 0
8 1 L 4
9 0 L -1
10 0 U 7
11 1 U 6
12 0 U -1
13 0 U 7
14 0 U 7
15 0 L 5
16 1 L -1
17 0 U 10
18 0 L -1
19 0 U 11
20 1 L 1
21 0 U -1
22 0 U 1
23 0 U 2
24 1 U 23
25 0 L 14
26 0 U 11
27 1 L 17
28 0 U 12
29 0 L 10
30 1 U 18
31 1 U 12
32 1 U 17
33 0 U 29
34 1 U 26
35 0 U 26
36 1 L 29
37 0 L -1
38 1 U -1
39 0 U 18
40 1 U 16
41 1 U 27
42 1 U 40
43 0 U 2
44 1 U 27
45 1 U 44
46 1 L 39
47 0 U 30
48 1 L 10
49 1 U 45
50 0 L 16
51 0 U 1
52 1 L 44
53 1 U 49
54 1 L 36
55 1 U -1
56 0 U 28
57 0 L 20
58 0 U 9
59 1 U 7
60 0 L 3
61 0 L 32
62 1 L 38
63 0 L 58
64 0 L 11
65 0 L 52
66 0 L 37
67 1 L 37
68 1 L 4
69 1 U 56
70 0 U 5
71 1 L 18
72 0 U 68
73 0 L 34
74 1 U 23
75 0 U 41
76 0 U -1
77 0 L 68
78 1 L 42
79 1 L 25
80 0 L 31
81 1 L 67
82 0 L 64
83 0 L 23
84 1 U 76
85 0 L 15
86 0 U 37
87 1 L 20
88 1 U 76
89 0 U 70
90 0 L 79
91 1 U 36
92 0 U 89
93 0 L 6
94 0 L 30
95 1 L 8
96 1 L 87
97 0 U 86
98 1 L 95
99
0 0 U -1
1 1 U -1
2 0 U -1
3 0 U -1
4 0 U 0
5 1 L 2
6 0 U -1
7 1 U 0
8 1 L 4
9 0 L -1
10 0 U 7
11 1 U 6
12 0 U -1
13 0 U 7
14 0 U 7
15 0 L 5
16 1 L -1
17 0 U 10
18 0 L -1
19 0 U 11
20 1 L 1
21 0 U -1
22 0 U 21
23 0 U 2
24 1 U 23
25 0 L 14
26 0 U 11
27 1 L 17
28 0 U 12
29 0 L 10
30 1 U 18
31 1 U 12
32 1 U 27
33 0 U 29
34 0 U 26
35 0 U 26
36 1 L 29
37 0 L -1
38 1 U -1
39 0 U 18
40 1 U 16
41 1 U 27
42 1 U 40
43 0 U 2
44 1 U 27
45 1 U 44
46 1 L 39
47 0 U 30
48 1 L 10
49 1 U 45
50 0 L 16
51 0 U 1
52 1 L 44
53 1 U 33
54 1 L 36
55 1 U -1
56 0 U 28
57 0 L 20
58 0 U 11
59 1 U 31
60 0 L 3
61 0 L 32
62 0 L 38
63 0 L 58
64 0 L 11
65 0 L 52
66 0 L 37
67 1 L 37
68 1 L 4
69 0 U 56
70 0 U 5
71 0 L 0
72 0 U 68
73 0 L 34
74 1 U 23
75 0 U 41
76 0 U -1
77 0 L 68
78 1 L 42
79 0 L 25
80 0 L 31
81 0 L 67
82 1 L 64
83 1 L 35
84 1 U 76
85 0 L 15
86 0 U 44
87 1 L 20
88 1 U 76
89 0 U 70
90 0 L 79
91 1 U 36
92 0 U 89
93 0 L 6
94 0 L 12
95 1 L 16
96 0 L 87
97 0 U 86
98 1 L 95
99
0 0 L -1
1 1 U -1
2 0 U -1
3 0 U -1
4 0 U 0
5 1 L 2
6 0 U -1
7 1 U 0
8 1 L 4
9 0 L -1
10 0 U 7
11 1 U 6
12 0 U -1
13 0 U 7
14 0 U 7
15 0 L 5
16 1 L -1
17 0 U 10
18 0 L -1
19 0 U 11
20 1 L 1
21 1 U -1
22 0 U 21
23 0 U 2
24 1 U 23
25 0 L 14
26 0 U 11
27 0 L 17
28 0 U 12
29 0 L 10
30 1 U 18
31 1 U 12
32 1 U 27
33 0 U 29
34 1 U 26
35 0 U 26
36 1 L 29
37 0 L -1
38 1 U -1
39 0 U 18
40 1 U 16
41 1 U 27
42 1 U 40
43 0 U 2
44 1 U 27
45 0 U 44
46 1 L 39
47 1 U 30
48 1 L 10
49 1 U 45
50 0 L 16
51 0 U 3
52 1 L 43
53 1 U 33
54 1 L 36
55 1 U -1
56 0 U 28
57 0 L 3
58 0 U 11
59 1 U 28
60 0 L 3
61 0 L 32
62 0 L 38
63 0 L 58
64 0 L 11
65 0 L 52
66 0 L 37
67 1 L 37
68 0 L 4
69 1 U 59
70 0 U 5
71 0 L 0
72 1 U 68
73 0 L 34
74 1 U 23
75 0 U 41
76 1 U -1
77 0 L 68
78 1 L 42
79 1 L 25
80 0 L 31
81 1 L 67
82 0 L 64
83 1 L 35
84 1 U 76
85 0 L 15
86 0 U 44
87 1 L 20
88 1 U -1
89 0 U 70
90 0 L 79
91 1 U 36
92 0 U 34
93 0 L 6
94 1 L 12
95 0 L 37
96 1 L 87
97 0 U 86
98 0 L 95
99
0 0 L -1
1 1 U -1
2 0 U -1
3 0 U -1
4 0 U 0
5 1 L 2
6 0 U -1
7 1 U 0
8 1 L 4
9 0 L -1
10 0 U 7
11 1 U 6
12 0 U -1
13 0 U 7
14 1 U 7
15 0 L 5
16 1 L -1
17 0 U 7
18 0 U -1
19 0 U 11
20 1 L 1
21 0 U -1
22 0 U 21
23 0 U 2
24 1 U 23
25 0 L 14
26 1 U 11
27 1 L 17
28 0 U 12
29 0 L 10
30 1 U 20
31 1 U 12
32 1 U 27
33 0 U 29
34 1 U 26
35 0 U 26
36 1 L 29
37 0 L -1
38 1 U -1
39 0 U 20
40 1 U 16
41 1 U 27
42 1 U 40
43 0 U 2
44 1 U 27
45 1 U 44
46 1 L 39
47 1 U 30
48 1 L 10
49 1 U 45
50 0 L 16
51 0 U 3
52 1 L 43
53 1 U 33
54 0 L 36
55 1 U -1
56 0 U 28
57 0 L 3
58 0 U 43
59 0 U 28
60 1 L 3
61 0 L 32
62 0 L 38
63 0 L 55
64 0 L -1
65 0 L 58
66 1 L 37
67 1 L 37
68 1 L 8
69 0 U 59
70 0 U 5
71 1 L 0
72 1 U 68
73 1 L 34
74 1 U 23
75 0 U 41
76 0 U -1
77 1 L 68
78 1 L 42
79 0 L 25
80 0 L 40
81 1 L 67
82 0 L 33
83 1 L 35
84 1 U 76
85 0 L 15
86 0 U 44
87 1 L 20
88 1 U -1
89 0 U 70
90 0 L 85
91 1 U 36
92 0 U 34
93 0 L 6
94 1 L 12
95 1 L 37
96 0 L 87
97 0 U 86
98 0 L 95
99
0 0 L -1
1 1 U -1
2 0 U -1
3 0 U -1
4 1 U 0
5 1 L 2
6 0 U -1
7 1 U 0
8 1 L 4
9 0 L -1
10 0 U 7
11 1 U 6
12 0 U -1
13 0 U 7
14 1 U 7
15 0 L 5
16 1 L -1
17 0 U 7
18 1 L -1
19 0 U 11
20 1 L 1
21 0 U -1
22 0 U 1
23 0 U 2
24 1 U 23
25 0 L 14
26 0 U 11
27 1 L 17
28 0 U 12
29 0 L 10
30 1 U 20
31 1 U 12
32 1 U 27
33 0 U 29
34 1 U 26
35 0 U 26
36 1 L 29
37 0 L -1
38 0 U -1
39 0 U 20
40 1 U 16
41 1 U 27
42 1 U 40
43 0 U 2
44 1 U 27
45 1 U 44
46 1 L 39
47 1 U 30
48 1 L 10
49 1 U 45
50 0 L 16
51 0 U 3
52 1 L 43
53 1 U 33
54 1 L 36
55 1 U -1
56 0 U 28
57 0 L 13
58 0 U 11
59 0 U 28
60 1 L 36
61 0 L 33
62 0 L 38
63 0 L 55
64 0 L -1
65 0 L 58
66 1 L 37
67 1 L 37
68 1 L 8
69 0 U 59
70 0 U 5
71 1 L 0
72 1 U 68
73 1 L 34
74 1 U 23
75 1 U -1
76 0 U 20
77 0 L 68
78 1 L 42
79 1 L 25
80 0 L 40
81 0 U -1
82 1 L 33
83 1 L 35
84 1 U 2
85 1 L 15
86 0 U 44
87 1 L 20
88 1 U -1
89 0 U 70
90 0 L 85
91 1 U 36
92 0 U 34
93 0 L 6
94 0 L 93
95 1 L 37
96 1 L 87
97 1 U 86
98 1 L 95
99
0 0 L -1
1 1 U -1
2 0 U -1
3 0 U -1
4 0 U 0
5 1 L 2
6 0 U -1
7 1 U 0
8 1 L 4
9 0 L -1
10 0 U 7
11 1 U 6
12 0 U -1
13 0 U 7
14 0 U 7
15 0 L 3
16 1 L -1
17 0 U 7
18 1 L -1
19 0 U 7
20 1 L 1
21 0 U -1
22 0 U 1
23 0 U 2
24 1 U 23
25 0 L 14
26 0 U 11
27 1 L 17
28 0 U 12
29 0 L 10
30 1 U 20
31 1 U 12
32 1 U 27
33 0 U 29
34 1 U 26
35 0 U 26
36 1 L 29
37 0 L -1
38 1 U -1
39 0 U 20
40 1 U 16
41 1 U 15
42 1 U 40
43 0 U 2
44 1 U 34
45 1 U 44
46 1 L 39
47 0 U 30
48 0 L 10
49 1 U 45
50 0 L 16
51 0 U 3
52 1 L 43
53 1 U 33
54 1 L 36
55 1 U -1
56 0 U 28
57 0 L 13
58 1 U 11
59 0 U 28
60 1 L 36
61 0 L 33
62 1 L 38
63 0 L 55
64 0 L 11
65 0 L 58
66 1 L 37
67 1 L 37
68 1 L 8
69 1 U 59
70 0 U 5
71 1 L 0
72 1 U 68
73 0 L 34
74 1 U 23
75 1 L -1
76 0 U 54
77 1 L 68
78 1 L 42
79 1 L 25
80 0 L 46
81 1 L -1
82 1 L 33
83 1 L 35
84 1 U 2
85 1 L 15
86 1 U 44
87 1 L 20
88 1 U -1
89 0 U 70
90 0 L 85
91 0 U 36
92 0 U 34
93 0 L 6
94 1 L 93
95 0 L 37
96 1 L 87
97 0 U 86
98 1 L 95
99
0 0 U -1
1 1 U -1
2 0 U -1
3 0 U -1
4 0 U 0
5 1 L 2
6 0 U -1
7 1 U 0
8 1 L 4
9 0 L -1
10 0 U 7
11 1 U 6
12 0 U -1
13 0 U 7
14 0 U 7
15 0 L 3
16 1 L -1
17 0 U 7
18 1 U -1
19 0 U 7
20 1 L 1
21 0 L 19
22 0 U 1
23 0 U 2
24 1 U 23
25 0 L 14
26 1 U 11
27 1 L 17
28 0 U 12
29 0 L 10
30 1 U 20
31 1 U 12
32 1 U 27
33 0 U 29
34 1 U 26
35 0 U 26
36 1 L 29
37 1 L -1
38 1 U -1
39 0 U 20
40 1 U 16
41 1 U 15
42 1 U 40
43 0 U 2
44 1 U 34
45 0 U 44
46 1 L 39
47 1 U 30
48 0 L 10
49 1 U 45
50 0 L 16
51 0 U 0
52 1 L 43
53 1 U 33
54 1 L 36
55 1 U -1
56 0 U 28
57 1 L 13
58 0 U 11
59 0 U 11
60 1 L 3
61 0 L 33
62 1 L 38
63 0 L 55
64 0 L 11
65 0 L 58
66 0 L 37
67 0 L 37
68 1 L 8
69 0 U 59
70 0 U 5
71 1 L 24
72 0 U 68
73 0 L 34
74 1 U 23
75 1 L -1
76 1 U 54
77 1 L 68
78 1 L 42
79 0 L 25
80 0 L 46
81 1 U -1
82 1 L 33
83 0 U 35
84 1 U 2
85 0 L 15
86 1 U 54
87 1 L 20
88 1 U -1
89 0 U 70
90 0 L 85
91 1 U 36
92 0 U 34
93 1 L 6
94 1 L 93
95 1 L 37
96 0 L 77
97 1 U 86
98 0 L 95
99
0 0 L -1
1 1 U -1
2 0 U -1
3 0 U -1
4 0 U 0
5 1 L 2
6 0 U -1
7 1 U 0
8 1 L 4
9 0 L -1
10 0 U 7
11 1 U 6
12 0 U -1
13 0 U 7
14 1 U 7
15 0 L 3
16 1 L -1
17 0 U 7
18 0 U -1
19 0 U 7
20 1 L 1
21 0 L 19
22 0 U 1
23 0 U 2
24 1 U 5
25 0 L 14
26 0 U 11
27 0 L 17
28 0 U 12
29 0 L 10
30 1 U 20
31 1 U 0
32 1 U 27
33 0 U 29
34 1 U 26
35 0 U 26
36 1 L 29
37 1 L -1
38 1 U -1
39 0 U 20
40 1 U 16
41 1 U 15
42 1 U 32
43 0 U 2
44 1 U 34
45 0 U 44
46 1 L 39
47 1 U 30
48 0 L 10
49 0 L 29
50 0 L 16
51 0 U 3
52 1 L 43
53 1 U 33
54 1 L 36
55 1 U -1
56 0 U 28
57 1 L 3
58 1 U 11
59 0 U 7
60 1 L 3
61 0 L 33
62 1 L 38
63 0 L 55
64 0 L 11
65 0 L 58
66 1 L 37
67 0 L 37
68 1 L 8
69 0 U 59
70 1 U 5
71 1 L 24
72 1 U 68
73 0 L 34
74 0 U 23
75 1 L -1
76 0 U 54
77 1 L 68
78 1 L 42
79 1 L 25
80 0 L 46
81 0 U -1
82 0 L 33
83 1 U 50
84 1 U 2
85 0 L 15
86 1 U 54
87 1 U 20
88 1 U -1
89 0 U 70
90 0 L 85
91 1 U 36
92 0 U 34
93 0 L 6
94 1 L 93
95 1 L 37
96 1 L 77
97 0 U 86
98 0 L 95
99
0 0 L -1
1 1 U -1
2 0 U -1
3 0 U -1
4 1 U 0
5 1 L 2
6 0 U -1
7 1 U 0
8 1 L 4
9 0 L -1
10 0 U 7
11 1 U 6
12 0 U -1
13 0 U 7
14 0 U 7
15 0 L 3
16 1 L -1
17 0 U 7
18 1 L -1
19 0 U 7
20 1 L 1
21 0 L 19
22 0 U 3
23 0 U 2
24 1 U 5
25 1 L 14
26 1 U 11
27 1 L 17
28 0 U 12
29 0 L 10
30 1 U 20
31 1 U 0
32 1 U 27
33 0 U 29
34 0 U 26
35 0 U 26
36 1 L 29
37 1 L -1
38 1 U -1
39 0 U 20
40 1 U 16
41 1 U 15
42 1 U 32
43 0 U 2
44 1 U 27
45 0 U 44
46 1 L 39
47 1 U 30
48 0 L 10
49 0 U 29
50 0 L 16
51 0 U 3
52 1 L 43
53 1 U 33
54 1 L 36
55 1 U -1
56 0 U 7
57 1 L 5
58 1 U 11
59 0 U 11
60 0 L 36
61 0 L 33
62 1 L 42
63 0 L 55
64 0 L 30
65 0 L 58
66 1 L 37
67 0 L 37
68 1 L 8
69 0 U 59
70 1 U 5
71 1 L 48
72 1 U 68
73 0 L 34
74 0 U 23
75 0 L -1
76 0 U 45
77 1 L 68
78 1 L 42
79 1 L 25
80 0 L 46
81 1 L -1
82 0 L 22
83 1 U 50
84 1 U 2
85 0 L 15
86 0 U 54
87 1 L 20
88 1 U -1
89 1 U 70
90 0 L 85
91 0 U 18
92 1 U 18
93 1 L 6
94 1 L 93
95 1 L 37
96 0 L 77
97 1 U 86
98 1 L 95
99
0 0 U -1
1 1 U -1
2 0 U -1
3 0 U -1
4 0 U 0
5 1 L 2
6 0 U -1
7 1 U 0
8 1 L 4
9 0 L -1
10 0 U 7
11 1 U 6
12 0 U -1
13 0 U 7
14 1 U 7
15 0 L 3
16 1 L -1
17 0 U 7
18 1 L -1
19 0 U 7
20 1 L 1
21 0 L 19
22 0 U 3
23 0 U 2
24 1 U 5
25 1 L 14
26 1 U 11
27 0 L 17
28 0 U 12
29 0 L 10
30 1 U 20
31 1 U 0
32 1 U 27
33 0 U 29
34 0 U 26
35 0 U 26
36 1 L 29
37 0 L -1
38 1 U -1
39 0 U 20
40 1 U 16
41 1 U 15
42 1 U 32
43 0 U 2
44 1 U 27
45 1 U 44
46 1 L 39
47 1 U 30
48 0 L 10
49 1 U 29
50 0 L 16
51 0 U 3
52 1 L 43
53 1 U 33
54 0 L 36
55 1 U -1
56 0 U 7
57 1 L 5
58 1 U 11
59 0 U 31
60 0 L 36
61 0 L 33
62 1 L 42
63 0 L 55
64 0 L 30
65 0 L 58
66 0 L 37
67 0 L 37
68 0 L 8
69 0 U 59
70 1 U 5
71 1 L 48
72 0 U 68
73 0 L 34
74 0 U 23
75 1 L -1
76 1 U 54
77 0 L 68
78 1 L 42
79 0 L 25
80 0 L 46
81 1 L -1
82 0 L 22
83 1 U 50
84 1 U 2
85 0 L 15
86 0 U 54
87 1 L 20
88 1 U -1
89 1 U 14
90 0 L 85
91 0 U 18
92 1 U 18
93 0 L 6
94 1 L 93
95 0 L 37
96 0 L 77
97 1 U 86
98 0 L 95
99
0 0 L -1
1 1 U -1
2 0 U -1
3 0 U -1
4 1 U 0
5 1 L 2
6 0 U -1
7 1 U 0
8 1 L 4
9 0 L -1
10 0 U 7
11 1 U 6
12 0 U -1
13 0 U 7
14 1 U 7
15 0 L 3
16 1 L -1
17 0 U 10
18 1 L -1
19 0 U 7
20 1 L 1
21 0 L 19
22 0 U 3
23 0 U 2
24 1 U 5
25 1 L 14
26 0 U 11
27 0 L 17
28 0 U 12
29 0 L 10
30 1 U 20
31 1 U 0
32 1 U 27
33 0 U 32
34 1 U 26
35 0 U 26
36 1 L 29
37 0 L -1
38 1 U -1
39 0 U 20
40 1 U 16
41 1 U 15
42 1 U 32
43 0 U 2
44 1 U 27
45 0 U 44
46 1 L 39
47 1 U 30
48 0 L 10
49 0 U 29
50 0 L 16
51 1 U 3
52 1 L 43
53 1 L 33
54 0 L 36
55 1 U -1
56 0 U 7
57 0 L 5
58 0 U 11
59 0 U 31
60 1 L 36
61 0 L 35
62 1 L 42
63 0 L 55
64 0 L 30
65 0 L 43
66 1 L 37
67 0 L 37
68 0 L 8
69 1 U 13
70 1 U 5
71 1 L 48
72 0 U 68
73 0 L 34
74 1 U 23
75 1 U -1
76 0 U 54
77 1 L 68
78 1 L 42
79 0 L 25
80 0 L 46
81 1 U -1
82 0 L 22
83 1 U 50
84 0 U 2
85 0 L 15
86 1 U 54
87 1 L 20
88 0 L -1
89 1 U 58
90 1 L 85
91 1 U 18
92 1 U 18
93 0 L 6
94 1 L 79
95 1 L 37
96 0 L 77
97 1 U 86
98 0 L 95
99
0 0 U -1
1 1 U -1
2 0 U -1
3 0 U -1
4 0 U 0
5 1 L 2
6 0 U -1
7 1 U 0
8 1 L 4
9 0 L -1
10 0 U 7
11 1 U 6
12 0 U -1
13 0 U 7
14 1 U 7
15 0 L 5
16 1 L -1
17 0 U 10
18 1 L -1
19 0 L 7
20 1 L 1
21 1 L 19
22 0 U 3
23 0 U 2
24 1 U 5
25 1 L 14
26 1 U 11
27 0 L 17
28 0 U 12
29 0 L 10
30 1 U 20
31 1 U 0
32 1 U 27
33 1 U 32
34 0 U 26
35 0 U 26
36 1 L 29
37 0 L -1
38 1 U -1
39 0 U 20
40 1 U 16
41 1 U 16
42 0 U 32
43 0 U 2
44 1 U 27
45 1 U 44
46 1 L 39
47 1 U 30
48 0 L 10
49 0 L 29
50 0 L 16
51 1 U 12
52 1 L 43
53 1 L 33
54 0 L 36
55 0 U -1
56 0 U 7
57 0 L 5
58 0 U 8
59 0 U 31
60 1 L 36
61 0 L 35
62 1 L 42
63 1 L 58
64 0 L 30
65 0 L 43
66 0 L 37
67 1 L 37
68 0 L 8
69 0 U 13
70 1 U 5
71 1 L 48
72 0 U 68
73 0 L 34
74 1 U 23
75 1 L -1
76 0 U 54
77 0 L 68
78 1 L 42
79 0 L 25
80 0 L 46
81 1 U -1
82 0 L 22
83 1 U 50
84 0 U 2
85 1 L 15
86 1 U 54
87 1 L 20
88 0 L -1
89 1 U 58
90 1 L 85
91 1 U 18
92 1 U 41
93 0 L 6
94 1 L 79
95 0 L 37
96 1 L 77
97 1 U 86
98 1 L 95
99
0 0 U -1
1 1 U -1
2 0 U -1
3 0 U -1
4 0 U 0
5 1 L 2
6 0 U -1
7 1 U 0
8 1 L 4
9 0 L -1
10 0 U 7
11 1 U 6
12 0 U -1
13 0 U 7
14 1 U 7
15 0 L 5
16 1 L -1
17 0 U 10
18 0 U -1
19 0 U 7
20 1 L 1
21 1 L 19
22 0 U 3
23 0 U 2
24 1 U 5
25 1 L 14
26 0 U 11
27 0 L 17
28 0 U 12
29 0 L 10
30 1 U 20
31 1 U 3
32 1 U 27
33 1 U 32
34 0 U 26
35 0 U 26
36 1 L 29
37 0 L -1
38 0 U -1
39 0 U 20
40 1 U 15
41 1 U 16
42 0 U 32
43 0 U -1
44 1 U 27
45 0 U 32
46 1 L 39
47 1 U 30
48 0 L 10
49 0 L 29
50 0 L 16
51 0 U 12
52 1 L 43
53 1 L 33
54 0 L 36
55 0 U -1
56 0 U 7
57 0 L 5
58 1 U 8
59 0 U 31
60 0 L 36
61 0 L 35
62 1 L 31
63 1 L 58
64 0 L 30
65 0 L 43
66 1 L 37
67 1 L 37
68 0 L 8
69 1 U 13
70 1 U 5
71 1 L 48
72 0 U 68
73 0 L 34
74 1 U 23
75 1 L -1
76 0 U 54
77 0 L 68
78 1 L 42
79 0 L 54
80 0 L 46
81 0 U -1
82 0 L 22
83 1 U 50
84 1 U 2
85 1 L 60
86 1 U 54
87 1 U 20
88 0 L -1
89 0 U 58
90 0 L 85
91 1 U 18
92 1 U 41
93 0 L 6
94 0 L 79
95 0 L 37
96 1 L 77
97 1 U 86
98 1 L 95
99
0 0 U -1
1 1 U -1
2 0 U -1
3 0 U -1
4 1 U 0
5 1 L 2
6 0 U -1
7 1 U 0
8 1 L 4
9 0 L -1
10 0 U 7
11 1 U 6
12 0 U -1
13 0 U 7
14 1 U 7
15 0 L 5
16 1 L -1
17 0 U 10
18 0 U -1
19 0 L 7
20 1 L 1
21 0 U -1
22 0 U 21
23 0 U 2
24 1 U 6
25 0 L 14
26 1 U 11
27 1 L 17
28 0 U 12
29 0 L 10
30 1 U 20
31 1 U 3
32 1 U 27
33 0 U 29
34 1 L 26
35 0 U 26
36 1 L 29
37 0 L -1
38 0 U -1
39 0 U 20
40 1 U 15
41 1 U 16
42 1 U 32
43 1 U -1
44 1 U 27
45 0 U 32
46 1 L 39
47 1 U 30
48 0 L 10
49 0 L 29
50 0 L 16
51 0 U 12
52 1 L 43
53 1 L 33
54 0 L 36
55 0 L -1
56 0 U 7
57 0 L 5
58 1 U 8
59 0 U 31
60 1 L 36
61 0 L 35
62 1 L 38
63 0 L 58
64 0 U 30
65 0 L 43
66 0 L 37
67 0 L 37
68 1 L 9
69 1 U 13
70 1 U 23
71 1 L 48
72 0 U 68
73 0 L 19
74 1 U 23
75 1 L -1
76 0 U 54
77 0 L 68
78 1 L 42
79 1 L 54
80 0 L 46
81 1 U -1
82 0 L 26
83 1 U 50
84 1 U 2
85 1 L 60
86 1 U 54
87 1 U 20
88 1 L -1
89 1 U 58
90 1 L 85
91 1 U 81
92 1 U 41
93 1 L 25
94 1 L 79
95 1 L 0
96 0 L 77
97 1 U 86
98 0 L 95
99
0 0 U -1
1 1 U -1
2 0 U -1
3 0 U -1
4 1 U 3
5 0 L 2
6 0 U -1
7 1 U 0
8 1 L 4
9 0 L -1
10 0 U 7
11 1 U 6
12 0 U -1
13 0 U 7
14 1 U 7
15 0 L 5
16 1 L -1
17 0 U 10
18 0 U -1
19 0 L 7
20 1 L 1
21 0 U -1
22 0 U 3
23 0 U 2
24 1 U 6
25 0 L 14
26 1 U 11
27 1 L 17
28 0 U 3
29 0 L 10
30 1 U 20
31 1 U 3
32 1 U 27
33 0 U 29
34 1 L 26
35 0 U 26
36 1 L 29
37 0 L -1
38 0 U -1
39 0 U 20
40 1 U 26
41 1 U 15
42 1 U 32
43 1 U -1
44 1 U 37
45 1 U 32
46 1 L 39
47 1 U 30
48 0 L 10
49 0 L 29
50 0 L 16
51 1 U 12
52 1 L 43
53 1 L 33
54 0 L 36
55 0 L -1
56 1 U 7
57 0 L 5
58 1 U 8
59 1 U 5
60 1 L 36
61 0 L 35
62 1 L 38
63 1 L 58
64 0 U 30
65 0 L 43
66 1 L 37
67 1 L 37
68 1 L 9
69 1 U 13
70 0 U 23
71 1 L 48
72 0 U 68
73 0 L 19
74 1 U 8
75 1 L -1
76 1 U 54
77 1 L 68
78 1 L 42
79 0 L 54
80 0 L 46
81 1 U -1
82 0 L 26
83 1 U 20
84 1 U 2
85 1 L 60
86 1 U 54
87 1 U 20
88 1 L -1
89 1 U 58
90 1 L 85
91 1 U 81
92 1 U 41
93 0 L 25
94 0 L 7
95 1 L 0
96 0 L 77
97 1 U 86
98 0 L 95
99
0 0 U -1
1 1 U -1
2 0 U -1
3 0 U -1
4 1 U 3
5 0 L 2
6 0 U -1
7 1 U 0
8 1 L 4
9 0 L -1
10 0 U 7
11 1 U 6
12 0 U -1
13 0 U 7
14 1 U 7
15 0 L 5
16 1 L -1
17 0 U 10
18 0 U -1
19 0 L 7
20 1 L 1
21 1 U -1
22 0 U 3
23 0 U 2
24 1 U 12
25 0 L 14
26 1 U 11
27 1 L 17
28 0 U 12
29 0 L 10
30 1 U 20
31 1 U 0
32 1 U 27
33 0 U 29
34 1 L 26
35 0 U 26
36 1 L 29
37 0 L -1
38 0 U -1
39 0 U 20
40 1 U 26
41 1 U 15
42 1 U 32
43 1 U -1
44 1 U 37
45 0 U 32
46 1 L 34
47 1 U 30
48 0 L 10
49 0 L 29
50 0 L 16
51 1 U 12
52 1 L 43
53 1 L 33
54 0 L 36
55 1 U -1
56 1 U 28
57 0 L 36
58 1 U 8
59 1 U 5
60 1 L 36
61 0 L 35
62 1 L 38
63 0 L 58
64 0 U 30
65 0 L 43
66 0 L 37
67 0 L 37
68 1 L 9
69 1 U 13
70 0 U 23
71 1 L 48
72 0 U 68
73 0 L 19
74 1 U 8
75 1 L -1
76 0 U 54
77 1 L 68
78 1 L 42
79 1 L 54
80 0 L 46
81 1 U -1
82 0 L 26
83 1 U 20
84 1 U 2
85 1 L 60
86 1 U 54
87 1 U 20
88 1 L -1
89 0 U 58
90 1 L 85
91 1 U 81
92 1 U 41
93 0 L 25
94 1 L 7
95 1 L 0
96 0 L 20
97 1 U 86
98 1 L 95
99
0 0 L -1
1 1 U -1
2 0 U -1
3 0 U -1
4 0 U 3
5 0 L 2
6 0 U -1
7 1 U 0
8 1 L 4
9 0 L -1
10 0 U 7
11 1 U 6
12 0 U -1
13 0 U 7
14 1 U 7
15 0 L 3
16 1 L -1
17 0 U 10
18 1 U -1
19 0 L 7
20 1 L 1
21 0 U -1
22 0 U 3
23 0 U 2
24 1 U 12
25 0 L 14
26 0 U 11
27 0 L 17
28 0 U 3
29 0 L 10
30 1 U 20
31 1 U 12
32 1 U 27
33 0 U 29
34 1 L 26
35 0 U 26
36 1 L 29
37 0 L -1
38 0 U -1
39 0 U 20
40 1 U 26
41 1 U 15
42 0 U 32
43 1 U -1
44 1 U 15
45 0 U 32
46 1 L 34
47 1 U 30
48 0 L 10
49 0 L 29
50 0 L 16
51 1 U 12
52 1 L 43
53 1 L 32
54 0 L 36
55 1 U -1
56 1 U 28
57 0 L 36
58 1 U 8
59 1 U 5
60 0 L 49
61 0 L 35
62 1 L 42
63 1 L 58
64 0 U 30
65 0 L 43
66 1 L 37
67 1 L 37
68 1 L 9
69 0 U 13
70 1 U 23
71 1 L -1
72 0 U 68
73 0 L 19
74 1 U 8
75 1 L -1
76 0 U 54
77 0 L 68
78 1 L 42
79 1 L 54
80 0 L 46
81 1 U -1
82 0 L 26
83 1 U 20
84 1 U 2
85 1 L 60
86 1 U 54
87 1 U 35
88 1 L -1
89 1 U 58
90 1 L 85
91 1 U 81
92 1 U 41
93 0 L 25
94 1 L 7
95 1 L 0
96 0 L 29
97 1 U 86
98 1 L 95
99
0 0 L -1
1 1 U -1
2 0 U -1
3 0 U -1
4 0 U 0
5 0 L 1
6 0 U -1
7 1 U 0
8 1 L 4
9 0 L -1
10 0 U 7
11 1 U 6
12 0 U -1
13 0 U 7
14 1 U 7
15 0 L 13
16 1 L -1
17 0 U 10
18 1 U -1
19 0 L 7
20 1 L 1
21 0 U -1
22 0 U 3
23 0 U 21
24 1 U 12
25 0 L 14
26 0 U 22
27 1 L 11
28 0 U 3
29 0 L 10
30 1 U 20
31 1 U 12
32 1 U 27
33 1 U 29
34 1 L 26
35 0 U 26
36 1 L 29
37 0 L -1
38 0 U -1
39 0 U 20
40 1 U 26
41 1 U 15
42 1 U 32
43 1 U -1
44 1 U 15
45 1 U 32
46 1 L 34
47 1 U 30
48 0 L 10
49 0 L 29
50 0 L 16
51 0 U 12
52 1 L 43
53 1 L 21
54 0 L 36
55 1 U -1
56 1 U 28
57 0 L 36
58 1 U 8
59 1 U 5
60 0 L 49
61 0 L 35
62 1 L 42
63 0 L 44
64 0 U 30
65 0 L 43
66 0 L 37
67 0 L 37
68 1 L 9
69 0 U 34
70 0 U 23
71 1 L -1
72 0 U 68
73 1 L 48
74 1 U 8
75 1 L -1
76 1 U 54
77 1 L 68
78 1 L 42
79 0 L 54
80 0 L 46
81 0 U -1
82 0 L 26
83 1 U 20
84 1 U 2
85 1 L 60
86 1 U 54
87 1 U 35
88 1 L -1
89 1 U 58
90 1 L 85
91 1 U 81
92 1 U 41
93 1 L 60
94 0 L 7
95 1 L 0
96 1 L 29
97 1 U 86
98 0 L 95
99
0 0 L -1
1 1 U -1
2 0 U -1
3 0 U -1
4 1 U 0
5 0 L 1
6 0 U -1
7 1 U 0
8 1 L 4
9 0 L -1
10 0 U 7
11 1 U 6
12 0 U -1
13 0 U 7
14 1 U 7
15 0 L 13
16 1 L -1
17 0 U 10
18 1 U -1
19 0 L 7
20 1 L 1
21 0 U -1
22 0 U 3
23 0 U 21
24 1 U 12
25 0 L 14
26 1 U 22
27 0 L 17
28 0 U 3
29 0 L 10
30 1 U 20
31 1 U 12
32 1 U 27
33 1 U 29
34 1 L 26
35 0 U 26
36 1 L 29
37 0 L -1
38 0 U -1
39 0 U 20
40 1 U 26
41 1 U 15
42 1 U 32
43 1 U -1
44 1 U 15
45 0 U 32
46 1 L 34
47 1 U 30
48 0 L 10
49 0 L 29
50 0 L 16
51 1 U 18
52 1 L 43
53 1 L 21
54 0 L 36
55 1 U -1
56 1 U 28
57 0 L 36
58 1 U 8
59 0 U 5
60 1 L 49
61 0 L 35
62 1 L 42
63 1 L 44
64 0 L 30
65 0 L 43
66 0 L 37
67 1 L 37
68 1 L 8
69 0 U 34
70 0 U 23
71 1 L -1
72 0 U 68
73 1 L 48
74 1 U 8
75 1 L -1
76 0 U 54
77 1 L 68
78 1 L 42
79 0 L 54
80 0 L 46
81 0 U -1
82 0 L 26
83 1 U 20
84 1 U 2
85 0 L 6
86 1 U 54
87 1 U 35
88 1 L -1
89 1 U 58
90 1 L 85
91 1 U 81
92 1 U 41
93 1 L 60
94 1 L 7
95 1 L 0
96 0 L 29
97 1 U 86
98 0 L 95
99
0 0 U -1
1 1 U -1
2 0 U -1
3 0 U -1
4 0 U 0
5 0 L 1
6 0 U -1
7 1 U 0
8 1 L 4
9 0 L -1
10 0 U 7
11 1 U 6
12 0 U -1
13 0 U 7
14 1 U 7
15 0 L 3
16 1 L -1
17 0 U 10
18 0 U -1
19 0 L 7
20 1 L 1
21 1 U -1
22 0 U 12
23 0 U 2
24 1 U 0
25 0 L 14
26 0 U 22
27 0 L 12
28 0 U 3
29 0 L 10
30 1 U 20
31 1 U 12
32 1 U 27
33 1 U 32
34 0 L 26
35 0 U 26
36 1 L 29
37 0 L -1
38 0 U -1
39 0 U 36
40 1 U 26
41 1 U 15
42 1 U 25
43 1 U -1
44 1 U 15
45 1 U 32
46 1 L 34
47 1 U 30
48 0 L 10
49 0 L 29
50 0 L 16
51 0 U 43
52 1 L 43
53 1 L 32
54 0 L 36
55 0 U -1
56 1 U 28
57 0 L 36
58 1 U 8
59 0 U 5
60 1 L 49
61 0 L 35
62 1 L 42
63 0 L 47
64 0 U 30
65 0 L 43
66 0 L 37
67 0 L 37
68 1 L 8
69 1 U 34
70 0 U 23
71 1 L -1
72 0 U 68
73 1 L 48
74 1 U 8
75 1 L -1
76 0 U -1
77 0 L 68
78 1 L 42
79 0 L 54
80 0 L 46
81 1 U -1
82 0 L 26
83 1 U 69
84 1 U 2
85 1 L 6
86 1 U 54
87 1 U 20
88 0 L -1
89 0 U 58
90 0 L 85
91 1 U 81
92 1 U 41
93 0 L 25
94 1 L 7
95 1 L 0
96 0 L 29
97 1 U 86
98 0 L 95
99
0 0 U -1
1 1 U -1
2 0 U -1
3 0 U -1
4 1 U 0
5 0 L 1
6 0 U -1
7 1 U 0
8 1 L 4
9 0 L -1
10 0 U 7
11 1 U 6
12 0 U -1
13 0 U 7
14 1 U 7
15 0 L 13
16 1 L -1
17 0 U 10
18 1 U -1
19 0 L 7
20 1 L 1
21 1 U -1
22 0 U 12
23 0 U 2
24 1 U 0
25 0 L 14
26 1 U 22
27 1 L 12
28 0 U 3
29 0 L 10
30 1 U 20
31 1 U 3
32 1 U 27
33 0 U 32
34 0 L 26
35 0 U 26
36 1 L 29
37 0 L -1
38 0 U -1
39 0 U 36
40 1 U 26
41 1 U 15
42 0 U 25
43 1 U -1
44 1 U 15
45 1 U 32
46 1 L 34
47 1 U 30
48 0 L 10
49 0 L 29
50 0 L 16
51 1 U 43
52 1 L 43
53 1 L 32
54 1 L 36
55 0 U -1
56 1 U 28
57 0 L 36
58 1 U 24
59 0 U 5
60 0 L 3
61 0 L 35
62 1 L 42
63 1 L 47
64 0 U 30
65 0 L 43
66 1 L 37
67 1 L 37
68 1 L 8
69 0 U 34
70 1 U 23
71 1 L -1
72 0 U 68
73 1 L 48
74 1 U 8
75 1 L -1
76 0 U -1
77 0 L 68
78 1 L 42
79 1 L 54
80 0 L 46
81 1 U -1
82 0 L 26
83 1 U 69
84 1 U 2
85 1 L 6
86 1 U 64
87 1 U 20
88 1 L -1
89 1 U 58
90 0 L 85
91 0 U 81
92 1 U 40
93 0 L 57
94 0 L 7
95 1 L 0
96 0 L 29
97 1 U 86
98 1 L 95
99
0 0 U -1
1 1 U -1
2 0 U -1
3 0 U -1
4 0 U 0
5 0 L 1
6 0 U -1
7 1 U 0
8 1 L 4
9 0 L -1
10 0 U 7
11 1 U 6
12 0 U -1
13 0 U 7
14 1 U 7
15 0 L 13
16 1 L -1
17 0 U 10
18 0 U -1
19 0 L 7
20 1 L 1
21 0 U -1
22 0 U 12
23 0 U 2
24 1 U 0
25 0 L 14
26 0 U 7
27 0 L 7
28 0 U 3
29 0 L 10
30 1 U 20
31 1 U 3
32 1 U 27
33 0 U 32
34 0 L 26
35 0 U 26
36 1 L 29
37 0 L -1
38 0 U -1
39 0 U 36
40 1 U 19
41 1 U 15
42 0 U 25
43 1 U -1
44 1 U 15
45 0 U 32
46 1 L 34
47 1 U 30
48 0 L 10
49 0 L 29
50 0 L 16
51 0 U 43
52 1 L 43
53 1 L 32
54 1 L 36
55 0 L -1
56 1 U 28
57 0 L 36
58 1 U 24
59 0 U 5
60 0 L 36
61 0 L 35
62 1 L 42
63 1 L 47
64 0 U 30
65 0 L 43
66 0 L 37
67 1 L 37
68 1 L 8
69 1 U 34
70 1 U 23
71 1 L 18
72 0 U 68
73 1 L 48
74 1 U 11
75 1 L -1
76 1 U 67
77 0 L 68
78 1 L 42
79 1 L 54
80 0 L 46
81 1 U -1
82 0 L 26
83 1 U 69
84 1 U 2
85 0 L 6
86 1 U 64
87 1 U 20
88 0 L -1
89 1 U 58
90 1 L 85
91 1 U 81
92 1 U 40
93 0 L 57
94 1 L 90
95 1 L 0
96 0 L 20
97 1 U 86
98 0 L 95
99
0 0 U -1
1 1 U -1
2 0 U -1
3 0 U -1
4 1 U 0
5 0 L 1
6 0 U -1
7 1 U 0
8 1 L 4
9 0 L -1
10 0 U 7
11 1 U 6
12 0 U -1
13 0 U 7
14 0 U 7
15 0 L 13
16 1 L -1
17 1 U 10
18 1 U -1
19 0 L 7
20 1 L 1
21 1 U -1
22 0 U 12
23 0 U 2
24 1 U 0
25 0 L 14
26 1 U 7
27 1 L 7
28 0 U 3
29 0 L 10
30 1 U 20
31 1 U 3
32 1 U 27
33 1 U 32
34 1 L 26
35 0 U 26
36 1 L 29
37 0 L -1
38 0 U -1
39 0 U 25
40 1 U 19
41 1 U 15
42 0 U 29
43 1 U -1
44 1 U 17
45 1 U 32
46 1 L 34
47 1 U 30
48 0 L 10
49 0 L 29
50 0 L 16
51 0 U 43
52 1 L 43
53 1 L 32
54 1 L 36
55 0 L -1
56 1 U 28
57 0 L 36
58 1 U 24
59 0 U 5
60 0 L 36
61 0 L 35
62 1 L 42
63 1 L 47
64 0 U 55
65 0 L 43
66 0 L 37
67 1 L 37
68 1 L 8
69 0 U 34
70 0 U 23
71 0 L 18
72 0 U 68
73 1 L 48
74 1 U 11
75 1 L -1
76 0 U 67
77 1 L 68
78 1 L 42
79 1 L 54
80 0 L 46
81 1 U -1
82 0 L 26
83 1 U 69
84 1 U 2
85 0 L 6
86 1 U 64
87 1 U 20
88 1 L -1
89 1 U 58
90 0 L 85
91 0 U 2
92 1 U 40
93 0 L 57
94 0 L 90
95 1 L 0
96 0 L 20
97 1 U 86
98 0 L 95
99
0 0 L -1
1 1 U -1
2 0 U -1
3 0 U -1
4 1 U 0
5 0 L 1
6 0 U -1
7 1 U 0
8 1 L 4
9 0 L -1
10 0 U 7
11 1 U 6
12 0 U -1
13 0 U 7
14 0 U 7
15 0 L 13
16 1 L -1
17 0 U 10
18 1 U -1
19 0 L 7
20 1 L 1
21 0 U -1
22 0 U 12
23 0 U 2
24 1 U 0
25 1 L 14
26 0 U 7
27 0 L 7
28 0 U 3
29 0 L 10
30 1 U 20
31 1 U 3
32 1 U 27
33 1 U 32
34 1 L 26
35 0 U 26
36 1 L 29
37 0 L -1
38 0 U -1
39 0 U 36
40 1 U 19
41 1 U 15
42 0 U 29
43 1 U -1
44 1 U 17
45 0 U 32
46 0 L 34
47 1 U 30
48 0 L 10
49 0 L 29
50 0 L 16
51 1 U 43
52 1 L 43
53 1 L 32
54 1 L 36
55 0 L -1
56 1 U 28
57 0 L 36
58 1 U 24
59 0 U 5
60 1 L 36
61 0 L 35
62 0 L 42
63 1 L 47
64 0 U 55
65 0 L 43
66 0 L 37
67 1 L 37
68 1 L 8
69 1 U 34
70 1 U 5
71 0 L 18
72 0 U 68
73 1 L 48
74 1 U 8
75 1 L -1
76 0 U 67
77 0 L 68
78 0 L 42
79 1 L 54
80 0 L 7
81 0 U -1
82 0 L 26
83 1 U 69
84 1 U 2
85 0 L 6
86 1 U 64
87 1 U 20
88 1 L -1
89 0 U 58
90 0 L 85
91 0 U 2
92 1 U 40
93 0 L 57
94 0 L 90
95 1 L -1
96 1 L 2
97 1 U 86
98 0 L 95
99
0 0 L -1
1 1 U -1
2 0 U -1
3 0 U -1
4 1 U 0
5 1 L 1
6 0 U -1
7 1 U 0
8 1 L 4
9 0 L -1
10 0 U 7
11 1 U 6
12 0 U -1
13 0 U 7
14 0 U 7
15 0 L 13
16 1 L -1
17 0 U 10
18 1 U -1
19 0 L 7
20 1 L 1
21 0 U -1
22 0 U 1
23 0 U 2
24 1 U 0
25 1 L 14
26 0 U 7
27 0 L 7
28 0 U 3
29 0 L 10
30 1 U 20
31 1 U 3
32 1 U 27
33 1 U 32
34 1 L 26
35 0 U 26
36 1 L 29
37 0 L -1
38 0 U -1
39 0 U 37
40 1 U 19
41 1 U 17
42 0 U 29
43 1 U -1
44 1 U 27
45 0 U 29
46 1 L 34
47 0 U 30
48 0 L 10
49 1 L 29
50 0 L 16
51 1 U 43
52 1 L 43
53 1 L 21
54 1 L 36
55 0 L -1
56 1 U 28
57 0 L 36
58 1 U 24
59 1 U 5
60 1 L 36
61 0 L 35
62 1 L 42
63 0 L 62
64 0 U 55
65 0 L 45
66 0 L 37
67 1 L 37
68 1 L 8
69 0 U 34
70 0 U 5
71 0 L 18
72 0 U 68
73 1 L 48
74 1 U 8
75 1 L -1
76 0 U 67
77 0 L 68
78 1 L 61
79 1 L 54
80 0 L 7
81 1 U -1
82 0 L 26
83 1 U 69
84 1 U 2
85 0 L 6
86 1 U 64
87 1 U 20
88 1 L -1
89 1 U 58
90 0 L 85
91 1 U 2
92 1 U 37
93 0 L 57
94 0 L 90
95 1 L -1
96 0 L 2
97 1 U 86
98 1 L 95
99
0 0 U -1
1 1 U -1
2 0 U -1
3 0 U -1
4 1 U 0
5 1 L 1
6 0 U -1
7 1 U 0
8 1 L 4
9 0 L -1
10 0 U 7
11 1 U 6
12 0 U -1
13 0 U 7
14 0 U 7
15 0 L 3
16 1 L -1
17 0 U 10
18 1 U -1
19 0 L 7
20 1 L 1
21 0 U -1
22 0 U 1
23 0 U 18
24 1 U 0
25 0 L 14
26 1 U 7
27 0 L 7
28 0 U 3
29 0 L 10
30 1 U 20
31 1 U 3
32 1 U 27
33 1 U 32
34 1 L 26
35 0 U 26
36 1 L 29
37 0 L -1
38 1 U -1
39 0 U 37
40 1 U 19
41 1 U 17
42 0 U 29
43 1 U -1
44 1 U 27
45 0 U 29
46 1 L 39
47 0 U 30
48 0 L 10
49 0 L 29
50 0 L 16
51 0 U 12
52 1 L 43
53 1 L 32
54 1 L 36
55 0 L -1
56 1 U 28
57 0 L 36
58 1 U 24
59 0 U 31
60 0 L 36
61 0 L 35
62 0 L 42
63 0 L 36
64 1 U 55
65 1 L 45
66 0 L 37
67 0 L 37
68 0 L 8
69 0 U 34
70 0 U 5
71 0 L 18
72 1 U 68
73 1 L 48
74 1 U 8
75 1 L -1
76 0 U 67
77 1 L 5
78 1 L 61
79 1 L 54
80 0 L 7
81 0 U -1
82 0 L 26
83 1 U 69
84 0 U 2
85 1 L 6
86 0 U 64
87 1 U 20
88 0 L -1
89 1 U 58
90 1 L 85
91 1 U 43
92 1 U 37
93 0 L 57
94 0 L 90
95 1 L -1
96 0 L 2
97 0 U 86
98 0 L 95
99
0 0 L -1
1 1 U -1
2 0 U -1
3 0 U -1
4 1 U 0
5 1 L 1
6 0 U -1
7 1 U 0
8 1 L 4
9 0 L -1
10 0 U 7
11 1 U 6
12 0 U -1
13 0 U 7
14 0 U 7
15 0 L 3
16 1 L -1
17 0 U 13
18 1 U -1
19 0 L 7
20 1 L 1
21 0 U -1
22 0 U 12
23 0 U 18
24 1 U 0
25 0 L 14
26 1 U 7
27 0 L 7
28 0 U 0
29 0 L 10
30 1 U 20
31 1 U 3
32 1 U 27
33 1 U 32
34 1 L 26
35 0 U 26
36 1 L 29
37 0 L -1
38 0 U -1
39 0 U 37
40 0 U 19
41 0 U 17
42 0 U 29
43 1 U -1
44 1 U 27
45 1 U 29
46 1 L 39
47 0 U 30
48 0 L 10
49 0 L 29
50 0 L 16
51 0 U 12
52 1 L 43
53 1 L 32
54 1 L 36
55 0 L -1
56 1 U -1
57 0 L 36
58 1 U 24
59 1 U 31
60 0 L 36
61 0 L 35
62 0 L 42
63 0 L 36
64 0 U 55
65 1 L 45
66 0 L 37
67 1 L 37
68 0 L 8
69 1 U 34
70 1 U 5
71 0 L 18
72 1 U 68
73 1 L 48
74 1 U 28
75 1 L -1
76 0 U 47
77 1 L 5
78 1 L 61
79 0 L 54
80 0 L 7
81 0 U -1
82 0 L 26
83 1 U 69
84 1 U 2
85 1 L 6
86 0 U 64
87 1 U 20
88 0 L -1
89 1 U 58
90 1 L 85
91 0 U 43
92 1 U 37
93 0 L 57
94 0 L 90
95 0 L -1
96 0 L 2
97 0 U 86
98 0 L 95
99
0 0 L -1
1 1 U -1
2 0 U -1
3 0 U -1
4 0 U 0
5 1 L 1
6 0 U -1
7 1 U 0
8 1 L 4
9 0 L -1
10 0 U 7
11 1 U 6
12 0 U -1
13 0 U 7
14 0 U 7
15 0 L 3
16 1 L -1
17 0 U 13
18 1 U -1
19 0 L 7
20 1 L 1
21 1 U -1
22 0 U 3
23 0 U 18
24 1 U 0
25 0 L 14
26 0 U 7
27 0 L 7
28 0 U 0
29 0 L 10
30 1 U 20
31 1 U 3
32 1 U 27
33 1 U 32
34 1 U 26
35 1 U 26
36 1 L 29
37 0 L -1
38 0 U -1
39 0 U 37
40 0 U 19
41 1 U 17
42 0 U 29
43 1 U -1
44 1 U 27
45 1 U 44
46 0 L 39
47 0 U 30
48 0 L 10
49 0 L 29
50 0 L 16
51 0 U 12
52 1 L 43
53 1 L 32
54 1 L 36
55 0 L -1
56 1 U -1
57 0 L 36
58 1 U 24
59 0 U 31
60 1 L 3
61 0 L 35
62 0 L 42
63 0 L 36
64 0 U 55
65 1 L 31
66 1 L 55
67 1 L 37
68 0 L 8
69 0 U 14
70 0 U 5
71 0 L 18
72 0 U 68
73 1 L 48
74 1 U 24
75 1 L -1
76 0 U 71
77 0 L 5
78 1 L 61
79 1 L 54
80 0 L 12
81 0 U -1
82 0 L 33
83 1 U 35
84 1 U 2
85 0 L 6
86 0 U 42
87 1 U 20
88 1 L -1
89 1 U 58
90 1 L 85
91 0 U 12
92 1 U 37
93 0 L 57
94 0 L 90
95 1 L -1
96 0 L 2
97 0 U 86
98 0 L 95
99
0 0 L -1
1 1 U -1
2 0 U -1
3 0 U -1
4 0 U 0
5 1 L 1
6 0 U -1
7 1 U 0
8 1 L 4
9 0 L -1
10 0 U 7
11 1 U 6
12 0 U -1
13 0 U 7
14 0 U 7
15 0 L 3
16 1 L -1
17 0 U 13
18 1 U -1
19 0 L 7
20 1 L 1
21 1 U -1
22 0 U 3
23 0 U 2
24 1 U 0
25 0 L 14
26 1 U 7
27 0 L 7
28 0 U 0
29 0 L 10
30 1 U 20
31 1 U 3
32 1 U 27
33 1 U 32
34 1 L 23
35 1 U 26
36 1 L 29
37 0 L -1
38 1 U -1
39 0 U 37
40 0 U 19
41 1 U 17
42 0 U 29
43 1 U -1
44 1 U 27
45 0 U 29
46 0 L 39
47 0 U 30
48 0 L 10
49 0 L 29
50 0 L 16
51 0 U 12
52 1 L 43
53 1 L 32
54 1 L 36
55 0 L -1
56 1 U -1
57 0 L 36
58 1 U 24
59 0 U 31
60 1 L 3
61 0 L 35
62 0 L 42
63 0 L 36
64 0 U 55
65 1 L 31
66 0 L 55
67 0 L 37
68 1 L 8
69 0 U 14
70 0 U 51
71 0 L 18
72 1 U 68
73 1 L 48
74 1 U 51
75 1 L -1
76 0 U 71
77 0 L 5
78 1 L 61
79 0 L 54
80 0 L 12
81 1 U -1
82 0 L 33
83 1 U 35
84 1 U 2
85 0 L 6
86 0 U 42
87 1 U 20
88 1 L -1
89 0 U 58
90 1 L 85
91 1 U 38
92 1 U 37
93 0 L 57
94 0 L 90
95 1 L -1
96 1 L 2
97 0 U 86
98 0 L 95
99
0 0 U -1
1 1 U -1
2 0 U -1
3 0 U -1
4 0 U 0
5 1 L 1
6 0 U -1
7 1 U 0
8 1 L 4
9 0 L -1
10 0 U 7
11 1 U 6
12 0 U -1
13 0 U 7
14 0 U 7
15 0 L 3
16 1 L -1
17 0 U 13
18 1 U -1
19 0 L 7
20 1 L 1
21 1 U -1
22 0 U 3
23 0 U 2
24 1 U 0
25 0 L 14
26 1 U 7
27 0 L 17
28 0 U 0
29 0 L 10
30 1 U 20
31 1 U 3
32 1 U 27
33 1 U 32
34 0 L 23
35 1 U 26
36 1 L 29
37 0 L -1
38 0 U -1
39 0 U 37
40 1 U 19
41 1 U 17
42 0 U 29
43 1 U -1
44 1 U 27
45 0 U 32
46 0 L 39
47 0 U 30
48 0 L 10
49 0 L 29
50 0 L 16
51 0 U 3
52 1 L 43
53 1 L 21
54 1 L 36
55 0 L -1
56 1 U -1
57 0 L 36
58 1 U 31
59 1 U 31
60 0 L 3
61 1 L 35
62 1 L 42
63 1 L 36
64 0 U 55
65 1 L 31
66 1 L 55
67 1 L 37
68 1 L 8
69 0 U 14
70 0 U 51
71 0 U 18
72 1 U 68
73 1 L 48
74 1 U 51
75 1 L -1
76 1 U 71
77 0 L 5
78 0 L 61
79 0 L 25
80 0 L 12
81 0 U -1
82 1 L 33
83 1 U 35
84 1 U 2
85 0 L 6
86 0 U 42
87 1 U 20
88 1 L -1
89 1 U 58
90 1 L 85
91 1 U 89
92 1 U 66
93 0 L 57
94 0 L 90
95 1 L -1
96 1 L 2
97 0 U 86
98 0 L 95
99
0 0 U -1
1 1 U -1
2 0 U -1
3 0 U -1
4 1 U 0
5 1 L 1
6 0 U -1
7 1 U 0
8 1 L 4
9 0 L -1
10 0 U 7
11 1 U 6
12 0 U -1
13 0 U 7
14 0 U 7
15 0 L 3
16 1 L -1
17 0 U 13
18 1 U -1
19 0 L 7
20 1 L 1
21 0 U -1
22 0 U 3
23 0 U 2
24 1 U 1
25 0 L 14
26 1 U 7
27 0 L 17
28 0 U 0
29 0 L 10
30 1 U 20
31 1 U 3
32 1 U 27
33 1 U 32
34 1 L 23
35 1 U 26
36 1 L 29
37 0 L -1
38 1 U -1
39 0 U 37
40 0 U 19
41 1 U 17
42 0 U 29
43 1 U -1
44 1 U 27
45 0 U 30
46 0 L 39
47 0 U 30
48 0 L 10
49 0 L 29
50 0 L 16
51 0 U 3
52 1 L 43
53 1 L 21
54 1 L 36
55 0 L -1
56 1 U -1
57 0 L 36
58 1 U 31
59 0 U 31
60 1 L 3
61 1 L 35
62 0 L 42
63 0 L 3
64 0 U 55
65 1 L 31
66 1 L 55
67 0 L 37
68 0 L 8
69 0 U 14
70 0 U 22
71 1 U 18
72 0 U 68
73 1 L 48
74 1 L 22
75 1 L -1
76 1 U 71
77 0 L 5
78 0 L 61
79 0 L 25
80 0 L 12
81 1 U -1
82 1 L 33
83 1 U 35
84 1 U 2
85 0 L 6
86 0 U 42
87 1 U 20
88 1 L -1
89 1 U 58
90 1 L 85
91 0 U 89
92 1 U 66
93 0 L 57
94 0 L 90
95 1 L -1
96 0 L 2
97 0 U 46
98 0 L 95
99
0 0 U -1
1 1 U -1
2 0 U -1
3 0 U -1
4 1 U 0
5 1 L 1
6 0 U -1
7 1 U 0
8 1 L 4
9 0 L -1
10 0 U 7
11 1 U 6
12 0 U -1
13 0 U 7
14 0 U 7
15 0 L 3
16 1 L -1
17 0 U 13
18 1 U -1
19 0 L 7
20 1 L 1
21 0 U -1
22 0 U 21
23 0 U 2
24 1 U 12
25 0 L 14
26 0 U 7
27 1 L 17
28 0 U 3
29 0 L 10
30 1 U 20
31 1 U 3
32 1 U 27
33 1 U 32
34 1 L 23
35 1 U 26
36 1 L 29
37 0 L -1
38 1 U -1
39 0 U 37
40 0 U 19
41 0 U 17
42 0 U 29
43 1 U -1
44 1 U 15
45 0 U 30
46 0 L 39
47 0 U 30
48 0 L 10
49 0 L 29
50 0 L 16
51 1 U 3
52 1 L 43
53 1 L 21
54 1 L 36
55 0 L -1
56 1 U -1
57 0 L 36
58 1 U 31
59 1 U 31
60 0 L 3
61 0 L 35
62 0 L 42
63 0 L 27
64 0 U 55
65 1 L 31
66 1 L 55
67 1 L 37
68 1 L 8
69 0 U 14
70 0 U 8
71 1 U 18
72 1 U 68
73 1 L 48
74 1 L 22
75 1 L -1
76 1 U 71
77 0 L 5
78 1 L 61
79 1 L 25
80 0 L 12
81 1 U -1
82 1 L 33
83 1 U 35
84 1 U 3
85 0 L 6
86 1 U 42
87 1 U 20
88 0 L -1
89 0 U 58
90 1 L 85
91 0 U 89
92 1 U 66
93 0 L 57
94 0 L 90
95 1 L -1
96 0 L 2
97 0 U 46
98 1 L 95
99
0 0 U -1
1 1 U -1
2 0 U -1
3 0 U -1
4 0 U 0
5 1 L 1
6 0 U -1
7 1 U 0
8 1 L 4
9 0 L -1
10 0 U 7
11 1 U 3
12 0 U -1
13 0 U 7
14 0 U 7
15 0 L 3
16 1 L -1
17 0 U 10
18 1 U -1
19 0 U 7
20 1 L 1
21 0 U -1
22 0 U 21
23 0 U 2
24 1 U 0
25 0 L 14
26 0 U 7
27 0 L 17
28 0 U 4
29 0 L 10
30 1 U 20
31 1 U 3
32 1 U 27
33 1 U 32
34 1 L 23
35 0 U 26
36 1 L 29
37 0 L -1
38 0 U -1
39 0 U 35
40 0 U 28
41 0 U 17
42 0 U 29
43 1 U -1
44 1 U 20
45 0 U 30
46 0 L 39
47 0 U 30
48 0 L 10
49 0 L 29
50 0 L 16
51 0 U 3
52 1 L 43
53 1 L 21
54 1 L 36
55 0 L -1
56 1 U -1
57 0 L 36
58 1 U 7
59 1 U 11
60 0 L 3
61 0 L 35
62 0 L 42
63 0 L 27
64 0 U 55
65 1 L 31
66 1 L 55
67 0 L 37
68 0 L 8
69 0 U 14
70 1 U 8
71 1 U 18
72 0 U 68
73 1 L 48
74 1 L 22
75 1 L -1
76 1 U 71
77 0 L 68
78 1 L 61
79 0 L 25
80 0 L 12
81 0 U -1
82 1 L 33
83 1 U 35
84 1 U 3
85 0 L 6
86 0 U 42
87 1 U 20
88 0 L -1
89 1 U 58
90 1 L 85
91 0 U 89
92 1 U 66
93 0 L 57
94 0 L 90
95 0 L -1
96 0 L 2
97 0 U 46
98 0 L 88
99
0 0 U -1
1 1 U -1
2 0 U -1
3 0 U -1
4 0 U 0
5 0 L 1
6 0 U -1
7 1 U 0
8 1 L 4
9 0 L -1
10 0 U 7
11 1 U 0
12 0 U -1
13 0 U 7
14 0 U 7
15 0 L 3
16 1 L -1
17 0 U 10
18 1 U -1
19 0 U 7
20 1 L 16
21 0 U -1
22 0 U 12
23 0 U 2
24 1 U 12
25 0 L 14
26 1 U 7
27 0 L 17
28 0 U 4
29 0 L 10
30 1 U 20
31 0 U 3
32 1 U 27
33 1 U 32
34 0 L 23
35 0 U 26
36 1 L 29
37 0 L -1
38 0 U -1
39 0 U 35
40 0 U 14
41 1 U 17
42 0 U 29
43 1 U -1
44 0 U 20
45 1 U 30
46 0 L 39
47 0 U 30
48 0 L 10
49 0 L 29
50 0 U 16
51 1 U 3
52 0 L 43
53 1 L 21
54 1 L 36
55 0 L -1
56 1 U -1
57 0 L 36
58 1 U 22
59 1 U 24
60 1 L 3
61 0 L 35
62 1 L 42
63 0 L 27
64 0 U 55
65 1 L 31
66 1 L 55
67 0 L 37
68 0 L 8
69 0 U 14
70 1 U 8
71 0 U 18
72 1 U 68
73 1 L 48
74 1 L 22
75 1 L -1
76 1 U 71
77 0 L 68
78 0 L 61
79 1 L 15
80 0 L 12
81 0 U -1
82 0 L 33
83 1 U 35
84 1 U 3
85 0 L 6
86 0 U 42
87 1 U 20
88 0 L -1
89 1 U 58
90 1 L 85
91 0 U 89
92 1 U 66
93 0 L 57
94 0 L 90
95 1 L -1
96 0 L 13
97 0 U 46
98 1 L 88
99
0 0 L -1
1 1 U -1
2 0 U -1
3 0 U -1
4 1 U 0
5 1 L 1
6 0 U -1
7 1 U 0
8 1 L 4
9 0 L -1
10 0 U 7
11 1 U 0
12 0 U -1
13 0 U 7
14 0 U 7
15 0 L 3
16 1 L -1
17 0 U 13
18 1 U -1
19 0 U 7
20 1 L 16
21 0 U -1
22 1 U 12
23 0 U 2
24 1 U 12
25 0 L 14
26 1 U 7
27 0 L 17
28 0 U 4
29 0 L 10
30 1 U 20
31 0 U 3
32 1 U 27
33 1 U 32
34 0 L 23
35 1 U 26
36 1 L 29
37 0 L -1
38 1 U -1
39 0 U 35
40 0 U 14
41 1 U 17
42 0 U 29
43 1 U -1
44 0 U 35
45 1 U 30
46 0 L 39
47 0 U 30
48 0 L 10
49 0 L 29
50 0 U 16
51 1 U 3
52 1 L 43
53 1 L 21
54 1 L 36
55 0 L -1
56 1 U -1
57 0 L 36
58 1 U 22
59 1 U 24
60 0 L 3
61 0 L 35
62 1 L 42
63 0 L 27
64 0 U 55
65 1 L 31
66 1 L 55
67 1 L 37
68 0 L 8
69 0 U 14
70 1 U 8
71 1 U 56
72 1 U 68
73 1 L 48
74 1 L 22
75 1 L -1
76 0 U 71
77 0 L 68
78 0 L 61
79 1 L 15
80 0 L 12
81 1 U -1
82 1 L 33
83 1 U 35
84 1 U 3
85 0 L 6
86 0 U 42
87 1 U 20
88 0 L -1
89 1 U 58
90 1 L 85
91 1 U 89
92 1 U 66
93 0 L 57
94 0 L 90
95 1 L -1
96 0 L 13
97 0 U 46
98 0 L 88
99
0 0 L -1
1 0 U -1
2 0 U -1
3 0 U -1
4 0 U 0
5 0 L 1
6 0 U -1
7 1 U 0
8 1 L 4
9 0 L -1
10 0 U 7
11 1 U 0
12 0 U -1
13 0 U 7
14 0 U 7
15 0 L 3
16 1 L -1
17 0 U 10
18 1 U -1
19 0 U 7
20 1 L 16
21 0 U -1
22 0 U 12
23 0 U 2
24 1 U 12
25 0 L 14
26 0 U 22
27 0 L 17
28 0 U 4
29 0 L 10
30 1 U 20
31 0 U 3
32 1 U 27
33 1 U 32
34 0 L 23
35 0 U 26
36 1 L 29
37 0 L -1
38 0 U -1
39 0 U 35
40 0 U 14
41 1 U 40
42 0 U 29
43 1 U -1
44 1 U 35
45 1 U 30
46 0 L 39
47 0 U 30
48 0 L 10
49 0 L 29
50 0 U 16
51 0 U 3
52 1 L 43
53 1 L 21
54 1 L 36
55 0 L -1
56 1 U -1
57 0 L 36
58 1 U 22
59 0 U 24
60 0 L 3
61 0 L 35
62 1 L 42
63 0 L 27
64 0 U 55
65 1 L 31
66 0 L 55
67 1 L 37
68 0 L 8
69 0 U 59
70 1 U 8
71 0 U 56
72 1 U 68
73 1 L 48
74 1 L 22
75 1 L -1
76 0 U 71
77 1 L 68
78 0 L 61
79 1 L 25
80 0 L 12
81 1 U -1
82 0 L 33
83 1 U 35
84 1 U 3
85 0 L 6
86 1 U 42
87 1 U 20
88 0 L -1
89 1 U 58
90 1 L 85
91 0 U 89
92 1 U 66
93 0 L 57
94 0 L 90
95 1 L -1
96 0 L 13
97 1 U 88
98 0 L 8
99
0 0 U -1
1 0 U -1
2 0 U -1
3 0 U -1
4 0 U 0
5 1 L 3
6 0 U 1
7 1 U 0
8 1 L 4
9 0 L -1
10 0 U 7
11 1 U 3
12 0 U -1
13 0 U 7
14 0 U 7
15 0 L 13
16 1 L -1
17 0 U 7
18 1 U -1
19 0 U 7
20 1 L 8
21 0 U -1
22 0 U 3
23 0 U 2
24 1 U 12
25 0 L 14
26 0 U 22
27 0 L 17
28 0 U 4
29 0 L 10
30 1 U 20
31 0 U 3
32 1 U 27
33 1 U 32
34 0 L 21
35 0 U 26
36 1 L 29
37 0 L -1
38 0 U -1
39 0 U 35
40 0 U 14
41 1 U 37
42 0 U 29
43 1 U -1
44 1 U 35
45 1 U 29
46 0 L 39
47 0 U 30
48 0 L 10
49 0 L 29
50 0 U 16
51 1 U 3
52 1 L 43
53 1 L 21
54 1 L 36
55 0 L -1
56 1 U -1
57 0 L 36
58 1 U 22
59 0 U 24
60 0 L 3
61 0 L 35
62 1 L 42
63 0 L 27
64 0 U 55
65 1 L 31
66 0 L 55
67 0 L 37
68 0 L 8
69 0 U 59
70 0 U 8
71 0 U 56
72 1 U 68
73 1 L 48
74 1 L 22
75 1 L -1
76 0 U 71
77 1 L 68
78 0 L 24
79 0 L 25
80 0 L 12
81 1 U -1
82 1 L 33
83 1 U 35
84 1 U 3
85 0 L 6
86 1 U 42
87 1 U 20
88 0 L -1
89 1 U 58
90 1 L 85
91 0 U 89
92 1 U 66
93 0 L 57
94 0 L 90
95 0 L -1
96 0 L 73
97 1 U 88
98 1 L 68
99
0 0 L -1
1 0 U -1
2 0 U -1
3 0 U -1
4 1 U 0
5 0 L 1
6 0 U -1
7 1 U 0
8 1 L 4
9 0 L -1
10 0 U 7
11 1 U 3
12 0 U -1
13 0 U 7
14 0 U 7
15 0 L 3
16 1 L -1
17 0 U 7
18 1 U -1
19 0 U 7
20 1 L 8
21 0 U -1
22 0 U 3
23 0 U 21
24 1 U 12
25 0 L 14
26 1 U 22
27 0 L 17
28 0 U 4
29 0 L 10
30 1 U 20
31 0 U 3
32 1 U 27
33 1 U 32
34 1 L 21
35 0 U 28
36 1 L 29
37 0 L -1
38 0 U -1
39 0 U 35
40 0 U 14
41 1 U 35
42 0 U 29
43 1 U -1
44 0 U 35
45 1 U 29
46 0 L 39
47 0 U 30
48 0 L 10
49 0 L 29
50 0 U 16
51 0 U 3
52 0 L 43
53 1 L 21
54 1 L 36
55 0 L -1
56 1 U -1
57 0 L 49
58 1 U 22
59 0 U 11
60 1 L 3
61 0 L 23
62 1 L 42
63 0 L 27
64 0 U 55
65 1 L 31
66 0 L 55
67 1 L 37
68 0 L 8
69 0 U 59
70 0 U 8
71 0 U 56
72 1 U 68
73 1 L 48
74 1 L 22
75 1 L -1
76 0 U 71
77 0 L 1
78 0 L 24
79 1 L 25
80 0 L 12
81 1 U -1
82 0 L 33
83 1 U 35
84 1 U 3
85 0 L 6
86 1 U 42
87 1 U 20
88 0 L -1
89 1 U 58
90 1 L 17
91 0 U 89
92 1 U 66
93 0 L 57
94 0 L 90
95 1 L -1
96 0 L 73
97 1 U 88
98 1 L 68
99
0 0 L -1
1 0 U -1
2 0 U -1
3 0 U -1
4 1 U 0
5 0 L 1
6 0 U -1
7 1 U 0
8 1 L 4
9 0 L -1
10 0 U 7
11 1 U 3
12 0 U -1
13 0 U 7
14 0 U 7
15 0 L 3
16 1 L -1
17 0 U 10
18 1 U -1
19 0 U 7
20 0 L 8
21 0 U -1
22 0 U 3
23 0 U 21
24 1 U 0
25 0 L 14
26 0 U 22
27 0 L 17
28 0 U 4
29 0 L 10
30 1 U 20
31 0 U 3
32 1 U 27
33 1 U 32
34 0 L 33
35 0 U 26
36 1 L 29
37 0 L -1
38 0 U -1
39 0 U 35
40 0 U 14
41 1 L 35
42 0 U 30
43 1 U -1
44 1 U 40
45 1 U 29
46 0 L 39
47 0 U 30
48 0 L 10
49 0 L 29
50 0 U 16
51 0 U 3
52 1 L 43
53 1 L 21
54 1 L 36
55 0 L -1
56 1 U -1
57 0 L 36
58 1 U 51
59 0 U 11
60 1 L 3
61 0 L 23
62 0 L 42
63 0 L 27
64 0 U 55
65 1 L 31
66 1 L 55
67 1 L 37
68 1 L 8
69 0 U 26
70 0 U 8
71 0 U 56
72 1 U 68
73 1 L 48
74 1 L 22
75 1 L -1
76 0 U 71
77 1 L 1
78 0 L 24
79 1 L 25
80 0 L 12
81 1 U -1
82 0 L 33
83 1 U 35
84 1 U 3
85 0 L 6
86 0 U 42
87 1 U 20
88 0 L -1
89 1 U 58
90 1 L 85
91 1 U 89
92 1 U 66
93 0 L 57
94 0 L 90
95 1 L -1
96 0 L 73
97 1 U 86
98 1 L 68
99
0 0 L -1
1 1 U -1
2 0 U -1
3 0 U -1
4 1 U 0
5 1 L 1
6 0 U -1
7 1 U 0
8 1 L 4
9 0 L -1
10 0 U 7
11 1 U 3
12 0 U -1
13 0 U 7
14 0 U 7
15 0 L 3
16 1 L -1
17 0 U 14
18 1 U -1
19 0 U 7
20 0 L 8
21 0 U -1
22 0 U 3
23 0 U 21
24 1 U 3
25 0 L 14
26 1 U 22
27 0 L 17
28 0 U 4
29 0 L 10
30 1 U 20
31 0 U 3
32 1 U 27
33 1 U 32
34 0 L 29
35 0 U 28
36 1 L 29
37 0 L -1
38 1 U -1
39 0 U 35
40 0 U 14
41 1 U 35
42 0 U 30
43 1 U -1
44 0 U 17
45 1 U 29
46 0 L 39
47 0 U 30
48 0 L 10
49 0 L 29
50 0 U 16
51 0 U 3
52 1 L 43
53 1 L 21
54 1 L 36
55 0 L -1
56 1 U -1
57 0 L 36
58 1 U 51
59 0 U 11
60 1 L 3
61 0 L 23
62 0 L 42
63 0 L 27
64 0 U 55
65 1 L 31
66 1 L 55
67 0 L 37
68 1 L 8
69 0 U 19
70 0 U 8
71 0 U 56
72 0 U 68
73 1 L 48
74 1 L 22
75 1 L -1
76 1 U 71
77 0 L 1
78 0 L 24
79 1 L 25
80 0 L 12
81 0 U -1
82 0 L 33
83 1 U 35
84 1 U 3
85 0 L 6
86 1 U 42
87 1 U 20
88 0 L -1
89 1 U 58
90 1 L 85
91 1 U 89
92 1 U 66
93 0 L 57
94 0 L 90
95 1 L -1
96 1 L 73
97 0 U 86
98 1 L 68
99
0 0 L -1
1 1 U -1
2 0 U -1
3 0 U -1
4 1 U 0
5 1 L 1
6 0 U -1
7 1 U 0
8 1 L 4
9 0 L -1
10 0 U 7
11 1 U 0
12 0 U -1
13 0 U 7
14 0 U 7
15 0 L 3
16 1 L -1
17 0 U 14
18 1 U -1
19 0 U 7
20 0 L 8
21 0 U -1
22 0 U 1
23 0 U 2
24 1 U 3
25 0 L 14
26 1 U -1
27 0 L 17
28 0 U 4
29 0 L 10
30 1 U 20
31 0 U 3
32 1 U 27
33 1 U 32
34 0 L 29
35 0 U 28
36 1 L 29
37 0 L -1
38 0 U -1
39 0 U 35
40 0 U 14
41 0 U 35
42 0 U 30
43 1 U -1
44 1 U 17
45 1 U 29
46 0 L 39
47 0 U 30
48 0 L 10
49 0 L 29
50 0 U 16
51 0 U 3
52 1 L 43
53 1 L 21
54 1 L 36
55 0 L -1
56 1 U -1
57 0 L 36
58 1 U 51
59 1 U 11
60 0 L 3
61 0 L 23
62 0 L 42
63 0 L 27
64 0 U 55
65 1 L 31
66 1 L 55
67 1 L 37
68 0 L 8
69 0 U 19
70 0 U 8
71 1 U 56
72 1 U 68
73 1 L 48
74 1 L 22
75 1 L -1
76 0 U 71
77 0 L 1
78 0 L 24
79 0 L 25
80 0 L 12
81 1 U -1
82 0 L 33
83 1 U 35
84 1 U 3
85 0 L 6
86 0 U 42
87 1 U 20
88 0 L -1
89 1 U 58
90 1 L 85
91 1 U 89
92 1 U 66
93 0 L 57
94 0 L 90
95 1 L -1
96 0 L 73
97 1 U 86
98 1 L 68
99
0 0 L -1
1 1 U -1
2 0 U -1
3 0 U -1
4 1 U 0
5 0 L 1
6 0 U -1
7 1 U 0
8 1 L 4
9 0 L -1
10 0 U 7
11 1 U 0
12 0 U -1
13 0 U 7
14 0 U 7
15 0 L 3
16 1 L -1
17 0 U 10
18 1 U -1
19 0 U 7
20 0 L 8
21 0 U -1
22 0 U 12
23 0 U 2
24 1 U 3
25 0 L 14
26 0 U -1
27 0 L 17
28 0 U 4
29 0 L 10
30 1 U 20
31 0 U 3
32 1 U 27
33 1 U 32
34 0 L 29
35 0 U 28
36 1 L 29
37 0 L -1
38 1 U -1
39 0 U 35
40 0 U 14
41 1 U 34
42 0 U 30
43 1 U -1
44 0 U 17
45 1 U 29
46 0 L 39
47 0 U 39
48 0 L 10
49 0 L 29
50 0 U 16
51 0 U 3
52 0 L 43
53 1 L 21
54 1 L 36
55 0 L -1
56 1 U -1
57 0 L 36
58 1 U 51
59 0 U 11
60 0 L 3
61 0 L 23
62 1 L 42
63 0 L 27
64 1 U 55
65 1 L 31
66 1 L 55
67 1 L 37
68 1 L 8
69 0 U 19
70 0 U 8
71 0 U 56
72 0 U 52
73 1 L 48
74 1 L 22
75 1 L -1
76 0 U 71
77 1 L 1
78 0 L 24
79 1 L 25
80 0 L 12
81 1 U -1
82 0 L 33
83 1 U 35
84 1 U 3
85 0 L 6
86 1 U 42
87 1 U 20
88 0 L -1
89 1 U 58
90 1 L 85
91 1 U 89
92 1 U 66
93 0 L 57
94 0 L 90
95 1 L -1
96 0 L 73
97 0 U 86
98 1 L 68
99
0 0 U -1
1 0 U -1
2 0 U -1
3 0 U -1
4 1 U 0
5 0 L 1
6 0 U -1
7 1 U 0
8 1 L 4
9 0 L -1
10 0 U 7
11 1 U 3
12 0 U -1
13 0 U 7
14 0 U 7
15 0 L 3
16 1 L -1
17 0 U 9
18 1 U -1
19 0 U 7
20 1 L 9
21 0 U -1
22 0 U 1
23 0 U 0
24 1 U 0
25 1 L 14
26 1 U -1
27 0 L 17
28 0 U 4
29 0 L 10
30 1 U 20
31 0 U 3
32 1 U 27
33 1 U 32
34 1 L 29
35 0 U 28
36 1 L 29
37 0 L -1
38 1 U -1
39 0 U 35
40 1 U 19
41 1 U 34
42 0 U 30
43 1 U -1
44 0 U 40
45 1 U 29
46 0 L 39
47 0 U 39
48 0 L 10
49 0 L 29
50 0 U 16
51 0 U 3
52 1 L 43
53 1 L 21
54 1 L 36
55 0 L -1
56 1 U -1
57 0 L 36
58 1 U 51
59 0 U 11
60 1 L 3
61 0 L 23
62 0 L 42
63 0 L 27
64 1 U 55
65 1 L 31
66 0 L 55
67 1 L 37
68 0 L 8
69 0 U 19
70 0 U 8
71 0 U 56
72 0 U 52
73 1 L 48
74 1 L 22
75 1 L -1
76 0 U 64
77 1 L 1
78 0 L 24
79 0 L 25
80 0 L 12
81 1 U -1
82 0 L 33
83 1 U 35
84 1 U 3
85 0 L 6
86 0 U 42
87 1 U 20
88 0 L -1
89 1 U 58
90 1 L 85
91 1 U 89
92 0 U 91
93 0 L 57
94 0 L 90
95 0 L -1
96 0 L 73
97 0 U 86
98 1 L 68
99
0 0 U -1
1 0 U -1
2 0 U -1
3 0 U -1
4 1 U 0
5 1 L 1
6 0 U 2
7 1 U 0
8 1 L 4
9 0 L -1
10 0 U 7
11 1 U 3
12 0 U -1
13 0 U 7
14 0 U 7
15 0 L 5
16 1 L -1
17 1 U 14
18 1 U -1
19 0 U 7
20 1 L 9
21 0 U -1
22 0 U 21
23 0 U 1
24 1 U 0
25 0 L 14
26 0 U -1
27 0 L 17
28 0 U 4
29 0 L 10
30 1 U 20
31 0 U 0
32 1 U 27
33 1 U 32
34 1 L 29
35 0 U 14
36 1 L 29
37 0 L -1
38 1 U -1
39 0 U 35
40 1 U 19
41 1 U 34
42 0 U 30
43 1 U -1
44 0 U 40
45 1 U 29
46 0 L 39
47 0 U 39
48 0 L 10
49 0 L 29
50 1 U 16
51 0 U 3
52 1 L 43
53 1 L 21
54 1 L 36
55 0 L -1
56 0 U -1
57 0 L 34
58 1 U 51
59 1 U 11
60 1 L 3
61 0 L 23
62 0 L 42
63 0 L 18
64 1 U 55
65 1 L 31
66 0 L 16
67 0 L 37
68 0 L 8
69 0 U 14
70 1 U 23
71 1 U 56
72 1 U 52
73 1 L 48
74 1 L 22
75 1 L -1
76 1 U 67
77 0 L 1
78 0 L 24
79 1 L 25
80 0 L 12
81 1 U -1
82 0 L 33
83 1 U 35
84 0 U 3
85 0 L 6
86 0 U 42
87 0 U 20
88 0 L -1
89 1 U 58
90 1 L 85
91 1 U 89
92 0 U 91
93 0 L 57
94 0 L 90
95 1 L -1
96 1 L 3
97 0 U 86
98 1 L 68
99
0 0 L -1
1 0 U -1
2 0 U -1
3 0 U -1
4 1 U 0
5 1 L 3
6 0 U 1
7 1 U 0
8 1 L 4
9 0 L -1
10 0 U 7
11 1 U 3
12 0 U -1
13 0 U 7
14 0 U 7
15 0 L 3
16 1 L -1
17 1 U 14
18 1 U -1
19 0 U 7
20 1 L 16
21 0 U -1
22 0 U 3
23 0 U 1
24 1 U 0
25 0 L 14
26 1 U -1
27 0 L 17
28 0 U 4
29 0 L 10
30 1 U 20
31 0 U 3
32 1 U 27
33 1 U 32
34 1 L 29
35 0 U 14
36 1 L 29
37 0 L -1
38 1 U -1
39 0 U 35
40 1 U 28
41 1 U 34
42 0 U 41
43 1 U -1
44 0 U 40
45 1 U 29
46 0 L 39
47 0 U 39
48 0 L 10
49 0 L 29
50 1 U 16
51 0 U 3
52 1 L 43
53 1 L 21
54 1 L 36
55 0 L -1
56 1 U -1
57 0 L 34
58 1 U 51
59 1 U 51
60 0 L 3
61 0 L 23
62 0 L 42
63 0 L 18
64 1 U 55
65 1 L 31
66 0 L 16
67 0 L 37
68 1 L 8
69 0 U 14
70 0 U 23
71 1 U 12
72 0 U 52
73 1 L 48
74 1 L 22
75 1 L -1
76 0 U 67
77 0 L 1
78 0 L 24
79 1 L 25
80 0 L 12
81 0 U -1
82 0 L 33
83 1 U 35
84 0 U 38
85 0 L 6
86 0 U 42
87 0 U 20
88 0 L -1
89 1 U 58
90 1 L 85
91 0 U 89
92 0 U 66
93 0 L 57
94 0 L 90
95 0 L -1
96 1 L 3
97 0 U 86
98 1 L 68
99
0 0 L -1
1 1 U -1
2 0 U -1
3 0 U -1
4 0 U 0
5 1 L 1
6 0 U 1
7 1 U 0
8 1 L 4
9 0 L -1
10 0 U 7
11 1 U 3
12 0 U -1
13 0 U 7
14 0 U 7
15 0 U 13
16 1 L -1
17 1 U 14
18 1 U -1
19 0 U 7
20 1 L 16
21 0 U -1
22 0 U 3
23 0 U 1
24 1 U 3
25 0 L 14
26 1 U -1
27 0 L 17
28 0 U 4
29 0 L 10
30 1 U 20
31 0 U 3
32 1 U 27
33 1 U 32
34 1 L 29
35 0 U 14
36 1 L 29
37 0 L -1
38 1 U -1
39 0 U 35
40 1 U 28
41 1 U 40
42 0 U 41
43 1 U -1
44 0 U 40
45 1 U 29
46 0 L 39
47 0 U 39
48 0 L 10
49 0 L 48
50 1 U 16
51 0 U 3
52 1 L 43
53 1 L 33
54 1 L 36
55 0 L -1
56 1 U -1
57 0 L 34
58 0 U 23
59 1 U 51
60 0 L 3
61 0 L 23
62 0 L 42
63 0 L 18
64 1 U 55
65 1 L 31
66 0 L 16
67 0 L 37
68 0 L 8
69 0 U 14
70 1 U 23
71 0 U 12
72 0 U 52
73 1 L 48
74 1 L 33
75 1 L -1
76 0 U 67
77 0 L 1
78 0 L 24
79 1 L 25
80 0 L 12
81 0 U -1
82 0 L 33
83 1 U 35
84 1 U 38
85 0 L 6
86 0 U 42
87 0 U 20
88 0 L -1
89 1 U 58
90 1 L 85
91 0 U 89
92 0 U 66
93 0 L 57
94 0 L 90
95 1 L -1
96 0 L 3
97 0 U 86
98 1 L 68
99
0 0 U -1
1 1 U -1
2 0 U -1
3 0 U -1
4 1 U 0
5 0 L 2
6 0 U 1
7 1 U 0
8 1 L 4
9 0 L -1
10 0 U 7
11 1 U 0
12 0 U -1
13 0 U 7
14 0 U 7
15 0 U 13
16 1 L -1
17 1 U 14
18 1 U -1
19 0 U 7
20 1 L 16
21 0 U -1
22 0 U 1
23 0 U 1
24 1 U 12
25 0 L 14
26 1 U -1
27 0 L 17
28 0 U 4
29 0 L 10
30 1 U 20
31 0 U 12
32 1 U 27
33 1 U 32
34 1 L 29
35 0 U 14
36 1 L 29
37 0 L -1
38 1 U -1
39 0 U 35
40 1 U 28
41 1 U 40
42 0 U 41
43 1 U -1
44 0 U 40
45 1 U 29
46 0 L 39
47 0 U 39
48 0 L 10
49 0 L 48
50 0 U 19
51 0 U 3
52 1 L 43
53 1 L 33
54 1 L 36
55 0 L -1
56 1 U -1
57 0 L 34
58 0 U 23
59 0 U 51
60 0 L 3
61 0 L 23
62 0 L 42
63 0 L 18
64 1 U 58
65 1 L 31
66 0 L 16
67 0 L 37
68 0 L 8
69 0 U 14
70 1 U 23
71 1 U 56
72 1 U 52
73 1 L 48
74 1 L 22
75 1 L -1
76 0 U 48
77 0 L 1
78 1 L 61
79 1 L 25
80 0 L 12
81 0 U -1
82 0 L 33
83 1 U 35
84 1 U 38
85 0 L 6
86 0 U 42
87 0 U 20
88 0 L -1
89 0 U 70
90 1 L 85
91 0 U 69
92 1 U 66
93 0 L 57
94 0 L 17
95 1 L -1
96 1 L 3
97 0 U 86
98 1 L 68
99
0 0 U -1
1 1 U -1
2 0 U -1
3 0 U -1
4 0 U 0
5 1 L 2
6 0 U 2
7 1 U 0
8 1 L 4
9 0 L -1
10 0 U 7
11 1 U 0
12 0 U -1
13 0 U 7
14 0 U 7
15 0 U 9
16 1 L -1
17 1 U 14
18 1 U -1
19 0 U 7
20 1 L 16
21 0 U -1
22 0 U 12
23 0 U 1
24 1 U 0
25 0 L 14
26 1 U -1
27 0 L 17
28 0 U 4
29 0 L 10
30 1 U 20
31 0 U 12
32 1 U 27
33 1 U 32
34 1 L 29
35 0 U 14
36 1 L 29
37 0 L -1
38 1 U -1
39 0 U 35
40 1 U 14
41 1 U 40
42 0 U 41
43 1 U -1
44 0 U 40
45 1 U 29
46 0 L 39
47 1 U 39
48 0 L 10
49 0 L 48
50 0 U 19
51 1 U 3
52 1 L 43
53 1 L 33
54 1 L 36
55 0 L -1
56 1 U -1
57 0 L 34
58 0 U 23
59 1 U 51
60 0 L 3
61 0 L 23
62 0 L 42
63 0 L 18
64 1 U 58
65 1 L 31
66 0 L 16
67 0 L 37
68 0 L 8
69 0 U 14
70 1 U 23
71 1 U 56
72 1 U 52
73 1 L 48
74 1 L 22
75 1 L -1
76 0 U 48
77 1 L 1
78 1 L 61
79 0 L 25
80 0 L 79
81 1 U -1
82 0 L 33
83 1 U 35
84 1 U 2
85 0 L 6
86 0 U 42
87 1 U 20
88 0 L -1
89 1 U 70
90 1 L 85
91 1 U 69
92 1 U 66
93 0 L 57
94 0 L 17
95 1 L -1
96 1 L 3
97 0 U 86
98 1 L 68
99
0 0 U -1
1 1 U -1
2 0 U -1
3 0 U -1
4 0 U 0
5 1 L 2
6 0 U 2
7 1 U 0
8 1 L 4
9 0 L -1
10 0 U 7
11 1 U 0
12 0 U -1
13 0 U 7
14 0 U 7
15 0 U 10
16 1 L -1
17 1 U 13
18 1 U -1
19 0 U 7
20 1 L 16
21 0 U -1
22 0 U 12
23 0 U 1
24 1 U 0
25 0 L 14
26 1 U -1
27 0 L 2
28 0 U 4
29 0 L 10
30 1 U 20
31 0 U 12
32 1 U 27
33 1 U 32
34 1 L 29
35 0 U 14
36 1 L 29
37 0 L -1
38 1 U -1
39 0 U 35
40 1 U 14
41 1 U 40
42 0 U 41
43 1 U -1
44 0 U 25
45 0 U 29
46 0 L 39
47 1 U 39
48 0 L 10
49 0 L 48
50 0 U 19
51 0 U 3
52 1 L 43
53 1 L 33
54 1 L 36
55 1 L -1
56 1 U -1
57 0 L 34
58 0 U 23
59 1 U 51
60 0 L 3
61 0 L 23
62 0 L 42
63 0 L 18
64 1 U 58
65 1 L 31
66 0 L 16
67 1 L 37
68 0 L 8
69 0 U 14
70 0 U 23
71 0 U 56
72 0 U 46
73 1 L 48
74 1 L 22
75 1 L -1
76 0 U 48
77 1 L 1
78 1 L 61
79 1 L 25
80 0 L 79
81 1 U -1
82 0 L 33
83 0 U 35
84 1 U 2
85 0 L 6
86 0 U 42
87 1 U 20
88 0 L -1
89 1 U 70
90 1 L 85
91 0 U 69
92 1 U 66
93 0 L 57
94 0 L 17
95 0 L -1
96 0 L 3
97 0 U 86
98 1 L 68
99
0 0 L -1
1 1 U -1
2 0 U -1
3 0 U -1
4 1 U 0
5 1 L 3
6 0 U 1
7 1 U 0
8 1 L 4
9 0 L -1
10 0 U 7
11 1 U 0
12 0 U -1
13 0 U 7
14 0 U 7
15 0 U 13
16 1 L -1
17 1 U 7
18 1 U -1
19 0 U 7
20 0 L 16
21 0 U -1
22 0 U 1
23 0 U 1
24 1 U 0
25 0 L 14
26 1 U -1
27 0 L 2
28 0 U 4
29 0 L 10
30 1 U 20
31 0 U 12
32 1 U 15
33 1 U 32
34 1 L 29
35 0 U 14
36 1 L 29
37 0 L -1
38 1 U -1
39 0 U 35
40 1 U 14
41 1 U 40
42 0 U 41
43 1 U -1
44 0 U 25
45 0 U 29
46 0 L 39
47 1 U 39
48 0 L 10
49 0 L 48
50 0 U 19
51 1 U 3
52 1 L 43
53 1 L 21
54 1 L 36
55 1 L -1
56 1 U -1
57 1 L 34
58 0 U 23
59 0 U 51
60 1 L 3
61 0 L 23
62 0 L 42
63 0 L 18
64 1 U 58
65 1 L 31
66 0 L 16
67 0 L 37
68 1 L 8
69 0 U 14
70 0 U 23
71 1 U 56
72 1 U 46
73 1 L 48
74 1 L 22
75 1 L -1
76 0 U 48
77 1 L 1
78 0 L 61
79 1 L 25
80 0 L 79
81 0 U -1
82 0 L 33
83 0 U 35
84 1 U 2
85 0 L 6
86 0 U 42
87 1 U 20
88 1 L -1
89 0 U 70
90 1 L 85
91 1 U 69
92 1 U 66
93 0 L 60
94 0 L 17
95 0 L -1
96 0 L 3
97 0 U 86
98 1 L 68
99
0 0 L -1
1 1 U -1
2 0 U -1
3 0 U -1
4 0 U 0
5 0 L 2
6 0 U -1
7 1 U 0
8 1 L 4
9 0 L -1
10 0 U 7
11 1 U 3
12 0 U -1
13 0 U 7
14 0 U 7
15 0 U 13
16 1 L -1
17 1 U 7
18 1 U -1
19 0 U 7
20 0 L 16
21 0 U -1
22 1 U 1
23 0 U 1
24 1 U 3
25 0 L 14
26 1 U -1
27 0 L 15
28 0 U 4
29 0 L 10
30 1 U 20
31 0 U 12
32 1 U 15
33 1 U 32
34 0 L 29
35 0 U 28
36 1 L 29
37 0 L -1
38 1 U -1
39 0 U 35
40 1 U 14
41 1 U 40
42 0 U 41
43 1 U -1
44 0 U 25
45 0 U 29
46 0 L 39
47 0 U -1
48 0 L 10
49 0 L 48
50 0 U 19
51 1 U 3
52 1 L 43
53 1 L 21
54 1 L 36
55 1 L -1
56 0 U -1
57 1 L 34
58 0 U 23
59 1 U 23
60 1 L 3
61 0 L 23
62 0 L 42
63 0 L 18
64 1 U 58
65 1 L 31
66 0 L 16
67 1 L 37
68 0 L 8
69 0 U 14
70 1 U 23
71 1 U 56
72 1 U 46
73 1 L 48
74 1 L 22
75 1 L -1
76 0 U 57
77 1 L 1
78 1 L 61
79 0 L 25
80 0 L 79
81 0 U -1
82 0 L 33
83 0 U 35
84 1 U 81
85 0 L 6
86 0 U 42
87 1 U 20
88 1 L -1
89 0 U 70
90 1 L 85
91 1 U 69
92 0 U 66
93 0 L 60
94 0 L 17
95 0 L -1
96 1 L 3
97 0 U 86
98 1 L 68
99
0 0 U -1
1 1 U -1
2 0 U -1
3 0 U -1
4 0 U 0
5 0 L 1
6 0 U 1
7 1 U 0
8 1 L 4
9 0 L -1
10 0 U 7
11 1 U 3
12 0 U -1
13 0 U 7
14 0 U 7
15 0 U 13
16 1 L -1
17 1 U 7
18 1 U -1
19 0 U 7
20 0 L 8
21 0 U -1
22 1 U 1
23 0 U 1
24 1 U 3
25 0 L 14
26 1 U -1
27 1 L 15
28 0 U 4
29 0 L 10
30 1 U 20
31 0 U 12
32 1 U 15
33 1 U 32
34 1 L 21
35 0 U 28
36 1 L 29
37 0 L -1
38 1 U -1
39 0 U 35
40 1 U 14
41 1 U 40
42 0 U 41
43 1 U -1
44 0 U 25
45 1 U 29
46 0 L 39
47 0 U -1
48 0 L 10
49 0 L 48
50 0 U 19
51 0 U 3
52 1 L 43
53 1 L 21
54 1 L 36
55 1 L -1
56 0 U -1
57 0 L 3
58 0 U 23
59 1 U 23
60 1 L 36
61 0 L 23
62 0 L 42
63 0 L 18
64 1 U 58
65 1 L 31
66 0 L 16
67 0 L 37
68 1 L 8
69 0 U 14
70 0 U 51
71 1 U 56
72 1 U 46
73 1 L 48
74 1 L 22
75 1 L -1
76 0 U 57
77 1 L 1
78 1 L 61
79 0 L 25
80 0 L 79
81 0 U -1
82 1 L 33
83 0 U 35
84 1 U 26
85 0 L 6
86 0 U 42
87 1 U 20
88 1 L -1
89 1 U 70
90 1 L 85
91 0 U 69
92 1 U 66
93 0 L 60
94 0 L 17
95 1 L -1
96 0 L 3
97 0 U 86
98 1 L 68
99
0 0 L -1
1 1 U -1
2 0 U -1
3 0 U -1
4 0 U 0
5 1 L 1
6 0 U 1
7 1 U 0
8 1 L 4
9 0 L -1
10 0 U 7
11 1 U 0
12 0 U -1
13 0 U 7
14 0 U 7
15 0 U 13
16 1 L -1
17 1 U 7
18 1 U -1
19 1 U 6
20 1 L 1
21 0 U -1
22 1 U 1
23 0 U 1
24 1 U 12
25 0 L 14
26 1 U -1
27 0 L 21
28 0 U 4
29 0 L 10
30 1 U 20
31 0 U 12
32 1 U 15
33 1 U 32
34 0 L 29
35 0 U 28
36 1 L 29
37 0 L -1
38 1 U -1
39 0 U 35
40 1 U 14
41 1 U 40
42 0 U 41
43 1 U -1
44 0 U 25
45 0 U 29
46 0 L 39
47 1 U -1
48 0 L 10
49 0 L 48
50 0 U 14
51 0 U 3
52 1 L 43
53 1 L 21
54 1 L 36
55 0 L -1
56 1 U -1
57 0 L 3
58 0 U 23
59 1 U 22
60 1 L 36
61 0 L 23
62 0 L 42
63 0 L 18
64 1 U 14
65 1 L 31
66 0 L 55
67 0 L 16
68 0 L 8
69 0 U 14
70 0 U 51
71 1 U 56
72 1 U 60
73 1 L 48
74 1 L 22
75 0 L -1
76 0 U 53
77 1 L 8
78 0 L 61
79 0 L 25
80 0 L 79
81 0 U 55
82 1 L 33
83 1 U 35
84 1 U 26
85 0 L 6
86 0 U 42
87 0 U 20
88 0 L -1
89 1 U 70
90 1 L 85
91 0 U 69
92 1 U 66
93 0 L 60
94 0 L 17
95 1 L -1
96 0 L 3
97 0 U 86
98 1 L 68
99
0 0 U -1
1 1 U -1
2 0 U -1
3 0 U -1
4 1 U 0
5 1 L 1
6 0 U 1
7 1 U 0
8 1 L 4
9 0 L -1
10 0 U 7
11 1 U 0
12 0 U -1
13 0 U 7
14 0 U 7
15 0 U 13
16 1 L -1
17 1 U 9
18 1 U -1
19 1 U 6
20 1 L 1
21 0 U -1
22 1 U 1
23 0 U 1
24 1 U 12
25 0 L 14
26 1 U -1
27 0 U 23
28 0 U 4
29 0 L 10
30 1 U 20
31 0 U 0
32 1 U 15
33 1 U 32
34 0 L 29
35 0 U 28
36 1 L 29
37 0 L 0
38 1 U -1
39 0 U 35
40 1 U 14
41 1 U 40
42 0 U 41
43 1 U -1
44 0 U 25
45 0 U 29
46 0 L 39
47 0 U -1
48 0 L 10
49 0 L 48
50 0 U 14
51 0 U 3
52 1 L 43
53 1 L 33
54 1 L 36
55 0 L -1
56 0 U -1
57 0 L 3
58 0 U 23
59 1 U 22
60 1 L 34
61 0 L 23
62 0 L 42
63 0 L 18
64 1 U 14
65 1 L 31
66 1 L 55
67 0 L 16
68 0 L 8
69 0 U 14
70 1 U 51
71 1 U 56
72 1 U 60
73 1 L 48
74 1 L 22
75 0 L -1
76 0 U 48
77 0 L 8
78 1 L 61
79 0 L 25
80 0 L 79
81 1 U 55
82 1 L 33
83 0 U 35
84 1 U 26
85 0 L 6
86 0 U 42
87 1 U 20
88 1 L -1
89 1 U 70
90 1 L 85
91 0 U 69
92 0 U 66
93 0 L 60
94 0 L 17
95 1 L -1
96 1 L 3
97 0 U 86
98 1 L 48
