90
0 0 U -1
1 0 U -1
2 0 U -1
3 0 U -1
4 0 U -1
5 0 U -1
6 0 U -1
7 0 U -1
8 0 U -1
9 0 U -1
10 0 U -1
11 0 U -1
12 0 U -1
13 0 U -1
14 0 U -1
15 0 U -1
16 0 U -1
17 0 U -1
18 0 U -1
19 0 U -1
20 0 U -1
21 0 U -1
22 0 U -1
23 0 U -1
24 0 U -1
25 0 U -1
26 0 U -1
27 0 U -1
28 0 U -1
29 0 U -1
30 0 U -1
31 0 U -1
32 0 U -1
33 0 U -1
34 0 U -1
35 0 U -1
36 0 U -1
37 0 U -1
38 0 U -1
39 0 U -1
40 0 U -1
41 0 U -1
42 0 U -1
43 0 U -1
44 0 U -1
45 0 U -1
46 0 U -1
47 0 U -1
48 0 U -1
49 0 U -1
50 0 U -1
51 0 U -1
52 0 U -1
53 0 U -1
54 0 U -1
55 0 U -1
56 0 U -1
57 0 U -1
58 0 U -1
59 0 U -1
60 0 U -1
61 0 U -1
62 0 U -1
63 0 U -1
64 0 U -1
65 0 U -1
66 0 U -1
67 0 U -1
68 0 U -1
69 0 U -1
70 0 U -1
71 0 U -1
72 0 U -1
73 0 U -1
74 0 U -1
75 0 U -1
76 0 U -1
77 0 U -1
78 0 U -1
79 0 U -1
80 0 U -1
81 0 U -1
82 0 U -1
83 0 U -1
84 0 U -1
85 0 U -1
86 0 U -1
87 0 U -1
88 0 U -1
89 0 U -1
90
0 0 L -1
1 0 U -1
2 0 U -1
3 1 L 0
4 0 U -1
5 1 U -1
6 1 U -1
7 1 L 2
8 0 L 2
9 1 U 5
10 0 L 8
11 0 L -1
12 1 U 2
13 1 U -1
14 0 U -1
15 1 U 14
16 1 U 14
17 1 U 0
18 1 U -1
19 1 U 17
20 1 U -1
21 0 L 15
22 0 L -1
23 0 U -1
24 1 U 6
25 0 U 15
26 0 L 6
27 0 L 10
28 1 U -1
29 0 L -1
30 0 U 26
31 0 L 24
32 0 U 13
33 0 L 24
34 0 L 7
35 1 L 0
36 0 U 11
37 1 L 34
38 0 L 10
39 1 U 25
40 0 U 19
41 1 U -1
42 0 L 1
43 0 U 17
44 1 U 12
45 1 L 32
46 1 U -1
47 1 U 25
48 1 L 30
49 0 U 28
50 0 U -1
51 1 L 24
52 1 L -1
53 1 U 32
54 0 U 33
55 0 U 19
56 0 L 4
57 1 U 46
58 1 U -1
59 0 L 40
60 0 U 31
61 1 U 29
62 1 U 33
63 1 L 42
64 0 U 2
65 0 U 31
66 1 L 35
67 1 U -1
68 0 L 44
69 0 U 46
70 1 L 29
71 1 U -1
72 0 U 61
73 0 L 44
74 0 L -1
75 0 U 55
76 1 L 41
77 0 L 41
78 0 L 14
79 1 U -1
80 0 L 5
81 1 U 79
82 1 L 63
83 0 L 19
84 0 L 28
85 1 L 68
86 0 U 67
87 1 U 57
88 0 U 9
89 1 L 81
90
0 0 U -1
1 0 U -1
2 0 U -1
3 0 L 0
4 0 U -1
5 1 U -1
6 1 U -1
7 1 L 2
8 0 L 2
9 1 U 5
10 0 L 7
11 0 L -1
12 1 U 2
13 1 U -1
14 0 U -1
15 1 U 14
16 1 U 14
17 1 U 0
18 0 U -1
19 1 U 17
20 1 U 19
21 0 L 10
22 0 L -1
23 0 U -1
24 1 U 3
25 1 U 15
26 0 L 6
27 0 L 10
28 1 U -1
29 0 L -1
30 0 L 26
31 0 L 17
32 0 U 13
33 0 L 24
34 0 L 7
35 0 L 0
36 0 U 11
37 1 L 34
38 0 U 26
39 1 U 25
40 0 U 19
41 1 U 23
42 0 L 1
43 0 U 17
44 1 U 12
45 0 L 1
46 1 U -1
47 1 U 46
48 1 L 27
49 1 U 28
50 0 U -1
51 1 L 24
52 0 L -1
53 1 U 32
54 0 U 33
55 0 U 19
56 0 L 4
57 1 U 0
58 1 U -1
59 0 L 40
60 0 U 25
61 1 L 29
62 0 U 30
63 0 L 42
64 0 U 5
65 0 U 31
66 0 L 62
67 1 U -1
68 1 L 44
69 0 U 18
70 0 L 30
71 0 U -1
72 0 U 61
73 0 L 44
74 0 L -1
75 0 U 66
76 0 U 41
77 0 L 41
78 1 L 73
79 0 U -1
80 0 L 5
81 0 U 79
82 1 L 2
83 0 L 57
84 1 L 54
85 0 L 58
86 0 U 67
87 0 U 7
88 0 U 19
89 0 L 77
90
0 0 U -1
1 0 U -1
2 0 U -1
3 0 L 0
4 0 U -1
5 1 U -1
6 1 U -1
7 1 L 2
8 0 L 2
9 1 U 5
10 0 L 7
11 0 L -1
12 1 U 2
13 1 U -1
14 0 U -1
15 1 U 14
16 1 U 2
17 1 U 0
18 0 U -1
19 1 U 17
20 1 U 19
21 0 L 10
22 1 L -1
23 0 U -1
24 1 U 9
25 0 U 15
26 0 L 6
27 0 L 10
28 1 U -1
29 0 L -1
30 0 L 21
31 0 L 18
32 0 U 18
33 1 L 24
34 0 L 7
35 1 L 1
36 0 U 17
37 1 L 34
38 0 U 26
39 1 U 8
40 0 U 16
41 1 U -1
42 0 L 1
43 0 U 17
44 1 U 21
45 0 L 1
46 1 U -1
47 1 U 46
48 0 U 27
49 0 U 28
50 0 U -1
51 1 L 24
52 0 L -1
53 1 U 32
54 0 U 38
55 0 U 16
56 0 L 49
57 1 U 5
58 0 U -1
59 0 L 40
60 0 U 31
61 1 L 11
62 1 U 34
63 0 U 12
64 0 U 5
65 1 U 26
66 1 L 52
67 1 U -1
68 0 L 54
69 1 U 18
70 1 L 30
71 0 U -1
72 1 L 61
73 1 L 44
74 0 L -1
75 0 U 66
76 0 L 31
77 0 L 41
78 1 L 50
79 0 U -1
80 0 L 5
81 1 U 18
82 0 L 2
83 0 L 57
84 0 L 17
85 0 L 58
86 0 U 18
87 1 U 19
88 0 U 66
89 1 L 30
90
0 0 L -1
1 0 U -1
2 0 U -1
3 0 L 0
4 0 U -1
5 1 U -1
6 1 U -1
7 1 L 2
8 0 L 2
9 1 U 5
10 0 L 8
11 0 L -1
12 1 U 2
13 1 U -1
14 0 U -1
15 1 U 14
16 1 U 2
17 1 U 0
18 0 U -1
19 1 U 17
20 0 U 19
21 0 L 10
22 1 L -1
23 0 U -1
24 1 U 4
25 1 U 15
26 0 L 6
27 1 L 10
28 1 U -1
29 0 L 0
30 1 L 26
31 0 L 18
32 0 U 18
33 1 L 24
34 0 L 7
35 1 L 26
36 0 U 9
37 1 L 34
38 0 U 26
39 1 U 3
40 0 U 22
41 1 U -1
42 0 L 1
43 0 U 17
44 1 U 21
45 0 L 3
46 1 U -1
47 1 U 46
48 0 L 27
49 1 U 28
50 0 U -1
51 0 L 24
52 0 L -1
53 1 U 32
54 0 U 38
55 0 U 16
56 0 L 49
57 1 U 50
58 1 U -1
59 0 L 40
60 0 U 31
61 1 L 11
62 1 U 32
63 1 U 24
64 1 U 14
65 1 U 52
66 1 L 52
67 1 U -1
68 1 L 22
69 0 U 18
70 1 L 38
71 0 U -1
72 1 L 61
73 1 L 44
74 1 L 54
75 0 U 66
76 0 L 31
77 0 L 41
78 1 L 50
79 0 U -1
80 0 L 5
81 0 U 14
82 1 L 2
83 0 L 57
84 1 L 44
85 0 L 58
86 1 U 36
87 0 U 19
88 0 U 55
89 0 L 20
90
0 0 U -1
1 0 U -1
2 0 U -1
3 0 L 0
4 0 U -1
5 1 U -1
6 1 U -1
7 1 L 2
8 0 L 2
9 1 U 5
10 0 L 8
11 0 L -1
12 1 U 3
13 1 U -1
14 0 U -1
15 1 U 14
16 1 U 2
17 1 U 0
18 0 U -1
19 1 U 17
20 0 U 19
21 0 L 10
22 1 L -1
23 0 U -1
24 1 U 4
25 1 U 15
26 0 L 6
27 0 L 10
28 1 U -1
29 1 L 0
30 1 L 26
31 1 L 20
32 0 U 18
33 1 L 24
34 0 L 7
35 1 L 32
36 0 U 9
37 1 L 34
38 0 U 26
39 0 L 3
40 0 U 21
41 1 U -1
42 0 L 1
43 0 U 17
44 1 U 21
45 0 L 3
46 1 U -1
47 1 U 46
48 1 L 27
49 1 U 28
50 0 U -1
51 0 L 30
52 0 L 0
53 1 U 32
54 0 U 38
55 0 U 16
56 1 U 39
57 0 U 50
58 1 U -1
59 0 L 47
60 0 U 44
61 0 L 11
62 0 U 32
63 0 L 24
64 1 U 14
65 1 U 52
66 0 U 52
67 0 U -1
68 1 L 0
69 0 U 18
70 0 L 38
71 1 U -1
72 1 L 61
73 1 L 44
74 1 L 54
75 1 U 66
76 1 L 33
77 0 L 41
78 1 L 50
79 0 U -1
80 0 L 5
81 0 U 14
82 0 L 2
83 0 L 57
84 1 L 54
85 0 L 58
86 1 U 36
87 0 U 19
88 0 U 55
89 0 L 20
90
0 0 L -1
1 0 U -1
2 0 U -1
3 1 L 0
4 0 U -1
5 1 U -1
6 1 U -1
7 1 L 2
8 0 L 2
9 1 U 5
10 1 L 8
11 0 L -1
12 1 U 3
13 1 U -1
14 0 U -1
15 1 U 14
16 1 U 14
17 1 U 0
18 0 U -1
19 1 U 17
20 0 U 19
21 0 L 10
22 1 L -1
23 0 U -1
24 1 U 14
25 1 U 15
26 0 L 6
27 0 L 10
28 1 U -1
29 1 L 0
30 0 L 26
31 1 L 20
32 0 U 18
33 0 L 24
34 0 L 7
35 1 L 32
36 0 U 9
37 1 U 34
38 0 U 26
39 1 L 3
40 0 U 21
41 1 U -1
42 0 L 1
43 0 U 17
44 1 U 21
45 0 L 3
46 1 U -1
47 1 U 46
48 1 L 2
49 1 U 28
50 0 U -1
51 1 U 17
52 1 L 0
53 1 U 32
54 1 U 38
55 0 U 16
56 1 U 18
57 1 U 5
58 1 U -1
59 0 L 47
60 0 U 44
61 1 L 11
62 0 U 49
63 0 U 24
64 1 U 14
65 1 U 30
66 0 U 52
67 0 U -1
68 1 L 0
69 0 U 18
70 0 L 38
71 0 U -1
72 1 L 61
73 1 L 44
74 1 L 44
75 0 U 66
76 0 L 17
77 0 L 41
78 1 L 50
79 0 U -1
80 0 L 5
81 0 L 66
82 0 L 2
83 0 L 58
84 1 L 28
85 0 L 58
86 1 U 36
87 0 U 16
88 0 U 55
89 0 L 80
90
0 0 L -1
1 0 U -1
2 0 U -1
3 1 L 0
4 0 U -1
5 1 U -1
6 1 U -1
7 1 L 2
8 0 L 2
9 1 U 5
10 0 L 8
11 0 L -1
12 1 U 3
13 1 U -1
14 0 U -1
15 1 U 3
16 1 U 14
17 1 U 0
18 0 U -1
19 1 U 12
20 1 U 19
21 0 L 10
22 0 L 0
23 0 U -1
24 1 U 14
25 1 U 9
26 0 L 6
27 0 L 10
28 1 U -1
29 1 L 0
30 0 L 26
31 0 U 18
32 0 U 18
33 1 L 30
34 0 L 7
35 1 L 32
36 0 U 9
37 1 U 34
38 0 U 29
39 0 L 15
40 0 U 21
41 1 U -1
42 0 L 1
43 0 U 17
44 1 U 21
45 1 L 3
46 1 U -1
47 1 U 46
48 1 L 2
49 0 U 28
50 0 U -1
51 1 U 17
52 0 L 0
53 1 U 32
54 1 U 38
55 0 U 16
56 0 L 52
57 1 U 6
58 1 U -1
59 0 L 47
60 0 U 44
61 1 L 11
62 1 U 49
63 1 U 24
64 1 U 46
65 1 U 30
66 0 U 52
67 0 U -1
68 1 L 0
69 0 U 4
70 1 L 38
71 0 U -1
72 1 L 61
73 1 L 44
74 0 L 44
75 1 U 66
76 0 L 32
77 0 L 41
78 1 L 50
79 0 U -1
80 0 L 5
81 0 L 66
82 1 L 2
83 0 L 58
84 1 L 76
85 0 L 58
86 1 U 36
87 0 U 16
88 0 U 55
89 0 L 80
90
0 0 U -1
1 0 U -1
2 0 U -1
3 1 L 0
4 0 U -1
5 1 U -1
6 1 U -1
7 1 L 2
8 0 L 2
9 1 U 5
10 1 L 8
11 0 L -1
12 1 U 3
13 1 U -1
14 0 U -1
15 1 U 3
16 1 U 2
17 1 U 0
18 0 U -1
19 1 U 12
20 1 U 19
21 0 L 6
22 0 L 0
23 0 U -1
24 0 U 14
25 0 U 15
26 0 L 6
27 0 L 10
28 1 U -1
29 1 L 0
30 1 L 26
31 1 L 28
32 0 U 18
33 0 L 30
34 0 L 7
35 1 U 3
36 0 U 9
37 0 U 34
38 0 U 29
39 0 L 13
40 0 U 35
41 1 U -1
42 0 L 1
43 0 U 17
44 1 U 21
45 1 L 3
46 1 U -1
47 1 U 46
48 1 L 2
49 1 U 28
50 0 U -1
51 1 U 17
52 1 L 0
53 1 U 22
54 0 L 33
55 0 U 16
56 0 L 39
57 0 U 16
58 1 U -1
59 0 L 38
60 0 U 52
61 1 L 11
62 1 U 0
63 0 U 62
64 1 U 14
65 1 U 48
66 0 U 52
67 0 U -1
68 1 L 0
69 1 U 4
70 0 L 54
71 0 U -1
72 1 L 61
73 1 L 44
74 1 L 44
75 0 U 66
76 1 L 32
77 1 L 41
78 1 L 46
79 0 U -1
80 0 L 5
81 0 L 66
82 1 L 2
83 0 L 37
84 1 L 59
85 1 L 58
86 1 L 36
87 0 U 16
88 0 U 7
89 1 L 80
90
0 0 U -1
1 0 U -1
2 0 U -1
3 1 L 0
4 0 U -1
5 1 U -1
6 1 U -1
7 1 L 2
8 0 L 2
9 1 U 5
10 0 L 8
11 0 L -1
12 1 U 3
13 1 U -1
14 1 U -1
15 1 U 3
16 1 U 2
17 1 U 0
18 0 U -1
19 1 U 12
20 1 U 19
21 0 L 6
22 0 L 0
23 0 U -1
24 0 L 18
25 0 U 15
26 0 L 6
27 0 L 10
28 1 U -1
29 1 L 0
30 1 L 16
31 1 L 28
32 0 U 4
33 0 L 30
34 0 L 7
35 1 U 16
36 0 U 9
37 1 L 34
38 0 U 36
39 0 L 13
40 0 U 35
41 1 U -1
42 0 L 1
43 1 U 17
44 1 U 21
45 0 L 3
46 1 U -1
47 1 U 46
48 1 L 2
49 0 U 28
50 0 U -1
51 1 U 17
52 1 L 0
53 1 U 22
54 1 L 33
55 1 U 16
56 1 L 39
57 1 U 16
58 1 U -1
59 0 L 38
60 0 U 40
61 1 L 11
62 1 U 0
63 0 U 62
64 1 U 46
65 1 U 48
66 0 U 52
67 0 U -1
68 1 L 0
69 1 U 4
70 0 L 54
71 0 U -1
72 1 L 61
73 1 L 44
74 0 L 44
75 1 U 66
76 1 L 32
77 0 L 41
78 1 L 49
79 0 U -1
80 0 L 44
81 0 U 66
82 1 L 2
83 0 L 17
84 0 U 11
85 1 L 58
86 1 L 36
87 0 U 69
88 0 U 7
89 1 L -1
90
0 0 L -1
1 0 U -1
2 0 U -1
3 1 L 0
4 0 U -1
5 1 U -1
6 1 U -1
7 1 L 2
8 0 L 2
9 1 U 5
10 0 L 8
11 0 L -1
12 1 U 3
13 1 U -1
14 1 U -1
15 1 U 4
16 1 U 2
17 1 U 0
18 0 U -1
19 1 U 17
20 1 L 19
21 0 L 6
22 0 L 0
23 0 U -1
24 0 L 18
25 1 U 15
26 0 L 15
27 1 L 10
28 1 U -1
29 0 L -1
30 0 L 16
31 0 L 27
32 0 U 4
33 0 L 30
34 0 L 7
35 0 U 16
36 0 U 9
37 1 L 34
38 0 U 36
39 1 U 13
40 0 U 29
41 1 U -1
42 0 L 3
43 0 U 17
44 0 U 21
45 1 L 3
46 1 U -1
47 1 U 46
48 1 L 2
49 0 U 28
50 0 U -1
51 1 U 17
52 1 L 11
53 1 U 22
54 1 L 18
55 0 U 32
56 1 L -1
57 1 L 21
58 1 U -1
59 0 L 38
60 0 U 33
61 1 L 11
62 1 U 5
63 1 U 62
64 0 U 46
65 1 U 48
66 0 U 48
67 0 U -1
68 1 L 0
69 1 U 4
70 0 L 47
71 0 U -1
72 1 L 61
73 1 L 54
74 1 L 44
75 1 U 66
76 0 L 30
77 0 L 41
78 1 L 49
79 0 U -1
80 1 L 44
81 0 U 66
82 0 L 2
83 0 L 17
84 1 U 18
85 1 L 58
86 1 L 36
87 1 U 69
88 0 U 63
89 1 L -1
90
0 0 U -1
1 1 U -1
2 0 U -1
3 1 L 0
4 0 U -1
5 1 U -1
6 1 U -1
7 1 L 2
8 0 L 2
9 0 U 5
10 0 L 8
11 0 L -1
12 1 U 3
13 1 U -1
14 1 U -1
15 1 U 4
16 1 U 4
17 1 U 0
18 0 U -1
19 1 U 17
20 1 L 19
21 0 L 6
22 0 L 0
23 0 U -1
24 0 L 18
25 1 U 15
26 0 L 15
27 1 L 10
28 1 U -1
29 0 L -1
30 0 L 16
31 1 L 27
32 0 U 4
33 0 L 17
34 0 L 7
35 0 U 30
36 1 U 9
37 1 L 33
38 0 U 36
39 0 U 2
40 0 U 29
41 1 U -1
42 0 L 3
43 0 U 3
44 1 U 21
45 1 L -1
46 1 U -1
47 1 U 46
48 1 L 2
49 1 U 18
50 0 U -1
51 0 U 44
52 1 U 11
53 1 U 10
54 1 L 18
55 0 U 42
56 1 U 22
57 1 L 45
58 1 U -1
59 0 L 38
60 0 U 26
61 1 L 11
62 1 U 5
63 0 U 62
64 0 U 2
65 1 U 48
66 0 L 48
67 0 U -1
68 0 L 0
69 0 U 4
70 0 L 27
71 0 U -1
72 1 L 61
73 0 L 39
74 1 L 44
75 0 U 55
76 0 L 30
77 0 L 41
78 1 L 49
79 0 U -1
80 0 L 44
81 0 U 18
82 1 L 72
83 1 L 30
84 1 U 18
85 0 L 63
86 1 L 50
87 0 U 69
88 0 U 3
89 1 L 67
90
0 0 L -1
1 1 U -1
2 0 U -1
3 1 L 0
4 0 U -1
5 1 U -1
6 1 U -1
7 1 L 2
8 0 L 2
9 0 U 5
10 0 L 8
11 0 L -1
12 1 U 3
13 1 U -1
14 1 U -1
15 1 U 4
16 1 U 4
17 1 U 0
18 0 U -1
19 1 U 17
20 1 L 19
21 0 L 6
22 1 L 0
23 0 U -1
24 0 L 18
25 0 U 20
26 0 L 9
27 1 L 9
28 1 U 25
29 1 L -1
30 0 L 16
31 1 L 27
32 1 U 4
33 0 L 17
34 0 L 8
35 0 L 9
36 1 U 20
37 0 L 33
38 0 U 36
39 0 U 13
40 0 L 30
41 0 U -1
42 0 L 3
43 0 U 3
44 1 U 21
45 0 L -1
46 1 U -1
47 1 U 46
48 1 L 42
49 1 U 13
50 0 U -1
51 0 L 44
52 1 L 32
53 1 U 10
54 0 L 18
55 0 U 42
56 1 U 51
57 1 L 45
58 0 L -1
59 0 L 38
60 0 U 26
61 1 L 3
62 1 U 5
63 1 U 62
64 1 U 2
65 1 U 34
66 0 L 27
67 0 U -1
68 0 L 33
69 0 U 46
70 0 L 27
71 0 U -1
72 1 L 61
73 0 L 19
74 0 L 44
75 0 U 53
76 0 L 72
77 0 L 41
78 1 L 49
79 0 U -1
80 1 L 44
81 0 U 18
82 1 L 72
83 0 L 54
84 1 U 18
85 0 L 78
86 1 L 24
87 1 U 69
88 0 U 3
89 1 L 67
90
0 0 U -1
1 1 U -1
2 0 U -1
3 1 L 0
4 0 U -1
5 1 U -1
6 1 U -1
7 1 L 2
8 0 L 2
9 0 U 5
10 0 L 8
11 0 L -1
12 1 U 3
13 1 U -1
14 1 U -1
15 1 U 2
16 1 U 4
17 1 U 0
18 0 U -1
19 1 U 15
20 1 L 19
21 0 L 15
22 1 L 0
23 0 U -1
24 0 L 18
25 0 U 20
26 0 L 9
27 1 L 6
28 1 U 25
29 0 L -1
30 0 L 16
31 0 L 27
32 1 U 5
33 0 L 17
34 0 L 8
35 0 L 14
36 1 U 20
37 0 L 33
38 0 U 36
39 0 U 2
40 1 U 38
41 0 U -1
42 0 L 3
43 0 U 39
44 1 U 21
45 1 L -1
46 1 U -1
47 1 U 46
48 1 L 42
49 1 U 13
50 1 U -1
51 0 L 46
52 1 L 6
53 1 U 10
54 0 L 18
55 0 U 42
56 1 U 51
57 0 L 32
58 1 L -1
59 0 L 38
60 0 U 26
61 1 L 3
62 1 U 5
63 0 U 62
64 1 U 2
65 1 U 37
66 0 L 2
67 0 U -1
68 0 L 33
69 0 U 46
70 0 L 27
71 0 U -1
72 1 L 61
73 0 L 19
74 1 L 44
75 0 U 53
76 1 L 5
77 1 L 41
78 1 L 50
79 0 U -1
80 1 L 46
81 0 U 67
82 1 L 72
83 0 L 54
84 1 U 18
85 0 L 78
86 1 L 50
87 1 U 69
88 0 U 81
89 1 L 67
90
0 0 L -1
1 1 U -1
2 0 U -1
3 1 L 0
4 0 U -1
5 1 U -1
6 1 U -1
7 1 L 2
8 0 L 2
9 0 U 5
10 0 L 8
11 0 L -1
12 1 U 3
13 1 U -1
14 1 U -1
15 1 U 2
16 1 U 2
17 1 U 0
18 0 U -1
19 1 U 15
20 1 L 19
21 0 L 6
22 1 L 0
23 0 U -1
24 0 L 18
25 0 U 20
26 0 L 9
27 1 L 6
28 1 L 21
29 0 L 28
30 0 L 16
31 0 L 24
32 1 U 2
33 0 L 17
34 0 L 8
35 0 L -1
36 1 U 15
37 0 L 33
38 0 U 36
39 1 U 2
40 0 U 1
41 0 U -1
42 0 L 3
43 0 U 9
44 1 U 21
45 0 L -1
46 1 U -1
47 1 U 46
48 1 L 2
49 1 U 24
50 1 U -1
51 0 L 46
52 1 L 6
53 1 U 10
54 0 L 18
55 0 U 11
56 1 U 51
57 0 L 32
58 0 L -1
59 0 L 38
60 0 U 26
61 1 L 3
62 1 U 5
63 0 U 15
64 1 U 2
65 1 U 34
66 0 L 2
67 0 U -1
68 0 L 33
69 0 U 4
70 0 L 27
71 0 U -1
72 1 L 61
73 0 L 19
74 0 L 46
75 0 U 53
76 1 L 5
77 0 L 41
78 1 L 50
79 0 U -1
80 1 L 46
81 0 U 67
82 1 L 72
83 0 L 52
84 1 U 18
85 0 L 78
86 1 L 32
87 1 U 69
88 0 U 81
89 1 L 67
90
0 0 U -1
1 1 U -1
2 0 U -1
3 1 L 0
4 0 U -1
5 1 U -1
6 1 U -1
7 1 L 2
8 0 L 2
9 0 U 5
10 1 L 8
11 0 L -1
12 1 U 3
13 1 U -1
14 1 U -1
15 1 U 4
16 1 U 2
17 1 U 14
18 0 U -1
19 1 U 17
20 1 L 19
21 0 L 6
22 1 L 0
23 0 U -1
24 0 L 18
25 0 U 20
26 0 L 6
27 0 L 6
28 1 L 21
29 1 L 28
30 0 L 16
31 0 L 24
32 1 U 2
33 0 L 17
34 0 L 8
35 0 L -1
36 1 U 15
37 0 L 33
38 0 U 36
39 1 U 2
40 0 U 6
41 0 U -1
42 0 L 3
43 0 U 9
44 1 U 22
45 1 L -1
46 1 U -1
47 1 U 46
48 1 L 42
49 1 U 24
50 1 U -1
51 0 L 46
52 1 L 9
53 1 U 10
54 0 L 18
55 0 U 11
56 1 U 51
57 0 L 32
58 1 L 11
59 0 L 38
60 0 U 26
61 1 L 3
62 1 U 5
63 0 U 15
64 1 U 2
65 1 U 48
66 0 L 59
67 0 U -1
68 0 L 7
69 1 U 46
70 0 L 26
71 0 U -1
72 1 L 61
73 0 L 19
74 1 L 46
75 0 U 53
76 1 L 54
77 0 L 41
78 1 L 50
79 0 U -1
80 1 L 46
81 0 U 2
82 1 L 72
83 0 L 28
84 1 U 18
85 0 L 78
86 1 L 23
87 1 U 69
88 0 U 81
89 1 L 50
90
0 0 U -1
1 1 U -1
2 0 U -1
3 1 L 0
4 0 U -1
5 1 U -1
6 1 U -1
7 1 L 2
8 0 L 2
9 0 U 5
10 1 L 8
11 0 L -1
12 1 U 3
13 1 U -1
14 1 U -1
15 1 U 13
16 1 U 2
17 1 U 14
18 0 U -1
19 1 U 9
20 1 L 19
21 0 L 6
22 1 L 0
23 0 U -1
24 0 L 18
25 0 U 20
26 0 L 6
27 0 L 6
28 1 L 16
29 1 L 3
30 1 L 16
31 0 L 24
32 1 U 13
33 0 L 17
34 0 L 8
35 1 L -1
36 1 U 15
37 0 L 33
38 0 U 36
39 1 U 5
40 0 U 1
41 0 U -1
42 0 L 3
43 0 U 9
44 1 U 22
45 1 L -1
46 1 U -1
47 1 U 40
48 1 L 2
49 1 U 24
50 1 U -1
51 0 L 46
52 1 L 10
53 1 U 10
54 1 L 18
55 0 U 11
56 1 U 51
57 1 L 32
58 1 L 11
59 0 L 38
60 0 U 35
61 1 L 22
62 1 U 18
63 1 U 15
64 0 U 46
65 1 U 48
66 0 L 59
67 0 U -1
68 0 L 48
69 0 U 46
70 0 L 27
71 0 U -1
72 0 L 61
73 0 L 19
74 1 L 46
75 0 U 26
76 1 L 54
77 0 L 41
78 0 L 50
79 0 U -1
80 1 L 46
81 0 U 2
82 1 L 72
83 0 L 28
84 1 U 18
85 1 L 78
86 1 L 23
87 1 U 69
88 0 U 49
89 1 L 65
90
0 0 U -1
1 1 U -1
2 0 U -1
3 1 L 0
4 0 U -1
5 1 U -1
6 1 U -1
7 1 L 2
8 0 L 2
9 0 U 5
10 1 L 8
11 0 L -1
12 1 U 3
13 1 U -1
14 1 U -1
15 1 U 13
16 1 U 2
17 1 U 14
18 0 U -1
19 1 U 17
20 1 L 19
21 0 L 6
22 1 L -1
23 0 U -1
24 0 L 18
25 0 U 20
26 0 L 10
27 0 L 6
28 1 L 16
29 1 L 3
30 1 L 16
31 0 L 24
32 1 U 13
33 0 L 17
34 0 L 8
35 1 L -1
36 1 U 20
37 0 L 33
38 0 U 36
39 0 U 18
40 0 U 6
41 0 U -1
42 0 L 3
43 0 U 9
44 1 U 22
45 0 L -1
46 1 U -1
47 1 U 40
48 1 L 2
49 0 U 46
50 0 U -1
51 0 L 46
52 1 L 34
53 1 U 10
54 1 L 18
55 0 U 11
56 1 U 36
57 0 L 32
58 0 L 11
59 0 L 38
60 0 U 30
61 1 L 45
62 1 U 18
63 1 U 15
64 0 U 46
65 1 U 58
66 0 L 47
67 0 U -1
68 0 L 48
69 1 U 2
70 1 L 27
71 1 U -1
72 1 L 61
73 0 L 19
74 1 L 46
75 0 U 35
76 0 L 54
77 0 L 41
78 0 L 66
79 0 U -1
80 1 L 46
81 0 U 2
82 1 L 72
83 0 L 28
84 1 U 18
85 1 L 78
86 1 L 23
87 1 U 69
88 0 U 49
89 1 L 65
90
0 0 L -1
1 1 U -1
2 0 U -1
3 1 L 0
4 0 U -1
5 1 U -1
6 1 U -1
7 0 L 2
8 0 L 2
9 0 U 5
10 0 L 8
11 0 L -1
12 1 U 3
13 1 U -1
14 1 U -1
15 1 U 13
16 1 U 2
17 1 U 14
18 0 U -1
19 1 U 17
20 1 L 19
21 0 L 6
22 1 L -1
23 0 U -1
24 0 L 18
25 0 U 20
26 0 L 6
27 0 L 6
28 1 L 16
29 1 L 3
30 0 L 16
31 0 L 19
32 1 U 17
33 0 L 17
34 0 L 8
35 1 L -1
36 1 U 20
37 0 L 33
38 0 U 36
39 1 U 24
40 1 U 6
41 0 U -1
42 0 L 3
43 0 U 9
44 1 U 22
45 0 L -1
46 1 U -1
47 1 U 40
48 1 L 42
49 1 U 46
50 1 U -1
51 1 L 46
52 1 L 34
53 1 U 10
54 1 L 18
55 0 U 11
56 1 U 36
57 0 L 32
58 1 L 11
59 0 L 38
60 0 U 33
61 1 L 45
62 1 U 24
63 0 U 15
64 1 U 46
65 1 U 58
66 0 L 59
67 0 U -1
68 0 L 48
69 0 U 2
70 1 L 26
71 0 U -1
72 1 L 61
73 0 L 19
74 1 L -1
75 0 U 35
76 1 L 54
77 0 L 40
78 0 L 66
79 0 U -1
80 0 L 44
81 0 U 2
82 1 L 72
83 1 L 28
84 1 U 18
85 1 L 78
86 1 L 23
87 1 U 69
88 0 U 49
89 1 L 65
90
0 0 L -1
1 1 U -1
2 0 U -1
3 0 L 0
4 0 U -1
5 1 U -1
6 1 U -1
7 0 L 2
8 0 L 2
9 0 U 5
10 0 L 8
11 0 L -1
12 1 U 7
13 1 U -1
14 1 U -1
15 1 U 13
16 1 U 2
17 1 U 14
18 0 U -1
19 1 U 17
20 0 L 19
21 0 L 6
22 1 L -1
23 0 U -1
24 0 L 18
25 0 U 20
26 0 L 6
27 0 L 9
28 1 L 16
29 1 L 3
30 1 L 16
31 0 L 19
32 1 U 17
33 0 L 17
34 0 L 25
35 0 L -1
36 1 U 9
37 0 L 33
38 0 U 36
39 0 U 24
40 1 U 6
41 0 U -1
42 0 L 3
43 0 U 9
44 0 L 22
45 1 L -1
46 1 U -1
47 1 U 40
48 1 L 42
49 1 U 46
50 0 U -1
51 1 L 30
52 0 L 10
53 1 U 44
54 1 L 18
55 0 U 11
56 1 U 36
57 0 L 32
58 1 L 11
59 0 L 38
60 0 U 33
61 0 L 45
62 0 U 5
63 0 U 15
64 1 U 46
65 1 U 58
66 0 L 59
67 0 U -1
68 0 L 48
69 1 U 2
70 1 L 27
71 0 U -1
72 1 L 61
73 0 L 19
74 1 L -1
75 0 U 48
76 1 L 54
77 0 L 40
78 0 L 66
79 0 U -1
80 0 L 49
81 0 U 2
82 0 L 72
83 1 L 28
84 1 U 18
85 1 L 78
86 1 L 23
87 1 U 69
88 0 U 49
89 1 L 65
90
0 0 U -1
1 1 U -1
2 0 U -1
3 1 L 0
4 0 U -1
5 1 U -1
6 1 U -1
7 0 L 2
8 0 L 2
9 0 U 5
10 1 L 8
11 0 L -1
12 1 U 7
13 1 U -1
14 1 U -1
15 1 U 13
16 1 U 13
17 1 U 14
18 0 U -1
19 1 U 17
20 0 L 19
21 0 U 8
22 1 L -1
23 0 U -1
24 0 L 18
25 1 U 15
26 0 L 6
27 1 L 9
28 1 L 26
29 1 L 3
30 0 L 16
31 0 L 17
32 1 U 17
33 0 L 17
34 0 U 32
35 0 L -1
36 1 U 9
37 0 L 18
38 0 U 36
39 0 U 24
40 1 U 6
41 0 U -1
42 0 L 3
43 0 U 9
44 0 L 22
45 0 L -1
46 1 U -1
47 1 U 40
48 0 L 42
49 1 U 46
50 1 U -1
51 1 L 30
52 1 L 10
53 1 U 32
54 1 L 25
55 0 U 11
56 1 U 36
57 0 L 32
58 1 L 11
59 0 L 38
60 0 U 33
61 1 L 45
62 1 U 5
63 1 U 15
64 0 U 46
65 1 U 55
66 1 L 59
67 0 U -1
68 0 L 48
69 0 U 2
70 1 L 16
71 0 U -1
72 0 L 61
73 0 L 19
74 1 L -1
75 0 U 48
76 1 L 54
77 1 L 40
78 0 L 49
79 0 U -1
80 0 L 49
81 0 U 2
82 1 L 72
83 1 L 28
84 1 U 18
85 1 L 78
86 1 L 23
87 1 U 12
88 0 U 49
89 1 L 7
90
0 0 L -1
1 1 U -1
2 0 U -1
3 0 L 0
4 0 U -1
5 1 U -1
6 1 U -1
7 0 L 2
8 0 L 2
9 0 U 5
10 0 L 8
11 0 L -1
12 1 U 7
13 1 U -1
14 1 U -1
15 1 U 13
16 1 U 13
17 1 U 14
18 0 U -1
19 1 U 17
20 0 L 19
21 0 U 11
22 1 L -1
23 0 U -1
24 0 L 18
25 1 U 15
26 0 L 6
27 0 L 9
28 1 L 16
29 1 L 3
30 0 L 27
31 0 L 17
32 0 U 17
33 0 L 17
34 0 U 13
35 0 L -1
36 1 U 9
37 1 L 18
38 0 U 22
39 0 U 23
40 1 U 6
41 0 U -1
42 0 L 3
43 0 U 9
44 1 L 22
45 0 L -1
46 1 U -1
47 1 U 40
48 1 L 42
49 0 U 46
50 1 U -1
51 1 L 30
52 0 L 10
53 1 U 8
54 1 L 25
55 0 U 11
56 1 U 36
57 0 L 32
58 1 L 46
59 0 L 38
60 0 U 33
61 1 L 44
62 1 U 45
63 1 U 15
64 1 U 46
65 1 L 57
66 1 L 59
67 0 U -1
68 0 L 48
69 1 U 2
70 1 L 16
71 0 U -1
72 1 L 61
73 0 L 19
74 1 L -1
75 0 U 48
76 0 L 34
77 0 L 40
78 0 L 49
79 0 U -1
80 1 L 49
81 0 U 17
82 1 L 72
83 1 L 28
84 1 U 18
85 1 L 78
86 1 L 23
87 1 U 12
88 0 U 64
89 1 L 7
90
0 0 U -1
1 1 U -1
2 0 U -1
3 0 L 0
4 0 U -1
5 1 U -1
6 1 U -1
7 0 L 2
8 0 L 2
9 0 U 5
10 0 L 8
11 0 L -1
12 1 U 9
13 1 U -1
14 1 U -1
15 1 U 13
16 1 U 13
17 1 U 14
18 0 U -1
19 1 U 17
20 0 L 19
21 0 U 11
22 1 L -1
23 0 U -1
24 0 L 18
25 1 U 15
26 0 L 10
27 0 L 9
28 1 L 16
29 1 L 28
30 0 L 16
31 0 L 19
32 0 U 17
33 0 L 17
34 0 U 13
35 0 L 3
36 1 U 9
37 1 L 18
38 0 U 22
39 0 U 23
40 1 U 6
41 0 U -1
42 0 L 3
43 0 U 9
44 0 L 22
45 0 L -1
46 1 U -1
47 1 U 40
48 1 L 42
49 1 U 17
50 1 U -1
51 1 L 30
52 0 L 9
53 1 U 8
54 1 L 18
55 0 U 11
56 1 U 26
57 1 L 34
58 1 L 46
59 0 L 38
60 0 U 58
61 1 L 44
62 1 L 45
63 1 U 49
64 0 U 46
65 1 U 61
66 1 L 59
67 0 U -1
68 0 L 61
69 1 U 2
70 1 L 16
71 0 U -1
72 0 L 61
73 0 L 19
74 0 L -1
75 0 U 57
76 1 U 67
77 1 L 40
78 0 L 66
79 0 U -1
80 1 L 49
81 0 U 46
82 0 L 7
83 1 L 28
84 0 L 18
85 0 L 78
86 1 L 23
87 1 U 12
88 0 U 19
89 1 L 37
90
0 0 U -1
1 1 U -1
2 0 U -1
3 0 L 0
4 0 U -1
5 1 U -1
6 1 U -1
7 0 L 2
8 0 L 2
9 0 U 5
10 1 L 8
11 0 L -1
12 1 U 9
13 1 U -1
14 1 U -1
15 1 L 13
16 1 U 4
17 1 U 14
18 0 U -1
19 1 U 17
20 0 L 8
21 0 U 8
22 1 L -1
23 0 U -1
24 0 L 18
25 0 U 15
26 0 L 10
27 1 L 9
28 1 L 16
29 1 L 28
30 1 L 16
31 0 L 8
32 1 U 17
33 1 L 14
34 0 U 13
35 0 L 31
36 1 U 9
37 1 L 18
38 0 U 22
39 1 U 23
40 0 U 0
41 0 U -1
42 0 L 3
43 0 U 9
44 1 L 22
45 0 L -1
46 1 U -1
47 1 U 40
48 1 L 42
49 1 U 17
50 1 U -1
51 1 U 30
52 1 L 44
53 1 U 8
54 1 L 18
55 0 U 11
56 1 U 26
57 0 L 34
58 0 L 46
59 0 L 38
60 0 U 58
61 1 L 44
62 1 L 45
63 0 U 49
64 0 U 46
65 1 U 51
66 1 L 59
67 0 U -1
68 0 L 52
69 0 U 2
70 1 L 16
71 0 U -1
72 0 L 61
73 0 L 19
74 0 L -1
75 0 U 45
76 0 U 46
77 0 L 38
78 0 L 66
79 0 U -1
80 0 L 49
81 0 U 12
82 1 L 7
83 0 L 28
84 0 L 19
85 1 L 78
86 1 L 23
87 0 U 12
88 0 U 67
89 1 L 37
90
0 0 U -1
1 1 U -1
2 0 U -1
3 0 L 0
4 0 U -1
5 1 U -1
6 1 U -1
7 0 L 2
8 0 L 2
9 0 U 5
10 1 L 8
11 0 L -1
12 1 U 9
13 1 U -1
14 1 U -1
15 1 L 13
16 1 U 4
17 1 U 14
18 0 U -1
19 1 U 17
20 0 L 7
21 0 U 8
22 1 L -1
23 0 U -1
24 0 L 18
25 0 U 4
26 0 U 10
27 0 L 9
28 1 L 16
29 1 L 28
30 1 L 16
31 0 L 8
32 1 U 17
33 1 L 14
34 0 U 13
35 0 L 31
36 1 U 9
37 1 L 18
38 0 U 22
39 0 U 23
40 0 U 0
41 0 U -1
42 0 L 3
43 0 U 9
44 1 L 22
45 0 L -1
46 1 U -1
47 1 U 40
48 1 L 42
49 1 U 17
50 1 U -1
51 1 L 30
52 1 L 44
53 1 U 11
54 1 L 18
55 0 U 11
56 1 U 26
57 1 L 34
58 0 L 46
59 0 L 38
60 0 U 58
61 1 L 1
62 1 L 45
63 0 U 28
64 0 U 46
65 1 U 59
66 1 L 59
67 0 U -1
68 0 L 52
69 0 U 67
70 1 L 16
71 0 U -1
72 0 L 61
73 0 L 19
74 0 L -1
75 0 U 45
76 0 U 18
77 0 L 38
78 0 L 66
79 0 U -1
80 0 L 49
81 0 U 12
82 1 L 7
83 1 L 28
84 0 L 12
85 1 L 78
86 0 L 23
87 0 U 49
88 0 U 67
89 1 L 33
90
0 0 L -1
1 1 U -1
2 0 U -1
3 0 L 0
4 0 U -1
5 1 U -1
6 1 U -1
7 0 L 2
8 0 L 2
9 0 U 5
10 1 L 8
11 0 L -1
12 1 U 9
13 1 U -1
14 1 U -1
15 1 L 13
16 1 U 15
17 1 U 14
18 0 U -1
19 1 U 17
20 0 L 7
21 0 U 8
22 1 L -1
23 0 U -1
24 0 L 18
25 1 U 2
26 0 U 10
27 0 L 9
28 1 L 16
29 0 L 17
30 1 L 16
31 0 L 8
32 1 U 17
33 1 L 17
34 0 U 13
35 0 L 31
36 1 U 9
37 1 L 18
38 0 U 22
39 0 U 18
40 0 U 0
41 0 U -1
42 0 L 3
43 0 U 9
44 1 L 22
45 1 L -1
46 1 U -1
47 1 U 40
48 1 L 42
49 1 U 17
50 1 U -1
51 1 L 30
52 1 L 44
53 1 U 11
54 1 L 18
55 0 U 11
56 1 U 30
57 1 L 34
58 1 L 46
59 0 L 38
60 0 U 49
61 1 L 1
62 1 L 39
63 0 U 33
64 0 U 46
65 1 U 59
66 1 L 46
67 0 U -1
68 0 L 52
69 0 U 67
70 1 L 16
71 0 U -1
72 0 L 61
73 0 L 19
74 0 L -1
75 0 U 45
76 1 U 39
77 0 L 57
78 0 L 66
79 1 U -1
80 0 U 49
81 0 U 31
82 1 L 72
83 1 L 28
84 0 L 12
85 1 L 78
86 0 L 23
87 0 U 8
88 0 U 34
89 1 L 18
90
0 0 L -1
1 1 U -1
2 0 U -1
3 0 L 0
4 0 U -1
5 1 U -1
6 1 U -1
7 0 L 2
8 0 L 2
9 0 U 5
10 1 L 8
11 0 L -1
12 1 U 9
13 1 U -1
14 1 U -1
15 1 L 13
16 1 U 15
17 1 U 14
18 0 U -1
19 1 U 17
20 0 L 8
21 0 U 12
22 1 L -1
23 0 U -1
24 0 L 18
25 1 U 2
26 0 L 10
27 0 L 9
28 1 L 16
29 0 L 17
30 1 L 16
31 0 L 8
32 1 U 17
33 1 L 17
34 0 U 13
35 0 L 31
36 1 U 9
37 1 L 18
38 0 U 22
39 0 U 24
40 0 U 0
41 0 U -1
42 0 L 3
43 0 U 9
44 0 L 22
45 0 L -1
46 1 U -1
47 1 U 34
48 1 L 3
49 1 U 17
50 0 U -1
51 1 L 30
52 1 L 44
53 1 U 32
54 1 L 18
55 0 U 11
56 1 U 30
57 1 L 34
58 0 L 46
59 0 L 38
60 0 U 49
61 1 L 11
62 1 L 39
63 1 U 49
64 1 U 46
65 1 U 62
66 1 L 46
67 0 U -1
68 1 L 52
69 0 U 67
70 1 L 16
71 1 U -1
72 0 L 61
73 0 L 19
74 1 L -1
75 0 U 45
76 0 U 48
77 0 L 57
78 0 L 66
79 1 U -1
80 0 L 49
81 0 U 31
82 1 L 72
83 1 L 28
84 1 L 12
85 1 L 78
86 0 L 23
87 0 U 8
88 0 U 2
89 1 L 18
90
0 0 U -1
1 1 U -1
2 0 U -1
3 0 L 0
4 0 U -1
5 1 U -1
6 1 U -1
7 0 L 2
8 0 L 2
9 0 U 5
10 1 L 8
11 0 L -1
12 1 U 7
13 1 U -1
14 1 U -1
15 1 U 13
16 1 U 2
17 1 U 14
18 0 U -1
19 1 U 17
20 0 L 8
21 0 U 12
22 1 L -1
23 0 U -1
24 0 L 18
25 1 U 2
26 0 U 10
27 0 L 10
28 1 L 16
29 0 L 17
30 1 L 16
31 0 L 8
32 1 U 17
33 0 L 17
34 0 U 13
35 1 L 10
36 1 U 9
37 1 L 25
38 0 U 22
39 1 U 24
40 0 U 0
41 0 U -1
42 0 L 3
43 0 U 9
44 0 L 22
45 0 L -1
46 1 U -1
47 1 U 34
48 0 L 3
49 1 U 17
50 0 U -1
51 0 L 30
52 1 L 44
53 1 U 11
54 0 L 18
55 0 U 11
56 1 U 30
57 0 L 34
58 0 L 46
59 0 L 38
60 0 U 49
61 1 L 11
62 1 L 57
63 0 U 50
64 0 U 46
65 1 U 62
66 1 L 46
67 0 U -1
68 1 L 52
69 1 U 67
70 1 L 16
71 1 U -1
72 0 L 61
73 0 L 19
74 0 L -1
75 0 U 45
76 1 U 43
77 0 L 57
78 0 L 66
79 1 U -1
80 0 U 2
81 0 U 31
82 1 L 72
83 0 L 28
84 0 L 12
85 1 L 78
86 0 L 47
87 0 U 8
88 0 U 2
89 1 L 18
90
0 0 U -1
1 1 U -1
2 0 U -1
3 0 L 0
4 0 U -1
5 1 U -1
6 1 U -1
7 1 U 2
8 0 L 7
9 0 U 5
10 0 L 8
11 0 L -1
12 1 U 7
13 1 U -1
14 1 U -1
15 1 U 13
16 1 U 4
17 1 U 14
18 0 U -1
19 1 U 17
20 0 L 8
21 0 U 12
22 0 L -1
23 0 U -1
24 0 L 18
25 1 U 2
26 0 U 10
27 0 L 6
28 1 L 16
29 0 L 19
30 1 L 16
31 0 L 8
32 0 U 17
33 1 L 17
34 0 U 18
35 0 L 15
36 1 U 9
37 1 L 18
38 0 U 22
39 1 U 24
40 1 U 13
41 0 U -1
42 1 L 3
43 0 U 9
44 1 L 22
45 0 L -1
46 1 U -1
47 1 U 34
48 1 L 2
49 1 U 17
50 0 U -1
51 1 L 30
52 1 L 44
53 1 U 11
54 0 L 18
55 0 U 11
56 1 U 30
57 1 L 34
58 1 L 46
59 0 L 38
60 0 U 49
61 1 L 11
62 1 L 57
63 1 U 50
64 0 U 46
65 1 U 62
66 1 L 46
67 0 U -1
68 0 L 52
69 1 U 67
70 1 L 16
71 0 U -1
72 0 L 61
73 0 L 19
74 0 L -1
75 0 U 45
76 1 U 22
77 0 L 57
78 1 L 66
79 1 U -1
80 1 U 2
81 0 U 31
82 1 L 72
83 1 L 28
84 0 U 12
85 1 L 78
86 0 L 47
87 0 U 11
88 0 U 2
89 1 L 18
90
0 0 U -1
1 1 U -1
2 0 U -1
3 0 L 0
4 0 U -1
5 1 U -1
6 1 U -1
7 1 U 2
8 0 L 7
9 0 U 5
10 0 L 8
11 0 L -1
12 1 U 3
13 1 U -1
14 1 U -1
15 1 L 13
16 1 U 4
17 1 U 14
18 0 U -1
19 1 U 17
20 0 L 8
21 0 U 12
22 0 L -1
23 0 U -1
24 0 L 18
25 1 U 18
26 0 L 10
27 0 L 6
28 1 L 16
29 0 L 17
30 1 L 16
31 0 L 8
32 0 U 17
33 1 L 17
34 0 U 18
35 1 L 6
36 1 U 9
37 1 L 18
38 0 U 22
39 1 U 24
40 1 U 6
41 0 U -1
42 0 L 3
43 0 U 9
44 1 L 22
45 0 L -1
46 1 U -1
47 1 U 34
48 1 L 42
49 1 U 17
50 0 U -1
51 1 L 30
52 1 L 44
53 1 U 12
54 0 L 18
55 0 U 11
56 1 U 30
57 1 L 34
58 1 L 46
59 0 L 38
60 0 U 49
61 1 L 1
62 1 L 57
63 0 U 50
64 1 U 46
65 1 U 62
66 1 L 46
67 0 U -1
68 0 L 52
69 0 U 67
70 1 L 16
71 0 U -1
72 0 L 61
73 0 L 19
74 1 L -1
75 0 U 45
76 1 U 22
77 0 L 57
78 1 L 66
79 1 U -1
80 0 U 2
81 0 U 31
82 1 L 72
83 1 L 28
84 0 L 2
85 0 L 78
86 0 L 47
87 0 U 11
88 0 U 2
89 1 L 18
90
0 0 U -1
1 1 U -1
2 0 U -1
3 0 L 0
4 0 U -1
5 1 U -1
6 1 U -1
7 1 U 2
8 0 L 7
9 0 U 5
10 0 L 8
11 0 L -1
12 1 U 7
13 1 U -1
14 1 U -1
15 1 L 13
16 1 U 4
17 1 U 14
18 0 U -1
19 1 U 17
20 0 L 8
21 0 U 12
22 1 L -1
23 0 U -1
24 0 L 18
25 0 U 18
26 0 U 10
27 0 L 6
28 1 L 16
29 0 L 17
30 1 L 16
31 0 L 8
32 0 U 17
33 1 L 17
34 0 U 18
35 1 L 6
36 1 U 9
37 1 L 18
38 0 U 22
39 0 U 4
40 1 U 0
41 0 U -1
42 0 L 3
43 0 U 9
44 1 L 22
45 1 L -1
46 1 U -1
47 1 U 34
48 1 L 42
49 1 U 17
50 1 U -1
51 1 L 30
52 1 L 45
53 1 U 12
54 0 L 18
55 0 U 11
56 1 U 30
57 1 L 37
58 1 L 46
59 0 L 38
60 0 U 49
61 1 L 44
62 1 L 57
63 0 U 50
64 1 U 46
65 1 U 30
66 1 L 46
67 0 U -1
68 0 L 52
69 0 U 67
70 1 L 16
71 0 U -1
72 1 L 61
73 0 L 19
74 0 L -1
75 0 U 68
76 0 U 22
77 0 L 57
78 0 L 66
79 1 U -1
80 1 U 2
81 0 L 31
82 1 L 72
83 1 L 28
84 0 L 55
85 1 L 78
86 0 L 47
87 0 U 11
88 0 U 2
89 1 L 18
90
0 0 L -1
1 1 U -1
2 0 U -1
3 0 L 0
4 0 U -1
5 1 U -1
6 1 U -1
7 1 U 2
8 0 L 7
9 0 U 5
10 0 L 8
11 0 L -1
12 1 U 8
13 1 U -1
14 1 U -1
15 1 L 13
16 1 U 2
17 1 U 14
18 0 U -1
19 1 U 17
20 0 L 8
21 0 U 12
22 1 L -1
23 0 U -1
24 0 L 18
25 1 U 4
26 0 U 10
27 0 L 6
28 1 L 16
29 0 L 17
30 1 L 16
31 0 L 8
32 0 U 17
33 1 L 17
34 0 U 18
35 1 L 26
36 1 U 9
37 1 L 18
38 0 U 22
39 0 U 4
40 0 U 0
41 0 U -1
42 0 L 3
43 0 U 9
44 1 L 42
45 1 L -1
46 1 U -1
47 1 U 34
48 1 L 2
49 1 U 17
50 1 U -1
51 1 L 30
52 1 L 45
53 1 U 49
54 0 L 18
55 0 U 11
56 1 U 30
57 1 L 37
58 0 L 46
59 0 L 38
60 0 U 49
61 1 L 1
62 1 L 57
63 0 U 50
64 0 U 46
65 1 U 30
66 1 L 46
67 0 U -1
68 0 L 52
69 0 U 67
70 1 L 16
71 0 U -1
72 1 L 61
73 0 L 19
74 0 L -1
75 0 U 31
76 1 U 22
77 0 L 57
78 1 L 66
79 1 U -1
80 1 U 2
81 1 L 20
82 1 L 72
83 1 L 28
84 0 L 55
85 1 L 50
86 0 L 47
87 0 U 11
88 0 U 2
89 1 L 18
90
0 0 L -1
1 1 U -1
2 0 U -1
3 0 L 0
4 0 U -1
5 1 U -1
6 1 U -1
7 1 U 2
8 0 L 7
9 0 U 5
10 0 L 8
11 0 L -1
12 1 U 7
13 1 U -1
14 1 U -1
15 1 U 13
16 1 U 13
17 1 U 14
18 0 U -1
19 1 U 17
20 0 L 8
21 0 U 12
22 1 L -1
23 0 U -1
24 0 L 18
25 1 U 4
26 0 L 10
27 0 L 6
28 1 L 16
29 0 L 15
30 1 L 16
31 0 L 8
32 0 U 17
33 1 L 30
34 0 U 18
35 1 L 23
36 1 U 9
37 1 L 18
38 0 U 22
39 1 U 4
40 1 U 0
41 1 U -1
42 0 L 3
43 0 U 9
44 0 L -1
45 0 L -1
46 1 U -1
47 1 U 34
48 1 L 2
49 1 U 17
50 1 U -1
51 0 L 30
52 1 L 45
53 1 U 49
54 0 L 18
55 0 U 12
56 1 U 30
57 1 L 37
58 0 L 46
59 0 L 38
60 0 U 49
61 1 L 45
62 1 L 57
63 0 U 50
64 0 U 46
65 1 U 20
66 1 L 46
67 0 U -1
68 0 L 52
69 0 U 67
70 1 L 16
71 0 U -1
72 1 L 61
73 0 L 19
74 1 L -1
75 0 U 62
76 0 U 36
77 0 L 57
78 1 L 66
79 1 U -1
80 1 U 2
81 0 L 20
82 1 L 72
83 0 L 28
84 0 L 55
85 0 L 50
86 0 L 47
87 0 U 11
88 0 U 2
89 1 L 18
90
0 0 U -1
1 1 U -1
2 0 U -1
3 0 L 0
4 0 U -1
5 1 U -1
6 1 U -1
7 1 U 2
8 0 L 7
9 0 U 5
10 0 L 8
11 0 L -1
12 1 U 8
13 1 U -1
14 1 U -1
15 1 U 13
16 1 U 13
17 1 U 14
18 0 U -1
19 1 U 17
20 0 L 8
21 0 U 12
22 1 L -1
23 0 U -1
24 0 L 18
25 1 U 4
26 0 L 10
27 1 L 6
28 1 L 16
29 0 L 15
30 1 L 16
31 0 L 17
32 0 U 17
33 1 L 30
34 0 U 18
35 1 L 23
36 1 U 9
37 1 L 18
38 0 U 22
39 1 U 4
40 1 U 0
41 1 U -1
42 0 L 3
43 0 U 39
44 1 L 7
45 1 L -1
46 1 U -1
47 1 U 34
48 1 L 7
49 1 U 17
50 1 U -1
51 1 L 30
52 1 L 45
53 1 U 49
54 0 L 18
55 0 U 12
56 1 U 30
57 1 L 37
58 0 L 46
59 0 L 38
60 0 U 49
61 1 L 45
62 1 L 57
63 1 U 0
64 0 U 46
65 1 U 20
66 1 L 59
67 0 U -1
68 0 L 52
69 1 U 67
70 1 L 16
71 0 U -1
72 1 L 61
73 0 L 19
74 1 L -1
75 1 U 62
76 0 U 36
77 0 L 57
78 1 L 66
79 1 U -1
80 1 U 79
81 0 L 20
82 0 L 72
83 1 L 28
84 0 L 55
85 0 L 50
86 0 L 47
87 0 U 11
88 0 U 2
89 1 L 18
90
0 0 U -1
1 1 U -1
2 0 U -1
3 0 L 0
4 0 U -1
5 1 U -1
6 1 U -1
7 1 U 2
8 0 L 7
9 0 U 5
10 0 L 8
11 0 L -1
12 1 U 3
13 1 U -1
14 1 U -1
15 1 U 13
16 1 U 4
17 1 U 14
18 0 U -1
19 1 U 17
20 0 L 8
21 0 U 12
22 0 L -1
23 0 U -1
24 0 L 18
25 1 U 4
26 0 L 10
27 1 L 6
28 1 L 16
29 0 L 15
30 1 L 16
31 0 L 17
32 0 U 17
33 0 L 30
34 0 U 24
35 0 L 30
36 1 U 9
37 1 L 18
38 0 U 22
39 1 U 4
40 1 U 1
41 1 U -1
42 0 L 3
43 0 U 39
44 1 L 20
45 1 L -1
46 1 U -1
47 1 U 34
48 1 L 7
49 1 U 17
50 1 U -1
51 1 L 30
52 1 L 45
53 1 U 49
54 0 L 51
55 0 U 12
56 1 U 30
57 1 L 37
58 0 L 46
59 0 L 38
60 0 U 49
61 1 L 45
62 1 L 57
63 1 U 0
64 0 U 46
65 1 U 20
66 1 L 59
67 0 U -1
68 0 L 52
69 1 U 67
70 1 L 16
71 0 U -1
72 1 L 52
73 0 L 19
74 0 L -1
75 0 U 62
76 0 U 36
77 0 L 57
78 1 L 66
79 1 U -1
80 0 U 79
81 0 L 20
82 0 L 72
83 1 L 28
84 0 L 55
85 0 L 50
86 0 L 47
87 0 U 11
88 0 U 2
89 1 L 18
90
0 0 U -1
1 1 U -1
2 0 U -1
3 0 L 0
4 0 U -1
5 1 U -1
6 1 U -1
7 1 U 2
8 0 L 7
9 0 U 5
10 0 L 8
11 0 L -1
12 1 U 9
13 1 U -1
14 1 U -1
15 1 U 13
16 1 U 13
17 1 U 14
18 0 U -1
19 1 U 17
20 0 L 8
21 0 U 11
22 1 L -1
23 0 U -1
24 0 L 18
25 1 U 4
26 0 L 10
27 0 L 6
28 1 L 16
29 0 L 15
30 1 L 16
31 0 L 30
32 0 U 17
33 0 L 30
34 0 U 13
35 1 L 30
36 1 U 9
37 1 L 18
38 0 U 22
39 1 U 4
40 1 U 1
41 1 U -1
42 0 L 3
43 0 U 39
44 0 L 35
45 0 L -1
46 1 U -1
47 1 U 34
48 1 L 7
49 1 U 17
50 0 U -1
51 1 L 30
52 1 L 45
53 1 U 49
54 0 L 51
55 0 U 49
56 1 U 30
57 1 L 37
58 1 L 46
59 0 L 38
60 0 U 49
61 1 L 45
62 1 L 57
63 1 U 0
64 1 U 46
65 1 U 20
66 1 L 59
67 0 U -1
68 0 L 52
69 0 U 67
70 1 L 16
71 0 U -1
72 1 L 52
73 0 L 19
74 0 L -1
75 1 U 62
76 1 U 36
77 0 L 57
78 1 L 66
79 1 U -1
80 0 U 79
81 0 L 20
82 0 L 72
83 1 L 28
84 0 L 15
85 0 L 58
86 0 L 47
87 0 U 11
88 0 U 2
89 1 L 33
90
0 0 L -1
1 1 U -1
2 0 U -1
3 0 L 0
4 0 U -1
5 1 U -1
6 1 U -1
7 1 U 2
8 0 L 7
9 0 U 5
10 0 L 8
11 0 L -1
12 1 U 9
13 1 U -1
14 1 U -1
15 1 U 13
16 1 U 13
17 1 U 14
18 0 U -1
19 1 U 17
20 0 L 8
21 0 U 11
22 0 L 0
23 0 U -1
24 0 L 18
25 1 U 4
26 0 L 10
27 1 L 6
28 1 L 16
29 0 L 15
30 1 L 16
31 0 L 15
32 0 U 17
33 0 L 30
34 0 U 13
35 1 L 30
36 1 U 9
37 1 L 18
38 0 U 22
39 1 U 4
40 1 U 1
41 1 U -1
42 0 L 3
43 0 U 39
44 1 L 19
45 1 L -1
46 1 U -1
47 1 U 34
48 1 L 7
49 1 U 17
50 1 U -1
51 1 L 19
52 1 L 45
53 1 U 49
54 0 L 51
55 0 U 49
56 1 U 30
57 1 L 37
58 0 L 46
59 0 L 38
60 0 U 49
61 1 L 45
62 1 L 57
63 1 U 0
64 0 U 46
65 1 U 20
66 1 L 59
67 0 U -1
68 0 L 52
69 1 U 67
70 1 L 16
71 1 U -1
72 1 L 52
73 0 L 19
74 0 L -1
75 0 U 62
76 0 U 36
77 0 L 57
78 1 L 66
79 1 U -1
80 1 U 79
81 0 L 20
82 0 L 72
83 1 L 28
84 1 U 15
85 0 L 58
86 0 L 47
87 0 U 11
88 0 U 2
89 1 L 33
90
0 0 U -1
1 1 U -1
2 0 U -1
3 0 L 0
4 0 U -1
5 1 U -1
6 1 U -1
7 1 U 2
8 0 L 7
9 0 U 5
10 0 L 8
11 0 L -1
12 1 U 9
13 1 U -1
14 1 U -1
15 1 U 13
16 1 U 2
17 1 U 14
18 0 U -1
19 1 U 17
20 0 L 8
21 0 U 11
22 0 L 0
23 0 U -1
24 0 L 18
25 1 U 4
26 0 L 10
27 0 L 6
28 1 L 16
29 0 L 15
30 1 L 16
31 0 L 15
32 0 U 17
33 1 L 30
34 0 U 13
35 0 L 30
36 1 U 9
37 1 L 18
38 0 U 22
39 1 U 4
40 1 U 1
41 1 U -1
42 0 L 3
43 0 U 39
44 0 L 17
45 1 L -1
46 1 U -1
47 1 U 34
48 1 L 7
49 1 U 17
50 1 U -1
51 1 L 35
52 1 L 45
53 1 U 49
54 0 L 51
55 0 U 49
56 1 U 30
57 1 L 37
58 1 L 46
59 0 L 38
60 0 U 49
61 1 L 1
62 1 L 57
63 1 U 0
64 0 U 46
65 1 U 20
66 1 L 59
67 0 U -1
68 0 L 52
69 1 U 67
70 1 L 21
71 0 U -1
72 1 L 52
73 1 L 19
74 1 L -1
75 0 U 45
76 0 U 28
77 0 L 57
78 1 L 66
79 1 U -1
80 1 U 79
81 0 L 20
82 0 L 72
83 1 L 28
84 1 U 15
85 1 L 58
86 0 L 47
87 0 U 11
88 0 U 2
89 1 L 33
90
0 0 L -1
1 1 U -1
2 0 U -1
3 0 L 0
4 0 U -1
5 1 U -1
6 1 U -1
7 1 U 2
8 0 L 7
9 0 U 5
10 0 L 8
11 0 L -1
12 1 U 9
13 1 U -1
14 1 U -1
15 1 U 13
16 1 U 2
17 1 U 14
18 0 U -1
19 1 U 17
20 0 L 8
21 0 U 11
22 0 L 0
23 0 U -1
24 0 L 18
25 1 U 4
26 0 U 21
27 1 L 6
28 1 L 16
29 0 L 15
30 1 L 16
31 0 L 21
32 0 U 17
33 0 L 30
34 0 U 13
35 0 L 30
36 1 U 9
37 1 L 18
38 0 U 22
39 1 U 4
40 1 U 1
41 1 U -1
42 0 L 3
43 0 U 39
44 1 L 17
45 1 L -1
46 1 U -1
47 1 U 34
48 1 L 7
49 1 U 17
50 1 U -1
51 1 L 35
52 1 L 45
53 1 U 32
54 0 L 51
55 0 U 49
56 1 U 30
57 1 L 37
58 0 L 46
59 0 L 38
60 0 U 49
61 1 L 22
62 1 L 57
63 0 L 0
64 0 U 46
65 1 U 20
66 1 L 59
67 0 U -1
68 0 L 52
69 0 U 67
70 0 L 21
71 1 U -1
72 1 L 52
73 1 L 19
74 1 L -1
75 1 U 45
76 0 U 28
77 0 L 57
78 1 L 66
79 1 U -1
80 1 U 79
81 0 L 20
82 0 L 72
83 0 L 28
84 1 U 9
85 0 L 58
86 0 L 47
87 0 U 11
88 0 U 2
89 1 L 83
90
0 0 U -1
1 1 U -1
2 0 U -1
3 0 L 0
4 0 U -1
5 1 U -1
6 1 U -1
7 1 U 2
8 0 L 7
9 0 U 5
10 0 L 8
11 0 L -1
12 1 U 9
13 1 U -1
14 1 U -1
15 1 L 13
16 1 U 2
17 1 U 14
18 0 U -1
19 1 U 17
20 0 L 8
21 0 U 12
22 1 L 0
23 0 U -1
24 0 L 18
25 1 U 4
26 0 U 21
27 1 L 6
28 1 L 16
29 0 L 19
30 0 L 16
31 0 L 26
32 0 U 17
33 1 L 30
34 0 U 13
35 0 L 30
36 1 U 9
37 1 L 29
38 0 U 22
39 1 U 4
40 1 U 1
41 1 U -1
42 0 L 3
43 0 U 39
44 1 L 0
45 0 L -1
46 1 U -1
47 1 U 34
48 1 L 7
49 1 U 17
50 1 U -1
51 1 L 35
52 1 L 45
53 1 U 32
54 0 L 51
55 0 U 49
56 1 U 30
57 1 L 34
58 1 L 46
59 0 L 38
60 0 U 49
61 1 L 22
62 1 L 57
63 0 U 0
64 0 U 46
65 1 U 55
66 1 L 59
67 0 U -1
68 0 L 52
69 0 U 67
70 0 L 21
71 0 U -1
72 1 L 52
73 1 L 19
74 1 L -1
75 0 U 31
76 1 L 21
77 0 L 57
78 1 L 66
79 1 U -1
80 1 U 79
81 0 L 20
82 0 L 72
83 0 L 28
84 0 L 9
85 1 L 58
86 0 L 47
87 0 U 11
88 0 U 46
89 1 L 83
90
0 0 L -1
1 1 U -1
2 0 U -1
3 0 L 0
4 0 U -1
5 1 U -1
6 1 U -1
7 1 U 2
8 0 L 7
9 0 U 5
10 0 L 8
11 0 L -1
12 1 U 9
13 1 U -1
14 1 U -1
15 1 U 14
16 1 U 2
17 1 U 14
18 0 U -1
19 1 U 17
20 0 L 8
21 0 U 12
22 0 L 0
23 0 U -1
24 0 L 18
25 1 U 4
26 0 U 21
27 0 L 6
28 1 L 16
29 0 L 19
30 0 L 16
31 0 L 16
32 0 U 17
33 1 L 17
34 0 U 13
35 0 L 30
36 1 U 9
37 1 L 29
38 0 U 22
39 1 U 4
40 1 U 1
41 1 U -1
42 0 L 3
43 0 U 39
44 1 L 20
45 0 L -1
46 1 U -1
47 1 U 34
48 1 L 7
49 1 U 17
50 1 U -1
51 1 L 35
52 1 L 45
53 1 U 32
54 0 L 51
55 0 U 49
56 1 U 30
57 1 L 34
58 1 L 46
59 0 L 38
60 0 U 49
61 1 L 22
62 1 L 57
63 0 L 0
64 0 U 46
65 1 U 51
66 1 L 59
67 0 U -1
68 0 L 67
69 1 U 46
70 0 L 21
71 0 U -1
72 1 L 52
73 1 L 19
74 1 L -1
75 1 U 31
76 0 L 21
77 0 L 57
78 1 L 66
79 1 U -1
80 0 U 79
81 0 L 20
82 0 L 72
83 0 L 28
84 0 L 60
85 1 L 58
86 0 L 47
87 0 U 11
88 0 U 46
89 1 L 83
90
0 0 U -1
1 1 U -1
2 0 U -1
3 0 L 0
4 0 U -1
5 1 U -1
6 1 U -1
7 1 U 2
8 0 L 7
9 0 U 5
10 0 L 8
11 0 L -1
12 1 U 3
13 1 U -1
14 1 U -1
15 1 U 13
16 1 U 2
17 1 U 14
18 0 U -1
19 1 U 17
20 0 L 8
21 0 U 12
22 1 L 0
23 0 U -1
24 0 L 18
25 1 U 2
26 0 U 21
27 0 L 6
28 1 L 16
29 0 L 19
30 0 L 16
31 0 L 16
32 0 U 17
33 1 L 17
34 0 U 13
35 0 L 30
36 1 U 9
37 1 L 18
38 0 U 22
39 1 U 4
40 1 U 1
41 1 U -1
42 0 L 22
43 0 U 39
44 1 L 12
45 1 L -1
46 1 U -1
47 1 U 34
48 1 L 7
49 1 U 17
50 1 U -1
51 1 L 35
52 1 L 45
53 1 U 32
54 0 L 51
55 0 U 49
56 1 U 21
57 1 L 34
58 1 L 46
59 0 L 38
60 0 U 49
61 1 L 22
62 1 L 57
63 0 U 0
64 1 U 46
65 1 U 51
66 1 L 59
67 0 U -1
68 0 L 67
69 1 U 46
70 0 L 21
71 0 U -1
72 1 L 52
73 1 L 19
74 1 L -1
75 1 U 31
76 0 L 26
77 0 L 57
78 1 L 66
79 1 U -1
80 0 U 15
81 0 L 20
82 0 L 72
83 0 L 28
84 0 L 20
85 1 L 58
86 0 L 77
87 0 U 11
88 0 U 46
89 1 L 29
90
0 0 U -1
1 1 U -1
2 0 U -1
3 0 L 0
4 0 U -1
5 1 U -1
6 1 U -1
7 1 U 2
8 0 L 2
9 0 U 5
10 0 L 8
11 0 L -1
12 1 U 3
13 1 U -1
14 1 U -1
15 1 L 13
16 1 U 2
17 1 U 14
18 0 U -1
19 1 U 17
20 0 L 8
21 0 U 12
22 1 L 0
23 0 U -1
24 0 L 18
25 1 U 4
26 0 U 21
27 0 L 6
28 1 L 15
29 0 L 14
30 0 L 16
31 0 L 16
32 0 U 17
33 1 L 17
34 0 U 5
35 1 L 30
36 1 U 9
37 1 L 29
38 0 U 22
39 0 U 4
40 1 U 1
41 1 U -1
42 0 L 22
43 0 U 39
44 1 L 12
45 0 L -1
46 1 U -1
47 1 U 34
48 1 L 7
49 1 U 17
50 1 U -1
51 1 L 35
52 1 L 45
53 1 U 11
54 0 L 51
55 0 U 11
56 1 U 21
57 1 L 34
58 1 L 46
59 0 L 38
60 0 U 49
61 1 L 22
62 1 L 57
63 0 U 0
64 1 U 46
65 1 U 51
66 1 L 59
67 0 U -1
68 0 L 67
69 0 U 46
70 1 L 27
71 0 U -1
72 1 L 52
73 0 L 19
74 1 L -1
75 1 U 52
76 1 L 67
77 0 L 57
78 1 L 66
79 1 U -1
80 0 U 46
81 0 L 20
82 0 L 72
83 1 L 28
84 0 L 20
85 1 L 58
86 0 L 77
87 0 U 11
88 0 U 46
89 1 L 29
90
0 0 L -1
1 1 U -1
2 0 U -1
3 0 L 0
4 0 U -1
5 1 U -1
6 1 U -1
7 1 U 2
8 0 L 2
9 0 U 5
10 0 L 8
11 0 L -1
12 1 U 3
13 1 U -1
14 1 U -1
15 1 L 13
16 1 U 2
17 1 U 14
18 0 U -1
19 1 U 17
20 0 L 8
21 0 U 12
22 0 L 0
23 0 U -1
24 0 L 18
25 1 U 4
26 0 U 22
27 1 L 6
28 1 L 16
29 0 L 14
30 0 L 16
31 0 L 21
32 0 U 17
33 1 L 17
34 0 U 24
35 0 L 30
36 1 U 9
37 1 L 18
38 0 U 22
39 0 U 4
40 1 U 1
41 1 U -1
42 0 L 22
43 0 U 39
44 0 L 12
45 0 L -1
46 1 U -1
47 1 U 34
48 1 L 7
49 1 U 17
50 1 U -1
51 1 L 35
52 1 L 45
53 1 U 11
54 0 L 51
55 0 U 11
56 1 U 21
57 1 L 34
58 1 L 46
59 1 L 38
60 0 U 49
61 1 L 22
62 1 L 39
63 0 U 13
64 0 U 46
65 1 U 51
66 1 L 59
67 0 U -1
68 0 L 67
69 0 U 46
70 1 L 27
71 0 U -1
72 1 L 52
73 1 L 19
74 0 L -1
75 1 U 48
76 0 L 67
77 0 L 57
78 1 L 66
79 1 U -1
80 0 U 46
81 0 L 20
82 0 L 72
83 1 L 28
84 0 L -1
85 1 L 58
86 0 L 77
87 0 U 11
88 0 U 46
89 1 L 29
90
0 0 U -1
1 1 U -1
2 0 U -1
3 0 L 0
4 0 U -1
5 1 U -1
6 1 U -1
7 1 U 2
8 0 L 2
9 0 U 5
10 0 L 8
11 0 L -1
12 1 U 3
13 1 U -1
14 1 U -1
15 0 U 2
16 1 U 2
17 1 U 14
18 0 U -1
19 1 U 17
20 0 L 8
21 0 U 12
22 1 L 0
23 0 U -1
24 0 L 18
25 1 U 4
26 0 U 22
27 0 L 6
28 1 L 16
29 0 L 14
30 0 L 16
31 0 L 21
32 0 U 17
33 1 L 30
34 0 U 5
35 0 L 30
36 1 U 9
37 1 L 18
38 0 U 10
39 0 U 4
40 1 U 1
41 1 U -1
42 0 L 22
43 0 U 39
44 1 L 12
45 1 L -1
46 1 U -1
47 1 U 34
48 1 L 7
49 1 U 17
50 1 U -1
51 1 L 35
52 1 L 45
53 1 U 11
54 0 L 51
55 0 U 11
56 1 U 22
57 1 L 34
58 1 L 46
59 0 L 38
60 0 U 49
61 1 L 22
62 1 L 39
63 0 U 13
64 0 U 46
65 1 U 51
66 1 L 59
67 0 U -1
68 0 L 67
69 0 U 46
70 1 L 27
71 0 U -1
72 1 L 52
73 0 L 19
74 0 L -1
75 1 U 48
76 1 L 67
77 1 L 57
78 1 L 66
79 1 U -1
80 0 U 46
81 0 L 20
82 0 L 72
83 1 L 28
84 0 L 71
85 1 L 58
86 0 L 77
87 0 U 11
88 0 U 46
89 1 L 29
90
0 0 L -1
1 1 U -1
2 0 U -1
3 0 L 0
4 0 U -1
5 1 U -1
6 1 U -1
7 1 U 2
8 0 L 2
9 0 U 5
10 0 L 8
11 0 L -1
12 1 U 3
13 1 U -1
14 1 U -1
15 0 U 2
16 1 U 2
17 1 U 14
18 0 U -1
19 1 U 17
20 0 L 8
21 0 U 12
22 0 L 0
23 0 U -1
24 0 L 18
25 1 U 4
26 0 U 10
27 0 L 6
28 1 L 16
29 0 L 14
30 0 L 16
31 0 L 21
32 0 U 17
33 1 L 30
34 0 U 5
35 1 L 30
36 1 U 9
37 1 L 18
38 0 U 10
39 0 U 4
40 1 U 0
41 1 U -1
42 0 L 22
43 0 U 39
44 0 L 15
45 1 L -1
46 1 U -1
47 1 U 34
48 1 L 7
49 1 U 17
50 1 U -1
51 1 L 35
52 1 L 45
53 1 U 11
54 0 L 51
55 0 U 49
56 1 U 22
57 1 L 34
58 1 L 46
59 1 L 38
60 0 U 49
61 1 L 11
62 1 L 39
63 0 U 13
64 1 U 46
65 1 U 58
66 1 L 59
67 0 U -1
68 0 L 67
69 1 U 46
70 1 L 27
71 0 U -1
72 1 L 52
73 0 L 19
74 1 L -1
75 1 U 35
76 0 L 67
77 0 L 57
78 1 L 66
79 1 U -1
80 0 U 39
81 0 L 20
82 0 L 72
83 1 L 28
84 0 L 20
85 1 L 58
86 0 L 77
87 0 U 11
88 0 U 46
89 0 L 29
90
0 0 L -1
1 1 U -1
2 0 U -1
3 0 L 0
4 0 U -1
5 1 U -1
6 1 U -1
7 1 U 2
8 0 L 7
9 0 U 5
10 0 L 8
11 0 L -1
12 1 U 3
13 1 U -1
14 1 U -1
15 1 U 13
16 1 U 2
17 1 U 14
18 0 U -1
19 1 U 17
20 0 L 8
21 0 U 12
22 1 L 0
23 0 U -1
24 0 L 18
25 1 U 4
26 0 U 10
27 1 L 6
28 1 L 16
29 0 L 14
30 0 L 21
31 0 L 21
32 0 U 17
33 1 L 19
34 0 U 5
35 0 L 30
36 1 U 9
37 1 L 18
38 0 U 10
39 0 U 4
40 1 U 0
41 1 U -1
42 0 L 22
43 0 U 39
44 0 L 0
45 1 L -1
46 1 U -1
47 1 U 34
48 1 L 7
49 1 U 17
50 1 U -1
51 1 L 35
52 1 L 45
53 1 U 11
54 0 L 51
55 0 U 49
56 1 U 22
57 1 L 34
58 1 L 46
59 1 L 38
60 0 U 49
61 1 L 11
62 1 L 39
63 0 U 5
64 0 U 46
65 1 U 51
66 1 L 59
67 0 U -1
68 0 L 67
69 0 U 46
70 1 L 27
71 0 U -1
72 1 L 52
73 0 L 19
74 0 L -1
75 1 U 35
76 0 L 67
77 0 L 57
78 1 L 66
79 1 U -1
80 0 U 46
81 0 L 20
82 0 L 72
83 1 L 28
84 0 L 9
85 1 L 58
86 0 L 77
87 0 U 11
88 0 U 46
89 1 L 29
90
0 0 L -1
1 1 U -1
2 0 U -1
3 0 L 0
4 0 U -1
5 1 U -1
6 1 U -1
7 1 U 2
8 0 L 7
9 0 U 5
10 0 L 8
11 0 L -1
12 1 U 9
13 1 U -1
14 1 U -1
15 1 L -1
16 1 U 2
17 1 U 14
18 0 U -1
19 1 U 17
20 0 L 8
21 0 U 12
22 1 L 0
23 0 U -1
24 0 L 18
25 1 U 4
26 0 L 10
27 0 L 6
28 1 L 16
29 0 L 14
30 0 L 21
31 0 U 20
32 0 U 17
33 1 L 19
34 0 U 5
35 0 L 30
36 1 U 9
37 1 L 18
38 0 U 10
39 0 U 4
40 1 U 1
41 1 U -1
42 0 L 22
43 0 U 39
44 1 L 0
45 0 L -1
46 1 U -1
47 1 U 34
48 1 L 7
49 1 U 17
50 1 U -1
51 1 L 35
52 1 L 45
53 1 U 11
54 0 L 51
55 0 U 12
56 1 U 22
57 1 L 34
58 1 L 46
59 1 L 38
60 0 U 49
61 1 L 11
62 1 L 57
63 1 U 1
64 0 U 46
65 1 U 51
66 1 L 59
67 0 U -1
68 0 L 67
69 0 U 46
70 1 L 27
71 0 U -1
72 1 L 52
73 0 L 19
74 1 L -1
75 1 U 35
76 1 L 67
77 0 L 57
78 1 L 66
79 1 U -1
80 0 U 46
81 0 L 2
82 1 L 4
83 1 L 28
84 1 L 9
85 1 L 58
86 0 L 77
87 0 U 11
88 0 U 46
89 0 L 29
90
0 0 U -1
1 1 U -1
2 0 U -1
3 0 L 0
4 0 U -1
5 1 U -1
6 1 U -1
7 1 U 2
8 0 L 7
9 0 U 5
10 0 L 8
11 0 L -1
12 1 U 9
13 1 U -1
14 1 U -1
15 1 L -1
16 1 U 4
17 1 U 14
18 0 U -1
19 1 U 17
20 1 L 8
21 0 U 12
22 1 L 0
23 0 U -1
24 0 L 18
25 1 U 2
26 0 L 10
27 1 L 6
28 1 L 16
29 0 L 14
30 0 L 16
31 0 U 30
32 0 U 17
33 1 L 19
34 0 U 5
35 0 U 30
36 1 U 9
37 1 L 18
38 0 U 10
39 0 U 4
40 1 U 1
41 1 U -1
42 0 L 22
43 0 U 39
44 0 L 15
45 0 L -1
46 1 U -1
47 1 U 34
48 1 L 7
49 1 U 17
50 1 U -1
51 1 L 35
52 1 L 45
53 1 U 11
54 0 L 51
55 0 U 12
56 1 U 42
57 1 L 34
58 1 L 46
59 0 L 38
60 0 U 49
61 1 L 1
62 1 L 57
63 1 U 1
64 0 U 46
65 1 U 51
66 1 L 59
67 0 U -1
68 0 L 67
69 0 U 46
70 1 L 16
71 0 U -1
72 1 L 52
73 1 L 29
74 0 L -1
75 1 U 59
76 1 L 67
77 1 L 57
78 1 L 20
79 1 U -1
80 1 U 34
81 0 L 2
82 1 L 4
83 0 L 28
84 0 U 25
85 1 L 58
86 0 L 77
87 0 U 11
88 0 U 2
89 1 L 78
90
0 0 L -1
1 1 U -1
2 0 U -1
3 0 L 0
4 0 U -1
5 1 U -1
6 1 U -1
7 1 U 2
8 0 L 7
9 0 U 5
10 0 L 8
11 0 L -1
12 1 U 9
13 1 U -1
14 1 U -1
15 1 L -1
16 1 U 2
17 1 U 14
18 0 U -1
19 1 U 17
20 1 L 8
21 0 U 12
22 1 L 0
23 0 U -1
24 0 L 18
25 1 U 4
26 0 L 10
27 1 L 6
28 1 L 16
29 0 L 14
30 0 L 16
31 0 U 30
32 0 U 17
33 1 L 30
34 0 U 5
35 1 U 20
36 1 U 9
37 1 L 18
38 0 U 10
39 0 U 4
40 1 U 1
41 1 U -1
42 0 L 22
43 0 U 39
44 1 L 35
45 1 L -1
46 1 U -1
47 1 U 34
48 1 L 7
49 1 U 17
50 1 U -1
51 1 L 35
52 1 L 45
53 1 U 11
54 0 L 51
55 0 U 12
56 1 U 15
57 1 L 34
58 1 L 46
59 0 L 38
60 0 U 49
61 1 L 1
62 1 L 57
63 1 U 0
64 1 U 46
65 1 U 20
66 1 L 27
67 0 U -1
68 0 L 67
69 0 U 46
70 1 L 16
71 0 U -1
72 1 L 52
73 1 L 29
74 0 L 59
75 1 U 51
76 1 L 67
77 0 L 57
78 1 L 20
79 1 U -1
80 0 U 34
81 0 L 2
82 1 L 4
83 0 L 31
84 0 U 25
85 1 L 58
86 0 L 77
87 0 U 11
88 0 U 46
89 1 L 78
90
0 0 U -1
1 1 U -1
2 0 U -1
3 0 L 0
4 0 U -1
5 1 U -1
6 1 U -1
7 1 U 2
8 0 L 7
9 0 U 5
10 0 L 8
11 0 L -1
12 1 U 9
13 1 U -1
14 1 U -1
15 1 L -1
16 1 U 2
17 1 U 14
18 0 U -1
19 1 U 17
20 1 L 8
21 0 U 11
22 0 L 0
23 0 U -1
24 0 L 18
25 1 U 18
26 0 L 10
27 1 L 10
28 1 L 16
29 0 L 14
30 0 L 16
31 0 U 30
32 0 U 17
33 1 L 19
34 0 U 24
35 1 U 20
36 1 U 9
37 1 L 18
38 0 U 10
39 0 U 4
40 1 U 1
41 1 U -1
42 0 L 22
43 0 U 39
44 1 L 35
45 1 L -1
46 1 U -1
47 1 U 34
48 1 L 7
49 1 U 17
50 1 U -1
51 1 L 35
52 1 L 45
53 1 U 11
54 0 L 51
55 0 U 49
56 1 U 38
57 1 L 34
58 1 L 46
59 0 L 38
60 0 U 49
61 1 L 11
62 0 L 44
63 0 U 0
64 0 U 46
65 1 U 52
66 1 L 27
67 0 U -1
68 0 L 67
69 0 U 46
70 1 L 16
71 0 U -1
72 1 L 52
73 1 L 29
74 0 L 46
75 0 U 51
76 0 L 67
77 0 L 57
78 1 L 20
79 1 U -1
80 1 U 34
81 0 L 52
82 1 L 4
83 0 L 31
84 0 U 25
85 1 L 58
86 1 L 77
87 0 U 11
88 0 U 46
89 1 L 78
90
0 0 L -1
1 1 U -1
2 0 U -1
3 0 L 0
4 0 U -1
5 1 U -1
6 1 U -1
7 1 U 2
8 0 L 7
9 0 U 5
10 0 L 8
11 0 L -1
12 1 U 9
13 1 U -1
14 1 U -1
15 1 L -1
16 1 U 2
17 1 U 14
18 0 U -1
19 1 U 17
20 1 L 8
21 0 U 11
22 1 L 0
23 0 U -1
24 0 L 18
25 1 U 2
26 0 L 10
27 1 L 6
28 1 L 16
29 0 L 14
30 0 L 26
31 0 U 30
32 0 U 17
33 1 L 19
34 0 U 24
35 0 U 20
36 1 U 9
37 1 L 18
38 0 U 36
39 0 U 4
40 1 U 1
41 1 U -1
42 0 L 22
43 0 U 39
44 1 L 35
45 0 L -1
46 1 U -1
47 1 U 34
48 1 L 7
49 1 U 17
50 1 U -1
51 1 L 35
52 1 L 45
53 1 U 11
54 0 L 51
55 0 U 49
56 1 U 38
57 1 L 34
58 1 L 46
59 0 L 38
60 0 U 49
61 1 L 11
62 0 L 44
63 0 U 0
64 0 U 46
65 1 U 20
66 1 L 27
67 0 U -1
68 0 L 67
69 0 U 2
70 1 L 16
71 0 U -1
72 1 L 52
73 1 L 29
74 0 L 46
75 1 U 20
76 0 L 67
77 0 L 57
78 1 L 20
79 1 U -1
80 1 U 34
81 0 L 52
82 1 L 4
83 0 L 31
84 0 U 3
85 1 L 58
86 1 L 43
87 0 U 11
88 0 U 46
89 1 L 78
90
0 0 L -1
1 1 U -1
2 0 U -1
3 0 L 0
4 0 U -1
5 1 U -1
6 1 U -1
7 1 U 2
8 0 L 7
9 0 U 5
10 0 L 8
11 0 L -1
12 1 U 9
13 1 U -1
14 1 U -1
15 1 L -1
16 0 U 13
17 1 U 14
18 0 U -1
19 1 U 17
20 1 L 8
21 0 U 11
22 0 L 0
23 0 U -1
24 0 L 18
25 1 U 18
26 0 L 10
27 1 L 6
28 1 L 16
29 0 L 14
30 0 L 26
31 0 U 30
32 0 U 17
33 1 L 30
34 0 U 24
35 0 U 20
36 1 U 9
37 1 L 18
38 0 U 36
39 0 U 4
40 1 U 1
41 1 U -1
42 0 L 22
43 0 U 39
44 1 L 35
45 0 L -1
46 1 U -1
47 1 U 34
48 1 L 7
49 1 U 17
50 1 U -1
51 1 L 35
52 1 L 45
53 1 U 11
54 0 L 51
55 0 U 11
56 1 U 38
57 1 L 34
58 1 L 46
59 1 L 38
60 0 U 49
61 1 L 11
62 0 L 44
63 0 U 0
64 1 U 46
65 1 U 20
66 1 L 27
67 0 U -1
68 0 L 67
69 0 U 2
70 1 L 16
71 0 U -1
72 1 L 52
73 1 L 29
74 0 L 46
75 1 U 51
76 1 L 67
77 0 L 39
78 1 L 20
79 1 U -1
80 0 U 34
81 0 L 52
82 1 L 4
83 0 L 31
84 0 U 3
85 1 L 58
86 1 L 43
87 0 U 11
88 0 U 63
89 1 L 82
90
0 0 U -1
1 1 U -1
2 0 U -1
3 0 L 0
4 0 U -1
5 1 U -1
6 1 U -1
7 1 U 2
8 0 L 7
9 0 U 5
10 1 L 8
11 0 L -1
12 1 U 9
13 1 U -1
14 1 U -1
15 1 L -1
16 0 U 13
17 1 U 14
18 0 U -1
19 1 U 17
20 1 L 8
21 0 U 11
22 0 L 0
23 0 U -1
24 0 L 18
25 1 U 18
26 0 L 6
27 1 L 6
28 0 L 16
29 0 L 14
30 0 L 26
31 0 U 30
32 0 U 17
33 1 L 14
34 0 U 24
35 1 U 15
36 1 U 9
37 1 L 33
38 0 U 36
39 0 U 4
40 1 U 0
41 1 U -1
42 0 L 22
43 0 U 39
44 1 U 35
45 1 L -1
46 1 U -1
47 1 U 34
48 1 L 7
49 1 U 17
50 1 U -1
51 1 L 35
52 1 L 45
53 1 U 11
54 0 L 51
55 0 U 11
56 1 U 42
57 0 L -1
58 1 L 46
59 0 L 38
60 0 U 49
61 1 L 11
62 0 L 44
63 0 U 0
64 0 U 46
65 1 U 51
66 1 L 27
67 0 U -1
68 0 L 67
69 1 U 63
70 1 L 16
71 0 U -1
72 1 L 52
73 1 L 29
74 0 L 46
75 1 U 35
76 1 L 67
77 0 L 39
78 1 L 20
79 1 U -1
80 0 U 2
81 0 L 2
82 1 L 4
83 0 L 31
84 0 U 3
85 1 L 58
86 1 L 43
87 0 U 11
88 0 U 63
89 1 L 82
90
0 0 L -1
1 1 U -1
2 0 U -1
3 0 L 0
4 0 U -1
5 1 U -1
6 1 U -1
7 1 U 2
8 0 L 7
9 0 U 5
10 1 L 8
11 0 L -1
12 1 U 9
13 1 U -1
14 1 U -1
15 1 L -1
16 0 U 13
17 1 U 14
18 0 U -1
19 1 U 17
20 1 L 8
21 0 U 11
22 1 L 0
23 0 U -1
24 0 L 18
25 1 U 18
26 0 L 6
27 1 L 6
28 0 L 16
29 0 U 19
30 0 L 26
31 0 U 30
32 0 U 17
33 1 L 28
34 0 U 5
35 0 U 15
36 1 U 25
37 1 L 33
38 0 U 36
39 0 U 4
40 1 U 0
41 1 U -1
42 0 L 22
43 0 U 39
44 0 U 35
45 1 L -1
46 1 U -1
47 1 U 34
48 1 L 7
49 1 U 17
50 1 U -1
51 1 L 35
52 1 L 45
53 1 U 11
54 0 L 51
55 0 U 28
56 1 U 10
57 0 L 15
58 1 L 46
59 0 L 38
60 0 U 49
61 1 L 11
62 1 L 28
63 0 U 0
64 1 U 46
65 1 U 51
66 1 L 27
67 0 U -1
68 0 L 64
69 1 U 63
70 1 L 66
71 0 U -1
72 1 L 52
73 1 L 25
74 0 L 46
75 1 U 58
76 1 L 62
77 1 L 39
78 1 L 20
79 1 U -1
80 0 U 2
81 0 L 61
82 1 L 4
83 0 L 31
84 0 U 3
85 1 L 58
86 1 L 43
87 0 U 11
88 0 U 63
89 1 L 9
90
0 0 L -1
1 1 U -1
2 0 U -1
3 0 L 0
4 0 U -1
5 1 U -1
6 1 U -1
7 1 U 2
8 0 L 7
9 0 U 5
10 1 L 8
11 0 L -1
12 0 U 9
13 1 U -1
14 1 U -1
15 1 L -1
16 0 U 13
17 1 U 14
18 0 U -1
19 1 U 17
20 1 L 8
21 0 U 11
22 1 L 0
23 0 U -1
24 0 L 18
25 1 U 18
26 0 L 6
27 0 L 9
28 0 L 16
29 0 U 19
30 0 L 26
31 0 U 30
32 0 U 17
33 1 L 28
34 0 U 5
35 1 U 15
36 1 U 25
37 1 L 33
38 0 U 36
39 0 U 4
40 1 U 23
41 1 U -1
42 0 L 22
43 0 U 39
44 0 U 35
45 0 L -1
46 1 U -1
47 1 U 34
48 1 L 7
49 1 U 17
50 1 U -1
51 1 L 35
52 1 L 45
53 1 U 11
54 0 L 51
55 0 U 28
56 1 U 10
57 0 L 15
58 1 L 46
59 1 L 38
60 0 U 49
61 1 L 11
62 1 L 28
63 0 U 0
64 1 U 63
65 1 U 51
66 1 L 27
67 0 U -1
68 0 L 64
69 1 U 63
70 1 L 66
71 0 U -1
72 1 L 52
73 1 L 25
74 0 L 46
75 0 U 35
76 1 L 62
77 0 L 54
78 1 L 20
79 1 U -1
80 0 U 2
81 0 L 7
82 1 L 4
83 0 L 70
84 0 U 7
85 1 L 58
86 1 L 43
87 0 U 11
88 0 U 63
89 1 L 9
90
0 0 L -1
1 1 U -1
2 0 U -1
3 0 L 0
4 0 U -1
5 1 U -1
6 1 U -1
7 1 U 2
8 0 L 7
9 0 U 5
10 1 L 8
11 0 L -1
12 1 U 9
13 1 U -1
14 1 U -1
15 1 L -1
16 0 U 13
17 1 U 14
18 0 U -1
19 1 U 17
20 1 L 8
21 0 U 11
22 1 L 0
23 0 U -1
24 0 L 18
25 1 U 18
26 0 L 6
27 1 L 6
28 0 L 16
29 0 U 19
30 0 L 26
31 0 U 30
32 0 U 17
33 1 L 28
34 0 U 5
35 1 U 15
36 1 U 25
37 1 L 33
38 0 U 36
39 0 U 4
40 1 U 23
41 1 U -1
42 0 L 22
43 0 U 39
44 0 U 35
45 1 L -1
46 1 U -1
47 1 U 34
48 1 L 7
49 1 U 17
50 1 U -1
51 1 L 35
52 1 L 45
53 1 U 12
54 0 L 51
55 0 U 28
56 1 U 10
57 0 L -1
58 1 L 46
59 1 L 38
60 0 U 12
61 1 L 11
62 1 L 28
63 0 U 0
64 1 U 46
65 0 U 35
66 1 L 27
67 0 U -1
68 0 L 64
69 1 U 63
70 1 L 66
71 0 U -1
72 1 L 52
73 1 L 25
74 0 L 46
75 0 U 55
76 0 L 62
77 0 L 54
78 1 L 20
79 1 U -1
80 0 U 2
81 0 L 7
82 1 L 4
83 0 L 70
84 0 U 7
85 1 L 58
86 1 L 43
87 0 U 11
88 0 U 63
89 1 L 9
90
0 0 U -1
1 1 U -1
2 0 U -1
3 0 L 0
4 0 U -1
5 1 U -1
6 1 U -1
7 1 U 2
8 0 L 7
9 0 U 5
10 1 L 8
11 0 L -1
12 1 U 9
13 1 U -1
14 1 U -1
15 1 L -1
16 0 U 13
17 1 U 14
18 0 U -1
19 1 U 17
20 1 L 8
21 0 U 11
22 1 L 0
23 0 U -1
24 0 L 18
25 1 U 18
26 0 L 6
27 1 L 6
28 0 L 16
29 0 L 19
30 0 U 28
31 0 U 30
32 0 U 17
33 0 L 30
34 0 U 5
35 0 U 15
36 1 U 25
37 1 L 29
38 0 U 36
39 0 U 4
40 1 U 23
41 1 U -1
42 0 L 22
43 0 U 39
44 0 L 39
45 1 L -1
46 1 U -1
47 1 U 34
48 1 L 7
49 1 U 17
50 1 U -1
51 1 L 35
52 1 L 45
53 1 U 28
54 0 L 51
55 0 U 28
56 1 U 32
57 0 L -1
58 1 L 46
59 0 L 38
60 0 U 12
61 1 L 22
62 1 L 28
63 0 U 0
64 1 U 46
65 0 U 35
66 1 L 27
67 0 U -1
68 1 L 64
69 0 U 46
70 1 L 66
71 0 U -1
72 1 L 52
73 1 L 25
74 1 L 55
75 0 U 55
76 0 L 62
77 1 L 54
78 1 L 20
79 1 U -1
80 0 U 63
81 0 L 7
82 1 L 48
83 1 L 70
84 0 U 7
85 1 L 58
86 1 L 43
87 0 U 11
88 0 U 63
89 1 L 82
90
0 0 L -1
1 1 U -1
2 0 U -1
3 0 L 0
4 0 U -1
5 1 U -1
6 1 U -1
7 1 U 2
8 0 L 7
9 0 U 5
10 1 L 8
11 0 L -1
12 1 U 9
13 1 U -1
14 1 U -1
15 1 L -1
16 0 U 13
17 1 U 14
18 0 U -1
19 1 U 17
20 1 L 8
21 0 U 11
22 0 L 0
23 0 U -1
24 0 L 18
25 1 U 18
26 0 L 6
27 0 L 6
28 0 L 16
29 0 L 19
30 0 U 28
31 0 U 30
32 0 U 17
33 0 L 30
34 0 U 5
35 0 U 33
36 1 U 8
37 1 L 29
38 0 U 36
39 0 U 4
40 1 U 23
41 1 U -1
42 0 L 22
43 0 U 39
44 0 L 35
45 0 L -1
46 1 U -1
47 1 U 34
48 1 L 7
49 1 U 17
50 1 U -1
51 1 L 35
52 1 L 45
53 1 U 28
54 0 L 51
55 0 U 28
56 1 U 28
57 0 L -1
58 1 L 46
59 0 L 38
60 0 U 12
61 1 L 22
62 1 L 28
63 0 U 0
64 1 U 46
65 0 U 58
66 1 L 27
67 0 U -1
68 1 L 46
69 0 U 46
70 1 L 66
71 0 U -1
72 1 L 52
73 1 L 18
74 1 L 55
75 0 U 55
76 1 L 54
77 0 L 54
78 1 L 20
79 1 U -1
80 0 U 2
81 0 L 64
82 1 L 48
83 0 L 70
84 0 U 19
85 1 L 58
86 1 L 43
87 0 U 11
88 0 U 63
89 1 L 82
