43
0 0 U -1
1 0 U -1
2 0 U -1
3 0 U -1
4 0 U -1
5 0 U -1
6 0 U -1
7 0 U -1
8 0 U -1
9 0 U -1
10 0 U -1
11 0 U -1
12 0 U -1
13 0 U -1
14 0 U -1
15 0 U -1
16 0 U -1
17 0 U -1
18 0 U -1
19 0 U -1
20 0 U -1
21 0 U -1
22 0 U -1
23 0 U -1
24 0 U -1
25 0 U -1
26 0 U -1
27 0 U -1
28 0 U -1
29 0 U -1
30 0 U -1
31 0 U -1
32 0 U -1
33 0 U -1
34 0 U -1
35 0 U -1
36 0 U -1
37 0 U -1
38 0 U -1
39 0 U -1
40 0 U -1
41 0 U -1
42 0 U -1
43
0 1 L -1
1 0 U -1
2 0 U -1
3 0 U 0
4 0 U -1
5 0 U 1
6 1 L 5
7 0 U 6
8 0 U -1
9 0 U 7
10 0 U -1
11 0 U 3
12 1 U 4
13 1 L 6
14 1 U 6
15 1 L -1
16 0 U -1
17 0 L -1
18 0 U 15
19 0 L 0
20 1 L 1
21 1 L 20
22 0 L 4
23 1 U 20
24 0 U -1
25 1 U 3
26 0 L 19
27 0 L 6
28 0 U 25
29 1 L 21
30 1 L 1
31 1 L 3
32 1 L 18
33 0 L 31
34 1 L 27
35 0 L 23
36 1 U 8
37 0 U 28
38 0 L -1
39 1 L 0
40 1 U 16
41 1 L -1
42 0 L 22
43
0 1 L -1
1 0 U -1
2 0 U -1
3 0 U 0
4 0 U -1
5 0 U 4
6 1 L 5
7 1 U 6
8 0 U -1
9 1 U 3
10 0 U -1
11 1 U 1
12 0 U 4
13 0 L 6
14 0 L 5
15 1 L -1
16 0 U -1
17 1 L -1
18 0 U 5
19 0 L 17
20 1 L 1
21 1 L 20
22 0 L 5
23 1 U 20
24 0 U -1
25 1 U 3
26 1 U 19
27 1 L 6
28 1 U 25
29 0 L 3
30 1 L 1
31 0 L 2
32 0 L 18
33 0 L 31
34 1 L -1
35 0 L 23
36 1 U 1
37 0 U 30
38 0 L -1
39 1 L 23
40 0 U 6
41 1 L 15
42 1 L 27
43
0 1 U -1
1 0 U -1
2 1 U -1
3 0 U 0
4 0 U -1
5 0 U 4
6 1 L 5
7 0 U 6
8 0 U -1
9 1 U 7
10 0 U -1
11 0 U 4
12 0 U 1
13 0 L 6
14 1 L 3
15 1 L -1
16 0 U -1
17 1 L -1
18 0 U 15
19 0 L 0
20 1 L 1
21 1 L 20
22 0 L 5
23 0 U 22
24 0 U -1
25 1 U 11
26 0 U 21
27 1 L 17
28 0 U 25
29 0 L 3
30 0 L 27
31 0 L 30
32 1 L 18
33 0 L 31
34 1 L -1
35 0 L 23
36 0 U 1
37 0 U 30
38 1 L -1
39 0 L 9
40 0 U 6
41 1 L 38
42 0 L 7
43
0 1 U -1
1 0 U -1
2 0 U -1
3 0 U 0
4 0 U -1
5 0 U 4
6 1 L 5
7 0 U 6
8 0 U -1
9 1 U 7
10 0 U -1
11 0 U 8
12 1 U 4
13 0 L 7
14 1 L 3
15 1 L -1
16 0 U -1
17 1 L -1
18 0 U 5
19 1 L 17
20 1 L 1
21 1 L 20
22 0 L 5
23 1 U 18
24 0 U -1
25 1 U 11
26 0 U 20
27 1 L 17
28 0 U 14
29 0 L 3
30 0 L 27
31 0 L 30
32 0 L 18
33 0 L 31
34 1 L 7
35 0 L 23
36 0 U 8
37 0 U 34
38 1 L -1
39 1 L 11
40 0 U 4
41 1 L 38
42 0 L 7
43
0 1 U -1
1 0 U -1
2 0 U -1
3 0 U 2
4 0 U -1
5 0 U 4
6 1 L 5
7 1 U 3
8 0 U -1
9 1 U 3
10 0 U -1
11 0 U 8
12 0 U 1
13 0 L 6
14 0 L 6
15 1 L -1
16 0 U -1
17 1 L -1
18 0 U 15
19 1 L 0
20 1 L 19
21 0 L 20
22 0 L 5
23 1 U 18
24 0 U -1
25 1 U 11
26 1 U 18
27 1 L 17
28 1 U 25
29 0 L 2
30 1 L 27
31 1 L 20
32 1 L 18
33 1 L 31
34 0 L 9
35 0 L 23
36 0 U 4
37 0 U 25
38 0 L -1
39 0 U 30
40 0 U 6
41 1 L 38
42 0 L 6
43
0 1 L -1
1 0 U -1
2 0 U -1
3 0 U 2
4 0 U -1
5 0 U 1
6 1 L 5
7 1 U 6
8 0 U -1
9 1 U 3
10 0 U -1
11 0 U 8
12 0 U 8
13 0 L 6
14 1 L 11
15 1 L -1
16 0 U -1
17 1 L -1
18 1 U 12
19 0 L 0
20 0 L 19
21 0 L 20
22 0 L 5
23 0 L 18
24 0 U -1
25 1 U 3
26 0 U 17
27 0 L 17
28 0 U 25
29 0 L 2
30 1 L 27
31 1 L 30
32 0 L 16
33 0 L 5
34 1 L -1
35 1 L 14
36 0 U 1
37 0 U 19
38 0 L -1
39 0 L 1
40 0 U 8
41 0 L 38
42 0 L 22
43
0 1 L -1
1 0 U -1
2 1 U -1
3 0 U 2
4 0 U -1
5 0 U 1
6 1 L 5
7 1 U 6
8 0 U -1
9 1 U 3
10 0 U -1
11 0 U 4
12 0 U 1
13 1 L 6
14 0 L 11
15 0 L -1
16 0 U -1
17 1 L -1
18 1 U 7
19 0 L 17
20 1 L 1
21 0 L 2
22 0 L 4
23 0 L 18
24 0 U -1
25 1 U 11
26 1 U 18
27 0 L 17
28 0 U 25
29 0 L 2
30 1 L 1
31 0 L 2
32 0 L 23
33 0 L 31
34 1 L -1
35 1 L 14
36 0 U 4
37 1 U 20
38 1 L -1
39 1 L 22
40 0 U 1
41 1 L 38
42 0 L 6
43
0 1 L -1
1 0 U -1
2 1 U -1
3 0 U 2
4 0 U -1
5 0 U 1
6 1 L 5
7 1 U 6
8 0 U -1
9 1 U 3
10 0 U -1
11 0 U 4
12 0 U 8
13 1 L 6
14 1 L 8
15 0 L -1
16 0 U -1
17 1 L -1
18 1 U 12
19 1 L 17
20 1 L 1
21 0 L 3
22 0 L 5
23 1 L -1
24 0 U -1
25 1 U 11
26 0 U 13
27 1 L 17
28 0 U 25
29 0 L 2
30 1 L 1
31 0 L 30
32 0 L 16
33 0 L 21
34 1 L 0
35 1 L 14
36 0 U 8
37 0 U 20
38 0 L -1
39 1 L 22
40 0 U 8
41 1 L 0
42 0 L 22
43
0 1 L -1
1 0 U -1
2 1 U -1
3 0 U 2
4 0 U -1
5 0 U 1
6 1 L 5
7 1 U 6
8 0 U -1
9 1 U 3
10 0 U -1
11 0 U 4
12 0 U 8
13 1 L 6
14 1 L 11
15 0 L -1
16 0 U -1
17 1 L -1
18 1 U 7
19 1 L 17
20 1 L 1
21 0 L 2
22 0 L 21
23 1 L -1
24 0 U -1
25 1 U 11
26 0 U 22
27 0 L 17
28 0 U 25
29 0 L 2
30 1 L 19
31 0 L 2
32 0 L 16
33 0 L 31
34 0 L 0
35 1 L 14
36 0 U 6
37 0 U 15
38 1 L -1
39 0 L 22
40 0 U 6
41 1 L 38
42 0 L 33
43
0 1 U -1
1 0 U -1
2 0 U -1
3 0 U 2
4 0 U -1
5 0 U 4
6 1 L 5
7 0 U 6
8 0 U -1
9 1 U 3
10 0 U -1
11 0 U 4
12 0 U 1
13 0 L 6
14 0 L 8
15 0 L -1
16 0 U -1
17 1 L -1
18 1 U 12
19 1 L 17
20 1 L 1
21 0 L 20
22 0 L 4
23 1 L 6
24 0 U -1
25 1 U 3
26 1 L 12
27 1 L 17
28 0 U 25
29 0 L 2
30 1 L 19
31 0 L 30
32 1 L 16
33 0 L 31
34 0 L 12
35 1 L -1
36 1 U 8
37 0 U 7
38 1 L -1
39 0 L 23
40 0 U 1
41 1 L 15
42 0 L 39
43
0 1 U -1
1 0 U -1
2 0 U -1
3 0 U 2
4 0 U -1
5 0 U 1
6 1 L 5
7 0 U 6
8 0 U -1
9 1 U 7
10 0 U -1
11 0 U 8
12 1 U 8
13 0 L 9
14 1 L 9
15 1 L -1
16 0 U -1
17 1 L -1
18 1 U 5
19 1 L 7
20 1 L 1
21 0 L 20
22 1 L 4
23 1 U 11
24 0 U -1
25 1 U 11
26 1 L 12
27 1 L 0
28 0 U 25
29 0 L 2
30 1 L 1
31 0 L 2
32 1 L 23
33 0 L 31
34 1 L 13
35 1 L -1
36 0 U 8
37 0 L 34
38 1 L -1
39 1 L 14
40 0 U 1
41 1 L 15
42 0 L 39
43
0 1 L -1
1 0 U -1
2 0 U -1
3 0 U 2
4 0 U -1
5 0 U 4
6 1 L 5
7 0 U 6
8 0 U -1
9 1 U 3
10 0 U -1
11 0 U 8
12 1 U 8
13 1 L 9
14 0 L 6
15 0 L -1
16 0 U -1
17 1 L -1
18 0 U 12
19 1 L 7
20 1 L 1
21 0 L 20
22 0 L 4
23 1 U 18
24 0 U -1
25 1 U 11
26 0 L 23
27 0 L 17
28 0 U 25
29 1 L 2
30 1 L 1
31 0 L 30
32 1 L 26
33 0 L 31
34 0 L 19
35 1 L -1
36 0 U 8
37 0 L 35
38 1 L -1
39 0 L 7
40 0 U 4
41 1 L 35
42 0 L 13
43
0 1 U -1
1 0 U -1
2 0 U -1
3 0 U 2
4 0 U -1
5 0 U 4
6 1 L 5
7 0 U 6
8 0 U -1
9 1 U 3
10 0 U -1
11 0 U 8
12 0 U 4
13 1 L 9
14 0 L 7
15 0 L -1
16 0 U -1
17 1 L -1
18 0 U 12
19 1 L 9
20 1 L 1
21 0 L 20
22 0 L 5
23 0 U 22
24 0 U -1
25 1 U 11
26 0 L 23
27 1 L 0
28 0 U 25
29 0 L 3
30 1 L 1
31 0 L 3
32 1 L 26
33 0 L 31
34 1 L 23
35 1 L -1
36 0 U 1
37 0 L 35
38 1 L -1
39 1 L 9
40 0 U 4
41 1 L 35
42 0 L 19
43
0 1 L -1
1 0 U -1
2 0 U -1
3 0 U 2
4 0 U -1
5 0 U 1
6 1 L 5
7 0 U 6
8 0 U -1
9 1 U 7
10 0 U -1
11 0 U 8
12 1 U 4
13 1 L 9
14 1 L 11
15 1 L -1
16 0 U -1
17 1 L -1
18 0 U 12
19 1 L 7
20 1 L 15
21 0 L 17
22 0 L 5
23 0 U 17
24 0 U -1
25 1 U 11
26 0 L 23
27 0 L 17
28 0 U 25
29 1 L 3
30 1 L 1
31 1 L 2
32 0 L 26
33 0 L 31
34 1 L 23
35 1 L -1
36 0 U 16
37 0 L 35
38 1 L -1
39 1 L 9
40 0 U 8
41 1 L 38
42 0 L 14
43
0 1 L -1
1 0 U -1
2 0 U -1
3 0 U 2
4 0 U -1
5 0 U 4
6 1 L 5
7 1 U 6
8 0 U -1
9 1 U 3
10 0 U -1
11 0 U 8
12 0 U 4
13 0 L 9
14 0 L 9
15 1 L -1
16 0 U -1
17 1 L -1
18 1 U 7
19 0 L 6
20 1 L 15
21 1 L 0
22 0 L 5
23 1 U 14
24 0 U -1
25 1 U 11
26 0 L 3
27 0 L 14
28 0 U 25
29 0 L 2
30 1 L 1
31 0 L 30
32 1 L 16
33 0 L 31
34 1 L 20
35 1 L -1
36 0 U 8
37 0 L 35
38 1 L -1
39 1 L 6
40 0 U 6
41 0 L 1
42 0 L 9
43
0 1 L -1
1 0 U -1
2 1 U -1
3 0 U 2
4 0 U -1
5 0 U 4
6 1 L 5
7 0 U 6
8 0 U -1
9 1 U 7
10 0 U -1
11 0 U 8
12 0 U 8
13 0 L 8
14 0 L 2
15 1 L -1
16 0 U -1
17 1 L -1
18 1 U 15
19 0 L 6
20 1 L 15
21 1 L 17
22 0 L 5
23 0 L 6
24 0 U -1
25 1 U 11
26 0 L 23
27 1 L 12
28 0 U 25
29 0 L 3
30 1 L 1
31 0 L 30
32 1 L 27
33 0 L 31
34 0 L 9
35 1 L -1
36 0 U 4
37 1 L 35
38 1 L -1
39 0 L 38
40 0 U 6
41 0 L 37
42 1 L 26
43
0 1 U -1
1 0 U -1
2 0 U -1
3 0 U 0
4 0 U -1
5 0 U 1
6 1 L 5
7 0 U 6
8 0 U -1
9 1 U 7
10 0 U -1
11 0 U 8
12 0 U 8
13 0 L 8
14 0 U 1
15 1 L -1
16 0 U -1
17 1 L -1
18 1 U 12
19 0 L 6
20 1 L 15
21 1 L 17
22 0 L 5
23 0 L 6
24 0 U -1
25 1 U 11
26 0 L 23
27 1 L 12
28 0 U 25
29 1 L 2
30 1 L 20
31 1 L 3
32 0 L 27
33 0 L 31
34 0 L 12
35 1 L -1
36 0 U 8
37 1 L 35
38 1 L -1
39 1 L 15
40 0 L 9
41 0 L 37
42 1 L 26
43
0 1 L -1
1 0 U -1
2 0 U -1
3 0 U 2
4 0 U -1
5 0 U 1
6 1 L 5
7 0 U 6
8 0 U -1
9 1 U 7
10 0 U -1
11 0 U 8
12 0 U 8
13 0 L 8
14 1 U 1
15 0 L -1
16 0 U -1
17 1 L -1
18 1 U 12
19 0 L 6
20 0 L 15
21 1 L 17
22 0 L 5
23 0 L 22
24 0 U -1
25 1 U 11
26 0 L 23
27 1 L 12
28 0 U 25
29 1 L 2
30 1 L 1
31 1 L 2
32 0 L 27
33 0 L 31
34 0 L 12
35 1 L -1
36 0 U 24
37 0 L 21
38 1 L -1
39 1 L 15
40 0 L 33
41 0 L 37
42 1 L 26
43
0 1 U -1
1 0 U -1
2 1 U -1
3 0 U 2
4 0 U -1
5 0 U 1
6 1 L 5
7 0 U 6
8 0 U -1
9 1 U 7
10 0 U -1
11 0 U 8
12 1 U 6
13 1 L 8
14 0 U 6
15 0 L -1
16 0 U -1
17 1 L -1
18 1 U 12
19 0 L 6
20 0 L 1
21 1 L 17
22 1 L 4
23 0 L 6
24 0 U -1
25 1 U 11
26 0 L 23
27 1 L 12
28 0 U 25
29 1 L 2
30 0 L 21
31 0 L 30
32 1 L 27
33 1 L 31
34 1 L 12
35 1 L -1
36 0 U 1
37 0 L 15
38 1 L -1
39 1 L 38
40 0 L 9
41 0 L 37
42 1 L 26
43
0 1 L -1
1 0 U -1
2 0 U -1
3 0 U 0
4 0 U -1
5 0 U 4
6 1 L 5
7 0 U 6
8 0 U -1
9 1 U 7
10 0 U -1
11 0 U 8
12 0 U 8
13 1 L 9
14 1 U 1
15 1 L -1
16 0 U -1
17 1 L -1
18 1 U 12
19 1 L 6
20 0 L 1
21 1 L 17
22 0 L 5
23 0 L 22
24 0 U -1
25 1 U 11
26 0 L 23
27 1 L 12
28 0 U 25
29 1 L 3
30 0 L 21
31 0 L 2
32 1 L 27
33 0 L 31
34 0 U 12
35 1 L -1
36 0 U 1
37 1 L 35
38 1 L -1
39 1 L 38
40 0 L 7
41 0 L 37
42 0 L 26
43
0 1 L -1
1 0 U -1
2 0 U -1
3 0 U 2
4 0 U -1
5 0 U 1
6 1 L 5
7 0 U 6
8 0 U -1
9 1 U 3
10 0 U -1
11 0 U 8
12 1 U 8
13 1 L 9
14 1 U 6
15 1 L -1
16 0 U -1
17 1 L -1
18 1 U 12
19 1 L 6
20 1 L 15
21 1 L 17
22 0 L 5
23 0 L 22
24 0 U -1
25 1 U 11
26 0 L 23
27 1 L 12
28 0 U 25
29 1 L 2
30 0 L 21
31 0 L 30
32 0 L 27
33 0 L 31
34 0 U 3
35 1 L -1
36 0 U 16
37 1 L 35
38 1 L -1
39 1 L 35
40 0 L 6
41 0 L 37
42 1 L 26
43
0 1 U -1
1 0 U -1
2 0 U -1
3 0 U 2
4 0 U -1
5 0 U 4
6 1 L 5
7 0 U 6
8 0 U -1
9 1 U 3
10 0 U -1
11 0 U 8
12 1 U 1
13 1 L 9
14 0 L 6
15 1 L -1
16 0 U -1
17 1 L -1
18 1 U 12
19 0 L 18
20 1 L 15
21 1 L 17
22 0 L 1
23 0 L 10
24 0 U -1
25 1 U 11
26 0 L 9
27 1 L 12
28 0 U 25
29 1 L 22
30 0 L 21
31 1 L 30
32 1 L 27
33 0 L 5
34 0 U 11
35 1 L -1
36 0 U 24
37 1 L 35
38 1 L -1
39 0 L 15
40 0 L 33
41 0 L 37
42 0 L 14
43
0 1 L -1
1 0 U -1
2 1 U -1
3 0 U 0
4 0 U -1
5 0 U 1
6 1 L 5
7 0 U 6
8 0 U -1
9 1 U 7
10 0 U -1
11 0 U 8
12 0 U 4
13 0 L 9
14 1 L 6
15 1 L -1
16 0 U -1
17 1 L -1
18 1 U 5
19 1 U 18
20 1 U 12
21 1 L 17
22 0 L 5
23 0 L 5
24 0 U -1
25 1 U 11
26 1 L 21
27 0 L 19
28 0 U 25
29 0 L 3
30 0 L 21
31 1 L 30
32 1 L 20
33 1 L 5
34 0 U 4
35 1 L -1
36 0 U 24
37 1 L 35
38 1 L -1
39 1 L 38
40 0 L 33
41 0 L 37
42 0 L 40
43
0 1 L -1
1 0 U -1
2 1 U -1
3 0 U 2
4 0 U -1
5 0 U 4
6 1 L 5
7 0 U 6
8 0 U -1
9 1 U 7
10 0 U -1
11 0 U 8
12 1 U 8
13 0 L 9
14 0 L 7
15 1 L -1
16 0 U -1
17 1 L -1
18 1 U 5
19 1 U 17
20 1 U 11
21 1 L 17
22 0 L 4
23 0 L 9
24 0 U -1
25 1 U 11
26 0 L 21
27 0 L 19
28 0 U 25
29 1 L 2
30 0 L 21
31 1 L 30
32 1 L 20
33 0 L 31
34 0 U 4
35 1 L -1
36 0 U 8
37 1 L 35
38 1 L -1
39 0 L 35
40 0 L 33
41 0 L 37
42 0 L 11
43
0 1 U -1
1 0 U -1
2 0 U -1
3 0 U 2
4 0 U -1
5 0 U 1
6 1 L 5
7 0 U 6
8 0 U -1
9 1 U 7
10 0 U -1
11 0 U 8
12 1 U 1
13 1 L 9
14 0 L 7
15 0 L -1
16 0 U -1
17 1 L -1
18 1 U 12
19 1 U 18
20 1 U 12
21 1 L 17
22 1 L 5
23 1 L 3
24 0 U -1
25 1 U 11
26 0 L 1
27 0 L 19
28 0 U 25
29 1 L 2
30 0 L 21
31 0 L 3
32 1 L 16
33 0 L 31
34 1 U 4
35 1 L -1
36 0 U 4
37 0 L 35
38 1 L -1
39 0 L 7
40 0 L 7
41 0 L 37
42 0 L 13
43
0 1 L -1
1 0 U -1
2 1 U -1
3 0 U 2
4 0 U -1
5 0 U 4
6 1 L 5
7 0 U 6
8 0 U -1
9 1 U 7
10 0 U -1
11 0 U 8
12 1 U 8
13 1 L 9
14 0 L 9
15 1 L -1
16 0 U -1
17 1 L -1
18 1 U 12
19 1 U 18
20 1 U 12
21 1 L 17
22 1 L 5
23 0 L 9
24 0 U -1
25 1 U 11
26 1 L 1
27 0 L 19
28 0 U 25
29 0 L 2
30 0 L 21
31 0 L 3
32 1 L 16
33 0 L 31
34 1 U 4
35 1 L -1
36 0 U 24
37 1 L 21
38 1 L -1
39 0 L 21
40 0 L 33
41 0 L 37
42 0 L 40
43
0 1 L -1
1 0 U -1
2 1 U -1
3 0 U 2
4 0 U -1
5 0 U 4
6 1 L 5
7 0 U 6
8 0 U -1
9 1 U 3
10 0 U -1
11 0 U 8
12 0 U 8
13 1 L 9
14 1 L 9
15 1 L -1
16 0 U -1
17 1 L -1
18 0 U 5
19 1 U 17
20 1 L 15
21 1 L 17
22 0 L 5
23 1 L 2
24 0 U -1
25 1 U 11
26 1 L 20
27 1 L 19
28 0 U 25
29 1 L 3
30 0 L 21
31 0 L 3
32 0 L 16
33 0 L 31
34 1 U 1
35 1 L -1
36 0 U 24
37 0 L 21
38 1 L -1
39 1 L 38
40 0 L 33
41 0 L 37
42 0 L 40
43
0 1 L -1
1 0 U -1
2 0 U -1
3 0 U 0
4 0 U -1
5 0 U 1
6 1 L 5
7 0 U 6
8 0 U -1
9 1 U 7
10 0 U -1
11 0 U 8
12 0 U 8
13 1 L 9
14 0 L 9
15 1 L -1
16 0 U -1
17 1 L -1
18 0 U 12
19 1 U 18
20 1 L 15
21 1 L 17
22 0 L 4
23 1 L 1
24 0 U -1
25 1 U 11
26 0 L 22
27 0 L 19
28 0 U 25
29 0 L 23
30 1 L 21
31 0 L 3
32 1 L 16
33 1 L 31
34 0 U 1
35 1 L -1
36 0 U 4
37 1 L 35
38 1 L -1
39 1 L 15
40 0 L 33
41 0 L 37
42 0 L 40
43
0 1 U -1
1 0 U -1
2 1 U -1
3 0 U 2
4 0 U -1
5 0 U 4
6 1 L 5
7 0 U 6
8 0 U -1
9 1 U 7
10 0 U -1
11 0 U 8
12 0 U 4
13 0 L 9
14 0 L 9
15 1 L -1
16 0 U -1
17 1 L -1
18 1 U 5
19 1 U 18
20 1 U 11
21 1 L 0
22 1 L 3
23 1 L 12
24 0 U -1
25 1 U 11
26 1 L 22
27 1 L 26
28 0 U 25
29 0 L 1
30 0 L 21
31 1 L 3
32 1 L 20
33 0 L 26
34 1 U 16
35 1 L -1
36 0 U 16
37 1 L 35
38 1 L -1
39 0 L 15
40 0 L 33
41 0 L 37
42 0 L 40
43
0 1 U -1
1 0 U -1
2 0 U -1
3 0 U 2
4 0 U -1
5 0 U 4
6 1 L 5
7 0 U 6
8 0 U -1
9 0 U 7
10 0 U -1
11 0 U 8
12 0 U 6
13 1 L 11
14 1 L 7
15 0 L -1
16 0 U -1
17 1 L -1
18 1 U 12
19 1 L 11
20 1 U 6
21 1 L 17
22 1 L 2
23 0 L 10
24 0 U -1
25 1 U 11
26 1 L 5
27 1 L 26
28 0 U 25
29 1 L 1
30 0 L 21
31 0 L 2
32 0 L 16
33 0 L 26
34 1 U 16
35 1 L -1
36 1 U 24
37 1 L 35
38 1 L -1
39 1 L 38
40 1 L 33
41 0 L 37
42 0 L 40
43
0 1 L -1
1 0 U -1
2 0 U -1
3 0 U 2
4 0 U -1
5 0 U 4
6 1 L 5
7 0 U 6
8 0 U -1
9 0 U 7
10 0 U -1
11 0 U 8
12 1 U 4
13 1 L 11
14 0 L 9
15 1 L -1
16 0 U -1
17 1 L -1
18 1 U 12
19 1 L 8
20 1 U 4
21 1 L 17
22 1 L 2
23 1 L 7
24 0 U -1
25 1 U 11
26 0 L 9
27 0 U 26
28 0 U 25
29 1 L 21
30 0 L 21
31 0 L 2
32 1 L 18
33 0 L 31
34 0 U 6
35 1 L -1
36 1 U 24
37 0 L 35
38 1 L -1
39 1 L 10
40 1 L 33
41 0 L 37
42 1 L 40
43
0 1 U -1
1 0 U -1
2 0 U -1
3 0 U 2
4 0 U -1
5 0 U 1
6 1 L 5
7 0 U 6
8 0 U -1
9 1 U 7
10 0 U -1
11 0 U 8
12 1 U 4
13 0 L 8
14 0 L 11
15 0 L -1
16 0 U -1
17 1 L -1
18 1 U 12
19 0 L 4
20 1 U 4
21 1 L 17
22 0 L 2
23 0 L 11
24 0 U -1
25 1 U 11
26 1 L 7
27 1 U 18
28 0 U 25
29 1 L 21
30 0 L 21
31 1 L 3
32 1 L 18
33 0 L 31
34 0 U 1
35 1 L -1
36 1 U 24
37 1 L 21
38 1 L -1
39 0 L 21
40 1 L 33
41 0 L 37
42 0 L 40
43
0 1 U -1
1 0 U -1
2 0 U -1
3 0 U 2
4 0 U -1
5 0 U 4
6 1 L 5
7 0 U 6
8 0 U -1
9 0 U 7
10 0 U -1
11 0 U 8
12 1 U 4
13 1 L 8
14 1 L 9
15 0 L -1
16 0 U -1
17 1 L -1
18 1 U 5
19 1 L 2
20 1 U 4
21 1 L 17
22 0 L 2
23 1 L 6
24 0 U -1
25 1 U 11
26 0 L 8
27 0 U 18
28 0 U 25
29 1 L 1
30 0 L 21
31 0 L 3
32 1 L 18
33 1 L 31
34 1 U 1
35 1 L -1
36 1 U 24
37 1 L 15
38 1 L -1
39 1 L 11
40 1 L 31
41 0 L 37
42 0 L 23
43
0 1 U -1
1 0 U -1
2 0 U -1
3 0 U 2
4 0 U -1
5 0 U 4
6 1 L 5
7 1 U 6
8 0 U -1
9 0 U 7
10 0 U -1
11 0 U 8
12 0 U 4
13 1 L 11
14 1 L 9
15 1 L -1
16 0 U -1
17 1 L -1
18 1 U 15
19 1 L 2
20 1 U 4
21 1 L 17
22 0 L 2
23 0 L 9
24 0 U -1
25 1 U 11
26 1 L 8
27 0 U 18
28 0 U 25
29 1 L 21
30 0 L 21
31 0 L 3
32 1 L 18
33 1 L 7
34 1 U 8
35 1 L -1
36 1 U 24
37 0 L 35
38 1 L -1
39 0 L 10
40 0 L 31
41 0 L 37
42 0 L 40
43
0 1 L -1
1 0 U -1
2 0 U -1
3 0 U 2
4 0 U -1
5 0 U 4
6 1 L 5
7 1 U 6
8 0 U -1
9 0 U 7
10 0 U -1
11 0 U 8
12 0 U 1
13 1 L 8
14 1 L 9
15 1 L -1
16 0 U -1
17 1 L -1
18 1 U 5
19 1 L 11
20 1 U 16
21 1 L 17
22 1 L 3
23 1 L 6
24 0 U -1
25 1 U 11
26 0 L 11
27 0 U 17
28 0 U 25
29 0 L 1
30 0 L 21
31 0 L 3
32 0 L 16
33 1 L 31
34 0 U 16
35 1 L -1
36 1 U 24
37 1 L 21
38 1 L -1
39 0 L 15
40 0 L 7
41 0 L 37
42 0 L 40
43
0 1 L -1
1 0 U -1
2 1 U -1
3 0 U 2
4 0 U -1
5 0 U 1
6 1 L 5
7 1 U 6
8 0 U -1
9 1 U 7
10 0 U -1
11 0 U 8
12 1 U 4
13 1 L 11
14 0 L 5
15 1 L -1
16 0 U -1
17 1 L -1
18 1 U 7
19 1 L 8
20 0 U 6
21 1 L 17
22 0 L 2
23 0 L 9
24 0 U -1
25 1 U 11
26 0 L 11
27 0 U 17
28 0 U 25
29 0 L 21
30 0 L 21
31 0 L 3
32 0 L 27
33 1 L 7
34 1 L 6
35 1 L -1
36 1 U 24
37 1 L 35
38 1 L -1
39 0 L 35
40 1 L 31
41 0 L 37
42 0 L 33
43
0 1 U -1
1 0 U -1
2 1 U -1
3 0 U 2
4 0 U -1
5 0 U 4
6 1 L 5
7 1 U 6
8 0 U -1
9 1 U 7
10 0 U -1
11 0 U 8
12 0 U 4
13 1 L 8
14 0 L 5
15 0 L -1
16 0 U -1
17 1 L -1
18 1 U 12
19 1 L 11
20 1 U 16
21 1 L 17
22 1 L 2
23 0 L 9
24 0 U -1
25 1 U 11
26 0 L 11
27 0 U 18
28 0 U 25
29 0 L 21
30 0 L 21
31 0 L 2
32 1 L 18
33 1 L 7
34 1 L 11
35 1 L -1
36 0 U 4
37 1 L 35
38 1 L -1
39 1 L 38
40 1 L 14
41 0 L 37
42 0 L 34
43
0 1 L -1
1 0 U -1
2 0 U -1
3 0 U 2
4 0 U -1
5 0 U 4
6 1 L 5
7 1 U 6
8 0 U -1
9 1 U 7
10 0 U -1
11 0 U 8
12 1 U 8
13 1 L 8
14 0 L 5
15 1 L -1
16 0 U -1
17 1 L -1
18 1 U 12
19 1 L 8
20 1 U 8
21 1 L 17
22 1 L 3
23 0 L 9
24 0 U -1
25 1 U 11
26 0 L 8
27 0 U 17
28 0 U 25
29 0 L 1
30 0 L 21
31 0 L 29
32 1 L 18
33 1 L 14
34 1 L 11
35 1 L -1
36 0 U 1
37 1 L 35
38 1 L -1
39 1 L 15
40 1 L 31
41 0 L 37
42 0 L 34
43
0 1 L -1
1 0 U -1
2 0 U -1
3 0 U 2
4 0 U -1
5 0 U 4
6 1 L 5
7 0 U 6
8 0 U -1
9 1 U 7
10 0 U -1
11 0 U 8
12 1 U 6
13 1 L 9
14 0 L 4
15 0 L -1
16 0 U -1
17 1 L -1
18 0 U 12
19 1 L 6
20 1 U 6
21 1 L 17
22 0 L 2
23 0 L 14
24 0 U -1
25 1 U 11
26 1 L 13
27 1 U 21
28 0 U 25
29 0 L 21
30 0 L 21
31 1 L 30
32 0 L 27
33 1 L 5
34 1 L 6
35 1 L -1
36 0 U 4
37 1 L 35
38 1 L -1
39 1 L 23
40 0 L 31
41 0 L 37
42 0 L 19
43
0 1 U -1
1 0 U -1
2 1 U -1
3 0 U 2
4 0 U -1
5 0 U 1
6 1 L 5
7 0 U 6
8 0 U -1
9 1 U 7
10 0 U -1
11 0 U 8
12 0 U 1
13 1 L 9
14 1 L 4
15 0 L -1
16 0 U -1
17 1 L -1
18 0 U 5
19 1 L 6
20 1 U 6
21 1 L 17
22 0 L 2
23 1 L 13
24 0 U -1
25 1 U 11
26 0 L 7
27 0 U 14
28 0 U 25
29 0 L 21
30 0 L 21
31 1 L 30
32 0 L 16
33 1 L 5
34 1 L 9
35 1 L -1
36 0 U 24
37 1 L 35
38 1 L -1
39 0 L 38
40 0 L 31
41 0 L 37
42 0 L 13
43
0 1 L -1
1 0 U -1
2 0 U -1
3 0 U 2
4 0 U -1
5 0 U 1
6 1 L 5
7 0 U 6
8 0 U -1
9 0 U 7
10 0 U -1
11 0 U 8
12 0 U 8
13 0 L 7
14 0 L 5
15 0 L -1
16 0 U -1
17 1 L -1
18 0 U 5
19 1 L 6
20 1 U 8
21 1 L 17
22 1 L 2
23 0 U 8
24 0 U -1
25 1 U 11
26 0 L 19
27 0 U 22
28 0 U 25
29 1 L 1
30 0 L 21
31 1 L 30
32 1 L 27
33 1 L 5
34 1 L 12
35 1 L -1
36 0 U 1
37 0 L 35
38 1 L -1
39 0 L 31
40 0 L 14
41 0 L 37
42 0 L 40
43
0 1 U -1
1 0 U -1
2 1 U -1
3 0 U 2
4 0 U -1
5 0 U 1
6 1 L 5
7 0 U 6
8 0 U -1
9 0 U 7
10 0 U -1
11 0 U 8
12 1 U 4
13 1 L 6
14 0 L 5
15 1 L -1
16 0 U -1
17 1 L -1
18 1 U 5
19 1 L 6
20 1 U 3
21 1 L 17
22 0 L 2
23 0 L 6
24 0 U -1
25 1 U 11
26 1 U 21
27 0 U 1
28 0 U 25
29 0 L 21
30 0 L 21
31 1 L 30
32 1 L 27
33 1 L 31
34 1 L 13
35 1 L -1
36 0 U 1
37 1 L 35
38 1 L -1
39 0 L 31
40 0 L 39
41 0 L 37
42 0 L 23
43
0 1 L -1
1 0 U -1
2 0 U -1
3 0 U 2
4 0 U -1
5 0 U 1
6 1 L 5
7 0 U 6
8 0 U -1
9 1 U 3
10 0 U -1
11 0 U 8
12 1 U 4
13 0 L 9
14 0 L 7
15 1 L -1
16 0 U -1
17 1 L -1
18 1 U 12
19 1 L 14
20 1 U 5
21 1 L 17
22 1 L 3
23 0 L 22
24 0 U -1
25 1 U 11
26 0 L 14
27 0 U 1
28 0 U 25
29 1 L 1
30 0 L 21
31 1 L 30
32 1 L 16
33 1 L 5
34 1 L 33
35 1 L -1
36 1 U 24
37 0 L 35
38 1 L -1
39 1 L 5
40 0 L 39
41 0 L 37
42 1 L 10
43
0 1 U -1
1 0 U -1
2 0 U -1
3 0 U 2
4 0 U -1
5 0 U 1
6 1 L 5
7 0 U 6
8 0 U -1
9 0 U 7
10 0 U -1
11 0 U 8
12 0 U 8
13 0 L 7
14 1 L 6
15 0 L -1
16 0 U -1
17 1 L -1
18 1 U 5
19 1 L 8
20 1 U 3
21 1 L 17
22 0 L 2
23 0 L 12
24 0 U -1
25 1 U 11
26 0 L 14
27 1 U 16
28 0 U 25
29 1 L 1
30 0 L 21
31 1 L 30
32 1 L 16
33 0 L 5
34 1 L 33
35 1 L -1
36 1 U 24
37 1 L 35
38 1 L -1
39 1 L 31
40 0 L 39
41 0 L 37
42 1 L 19
43
0 1 U -1
1 0 U -1
2 1 U -1
3 0 U 2
4 0 U -1
5 0 U 1
6 1 L 5
7 0 U 6
8 0 U -1
9 1 U 7
10 0 U -1
11 0 U 8
12 0 U 4
13 0 L 9
14 0 L 6
15 0 L -1
16 0 U -1
17 1 L -1
18 1 U 12
19 1 L 14
20 1 U 3
21 1 L 17
22 0 L 2
23 0 L 2
24 0 U -1
25 1 U 11
26 1 L 14
27 1 U 8
28 0 U 25
29 0 L 21
30 0 L 21
31 0 L 30
32 1 L 20
33 0 L 31
34 0 L 15
35 1 L -1
36 0 U 16
37 1 L 35
38 1 L -1
39 0 L 31
40 1 L 33
41 0 L 37
42 1 L 10
43
0 1 L -1
1 0 U -1
2 0 U -1
3 0 U 2
4 0 U -1
5 0 U 1
6 1 L 5
7 0 U 6
8 0 U -1
9 1 U 3
10 0 U -1
11 0 U 8
12 1 U 8
13 0 L 9
14 0 L 6
15 0 L -1
16 0 U -1
17 1 L -1
18 1 U 12
19 1 L 4
20 1 U 11
21 1 L 17
22 0 L 2
23 0 U 13
24 0 U -1
25 1 U 11
26 0 L 6
27 0 U 1
28 0 U 25
29 1 L 1
30 0 L 21
31 1 L 30
32 1 L 27
33 0 L 5
34 1 L 8
35 1 L -1
36 0 U 24
37 1 L 35
38 1 L -1
39 0 L 35
40 0 L 33
41 0 L 37
42 1 L 10
43
0 1 L -1
1 0 U -1
2 0 U -1
3 0 U 2
4 0 U -1
5 0 U 1
6 1 L 5
7 0 U 6
8 0 U -1
9 0 U 7
10 0 U -1
11 0 U 8
12 1 U 8
13 0 L 9
14 0 L 7
15 1 L -1
16 0 U -1
17 1 L -1
18 1 U 12
19 1 L 5
20 1 U 3
21 1 L 17
22 0 L 2
23 0 U 13
24 0 U -1
25 1 U 11
26 0 L 9
27 0 U 6
28 0 U 25
29 1 L 1
30 0 L 21
31 1 L 30
32 1 L 27
33 0 L 5
34 1 L 9
35 1 L -1
36 1 U 24
37 0 L 15
38 1 L -1
39 1 L 26
40 0 L 26
41 0 L 37
42 1 L 40
43
0 1 L -1
1 0 U -1
2 0 U -1
3 0 U 2
4 0 U -1
5 0 U 4
6 1 L 5
7 0 U 6
8 0 U -1
9 1 U 7
10 0 U -1
11 0 U 8
12 1 U 8
13 1 L 9
14 0 L 6
15 0 L -1
16 0 U -1
17 1 L -1
18 1 U 12
19 1 L 5
20 1 U 11
21 1 L 17
22 0 L 2
23 0 U 17
24 0 U -1
25 1 U 11
26 0 L 8
27 1 U 8
28 0 U 25
29 0 L 21
30 0 L 21
31 1 L 2
32 1 L 16
33 0 L 31
34 0 L 6
35 1 L -1
36 0 U 1
37 1 L 35
38 1 L -1
39 0 L 38
40 0 L 6
41 0 L 37
42 0 L 40
43
0 1 L -1
1 0 U -1
2 0 U -1
3 0 U 2
4 0 U -1
5 0 U 1
6 1 L 5
7 0 U 6
8 0 U -1
9 1 U 7
10 0 U -1
11 0 U 8
12 1 U 1
13 0 L 9
14 0 L 3
15 1 L -1
16 0 U -1
17 1 L -1
18 1 U 12
19 1 L 13
20 1 U 7
21 1 L 17
22 0 L 4
23 0 U 13
24 0 U -1
25 1 U 11
26 0 L 3
27 0 U 8
28 0 U 25
29 0 L 21
30 0 L 21
31 1 L 30
32 1 L 20
33 0 L 31
34 0 L 10
35 1 L -1
36 0 U 24
37 1 L 35
38 1 L -1
39 1 L 15
40 1 L 6
41 0 L 37
42 0 L 6
43
0 1 L -1
1 0 U -1
2 1 U -1
3 0 U 2
4 0 U -1
5 0 U 1
6 1 L 5
7 0 U 6
8 0 U -1
9 1 U 7
10 0 U -1
11 0 U 8
12 1 U 4
13 0 L 9
14 0 L 3
15 1 L -1
16 0 U -1
17 1 L -1
18 0 U 15
19 0 L 13
20 1 L 15
21 1 L 17
22 0 L 14
23 1 L 22
24 0 U -1
25 1 U 11
26 1 U 4
27 1 U 23
28 0 U 25
29 0 L 1
30 0 L 21
31 1 L 3
32 1 L 27
33 0 L 31
34 1 L 23
35 1 L -1
36 0 U 24
37 1 L 21
38 1 L -1
39 1 L 15
40 0 L 8
41 0 L 37
42 1 L 6
