33
0 0 U -1
1 0 U -1
2 0 U -1
3 0 U -1
4 0 U -1
5 0 U -1
6 0 U -1
7 0 U -1
8 0 U -1
9 0 U -1
10 0 U -1
11 0 U -1
12 0 U -1
13 0 U -1
14 0 U -1
15 0 U -1
16 0 U -1
17 0 U -1
18 0 U -1
19 0 U -1
20 0 U -1
21 0 U -1
22 0 U -1
23 0 U -1
24 0 U -1
25 0 U -1
26 0 U -1
27 0 U -1
28 0 U -1
29 0 U -1
30 0 U -1
31 0 U -1
32 0 U -1
33
0 1 L -1
1 1 U -1
2 0 U -1
3 1 U 2
4 0 U -1
5 1 L -1
6 0 U 2
7 0 U -1
8 0 U 3
9 1 L 6
10 1 U -1
11 1 U 4
12 0 L 8
13 0 L 3
14 1 U -1
15 0 U 2
16 1 U 8
17 0 L 14
18 0 L -1
19 0 L 5
20 1 L 18
21 0 L 20
22 0 L 0
23 0 U 15
24 1 U 9
25 1 U 3
26 0 L 21
27 1 U 0
28 1 U 25
29 0 L 22
30 0 L 13
31 1 L 0
32 0 L -1
33
0 1 U -1
1 1 U -1
2 1 U -1
3 1 U 2
4 0 U -1
5 1 L -1
6 0 U 4
7 0 L -1
8 1 U 3
9 0 L 4
10 1 U -1
11 0 U 2
12 0 L 8
13 1 L 3
14 1 U -1
15 0 L 1
16 1 U 8
17 0 U 14
18 0 L -1
19 0 L 5
20 0 L 5
21 0 L 20
22 1 L 0
23 1 U 3
24 1 U 9
25 1 U 3
26 1 L 22
27 1 U -1
28 1 U 15
29 1 L 21
30 0 L 29
31 1 L 26
32 0 L -1
33
0 1 U -1
1 1 U -1
2 1 U -1
3 1 U 2
4 0 U -1
5 1 L -1
6 0 U 4
7 1 L 0
8 1 U 5
9 0 L 4
10 1 U -1
11 0 U 10
12 0 L 8
13 1 L 3
14 1 U -1
15 0 L 7
16 1 U 8
17 0 U 14
18 0 L 0
19 1 U 3
20 0 L -1
21 1 L 20
22 0 L 0
23 0 U 7
24 1 U 9
25 0 U 11
26 1 L 22
27 1 U -1
28 1 U 15
29 0 L 26
30 0 L 29
31 1 L 26
32 0 L -1
33
0 1 U -1
1 1 U -1
2 1 U -1
3 1 U 0
4 1 U -1
5 1 L -1
6 0 U 0
7 1 L 5
8 1 U 5
9 1 L 4
10 1 U -1
11 0 U 10
12 0 L 8
13 1 L 3
14 0 U -1
15 0 L -1
16 1 U 15
17 0 U 14
18 0 L 15
19 1 U 17
20 1 L 0
21 1 L 20
22 0 L 0
23 0 U 7
24 1 U 9
25 0 U 17
26 1 L 22
27 1 U -1
28 1 U 23
29 0 L 26
30 0 L 4
31 1 L 22
32 0 L -1
33
0 1 U -1
1 1 U -1
2 1 U -1
3 1 U 2
4 0 U -1
5 1 L -1
6 0 U 0
7 0 L 5
8 0 U 5
9 0 L 4
10 1 U -1
11 0 U 10
12 0 L 8
13 0 L 3
14 0 U -1
15 1 L -1
16 1 U 8
17 0 U 0
18 1 L 15
19 1 U 17
20 0 L 7
21 0 L -1
22 0 L 0
23 0 U 17
24 1 U 16
25 0 U 11
26 1 L 22
27 1 U -1
28 1 U 23
29 0 L 3
30 0 L 6
31 1 L 3
32 0 L -1
33
0 1 L -1
1 1 U -1
2 1 U -1
3 1 U 2
4 0 U -1
5 0 L -1
6 0 U 0
7 0 L 5
8 1 U 7
9 1 L 4
10 1 U -1
11 1 U 10
12 0 L 8
13 1 L 2
14 1 U -1
15 1 L 0
16 1 U 15
17 0 U 0
18 0 L -1
19 1 U 17
20 1 L 15
21 1 L 0
22 1 L 0
23 1 U 17
24 1 U 9
25 1 U 0
26 1 L 22
27 0 U -1
28 1 U 18
29 1 L 26
30 0 L 4
31 1 L 20
32 0 L -1
33
0 1 L -1
1 1 U -1
2 1 U -1
3 1 U 2
4 0 U -1
5 0 L -1
6 0 U 4
7 0 L 5
8 1 U 7
9 1 L 4
10 1 U -1
11 0 U 0
12 0 L 8
13 0 L 3
14 0 U -1
15 0 U 6
16 1 U 15
17 0 U 0
18 1 L 0
19 1 U 17
20 0 L -1
21 0 L 20
22 1 L 0
23 0 U 17
24 1 U 9
25 1 U 0
26 1 L 22
27 0 U -1
28 1 U 23
29 1 L 3
30 0 L 4
31 0 L 22
32 0 L -1
33
0 1 L -1
1 1 U -1
2 1 U -1
3 1 U 0
4 1 U -1
5 0 L -1
6 0 U 0
7 0 L 5
8 0 U 7
9 0 L 4
10 1 U -1
11 1 U 10
12 0 L 8
13 1 L 2
14 0 U -1
15 0 L 7
16 1 U 15
17 0 U 0
18 0 L 5
19 0 U 11
20 0 L -1
21 0 L 7
22 0 L 0
23 1 U 5
24 1 U 9
25 1 U 0
26 1 L 22
27 0 U -1
28 1 U 23
29 1 L 3
30 0 L 13
31 1 L 3
32 0 L -1
33
0 1 L -1
1 1 U -1
2 1 U -1
3 1 U 2
4 1 U -1
5 0 L -1
6 0 U 4
7 0 L 5
8 1 U 7
9 0 L 4
10 1 U -1
11 0 U 2
12 0 L 8
13 0 L 3
14 1 L 7
15 1 U 1
16 1 U 14
17 1 U -1
18 0 L 5
19 0 U 7
20 0 L -1
21 0 L -1
22 1 L 0
23 1 U 15
24 1 U 16
25 1 U 0
26 1 L 22
27 0 U -1
28 1 U 23
29 1 L 3
30 0 L 29
31 1 L 14
32 0 L -1
33
0 1 L -1
1 1 U -1
2 1 U -1
3 1 U 2
4 1 U -1
5 0 L -1
6 0 U 4
7 0 L 5
8 1 U 7
9 0 L 4
10 1 U -1
11 0 U 2
12 0 L 8
13 1 L 3
14 1 L 7
15 1 U 1
16 1 U 14
17 0 U -1
18 0 L 5
19 0 U 15
20 0 L -1
21 0 L -1
22 0 L 5
23 1 U 11
24 1 U 9
25 1 U 1
26 0 L -1
27 0 U -1
28 1 U 19
29 0 L 22
30 0 L 29
31 1 L 22
32 1 L 26
33
0 1 L -1
1 1 U -1
2 1 U -1
3 1 U 0
4 0 U -1
5 0 L -1
6 0 U 0
7 0 L 5
8 1 U 7
9 0 L 4
10 1 U -1
11 0 U 0
12 0 L 8
13 1 L 2
14 0 L 7
15 0 U 1
16 1 U 8
17 1 L -1
18 0 L 17
19 0 U 11
20 0 L -1
21 0 U -1
22 0 L 5
23 1 U 15
24 1 U 20
25 1 U 1
26 0 L -1
27 0 U -1
28 1 U 17
29 0 L 14
30 0 L 4
31 1 L 14
32 1 L 18
33
0 1 U -1
1 1 U -1
2 1 U -1
3 1 U 2
4 1 U -1
5 0 L -1
6 0 U 0
7 0 L 5
8 0 U 7
9 0 L 4
10 1 U -1
11 0 U 4
12 0 L 8
13 1 L 2
14 0 L 7
15 0 U 1
16 1 U 8
17 1 L -1
18 0 L 17
19 0 U 15
20 0 L -1
21 1 U -1
22 0 L 18
23 1 U 15
24 1 U 9
25 1 U 1
26 0 L -1
27 0 U -1
28 1 U 23
29 1 L 14
30 0 L 13
31 1 L 3
32 1 L 26
33
0 1 U -1
1 1 U -1
2 1 U -1
3 1 U 2
4 1 U -1
5 0 L -1
6 0 U 4
7 0 L 5
8 0 U 7
9 0 L 4
10 1 U -1
11 0 U 0
12 0 L 8
13 0 L 3
14 1 L 7
15 1 U 2
16 1 U 8
17 0 L -1
18 0 L 5
19 0 U 5
20 0 L -1
21 1 U -1
22 0 L 5
23 1 U 5
24 1 U 22
25 1 U 0
26 1 L -1
27 0 U -1
28 1 U 19
29 1 L 3
30 0 L 4
31 1 L 3
32 1 L 0
33
0 1 L -1
1 1 U -1
2 1 U -1
3 1 U 0
4 1 U -1
5 0 L -1
6 0 U 4
7 0 L 5
8 1 U 7
9 0 L 4
10 1 U -1
11 0 U 10
12 0 L 8
13 1 L 3
14 0 L 7
15 0 U 0
16 1 U 8
17 1 L -1
18 0 L 17
19 1 U 5
20 0 L -1
21 1 U -1
22 0 L 18
23 1 U 5
24 1 U 16
25 1 U 0
26 0 L -1
27 0 U -1
28 1 U 19
29 0 L 22
30 0 L 29
31 1 L 22
32 1 L 26
33
0 1 U -1
1 1 U -1
2 1 U -1
3 1 U 2
4 0 U -1
5 0 L -1
6 0 U 0
7 0 L 5
8 1 U 5
9 1 L 4
10 1 U -1
11 0 U 10
12 0 L 8
13 1 L 2
14 1 L 7
15 1 U -1
16 1 U 8
17 0 L -1
18 0 L 5
19 0 U 5
20 0 L -1
21 1 U 2
22 0 L 5
23 1 U 21
24 1 U 9
25 1 U 0
26 0 L -1
27 0 U -1
28 1 U 23
29 1 L 3
30 0 L 29
31 1 L 3
32 1 L 26
33
0 1 U -1
1 1 U -1
2 1 U -1
3 1 U 2
4 1 U -1
5 0 L -1
6 0 U 4
7 0 L 5
8 1 U 5
9 1 L 4
10 1 U -1
11 0 U 10
12 0 L 8
13 1 L 2
14 1 L 7
15 1 U -1
16 1 U 8
17 1 L -1
18 0 L 0
19 1 U 5
20 1 L -1
21 1 U 4
22 0 L 18
23 1 U 21
24 1 U 22
25 1 U 0
26 0 L -1
27 0 U -1
28 1 U 23
29 1 L 3
30 1 L 4
31 1 L 14
32 1 L 18
33
0 1 L -1
1 1 U -1
2 1 U -1
3 1 U 2
4 0 U -1
5 0 L -1
6 0 U 4
7 0 L 5
8 1 U 5
9 1 L 4
10 1 U -1
11 0 U 10
12 0 L 8
13 1 L 3
14 1 L 7
15 0 U -1
16 1 U 8
17 0 L -1
18 0 L 5
19 1 U 5
20 0 L -1
21 1 U 4
22 0 L 5
23 1 U 21
24 1 U 9
25 1 U 0
26 1 L -1
27 0 U -1
28 1 U 23
29 1 L 3
30 0 L 4
31 1 L 22
32 1 L 5
33
0 1 U -1
1 1 U -1
2 1 U -1
3 1 U 2
4 0 U -1
5 0 L -1
6 0 U 4
7 0 L 5
8 1 U 5
9 1 L 4
10 1 U -1
11 0 U 10
12 0 L 8
13 1 L 2
14 1 L 7
15 1 U -1
16 1 U 8
17 0 L -1
18 0 L 17
19 0 U 5
20 0 L -1
21 1 U 4
22 0 L 5
23 1 U 21
24 1 U 22
25 1 U 0
26 0 L -1
27 0 U -1
28 1 U 23
29 0 L 14
30 0 L 4
31 1 L 22
32 1 L 26
33
0 1 U -1
1 1 U -1
2 1 U -1
3 1 U 2
4 1 U -1
5 0 L -1
6 0 U 4
7 0 L 5
8 1 U 5
9 1 L 4
10 1 U -1
11 0 U 10
12 0 L 8
13 0 L 3
14 1 L 7
15 1 U -1
16 1 U 8
17 1 L -1
18 0 L 17
19 1 U 5
20 0 L -1
21 1 U 4
22 0 L 5
23 1 U 21
24 1 U 9
25 1 U 0
26 0 L -1
27 0 U -1
28 1 U 23
29 0 L 3
30 1 L 6
31 1 L 14
32 1 L 18
33
0 1 U -1
1 1 U -1
2 1 U -1
3 1 U 2
4 0 U -1
5 0 L -1
6 0 U 0
7 0 L 5
8 1 U 5
9 1 L 4
10 1 U -1
11 0 U 10
12 0 L 8
13 1 L 2
14 1 L 7
15 1 U -1
16 1 U 8
17 1 L -1
18 0 L 0
19 1 U 5
20 1 L -1
21 1 U 2
22 0 L 20
23 1 U 21
24 1 U 22
25 1 U 0
26 0 L -1
27 0 U -1
28 1 U 23
29 1 L 22
30 1 L 6
31 1 L 14
32 1 L 26
33
0 1 L -1
1 1 U -1
2 1 U -1
3 1 U 2
4 1 U -1
5 0 L -1
6 0 U 4
7 0 L 5
8 1 U 5
9 0 L 4
10 1 U -1
11 0 U 10
12 0 L 8
13 1 L 3
14 1 L 7
15 1 U -1
16 1 U 8
17 1 L -1
18 0 L 0
19 1 U 5
20 0 L -1
21 1 U 4
22 0 L 5
23 1 U 21
24 1 U 20
25 1 U 0
26 0 L -1
27 0 U -1
28 1 U 23
29 1 L 22
30 1 L 4
31 1 L 14
32 1 L 26
33
0 1 U -1
1 1 U -1
2 1 U -1
3 1 U 2
4 1 U -1
5 0 L -1
6 0 U 0
7 0 L 5
8 1 U 5
9 1 L 4
10 1 U -1
11 0 U 10
12 0 L 8
13 1 L 2
14 1 L 7
15 1 U -1
16 1 U 8
17 1 L -1
18 0 L 17
19 1 U 5
20 0 L -1
21 1 U 2
22 0 L 5
23 1 U 21
24 1 U 22
25 1 U 0
26 0 L -1
27 0 U -1
28 1 U 23
29 1 L 22
30 0 L 4
31 1 L 22
32 1 L 26
33
0 1 U -1
1 1 U -1
2 1 U -1
3 1 U 2
4 1 U -1
5 0 L -1
6 0 U 4
7 0 L 5
8 1 U 5
9 1 L 4
10 1 U -1
11 0 U 10
12 0 L 8
13 0 L 3
14 1 L 7
15 0 U -1
16 1 U 8
17 1 L -1
18 0 L 0
19 0 U 5
20 0 L -1
21 1 U 2
22 0 L 5
23 1 U 21
24 1 U 9
25 1 U 0
26 0 L -1
27 0 U -1
28 1 U 23
29 0 L 22
30 0 L 13
31 1 L 22
32 1 L 18
33
0 1 L -1
1 1 U -1
2 1 U -1
3 1 U 2
4 1 U -1
5 0 L -1
6 0 U 4
7 0 L 5
8 1 U 5
9 1 L 4
10 1 U -1
11 0 U 10
12 0 L 8
13 0 L 3
14 1 L 7
15 1 U -1
16 1 U 8
17 1 L -1
18 0 L 17
19 0 U 5
20 0 L -1
21 1 U 4
22 0 L 5
23 1 U 21
24 1 U 22
25 1 U 0
26 0 L -1
27 0 U -1
28 1 U 23
29 1 L 3
30 1 L 4
31 1 L 3
32 1 L 26
33
0 1 L -1
1 1 U -1
2 1 U -1
3 1 U 2
4 1 U -1
5 0 L -1
6 0 U 4
7 0 L 5
8 1 U 5
9 1 L 4
10 1 U -1
11 0 U 10
12 0 L 8
13 0 L 3
14 1 L 7
15 1 U -1
16 1 U 8
17 1 L -1
18 0 L 0
19 0 U 5
20 1 L -1
21 1 U 4
22 0 L 20
23 1 U 21
24 1 U 9
25 1 U 0
26 0 L -1
27 0 U -1
28 1 U 23
29 0 L 22
30 1 L 4
31 1 L 14
32 1 L 18
33
0 1 L -1
1 1 U -1
2 1 U -1
3 1 U 2
4 0 U -1
5 0 L -1
6 0 U 4
7 0 L 5
8 1 U 5
9 0 L 4
10 1 U -1
11 0 U 10
12 0 L 8
13 1 L 2
14 1 L 7
15 1 L -1
16 1 U 8
17 0 L -1
18 0 L 17
19 1 U 5
20 0 L -1
21 1 U 2
22 0 L 5
23 1 U 21
24 1 U 9
25 1 U 0
26 0 L -1
27 0 U -1
28 1 U 23
29 0 L 22
30 0 L 13
31 1 L 3
32 1 L 26
33
0 1 U -1
1 1 U -1
2 1 U -1
3 1 U 2
4 1 U -1
5 0 L -1
6 0 U 4
7 0 L 5
8 1 U 5
9 1 L 4
10 1 U -1
11 0 U 10
12 0 L 8
13 1 L 2
14 1 L 7
15 0 L -1
16 1 U 8
17 0 L -1
18 0 L 5
19 1 U 5
20 1 L -1
21 1 U 2
22 0 L 20
23 1 U 21
24 1 U 9
25 1 U 0
26 0 L -1
27 0 U -1
28 1 U 23
29 1 L 14
30 0 L 4
31 1 L 14
32 1 L 26
33
0 1 U -1
1 1 U -1
2 1 U -1
3 1 U 2
4 0 U -1
5 0 L -1
6 0 U 0
7 0 L 5
8 1 U 5
9 1 L 4
10 1 U -1
11 0 U 10
12 0 L 8
13 1 L 2
14 1 L 7
15 0 U -1
16 1 U 8
17 1 L -1
18 0 L 5
19 1 U 5
20 0 L -1
21 1 U 4
22 0 L 20
23 1 U 21
24 1 U 9
25 1 U 0
26 0 L -1
27 0 U -1
28 1 U 23
29 1 L 3
30 0 L 4
31 1 L 14
32 1 L 26
33
0 1 U -1
1 1 U -1
2 1 U -1
3 1 U 2
4 1 U -1
5 0 L -1
6 0 U 4
7 0 L 5
8 1 U 5
9 1 L 4
10 1 U -1
11 0 U 10
12 0 L 8
13 1 L 2
14 1 L 7
15 1 L -1
16 1 U 8
17 0 L -1
18 0 L 17
19 0 U 5
20 0 L -1
21 1 U 4
22 0 L 20
23 1 U 21
24 1 U 22
25 1 U 0
26 0 L -1
27 0 U -1
28 1 U 23
29 1 L 14
30 0 L 13
31 1 L 14
32 1 L 26
33
0 1 L -1
1 1 U -1
2 1 U -1
3 1 U 2
4 1 U -1
5 0 L -1
6 0 U 4
7 0 L 5
8 1 U 5
9 1 L 4
10 1 U -1
11 0 U 10
12 0 L 8
13 1 L 3
14 1 L 7
15 0 L -1
16 1 U 8
17 0 L -1
18 0 L 17
19 1 U 5
20 1 L -1
21 1 U 2
22 0 L 20
23 1 U 21
24 1 U 22
25 1 U 0
26 0 L -1
27 0 U -1
28 1 U 23
29 0 L 3
30 0 L 29
31 1 L 22
32 1 L 26
33
0 1 L -1
1 1 U -1
2 1 U -1
3 1 U 2
4 0 U -1
5 0 L -1
6 0 U 4
7 0 L 5
8 1 U 5
9 1 L 4
10 1 U -1
11 0 U 10
12 0 L 8
13 0 L 3
14 1 L 7
15 1 U -1
16 1 U 8
17 1 L -1
18 0 L 17
19 1 U 5
20 1 L -1
21 1 U 4
22 0 L 18
23 1 U 21
24 1 U 22
25 1 U 0
26 0 L -1
27 0 U -1
28 1 U 23
29 1 L 14
30 1 L 4
31 1 L 22
32 1 L 18
33
0 1 L -1
1 1 U -1
2 1 U -1
3 1 U 2
4 1 U -1
5 0 L -1
6 0 U 0
7 0 L 5
8 1 U 5
9 1 L 4
10 1 U -1
11 0 U 10
12 0 L 8
13 0 L 3
14 1 L 7
15 1 U -1
16 1 U 8
17 1 L -1
18 0 L 17
19 0 U 5
20 1 L -1
21 1 U 4
22 0 L 20
23 1 U 21
24 1 U 20
25 1 U 0
26 0 L -1
27 0 U -1
28 1 U 23
29 1 L 14
30 1 L 4
31 1 L 3
32 1 L 18
33
0 1 L -1
1 1 U -1
2 1 U -1
3 1 U 2
4 0 U -1
5 0 L -1
6 0 U 4
7 0 L 5
8 1 U 5
9 0 L 4
10 1 U -1
11 0 U 10
12 0 L 8
13 0 L 3
14 1 L 7
15 1 U -1
16 1 U 8
17 0 L -1
18 0 L 17
19 1 U 5
20 0 L -1
21 1 U 2
22 0 L 20
23 1 U 21
24 1 U 22
25 1 U 0
26 0 L -1
27 0 U -1
28 1 U 23
29 0 L 3
30 0 L 4
31 1 L 22
32 1 L 26
33
0 1 L -1
1 1 U -1
2 1 U -1
3 1 U 2
4 1 U -1
5 0 L -1
6 0 U 0
7 0 L 5
8 1 U 5
9 1 L 4
10 1 U -1
11 0 U 10
12 0 L 8
13 1 L 3
14 1 L 7
15 1 U -1
16 1 U 8
17 1 L -1
18 0 L 5
19 0 U 5
20 1 L -1
21 1 U 4
22 0 L 20
23 1 U 21
24 1 U 20
25 1 U 0
26 0 L -1
27 0 U -1
28 1 U 23
29 1 L 3
30 1 L 6
31 1 L 3
32 1 L 26
33
0 1 U -1
1 1 U -1
2 1 U -1
3 1 U 2
4 1 U -1
5 0 L -1
6 0 U 0
7 0 L 5
8 1 U 5
9 0 L 4
10 1 U -1
11 0 U 10
12 0 L 8
13 1 L 2
14 1 L 7
15 1 U -1
16 1 U 8
17 1 L -1
18 0 L 17
19 0 U 5
20 0 L -1
21 1 U 2
22 0 L 20
23 1 U 21
24 1 U 20
25 1 U 0
26 0 L -1
27 0 U -1
28 1 U 23
29 1 L 3
30 1 L 13
31 1 L 22
32 1 L 18
33
0 1 U -1
1 1 U -1
2 1 U -1
3 1 U 2
4 1 U -1
5 0 L -1
6 0 U 0
7 0 L 5
8 1 U 5
9 1 L 4
10 1 U -1
11 0 U 10
12 0 L 8
13 1 L 2
14 1 L 7
15 0 L -1
16 1 U 8
17 0 L -1
18 0 L 17
19 1 U 5
20 0 L -1
21 1 U 2
22 0 L 20
23 1 U 21
24 1 U 22
25 1 U 0
26 0 L -1
27 0 U -1
28 1 U 23
29 1 L 22
30 1 L 6
31 1 L 14
32 1 L 26
33
0 1 U -1
1 1 U -1
2 1 U -1
3 1 U 2
4 0 U -1
5 0 L -1
6 0 U 0
7 0 L 5
8 1 U 5
9 1 L 4
10 1 U -1
11 0 U 10
12 0 L 8
13 1 L 2
14 1 L 7
15 1 L -1
16 1 U 8
17 0 L -1
18 0 L 17
19 1 U 5
20 0 L -1
21 1 U 4
22 0 L 5
23 1 U 21
24 1 U 9
25 1 U 0
26 0 L -1
27 0 U -1
28 1 U 23
29 1 L 22
30 1 L 4
31 1 L 22
32 1 L 26
33
0 1 U -1
1 1 U -1
2 1 U -1
3 1 U 2
4 0 U -1
5 0 L -1
6 0 U 4
7 0 L 5
8 1 U 5
9 1 L 4
10 1 U -1
11 0 U 10
12 0 L 8
13 0 L 3
14 1 L 7
15 0 U -1
16 1 U 8
17 1 L -1
18 0 L 17
19 0 U 5
20 1 L -1
21 1 U 2
22 0 L 20
23 1 U 21
24 1 U 22
25 1 U 0
26 0 L -1
27 0 U -1
28 1 U 23
29 1 L 14
30 1 L 4
31 1 L 14
32 1 L 18
33
0 1 U -1
1 1 U -1
2 1 U -1
3 1 U 2
4 0 U -1
5 0 L -1
6 0 U 4
7 0 L 5
8 1 U 5
9 1 L 4
10 1 U -1
11 0 U 10
12 0 L 8
13 1 L 3
14 1 L 7
15 0 U -1
16 1 U 8
17 1 L -1
18 0 L 17
19 1 U 5
20 1 L -1
21 1 U 4
22 0 L 20
23 1 U 21
24 1 U 22
25 1 U 0
26 0 L -1
27 0 U -1
28 1 U 23
29 1 L 3
30 1 L 6
31 1 L 22
32 1 L 18
33
0 1 L -1
1 1 U -1
2 1 U -1
3 1 U 2
4 1 U -1
5 0 L -1
6 0 U 4
7 0 L 5
8 1 U 5
9 1 L 4
10 1 U -1
11 0 U 10
12 0 L 8
13 1 L 3
14 1 L 7
15 0 U -1
16 1 U 8
17 1 L -1
18 0 L 17
19 0 U 5
20 0 L -1
21 1 U 2
22 0 L 18
23 1 U 21
24 1 U 20
25 1 U 0
26 0 L -1
27 0 U -1
28 1 U 23
29 1 L 3
30 1 L 6
31 1 L 3
32 1 L 26
33
0 1 L -1
1 1 U -1
2 1 U -1
3 1 U 2
4 1 U -1
5 0 L -1
6 0 U 4
7 0 L 5
8 1 U 5
9 1 L 4
10 1 U -1
11 0 U 10
12 0 L 8
13 1 L 3
14 1 L 7
15 1 U -1
16 1 U 8
17 0 L -1
18 0 L 5
19 0 U 5
20 0 L -1
21 1 U 2
22 0 L 20
23 1 U 21
24 1 U 9
25 1 U 0
26 0 L -1
27 0 U -1
28 1 U 23
29 1 L 14
30 0 L 4
31 1 L 22
32 1 L 26
33
0 1 L -1
1 1 U -1
2 1 U -1
3 1 U 2
4 1 U -1
5 0 L -1
6 0 U 4
7 0 L 5
8 1 U 5
9 1 L 4
10 1 U -1
11 0 U 10
12 0 L 8
13 0 L 3
14 1 L 7
15 1 U -1
16 1 U 8
17 0 L -1
18 0 L 17
19 0 U 5
20 0 L -1
21 1 U 2
22 0 L 20
23 1 U 21
24 1 U 20
25 1 U 0
26 0 L -1
27 0 U -1
28 1 U 23
29 1 L 14
30 1 L 4
31 1 L 3
32 1 L 26
33
0 1 U -1
1 1 U -1
2 1 U -1
3 1 U 2
4 0 U -1
5 0 L -1
6 0 U 4
7 0 L 5
8 1 U 5
9 1 L 4
10 1 U -1
11 0 U 10
12 0 L 8
13 1 L 3
14 1 L 7
15 1 U -1
16 1 U 8
17 1 L -1
18 0 L 5
19 0 U 5
20 1 L -1
21 1 U 2
22 0 L 20
23 1 U 21
24 1 U 9
25 1 U 0
26 0 L -1
27 0 U -1
28 1 U 23
29 1 L 14
30 1 L 29
31 1 L 3
32 1 L 26
33
0 1 L -1
1 1 U -1
2 1 U -1
3 1 U 2
4 0 U -1
5 0 L -1
6 0 U 4
7 0 L 5
8 1 U 5
9 1 L 4
10 1 U -1
11 0 U 10
12 0 L 8
13 1 L 2
14 1 L 7
15 1 U -1
16 1 U 8
17 0 L -1
18 0 L 5
19 0 U 5
20 0 L -1
21 1 U 2
22 0 L 5
23 1 U 21
24 1 U 9
25 1 U 0
26 1 L -1
27 0 U -1
28 1 U 23
29 1 L 22
30 1 L 6
31 1 L 3
32 1 L 20
33
0 1 U -1
1 1 U -1
2 1 U -1
3 1 U 2
4 1 U -1
5 0 L -1
6 0 U 4
7 0 L 5
8 1 U 5
9 1 L 4
10 1 U -1
11 0 U 10
12 0 L 8
13 0 L 3
14 1 L 7
15 0 U -1
16 1 U 8
17 0 L -1
18 0 L 5
19 1 U 5
20 0 L -1
21 1 U 2
22 0 L 20
23 1 U 21
24 1 U 9
25 1 U 0
26 1 L -1
27 0 U -1
28 1 U 23
29 1 L 22
30 1 L 4
31 1 L 3
32 1 L 20
33
0 1 L -1
1 1 U -1
2 1 U -1
3 1 U 2
4 1 U -1
5 0 L -1
6 0 U 4
7 0 L 5
8 1 U 5
9 1 L 4
10 1 U -1
11 0 U 10
12 0 L 8
13 1 L 2
14 1 L 7
15 0 U -1
16 1 U 8
17 0 L -1
18 0 L 5
19 1 U 5
20 0 L -1
21 1 U 2
22 0 L 5
23 1 U 21
24 1 U 22
25 1 U 0
26 1 L -1
27 0 U -1
28 1 U 23
29 1 L 14
30 1 L 4
31 1 L 22
32 1 L 26
33
0 1 L -1
1 1 U -1
2 1 U -1
3 1 U 2
4 0 U -1
5 0 L -1
6 0 U 4
7 0 L 5
8 1 U 5
9 1 L 4
10 1 U -1
11 0 U 10
12 0 L 8
13 1 L 2
14 1 L 7
15 0 U -1
16 1 U 8
17 0 L -1
18 0 L 5
19 1 U 5
20 0 L -1
21 1 U 2
22 0 L 20
23 1 U 21
24 1 U 9
25 1 U 0
26 1 L -1
27 0 U -1
28 1 U 23
29 1 L 22
30 0 L 29
31 1 L 22
32 1 L 26
33
0 1 L -1
1 1 U -1
2 1 U -1
3 1 U 2
4 1 U -1
5 0 L -1
6 0 U 0
7 0 L 5
8 1 U 5
9 1 L 4
10 1 U -1
11 0 U 10
12 0 L 8
13 1 L 2
14 1 L 7
15 0 U -1
16 1 U 8
17 1 L -1
18 0 L 17
19 0 U 5
20 0 L -1
21 1 U 4
22 0 L 5
23 1 U 21
24 1 U 22
25 1 U 0
26 0 L -1
27 0 U -1
28 1 U 23
29 1 L 22
30 0 L 13
31 1 L 22
32 1 L 26
33
0 1 U -1
1 1 U -1
2 1 U -1
3 1 U 2
4 0 U -1
5 0 L -1
6 0 U 4
7 0 L 5
8 1 U 5
9 1 L 4
10 1 U -1
11 0 U 10
12 0 L 8
13 0 L 3
14 1 L 7
15 1 U -1
16 1 U 8
17 0 L -1
18 0 L 5
19 0 U 5
20 0 L -1
21 1 U 2
22 0 L 20
23 1 U 21
24 1 U 22
25 1 U 0
26 0 L -1
27 0 U -1
28 1 U 23
29 1 L 14
30 1 L 6
31 1 L 2
32 1 L 18
33
0 1 L -1
1 1 U -1
2 1 U -1
3 1 U 2
4 0 U -1
5 0 L -1
6 0 U 4
7 0 L 5
8 1 U 5
9 1 L 4
10 1 U -1
11 0 U 10
12 0 L 8
13 0 L 3
14 1 L 7
15 0 U -1
16 1 U 8
17 0 L -1
18 0 L 17
19 1 U 5
20 0 L -1
21 1 U 4
22 0 L 20
23 1 U 21
24 1 U 9
25 1 U 0
26 0 L -1
27 0 U -1
28 1 U 23
29 1 L 14
30 1 L 6
31 1 L 2
32 1 L 26
33
0 1 U -1
1 1 U -1
2 1 U -1
3 1 U 2
4 1 U -1
5 0 L -1
6 0 U 4
7 0 L 5
8 1 U 5
9 1 L 4
10 1 U -1
11 0 U 10
12 0 L 8
13 1 L 3
14 1 L 7
15 0 U -1
16 1 U 8
17 1 L -1
18 0 L 5
19 0 U 5
20 1 L -1
21 1 U 2
22 0 L 20
23 1 U 21
24 1 U 20
25 1 U 0
26 0 L -1
27 0 U -1
28 1 U 23
29 0 L 14
30 0 L 4
31 1 L 14
32 1 L 26
33
0 1 L -1
1 1 U -1
2 1 U -1
3 1 U 2
4 0 U -1
5 0 L -1
6 0 U 4
7 0 L 5
8 1 U 5
9 1 L 4
10 1 U -1
11 0 U 10
12 0 L 8
13 1 L 2
14 1 L 7
15 0 U -1
16 1 U 8
17 0 L -1
18 0 L 5
19 1 U 5
20 0 L -1
21 1 U 2
22 0 L 5
23 1 U 21
24 1 U 22
25 1 U 0
26 0 L -1
27 0 U -1
28 1 U 23
29 1 L 3
30 1 L 29
31 1 L 22
32 1 L 26
33
0 1 U -1
1 1 U -1
2 1 U -1
3 1 U 2
4 1 U -1
5 0 L -1
6 0 U 4
7 0 L 5
8 1 U 5
9 1 L 4
10 1 U -1
11 0 U 10
12 0 L 8
13 0 L 3
14 1 L 7
15 0 L -1
16 1 U 8
17 0 L -1
18 0 L 17
19 0 U 5
20 1 L -1
21 1 U 4
22 0 L 20
23 1 U 21
24 1 U 22
25 1 U 0
26 0 L -1
27 0 U -1
28 1 U 23
29 1 L 3
30 0 L 4
31 1 L 3
32 1 L 18
33
0 1 L -1
1 1 U -1
2 1 U -1
3 1 U 2
4 1 U -1
5 0 L -1
6 0 U 4
7 0 L 5
8 1 U 5
9 1 L 4
10 1 U -1
11 0 U 10
12 0 L 8
13 1 L 3
14 1 L 7
15 0 U -1
16 1 U 8
17 1 L -1
18 0 L 17
19 1 U 5
20 1 L -1
21 1 U 4
22 0 L 20
23 1 U 21
24 1 U 9
25 1 U 0
26 0 L -1
27 0 U -1
28 1 U 23
29 1 L 14
30 0 L 29
31 1 L 22
32 1 L 18
